# blastn
# Iteration: 0
# Query: 
# RID: 7JAPH2EJ01R
# Database: nt
# Fields: query acc.ver, subject acc.ver, % identity, alignment length, mismatches, gap opens, q. start, q. end, s. start, s. end, evalue, bit score
# 78 hits found
Query_398259	XM_034962171.1	100.000	21	0	0	1	21	1168	1148	2.1	39.2
Query_398259	XM_008958732.2	100.000	21	0	0	1	21	1370	1350	2.1	39.2
Query_398259	XM_003833230.2	100.000	21	0	0	1	21	1341	1321	2.1	39.2
Query_398259	XM_033217305.1	100.000	21	0	0	1	21	1532	1512	2.1	39.2
Query_398259	XM_033217304.1	100.000	21	0	0	1	21	1429	1409	2.1	39.2
Query_398259	XM_033217303.1	100.000	21	0	0	1	21	1304	1284	2.1	39.2
Query_398259	XM_033217302.1	100.000	21	0	0	1	21	1468	1448	2.1	39.2
Query_398259	XM_033217301.1	100.000	21	0	0	1	21	1343	1323	2.1	39.2
Query_398259	XM_019029654.2	100.000	21	0	0	1	21	1430	1410	2.1	39.2
Query_398259	XM_031012164.1	100.000	21	0	0	1	21	1260	1240	2.1	39.2
Query_398259	XM_031012163.1	100.000	21	0	0	1	21	1403	1383	2.1	39.2
Query_398259	XM_019029653.2	100.000	21	0	0	1	21	1469	1449	2.1	39.2
Query_398259	XM_031012162.1	100.000	21	0	0	1	21	1326	1306	2.1	39.2
Query_398259	NM_018426.3	100.000	21	0	0	1	21	1332	1312	2.1	39.2
Query_398259	XR_001743506.2	100.000	21	0	0	1	21	1712	1692	2.1	39.2
Query_398259	XM_024446482.1	100.000	21	0	0	1	21	1600	1580	2.1	39.2
Query_398259	XM_009451354.3	100.000	21	0	0	1	21	1404	1384	2.1	39.2
Query_398259	XM_016955600.2	100.000	21	0	0	1	21	1373	1353	2.1	39.2
Query_398259	XM_016955605.2	100.000	21	0	0	1	21	1553	1533	2.1	39.2
Query_398259	XM_024357229.1	100.000	21	0	0	1	21	1270	1250	2.1	39.2
Query_398259	XM_016955604.2	100.000	21	0	0	1	21	1383	1363	2.1	39.2
Query_398259	XM_016955603.2	100.000	21	0	0	1	21	1593	1573	2.1	39.2
Query_398259	XM_016955602.2	100.000	21	0	0	1	21	1326	1306	2.1	39.2
Query_398259	XM_016955601.2	100.000	21	0	0	1	21	1662	1642	2.1	39.2
Query_398259	XM_017878129.1	100.000	21	0	0	1	21	1525	1505	2.1	39.2
Query_398259	XM_017878128.1	100.000	21	0	0	1	21	1338	1318	2.1	39.2
Query_398259	XM_017878127.1	100.000	21	0	0	1	21	1298	1278	2.1	39.2
Query_398259	XM_017878126.1	100.000	21	0	0	1	21	1377	1357	2.1	39.2
Query_398259	XM_017878124.1	100.000	21	0	0	1	21	1337	1317	2.1	39.2
Query_398259	XM_017011002.1	100.000	21	0	0	1	21	1373	1353	2.1	39.2
Query_398259	XM_017011001.1	100.000	21	0	0	1	21	1270	1250	2.1	39.2
Query_398259	XM_005249215.4	100.000	21	0	0	1	21	1531	1511	2.1	39.2
Query_398259	XM_005249214.4	100.000	21	0	0	1	21	1226	1206	2.1	39.2
Query_398259	XM_017011000.1	100.000	21	0	0	1	21	1570	1550	2.1	39.2
Query_398259	XM_005249213.4	100.000	21	0	0	1	21	1639	1619	2.1	39.2
Query_398259	XM_017010999.1	100.000	21	0	0	1	21	1589	1569	2.1	39.2
Query_398259	XM_005249211.3	100.000	21	0	0	1	21	1712	1692	2.1	39.2
Query_398259	NM_001318792.1	100.000	21	0	0	1	21	1366	1346	2.1	39.2
Query_398259	XM_011986817.1	100.000	21	0	0	1	21	1378	1358	2.1	39.2
Query_398259	XM_006715135.1	100.000	21	0	0	1	21	1388	1368	2.1	39.2
Query_398259	XM_005249217.1	100.000	21	0	0	1	21	1404	1384	2.1	39.2
Query_398259	AB587502.1	100.000	21	0	0	1	21	1192	1172	2.1	39.2
Query_398259	BC136769.1	100.000	21	0	0	1	21	1208	1188	2.1	39.2
Query_398259	AK093629.1	100.000	21	0	0	1	21	1388	1368	2.1	39.2
Query_398259	BC062989.1	100.000	21	0	0	1	21	158	138	2.1	39.2
Query_398259	BC022095.1	100.000	21	0	0	1	21	969	949	2.1	39.2
Query_398259	AL365192.22	100.000	21	0	0	1	21	28855	28835	2.1	39.2
Query_398259	CR627460.1	100.000	21	0	0	1	21	1369	1349	2.1	39.2
Query_398259	AL834238.1	100.000	21	0	0	1	21	630	610	2.1	39.2
Query_398259	BC093086.1	100.000	21	0	0	1	21	1013	993	2.1	39.2
Query_398259	XM_032900660.1	100.000	20	0	0	2	21	1369	1350	7.3	37.4
Query_398259	XM_032900659.1	100.000	20	0	0	2	21	1312	1293	7.3	37.4
Query_398259	XM_032900657.1	100.000	20	0	0	2	21	1226	1207	7.3	37.4
Query_398259	XM_032900656.1	100.000	20	0	0	2	21	1351	1332	7.3	37.4
Query_398259	XM_023719527.1	100.000	20	0	0	2	21	1331	1312	7.3	37.4
Query_398259	XM_023719525.1	100.000	20	0	0	2	21	1291	1272	7.3	37.4
Query_398259	XM_023719524.1	100.000	20	0	0	2	21	1468	1449	7.3	37.4
Query_398259	XM_023719518.1	100.000	20	0	0	2	21	1305	1286	7.3	37.4
Query_398259	XM_023719513.1	100.000	20	0	0	2	21	1305	1286	7.3	37.4
Query_398259	XM_023719511.1	100.000	20	0	0	2	21	1489	1470	7.3	37.4
Query_398259	XM_023719508.1	100.000	20	0	0	2	21	1370	1351	7.3	37.4
Query_398259	XM_012804842.2	100.000	20	0	0	2	21	1273	1254	7.3	37.4
Query_398259	XM_023512831.1	100.000	20	0	0	2	21	1357	1338	7.3	37.4
Query_398259	XM_020157181.1	100.000	20	0	0	2	21	2006	1987	7.3	37.4
Query_398259	XM_020157180.1	100.000	20	0	0	2	21	2045	2026	7.3	37.4
Query_398259	XM_020157179.1	100.000	20	0	0	2	21	2170	2151	7.3	37.4
Query_398259	XM_020157178.1	100.000	20	0	0	2	21	2190	2171	7.3	37.4
Query_398259	XM_020157177.1	100.000	20	0	0	2	21	2045	2026	7.3	37.4
Query_398259	XM_020157176.1	100.000	20	0	0	2	21	2099	2080	7.3	37.4
Query_398259	XM_014782664.1	100.000	20	0	0	2	21	1262	1243	7.3	37.4
Query_398259	XM_014782663.1	100.000	20	0	0	2	21	1224	1205	7.3	37.4
Query_398259	XM_004424079.2	100.000	20	0	0	2	21	1301	1282	7.3	37.4
Query_398259	XM_028508568.2	100.000	20	0	0	2	21	1452	1433	7.3	37.4
Query_398259	XM_028508566.2	100.000	20	0	0	2	21	1315	1296	7.3	37.4
Query_398259	XM_028508565.2	100.000	20	0	0	2	21	1354	1335	7.3	37.4
Query_398259	XM_036024155.1	100.000	20	0	0	2	21	1516	1497	7.3	37.4
Query_398259	XM_036024154.1	100.000	20	0	0	2	21	1594	1575	7.3	37.4
Query_398259	XM_036024153.1	100.000	20	0	0	2	21	1555	1536	7.3	37.4


