# blastn
# Iteration: 0
# Query: 
# RID: 7J23PET9013
# Database: nt
# Fields: query acc.ver, subject acc.ver, % identity, alignment length, mismatches, gap opens, q. start, q. end, s. start, s. end, evalue, bit score
# 100 hits found
Query_45959	FR997800.1	100.000	21	0	0	1	21	15046846	15046866	2.1	39.2
Query_45959	XM_040477280.1	100.000	21	0	0	1	21	334	314	2.1	39.2
Query_45959	XM_040477272.1	100.000	21	0	0	1	21	316	296	2.1	39.2
Query_45959	XM_040477265.1	100.000	21	0	0	1	21	316	296	2.1	39.2
Query_45959	XM_040477257.1	100.000	21	0	0	1	21	335	315	2.1	39.2
Query_45959	XM_040418223.1	100.000	21	0	0	1	21	424	404	2.1	39.2
Query_45959	XM_040320671.1	100.000	21	0	0	1	21	292	272	2.1	39.2
Query_45959	XM_040329892.1	100.000	21	0	0	1	21	426	406	2.1	39.2
Query_45959	XM_005325742.4	100.000	21	0	0	1	21	330	310	2.1	39.2
Query_45959	XM_040293037.1	100.000	21	0	0	1	21	221	201	2.1	39.2
Query_45959	XM_005325741.4	100.000	21	0	0	1	21	358	338	2.1	39.2
Query_45959	XM_040266533.1	100.000	21	0	0	1	21	269	249	2.1	39.2
Query_45959	XM_040237783.1	100.000	21	0	0	1	21	78	58	2.1	39.2
Query_45959	XM_040237782.1	100.000	21	0	0	1	21	63	43	2.1	39.2
Query_45959	XR_005720632.1	100.000	21	0	0	1	21	354	334	2.1	39.2
Query_45959	XM_040237780.1	100.000	21	0	0	1	21	450	430	2.1	39.2
Query_45959	XM_040237779.1	100.000	21	0	0	1	21	329	309	2.1	39.2
Query_45959	XM_040237778.1	100.000	21	0	0	1	21	354	334	2.1	39.2
Query_45959	XM_040237777.1	100.000	21	0	0	1	21	465	445	2.1	39.2
Query_45959	XM_040237776.1	100.000	21	0	0	1	21	453	433	2.1	39.2
Query_45959	XM_040237775.1	100.000	21	0	0	1	21	367	347	2.1	39.2
Query_45959	XM_040237774.1	100.000	21	0	0	1	21	343	323	2.1	39.2
Query_45959	XM_040237773.1	100.000	21	0	0	1	21	366	346	2.1	39.2
Query_45959	XM_040237772.1	100.000	21	0	0	1	21	229	209	2.1	39.2
Query_45959	XM_040237771.1	100.000	21	0	0	1	21	288	268	2.1	39.2
Query_45959	XM_040237769.1	100.000	21	0	0	1	21	367	347	2.1	39.2
Query_45959	XM_040237768.1	100.000	21	0	0	1	21	341	321	2.1	39.2
Query_45959	XM_040237767.1	100.000	21	0	0	1	21	354	334	2.1	39.2
Query_45959	HG994414.1	100.000	21	0	0	1	21	17426176	17426156	2.1	39.2
Query_45959	HG994405.1	100.000	21	0	0	1	21	6085459	6085439	2.1	39.2
Query_45959	XM_039854835.1	100.000	21	0	0	1	21	97	77	2.1	39.2
Query_45959	XM_039848730.1	100.000	21	0	0	1	21	412	392	2.1	39.2
Query_45959	XM_039848729.1	100.000	21	0	0	1	21	344	324	2.1	39.2
Query_45959	XM_039848728.1	100.000	21	0	0	1	21	328	308	2.1	39.2
Query_45959	XM_039848727.1	100.000	21	0	0	1	21	339	319	2.1	39.2
Query_45959	XM_039848726.1	100.000	21	0	0	1	21	521	501	2.1	39.2
Query_45959	XM_039848725.1	100.000	21	0	0	1	21	355	335	2.1	39.2
Query_45959	LR999975.1	100.000	21	0	0	1	21	4783239	4783219	2.1	39.2
Query_45959	XM_003929504.3	100.000	21	0	0	1	21	430	410	2.1	39.2
Query_45959	XM_003929505.3	100.000	21	0	0	1	21	557	537	2.1	39.2
Query_45959	XM_003929502.3	100.000	21	0	0	1	21	365	345	2.1	39.2
Query_45959	XM_010340110.2	100.000	21	0	0	1	21	430	410	2.1	39.2
Query_45959	XM_010340111.2	100.000	21	0	0	1	21	557	537	2.1	39.2
Query_45959	XM_010340109.2	100.000	21	0	0	1	21	365	345	2.1	39.2
Query_45959	XM_039220817.1	100.000	21	0	0	1	21	274	254	2.1	39.2
Query_45959	XM_039220816.1	100.000	21	0	0	1	21	326	306	2.1	39.2
Query_45959	XM_039220815.1	100.000	21	0	0	1	21	305	285	2.1	39.2
Query_45959	CP068258.1	100.000	21	0	0	1	21	5333737	5333757	2.1	39.2
Query_45959	XM_006233338.3	100.000	21	0	0	1	21	339	319	2.1	39.2
Query_45959	XM_006233337.3	100.000	21	0	0	1	21	513	493	2.1	39.2
Query_45959	XM_006233336.4	100.000	21	0	0	1	21	360	340	2.1	39.2
Query_45959	XM_006233335.3	100.000	21	0	0	1	21	339	319	2.1	39.2
Query_45959	XM_006233334.3	100.000	21	0	0	1	21	483	463	2.1	39.2
Query_45959	XM_006233333.3	100.000	21	0	0	1	21	360	340	2.1	39.2
Query_45959	XM_038444267.1	100.000	21	0	0	1	21	343	323	2.1	39.2
Query_45959	XM_038444266.1	100.000	21	0	0	1	21	362	342	2.1	39.2
Query_45959	XM_038444265.1	100.000	21	0	0	1	21	339	319	2.1	39.2
Query_45959	XM_038444264.1	100.000	21	0	0	1	21	331	311	2.1	39.2
Query_45959	XM_038444263.1	100.000	21	0	0	1	21	345	325	2.1	39.2
Query_45959	XM_038444262.1	100.000	21	0	0	1	21	370	350	2.1	39.2
Query_45959	XM_038444261.1	100.000	21	0	0	1	21	362	342	2.1	39.2
Query_45959	XM_038462042.1	100.000	21	0	0	1	21	343	323	2.1	39.2
Query_45959	XM_005642458.4	100.000	21	0	0	1	21	362	342	2.1	39.2
Query_45959	XM_038462041.1	100.000	21	0	0	1	21	339	319	2.1	39.2
Query_45959	XM_038462040.1	100.000	21	0	0	1	21	332	312	2.1	39.2
Query_45959	XM_038462039.1	100.000	21	0	0	1	21	345	325	2.1	39.2
Query_45959	XM_038462038.1	100.000	21	0	0	1	21	366	346	2.1	39.2
Query_45959	XM_038462037.1	100.000	21	0	0	1	21	362	342	2.1	39.2
Query_45959	XM_038792896.1	100.000	21	0	0	1	21	340	320	2.1	39.2
Query_45959	XM_038792895.1	100.000	21	0	0	1	21	342	322	2.1	39.2
Query_45959	XM_038310764.1	100.000	21	0	0	1	21	313	293	2.1	39.2
Query_45959	XM_038310763.1	100.000	21	0	0	1	21	357	337	2.1	39.2
Query_45959	XM_038310762.1	100.000	21	0	0	1	21	386	366	2.1	39.2
Query_45959	XM_011553637.2	100.000	21	0	0	1	21	376	356	2.1	39.2
Query_45959	XM_037990392.1	100.000	21	0	0	1	21	538	518	2.1	39.2
Query_45959	XM_037990386.1	100.000	21	0	0	1	21	378	358	2.1	39.2
Query_45959	XM_037990381.1	100.000	21	0	0	1	21	218	198	2.1	39.2
Query_45959	XM_007999423.2	100.000	21	0	0	1	21	435	415	2.1	39.2
Query_45959	XM_037990373.1	100.000	21	0	0	1	21	433	413	2.1	39.2
Query_45959	XM_037990369.1	100.000	21	0	0	1	21	522	502	2.1	39.2
Query_45959	XM_037990364.1	100.000	21	0	0	1	21	696	676	2.1	39.2
Query_45959	XM_007999419.2	100.000	21	0	0	1	21	538	518	2.1	39.2
Query_45959	XM_007999418.2	100.000	21	0	0	1	21	616	596	2.1	39.2
Query_45959	XR_005197369.1	100.000	21	0	0	1	21	207	187	2.1	39.2
Query_45959	XM_017508657.2	100.000	21	0	0	1	21	430	410	2.1	39.2
Query_45959	XM_017508656.2	100.000	21	0	0	1	21	560	540	2.1	39.2
Query_45959	XM_017508655.2	100.000	21	0	0	1	21	334	314	2.1	39.2
Query_45959	XM_017508652.2	100.000	21	0	0	1	21	322	302	2.1	39.2
Query_45959	XM_017508651.2	100.000	21	0	0	1	21	511	491	2.1	39.2
Query_45959	XM_017508650.2	100.000	21	0	0	1	21	630	610	2.1	39.2
Query_45959	XR_001825684.2	100.000	21	0	0	1	21	271	251	2.1	39.2
Query_45959	XM_037509625.1	100.000	21	0	0	1	21	304	284	2.1	39.2
Query_45959	XM_037509624.1	100.000	21	0	0	1	21	254	234	2.1	39.2
Query_45959	XM_037509623.1	100.000	21	0	0	1	21	312	292	2.1	39.2
Query_45959	XM_037207130.1	100.000	21	0	0	1	21	127	107	2.1	39.2
Query_45959	XM_028857385.2	100.000	21	0	0	1	21	343	323	2.1	39.2
Query_45959	XM_028857378.2	100.000	21	0	0	1	21	304	284	2.1	39.2
Query_45959	XM_028857369.2	100.000	21	0	0	1	21	393	373	2.1	39.2
Query_45959	XM_028857360.2	100.000	21	0	0	1	21	345	325	2.1	39.2
Query_45959	XM_037199050.1	100.000	21	0	0	1	21	194	174	2.1	39.2


