# blastn
# Iteration: 0
# Query: 
# RID: 6KY7TKZD013
# Database: nt
# Fields: query acc.ver, subject acc.ver, % identity, alignment length, mismatches, gap opens, q. start, q. end, s. start, s. end, evalue, bit score
# 100 hits found
Query_11823	XM_003822660.3	100.000	21	0	0	1	21	3256	3236	2.0	39.2
Query_11823	XM_033838592.1	100.000	21	0	0	1	21	2852	2832	2.0	39.2
Query_11823	XM_033838591.1	100.000	21	0	0	1	21	2602	2582	2.0	39.2
Query_11823	XM_033838590.1	100.000	21	0	0	1	21	2595	2575	2.0	39.2
Query_11823	XM_004265074.2	100.000	21	0	0	1	21	2845	2825	2.0	39.2
Query_11823	XM_033175808.1	100.000	21	0	0	1	21	2896	2876	2.0	39.2
Query_11823	XM_032653249.1	100.000	21	0	0	1	21	2943	2923	2.0	39.2
Query_11823	XM_032497467.1	100.000	21	0	0	1	21	2923	2903	2.0	39.2
Query_11823	XM_032239463.1	100.000	21	0	0	1	21	2786	2766	2.0	39.2
Query_11823	XM_032239461.1	100.000	21	0	0	1	21	2741	2721	2.0	39.2
Query_11823	XM_032178589.1	100.000	21	0	0	1	21	2454	2434	2.0	39.2
Query_11823	XM_023223830.2	100.000	21	0	0	1	21	3040	3020	2.0	39.2
Query_11823	MN297719.1	100.000	21	0	0	1	21	189	169	2.0	39.2
Query_11823	XM_031672587.1	100.000	21	0	0	1	21	2468	2448	2.0	39.2
Query_11823	XM_003908598.4	100.000	21	0	0	1	21	3032	3012	2.0	39.2
Query_11823	XM_031357355.1	100.000	21	0	0	1	21	2613	2593	2.0	39.2
Query_11823	XM_031357354.1	100.000	21	0	0	1	21	2672	2652	2.0	39.2
Query_11823	XM_031357353.1	100.000	21	0	0	1	21	2611	2591	2.0	39.2
Query_11823	XM_031357352.1	100.000	21	0	0	1	21	2889	2869	2.0	39.2
Query_11823	XM_031007930.1	100.000	21	0	0	1	21	3052	3032	2.0	39.2
Query_11823	XM_030920698.1	100.000	21	0	0	1	21	2890	2870	2.0	39.2
Query_11823	XM_030857768.1	100.000	21	0	0	1	21	2851	2831	2.0	39.2
Query_11823	XM_030799595.1	100.000	21	0	0	1	21	3049	3029	2.0	39.2
Query_11823	XM_021217857.2	100.000	21	0	0	1	21	2666	2646	2.0	39.2
Query_11823	XM_021149070.2	100.000	21	0	0	1	21	2917	2897	2.0	39.2
Query_11823	XM_015112284.2	100.000	21	0	0	1	21	3440	3420	2.0	39.2
Query_11823	XM_028765062.1	100.000	21	0	0	1	21	2385	2365	2.0	39.2
Query_11823	XM_024118804.2	100.000	21	0	0	1	21	2852	2832	2.0	39.2
Query_11823	NM_012249.4	100.000	21	0	0	1	21	3060	3040	2.0	39.2
Query_11823	XM_027113209.1	100.000	21	0	0	1	21	2195	2175	2.0	39.2
Query_11823	XM_027113208.1	100.000	21	0	0	1	21	2191	2171	2.0	39.2
Query_11823	XM_027113207.1	100.000	21	0	0	1	21	2891	2871	2.0	39.2
Query_11823	XM_027072534.1	100.000	21	0	0	1	21	2502	2482	2.0	39.2
Query_11823	XM_027072533.1	100.000	21	0	0	1	21	2599	2579	2.0	39.2
Query_11823	XM_015094399.2	100.000	21	0	0	1	21	2719	2699	2.0	39.2
Query_11823	XM_027966877.1	100.000	21	0	0	1	21	2551	2531	2.0	39.2
Query_11823	XM_027555181.1	100.000	21	0	0	1	21	2779	2759	2.0	39.2
Query_11823	XM_025353647.1	100.000	21	0	0	1	21	2811	2791	2.0	39.2
Query_11823	XM_025260972.1	100.000	21	0	0	1	21	2599	2579	2.0	39.2
Query_11823	AC277863.1	100.000	21	0	0	1	21	187626	187646	2.0	39.2
Query_11823	XM_024998248.1	100.000	21	0	0	1	21	2704	2684	2.0	39.2
Query_11823	XM_011713140.2	100.000	21	0	0	1	21	3002	2982	2.0	39.2
Query_11823	XM_024753637.1	100.000	21	0	0	1	21	2566	2546	2.0	39.2
Query_11823	XM_024753636.1	100.000	21	0	0	1	21	2947	2927	2.0	39.2
Query_11823	XM_016948475.2	100.000	21	0	0	1	21	3030	3010	2.0	39.2
Query_11823	XM_016948474.2	100.000	21	0	0	1	21	2891	2871	2.0	39.2
Query_11823	XM_002812061.4	100.000	21	0	0	1	21	2803	2783	2.0	39.2
Query_11823	XM_004627678.2	100.000	21	0	0	1	21	2581	2561	2.0	39.2
Query_11823	XM_003472932.4	100.000	21	0	0	1	21	2509	2489	2.0	39.2
Query_11823	XM_023251654.1	100.000	21	0	0	1	21	2589	2569	2.0	39.2
Query_11823	XM_012473755.2	100.000	21	0	0	1	21	2788	2768	2.0	39.2
Query_11823	XM_021643578.1	100.000	21	0	0	1	21	2632	2612	2.0	39.2
Query_11823	XM_020876169.1	100.000	21	0	0	1	21	2778	2758	2.0	39.2
Query_11823	XM_020876165.1	100.000	21	0	0	1	21	5976	5996	2.0	39.2
Query_11823	XM_019970101.1	100.000	21	0	0	1	21	2595	2575	2.0	39.2
Query_11823	XM_019655871.1	100.000	21	0	0	1	21	2603	2583	2.0	39.2
Query_11823	XM_018055194.1	100.000	21	0	0	1	21	2834	2814	2.0	39.2
Query_11823	XM_017862694.1	100.000	21	0	0	1	21	2880	2860	2.0	39.2
Query_11823	XM_011532728.2	100.000	21	0	0	1	21	2388	2368	2.0	39.2
Query_11823	XM_017003716.1	100.000	21	0	0	1	21	3272	3252	2.0	39.2
Query_11823	XM_011532726.2	100.000	21	0	0	1	21	3115	3095	2.0	39.2
Query_11823	XM_006986492.2	100.000	21	0	0	1	21	2488	2468	2.0	39.2
Query_11823	XM_015433694.1	100.000	21	0	0	1	21	3336	3316	2.0	39.2
Query_11823	XM_005575962.2	100.000	21	0	0	1	21	2650	2630	2.0	39.2
Query_11823	XM_005895614.2	100.000	21	0	0	1	21	2623	2603	2.0	39.2
Query_11823	XM_005390979.2	100.000	21	0	0	1	21	2843	2823	2.0	39.2
Query_11823	XM_013017958.1	100.000	21	0	0	1	21	2480	2460	2.0	39.2
Query_11823	XM_012070312.1	100.000	21	0	0	1	21	3349	3329	2.0	39.2
Query_11823	XM_012070311.1	100.000	21	0	0	1	21	2817	2797	2.0	39.2
Query_11823	XM_011965779.1	100.000	21	0	0	1	21	2834	2814	2.0	39.2
Query_11823	XM_011936021.1	100.000	21	0	0	1	21	2561	2541	2.0	39.2
Query_11823	XM_005264229.2	100.000	21	0	0	1	21	2524	2504	2.0	39.2
Query_11823	XM_010967736.1	100.000	21	0	0	1	21	2567	2547	2.0	39.2
Query_11823	XM_010838654.1	100.000	21	0	0	1	21	2667	2647	2.0	39.2
Query_11823	XM_008575355.1	100.000	21	0	0	1	21	2477	2457	2.0	39.2
Query_11823	NG_023007.2	100.000	21	0	0	1	21	2898	2878	2.0	39.2
Query_11823	NG_022969.2	100.000	21	0	0	1	21	2894	2874	2.0	39.2
Query_11823	XM_040224753.1	100.000	21	0	0	1	21	2693	2673	2.0	39.2
Query_11823	XM_003926747.3	100.000	21	0	0	1	21	3026	3006	2.0	39.2
Query_11823	XM_038006885.1	100.000	21	0	0	1	21	2525	2505	2.0	39.2
Query_11823	XM_007970741.2	100.000	21	0	0	1	21	3030	3010	2.0	39.2
Query_11823	XM_037732867.1	100.000	21	0	0	1	21	2651	2631	2.0	39.2
Query_11823	XM_017512722.2	100.000	21	0	0	1	21	3032	3012	2.0	39.2
Query_11823	XM_028892796.2	100.000	21	0	0	1	21	2640	2620	2.0	39.2
Query_11823	XM_036990802.1	100.000	21	0	0	1	21	2850	2830	2.0	39.2
Query_11823	XM_036925856.1	100.000	21	0	0	1	21	2977	2957	2.0	39.2
Query_11823	XM_036170862.1	100.000	21	0	0	1	21	2648	2628	2.0	39.2
Query_11823	LR877208.1	100.000	21	0	0	1	21	17061436	17061456	2.0	39.2
Query_11823	AC280214.1	100.000	21	0	0	1	21	181797	181817	2.0	39.2
Query_11823	XR_004733630.1	100.000	21	0	0	1	21	3682	3662	2.0	39.2
Query_11823	XM_002757794.5	100.000	21	0	0	1	21	3518	3498	2.0	39.2
Query_11823	EU794657.1	100.000	21	0	0	1	21	2822	2802	2.0	39.2
Query_11823	BC013135.1	100.000	21	0	0	1	21	2982	2962	2.0	39.2
Query_11823	AC185990.2	100.000	21	0	0	1	21	124025	124045	2.0	39.2
Query_11823	AC127695.3	100.000	21	0	0	1	21	28819	28799	2.0	39.2
Query_11823	AC120782.25	100.000	21	0	0	1	21	42838	42818	2.0	39.2
Query_11823	AC154492.2	100.000	21	0	0	1	21	163908	163888	2.0	39.2
Query_11823	AC145214.1	100.000	21	0	0	1	21	39374	39354	2.0	39.2
Query_11823	AC018804.9	100.000	21	0	0	1	21	27412	27392	2.0	39.2
Query_11823	AC073869.5	100.000	21	0	0	1	21	137746	137726	2.0	39.2


