# blastn
# Iteration: 0
# Query: 
# RID: 6MD7PAY801R
# Database: nt
# Fields: query acc.ver, subject acc.ver, % identity, alignment length, mismatches, gap opens, q. start, q. end, s. start, s. end, evalue, bit score
# 100 hits found
Query_51751	XM_003809056.3	100.000	21	0	0	1	21	494	474	2.0	39.2
Query_51751	XM_003832734.3	100.000	21	0	0	1	21	523	503	2.0	39.2
Query_51751	XM_033214894.1	100.000	21	0	0	1	21	611	591	2.0	39.2
Query_51751	XM_033214893.1	100.000	21	0	0	1	21	643	623	2.0	39.2
Query_51751	XM_033214892.1	100.000	21	0	0	1	21	771	751	2.0	39.2
Query_51751	XM_033214891.1	100.000	21	0	0	1	21	830	810	2.0	39.2
Query_51751	XM_032261601.1	100.000	21	0	0	1	21	745	725	2.0	39.2
Query_51751	XM_032261600.1	100.000	21	0	0	1	21	628	608	2.0	39.2
Query_51751	XM_032261599.1	100.000	21	0	0	1	21	831	811	2.0	39.2
Query_51751	XM_032261598.1	100.000	21	0	0	1	21	664	644	2.0	39.2
Query_51751	XM_032261597.1	100.000	21	0	0	1	21	597	577	2.0	39.2
Query_51751	XM_032261596.1	100.000	21	0	0	1	21	831	811	2.0	39.2
Query_51751	XM_032291362.1	100.000	21	0	0	1	21	502	482	2.0	39.2
Query_51751	XM_032176745.1	100.000	21	0	0	1	21	485	465	2.0	39.2
Query_51751	XM_032176665.1	100.000	21	0	0	1	21	768	748	2.0	39.2
Query_51751	XM_032176578.1	100.000	21	0	0	1	21	647	627	2.0	39.2
Query_51751	XM_032176491.1	100.000	21	0	0	1	21	845	825	2.0	39.2
Query_51751	XM_023220113.3	100.000	21	0	0	1	21	611	591	2.0	39.2
Query_51751	XM_023220111.2	100.000	21	0	0	1	21	643	623	2.0	39.2
Query_51751	XM_023220110.2	100.000	21	0	0	1	21	771	751	2.0	39.2
Query_51751	XM_023220109.3	100.000	21	0	0	1	21	955	935	2.0	39.2
Query_51751	XM_023220108.2	100.000	21	0	0	1	21	578	558	2.0	39.2
Query_51751	XM_017958908.3	100.000	21	0	0	1	21	438	418	2.0	39.2
Query_51751	XM_017958907.3	100.000	21	0	0	1	21	285	265	2.0	39.2
Query_51751	XM_003899032.5	100.000	21	0	0	1	21	522	502	2.0	39.2
Query_51751	XM_003899027.5	100.000	21	0	0	1	21	643	623	2.0	39.2
Query_51751	XM_003899028.4	100.000	21	0	0	1	21	771	751	2.0	39.2
Query_51751	XM_031664399.1	100.000	21	0	0	1	21	979	959	2.0	39.2
Query_51751	XM_003899026.4	100.000	21	0	0	1	21	578	558	2.0	39.2
Query_51751	XM_009207276.4	100.000	21	0	0	1	21	522	502	2.0	39.2
Query_51751	XM_009207275.4	100.000	21	0	0	1	21	596	576	2.0	39.2
Query_51751	XM_009207273.4	100.000	21	0	0	1	21	597	577	2.0	39.2
Query_51751	XM_009207274.3	100.000	21	0	0	1	21	723	703	2.0	39.2
Query_51751	XM_017958905.3	100.000	21	0	0	1	21	730	710	2.0	39.2
Query_51751	XM_031664398.1	100.000	21	0	0	1	21	708	688	2.0	39.2
Query_51751	XM_031664397.1	100.000	21	0	0	1	21	729	709	2.0	39.2
Query_51751	XM_009207272.4	100.000	21	0	0	1	21	578	558	2.0	39.2
Query_51751	XM_021938677.2	100.000	21	0	0	1	21	6254	6234	2.0	39.2
Query_51751	XM_021938676.2	100.000	21	0	0	1	21	7151	7131	2.0	39.2
Query_51751	XM_019025187.2	100.000	21	0	0	1	21	907	887	2.0	39.2
Query_51751	XR_004068165.1	100.000	21	0	0	1	21	405	385	2.0	39.2
Query_51751	XM_010363327.2	100.000	21	0	0	1	21	643	623	2.0	39.2
Query_51751	XM_010363328.2	100.000	21	0	0	1	21	771	751	2.0	39.2
Query_51751	XM_010363326.2	100.000	21	0	0	1	21	579	559	2.0	39.2
Query_51751	XM_004089032.3	100.000	21	0	0	1	21	772	752	2.0	39.2
Query_51751	XM_003257472.4	100.000	21	0	0	1	21	650	630	2.0	39.2
Query_51751	XM_003257471.3	100.000	21	0	0	1	21	847	827	2.0	39.2
Query_51751	XR_123476.4	100.000	21	0	0	1	21	591	571	2.0	39.2
Query_51751	XM_015138849.2	100.000	21	0	0	1	21	438	418	2.0	39.2
Query_51751	XM_015138848.2	100.000	21	0	0	1	21	285	265	2.0	39.2
Query_51751	XM_015138845.2	100.000	21	0	0	1	21	643	623	2.0	39.2
Query_51751	XM_015138847.2	100.000	21	0	0	1	21	774	754	2.0	39.2
Query_51751	XM_015138842.2	100.000	21	0	0	1	21	597	577	2.0	39.2
Query_51751	XM_028848100.1	100.000	21	0	0	1	21	723	703	2.0	39.2
Query_51751	XM_015138841.2	100.000	21	0	0	1	21	550	530	2.0	39.2
Query_51751	XM_039472325.1	100.000	21	0	0	1	21	451	431	2.0	39.2
Query_51751	XM_003929504.3	100.000	21	0	0	1	21	643	623	2.0	39.2
Query_51751	XM_003929505.3	100.000	21	0	0	1	21	770	750	2.0	39.2
Query_51751	XM_003929502.3	100.000	21	0	0	1	21	578	558	2.0	39.2
Query_51751	XM_010340110.2	100.000	21	0	0	1	21	643	623	2.0	39.2
Query_51751	XM_010340111.2	100.000	21	0	0	1	21	770	750	2.0	39.2
Query_51751	XM_010340109.2	100.000	21	0	0	1	21	578	558	2.0	39.2
Query_51751	CP068258.1	100.000	21	0	0	1	21	5333524	5333544	2.0	39.2
Query_51751	XM_037990392.1	100.000	21	0	0	1	21	751	731	2.0	39.2
Query_51751	XM_037990386.1	100.000	21	0	0	1	21	591	571	2.0	39.2
Query_51751	XM_037990381.1	100.000	21	0	0	1	21	431	411	2.0	39.2
Query_51751	XM_007999423.2	100.000	21	0	0	1	21	648	628	2.0	39.2
Query_51751	XM_037990373.1	100.000	21	0	0	1	21	646	626	2.0	39.2
Query_51751	XM_037990369.1	100.000	21	0	0	1	21	735	715	2.0	39.2
Query_51751	XM_037990364.1	100.000	21	0	0	1	21	909	889	2.0	39.2
Query_51751	XM_007999419.2	100.000	21	0	0	1	21	751	731	2.0	39.2
Query_51751	XM_007999418.2	100.000	21	0	0	1	21	829	809	2.0	39.2
Query_51751	XM_017508657.2	100.000	21	0	0	1	21	643	623	2.0	39.2
Query_51751	XM_017508656.2	100.000	21	0	0	1	21	773	753	2.0	39.2
Query_51751	XM_017508655.2	100.000	21	0	0	1	21	547	527	2.0	39.2
Query_51751	XM_017508652.2	100.000	21	0	0	1	21	535	515	2.0	39.2
Query_51751	XM_017508651.2	100.000	21	0	0	1	21	724	704	2.0	39.2
Query_51751	XM_017508650.2	100.000	21	0	0	1	21	843	823	2.0	39.2
Query_51751	XR_001825684.2	100.000	21	0	0	1	21	484	464	2.0	39.2
Query_51751	AP023480.1	100.000	21	0	0	1	21	5225958	5225978	2.0	39.2
Query_51751	NM_181892.4	100.000	21	0	0	1	21	634	614	2.0	39.2
Query_51751	NM_181890.3	100.000	21	0	0	1	21	593	573	2.0	39.2
Query_51751	NM_001300795.2	100.000	21	0	0	1	21	464	444	2.0	39.2
Query_51751	NM_181893.3	100.000	21	0	0	1	21	441	421	2.0	39.2
Query_51751	NM_181887.3	100.000	21	0	0	1	21	745	725	2.0	39.2
Query_51751	XM_027027058.2	100.000	21	0	0	1	21	654	634	2.0	39.2
Query_51751	XM_027027057.2	100.000	21	0	0	1	21	657	637	2.0	39.2
Query_51751	XM_035419076.1	100.000	21	0	0	1	21	567	547	2.0	39.2
Query_51751	XM_035419075.1	100.000	21	0	0	1	21	568	548	2.0	39.2
Query_51751	XM_035293229.1	100.000	21	0	0	1	21	264	244	2.0	39.2
Query_51751	XM_008992914.3	100.000	21	0	0	1	21	519	499	2.0	39.2
Query_51751	XM_035293228.1	100.000	21	0	0	1	21	594	574	2.0	39.2
Query_51751	XM_002745541.4	100.000	21	0	0	1	21	643	623	2.0	39.2
Query_51751	XM_003732460.4	100.000	21	0	0	1	21	785	765	2.0	39.2
Query_51751	XM_002745539.4	100.000	21	0	0	1	21	578	558	2.0	39.2
Query_51751	XM_035293227.1	100.000	21	0	0	1	21	595	575	2.0	39.2
Query_51751	XM_035293226.1	100.000	21	0	0	1	21	436	416	2.0	39.2
Query_51751	XM_008992910.3	100.000	21	0	0	1	21	646	626	2.0	39.2
Query_51751	XM_008992912.3	100.000	21	0	0	1	21	701	681	2.0	39.2
Query_51751	XM_008992909.3	100.000	21	0	0	1	21	550	530	2.0	39.2


