# blastn
# Iteration: 0
# Query: 
# RID: 7PT3ZY7001R
# Database: nt
# Fields: query acc.ver, subject acc.ver, % identity, alignment length, mismatches, gap opens, q. start, q. end, s. start, s. end, evalue, bit score
# 82 hits found
Query_140743	XM_008966038.2	100.000	21	0	0	1	21	596	576	2.1	39.2
Query_140743	XM_003813487.3	100.000	21	0	0	1	21	593	573	2.1	39.2
Query_140743	XM_033193634.1	100.000	21	0	0	1	21	112	92	2.1	39.2
Query_140743	XM_033193633.1	100.000	21	0	0	1	21	615	595	2.1	39.2
Query_140743	XM_033193632.1	100.000	21	0	0	1	21	613	593	2.1	39.2
Query_140743	XM_033040060.1	100.000	21	0	0	1	21	789	769	2.1	39.2
Query_140743	XM_032761727.1	100.000	21	0	0	1	21	618	598	2.1	39.2
Query_140743	XM_032761725.1	100.000	21	0	0	1	21	598	578	2.1	39.2
Query_140743	XM_032275989.1	100.000	21	0	0	1	21	562	542	2.1	39.2
Query_140743	XM_032275988.1	100.000	21	0	0	1	21	596	576	2.1	39.2
Query_140743	XM_032275987.1	100.000	21	0	0	1	21	594	574	2.1	39.2
Query_140743	XM_023207871.3	100.000	21	0	0	1	21	608	588	2.1	39.2
Query_140743	XM_009203857.2	100.000	21	0	0	1	21	62	42	2.1	39.2
Query_140743	XM_009203856.3	100.000	21	0	0	1	21	587	567	2.1	39.2
Query_140743	XM_003896588.4	100.000	21	0	0	1	21	587	567	2.1	39.2
Query_140743	XM_019031233.2	100.000	21	0	0	1	21	582	562	2.1	39.2
Query_140743	XM_019031231.2	100.000	21	0	0	1	21	582	562	2.1	39.2
Query_140743	XM_010378776.2	100.000	21	0	0	1	21	597	577	2.1	39.2
Query_140743	XM_010378773.2	100.000	21	0	0	1	21	597	577	2.1	39.2
Query_140743	XM_030825578.1	100.000	21	0	0	1	21	1218	1198	2.1	39.2
Query_140743	XM_003261322.3	100.000	21	0	0	1	21	579	559	2.1	39.2
Query_140743	NM_001202498.2	100.000	21	0	0	1	21	199	179	2.1	39.2
Query_140743	NM_182697.3	100.000	21	0	0	1	21	578	558	2.1	39.2
Query_140743	NM_003344.4	100.000	21	0	0	1	21	578	558	2.1	39.2
Query_140743	XM_015134892.2	100.000	21	0	0	1	21	985	965	2.1	39.2
Query_140743	XM_023207872.2	100.000	21	0	0	1	21	90	70	2.1	39.2
Query_140743	XM_023207869.2	100.000	21	0	0	1	21	605	585	2.1	39.2
Query_140743	XM_025378151.1	100.000	21	0	0	1	21	182	162	2.1	39.2
Query_140743	XM_025378150.1	100.000	21	0	0	1	21	186	166	2.1	39.2
Query_140743	XM_025378148.1	100.000	21	0	0	1	21	589	569	2.1	39.2
Query_140743	XM_025378147.1	100.000	21	0	0	1	21	589	569	2.1	39.2
Query_140743	XM_025378146.1	100.000	21	0	0	1	21	498	478	2.1	39.2
Query_140743	XM_011723879.2	100.000	21	0	0	1	21	576	556	2.1	39.2
Query_140743	XM_003318791.5	100.000	21	0	0	1	21	592	572	2.1	39.2
Query_140743	XM_001144807.6	100.000	21	0	0	1	21	591	571	2.1	39.2
Query_140743	XM_009243220.2	100.000	21	0	0	1	21	585	565	2.1	39.2
Query_140743	XM_002818440.3	100.000	21	0	0	1	21	585	565	2.1	39.2
Query_140743	XM_012474051.2	100.000	21	0	0	1	21	595	575	2.1	39.2
Query_140743	XM_012474050.2	100.000	21	0	0	1	21	595	575	2.1	39.2
Query_140743	XM_020534160.1	100.000	21	0	0	1	21	180	160	2.1	39.2
Query_140743	XM_017875046.1	100.000	21	0	0	1	21	621	601	2.1	39.2
Query_140743	XM_005550755.2	100.000	21	0	0	1	21	1104	1084	2.1	39.2
Query_140743	XM_005550754.2	100.000	21	0	0	1	21	591	571	2.1	39.2
Query_140743	XM_012088045.1	100.000	21	0	0	1	21	600	580	2.1	39.2
Query_140743	XM_011995876.1	100.000	21	0	0	1	21	182	162	2.1	39.2
Query_140743	XM_011995875.1	100.000	21	0	0	1	21	186	166	2.1	39.2
Query_140743	XM_011995874.1	100.000	21	0	0	1	21	607	587	2.1	39.2
Query_140743	XM_011995873.1	100.000	21	0	0	1	21	607	587	2.1	39.2
Query_140743	XM_011995872.1	100.000	21	0	0	1	21	141	121	2.1	39.2
Query_140743	XM_011995871.1	100.000	21	0	0	1	21	607	587	2.1	39.2
Query_140743	XM_011995870.1	100.000	21	0	0	1	21	498	478	2.1	39.2
Query_140743	XM_011939593.1	100.000	21	0	0	1	21	182	162	2.1	39.2
Query_140743	XM_011939592.1	100.000	21	0	0	1	21	186	166	2.1	39.2
Query_140743	XM_011939591.1	100.000	21	0	0	1	21	607	587	2.1	39.2
Query_140743	XM_011939590.1	100.000	21	0	0	1	21	607	587	2.1	39.2
Query_140743	XM_011939589.1	100.000	21	0	0	1	21	607	587	2.1	39.2
Query_140743	XM_011939588.1	100.000	21	0	0	1	21	498	478	2.1	39.2
Query_140743	XM_003921004.3	100.000	21	0	0	1	21	596	576	2.1	39.2
Query_140743	NM_001261059.2	100.000	21	0	0	1	21	312	292	2.1	39.2
Query_140743	XM_038811779.1	100.000	21	0	0	1	21	690	670	2.1	39.2
Query_140743	XM_037739999.1	100.000	21	0	0	1	21	66	46	2.1	39.2
Query_140743	XM_017532568.2	100.000	21	0	0	1	21	181	161	2.1	39.2
Query_140743	XM_017532567.2	100.000	21	0	0	1	21	596	576	2.1	39.2
Query_140743	XM_017532566.2	100.000	21	0	0	1	21	594	574	2.1	39.2
Query_140743	XM_035254744.1	100.000	21	0	0	1	21	185	165	2.1	39.2
Query_140743	XM_035254743.1	100.000	21	0	0	1	21	611	591	2.1	39.2
Query_140743	XM_035254741.1	100.000	21	0	0	1	21	607	587	2.1	39.2
Query_140743	XM_002756944.5	100.000	21	0	0	1	21	557	537	2.1	39.2
Query_140743	JF432609.1	100.000	21	0	0	1	21	223	203	2.1	39.2
Query_140743	AB590728.1	100.000	21	0	0	1	21	182	162	2.1	39.2
Query_140743	AB451490.1	100.000	21	0	0	1	21	173	153	2.1	39.2
Query_140743	AK316590.1	100.000	21	0	0	1	21	161	141	2.1	39.2
Query_140743	AC145891.4	100.000	21	0	0	1	21	102403	102383	2.1	39.2
Query_140743	BC006277.2	100.000	21	0	0	1	21	490	470	2.1	39.2
Query_140743	AY302138.1	100.000	21	0	0	1	21	173	153	2.1	39.2
Query_140743	BT007925.1	100.000	21	0	0	1	21	173	153	2.1	39.2
Query_140743	BT006756.1	100.000	21	0	0	1	21	173	153	2.1	39.2
Query_140743	AC084864.4	100.000	21	0	0	1	21	170643	170663	2.1	39.2
Query_140743	AC084865.3	100.000	21	0	0	1	21	92352	92372	2.1	39.2
Query_140743	AC023880.5	100.000	21	0	0	1	21	22481	22461	2.1	39.2
Query_140743	Z29330.1	100.000	21	0	0	1	21	226	206	2.1	39.2
Query_140743	Z29328.1	100.000	21	0	0	1	21	226	206	2.1	39.2


