# blastn
# Iteration: 0
# Query: 
# RID: 9VYJ8EH0013
# Database: nt
# Fields: query acc.ver, subject acc.ver, % identity, alignment length, mismatches, gap opens, q. start, q. end, s. start, s. end, evalue, bit score
# 100 hits found
Query_10527	XM_040728662.1	100.000	21	0	0	1	21	765	745	2.1	39.2
Query_10527	XM_008705872.2	100.000	21	0	0	1	21	532	512	2.1	39.2
Query_10527	XM_008705871.2	100.000	21	0	0	1	21	351	331	2.1	39.2
Query_10527	XM_040644001.1	100.000	21	0	0	1	21	728	708	2.1	39.2
Query_10527	CP071569.1	100.000	21	0	0	1	21	19484393	19484373	2.1	39.2
Query_10527	XM_040594943.1	100.000	21	0	0	1	21	315	295	2.1	39.2
Query_10527	XM_040594942.1	100.000	21	0	0	1	21	2086	2066	2.1	39.2
Query_10527	XM_040594939.1	100.000	21	0	0	1	21	535	515	2.1	39.2
Query_10527	XM_040594938.1	100.000	21	0	0	1	21	347	327	2.1	39.2
Query_10527	XM_040594937.1	100.000	21	0	0	1	21	609	589	2.1	39.2
Query_10527	XM_040471982.1	100.000	21	0	0	1	21	751	731	2.1	39.2
Query_10527	XM_040471981.1	100.000	21	0	0	1	21	352	332	2.1	39.2
Query_10527	XM_040471980.1	100.000	21	0	0	1	21	794	774	2.1	39.2
Query_10527	XM_040259625.1	100.000	21	0	0	1	21	187	167	2.1	39.2
Query_10527	XM_040259624.1	100.000	21	0	0	1	21	345	325	2.1	39.2
Query_10527	XM_040259623.1	100.000	21	0	0	1	21	368	348	2.1	39.2
Query_10527	XM_040259622.1	100.000	21	0	0	1	21	744	724	2.1	39.2
Query_10527	XM_029074222.2	100.000	21	0	0	1	21	353	333	2.1	39.2
Query_10527	XM_029074221.2	100.000	21	0	0	1	21	373	353	2.1	39.2
Query_10527	HG994400.1	100.000	21	0	0	1	21	54011567	54011587	2.1	39.2
Query_10527	XM_039860867.1	100.000	21	0	0	1	21	422	402	2.1	39.2
Query_10527	XM_039860865.1	100.000	21	0	0	1	21	746	726	2.1	39.2
Query_10527	XR_005592631.1	100.000	21	0	0	1	21	559	539	2.1	39.2
Query_10527	XM_039519883.1	100.000	21	0	0	1	21	559	539	2.1	39.2
Query_10527	XM_003921004.3	100.000	21	0	0	1	21	721	701	2.1	39.2
Query_10527	XM_039242778.1	100.000	21	0	0	1	21	735	715	2.1	39.2
Query_10527	XM_038686155.1	100.000	21	0	0	1	21	741	721	2.1	39.2
Query_10527	XM_038686152.1	100.000	21	0	0	1	21	384	364	2.1	39.2
Query_10527	XM_038686151.1	100.000	21	0	0	1	21	732	712	2.1	39.2
Query_10527	XM_038433990.1	100.000	21	0	0	1	21	741	721	2.1	39.2
Query_10527	XM_022427231.2	100.000	21	0	0	1	21	384	364	2.1	39.2
Query_10527	XM_852326.6	100.000	21	0	0	1	21	732	712	2.1	39.2
Query_10527	XM_038752154.1	100.000	21	0	0	1	21	279	259	2.1	39.2
Query_10527	XM_038752153.1	100.000	21	0	0	1	21	479	459	2.1	39.2
Query_10527	XM_038367729.1	100.000	21	0	0	1	21	508	488	2.1	39.2
Query_10527	XM_038422815.1	100.000	21	0	0	1	21	778	758	2.1	39.2
Query_10527	XM_038422730.1	100.000	21	0	0	1	21	855	835	2.1	39.2
Query_10527	XM_038422645.1	100.000	21	0	0	1	21	575	555	2.1	39.2
Query_10527	XR_005295730.1	100.000	21	0	0	1	21	547	527	2.1	39.2
Query_10527	XM_038422516.1	100.000	21	0	0	1	21	547	527	2.1	39.2
Query_10527	XM_007982899.2	100.000	21	0	0	1	21	726	706	2.1	39.2
Query_10527	XM_037889413.1	100.000	21	0	0	1	21	280	260	2.1	39.2
Query_10527	XR_005223828.1	100.000	21	0	0	1	21	561	541	2.1	39.2
Query_10527	XM_037889412.1	100.000	21	0	0	1	21	561	541	2.1	39.2
Query_10527	XM_037836169.1	100.000	21	0	0	1	21	1204	1184	2.1	39.2
Query_10527	XM_037836167.1	100.000	21	0	0	1	21	743	723	2.1	39.2
Query_10527	XM_037836166.1	100.000	21	0	0	1	21	840	820	2.1	39.2
Query_10527	XM_037739999.1	100.000	21	0	0	1	21	191	171	2.1	39.2
Query_10527	XM_017532568.2	100.000	21	0	0	1	21	306	286	2.1	39.2
Query_10527	XM_017532566.2	100.000	21	0	0	1	21	719	699	2.1	39.2
Query_10527	XM_037513136.1	100.000	21	0	0	1	21	237	217	2.1	39.2
Query_10527	XM_037513130.1	100.000	21	0	0	1	21	190	170	2.1	39.2
Query_10527	XM_037513121.1	100.000	21	0	0	1	21	332	312	2.1	39.2
Query_10527	XM_037513116.1	100.000	21	0	0	1	21	496	476	2.1	39.2
Query_10527	XM_037513112.1	100.000	21	0	0	1	21	1040	1020	2.1	39.2
Query_10527	XM_037513104.1	100.000	21	0	0	1	21	306	286	2.1	39.2
Query_10527	XM_037513092.1	100.000	21	0	0	1	21	390	370	2.1	39.2
Query_10527	XM_037388374.1	100.000	21	0	0	1	21	115	95	2.1	39.2
Query_10527	XM_037388372.1	100.000	21	0	0	1	21	675	655	2.1	39.2
Query_10527	XM_037388370.1	100.000	21	0	0	1	21	344	324	2.1	39.2
Query_10527	XM_037388369.1	100.000	21	0	0	1	21	748	728	2.1	39.2
Query_10527	XM_028866182.2	100.000	21	0	0	1	21	322	302	2.1	39.2
Query_10527	XM_037049208.1	100.000	21	0	0	1	21	276	256	2.1	39.2
Query_10527	XM_037049206.1	100.000	21	0	0	1	21	283	263	2.1	39.2
Query_10527	XM_037049205.1	100.000	21	0	0	1	21	750	730	2.1	39.2
Query_10527	XM_037019485.1	100.000	21	0	0	1	21	283	263	2.1	39.2
Query_10527	XM_036909040.1	100.000	21	0	0	1	21	753	733	2.1	39.2
Query_10527	XM_036862830.1	100.000	21	0	0	1	21	621	601	2.1	39.2
Query_10527	XM_036862829.1	100.000	21	0	0	1	21	310	290	2.1	39.2
Query_10527	XM_036426873.1	100.000	21	0	0	1	21	358	338	2.1	39.2
Query_10527	XM_036426854.1	100.000	21	0	0	1	21	761	741	2.1	39.2
Query_10527	XM_036328704.1	100.000	21	0	0	1	21	573	553	2.1	39.2
Query_10527	XM_036328703.1	100.000	21	0	0	1	21	307	287	2.1	39.2
Query_10527	XM_036328700.1	100.000	21	0	0	1	21	274	254	2.1	39.2
Query_10527	XM_036328699.1	100.000	21	0	0	1	21	643	623	2.1	39.2
Query_10527	XM_036328698.1	100.000	21	0	0	1	21	349	329	2.1	39.2
Query_10527	XM_036246610.1	100.000	21	0	0	1	21	384	364	2.1	39.2
Query_10527	XM_036246609.1	100.000	21	0	0	1	21	519	499	2.1	39.2
Query_10527	XM_036246608.1	100.000	21	0	0	1	21	364	344	2.1	39.2
Query_10527	XM_036246607.1	100.000	21	0	0	1	21	383	363	2.1	39.2
Query_10527	XM_036246603.1	100.000	21	0	0	1	21	277	257	2.1	39.2
Query_10527	XM_036246602.1	100.000	21	0	0	1	21	283	263	2.1	39.2
Query_10527	XM_036246601.1	100.000	21	0	0	1	21	301	281	2.1	39.2
Query_10527	XM_036246600.1	100.000	21	0	0	1	21	355	335	2.1	39.2
Query_10527	XM_016148711.2	100.000	21	0	0	1	21	740	720	2.1	39.2
Query_10527	XM_036181344.1	100.000	21	0	0	1	21	764	744	2.1	39.2
Query_10527	XM_036101282.1	100.000	21	0	0	1	21	547	527	2.1	39.2
Query_10527	XM_036101281.1	100.000	21	0	0	1	21	509	489	2.1	39.2
Query_10527	XM_036101279.1	100.000	21	0	0	1	21	755	735	2.1	39.2
Query_10527	XM_036101278.1	100.000	21	0	0	1	21	700	680	2.1	39.2
Query_10527	XM_036101277.1	100.000	21	0	0	1	21	752	732	2.1	39.2
Query_10527	XM_028525332.2	100.000	21	0	0	1	21	750	730	2.1	39.2
Query_10527	LR877221.1	100.000	21	0	0	1	21	12224635	12224615	2.1	39.2
Query_10527	XM_025471634.2	100.000	21	0	0	1	21	474	454	2.1	39.2
Query_10527	XM_025471633.2	100.000	21	0	0	1	21	517	497	2.1	39.2
Query_10527	XM_025471630.2	100.000	21	0	0	1	21	419	399	2.1	39.2
Query_10527	XM_025471629.2	100.000	21	0	0	1	21	732	712	2.1	39.2
Query_10527	LR862366.1	100.000	21	0	0	1	21	17504742	17504762	2.1	39.2
Query_10527	XM_027391394.2	100.000	21	0	0	1	21	516	496	2.1	39.2
Query_10527	XM_035441534.1	100.000	21	0	0	1	21	245	225	2.1	39.2


