# blastn
# Iteration: 0
# Query: 
# RID: 6MNNWW2W013
# Database: nt
# Fields: query acc.ver, subject acc.ver, % identity, alignment length, mismatches, gap opens, q. start, q. end, s. start, s. end, evalue, bit score
# 100 hits found
Query_22553	XM_035014140.1	100.000	21	0	0	1	21	214	194	2.0	39.2
Query_22553	XM_034960512.1	100.000	21	0	0	1	21	172	152	2.0	39.2
Query_22553	XM_003829274.3	100.000	21	0	0	1	21	172	152	2.0	39.2
Query_22553	XM_034656017.1	100.000	21	0	0	1	21	227	207	2.0	39.2
Query_22553	XM_002912915.4	100.000	21	0	0	1	21	215	195	2.0	39.2
Query_22553	XR_002174172.2	100.000	21	0	0	1	21	359	339	2.0	39.2
Query_22553	XM_004326504.3	100.000	21	0	0	1	21	170	150	2.0	39.2
Query_22553	XM_033847592.1	100.000	21	0	0	1	21	86	66	2.0	39.2
Query_22553	XM_033422607.1	100.000	21	0	0	1	21	138	118	2.0	39.2
Query_22553	XM_033403071.1	100.000	21	0	0	1	21	144	124	2.0	39.2
Query_22553	XM_004263629.3	100.000	21	0	0	1	21	141	121	2.0	39.2
Query_22553	CP050600.1	100.000	21	0	0	1	21	21849318	21849298	2.0	39.2
Query_22553	CP050630.1	100.000	21	0	0	1	21	21842268	21842248	2.0	39.2
Query_22553	XM_033181205.1	100.000	21	0	0	1	21	1029	1009	2.0	39.2
Query_22553	XM_033095936.1	100.000	21	0	0	1	21	204	184	2.0	39.2
Query_22553	XM_032618064.1	100.000	21	0	0	1	21	56	36	2.0	39.2
Query_22553	XM_030318352.2	100.000	21	0	0	1	21	210	190	2.0	39.2
Query_22553	XM_032157920.1	100.000	21	0	0	1	21	502	482	2.0	39.2
Query_22553	XM_023196017.2	100.000	21	0	0	1	21	494	474	2.0	39.2
Query_22553	NM_001194433.3	100.000	21	0	0	1	21	503	483	2.0	39.2
Query_22553	XM_021939692.2	100.000	21	0	0	1	21	516	496	2.0	39.2
Query_22553	XM_003900106.3	100.000	21	0	0	1	21	516	496	2.0	39.2
Query_22553	XM_006731022.2	100.000	21	0	0	1	21	465	445	2.0	39.2
Query_22553	XM_031010702.1	100.000	21	0	0	1	21	494	474	2.0	39.2
Query_22553	XR_004042349.1	100.000	21	0	0	1	21	357	337	2.0	39.2
Query_22553	XM_030869624.1	100.000	21	0	0	1	21	303	283	2.0	39.2
Query_22553	XM_030869623.1	100.000	21	0	0	1	21	202	182	2.0	39.2
Query_22553	XM_003266384.3	100.000	21	0	0	1	21	501	481	2.0	39.2
Query_22553	XM_030318362.1	100.000	21	0	0	1	21	177	157	2.0	39.2
Query_22553	XM_030318343.1	100.000	21	0	0	1	21	204	184	2.0	39.2
Query_22553	XM_030318333.1	100.000	21	0	0	1	21	197	177	2.0	39.2
Query_22553	XM_029941919.1	100.000	21	0	0	1	21	210	190	2.0	39.2
Query_22553	XM_029217262.1	100.000	21	0	0	1	21	207	187	2.0	39.2
Query_22553	NM_003337.4	100.000	21	0	0	1	21	105	85	2.0	39.2
Query_22553	XR_003430971.1	100.000	21	0	0	1	21	359	339	2.0	39.2
Query_22553	XM_027097568.1	100.000	21	0	0	1	21	319	299	2.0	39.2
Query_22553	XM_027097558.1	100.000	21	0	0	1	21	202	182	2.0	39.2
Query_22553	XM_015087620.2	100.000	21	0	0	1	21	165	145	2.0	39.2
Query_22553	XM_026507995.1	100.000	21	0	0	1	21	150	130	2.0	39.2
Query_22553	XM_008142249.2	100.000	21	0	0	1	21	209	189	2.0	39.2
Query_22553	XM_007172151.2	100.000	21	0	0	1	21	149	129	2.0	39.2
Query_22553	XM_007172150.2	100.000	21	0	0	1	21	207	187	2.0	39.2
Query_22553	XM_028103534.1	100.000	21	0	0	1	21	210	190	2.0	39.2
Query_22553	XM_004008801.3	100.000	21	0	0	1	21	222	202	2.0	39.2
Query_22553	XM_027606507.1	100.000	21	0	0	1	21	210	190	2.0	39.2
Query_22553	XM_027546485.1	100.000	21	0	0	1	21	326	306	2.0	39.2
Query_22553	XM_025994900.1	100.000	21	0	0	1	21	216	196	2.0	39.2
Query_22553	XM_025924543.1	100.000	21	0	0	1	21	227	207	2.0	39.2
Query_22553	XM_025924542.1	100.000	21	0	0	1	21	226	206	2.0	39.2
Query_22553	XM_025860796.1	100.000	21	0	0	1	21	210	190	2.0	39.2
Query_22553	XM_025388144.1	100.000	21	0	0	1	21	515	495	2.0	39.2
Query_22553	XM_025388143.1	100.000	21	0	0	1	21	515	495	2.0	39.2
Query_22553	XM_025292697.1	100.000	21	0	0	1	21	53	33	2.0	39.2
Query_22553	XM_006042803.2	100.000	21	0	0	1	21	197	177	2.0	39.2
Query_22553	XM_006923125.3	100.000	21	0	0	1	21	470	450	2.0	39.2
Query_22553	XM_011716582.2	100.000	21	0	0	1	21	117	97	2.0	39.2
Query_22553	XM_011716581.2	100.000	21	0	0	1	21	492	472	2.0	39.2
Query_22553	XM_016953844.2	100.000	21	0	0	1	21	171	151	2.0	39.2
Query_22553	XM_517935.4	100.000	21	0	0	1	21	494	474	2.0	39.2
Query_22553	XM_023752160.1	100.000	21	0	0	1	21	214	194	2.0	39.2
Query_22553	XM_006086593.3	100.000	21	0	0	1	21	210	190	2.0	39.2
Query_22553	XM_012514325.2	100.000	21	0	0	1	21	214	194	2.0	39.2
Query_22553	XM_011362314.2	100.000	21	0	0	1	21	470	450	2.0	39.2
Query_22553	XM_004475904.2	100.000	21	0	0	1	21	215	195	2.0	39.2
Query_22553	XM_023255298.1	100.000	21	0	0	1	21	166	146	2.0	39.2
Query_22553	XM_022588825.1	100.000	21	0	0	1	21	216	196	2.0	39.2
Query_22553	XM_022588824.1	100.000	21	0	0	1	21	214	194	2.0	39.2
Query_22553	XM_008065866.2	100.000	21	0	0	1	21	182	162	2.0	39.2
Query_22553	XM_008065865.2	100.000	21	0	0	1	21	213	193	2.0	39.2
Query_22553	XM_021716439.1	100.000	21	0	0	1	21	213	193	2.0	39.2
Query_22553	XM_021702227.1	100.000	21	0	0	1	21	215	195	2.0	39.2
Query_22553	XM_021078473.1	100.000	21	0	0	1	21	222	202	2.0	39.2
Query_22553	XM_020908058.1	100.000	21	0	0	1	21	204	184	2.0	39.2
Query_22553	XM_020908057.1	100.000	21	0	0	1	21	364	344	2.0	39.2
Query_22553	XM_020908056.1	100.000	21	0	0	1	21	226	206	2.0	39.2
Query_22553	XM_040240092.1	100.000	21	0	0	1	21	498	478	2.0	39.2
Query_22553	HG994391.1	100.000	21	0	0	1	21	23510115	23510095	2.0	39.2
Query_22553	XM_039836039.1	100.000	21	0	0	1	21	468	448	2.0	39.2
Query_22553	XM_039242287.1	100.000	21	0	0	1	21	191	171	2.0	39.2
Query_22553	XM_039242286.1	100.000	21	0	0	1	21	191	171	2.0	39.2
Query_22553	XM_039242285.1	100.000	21	0	0	1	21	190	170	2.0	39.2
Query_22553	XM_038681540.1	100.000	21	0	0	1	21	326	306	2.0	39.2
Query_22553	XM_022425310.2	100.000	21	0	0	1	21	326	306	2.0	39.2
Query_22553	XM_008014440.2	100.000	21	0	0	1	21	512	492	2.0	39.2
Query_22553	XM_008014439.2	100.000	21	0	0	1	21	512	492	2.0	39.2
Query_22553	XM_037809629.1	100.000	21	0	0	1	21	94	74	2.0	39.2
Query_22553	XM_037800778.1	100.000	21	0	0	1	21	53	33	2.0	39.2
Query_22553	XM_037800777.1	100.000	21	0	0	1	21	187	167	2.0	39.2
Query_22553	XM_037150865.1	100.000	21	0	0	1	21	124	104	2.0	39.2
Query_22553	XM_037150864.1	100.000	21	0	0	1	21	208	188	2.0	39.2
Query_22553	XM_037150863.1	100.000	21	0	0	1	21	206	186	2.0	39.2
Query_22553	XM_036425397.1	100.000	21	0	0	1	21	209	189	2.0	39.2
Query_22553	XM_036425396.1	100.000	21	0	0	1	21	206	186	2.0	39.2
Query_22553	XM_036314880.1	100.000	21	0	0	1	21	56	36	2.0	39.2
Query_22553	XM_036314879.1	100.000	21	0	0	1	21	201	181	2.0	39.2
Query_22553	XM_016137659.2	100.000	21	0	0	1	21	468	448	2.0	39.2
Query_22553	XM_028527841.2	100.000	21	0	0	1	21	204	184	2.0	39.2
Query_22553	XM_025433233.2	100.000	21	0	0	1	21	325	305	2.0	39.2
Query_22553	XM_025433232.2	100.000	21	0	0	1	21	543	523	2.0	39.2
Query_22553	LR862361.1	100.000	21	0	0	1	21	65633129	65633109	2.0	39.2


