# blastn
# Iteration: 0
# Query: 
# RID: 9PJUXXGE01N
# Database: nt
# Fields: query acc.ver, subject acc.ver, % identity, alignment length, mismatches, gap opens, q. start, q. end, s. start, s. end, evalue, bit score
# 42 hits found
Query_55407	XM_034944208.1	100.000	21	0	0	1	21	600	580	2.1	39.2
Query_55407	XM_034944207.1	100.000	21	0	0	1	21	613	593	2.1	39.2
Query_55407	XM_034944206.1	100.000	21	0	0	1	21	446	426	2.1	39.2
Query_55407	XM_033199911.1	100.000	21	0	0	1	21	612	592	2.1	39.2
Query_55407	XM_032147985.1	100.000	21	0	0	1	21	544	524	2.1	39.2
Query_55407	XR_004249906.1	100.000	21	0	0	1	21	697	677	2.1	39.2
Query_55407	XM_031662211.1	100.000	21	0	0	1	21	619	599	2.1	39.2
Query_55407	XM_019016478.2	100.000	21	0	0	1	21	600	580	2.1	39.2
Query_55407	XM_030798515.1	100.000	21	0	0	1	21	631	611	2.1	39.2
Query_55407	XM_015122268.2	100.000	21	0	0	1	21	607	587	2.1	39.2
Query_55407	XM_015122268.2	100.000	21	0	0	1	21	607	587	2.1	39.2
Query_55407	NM_004359.2	100.000	21	0	0	1	21	563	543	2.1	39.2
Query_55407	NM_004359.2	100.000	21	0	0	1	21	563	543	2.1	39.2
Query_55407	XM_026457267.1	100.000	21	0	0	1	21	485	465	2.1	39.2
Query_55407	CP034522.1	100.000	21	0	0	1	21	477041	477021	2.1	39.2
Query_55407	CP034497.1	100.000	21	0	0	1	21	477041	477021	2.1	39.2
Query_55407	XM_009434229.3	100.000	21	0	0	1	21	604	584	2.1	39.2
Query_55407	XM_009252509.2	100.000	21	0	0	1	21	603	583	2.1	39.2
Query_55407	LT744874.1	100.000	21	0	0	1	21	878	858	2.1	39.2
Query_55407	XM_005259690.3	100.000	21	0	0	1	21	603	583	2.1	39.2
Query_55407	XM_012072747.1	100.000	21	0	0	1	21	606	586	2.1	39.2
Query_55407	XM_011993049.1	100.000	21	0	0	1	21	316	296	2.1	39.2
Query_55407	XM_006722952.2	100.000	21	0	0	1	21	603	583	2.1	39.2
Query_55407	KJ890880.1	100.000	21	0	0	1	21	456	436	2.1	39.2
Query_55407	CP068259.2	100.000	21	0	0	1	21	490623	490603	2.1	39.2
Query_55407	XM_036746876.1	100.000	21	0	0	1	21	388	368	2.1	39.2
Query_55407	AP023479.1	100.000	21	0	0	1	21	298641	298621	2.1	39.2
Query_55407	AP023479.1	100.000	21	0	0	1	21	375069	375049	2.1	39.2
Query_55407	AB590273.1	100.000	21	0	0	1	21	400	380	2.1	39.2
Query_55407	CU676209.1	100.000	21	0	0	1	21	336	356	2.1	39.2
Query_55407	AK291554.1	100.000	21	0	0	1	21	592	572	2.1	39.2
Query_55407	DQ893910.2	100.000	21	0	0	1	21	413	393	2.1	39.2
Query_55407	DQ890738.2	100.000	21	0	0	1	21	413	393	2.1	39.2
Query_55407	AY650399.1	100.000	21	0	0	1	21	7310	7290	2.1	39.2
Query_55407	BC023979.1	100.000	21	0	0	1	21	567	547	2.1	39.2
Query_55407	BT008039.1	100.000	21	0	0	1	21	391	371	2.1	39.2
Query_55407	BT006659.1	100.000	21	0	0	1	21	391	371	2.1	39.2
Query_55407	AC011556.9	100.000	21	0	0	1	21	5523	5503	2.1	39.2
Query_55407	AC011531.7	100.000	21	0	0	1	21	26530	26510	2.1	39.2
Query_55407	BC018143.2	100.000	21	0	0	1	21	593	573	2.1	39.2
Query_55407	BC009850.2	100.000	21	0	0	1	21	590	570	2.1	39.2
Query_55407	L22005.1	100.000	21	0	0	1	21	577	557	2.1	39.2


