# blastn
# Iteration: 0
# Query: 
# RID: 9R17FWFB016
# Database: nt
# Fields: query acc.ver, subject acc.ver, % identity, alignment length, mismatches, gap opens, q. start, q. end, s. start, s. end, evalue, bit score
# 30 hits found
Query_3285	FQ214550.1	100.000	21	0	0	1	21	1255	1235	2.1	39.2
Query_3285	FQ216757.1	100.000	21	0	0	1	21	1260	1240	2.1	39.2
Query_3285	FQ213111.1	100.000	21	0	0	1	21	1256	1236	2.1	39.2
Query_3285	FQ225334.1	100.000	21	0	0	1	21	1257	1237	2.1	39.2
Query_3285	FQ228750.1	100.000	21	0	0	1	21	1255	1235	2.1	39.2
Query_3285	FQ213948.1	100.000	21	0	0	1	21	944	924	2.1	39.2
Query_3285	NM_001009264.1	100.000	21	0	0	1	21	1235	1215	2.1	39.2
Query_3285	XM_034509418.1	100.000	20	0	0	2	21	1325	1306	7.5	37.4
Query_3285	XM_032915907.1	100.000	20	0	0	2	21	1294	1275	7.5	37.4
Query_3285	XM_021210658.2	100.000	20	0	0	2	21	1284	1265	7.5	37.4
Query_3285	XM_021163845.2	100.000	20	0	0	2	21	1288	1269	7.5	37.4
Query_3285	XM_028758232.1	100.000	20	0	0	2	21	1270	1251	7.5	37.4
Query_3285	NG_006685.3	100.000	20	0	0	2	21	1335	1316	7.5	37.4
Query_3285	NM_026242.3	100.000	20	0	0	2	21	1283	1264	7.5	37.4
Query_3285	AC169036.3	100.000	20	0	0	2	21	131428	131447	7.5	37.4
Query_3285	BC085488.1	100.000	20	0	0	2	21	1128	1109	7.5	37.4
Query_3285	AC114605.11	100.000	20	0	0	2	21	110404	110385	7.5	37.4
Query_3285	AC112683.10	100.000	20	0	0	2	21	194825	194806	7.5	37.4
Query_3285	AC139214.12	100.000	20	0	0	2	21	1857	1838	7.5	37.4
Query_3285	AK170984.1	100.000	20	0	0	2	21	1265	1246	7.5	37.4
Query_3285	AK170909.1	100.000	20	0	0	2	21	1261	1242	7.5	37.4
Query_3285	AK170789.1	100.000	20	0	0	2	21	1233	1214	7.5	37.4
Query_3285	AK018675.1	100.000	20	0	0	2	21	1233	1214	7.5	37.4
Query_3285	AK017832.1	100.000	20	0	0	2	21	1265	1246	7.5	37.4
Query_3285	AK005313.1	100.000	20	0	0	2	21	1275	1256	7.5	37.4
Query_3285	AK211332.1	100.000	20	0	0	2	21	87	68	7.5	37.4
Query_3285	AK206883.1	100.000	20	0	0	2	21	81	62	7.5	37.4
Query_3285	AC154476.2	100.000	20	0	0	2	21	77943	77962	7.5	37.4
Query_3285	BC010209.1	100.000	20	0	0	2	21	1252	1233	7.5	37.4
Query_3285	AB041651.1	100.000	20	0	0	2	21	1263	1244	7.5	37.4


