# blastn
# Iteration: 0
# Query: 
# RID: 73N5ERYF01R
# Database: nt
# Fields: query acc.ver, subject acc.ver, % identity, alignment length, mismatches, gap opens, q. start, q. end, s. start, s. end, evalue, bit score
# 100 hits found
Query_343981	XM_035027375.1	100.000	21	0	0	1	21	1166	1146	2.0	39.2
Query_343981	XM_003817410.4	100.000	21	0	0	1	21	1093	1073	2.0	39.2
Query_343981	AP023165.1	100.000	21	0	0	1	21	32209231	32209251	2.0	39.2
Query_343981	XM_019795727.2	100.000	21	0	0	1	21	1188	1168	2.0	39.2
Query_343981	XM_019945282.2	100.000	21	0	0	1	21	1175	1155	2.0	39.2
Query_343981	XM_004271794.3	100.000	21	0	0	1	21	1195	1175	2.0	39.2
Query_343981	CP050593.1	100.000	21	0	0	1	21	31020611	31020591	2.0	39.2
Query_343981	CP050635.1	100.000	21	0	0	1	21	31022318	31022298	2.0	39.2
Query_343981	XM_033183585.1	100.000	21	0	0	1	21	1102	1082	2.0	39.2
Query_343981	XR_004384313.1	100.000	21	0	0	1	21	1415	1395	2.0	39.2
Query_343981	XM_032872008.1	100.000	21	0	0	1	21	1415	1395	2.0	39.2
Query_343981	XM_032615033.1	100.000	21	0	0	1	21	1180	1160	2.0	39.2
Query_343981	XM_006181400.3	100.000	21	0	0	1	21	1191	1171	2.0	39.2
Query_343981	XM_032428988.1	100.000	21	0	0	1	21	1173	1153	2.0	39.2
Query_343981	XM_032321978.1	100.000	21	0	0	1	21	1543	1523	2.0	39.2
Query_343981	XM_032280103.1	100.000	21	0	0	1	21	1192	1172	2.0	39.2
Query_343981	XM_032162573.1	100.000	21	0	0	1	21	1102	1082	2.0	39.2
Query_343981	LR738418.1	100.000	21	0	0	1	21	31286084	31286064	2.0	39.2
Query_343981	XM_023203969.3	100.000	21	0	0	1	21	1101	1081	2.0	39.2
Query_343981	XM_006216420.2	100.000	21	0	0	1	21	249	229	2.0	39.2
Query_343981	XM_003912784.4	100.000	21	0	0	1	21	1178	1158	2.0	39.2
Query_343981	XM_031468094.1	100.000	21	0	0	1	21	1076	1056	2.0	39.2
Query_343981	XM_019026567.2	100.000	21	0	0	1	21	1152	1132	2.0	39.2
Query_343981	XM_010380650.2	100.000	21	0	0	1	21	1102	1082	2.0	39.2
Query_343981	XM_030881597.1	100.000	21	0	0	1	21	1172	1152	2.0	39.2
Query_343981	XM_003272285.3	100.000	21	0	0	1	21	1454	1434	2.0	39.2
Query_343981	MH729718.1	100.000	21	0	0	1	21	583	563	2.0	39.2
Query_343981	MH729717.1	100.000	21	0	0	1	21	583	563	2.0	39.2
Query_343981	MH729716.1	100.000	21	0	0	1	21	583	563	2.0	39.2
Query_343981	MH729715.1	100.000	21	0	0	1	21	583	563	2.0	39.2
Query_343981	MH729714.1	100.000	21	0	0	1	21	583	563	2.0	39.2
Query_343981	MH729713.1	100.000	21	0	0	1	21	583	563	2.0	39.2
Query_343981	NM_005450.6	100.000	21	0	0	1	21	1108	1088	2.0	39.2
Query_343981	XM_030296487.1	100.000	21	0	0	1	21	1214	1194	2.0	39.2
Query_343981	XM_008838436.3	100.000	21	0	0	1	21	1210	1190	2.0	39.2
Query_343981	XM_029212779.1	100.000	21	0	0	1	21	1103	1083	2.0	39.2
Query_343981	XM_027087081.1	100.000	21	0	0	1	21	1172	1152	2.0	39.2
Query_343981	XM_027034179.1	100.000	21	0	0	1	21	1214	1194	2.0	39.2
Query_343981	XM_026517916.1	100.000	21	0	0	1	21	1049	1029	2.0	39.2
Query_343981	XM_026407803.1	100.000	21	0	0	1	21	1165	1145	2.0	39.2
Query_343981	XM_008147742.2	100.000	21	0	0	1	21	1232	1212	2.0	39.2
Query_343981	XM_028164964.1	100.000	21	0	0	1	21	607	587	2.0	39.2
Query_343981	XM_028092977.1	100.000	21	0	0	1	21	583	563	2.0	39.2
Query_343981	XM_027950363.1	100.000	21	0	0	1	21	1106	1086	2.0	39.2
Query_343981	CP034495.1	100.000	21	0	0	1	21	54672167	54672147	2.0	39.2
Query_343981	XM_027519023.1	100.000	21	0	0	1	21	811	791	2.0	39.2
Query_343981	XM_025996239.1	100.000	21	0	0	1	21	535	515	2.0	39.2
Query_343981	XM_025851038.1	100.000	21	0	0	1	21	583	563	2.0	39.2
Query_343981	XM_025362689.1	100.000	21	0	0	1	21	1157	1137	2.0	39.2
Query_343981	MF480653.1	100.000	21	0	0	1	21	610	590	2.0	39.2
Query_343981	XM_006076220.2	100.000	21	0	0	1	21	783	763	2.0	39.2
Query_343981	XM_006924856.3	100.000	21	0	0	1	21	927	907	2.0	39.2
Query_343981	XM_002695554.6	100.000	21	0	0	1	21	1178	1158	2.0	39.2
Query_343981	XM_011732968.2	100.000	21	0	0	1	21	1213	1193	2.0	39.2
Query_343981	XM_024757637.1	100.000	21	0	0	1	21	922	902	2.0	39.2
Query_343981	XM_024573455.1	100.000	21	0	0	1	21	1092	1072	2.0	39.2
Query_343981	XM_523802.6	100.000	21	0	0	1	21	1163	1143	2.0	39.2
Query_343981	CP027087.1	100.000	21	0	0	1	21	7101759	7101739	2.0	39.2
Query_343981	XM_002827353.4	100.000	21	0	0	1	21	1102	1082	2.0	39.2
Query_343981	XM_007109681.2	100.000	21	0	0	1	21	926	906	2.0	39.2
Query_343981	XM_024127830.1	100.000	21	0	0	1	21	926	906	2.0	39.2
Query_343981	KY888941.1	100.000	21	0	0	1	21	397	377	2.0	39.2
Query_343981	XM_006095589.3	100.000	21	0	0	1	21	1193	1173	2.0	39.2
Query_343981	XM_023652827.1	100.000	21	0	0	1	21	1185	1165	2.0	39.2
Query_343981	XM_011365003.2	100.000	21	0	0	1	21	1102	1082	2.0	39.2
Query_343981	XM_004481252.3	100.000	21	0	0	1	21	1065	1045	2.0	39.2
Query_343981	XM_011279931.3	100.000	21	0	0	1	21	1207	1187	2.0	39.2
Query_343981	XM_022552602.1	100.000	21	0	0	1	21	1258	1238	2.0	39.2
Query_343981	XM_022510017.1	100.000	21	0	0	1	21	583	563	2.0	39.2
Query_343981	XM_012460453.2	100.000	21	0	0	1	21	1194	1174	2.0	39.2
Query_343981	XM_021704444.1	100.000	21	0	0	1	21	597	577	2.0	39.2
Query_343981	XM_012741827.2	100.000	21	0	0	1	21	1123	1103	2.0	39.2
Query_343981	LT744950.1	100.000	21	0	0	1	21	1070	1050	2.0	39.2
Query_343981	XM_020186020.1	100.000	21	0	0	1	21	1101	1081	2.0	39.2
Query_343981	KY286086.1	100.000	21	0	0	1	21	583	563	2.0	39.2
Query_343981	XM_019982609.1	100.000	21	0	0	1	21	871	851	2.0	39.2
Query_343981	XM_019415688.1	100.000	21	0	0	1	21	737	717	2.0	39.2
Query_343981	XM_005321598.3	100.000	21	0	0	1	21	1199	1179	2.0	39.2
Query_343981	XM_040244285.1	100.000	21	0	0	1	21	1236	1216	2.0	39.2
Query_343981	HG994394.1	100.000	21	0	0	1	21	29720366	29720386	2.0	39.2
Query_343981	XM_039885709.1	100.000	21	0	0	1	21	1102	1082	2.0	39.2
Query_343981	XM_003931333.3	100.000	21	0	0	1	21	1763	1743	2.0	39.2
Query_343981	XM_039241125.1	100.000	21	0	0	1	21	1171	1151	2.0	39.2
Query_343981	CP068261.1	100.000	21	0	0	1	21	57471219	57471199	2.0	39.2
Query_343981	XM_038675217.1	100.000	21	0	0	1	21	692	672	2.0	39.2
Query_343981	XM_005624988.2	100.000	21	0	0	1	21	686	666	2.0	39.2
Query_343981	XM_008011393.2	100.000	21	0	0	1	21	1169	1149	2.0	39.2
Query_343981	XM_037809573.1	100.000	21	0	0	1	21	1168	1148	2.0	39.2
Query_343981	XM_017538823.2	100.000	21	0	0	1	21	1101	1081	2.0	39.2
Query_343981	XM_037163726.1	100.000	21	0	0	1	21	1155	1135	2.0	39.2
Query_343981	XM_017654997.2	100.000	21	0	0	1	21	1191	1171	2.0	39.2
Query_343981	XM_036879834.1	100.000	21	0	0	1	21	1184	1164	2.0	39.2
Query_343981	XM_036342124.1	100.000	21	0	0	1	21	616	596	2.0	39.2
Query_343981	XM_016155130.2	100.000	21	0	0	1	21	1172	1152	2.0	39.2
Query_343981	AP023477.1	100.000	21	0	0	1	21	54044019	54043999	2.0	39.2
Query_343981	XM_036106165.1	100.000	21	0	0	1	21	1183	1163	2.0	39.2
Query_343981	XM_028520706.2	100.000	21	0	0	1	21	1174	1154	2.0	39.2
Query_343981	XM_025440587.2	100.000	21	0	0	1	21	698	678	2.0	39.2
Query_343981	XM_027626595.2	100.000	21	0	0	1	21	1167	1147	2.0	39.2
Query_343981	XM_002748399.4	100.000	21	0	0	1	21	1103	1083	2.0	39.2


