# blastn
# Iteration: 0
# Query: 
# RID: 7RR2UF8E01R
# Database: nt
# Fields: query acc.ver, subject acc.ver, % identity, alignment length, mismatches, gap opens, q. start, q. end, s. start, s. end, evalue, bit score
# 102 hits found
Query_348811	XM_040459768.1	100.000	21	0	0	1	21	188	168	2.1	39.2
Query_348811	XM_040459767.1	100.000	21	0	0	1	21	191	171	2.1	39.2
Query_348811	XM_040459766.1	100.000	21	0	0	1	21	212	192	2.1	39.2
Query_348811	XM_040459764.1	100.000	21	0	0	1	21	428	408	2.1	39.2
Query_348811	XM_040459763.1	100.000	21	0	0	1	21	365	345	2.1	39.2
Query_348811	XM_040453115.1	100.000	21	0	0	1	21	353	333	2.1	39.2
Query_348811	XM_040483671.1	100.000	21	0	0	1	21	364	344	2.1	39.2
Query_348811	XM_040457089.1	100.000	21	0	0	1	21	372	352	2.1	39.2
Query_348811	XM_040265114.1	100.000	21	0	0	1	21	146	126	2.1	39.2
Query_348811	XM_029070229.2	100.000	21	0	0	1	21	381	361	2.1	39.2
Query_348811	XM_016228206.3	100.000	21	0	0	1	21	455	435	2.1	39.2
Query_348811	HG994414.1	100.000	21	0	0	1	21	24269232	24269212	2.1	39.2
Query_348811	HG994408.1	100.000	21	0	0	1	21	45503736	45503756	2.1	39.2
Query_348811	HG994407.1	100.000	21	0	0	1	21	38718000	38718020	2.1	39.2
Query_348811	HG994399.1	100.000	21	0	0	1	21	14112773	14112793	2.1	39.2
Query_348811	HG994399.1	100.000	21	0	0	1	21	55249691	55249671	2.1	39.2
Query_348811	HG994384.1	100.000	21	0	0	1	21	36595973	36595953	2.1	39.2
Query_348811	XM_039864588.1	100.000	21	0	0	1	21	546	526	2.1	39.2
Query_348811	XM_039864587.1	100.000	21	0	0	1	21	410	390	2.1	39.2
Query_348811	XM_039864586.1	100.000	21	0	0	1	21	2043	2023	2.1	39.2
Query_348811	XM_039864584.1	100.000	21	0	0	1	21	426	406	2.1	39.2
Query_348811	CP068258.1	100.000	21	0	0	1	21	51852504	51852524	2.1	39.2
Query_348811	XM_038432768.1	100.000	21	0	0	1	21	297	277	2.1	39.2
Query_348811	XM_038432767.1	100.000	21	0	0	1	21	401	381	2.1	39.2
Query_348811	XM_038687102.1	100.000	21	0	0	1	21	353	333	2.1	39.2
Query_348811	XM_038750001.1	100.000	21	0	0	1	21	445	425	2.1	39.2
Query_348811	XM_037988979.1	100.000	21	0	0	1	21	375	355	2.1	39.2
Query_348811	XM_037983802.1	100.000	21	0	0	1	21	360	340	2.1	39.2
Query_348811	XM_008014329.2	100.000	21	0	0	1	21	553	533	2.1	39.2
Query_348811	XM_037982646.1	100.000	21	0	0	1	21	336	316	2.1	39.2
Query_348811	XM_008014322.2	100.000	21	0	0	1	21	632	612	2.1	39.2
Query_348811	XM_037982645.1	100.000	21	0	0	1	21	337	317	2.1	39.2
Query_348811	XM_008014318.2	100.000	21	0	0	1	21	492	472	2.1	39.2
Query_348811	XM_008014312.2	100.000	21	0	0	1	21	426	406	2.1	39.2
Query_348811	XM_037996789.1	100.000	21	0	0	1	21	358	338	2.1	39.2
Query_348811	XM_037821188.1	100.000	21	0	0	1	21	362	342	2.1	39.2
Query_348811	XM_037845652.1	100.000	21	0	0	1	21	290	270	2.1	39.2
Query_348811	XM_037841024.1	100.000	21	0	0	1	21	215	195	2.1	39.2
Query_348811	XM_037841023.1	100.000	21	0	0	1	21	341	321	2.1	39.2
Query_348811	XM_037810938.1	100.000	21	0	0	1	21	378	358	2.1	39.2
Query_348811	XM_037810538.1	100.000	21	0	0	1	21	260	240	2.1	39.2
Query_348811	XM_037808029.1	100.000	21	0	0	1	21	167	147	2.1	39.2
Query_348811	XM_037808017.1	100.000	21	0	0	1	21	134	154	2.1	39.2
Query_348811	XM_037801994.1	100.000	21	0	0	1	21	221	201	2.1	39.2
Query_348811	XM_037799127.1	100.000	21	0	0	1	21	341	321	2.1	39.2
Query_348811	XM_037734717.1	100.000	21	0	0	1	21	354	334	2.1	39.2
Query_348811	XR_001817404.2	100.000	21	0	0	1	21	341	321	2.1	39.2
Query_348811	XM_037743277.1	100.000	21	0	0	1	21	323	303	2.1	39.2
Query_348811	XR_005202231.1	100.000	21	0	0	1	21	356	336	2.1	39.2
Query_348811	XM_037739054.1	100.000	21	0	0	1	21	802	782	2.1	39.2
Query_348811	XR_005200512.1	100.000	21	0	0	1	21	638	618	2.1	39.2
Query_348811	XR_005200511.1	100.000	21	0	0	1	21	462	442	2.1	39.2
Query_348811	XR_005200510.1	100.000	21	0	0	1	21	690	670	2.1	39.2
Query_348811	XR_005200509.1	100.000	21	0	0	1	21	514	494	2.1	39.2
Query_348811	XM_017529922.2	100.000	21	0	0	1	21	429	409	2.1	39.2
Query_348811	XM_017529921.2	100.000	21	0	0	1	21	429	409	2.1	39.2
Query_348811	XM_037500285.1	100.000	21	0	0	1	21	390	370	2.1	39.2
Query_348811	XM_017651907.2	100.000	21	0	0	1	21	460	440	2.1	39.2
Query_348811	XM_017651906.2	100.000	21	0	0	1	21	556	536	2.1	39.2
Query_348811	XM_017651904.2	100.000	21	0	0	1	21	448	428	2.1	39.2
Query_348811	XM_017651903.2	100.000	21	0	0	1	21	426	406	2.1	39.2
Query_348811	XM_036901999.1	100.000	21	0	0	1	21	449	429	2.1	39.2
Query_348811	XM_036901998.1	100.000	21	0	0	1	21	552	532	2.1	39.2
Query_348811	XM_036901997.1	100.000	21	0	0	1	21	338	318	2.1	39.2
Query_348811	XM_036901996.1	100.000	21	0	0	1	21	426	406	2.1	39.2
Query_348811	XM_036824864.1	100.000	21	0	0	1	21	320	300	2.1	39.2
Query_348811	XM_036824863.1	100.000	21	0	0	1	21	413	393	2.1	39.2
Query_348811	XM_036824862.1	100.000	21	0	0	1	21	587	567	2.1	39.2
Query_348811	XM_036824861.1	100.000	21	0	0	1	21	445	425	2.1	39.2
Query_348811	XM_036757011.1	100.000	21	0	0	1	21	354	334	2.1	39.2
Query_348811	XM_036748912.1	100.000	21	0	0	1	21	456	436	2.1	39.2
Query_348811	XM_036244480.1	100.000	21	0	0	1	21	440	420	2.1	39.2
Query_348811	XM_036244479.1	100.000	21	0	0	1	21	371	351	2.1	39.2
Query_348811	XM_036244478.1	100.000	21	0	0	1	21	481	461	2.1	39.2
Query_348811	XM_036244476.1	100.000	21	0	0	1	21	393	373	2.1	39.2
Query_348811	XM_036244475.1	100.000	21	0	0	1	21	410	390	2.1	39.2
Query_348811	XM_036253164.1	100.000	21	0	0	1	21	341	321	2.1	39.2
Query_348811	XM_036229301.1	100.000	21	0	0	1	21	546	526	2.1	39.2
Query_348811	XM_016143743.2	100.000	21	0	0	1	21	410	390	2.1	39.2
Query_348811	XM_036229300.1	100.000	21	0	0	1	21	3189	3169	2.1	39.2
Query_348811	XM_016143742.2	100.000	21	0	0	1	21	417	397	2.1	39.2
Query_348811	AP023480.1	100.000	21	0	0	1	21	3287710	3287730	2.1	39.2
Query_348811	AP023480.1	100.000	21	0	0	1	21	48145322	48145342	2.1	39.2
Query_348811	XM_036064668.1	100.000	21	0	0	1	21	339	319	2.1	39.2
Query_348811	XM_036064667.1	100.000	21	0	0	1	21	547	527	2.1	39.2
Query_348811	XM_036064666.1	100.000	21	0	0	1	21	390	370	2.1	39.2
Query_348811	XM_036064665.1	100.000	21	0	0	1	21	339	319	2.1	39.2
Query_348811	XM_036078322.1	100.000	21	0	0	1	21	821	801	2.1	39.2
Query_348811	XM_036077669.1	100.000	21	0	0	1	21	2157	2137	2.1	39.2
Query_348811	NM_001257398.2	100.000	21	0	0	1	21	502	482	2.1	39.2
Query_348811	NM_001282579.2	100.000	21	0	0	1	21	463	443	2.1	39.2
Query_348811	NM_001282576.2	100.000	21	0	0	1	21	637	617	2.1	39.2
Query_348811	XM_025470388.2	100.000	21	0	0	1	21	295	275	2.1	39.2
Query_348811	XM_035705783.1	100.000	21	0	0	1	21	462	442	2.1	39.2
Query_348811	XM_025470385.2	100.000	21	0	0	1	21	426	406	2.1	39.2
Query_348811	XM_035725421.1	100.000	21	0	0	1	21	218	198	2.1	39.2
Query_348811	XM_027621509.2	100.000	21	0	0	1	21	268	248	2.1	39.2
Query_348811	XM_027621508.2	100.000	21	0	0	1	21	394	374	2.1	39.2
Query_348811	XM_035728383.1	100.000	21	0	0	1	21	341	321	2.1	39.2
Query_348811	XM_027606759.2	100.000	21	0	0	1	21	6483	6463	2.1	39.2
Query_348811	XM_035727077.1	100.000	21	0	0	1	21	350	330	2.1	39.2
Query_348811	XM_035726584.1	100.000	21	0	0	1	21	326	306	2.1	39.2


