# blastn
# Iteration: 0
# Query: 
# RID: 6UJJGPWN013
# Database: nt
# Fields: query acc.ver, subject acc.ver, % identity, alignment length, mismatches, gap opens, q. start, q. end, s. start, s. end, evalue, bit score
# 100 hits found
Query_34769	XM_035005109.1	100.000	21	0	0	1	21	488	468	2.1	39.2
Query_34769	XM_035005108.1	100.000	21	0	0	1	21	992	972	2.1	39.2
Query_34769	XM_034958465.1	100.000	21	0	0	1	21	353	333	2.1	39.2
Query_34769	XM_034958464.1	100.000	21	0	0	1	21	464	444	2.1	39.2
Query_34769	XM_002925166.4	100.000	21	0	0	1	21	437	417	2.1	39.2
Query_34769	XM_034671927.1	100.000	21	0	0	1	21	488	468	2.1	39.2
Query_34769	XM_033856950.1	100.000	21	0	0	1	21	464	444	2.1	39.2
Query_34769	XM_033856948.1	100.000	21	0	0	1	21	489	469	2.1	39.2
Query_34769	XM_010625119.3	100.000	21	0	0	1	21	230	210	2.1	39.2
Query_34769	XM_004266248.3	100.000	21	0	0	1	21	464	444	2.1	39.2
Query_34769	XM_033421680.1	100.000	21	0	0	1	21	501	481	2.1	39.2
Query_34769	XM_033214025.1	100.000	21	0	0	1	21	392	372	2.1	39.2
Query_34769	XM_033214024.1	100.000	21	0	0	1	21	343	323	2.1	39.2
Query_34769	XM_033214023.1	100.000	21	0	0	1	21	542	522	2.1	39.2
Query_34769	XM_033105655.1	100.000	21	0	0	1	21	353	333	2.1	39.2
Query_34769	XM_033105654.1	100.000	21	0	0	1	21	464	444	2.1	39.2
Query_34769	XM_032853039.1	100.000	21	0	0	1	21	590	570	2.1	39.2
Query_34769	XM_032632480.1	100.000	21	0	0	1	21	339	319	2.1	39.2
Query_34769	XM_032632479.1	100.000	21	0	0	1	21	2369	2349	2.1	39.2
Query_34769	XM_032632478.1	100.000	21	0	0	1	21	465	445	2.1	39.2
Query_34769	XM_032632477.1	100.000	21	0	0	1	21	4300	4280	2.1	39.2
Query_34769	XM_032496093.1	100.000	21	0	0	1	21	444	424	2.1	39.2
Query_34769	XM_032400221.1	100.000	21	0	0	1	21	473	453	2.1	39.2
Query_34769	XM_032334119.1	100.000	21	0	0	1	21	672	652	2.1	39.2
Query_34769	XR_004273278.1	100.000	21	0	0	1	21	441	421	2.1	39.2
Query_34769	XM_040485326.1	100.000	21	0	0	1	21	387	367	2.1	39.2
Query_34769	XM_021722734.2	100.000	21	0	0	1	21	384	364	2.1	39.2
Query_34769	XM_005319928.3	100.000	21	0	0	1	21	488	468	2.1	39.2
Query_34769	XM_040238047.1	100.000	21	0	0	1	21	320	300	2.1	39.2
Query_34769	XM_040238046.1	100.000	21	0	0	1	21	345	325	2.1	39.2
Query_34769	XM_040238045.1	100.000	21	0	0	1	21	382	362	2.1	39.2
Query_34769	XM_040238044.1	100.000	21	0	0	1	21	579	559	2.1	39.2
Query_34769	HG994384.1	100.000	21	0	0	1	21	74320124	74320144	2.1	39.2
Query_34769	XM_003940989.2	100.000	21	0	0	1	21	339	319	2.1	39.2
Query_34769	XM_039468204.1	100.000	21	0	0	1	21	358	338	2.1	39.2
Query_34769	XM_039226965.1	100.000	21	0	0	1	21	239	219	2.1	39.2
Query_34769	XM_039226963.1	100.000	21	0	0	1	21	482	462	2.1	39.2
Query_34769	XM_038661952.1	100.000	21	0	0	1	21	381	361	2.1	39.2
Query_34769	XM_038661951.1	100.000	21	0	0	1	21	344	324	2.1	39.2
Query_34769	XM_038661950.1	100.000	21	0	0	1	21	493	473	2.1	39.2
Query_34769	XM_022417228.2	100.000	21	0	0	1	21	381	361	2.1	39.2
Query_34769	XM_846094.6	100.000	21	0	0	1	21	344	324	2.1	39.2
Query_34769	XM_003434394.5	100.000	21	0	0	1	21	493	473	2.1	39.2
Query_34769	XM_038324635.1	100.000	21	0	0	1	21	191	171	2.1	39.2
Query_34769	XM_038323543.1	100.000	21	0	0	1	21	597	577	2.1	39.2
Query_34769	XM_038008617.1	100.000	21	0	0	1	21	370	350	2.1	39.2
Query_34769	XM_008017600.2	100.000	21	0	0	1	21	542	522	2.1	39.2
Query_34769	XM_037829624.1	100.000	21	0	0	1	21	135	115	2.1	39.2
Query_34769	XM_037829623.1	100.000	21	0	0	1	21	420	400	2.1	39.2
Query_34769	XM_037823026.1	100.000	21	0	0	1	21	242	222	2.1	39.2
Query_34769	XR_001826530.2	100.000	21	0	0	1	21	411	391	2.1	39.2
Query_34769	XM_017527248.2	100.000	21	0	0	1	21	355	335	2.1	39.2
Query_34769	XM_017527247.2	100.000	21	0	0	1	21	542	522	2.1	39.2
Query_34769	XM_017527245.2	100.000	21	0	0	1	21	542	522	2.1	39.2
Query_34769	XM_037530494.1	100.000	21	0	0	1	21	173	153	2.1	39.2
Query_34769	XM_037530493.1	100.000	21	0	0	1	21	469	449	2.1	39.2
Query_34769	XM_028882241.2	100.000	21	0	0	1	21	122	102	2.1	39.2
Query_34769	XM_028882240.2	100.000	21	0	0	1	21	323	303	2.1	39.2
Query_34769	XM_037138034.1	100.000	21	0	0	1	21	182	162	2.1	39.2
Query_34769	XM_037138033.1	100.000	21	0	0	1	21	484	464	2.1	39.2
Query_34769	XM_037064307.1	100.000	21	0	0	1	21	182	162	2.1	39.2
Query_34769	XM_037064306.1	100.000	21	0	0	1	21	468	448	2.1	39.2
Query_34769	XM_017662459.2	100.000	21	0	0	1	21	410	390	2.1	39.2
Query_34769	XM_036908505.1	100.000	21	0	0	1	21	412	392	2.1	39.2
Query_34769	XM_036852348.1	100.000	21	0	0	1	21	462	442	2.1	39.2
Query_34769	XM_036852347.1	100.000	21	0	0	1	21	505	485	2.1	39.2
Query_34769	XM_036496828.1	100.000	21	0	0	1	21	203	183	2.1	39.2
Query_34769	XM_036496827.1	100.000	21	0	0	1	21	375	355	2.1	39.2
Query_34769	XM_004579145.3	100.000	21	0	0	1	21	434	414	2.1	39.2
Query_34769	XM_036258045.1	100.000	21	0	0	1	21	246	226	2.1	39.2
Query_34769	XM_036258037.1	100.000	21	0	0	1	21	312	292	2.1	39.2
Query_34769	XM_036258027.1	100.000	21	0	0	1	21	382	362	2.1	39.2
Query_34769	XM_036258018.1	100.000	21	0	0	1	21	417	397	2.1	39.2
Query_34769	XM_036258009.1	100.000	21	0	0	1	21	470	450	2.1	39.2
Query_34769	XM_036258001.1	100.000	21	0	0	1	21	469	449	2.1	39.2
Query_34769	XM_036200412.1	100.000	21	0	0	1	21	536	516	2.1	39.2
Query_34769	XM_036112050.1	100.000	21	0	0	1	21	335	315	2.1	39.2
Query_34769	XM_036112045.1	100.000	21	0	0	1	21	467	447	2.1	39.2
Query_34769	XM_036112039.1	100.000	21	0	0	1	21	293	273	2.1	39.2
Query_34769	XM_036112035.1	100.000	21	0	0	1	21	326	306	2.1	39.2
Query_34769	XM_036112026.1	100.000	21	0	0	1	21	409	389	2.1	39.2
Query_34769	XM_030314001.3	100.000	21	0	0	1	21	448	428	2.1	39.2
Query_34769	XM_028507672.2	100.000	21	0	0	1	21	353	333	2.1	39.2
Query_34769	XM_028507668.2	100.000	21	0	0	1	21	477	457	2.1	39.2
Query_34769	LR877197.1	100.000	21	0	0	1	21	44490519	44490539	2.1	39.2
Query_34769	XM_035714481.1	100.000	21	0	0	1	21	154	134	2.1	39.2
Query_34769	XM_025437023.2	100.000	21	0	0	1	21	343	323	2.1	39.2
Query_34769	XM_035714480.1	100.000	21	0	0	1	21	217	197	2.1	39.2
Query_34769	XM_035714479.1	100.000	21	0	0	1	21	220	200	2.1	39.2
Query_34769	XM_025437022.2	100.000	21	0	0	1	21	492	472	2.1	39.2
Query_34769	XM_027599485.2	100.000	21	0	0	1	21	492	472	2.1	39.2
Query_34769	XM_027390759.2	100.000	21	0	0	1	21	363	343	2.1	39.2
Query_34769	XM_027390758.2	100.000	21	0	0	1	21	311	291	2.1	39.2
Query_34769	XM_027390757.2	100.000	21	0	0	1	21	462	442	2.1	39.2
Query_34769	XM_003512233.3	100.000	21	0	0	1	21	606	586	2.1	39.2
Query_34769	XM_017970616.2	100.000	21	0	0	1	21	556	536	2.1	39.2
Query_34769	XM_035293865.1	100.000	21	0	0	1	21	514	494	2.1	39.2
Query_34769	XM_008993465.3	100.000	21	0	0	1	21	664	644	2.1	39.2
Query_34769	XM_035293864.1	100.000	21	0	0	1	21	257	237	2.1	39.2
Query_34769	XM_002745900.5	100.000	21	0	0	1	21	649	629	2.1	39.2


