# blastn
# Iteration: 0
# Query: 
# RID: 6MS37KEY013
# Database: nt
# Fields: query acc.ver, subject acc.ver, % identity, alignment length, mismatches, gap opens, q. start, q. end, s. start, s. end, evalue, bit score
# 100 hits found
Query_5011	XM_013355738.3	100.000	21	0	0	1	21	2261	2241	2.0	39.2
Query_5011	XM_021721854.2	100.000	21	0	0	1	21	2309	2289	2.0	39.2
Query_5011	XR_005722721.1	100.000	21	0	0	1	21	3140	3120	2.0	39.2
Query_5011	XM_040249572.1	100.000	21	0	0	1	21	2129	2109	2.0	39.2
Query_5011	XM_040249571.1	100.000	21	0	0	1	21	2168	2148	2.0	39.2
Query_5011	XM_040249570.1	100.000	21	0	0	1	21	2132	2112	2.0	39.2
Query_5011	HG994392.1	100.000	21	0	0	1	21	13811405	13811385	2.0	39.2
Query_5011	XM_039854831.1	100.000	21	0	0	1	21	2089	2069	2.0	39.2
Query_5011	XM_039854830.1	100.000	21	0	0	1	21	2493	2473	2.0	39.2
Query_5011	XM_039854829.1	100.000	21	0	0	1	21	2387	2367	2.0	39.2
Query_5011	XM_039854828.1	100.000	21	0	0	1	21	2172	2152	2.0	39.2
Query_5011	XM_039854827.1	100.000	21	0	0	1	21	2231	2211	2.0	39.2
Query_5011	XM_039854826.1	100.000	21	0	0	1	21	2532	2512	2.0	39.2
Query_5011	XM_039466881.1	100.000	21	0	0	1	21	2298	2278	2.0	39.2
Query_5011	XM_010333936.2	100.000	21	0	0	1	21	2348	2328	2.0	39.2
Query_5011	XM_039466875.1	100.000	21	0	0	1	21	2174	2154	2.0	39.2
Query_5011	XM_039231230.1	100.000	21	0	0	1	21	2172	2152	2.0	39.2
Query_5011	XM_039084826.1	100.000	21	0	0	1	21	2218	2198	2.0	39.2
Query_5011	XM_006244582.4	100.000	21	0	0	1	21	2167	2147	2.0	39.2
Query_5011	XM_039084824.1	100.000	21	0	0	1	21	2199	2179	2.0	39.2
Query_5011	XM_003750650.5	100.000	21	0	0	1	21	2206	2186	2.0	39.2
Query_5011	XM_038683648.1	100.000	21	0	0	1	21	2124	2104	2.0	39.2
Query_5011	XM_038683647.1	100.000	21	0	0	1	21	2184	2164	2.0	39.2
Query_5011	XM_038683646.1	100.000	21	0	0	1	21	2166	2146	2.0	39.2
Query_5011	XM_005627398.4	100.000	21	0	0	1	21	2124	2104	2.0	39.2
Query_5011	XM_014118472.3	100.000	21	0	0	1	21	2184	2164	2.0	39.2
Query_5011	XM_846912.7	100.000	21	0	0	1	21	2166	2146	2.0	39.2
Query_5011	XM_038341152.1	100.000	21	0	0	1	21	2025	2005	2.0	39.2
Query_5011	XM_038341151.1	100.000	21	0	0	1	21	2225	2205	2.0	39.2
Query_5011	XM_038341149.1	100.000	21	0	0	1	21	2276	2256	2.0	39.2
Query_5011	XM_007972423.2	100.000	21	0	0	1	21	2246	2226	2.0	39.2
Query_5011	XM_038006128.1	100.000	21	0	0	1	21	2271	2251	2.0	39.2
Query_5011	XM_038006127.1	100.000	21	0	0	1	21	2167	2147	2.0	39.2
Query_5011	XM_007972424.2	100.000	21	0	0	1	21	2310	2290	2.0	39.2
Query_5011	XM_007972422.2	100.000	21	0	0	1	21	2206	2186	2.0	39.2
Query_5011	XM_037843300.1	100.000	21	0	0	1	21	2071	2051	2.0	39.2
Query_5011	XM_037843299.1	100.000	21	0	0	1	21	2122	2102	2.0	39.2
Query_5011	XM_037843298.1	100.000	21	0	0	1	21	2174	2154	2.0	39.2
Query_5011	XM_037843297.1	100.000	21	0	0	1	21	2161	2141	2.0	39.2
Query_5011	XM_017547408.2	100.000	21	0	0	1	21	2153	2133	2.0	39.2
Query_5011	XM_037745344.1	100.000	21	0	0	1	21	2225	2205	2.0	39.2
Query_5011	XM_017547404.2	100.000	21	0	0	1	21	2194	2174	2.0	39.2
Query_5011	XM_017547403.2	100.000	21	0	0	1	21	2251	2231	2.0	39.2
Query_5011	XM_017547402.2	100.000	21	0	0	1	21	2169	2149	2.0	39.2
Query_5011	XM_037519798.1	100.000	21	0	0	1	21	2164	2144	2.0	39.2
Query_5011	XM_037519797.1	100.000	21	0	0	1	21	2097	2077	2.0	39.2
Query_5011	XM_028887108.2	100.000	21	0	0	1	21	2117	2097	2.0	39.2
Query_5011	XM_037142609.1	100.000	21	0	0	1	21	2130	2110	2.0	39.2
Query_5011	XM_037142608.1	100.000	21	0	0	1	21	2223	2203	2.0	39.2
Query_5011	XM_037142607.1	100.000	21	0	0	1	21	2169	2149	2.0	39.2
Query_5011	XM_037053815.1	100.000	21	0	0	1	21	2139	2119	2.0	39.2
Query_5011	XM_037053808.1	100.000	21	0	0	1	21	2244	2224	2.0	39.2
Query_5011	XM_037053800.1	100.000	21	0	0	1	21	2178	2158	2.0	39.2
Query_5011	XM_036868838.1	100.000	21	0	0	1	21	1789	1769	2.0	39.2
Query_5011	XM_036868837.1	100.000	21	0	0	1	21	2112	2092	2.0	39.2
Query_5011	XM_036868836.1	100.000	21	0	0	1	21	2133	2113	2.0	39.2
Query_5011	XM_036868835.1	100.000	21	0	0	1	21	2150	2130	2.0	39.2
Query_5011	XM_036868834.1	100.000	21	0	0	1	21	2309	2289	2.0	39.2
Query_5011	XM_036868833.1	100.000	21	0	0	1	21	2244	2224	2.0	39.2
Query_5011	XM_036868832.1	100.000	21	0	0	1	21	2327	2307	2.0	39.2
Query_5011	XM_036868831.1	100.000	21	0	0	1	21	2172	2152	2.0	39.2
Query_5011	XM_036765790.1	100.000	21	0	0	1	21	2309	2289	2.0	39.2
Query_5011	XM_036765789.1	100.000	21	0	0	1	21	2140	2120	2.0	39.2
Query_5011	XM_036765788.1	100.000	21	0	0	1	21	2187	2167	2.0	39.2
Query_5011	XM_004590404.2	100.000	21	0	0	1	21	2152	2132	2.0	39.2
Query_5011	XM_036414074.1	100.000	21	0	0	1	21	2152	2132	2.0	39.2
Query_5011	XM_036414072.1	100.000	21	0	0	1	21	2253	2233	2.0	39.2
Query_5011	XM_036414071.1	100.000	21	0	0	1	21	2191	2171	2.0	39.2
Query_5011	XM_036316794.1	100.000	21	0	0	1	21	1859	1839	2.0	39.2
Query_5011	XM_036316793.1	100.000	21	0	0	1	21	1898	1878	2.0	39.2
Query_5011	XM_036316792.1	100.000	21	0	0	1	21	1978	1958	2.0	39.2
Query_5011	XM_036316791.1	100.000	21	0	0	1	21	2132	2112	2.0	39.2
Query_5011	XM_036316790.1	100.000	21	0	0	1	21	2339	2319	2.0	39.2
Query_5011	XM_036316789.1	100.000	21	0	0	1	21	2171	2151	2.0	39.2
Query_5011	XM_036248030.1	100.000	21	0	0	1	21	2166	2146	2.0	39.2
Query_5011	XM_036248029.1	100.000	21	0	0	1	21	2197	2177	2.0	39.2
Query_5011	XM_036167119.1	100.000	21	0	0	1	21	2158	2138	2.0	39.2
Query_5011	XM_036167118.1	100.000	21	0	0	1	21	2197	2177	2.0	39.2
Query_5011	XM_036082770.1	100.000	21	0	0	1	21	2141	2121	2.0	39.2
Query_5011	XM_036082769.1	100.000	21	0	0	1	21	2072	2052	2.0	39.2
Query_5011	XM_036082767.1	100.000	21	0	0	1	21	2183	2163	2.0	39.2
Query_5011	XM_028508568.2	100.000	21	0	0	1	21	2295	2275	2.0	39.2
Query_5011	XM_028508566.2	100.000	21	0	0	1	21	2158	2138	2.0	39.2
Query_5011	XM_028508565.2	100.000	21	0	0	1	21	2197	2177	2.0	39.2
Query_5011	XM_036024155.1	100.000	21	0	0	1	21	2359	2339	2.0	39.2
Query_5011	XM_036024154.1	100.000	21	0	0	1	21	2437	2417	2.0	39.2
Query_5011	XM_036024153.1	100.000	21	0	0	1	21	2398	2378	2.0	39.2
Query_5011	LR877222.1	100.000	21	0	0	1	21	12245913	12245893	2.0	39.2
Query_5011	LR877205.1	100.000	21	0	0	1	21	8596298	8596278	2.0	39.2
Query_5011	XM_025418885.2	100.000	21	0	0	1	21	2129	2109	2.0	39.2
Query_5011	XM_035697506.1	100.000	21	0	0	1	21	2312	2292	2.0	39.2
Query_5011	XM_025418884.2	100.000	21	0	0	1	21	2184	2164	2.0	39.2
Query_5011	XM_025418883.2	100.000	21	0	0	1	21	2171	2151	2.0	39.2
Query_5011	XM_027602293.2	100.000	21	0	0	1	21	3432	3412	2.0	39.2
Query_5011	XM_027602292.2	100.000	21	0	0	1	21	3471	3451	2.0	39.2
Query_5011	XM_027602291.2	100.000	21	0	0	1	21	3513	3493	2.0	39.2
Query_5011	LR862362.1	100.000	21	0	0	1	21	11327439	11327419	2.0	39.2
Query_5011	XM_027387392.2	100.000	21	0	0	1	21	2197	2177	2.0	39.2
Query_5011	XM_027387391.2	100.000	21	0	0	1	21	2352	2332	2.0	39.2
Query_5011	XM_035455361.1	100.000	21	0	0	1	21	2176	2156	2.0	39.2


