# blastn
# Iteration: 0
# Query: 
# RID: 7RS43ZDB013
# Database: nt
# Fields: query acc.ver, subject acc.ver, % identity, alignment length, mismatches, gap opens, q. start, q. end, s. start, s. end, evalue, bit score
# 102 hits found
Query_49993	XM_040459764.1	100.000	21	0	0	1	21	240	220	2.1	39.2
Query_49993	XM_040459763.1	100.000	21	0	0	1	21	177	157	2.1	39.2
Query_49993	XM_040483671.1	100.000	21	0	0	1	21	176	156	2.1	39.2
Query_49993	HG994407.1	100.000	21	0	0	1	21	38728539	38728559	2.1	39.2
Query_49993	HG994392.1	100.000	21	0	0	1	21	46905589	46905569	2.1	39.2
Query_49993	XM_039864588.1	100.000	21	0	0	1	21	170	150	2.1	39.2
Query_49993	XM_039864587.1	100.000	21	0	0	1	21	170	150	2.1	39.2
Query_49993	XM_039864584.1	100.000	21	0	0	1	21	238	218	2.1	39.2
Query_49993	XM_010343114.2	100.000	21	0	0	1	21	377	357	2.1	39.2
Query_49993	XM_039479769.1	100.000	21	0	0	1	21	213	193	2.1	39.2
Query_49993	XM_039479768.1	100.000	21	0	0	1	21	170	150	2.1	39.2
Query_49993	XM_039479767.1	100.000	21	0	0	1	21	213	193	2.1	39.2
Query_49993	CP068258.1	100.000	21	0	0	1	21	3393113	3393133	2.1	39.2
Query_49993	CP068258.1	100.000	21	0	0	1	21	51866467	51866487	2.1	39.2
Query_49993	XM_038432767.1	100.000	21	0	0	1	21	213	193	2.1	39.2
Query_49993	XM_038687102.1	100.000	21	0	0	1	21	165	145	2.1	39.2
Query_49993	XM_038330104.1	100.000	21	0	0	1	21	422	402	2.1	39.2
Query_49993	XM_038321457.1	100.000	21	0	0	1	21	462	442	2.1	39.2
Query_49993	XM_038345939.1	100.000	21	0	0	1	21	153	133	2.1	39.2
Query_49993	XM_037988979.1	100.000	21	0	0	1	21	187	167	2.1	39.2
Query_49993	XM_037983802.1	100.000	21	0	0	1	21	172	152	2.1	39.2
Query_49993	XM_008014329.2	100.000	21	0	0	1	21	175	155	2.1	39.2
Query_49993	XM_037982646.1	100.000	21	0	0	1	21	148	128	2.1	39.2
Query_49993	XM_008014322.2	100.000	21	0	0	1	21	444	424	2.1	39.2
Query_49993	XM_037982645.1	100.000	21	0	0	1	21	149	129	2.1	39.2
Query_49993	XM_008014318.2	100.000	21	0	0	1	21	304	284	2.1	39.2
Query_49993	XM_008014312.2	100.000	21	0	0	1	21	238	218	2.1	39.2
Query_49993	XM_037996789.1	100.000	21	0	0	1	21	170	150	2.1	39.2
Query_49993	XM_037821188.1	100.000	21	0	0	1	21	174	154	2.1	39.2
Query_49993	XM_037841024.1	100.000	21	0	0	1	21	153	133	2.1	39.2
Query_49993	XM_037841023.1	100.000	21	0	0	1	21	153	133	2.1	39.2
Query_49993	XM_037810938.1	100.000	21	0	0	1	21	190	170	2.1	39.2
Query_49993	XM_037799127.1	100.000	21	0	0	1	21	153	133	2.1	39.2
Query_49993	XM_037825966.1	100.000	21	0	0	1	21	153	133	2.1	39.2
Query_49993	XM_037734717.1	100.000	21	0	0	1	21	166	146	2.1	39.2
Query_49993	XR_001817404.2	100.000	21	0	0	1	21	153	133	2.1	39.2
Query_49993	XR_005202231.1	100.000	21	0	0	1	21	168	148	2.1	39.2
Query_49993	XM_037739054.1	100.000	21	0	0	1	21	614	594	2.1	39.2
Query_49993	XR_005200512.1	100.000	21	0	0	1	21	241	221	2.1	39.2
Query_49993	XR_005200511.1	100.000	21	0	0	1	21	241	221	2.1	39.2
Query_49993	XR_005200510.1	100.000	21	0	0	1	21	241	221	2.1	39.2
Query_49993	XR_005200509.1	100.000	21	0	0	1	21	241	221	2.1	39.2
Query_49993	XM_017529922.2	100.000	21	0	0	1	21	241	221	2.1	39.2
Query_49993	XM_017529921.2	100.000	21	0	0	1	21	241	221	2.1	39.2
Query_49993	XM_037500285.1	100.000	21	0	0	1	21	202	182	2.1	39.2
Query_49993	XM_028868577.2	100.000	21	0	0	1	21	465	445	2.1	39.2
Query_49993	XM_017651907.2	100.000	21	0	0	1	21	272	252	2.1	39.2
Query_49993	XM_017651906.2	100.000	21	0	0	1	21	368	348	2.1	39.2
Query_49993	XM_017651904.2	100.000	21	0	0	1	21	260	240	2.1	39.2
Query_49993	XM_017651903.2	100.000	21	0	0	1	21	238	218	2.1	39.2
Query_49993	XM_036901999.1	100.000	21	0	0	1	21	261	241	2.1	39.2
Query_49993	XM_036901998.1	100.000	21	0	0	1	21	364	344	2.1	39.2
Query_49993	XM_036901997.1	100.000	21	0	0	1	21	150	130	2.1	39.2
Query_49993	XM_036901996.1	100.000	21	0	0	1	21	238	218	2.1	39.2
Query_49993	XM_036417747.1	100.000	21	0	0	1	21	117	97	2.1	39.2
Query_49993	XM_036417746.1	100.000	21	0	0	1	21	263	243	2.1	39.2
Query_49993	XM_036417745.1	100.000	21	0	0	1	21	219	199	2.1	39.2
Query_49993	XM_036417743.1	100.000	21	0	0	1	21	131	111	2.1	39.2
Query_49993	XM_036417742.1	100.000	21	0	0	1	21	262	242	2.1	39.2
Query_49993	XM_036323834.1	100.000	21	0	0	1	21	288	268	2.1	39.2
Query_49993	XR_004970150.1	100.000	21	0	0	1	21	288	268	2.1	39.2
Query_49993	XM_036323833.1	100.000	21	0	0	1	21	287	267	2.1	39.2
Query_49993	XM_036300586.1	100.000	21	0	0	1	21	390	370	2.1	39.2
Query_49993	XM_036246753.1	100.000	21	0	0	1	21	153	133	2.1	39.2
Query_49993	XM_036244480.1	100.000	21	0	0	1	21	252	232	2.1	39.2
Query_49993	XM_036244479.1	100.000	21	0	0	1	21	183	163	2.1	39.2
Query_49993	XM_036244478.1	100.000	21	0	0	1	21	293	273	2.1	39.2
Query_49993	XM_036244476.1	100.000	21	0	0	1	21	205	185	2.1	39.2
Query_49993	XM_036244475.1	100.000	21	0	0	1	21	222	202	2.1	39.2
Query_49993	XM_036253164.1	100.000	21	0	0	1	21	153	133	2.1	39.2
Query_49993	XM_036229301.1	100.000	21	0	0	1	21	170	150	2.1	39.2
Query_49993	XM_016143743.2	100.000	21	0	0	1	21	170	150	2.1	39.2
Query_49993	XM_016143742.2	100.000	21	0	0	1	21	229	209	2.1	39.2
Query_49993	AP023480.1	100.000	21	0	0	1	21	3287899	3287919	2.1	39.2
Query_49993	AP023480.1	100.000	21	0	0	1	21	48159137	48159157	2.1	39.2
Query_49993	XM_036191594.1	100.000	21	0	0	1	21	153	133	2.1	39.2
Query_49993	XM_036191593.1	100.000	21	0	0	1	21	153	133	2.1	39.2
Query_49993	XM_036184029.1	100.000	21	0	0	1	21	327	307	2.1	39.2
Query_49993	XM_036172501.1	100.000	21	0	0	1	21	168	148	2.1	39.2
Query_49993	XM_036202663.1	100.000	21	0	0	1	21	162	142	2.1	39.2
Query_49993	XM_036064668.1	100.000	21	0	0	1	21	99	79	2.1	39.2
Query_49993	XM_036064667.1	100.000	21	0	0	1	21	485	465	2.1	39.2
Query_49993	XM_036064666.1	100.000	21	0	0	1	21	202	182	2.1	39.2
Query_49993	XM_036064665.1	100.000	21	0	0	1	21	151	131	2.1	39.2
Query_49993	LR877231.1	100.000	21	0	0	1	21	72272306	72272326	2.1	39.2
Query_49993	LR877215.1	100.000	21	0	0	1	21	17059940	17059960	2.1	39.2
Query_49993	LR877209.1	100.000	21	0	0	1	21	25785412	25785432	2.1	39.2
Query_49993	LR877199.1	100.000	21	0	0	1	21	7487438	7487418	2.1	39.2
Query_49993	LR877198.1	100.000	21	0	0	1	21	4637113	4637133	2.1	39.2
Query_49993	NR_104218.2	100.000	21	0	0	1	21	449	429	2.1	39.2
Query_49993	NM_001282580.2	100.000	21	0	0	1	21	175	155	2.1	39.2
Query_49993	NM_001257398.2	100.000	21	0	0	1	21	314	294	2.1	39.2
Query_49993	NM_001282579.2	100.000	21	0	0	1	21	275	255	2.1	39.2
Query_49993	NM_001282576.2	100.000	21	0	0	1	21	449	429	2.1	39.2
Query_49993	XM_035705783.1	100.000	21	0	0	1	21	274	254	2.1	39.2
Query_49993	XM_025470385.2	100.000	21	0	0	1	21	238	218	2.1	39.2
Query_49993	XM_027621509.2	100.000	21	0	0	1	21	206	186	2.1	39.2
Query_49993	XM_027621508.2	100.000	21	0	0	1	21	206	186	2.1	39.2
Query_49993	XM_035728383.1	100.000	21	0	0	1	21	153	133	2.1	39.2
Query_49993	XM_027610880.2	100.000	21	0	0	1	21	153	133	2.1	39.2
Query_49993	XM_027610879.2	100.000	21	0	0	1	21	153	133	2.1	39.2
Query_49993	LR862363.1	100.000	21	0	0	1	21	9943802	9943782	2.1	39.2


