# blastn
# Iteration: 0
# Query: 
# RID: 7JCTYV7W013
# Database: nt
# Fields: query acc.ver, subject acc.ver, % identity, alignment length, mismatches, gap opens, q. start, q. end, s. start, s. end, evalue, bit score
# 100 hits found
Query_20623	XM_034962171.1	100.000	21	0	0	1	21	2402	2382	2.1	39.2
Query_20623	XM_008958732.2	100.000	21	0	0	1	21	2604	2584	2.1	39.2
Query_20623	XM_003833230.2	100.000	21	0	0	1	21	2575	2555	2.1	39.2
Query_20623	XM_033217305.1	100.000	21	0	0	1	21	2766	2746	2.1	39.2
Query_20623	XM_033217304.1	100.000	21	0	0	1	21	2663	2643	2.1	39.2
Query_20623	XM_033217303.1	100.000	21	0	0	1	21	2538	2518	2.1	39.2
Query_20623	XM_033217302.1	100.000	21	0	0	1	21	2702	2682	2.1	39.2
Query_20623	XM_033217301.1	100.000	21	0	0	1	21	2577	2557	2.1	39.2
Query_20623	XM_032299538.1	100.000	21	0	0	1	21	2483	2463	2.1	39.2
Query_20623	XM_032299537.1	100.000	21	0	0	1	21	2617	2597	2.1	39.2
Query_20623	XM_032299536.1	100.000	21	0	0	1	21	2649	2629	2.1	39.2
Query_20623	XM_032299535.1	100.000	21	0	0	1	21	2643	2623	2.1	39.2
Query_20623	XM_032299534.1	100.000	21	0	0	1	21	2566	2546	2.1	39.2
Query_20623	XM_032141775.1	100.000	21	0	0	1	21	2515	2495	2.1	39.2
Query_20623	XM_032141774.1	100.000	21	0	0	1	21	2642	2622	2.1	39.2
Query_20623	XM_032141773.1	100.000	21	0	0	1	21	2560	2540	2.1	39.2
Query_20623	XM_023212910.2	100.000	21	0	0	1	21	2762	2742	2.1	39.2
Query_20623	XM_009205268.3	100.000	21	0	0	1	21	2663	2643	2.1	39.2
Query_20623	XM_009205267.4	100.000	21	0	0	1	21	2507	2487	2.1	39.2
Query_20623	XM_017957888.2	100.000	21	0	0	1	21	2702	2682	2.1	39.2
Query_20623	XM_009205270.2	100.000	21	0	0	1	21	2617	2597	2.1	39.2
Query_20623	XM_003897656.2	100.000	21	0	0	1	21	2560	2540	2.1	39.2
Query_20623	XM_019029654.2	100.000	21	0	0	1	21	2664	2644	2.1	39.2
Query_20623	XM_031012164.1	100.000	21	0	0	1	21	2494	2474	2.1	39.2
Query_20623	XM_031012163.1	100.000	21	0	0	1	21	2637	2617	2.1	39.2
Query_20623	XM_019029653.2	100.000	21	0	0	1	21	2703	2683	2.1	39.2
Query_20623	XM_031012162.1	100.000	21	0	0	1	21	2560	2540	2.1	39.2
Query_20623	XM_030928592.1	100.000	21	0	0	1	21	2638	2618	2.1	39.2
Query_20623	XM_010369756.2	100.000	21	0	0	1	21	2661	2641	2.1	39.2
Query_20623	XM_010369755.2	100.000	21	0	0	1	21	2520	2500	2.1	39.2
Query_20623	XM_010369754.2	100.000	21	0	0	1	21	2700	2680	2.1	39.2
Query_20623	XM_010369752.2	100.000	21	0	0	1	21	2559	2539	2.1	39.2
Query_20623	XM_030926553.1	100.000	21	0	0	1	21	787	767	2.1	39.2
Query_20623	XM_030795985.1	100.000	21	0	0	1	21	2515	2495	2.1	39.2
Query_20623	XM_030795984.1	100.000	21	0	0	1	21	2606	2586	2.1	39.2
Query_20623	XM_030795983.1	100.000	21	0	0	1	21	2642	2622	2.1	39.2
Query_20623	XM_030795982.1	100.000	21	0	0	1	21	2560	2540	2.1	39.2
Query_20623	XR_003728968.1	100.000	21	0	0	1	21	3	23	2.1	39.2
Query_20623	XM_028847511.1	100.000	21	0	0	1	21	2452	2432	2.1	39.2
Query_20623	XM_028847510.1	100.000	21	0	0	1	21	2631	2611	2.1	39.2
Query_20623	XM_028847509.1	100.000	21	0	0	1	21	2595	2575	2.1	39.2
Query_20623	XM_015136438.2	100.000	21	0	0	1	21	2567	2547	2.1	39.2
Query_20623	XM_015136440.2	100.000	21	0	0	1	21	2671	2651	2.1	39.2
Query_20623	NM_018426.3	100.000	21	0	0	1	21	2566	2546	2.1	39.2
Query_20623	XM_025383334.1	100.000	21	0	0	1	21	2613	2593	2.1	39.2
Query_20623	XM_025383333.1	100.000	21	0	0	1	21	2600	2580	2.1	39.2
Query_20623	XM_025383332.1	100.000	21	0	0	1	21	2560	2540	2.1	39.2
Query_20623	XM_011754408.2	100.000	21	0	0	1	21	2638	2618	2.1	39.2
Query_20623	XM_011754410.2	100.000	21	0	0	1	21	2496	2476	2.1	39.2
Query_20623	XM_011754409.2	100.000	21	0	0	1	21	2489	2469	2.1	39.2
Query_20623	XM_024795278.1	100.000	21	0	0	1	21	2595	2575	2.1	39.2
Query_20623	XM_011754407.2	100.000	21	0	0	1	21	2561	2541	2.1	39.2
Query_20623	XM_024446482.1	100.000	21	0	0	1	21	2834	2814	2.1	39.2
Query_20623	XM_009451354.3	100.000	21	0	0	1	21	2638	2618	2.1	39.2
Query_20623	XM_016955600.2	100.000	21	0	0	1	21	2607	2587	2.1	39.2
Query_20623	XM_016955605.2	100.000	21	0	0	1	21	2787	2767	2.1	39.2
Query_20623	XM_024357229.1	100.000	21	0	0	1	21	2504	2484	2.1	39.2
Query_20623	XM_016955604.2	100.000	21	0	0	1	21	2617	2597	2.1	39.2
Query_20623	XM_016955603.2	100.000	21	0	0	1	21	2827	2807	2.1	39.2
Query_20623	XM_016955602.2	100.000	21	0	0	1	21	2560	2540	2.1	39.2
Query_20623	XM_016955601.2	100.000	21	0	0	1	21	2896	2876	2.1	39.2
Query_20623	XM_024248597.1	100.000	21	0	0	1	21	2634	2614	2.1	39.2
Query_20623	XM_024248596.1	100.000	21	0	0	1	21	2475	2455	2.1	39.2
Query_20623	XM_024248595.1	100.000	21	0	0	1	21	2637	2617	2.1	39.2
Query_20623	XM_024248594.1	100.000	21	0	0	1	21	2918	2898	2.1	39.2
Query_20623	XM_024248593.1	100.000	21	0	0	1	21	2558	2538	2.1	39.2
Query_20623	XM_023212909.1	100.000	21	0	0	1	21	2575	2555	2.1	39.2
Query_20623	XM_017878129.1	100.000	21	0	0	1	21	2759	2739	2.1	39.2
Query_20623	XM_017878128.1	100.000	21	0	0	1	21	2572	2552	2.1	39.2
Query_20623	XM_017878127.1	100.000	21	0	0	1	21	2532	2512	2.1	39.2
Query_20623	XM_017878126.1	100.000	21	0	0	1	21	2611	2591	2.1	39.2
Query_20623	XM_017878124.1	100.000	21	0	0	1	21	2571	2551	2.1	39.2
Query_20623	XM_017011002.1	100.000	21	0	0	1	21	2607	2587	2.1	39.2
Query_20623	XM_017011001.1	100.000	21	0	0	1	21	2504	2484	2.1	39.2
Query_20623	XM_005249215.4	100.000	21	0	0	1	21	2765	2745	2.1	39.2
Query_20623	XM_005249214.4	100.000	21	0	0	1	21	2460	2440	2.1	39.2
Query_20623	XM_017011000.1	100.000	21	0	0	1	21	2804	2784	2.1	39.2
Query_20623	XM_005249213.4	100.000	21	0	0	1	21	2873	2853	2.1	39.2
Query_20623	XM_017010999.1	100.000	21	0	0	1	21	2823	2803	2.1	39.2
Query_20623	XM_039466881.1	100.000	21	0	0	1	21	2690	2670	2.1	39.2
Query_20623	XM_010333936.2	100.000	21	0	0	1	21	2740	2720	2.1	39.2
Query_20623	XM_039466875.1	100.000	21	0	0	1	21	2566	2546	2.1	39.2
Query_20623	XM_007972423.2	100.000	21	0	0	1	21	2638	2618	2.1	39.2
Query_20623	XM_038006128.1	100.000	21	0	0	1	21	2663	2643	2.1	39.2
Query_20623	XM_038006127.1	100.000	21	0	0	1	21	2559	2539	2.1	39.2
Query_20623	XM_007972424.2	100.000	21	0	0	1	21	2702	2682	2.1	39.2
Query_20623	XM_007972422.2	100.000	21	0	0	1	21	2598	2578	2.1	39.2
Query_20623	XM_017547408.2	100.000	21	0	0	1	21	2545	2525	2.1	39.2
Query_20623	XM_037745344.1	100.000	21	0	0	1	21	2617	2597	2.1	39.2
Query_20623	XM_017547404.2	100.000	21	0	0	1	21	2586	2566	2.1	39.2
Query_20623	XM_017547403.2	100.000	21	0	0	1	21	2643	2623	2.1	39.2
Query_20623	XM_017547402.2	100.000	21	0	0	1	21	2561	2541	2.1	39.2
Query_20623	XM_035295753.1	100.000	21	0	0	1	21	2623	2603	2.1	39.2
Query_20623	XM_035295752.1	100.000	21	0	0	1	21	2546	2526	2.1	39.2
Query_20623	XM_035295750.1	100.000	21	0	0	1	21	2746	2726	2.1	39.2
Query_20623	XM_035295749.1	100.000	21	0	0	1	21	2576	2556	2.1	39.2
Query_20623	XM_035295748.1	100.000	21	0	0	1	21	2590	2570	2.1	39.2
Query_20623	XM_035295747.1	100.000	21	0	0	1	21	2620	2600	2.1	39.2
Query_20623	XM_035295746.1	100.000	21	0	0	1	21	2745	2725	2.1	39.2
Query_20623	XM_035295745.1	100.000	21	0	0	1	21	2595	2575	2.1	39.2


