# blastn
# Iteration: 0
# Query: 
# RID: 6UFHAD20016
# Database: nt
# Fields: query acc.ver, subject acc.ver, % identity, alignment length, mismatches, gap opens, q. start, q. end, s. start, s. end, evalue, bit score
# 100 hits found
Query_18909	XM_003822875.4	100.000	21	0	0	1	21	1031	1011	2.1	39.2
Query_18909	XM_034490191.1	100.000	21	0	0	1	21	428	408	2.1	39.2
Query_18909	XM_034490190.1	100.000	21	0	0	1	21	425	405	2.1	39.2
Query_18909	XM_004324510.3	100.000	21	0	0	1	21	533	513	2.1	39.2
Query_18909	XM_033418820.1	100.000	21	0	0	1	21	712	692	2.1	39.2
Query_18909	CP050578.1	100.000	21	0	0	1	21	48543313	48543333	2.1	39.2
Query_18909	CP050616.1	100.000	21	0	0	1	21	48540417	48540437	2.1	39.2
Query_18909	XM_033234596.1	100.000	21	0	0	1	21	571	551	2.1	39.2
Query_18909	XM_033234595.1	100.000	21	0	0	1	21	564	544	2.1	39.2
Query_18909	XM_032858105.1	100.000	21	0	0	1	21	216	196	2.1	39.2
Query_18909	XM_032858104.1	100.000	21	0	0	1	21	435	415	2.1	39.2
Query_18909	XM_032651476.1	100.000	21	0	0	1	21	452	432	2.1	39.2
Query_18909	XM_032484581.1	100.000	21	0	0	1	21	789	769	2.1	39.2
Query_18909	XM_015858918.2	100.000	21	0	0	1	21	409	389	2.1	39.2
Query_18909	XM_015858917.2	100.000	21	0	0	1	21	379	359	2.1	39.2
Query_18909	XM_032339073.1	100.000	21	0	0	1	21	307	287	2.1	39.2
Query_18909	XM_032339072.1	100.000	21	0	0	1	21	475	455	2.1	39.2
Query_18909	XM_032275270.1	100.000	21	0	0	1	21	544	524	2.1	39.2
Query_18909	XM_032275268.1	100.000	21	0	0	1	21	544	524	2.1	39.2
Query_18909	XM_032185653.1	100.000	21	0	0	1	21	264	244	2.1	39.2
Query_18909	XM_032155254.1	100.000	21	0	0	1	21	561	541	2.1	39.2
Query_18909	XM_031964529.1	100.000	21	0	0	1	21	319	299	2.1	39.2
Query_18909	XM_012549219.2	100.000	21	0	0	1	21	446	426	2.1	39.2
Query_18909	XM_023205281.3	100.000	21	0	0	1	21	573	553	2.1	39.2
Query_18909	XM_023205280.3	100.000	21	0	0	1	21	567	547	2.1	39.2
Query_18909	XM_006200291.3	100.000	21	0	0	1	21	221	201	2.1	39.2
Query_18909	XM_021937596.2	100.000	21	0	0	1	21	546	526	2.1	39.2
Query_18909	XM_021937595.2	100.000	21	0	0	1	21	546	526	2.1	39.2
Query_18909	XM_003897902.3	100.000	21	0	0	1	21	546	526	2.1	39.2
Query_18909	XM_019613102.2	100.000	21	0	0	1	21	424	404	2.1	39.2
Query_18909	XM_019613101.2	100.000	21	0	0	1	21	1126	1106	2.1	39.2
Query_18909	XM_019613100.2	100.000	21	0	0	1	21	1127	1107	2.1	39.2
Query_18909	XM_031611151.1	100.000	21	0	0	1	21	602	582	2.1	39.2
Query_18909	XM_031456030.1	100.000	21	0	0	1	21	784	764	2.1	39.2
Query_18909	XM_031366431.1	100.000	21	0	0	1	21	557	537	2.1	39.2
Query_18909	XM_031366430.1	100.000	21	0	0	1	21	554	534	2.1	39.2
Query_18909	XM_004044402.3	100.000	21	0	0	1	21	548	528	2.1	39.2
Query_18909	XM_010357766.2	100.000	21	0	0	1	21	550	530	2.1	39.2
Query_18909	XM_030859493.1	100.000	21	0	0	1	21	533	513	2.1	39.2
Query_18909	XM_030809469.1	100.000	21	0	0	1	21	696	676	2.1	39.2
Query_18909	XM_030315962.1	100.000	21	0	0	1	21	334	314	2.1	39.2
Query_18909	XM_029562975.1	100.000	21	0	0	1	21	127	107	2.1	39.2
Query_18909	XM_029533354.1	100.000	21	0	0	1	21	406	386	2.1	39.2
Query_18909	XM_021222208.2	100.000	21	0	0	1	21	408	388	2.1	39.2
Query_18909	XM_029476300.1	100.000	21	0	0	1	21	431	411	2.1	39.2
Query_18909	XM_021160351.2	100.000	21	0	0	1	21	431	411	2.1	39.2
Query_18909	XM_029223916.1	100.000	21	0	0	1	21	743	723	2.1	39.2
Query_18909	XM_029223915.1	100.000	21	0	0	1	21	743	723	2.1	39.2
Query_18909	XM_028847361.1	100.000	21	0	0	1	21	570	550	2.1	39.2
Query_18909	XM_015136920.2	100.000	21	0	0	1	21	547	527	2.1	39.2
Query_18909	XM_028780337.1	100.000	21	0	0	1	21	425	405	2.1	39.2
Query_18909	XM_028780331.1	100.000	21	0	0	1	21	425	405	2.1	39.2
Query_18909	XM_024116826.2	100.000	21	0	0	1	21	342	322	2.1	39.2
Query_18909	NM_016021.3	100.000	21	0	0	1	21	379	359	2.1	39.2
Query_18909	XM_027090601.1	100.000	21	0	0	1	21	776	756	2.1	39.2
Query_18909	XM_027057263.1	100.000	21	0	0	1	21	241	221	2.1	39.2
Query_18909	XM_027057262.1	100.000	21	0	0	1	21	347	327	2.1	39.2
Query_18909	XM_028133800.1	100.000	21	0	0	1	21	286	266	2.1	39.2
Query_18909	XM_028133749.1	100.000	21	0	0	1	21	262	242	2.1	39.2
Query_18909	XM_008148916.2	100.000	21	0	0	1	21	286	266	2.1	39.2
Query_18909	XM_012182786.3	100.000	21	0	0	1	21	313	293	2.1	39.2
Query_18909	XM_004011277.4	100.000	21	0	0	1	21	354	334	2.1	39.2
Query_18909	XM_027551410.1	100.000	21	0	0	1	21	370	350	2.1	39.2
Query_18909	XM_040474158.1	100.000	21	0	0	1	21	241	221	2.1	39.2
Query_18909	XM_040474157.1	100.000	21	0	0	1	21	386	366	2.1	39.2
Query_18909	XM_040238806.1	100.000	21	0	0	1	21	379	359	2.1	39.2
Query_18909	HG994392.1	100.000	21	0	0	1	21	49754951	49754971	2.1	39.2
Query_18909	XM_039853168.1	100.000	21	0	0	1	21	510	490	2.1	39.2
Query_18909	XM_039232184.1	100.000	21	0	0	1	21	542	522	2.1	39.2
Query_18909	XM_038684153.1	100.000	21	0	0	1	21	409	389	2.1	39.2
Query_18909	XM_038679172.1	100.000	21	0	0	1	21	409	389	2.1	39.2
Query_18909	XM_038347366.1	100.000	21	0	0	1	21	351	331	2.1	39.2
Query_18909	XM_027454909.2	100.000	21	0	0	1	21	355	335	2.1	39.2
Query_18909	XM_008006598.2	100.000	21	0	0	1	21	871	851	2.1	39.2
Query_18909	XM_008006597.2	100.000	21	0	0	1	21	568	548	2.1	39.2
Query_18909	XM_037730801.1	100.000	21	0	0	1	21	894	874	2.1	39.2
Query_18909	XM_017506803.2	100.000	21	0	0	1	21	878	858	2.1	39.2
Query_18909	XM_037520102.1	100.000	21	0	0	1	21	282	262	2.1	39.2
Query_18909	XM_037520101.1	100.000	21	0	0	1	21	519	499	2.1	39.2
Query_18909	XM_028872757.2	100.000	21	0	0	1	21	404	384	2.1	39.2
Query_18909	XM_017665702.2	100.000	21	0	0	1	21	241	221	2.1	39.2
Query_18909	XM_036912203.1	100.000	21	0	0	1	21	474	454	2.1	39.2
Query_18909	XM_036871349.1	100.000	21	0	0	1	21	419	399	2.1	39.2
Query_18909	XM_036415241.1	100.000	21	0	0	1	21	282	262	2.1	39.2
Query_18909	XM_036415240.1	100.000	21	0	0	1	21	264	244	2.1	39.2
Query_18909	XM_036415239.1	100.000	21	0	0	1	21	278	258	2.1	39.2
Query_18909	XM_036249188.1	100.000	21	0	0	1	21	233	213	2.1	39.2
Query_18909	XM_036249187.1	100.000	21	0	0	1	21	301	281	2.1	39.2
Query_18909	XM_016140616.2	100.000	21	0	0	1	21	510	490	2.1	39.2
Query_18909	XM_036178777.1	100.000	21	0	0	1	21	458	438	2.1	39.2
Query_18909	XM_035697730.1	100.000	21	0	0	1	21	219	199	2.1	39.2
Query_18909	XM_025444572.2	100.000	21	0	0	1	21	379	359	2.1	39.2
Query_18909	LR862362.1	100.000	21	0	0	1	21	39995267	39995287	2.1	39.2
Query_18909	XM_035559458.1	100.000	21	0	0	1	21	1089	1069	2.1	39.2
Query_18909	XM_035559457.1	100.000	21	0	0	1	21	396	376	2.1	39.2
Query_18909	XM_027403420.2	100.000	21	0	0	1	21	380	360	2.1	39.2
Query_18909	XM_007641094.4	100.000	21	0	0	1	21	267	247	2.1	39.2
Query_18909	XM_035320265.1	100.000	21	0	0	1	21	332	312	2.1	39.2
Query_18909	XM_035296334.1	100.000	21	0	0	1	21	794	774	2.1	39.2
Query_18909	XM_008994763.2	100.000	21	0	0	1	21	1127	1107	2.1	39.2


