# blastn
# Iteration: 0
# Query: 
# RID: 6M4SU2RU01R
# Database: nt
# Fields: query acc.ver, subject acc.ver, % identity, alignment length, mismatches, gap opens, q. start, q. end, s. start, s. end, evalue, bit score
# 70 hits found
Query_480259	XM_003822660.3	100.000	21	0	0	1	21	3220	3200	2.0	39.2
Query_480259	XM_033175808.1	100.000	21	0	0	1	21	2861	2841	2.0	39.2
Query_480259	XM_032239463.1	100.000	21	0	0	1	21	2751	2731	2.0	39.2
Query_480259	XM_032239461.1	100.000	21	0	0	1	21	2706	2686	2.0	39.2
Query_480259	XM_032178589.1	100.000	21	0	0	1	21	2418	2398	2.0	39.2
Query_480259	XM_023223830.2	100.000	21	0	0	1	21	3005	2985	2.0	39.2
Query_480259	MN297719.1	100.000	21	0	0	1	21	153	133	2.0	39.2
Query_480259	XM_003908598.4	100.000	21	0	0	1	21	2997	2977	2.0	39.2
Query_480259	XM_031007930.1	100.000	21	0	0	1	21	3016	2996	2.0	39.2
Query_480259	XM_030920698.1	100.000	21	0	0	1	21	2855	2835	2.0	39.2
Query_480259	XM_030799595.1	100.000	21	0	0	1	21	3013	2993	2.0	39.2
Query_480259	XM_015112284.2	100.000	21	0	0	1	21	3405	3385	2.0	39.2
Query_480259	NM_012249.4	100.000	21	0	0	1	21	3024	3004	2.0	39.2
Query_480259	XM_025353647.1	100.000	21	0	0	1	21	2776	2756	2.0	39.2
Query_480259	AC277863.1	100.000	21	0	0	1	21	187662	187682	2.0	39.2
Query_480259	XM_011713140.2	100.000	21	0	0	1	21	2967	2947	2.0	39.2
Query_480259	XM_016948475.2	100.000	21	0	0	1	21	2994	2974	2.0	39.2
Query_480259	XM_016948474.2	100.000	21	0	0	1	21	2855	2835	2.0	39.2
Query_480259	CP021279.1	100.000	21	0	0	1	21	1695929	1695949	2.0	39.2
Query_480259	CP021277.1	100.000	21	0	0	1	21	1461611	1461591	2.0	39.2
Query_480259	CP021274.1	100.000	21	0	0	1	21	1744939	1744959	2.0	39.2
Query_480259	CP021272.1	100.000	21	0	0	1	21	1746143	1746163	2.0	39.2
Query_480259	CP021270.1	100.000	21	0	0	1	21	1702808	1702828	2.0	39.2
Query_480259	CP021265.1	100.000	21	0	0	1	21	1725397	1725417	2.0	39.2
Query_480259	CP021264.1	100.000	21	0	0	1	21	1697874	1697894	2.0	39.2
Query_480259	CP021263.1	100.000	21	0	0	1	21	1708697	1708717	2.0	39.2
Query_480259	CP021261.1	100.000	21	0	0	1	21	1707957	1707977	2.0	39.2
Query_480259	CP021260.1	100.000	21	0	0	1	21	1743179	1743199	2.0	39.2
Query_480259	CP021259.1	100.000	21	0	0	1	21	1784836	1784856	2.0	39.2
Query_480259	CP021258.1	100.000	21	0	0	1	21	1718979	1718999	2.0	39.2
Query_480259	CP021257.1	100.000	21	0	0	1	21	1660221	1660201	2.0	39.2
Query_480259	CP021256.1	100.000	21	0	0	1	21	1832951	1832971	2.0	39.2
Query_480259	XM_002812061.4	100.000	21	0	0	1	21	2767	2747	2.0	39.2
Query_480259	CP017602.1	100.000	21	0	0	1	21	1692294	1692314	2.0	39.2
Query_480259	CP017601.1	100.000	21	0	0	1	21	1690646	1690666	2.0	39.2
Query_480259	XM_012473755.2	100.000	21	0	0	1	21	2753	2733	2.0	39.2
Query_480259	CP017458.1	100.000	21	0	0	1	21	1721513	1721533	2.0	39.2
Query_480259	CP017457.1	100.000	21	0	0	1	21	1697597	1697617	2.0	39.2
Query_480259	XM_017862694.1	100.000	21	0	0	1	21	2845	2825	2.0	39.2
Query_480259	XM_011532728.2	100.000	21	0	0	1	21	2352	2332	2.0	39.2
Query_480259	XM_017003716.1	100.000	21	0	0	1	21	3236	3216	2.0	39.2
Query_480259	XM_011532726.2	100.000	21	0	0	1	21	3079	3059	2.0	39.2
Query_480259	XM_015433694.1	100.000	21	0	0	1	21	3301	3281	2.0	39.2
Query_480259	XM_005575962.2	100.000	21	0	0	1	21	2615	2595	2.0	39.2
Query_480259	XM_012070312.1	100.000	21	0	0	1	21	3314	3294	2.0	39.2
Query_480259	XM_012070311.1	100.000	21	0	0	1	21	2782	2762	2.0	39.2
Query_480259	XM_011965779.1	100.000	21	0	0	1	21	2799	2779	2.0	39.2
Query_480259	XM_011936021.1	100.000	21	0	0	1	21	2526	2506	2.0	39.2
Query_480259	XM_005264229.2	100.000	21	0	0	1	21	2488	2468	2.0	39.2
Query_480259	NG_023007.2	100.000	21	0	0	1	21	2862	2842	2.0	39.2
Query_480259	NG_022969.2	100.000	21	0	0	1	21	2858	2838	2.0	39.2
Query_480259	XM_003926747.3	100.000	21	0	0	1	21	2991	2971	2.0	39.2
Query_480259	XM_038006885.1	100.000	21	0	0	1	21	2490	2470	2.0	39.2
Query_480259	XM_007970741.2	100.000	21	0	0	1	21	2995	2975	2.0	39.2
Query_480259	XM_037732867.1	100.000	21	0	0	1	21	2616	2596	2.0	39.2
Query_480259	XM_017512722.2	100.000	21	0	0	1	21	2997	2977	2.0	39.2
Query_480259	AC280214.1	100.000	21	0	0	1	21	181833	181853	2.0	39.2
Query_480259	AC185240.2	100.000	21	0	0	1	21	185326	185346	2.0	39.2
Query_480259	EU794657.1	100.000	21	0	0	1	21	2786	2766	2.0	39.2
Query_480259	BC013135.1	100.000	21	0	0	1	21	2946	2926	2.0	39.2
Query_480259	AC185990.2	100.000	21	0	0	1	21	124061	124081	2.0	39.2
Query_480259	AC183985.2	100.000	21	0	0	1	21	124318	124338	2.0	39.2
Query_480259	AC182490.3	100.000	21	0	0	1	21	101663	101683	2.0	39.2
Query_480259	AC120782.25	100.000	21	0	0	1	21	42802	42782	2.0	39.2
Query_480259	AC145214.1	100.000	21	0	0	1	21	39338	39318	2.0	39.2
Query_480259	AC018804.9	100.000	21	0	0	1	21	27376	27356	2.0	39.2
Query_480259	AC073869.5	100.000	21	0	0	1	21	137710	137690	2.0	39.2
Query_480259	AC018682.4	100.000	21	0	0	1	21	117325	117305	2.0	39.2
Query_480259	HG994584.1	100.000	20	0	0	2	21	40513324	40513305	7.1	37.4
Query_480259	LR794188.1	100.000	20	0	0	2	21	40513324	40513305	7.1	37.4


