# blastn
# Iteration: 0
# Query: 
# RID: 6X034DWA01R
# Database: nt
# Fields: query acc.ver, subject acc.ver, % identity, alignment length, mismatches, gap opens, q. start, q. end, s. start, s. end, evalue, bit score
# 27 hits found
Query_320179	XM_032887114.1	100.000	21	0	0	1	21	553	533	2.0	39.2
Query_320179	XM_032887113.1	100.000	21	0	0	1	21	517	497	2.0	39.2
Query_320179	XM_032887111.1	100.000	21	0	0	1	21	517	497	2.0	39.2
Query_320179	XM_032887110.1	100.000	21	0	0	1	21	517	497	2.0	39.2
Query_320179	XR_005491585.1	100.000	21	0	0	1	21	784	764	2.0	39.2
Query_320179	XM_039089009.1	100.000	21	0	0	1	21	345	325	2.0	39.2
Query_320179	XM_039089008.1	100.000	21	0	0	1	21	482	462	2.0	39.2
Query_320179	XM_039089007.1	100.000	21	0	0	1	21	461	441	2.0	39.2
Query_320179	XM_008769306.3	100.000	21	0	0	1	21	426	406	2.0	39.2
Query_320179	XM_017598236.2	100.000	21	0	0	1	21	784	764	2.0	39.2
Query_320179	XM_006249517.4	100.000	21	0	0	1	21	748	728	2.0	39.2
Query_320179	XM_006249516.4	100.000	21	0	0	1	21	784	764	2.0	39.2
Query_320179	XM_039089005.1	100.000	21	0	0	1	21	784	764	2.0	39.2
Query_320179	XM_017598235.2	100.000	21	0	0	1	21	652	632	2.0	39.2
Query_320179	XM_008769305.3	100.000	21	0	0	1	21	748	728	2.0	39.2
Query_320179	XM_017598234.2	100.000	21	0	0	1	21	784	764	2.0	39.2
Query_320179	XM_006249515.4	100.000	21	0	0	1	21	784	764	2.0	39.2
Query_320179	NM_053656.3	100.000	21	0	0	1	21	475	455	2.0	39.2
Query_320179	AF064549.1	100.000	21	0	0	1	21	512	492	2.0	39.2
Query_320179	AF020759.1	100.000	21	0	0	1	21	437	417	2.0	39.2
Query_320179	AF020758.1	100.000	21	0	0	1	21	596	576	2.0	39.2
Query_320179	AF020757.1	100.000	21	0	0	1	21	502	482	2.0	39.2
Query_320179	AF020756.1	100.000	21	0	0	1	21	456	436	2.0	39.2
Query_320179	Y10475.1	100.000	21	0	0	1	21	511	491	2.0	39.2
Query_320179	Y10474.1	100.000	21	0	0	1	21	457	437	2.0	39.2
Query_320179	Y10473.1	100.000	21	0	0	1	21	475	455	2.0	39.2
Query_320179	U14414.1	100.000	21	0	0	1	21	475	455	2.0	39.2


