# blastn
# Iteration: 0
# Query: 
# RID: 9PN5RH2D01N
# Database: nt
# Fields: query acc.ver, subject acc.ver, % identity, alignment length, mismatches, gap opens, q. start, q. end, s. start, s. end, evalue, bit score
# 100 hits found
Query_369063	XM_035108187.1	100.000	21	0	0	1	21	632	612	2.1	39.2
Query_369063	XM_035108186.1	100.000	21	0	0	1	21	593	573	2.1	39.2
Query_369063	XM_035108185.1	100.000	21	0	0	1	21	632	612	2.1	39.2
Query_369063	XM_035108184.1	100.000	21	0	0	1	21	719	699	2.1	39.2
Query_369063	XM_035108183.1	100.000	21	0	0	1	21	631	611	2.1	39.2
Query_369063	XM_034991888.1	100.000	21	0	0	1	21	506	486	2.1	39.2
Query_369063	XM_034991887.1	100.000	21	0	0	1	21	590	570	2.1	39.2
Query_369063	XM_034991886.1	100.000	21	0	0	1	21	548	528	2.1	39.2
Query_369063	XM_034962171.1	100.000	21	0	0	1	21	407	387	2.1	39.2
Query_369063	XM_008958732.2	100.000	21	0	0	1	21	609	589	2.1	39.2
Query_369063	XM_003833230.2	100.000	21	0	0	1	21	580	560	2.1	39.2
Query_369063	XM_033512594.1	100.000	21	0	0	1	21	577	557	2.1	39.2
Query_369063	XM_015621742.3	100.000	21	0	0	1	21	616	596	2.1	39.2
Query_369063	XM_033217305.1	100.000	21	0	0	1	21	771	751	2.1	39.2
Query_369063	XM_033217304.1	100.000	21	0	0	1	21	668	648	2.1	39.2
Query_369063	XM_033217303.1	100.000	21	0	0	1	21	543	523	2.1	39.2
Query_369063	XM_033217302.1	100.000	21	0	0	1	21	707	687	2.1	39.2
Query_369063	XM_033217301.1	100.000	21	0	0	1	21	582	562	2.1	39.2
Query_369063	XM_033144543.1	100.000	21	0	0	1	21	620	600	2.1	39.2
Query_369063	XM_033144542.1	100.000	21	0	0	1	21	423	403	2.1	39.2
Query_369063	XR_005955938.1	100.000	21	0	0	1	21	617	597	2.1	39.2
Query_369063	XM_041477167.1	100.000	21	0	0	1	21	577	557	2.1	39.2
Query_369063	XM_041477166.1	100.000	21	0	0	1	21	616	596	2.1	39.2
Query_369063	XR_005952636.1	100.000	21	0	0	1	21	616	596	2.1	39.2
Query_369063	XM_041404263.1	100.000	21	0	0	1	21	577	557	2.1	39.2
Query_369063	XM_041404262.1	100.000	21	0	0	1	21	616	596	2.1	39.2
Query_369063	XM_040473640.1	100.000	21	0	0	1	21	530	510	2.1	39.2
Query_369063	XM_040473639.1	100.000	21	0	0	1	21	469	449	2.1	39.2
Query_369063	XM_040473638.1	100.000	21	0	0	1	21	572	552	2.1	39.2
Query_369063	XR_005700355.1	100.000	21	0	0	1	21	468	448	2.1	39.2
Query_369063	XM_040060849.1	100.000	21	0	0	1	21	561	541	2.1	39.2
Query_369063	XM_040060848.1	100.000	21	0	0	1	21	546	526	2.1	39.2
Query_369063	XM_040060847.1	100.000	21	0	0	1	21	600	580	2.1	39.2
Query_369063	XM_039697815.1	100.000	21	0	0	1	21	653	633	2.1	39.2
Query_369063	XR_005626377.1	100.000	21	0	0	1	21	653	633	2.1	39.2
Query_369063	XM_039697814.1	100.000	21	0	0	1	21	613	593	2.1	39.2
Query_369063	XM_039697813.1	100.000	21	0	0	1	21	667	647	2.1	39.2
Query_369063	XM_039697812.1	100.000	21	0	0	1	21	652	632	2.1	39.2
Query_369063	XM_039568714.1	100.000	21	0	0	1	21	596	576	2.1	39.2
Query_369063	XM_039568713.1	100.000	21	0	0	1	21	649	629	2.1	39.2
Query_369063	XM_039568712.1	100.000	21	0	0	1	21	635	615	2.1	39.2
Query_369063	XM_039466881.1	100.000	21	0	0	1	21	695	675	2.1	39.2
Query_369063	XM_010333936.2	100.000	21	0	0	1	21	745	725	2.1	39.2
Query_369063	XM_039466875.1	100.000	21	0	0	1	21	571	551	2.1	39.2
Query_369063	XM_039231230.1	100.000	21	0	0	1	21	569	549	2.1	39.2
Query_369063	XM_038341152.1	100.000	21	0	0	1	21	422	402	2.1	39.2
Query_369063	XM_038341151.1	100.000	21	0	0	1	21	622	602	2.1	39.2
Query_369063	XM_038341149.1	100.000	21	0	0	1	21	673	653	2.1	39.2
Query_369063	XR_005256312.1	100.000	21	0	0	1	21	628	608	2.1	39.2
Query_369063	XM_038131794.1	100.000	21	0	0	1	21	589	569	2.1	39.2
Query_369063	XM_038131793.1	100.000	21	0	0	1	21	5959	5939	2.1	39.2
Query_369063	XM_038131792.1	100.000	21	0	0	1	21	9544	9524	2.1	39.2
Query_369063	XM_038131791.1	100.000	21	0	0	1	21	642	622	2.1	39.2
Query_369063	XM_038131790.1	100.000	21	0	0	1	21	627	607	2.1	39.2
Query_369063	XM_007972423.2	100.000	21	0	0	1	21	643	623	2.1	39.2
Query_369063	XM_038006128.1	100.000	21	0	0	1	21	668	648	2.1	39.2
Query_369063	XM_038006127.1	100.000	21	0	0	1	21	564	544	2.1	39.2
Query_369063	XM_007972424.2	100.000	21	0	0	1	21	707	687	2.1	39.2
Query_369063	XM_007972422.2	100.000	21	0	0	1	21	603	583	2.1	39.2
Query_369063	XM_017547408.2	100.000	21	0	0	1	21	550	530	2.1	39.2
Query_369063	XM_037745344.1	100.000	21	0	0	1	21	622	602	2.1	39.2
Query_369063	XM_017547404.2	100.000	21	0	0	1	21	591	571	2.1	39.2
Query_369063	XM_017547403.2	100.000	21	0	0	1	21	648	628	2.1	39.2
Query_369063	XM_017547402.2	100.000	21	0	0	1	21	566	546	2.1	39.2
Query_369063	XM_037142609.1	100.000	21	0	0	1	21	527	507	2.1	39.2
Query_369063	XM_037142608.1	100.000	21	0	0	1	21	620	600	2.1	39.2
Query_369063	XM_037142607.1	100.000	21	0	0	1	21	566	546	2.1	39.2
Query_369063	XM_037053815.1	100.000	21	0	0	1	21	536	516	2.1	39.2
Query_369063	XM_037053808.1	100.000	21	0	0	1	21	641	621	2.1	39.2
Query_369063	XM_037053800.1	100.000	21	0	0	1	21	575	555	2.1	39.2
Query_369063	XM_037013714.1	100.000	21	0	0	1	21	407	387	2.1	39.2
Query_369063	XM_037013669.1	100.000	21	0	0	1	21	467	447	2.1	39.2
Query_369063	XM_017676271.2	100.000	21	0	0	1	21	700	680	2.1	39.2
Query_369063	XM_017676270.2	100.000	21	0	0	1	21	558	538	2.1	39.2
Query_369063	XM_017676269.2	100.000	21	0	0	1	21	594	574	2.1	39.2
Query_369063	XM_036927364.1	100.000	21	0	0	1	21	407	387	2.1	39.2
Query_369063	XM_036927362.1	100.000	21	0	0	1	21	465	445	2.1	39.2
Query_369063	XM_036927361.1	100.000	21	0	0	1	21	559	539	2.1	39.2
Query_369063	XM_036927360.1	100.000	21	0	0	1	21	689	669	2.1	39.2
Query_369063	XM_036927359.1	100.000	21	0	0	1	21	592	572	2.1	39.2
Query_369063	XM_036381136.1	100.000	21	0	0	1	21	443	423	2.1	39.2
Query_369063	XM_036381135.1	100.000	21	0	0	1	21	604	584	2.1	39.2
Query_369063	XM_036381134.1	100.000	21	0	0	1	21	482	462	2.1	39.2
Query_369063	XM_036316791.1	100.000	21	0	0	1	21	529	509	2.1	39.2
Query_369063	XM_036316790.1	100.000	21	0	0	1	21	736	716	2.1	39.2
Query_369063	XM_036316789.1	100.000	21	0	0	1	21	568	548	2.1	39.2
Query_369063	XM_036082770.1	100.000	21	0	0	1	21	538	518	2.1	39.2
Query_369063	XM_036082769.1	100.000	21	0	0	1	21	469	449	2.1	39.2
Query_369063	XM_036082767.1	100.000	21	0	0	1	21	580	560	2.1	39.2
Query_369063	XM_027602293.2	100.000	21	0	0	1	21	1910	1890	2.1	39.2
Query_369063	XM_027602292.2	100.000	21	0	0	1	21	1868	1848	2.1	39.2
Query_369063	XM_027602291.2	100.000	21	0	0	1	21	1910	1890	2.1	39.2
Query_369063	XM_035295753.1	100.000	21	0	0	1	21	715	695	2.1	39.2
Query_369063	XM_035295752.1	100.000	21	0	0	1	21	551	531	2.1	39.2
Query_369063	XM_035295750.1	100.000	21	0	0	1	21	751	731	2.1	39.2
Query_369063	XM_035295749.1	100.000	21	0	0	1	21	581	561	2.1	39.2
Query_369063	XM_035295748.1	100.000	21	0	0	1	21	595	575	2.1	39.2
Query_369063	XM_035295747.1	100.000	21	0	0	1	21	625	605	2.1	39.2
Query_369063	XM_035295746.1	100.000	21	0	0	1	21	750	730	2.1	39.2
Query_369063	XM_035295745.1	100.000	21	0	0	1	21	600	580	2.1	39.2


