# blastn
# Iteration: 0
# Query: 
# RID: 7JGW0MHH013
# Database: nt
# Fields: query acc.ver, subject acc.ver, % identity, alignment length, mismatches, gap opens, q. start, q. end, s. start, s. end, evalue, bit score
# 65 hits found
Query_31835	XR_004664993.1	100.000	21	0	0	1	21	3969	3949	2.1	39.2
Query_31835	XM_034932121.1	100.000	21	0	0	1	21	4118	4098	2.1	39.2
Query_31835	XM_034932120.1	100.000	21	0	0	1	21	3788	3768	2.1	39.2
Query_31835	XM_034932119.1	100.000	21	0	0	1	21	4004	3984	2.1	39.2
Query_31835	XM_034932117.1	100.000	21	0	0	1	21	3874	3854	2.1	39.2
Query_31835	XM_034932116.1	100.000	21	0	0	1	21	4076	4056	2.1	39.2
Query_31835	XM_034932115.1	100.000	21	0	0	1	21	4136	4116	2.1	39.2
Query_31835	XM_032166649.2	100.000	21	0	0	1	21	3745	3725	2.1	39.2
Query_31835	XR_004250229.1	100.000	21	0	0	1	21	3603	3583	2.1	39.2
Query_31835	XM_019037259.2	100.000	21	0	0	1	21	3642	3622	2.1	39.2
Query_31835	XM_019037258.2	100.000	21	0	0	1	21	4004	3984	2.1	39.2
Query_31835	XM_004050664.3	100.000	21	0	0	1	21	4117	4097	2.1	39.2
Query_31835	XR_004033591.1	100.000	21	0	0	1	21	4000	3980	2.1	39.2
Query_31835	XR_004033590.1	100.000	21	0	0	1	21	3976	3956	2.1	39.2
Query_31835	XM_030828843.1	100.000	21	0	0	1	21	4049	4029	2.1	39.2
Query_31835	XM_030828842.1	100.000	21	0	0	1	21	4011	3991	2.1	39.2
Query_31835	XM_030828841.1	100.000	21	0	0	1	21	4117	4097	2.1	39.2
Query_31835	NM_001348749.2	100.000	21	0	0	1	21	4010	3990	2.1	39.2
Query_31835	NM_001348750.2	100.000	21	0	0	1	21	4118	4098	2.1	39.2
Query_31835	NM_001243254.2	100.000	21	0	0	1	21	4048	4028	2.1	39.2
Query_31835	XM_028731733.1	100.000	21	0	0	1	21	3992	3972	2.1	39.2
Query_31835	XM_028731724.1	100.000	21	0	0	1	21	4064	4044	2.1	39.2
Query_31835	XM_028731715.1	100.000	21	0	0	1	21	4098	4078	2.1	39.2
Query_31835	XM_028731710.1	100.000	21	0	0	1	21	4170	4150	2.1	39.2
Query_31835	XM_028731701.1	100.000	21	0	0	1	21	4174	4154	2.1	39.2
Query_31835	XM_028731692.1	100.000	21	0	0	1	21	4208	4188	2.1	39.2
Query_31835	XM_028731684.1	100.000	21	0	0	1	21	4276	4256	2.1	39.2
Query_31835	XM_028731676.1	100.000	21	0	0	1	21	4279	4259	2.1	39.2
Query_31835	NM_015213.4	100.000	21	0	0	1	21	4082	4062	2.1	39.2
Query_31835	NR_145966.2	100.000	21	0	0	1	21	3975	3955	2.1	39.2
Query_31835	XR_002938439.1	100.000	21	0	0	1	21	4033	4013	2.1	39.2
Query_31835	XM_016920357.2	100.000	21	0	0	1	21	3923	3903	2.1	39.2
Query_31835	XM_024346967.1	100.000	21	0	0	1	21	3909	3889	2.1	39.2
Query_31835	XM_024346966.1	100.000	21	0	0	1	21	3969	3949	2.1	39.2
Query_31835	XM_009459922.3	100.000	21	0	0	1	21	4044	4024	2.1	39.2
Query_31835	XM_016920354.2	100.000	21	0	0	1	21	4104	4084	2.1	39.2
Query_31835	XM_508914.6	100.000	21	0	0	1	21	4116	4096	2.1	39.2
Query_31835	XM_016920352.2	100.000	21	0	0	1	21	4176	4156	2.1	39.2
Query_31835	XM_009246658.2	100.000	21	0	0	1	21	3735	3715	2.1	39.2
Query_31835	XM_024255109.1	100.000	21	0	0	1	21	3905	3885	2.1	39.2
Query_31835	XM_024255108.1	100.000	21	0	0	1	21	4112	4092	2.1	39.2
Query_31835	NG_053019.1	100.000	21	0	0	1	21	130602	130582	2.1	39.2
Query_31835	LT734349.1	100.000	21	0	0	1	21	3043	3023	2.1	39.2
Query_31835	XM_017891440.1	100.000	21	0	0	1	21	3853	3833	2.1	39.2
Query_31835	XM_017891439.1	100.000	21	0	0	1	21	3713	3693	2.1	39.2
Query_31835	XM_017891437.1	100.000	21	0	0	1	21	3887	3867	2.1	39.2
Query_31835	XM_016920351.1	100.000	21	0	0	1	21	3933	3913	2.1	39.2
Query_31835	KJ902312.1	100.000	21	0	0	1	21	2621	2601	2.1	39.2
Query_31835	AB463207.1	100.000	21	0	0	1	21	3810	3790	2.1	39.2
Query_31835	AK295881.1	100.000	21	0	0	1	21	3785	3765	2.1	39.2
Query_31835	AK302478.1	100.000	21	0	0	1	21	3519	3499	2.1	39.2
Query_31835	CU679314.1	100.000	21	0	0	1	21	79	99	2.1	39.2
Query_31835	AC191648.1	100.000	21	0	0	1	21	41187	41167	2.1	39.2
Query_31835	BC009354.2	100.000	21	0	0	1	21	2786	2766	2.1	39.2
Query_31835	AB029014.1	100.000	21	0	0	1	21	4018	3998	2.1	39.2
Query_31835	AK125444.1	100.000	21	0	0	1	21	3363	3343	2.1	39.2
Query_31835	AK091148.1	100.000	21	0	0	1	21	1702	1682	2.1	39.2
Query_31835	BC071596.1	100.000	21	0	0	1	21	3863	3843	2.1	39.2
Query_31835	BC018797.1	100.000	21	0	0	1	21	407	387	2.1	39.2
Query_31835	AC079296.5	100.000	21	0	0	1	21	40888	40868	2.1	39.2
Query_31835	BC005100.1	100.000	21	0	0	1	21	1253	1233	2.1	39.2
Query_31835	AK026007.1	100.000	21	0	0	1	21	2132	2112	2.1	39.2
Query_31835	AK025499.1	100.000	21	0	0	1	21	2669	2649	2.1	39.2
Query_31835	AL117448.1	100.000	21	0	0	1	21	3814	3794	2.1	39.2
Query_31835	OA884211.1	100.000	20	0	0	2	21	9005	9024	7.3	37.4


