# blastn
# Iteration: 0
# Query: 
# RID: 7HZDPNK9016
# Database: nt
# Fields: query acc.ver, subject acc.ver, % identity, alignment length, mismatches, gap opens, q. start, q. end, s. start, s. end, evalue, bit score
# 20 hits found
Query_9423	XM_003822660.3	100.000	21	0	0	1	21	2966	2946	2.1	39.2
Query_9423	XM_032178589.1	100.000	21	0	0	1	21	2164	2144	2.1	39.2
Query_9423	XM_031007930.1	100.000	21	0	0	1	21	2762	2742	2.1	39.2
Query_9423	NM_012249.4	100.000	21	0	0	1	21	2770	2750	2.1	39.2
Query_9423	XM_016948475.2	100.000	21	0	0	1	21	2740	2720	2.1	39.2
Query_9423	XM_016948474.2	100.000	21	0	0	1	21	2601	2581	2.1	39.2
Query_9423	XM_002812061.4	100.000	21	0	0	1	21	2513	2493	2.1	39.2
Query_9423	XM_011532728.2	100.000	21	0	0	1	21	2098	2078	2.1	39.2
Query_9423	XM_017003716.1	100.000	21	0	0	1	21	2982	2962	2.1	39.2
Query_9423	XM_011532726.2	100.000	21	0	0	1	21	2825	2805	2.1	39.2
Query_9423	XM_005264229.2	100.000	21	0	0	1	21	2234	2214	2.1	39.2
Query_9423	EU794657.1	100.000	21	0	0	1	21	2532	2512	2.1	39.2
Query_9423	BC013135.1	100.000	21	0	0	1	21	2692	2672	2.1	39.2
Query_9423	AC018682.4	100.000	21	0	0	1	21	117071	117051	2.1	39.2
Query_9423	XM_032239463.1	100.000	20	0	0	2	21	2496	2477	7.3	37.4
Query_9423	XM_032239461.1	100.000	20	0	0	2	21	2451	2432	7.3	37.4
Query_9423	XM_012473755.2	100.000	20	0	0	2	21	2498	2479	7.3	37.4
Query_9423	XM_003926747.3	100.000	20	0	0	2	21	2736	2717	7.3	37.4
Query_9423	XM_037732867.1	100.000	20	0	0	2	21	2361	2342	7.3	37.4
Query_9423	XM_017512722.2	100.000	20	0	0	2	21	2742	2723	7.3	37.4


