# blastn
# Iteration: 0
# Query: 
# RID: 6MPTHD5C013
# Database: nt
# Fields: query acc.ver, subject acc.ver, % identity, alignment length, mismatches, gap opens, q. start, q. end, s. start, s. end, evalue, bit score
# 35 hits found
Query_4493	XM_034945734.1	100.000	21	0	0	1	21	678	658	2.0	39.2
Query_4493	XM_032171460.1	100.000	21	0	0	1	21	738	718	2.0	39.2
Query_4493	XM_023197562.3	100.000	21	0	0	1	21	1019	999	2.0	39.2
Query_4493	XM_031659367.1	100.000	21	0	0	1	21	1092	1072	2.0	39.2
Query_4493	XM_004061618.3	100.000	21	0	0	1	21	1030	1010	2.0	39.2
Query_4493	XM_030819428.1	100.000	21	0	0	1	21	1326	1306	2.0	39.2
Query_4493	NM_003969.4	100.000	21	0	0	1	21	681	661	2.0	39.2
Query_4493	GQ891447.1	100.000	21	0	0	1	21	560	540	2.0	39.2
Query_4493	CP034522.1	100.000	21	0	0	1	21	59007557	59007577	2.0	39.2
Query_4493	CP034497.1	100.000	21	0	0	1	21	59007557	59007577	2.0	39.2
Query_4493	XM_025367066.1	100.000	21	0	0	1	21	1293	1273	2.0	39.2
Query_4493	XM_025367065.1	100.000	21	0	0	1	21	1378	1358	2.0	39.2
Query_4493	XM_016937020.2	100.000	21	0	0	1	21	1136	1116	2.0	39.2
Query_4493	XM_024237018.1	100.000	21	0	0	1	21	1046	1026	2.0	39.2
Query_4493	XM_012473155.2	100.000	21	0	0	1	21	1061	1041	2.0	39.2
Query_4493	LT735850.1	100.000	21	0	0	1	21	938	918	2.0	39.2
Query_4493	XM_012076338.1	100.000	21	0	0	1	21	1294	1274	2.0	39.2
Query_4493	XR_001004754.1	100.000	21	0	0	1	21	484	464	2.0	39.2
Query_4493	XM_011969066.1	100.000	21	0	0	1	21	484	464	2.0	39.2
Query_4493	XM_011959132.1	100.000	21	0	0	1	21	472	452	2.0	39.2
Query_4493	XM_011959131.1	100.000	21	0	0	1	21	963	943	2.0	39.2
Query_4493	KJ892674.1	100.000	21	0	0	1	21	516	496	2.0	39.2
Query_4493	XM_039466383.1	100.000	21	0	0	1	21	1288	1268	2.0	39.2
Query_4493	CP068259.1	100.000	21	0	0	1	21	61653864	61653884	2.0	39.2
Query_4493	AP023479.1	100.000	21	0	0	1	21	59038997	59039017	2.0	39.2
Query_4493	XM_017967523.2	100.000	21	0	0	1	21	1284	1264	2.0	39.2
Query_4493	AB590888.1	100.000	21	0	0	1	21	460	440	2.0	39.2
Query_4493	CU691337.1	100.000	21	0	0	1	21	117	137	2.0	39.2
Query_4493	CU691336.1	100.000	21	0	0	1	21	467	447	2.0	39.2
Query_4493	BC007657.1	100.000	21	0	0	1	21	520	500	2.0	39.2
Query_4493	BC058924.1	100.000	21	0	0	1	21	560	540	2.0	39.2
Query_4493	BT008242.1	100.000	21	0	0	1	21	451	431	2.0	39.2
Query_4493	AC016630.6	100.000	21	0	0	1	21	8798	8778	2.0	39.2
Query_4493	AB012191.1	100.000	21	0	0	1	21	451	431	2.0	39.2
Query_4493	AF075599.1	100.000	21	0	0	1	21	454	434	2.0	39.2


