# blastn
# Iteration: 0
# Query: 
# RID: 8YJRCPZU013
# Database: nt
# Fields: query acc.ver, subject acc.ver, % identity, alignment length, mismatches, gap opens, q. start, q. end, s. start, s. end, evalue, bit score
# 59 hits found
Query_5651	XM_008951835.2	100.000	21	0	0	1	21	623	603	2.1	39.2
Query_5651	XM_003826427.2	100.000	21	0	0	1	21	270	250	2.1	39.2
Query_5651	XM_004315553.3	100.000	21	0	0	1	21	330	310	2.1	39.2
Query_5651	XM_004264125.3	100.000	21	0	0	1	21	317	297	2.1	39.2
Query_5651	XM_033120059.1	100.000	21	0	0	1	21	145	125	2.1	39.2
Query_5651	XM_033120058.1	100.000	21	0	0	1	21	276	256	2.1	39.2
Query_5651	XM_032641057.1	100.000	21	0	0	1	21	441	421	2.1	39.2
Query_5651	XM_030864377.1	100.000	21	0	0	1	21	355	335	2.1	39.2
Query_5651	XM_030864376.1	100.000	21	0	0	1	21	324	304	2.1	39.2
Query_5651	XM_028500919.1	100.000	21	0	0	1	21	214	194	2.1	39.2
Query_5651	NM_004223.5	100.000	21	0	0	1	21	234	214	2.1	39.2
Query_5651	XR_003621886.1	100.000	21	0	0	1	21	237	217	2.1	39.2
Query_5651	XM_028162428.1	100.000	21	0	0	1	21	237	217	2.1	39.2
Query_5651	XR_003621885.1	100.000	21	0	0	1	21	237	217	2.1	39.2
Query_5651	XM_028162427.1	100.000	21	0	0	1	21	141	121	2.1	39.2
Query_5651	XM_028162426.1	100.000	21	0	0	1	21	237	217	2.1	39.2
Query_5651	XM_006160815.3	100.000	21	0	0	1	21	210	190	2.1	39.2
Query_5651	XM_027776718.1	100.000	21	0	0	1	21	956	936	2.1	39.2
Query_5651	XM_006160813.3	100.000	21	0	0	1	21	526	506	2.1	39.2
Query_5651	XM_024748870.1	100.000	21	0	0	1	21	442	422	2.1	39.2
Query_5651	XM_521987.5	100.000	21	0	0	1	21	269	249	2.1	39.2
Query_5651	XM_009246347.2	100.000	21	0	0	1	21	87	67	2.1	39.2
Query_5651	XM_009246345.2	100.000	21	0	0	1	21	628	608	2.1	39.2
Query_5651	XM_003777762.3	100.000	21	0	0	1	21	271	251	2.1	39.2
Query_5651	XM_009246344.2	100.000	21	0	0	1	21	435	415	2.1	39.2
Query_5651	XM_012749971.2	100.000	21	0	0	1	21	434	414	2.1	39.2
Query_5651	LT736766.1	100.000	21	0	0	1	21	660	640	2.1	39.2
Query_5651	XM_004051168.2	100.000	21	0	0	1	21	630	610	2.1	39.2
Query_5651	XM_004051167.2	100.000	21	0	0	1	21	263	243	2.1	39.2
Query_5651	XM_003317981.4	100.000	21	0	0	1	21	626	606	2.1	39.2
Query_5651	XM_012643883.1	100.000	21	0	0	1	21	448	428	2.1	39.2
Query_5651	KJ892727.1	100.000	21	0	0	1	21	238	218	2.1	39.2
Query_5651	XM_007455706.1	100.000	21	0	0	1	21	173	153	2.1	39.2
Query_5651	XM_007196459.1	100.000	21	0	0	1	21	237	217	2.1	39.2
Query_5651	XM_037039953.1	100.000	21	0	0	1	21	201	181	2.1	39.2
Query_5651	XM_037039952.1	100.000	21	0	0	1	21	297	277	2.1	39.2
Query_5651	XR_005021032.1	100.000	21	0	0	1	21	370	350	2.1	39.2
Query_5651	XR_005021031.1	100.000	21	0	0	1	21	370	350	2.1	39.2
Query_5651	XM_036862138.1	100.000	21	0	0	1	21	370	350	2.1	39.2
Query_5651	XR_005021030.1	100.000	21	0	0	1	21	370	350	2.1	39.2
Query_5651	XM_036862137.1	100.000	21	0	0	1	21	365	345	2.1	39.2
Query_5651	XM_036862136.1	100.000	21	0	0	1	21	274	254	2.1	39.2
Query_5651	XM_036862135.1	100.000	21	0	0	1	21	370	350	2.1	39.2
Query_5651	NM_198183.3	100.000	21	0	0	1	21	233	213	2.1	39.2
Query_5651	LS423620.1	100.000	21	0	0	1	21	2884839	2884819	2.1	39.2
Query_5651	CU689397.1	100.000	21	0	0	1	21	305	325	2.1	39.2
Query_5651	CU689396.1	100.000	21	0	0	1	21	189	169	2.1	39.2
Query_5651	AK315755.1	100.000	21	0	0	1	21	188	168	2.1	39.2
Query_5651	DQ894475.2	100.000	21	0	0	1	21	195	175	2.1	39.2
Query_5651	DQ891291.2	100.000	21	0	0	1	21	195	175	2.1	39.2
Query_5651	AK226165.1	100.000	21	0	0	1	21	323	303	2.1	39.2
Query_5651	AK093462.1	100.000	21	0	0	1	21	582	562	2.1	39.2
Query_5651	CR457126.1	100.000	21	0	0	1	21	173	153	2.1	39.2
Query_5651	AK129621.1	100.000	21	0	0	1	21	140	120	2.1	39.2
Query_5651	BC032491.1	100.000	21	0	0	1	21	269	249	2.1	39.2
Query_5651	AP002893.3	100.000	21	0	0	1	21	125071	125091	2.1	39.2
Query_5651	AJ243270.1	100.000	21	0	0	1	21	50	30	2.1	39.2
Query_5651	AF061736.1	100.000	21	0	0	1	21	220	200	2.1	39.2
Query_5651	AF031141.1	100.000	21	0	0	1	21	170	150	2.1	39.2


