# blastn
# Iteration: 0
# Query: 
# RID: 7RJMEZS1013
# Database: nt
# Fields: query acc.ver, subject acc.ver, % identity, alignment length, mismatches, gap opens, q. start, q. end, s. start, s. end, evalue, bit score
# 100 hits found
Query_27531	LR812125.1	100.000	21	0	0	1	21	7189702	7189722	2.1	39.2
Query_27531	XR_004676345.1	100.000	21	0	0	1	21	383	363	2.1	39.2
Query_27531	XM_034989324.1	100.000	21	0	0	1	21	381	361	2.1	39.2
Query_27531	XM_034972390.1	100.000	21	0	0	1	21	225	205	2.1	39.2
Query_27531	XM_034972389.1	100.000	21	0	0	1	21	225	205	2.1	39.2
Query_27531	XM_034941314.1	100.000	21	0	0	1	21	430	410	2.1	39.2
Query_27531	AP023165.1	100.000	21	0	0	1	21	817265	817285	2.1	39.2
Query_27531	XR_004607085.1	100.000	21	0	0	1	21	738	718	2.1	39.2
Query_27531	XM_034505908.1	100.000	21	0	0	1	21	487	467	2.1	39.2
Query_27531	XM_034068831.1	100.000	21	0	0	1	21	31	11	2.1	39.2
Query_27531	XM_034068830.1	100.000	21	0	0	1	21	304	284	2.1	39.2
Query_27531	XM_033764015.1	100.000	21	0	0	1	21	74	54	2.1	39.2
Query_27531	XM_015646847.3	100.000	21	0	0	1	21	326	306	2.1	39.2
Query_27531	XM_033090559.1	100.000	21	0	0	1	21	560	540	2.1	39.2
Query_27531	XM_033078219.1	100.000	21	0	0	1	21	325	305	2.1	39.2
Query_27531	XM_033078218.1	100.000	21	0	0	1	21	325	305	2.1	39.2
Query_27531	XM_032993718.1	100.000	21	0	0	1	21	182	162	2.1	39.2
Query_27531	XM_032914260.1	100.000	21	0	0	1	21	415	395	2.1	39.2
Query_27531	XM_032840015.1	100.000	21	0	0	1	21	347	327	2.1	39.2
Query_27531	XM_030287854.2	100.000	21	0	0	1	21	341	321	2.1	39.2
Query_27531	XM_030287853.2	100.000	21	0	0	1	21	197	177	2.1	39.2
Query_27531	XR_003963280.2	100.000	21	0	0	1	21	197	177	2.1	39.2
Query_27531	XM_012568622.3	100.000	21	0	0	1	21	197	177	2.1	39.2
Query_27531	XM_032498029.1	100.000	21	0	0	1	21	438	418	2.1	39.2
Query_27531	XM_015880604.2	100.000	21	0	0	1	21	271	251	2.1	39.2
Query_27531	LR761656.1	100.000	21	0	0	1	21	8531902	8531922	2.1	39.2
Query_27531	XM_032431655.1	100.000	21	0	0	1	21	437	417	2.1	39.2
Query_27531	XR_004280445.1	100.000	21	0	0	1	21	273	253	2.1	39.2
Query_27531	XM_032320105.1	100.000	21	0	0	1	21	266	246	2.1	39.2
Query_27531	XR_004266175.1	100.000	21	0	0	1	21	517	497	2.1	39.2
Query_27531	XR_005784101.1	100.000	21	0	0	1	21	59	79	2.1	39.2
Query_27531	XM_040453568.1	100.000	21	0	0	1	21	39	19	2.1	39.2
Query_27531	XM_040453567.1	100.000	21	0	0	1	21	89	69	2.1	39.2
Query_27531	HG999701.1	100.000	21	0	0	1	21	3119479	3119459	2.1	39.2
Query_27531	XM_040270543.1	100.000	21	0	0	1	21	611	591	2.1	39.2
Query_27531	XR_005721604.1	100.000	21	0	0	1	21	484	464	2.1	39.2
Query_27531	XR_005721603.1	100.000	21	0	0	1	21	514	494	2.1	39.2
Query_27531	XM_040243712.1	100.000	21	0	0	1	21	448	428	2.1	39.2
Query_27531	XM_040082486.1	100.000	21	0	0	1	21	206	186	2.1	39.2
Query_27531	XR_005703599.1	100.000	21	0	0	1	21	206	186	2.1	39.2
Query_27531	XM_040082485.1	100.000	21	0	0	1	21	295	275	2.1	39.2
Query_27531	HG995308.1	100.000	21	0	0	1	21	6463862	6463842	2.1	39.2
Query_27531	XR_005658082.1	100.000	21	0	0	1	21	262	242	2.1	39.2
Query_27531	XM_039886420.1	100.000	21	0	0	1	21	431	411	2.1	39.2
Query_27531	XR_005627145.1	100.000	21	0	0	1	21	348	328	2.1	39.2
Query_27531	XM_039705774.1	100.000	21	0	0	1	21	347	327	2.1	39.2
Query_27531	HG992293.1	100.000	21	0	0	1	21	11958028	11958008	2.1	39.2
Query_27531	XR_005603398.1	100.000	21	0	0	1	21	334	314	2.1	39.2
Query_27531	XM_039562920.1	100.000	21	0	0	1	21	334	314	2.1	39.2
Query_27531	XM_039476665.1	100.000	21	0	0	1	21	460	440	2.1	39.2
Query_27531	XM_039254527.1	100.000	21	0	0	1	21	695	675	2.1	39.2
Query_27531	LR991101.1	100.000	21	0	0	1	21	18816496	18816476	2.1	39.2
Query_27531	LR991008.1	100.000	21	0	0	1	21	5941698	5941678	2.1	39.2
Query_27531	LR990354.1	100.000	21	0	0	1	21	20039464	20039444	2.1	39.2
Query_27531	LR990146.1	100.000	21	0	0	1	21	5595067	5595087	2.1	39.2
Query_27531	CP068261.1	100.000	21	0	0	1	21	4196631	4196651	2.1	39.2
Query_27531	XM_038324925.1	100.000	21	0	0	1	21	433	413	2.1	39.2
Query_27531	XM_027445994.2	100.000	21	0	0	1	21	380	360	2.1	39.2
Query_27531	XR_005259454.1	100.000	21	0	0	1	21	357	337	2.1	39.2
Query_27531	XM_038158323.1	100.000	21	0	0	1	21	355	335	2.1	39.2
Query_27531	XR_005236751.1	100.000	21	0	0	1	21	271	251	2.1	39.2
Query_27531	XR_005236750.1	100.000	21	0	0	1	21	259	239	2.1	39.2
Query_27531	XM_008009911.2	100.000	21	0	0	1	21	443	423	2.1	39.2
Query_27531	XM_037810445.1	100.000	21	0	0	1	21	422	402	2.1	39.2
Query_27531	XM_037801494.1	100.000	21	0	0	1	21	249	229	2.1	39.2
Query_27531	XM_017512180.2	100.000	21	0	0	1	21	432	412	2.1	39.2
Query_27531	XM_037495089.1	100.000	21	0	0	1	21	404	384	2.1	39.2
Query_27531	XM_037375088.1	100.000	21	0	0	1	21	31	11	2.1	39.2
Query_27531	XM_037375086.1	100.000	21	0	0	1	21	318	298	2.1	39.2
Query_27531	XM_037201328.1	100.000	21	0	0	1	21	361	341	2.1	39.2
Query_27531	XM_028888748.2	100.000	21	0	0	1	21	351	331	2.1	39.2
Query_27531	XM_037133033.1	100.000	21	0	0	1	21	437	417	2.1	39.2
Query_27531	XM_037029619.1	100.000	21	0	0	1	21	434	414	2.1	39.2
Query_27531	XM_037022823.1	100.000	21	0	0	1	21	166	146	2.1	39.2
Query_27531	XM_036887031.1	100.000	21	0	0	1	21	171	151	2.1	39.2
Query_27531	XM_036452373.1	100.000	21	0	0	1	21	432	412	2.1	39.2
Query_27531	XM_036395089.1	100.000	21	0	0	1	21	322	302	2.1	39.2
Query_27531	XM_036268448.1	100.000	21	0	0	1	21	333	313	2.1	39.2
Query_27531	XM_016138806.2	100.000	21	0	0	1	21	545	525	2.1	39.2
Query_27531	AP023477.1	100.000	21	0	0	1	21	4380529	4380549	2.1	39.2
Query_27531	XM_036078415.1	100.000	21	0	0	1	21	400	380	2.1	39.2
Query_27531	XM_036078414.1	100.000	21	0	0	1	21	200	180	2.1	39.2
Query_27531	XM_036078412.1	100.000	21	0	0	1	21	200	180	2.1	39.2
Query_27531	XM_035900596.1	100.000	21	0	0	1	21	330	310	2.1	39.2
Query_27531	XM_035900595.1	100.000	21	0	0	1	21	263	243	2.1	39.2
Query_27531	XM_035900594.1	100.000	21	0	0	1	21	80	60	2.1	39.2
Query_27531	XM_035900593.1	100.000	21	0	0	1	21	80	60	2.1	39.2
Query_27531	NM_003342.5	100.000	21	0	0	1	21	436	416	2.1	39.2
Query_27531	XM_027625410.2	100.000	21	0	0	1	21	410	390	2.1	39.2
Query_27531	XM_027625409.2	100.000	21	0	0	1	21	541	521	2.1	39.2
Query_27531	XM_027625408.2	100.000	21	0	0	1	21	230	210	2.1	39.2
Query_27531	XM_027625406.2	100.000	21	0	0	1	21	230	210	2.1	39.2
Query_27531	LR862372.1	100.000	21	0	0	1	21	13622582	13622562	2.1	39.2
Query_27531	XM_035559200.1	100.000	21	0	0	1	21	31	11	2.1	39.2
Query_27531	XM_035559199.1	100.000	21	0	0	1	21	277	257	2.1	39.2
Query_27531	XM_035559198.1	100.000	21	0	0	1	21	294	274	2.1	39.2
Query_27531	XM_035447490.1	100.000	21	0	0	1	21	141	121	2.1	39.2
Query_27531	XM_027426818.2	100.000	21	0	0	1	21	141	121	2.1	39.2
Query_27531	XM_035343106.1	100.000	21	0	0	1	21	434	414	2.1	39.2
Query_27531	LS423630.1	100.000	21	0	0	1	21	3749912	3749892	2.1	39.2


