# blastn
# Iteration: 0
# Query: 
# RID: 6X8T5MHA01R
# Database: nt
# Fields: query acc.ver, subject acc.ver, % identity, alignment length, mismatches, gap opens, q. start, q. end, s. start, s. end, evalue, bit score
# 101 hits found
Query_413523	XM_034941314.1	100.000	21	0	0	1	21	715	695	2.0	39.2
Query_413523	XM_034647198.1	100.000	21	0	0	1	21	356	336	2.0	39.2
Query_413523	XM_034647197.1	100.000	21	0	0	1	21	1210	1190	2.0	39.2
Query_413523	XM_032271694.1	100.000	21	0	0	1	21	311	291	2.0	39.2
Query_413523	XM_032138345.1	100.000	21	0	0	1	21	733	713	2.0	39.2
Query_413523	XM_004058312.3	100.000	21	0	0	1	21	724	704	2.0	39.2
Query_413523	XM_030800357.1	100.000	21	0	0	1	21	724	704	2.0	39.2
Query_413523	XM_030746746.1	100.000	21	0	0	1	21	518	498	2.0	39.2
Query_413523	XM_026520690.1	100.000	21	0	0	1	21	353	333	2.0	39.2
Query_413523	XM_026520689.1	100.000	21	0	0	1	21	694	674	2.0	39.2
Query_413523	XM_026393902.1	100.000	21	0	0	1	21	1098	1078	2.0	39.2
Query_413523	XM_026181143.1	100.000	21	0	0	1	21	609	589	2.0	39.2
Query_413523	XM_027922643.1	100.000	21	0	0	1	21	686	666	2.0	39.2
Query_413523	XR_003580586.1	100.000	21	0	0	1	21	365	345	2.0	39.2
Query_413523	CP034495.1	100.000	21	0	0	1	21	4192589	4192609	2.0	39.2
Query_413523	CP034495.1	100.000	21	0	0	1	21	84372858	84372878	2.0	39.2
Query_413523	XM_003458029.5	100.000	21	0	0	1	21	535	515	2.0	39.2
Query_413523	XM_009431600.3	100.000	21	0	0	1	21	350	330	2.0	39.2
Query_413523	XM_016931252.2	100.000	21	0	0	1	21	724	704	2.0	39.2
Query_413523	XM_002826864.4	100.000	21	0	0	1	21	724	704	2.0	39.2
Query_413523	XM_004638297.2	100.000	21	0	0	1	21	692	672	2.0	39.2
Query_413523	XR_001117211.2	100.000	21	0	0	1	21	314	294	2.0	39.2
Query_413523	XR_002791542.1	100.000	21	0	0	1	21	768	748	2.0	39.2
Query_413523	XM_023584215.1	100.000	21	0	0	1	21	548	528	2.0	39.2
Query_413523	XM_010596517.2	100.000	21	0	0	1	21	663	643	2.0	39.2
Query_413523	XM_004561673.3	100.000	21	0	0	1	21	561	541	2.0	39.2
Query_413523	XM_008047888.2	100.000	21	0	0	1	21	729	709	2.0	39.2
Query_413523	XM_021671288.1	100.000	21	0	0	1	21	318	298	2.0	39.2
Query_413523	LT734953.1	100.000	21	0	0	1	21	849	829	2.0	39.2
Query_413523	XM_020163490.1	100.000	21	0	0	1	21	477	457	2.0	39.2
Query_413523	XM_015505883.1	100.000	21	0	0	1	21	329	309	2.0	39.2
Query_413523	XM_015502216.1	100.000	21	0	0	1	21	590	570	2.0	39.2
Query_413523	XM_005926842.2	100.000	21	0	0	1	21	635	615	2.0	39.2
Query_413523	XM_005740316.2	100.000	21	0	0	1	21	617	597	2.0	39.2
Query_413523	XM_005399692.2	100.000	21	0	0	1	21	672	652	2.0	39.2
Query_413523	XM_013013153.1	100.000	21	0	0	1	21	404	384	2.0	39.2
Query_413523	XM_012652562.1	100.000	21	0	0	1	21	764	744	2.0	39.2
Query_413523	XM_008688036.1	100.000	21	0	0	1	21	920	900	2.0	39.2
Query_413523	KJ892344.1	100.000	21	0	0	1	21	427	407	2.0	39.2
Query_413523	XM_006806770.1	100.000	21	0	0	1	21	515	495	2.0	39.2
Query_413523	XM_004605234.1	100.000	21	0	0	1	21	569	549	2.0	39.2
Query_413523	XM_040270543.1	100.000	21	0	0	1	21	896	876	2.0	39.2
Query_413523	XM_040011010.1	100.000	21	0	0	1	21	541	521	2.0	39.2
Query_413523	XM_031748091.2	100.000	21	0	0	1	21	535	515	2.0	39.2
Query_413523	XM_039476665.1	100.000	21	0	0	1	21	745	725	2.0	39.2
Query_413523	CP068261.1	100.000	21	0	0	1	21	4178848	4178868	2.0	39.2
Query_413523	XM_037749225.1	100.000	21	0	0	1	21	550	530	2.0	39.2
Query_413523	XM_017512180.2	100.000	21	0	0	1	21	717	697	2.0	39.2
Query_413523	XM_037467759.1	100.000	21	0	0	1	21	540	520	2.0	39.2
Query_413523	AP023477.1	100.000	21	0	0	1	21	4362745	4362765	2.0	39.2
Query_413523	NM_003342.5	100.000	21	0	0	1	21	721	701	2.0	39.2
Query_413523	XR_004743113.1	100.000	21	0	0	1	21	813	793	2.0	39.2
Query_413523	XM_002747845.5	100.000	21	0	0	1	21	734	714	2.0	39.2
Query_413523	AK313059.1	100.000	21	0	0	1	21	567	547	2.0	39.2
Query_413523	BC026288.1	100.000	21	0	0	1	21	528	508	2.0	39.2
Query_413523	BT008255.1	100.000	21	0	0	1	21	362	342	2.0	39.2
Query_413523	BT007416.1	100.000	21	0	0	1	21	362	342	2.0	39.2
Query_413523	AC087742.9	100.000	21	0	0	1	21	30576	30556	2.0	39.2
Query_413523	BC002775.2	100.000	21	0	0	1	21	619	599	2.0	39.2
Query_413523	D78514.1	100.000	21	0	0	1	21	380	360	2.0	39.2
Query_413523	LR812502.1	100.000	20	0	0	1	20	32772852	32772833	7.1	37.4
Query_413523	XR_004676345.1	100.000	20	0	0	1	20	668	649	7.1	37.4
Query_413523	XM_034989324.1	100.000	20	0	0	1	20	666	647	7.1	37.4
Query_413523	AP023165.1	100.000	20	0	0	1	20	797302	797321	7.1	37.4
Query_413523	CP050604.1	100.000	20	0	0	1	20	2250593	2250574	7.1	37.4
Query_413523	CP050644.1	100.000	20	0	0	1	20	2251548	2251529	7.1	37.4
Query_413523	XM_032840015.1	100.000	20	0	0	1	20	632	613	7.1	37.4
Query_413523	XM_032431655.1	100.000	20	0	0	1	20	722	703	7.1	37.4
Query_413523	XR_004280445.1	100.000	20	0	0	1	20	558	539	7.1	37.4
Query_413523	XM_032320105.1	100.000	20	0	0	1	20	551	532	7.1	37.4
Query_413523	XR_004262992.1	100.000	20	0	0	2	21	374	355	7.1	37.4
Query_413523	LR738418.1	100.000	20	0	0	1	20	61001265	61001246	7.1	37.4
Query_413523	XM_006748196.2	100.000	20	0	0	1	20	377	358	7.1	37.4
Query_413523	XM_030296088.1	100.000	20	0	0	1	20	407	388	7.1	37.4
Query_413523	XM_027047482.1	100.000	20	0	0	1	20	658	639	7.1	37.4
Query_413523	XM_027047481.1	100.000	20	0	0	1	20	661	642	7.1	37.4
Query_413523	XM_028124951.1	100.000	20	0	0	1	20	678	659	7.1	37.4
Query_413523	XM_028124950.1	100.000	20	0	0	1	20	677	658	7.1	37.4
Query_413523	XM_026005210.1	100.000	20	0	0	1	20	365	346	7.1	37.4
Query_413523	XM_025920246.1	100.000	20	0	0	1	20	407	388	7.1	37.4
Query_413523	XM_025864046.1	100.000	20	0	0	1	20	691	672	7.1	37.4
Query_413523	HG994385.1	100.000	20	0	0	1	20	31014475	31014494	7.1	37.4
Query_413523	XM_039254527.1	100.000	20	0	0	1	20	980	961	7.1	37.4
Query_413523	LR699028.1	100.000	20	0	0	2	21	26905099	26905080	7.1	37.4
Query_413523	XM_038665135.1	100.000	20	0	0	1	20	356	337	7.1	37.4
Query_413523	XM_038665134.1	100.000	20	0	0	1	20	469	450	7.1	37.4
Query_413523	XM_038512865.1	100.000	20	0	0	1	20	356	337	7.1	37.4
Query_413523	XM_038512854.1	100.000	20	0	0	1	20	469	450	7.1	37.4
Query_413523	CP062028.1	100.000	20	0	0	2	21	37665060	37665079	7.1	37.4
Query_413523	XM_036838020.1	100.000	20	0	0	1	20	752	733	7.1	37.4
Query_413523	XM_036838019.1	100.000	20	0	0	1	20	804	785	7.1	37.4
Query_413523	XM_036318344.1	100.000	20	0	0	1	20	416	397	7.1	37.4
Query_413523	XM_036078415.1	100.000	20	0	0	1	20	685	666	7.1	37.4
Query_413523	XM_036078414.1	100.000	20	0	0	1	20	485	466	7.1	37.4
Query_413523	XM_036078412.1	100.000	20	0	0	1	20	485	466	7.1	37.4
Query_413523	XM_035716269.1	100.000	20	0	0	1	20	356	337	7.1	37.4
Query_413523	XM_035716268.1	100.000	20	0	0	1	20	470	451	7.1	37.4
Query_413523	XM_027625410.2	100.000	20	0	0	1	20	695	676	7.1	37.4
Query_413523	XM_027625409.2	100.000	20	0	0	1	20	826	807	7.1	37.4
Query_413523	XM_027625408.2	100.000	20	0	0	1	20	515	496	7.1	37.4
Query_413523	XM_027625406.2	100.000	20	0	0	1	20	515	496	7.1	37.4


