# blastn
# Iteration: 0
# Query: 
# RID: 6RPWPV0X016
# Database: nt
# Fields: query acc.ver, subject acc.ver, % identity, alignment length, mismatches, gap opens, q. start, q. end, s. start, s. end, evalue, bit score
# 84 hits found
Query_16061	XM_003807100.4	100.000	21	0	0	1	21	359	339	2.1	39.2
Query_16061	XM_034942333.1	100.000	21	0	0	1	21	343	323	2.1	39.2
Query_16061	XM_032263200.1	100.000	21	0	0	1	21	285	265	2.1	39.2
Query_16061	XM_032171207.1	100.000	21	0	0	1	21	630	610	2.1	39.2
Query_16061	XM_003916130.3	100.000	21	0	0	1	21	734	714	2.1	39.2
Query_16061	XR_176607.3	100.000	21	0	0	1	21	359	339	2.1	39.2
Query_16061	XM_010379192.2	100.000	21	0	0	1	21	724	704	2.1	39.2
Query_16061	XM_003277335.4	100.000	21	0	0	1	21	636	616	2.1	39.2
Query_16061	XM_022586052.2	100.000	21	0	0	1	21	420	400	2.1	39.2
Query_16061	AC279090.1	100.000	21	0	0	1	21	113465	113485	2.1	39.2
Query_16061	NM_014501.3	100.000	21	0	0	1	21	364	344	2.1	39.2
Query_16061	XM_025369037.1	100.000	21	0	0	1	21	733	713	2.1	39.2
Query_16061	XM_011752020.2	100.000	21	0	0	1	21	727	707	2.1	39.2
Query_16061	XM_011526752.2	100.000	21	0	0	1	21	1015	995	2.1	39.2
Query_16061	XR_677486.3	100.000	21	0	0	1	21	620	600	2.1	39.2
Query_16061	XR_002942167.1	100.000	21	0	0	1	21	303	283	2.1	39.2
Query_16061	XM_024236634.1	100.000	21	0	0	1	21	629	609	2.1	39.2
Query_16061	XM_010586620.2	100.000	21	0	0	1	21	339	319	2.1	39.2
Query_16061	XM_023184255.1	100.000	21	0	0	1	21	745	725	2.1	39.2
Query_16061	XM_021673446.1	100.000	21	0	0	1	21	531	511	2.1	39.2
Query_16061	XM_012465289.2	100.000	21	0	0	1	21	305	285	2.1	39.2
Query_16061	XM_012750226.2	100.000	21	0	0	1	21	546	526	2.1	39.2
Query_16061	LT741140.1	100.000	21	0	0	1	21	652	632	2.1	39.2
Query_16061	LT736020.1	100.000	21	0	0	1	21	652	632	2.1	39.2
Query_16061	XM_020179726.1	100.000	21	0	0	1	21	350	330	2.1	39.2
Query_16061	XM_017892532.1	100.000	21	0	0	1	21	725	705	2.1	39.2
Query_16061	XM_005590403.2	100.000	21	0	0	1	21	728	708	2.1	39.2
Query_16061	XM_005862777.2	100.000	21	0	0	1	21	205	185	2.1	39.2
Query_16061	XM_012643186.1	100.000	21	0	0	1	21	512	492	2.1	39.2
Query_16061	XM_012053615.1	100.000	21	0	0	1	21	725	705	2.1	39.2
Query_16061	XM_011932455.1	100.000	21	0	0	1	21	726	706	2.1	39.2
Query_16061	XM_011932454.1	100.000	21	0	0	1	21	732	712	2.1	39.2
Query_16061	XM_011997020.1	100.000	21	0	0	1	21	210	190	2.1	39.2
Query_16061	XM_008591281.1	100.000	21	0	0	1	21	533	513	2.1	39.2
Query_16061	KJ898691.1	100.000	21	0	0	1	21	230	210	2.1	39.2
Query_16061	KJ898690.1	100.000	21	0	0	1	21	230	210	2.1	39.2
Query_16061	XM_007181410.1	100.000	21	0	0	1	21	714	694	2.1	39.2
Query_16061	AC254826.1	100.000	21	0	0	1	21	132456	132436	2.1	39.2
Query_16061	XM_003944678.3	100.000	21	0	0	1	21	727	707	2.1	39.2
Query_16061	NM_001266004.2	100.000	21	0	0	1	21	484	464	2.1	39.2
Query_16061	XM_007998158.2	100.000	21	0	0	1	21	730	710	2.1	39.2
Query_16061	XM_017546575.2	100.000	21	0	0	1	21	723	703	2.1	39.2
Query_16061	XM_037038096.1	100.000	21	0	0	1	21	762	742	2.1	39.2
Query_16061	XM_017647228.2	100.000	21	0	0	1	21	360	340	2.1	39.2
Query_16061	XM_036909194.1	100.000	21	0	0	1	21	361	341	2.1	39.2
Query_16061	XM_002762502.3	100.000	21	0	0	1	21	729	709	2.1	39.2
Query_16061	CU675700.1	100.000	21	0	0	1	21	520	540	2.1	39.2
Query_16061	CU675699.1	100.000	21	0	0	1	21	181	161	2.1	39.2
Query_16061	BC014622.1	100.000	21	0	0	1	21	354	334	2.1	39.2
Query_16061	AC183294.3	100.000	21	0	0	1	21	3312	3292	2.1	39.2
Query_16061	BC065364.1	100.000	21	0	0	1	21	353	333	2.1	39.2
Query_16061	BC004236.2	100.000	21	0	0	1	21	343	323	2.1	39.2
Query_16061	DQ120720.1	100.000	21	0	0	1	21	165	145	2.1	39.2
Query_16061	DQ120719.1	100.000	21	0	0	1	21	166	146	2.1	39.2
Query_16061	AB062397.1	100.000	21	0	0	1	21	343	323	2.1	39.2
Query_16061	M91670.1	100.000	21	0	0	1	21	224	204	2.1	39.2
Query_16061	LR812500.1	100.000	20	0	0	1	20	418812	418793	7.2	37.4
Query_16061	XM_033845996.1	100.000	20	0	0	2	21	396	377	7.2	37.4
Query_16061	XM_004283290.2	100.000	20	0	0	2	21	396	377	7.2	37.4
Query_16061	XM_032612932.1	100.000	20	0	0	2	21	396	377	7.2	37.4
Query_16061	XM_032487927.1	100.000	20	0	0	2	21	594	575	7.2	37.4
Query_16061	XM_010991537.2	100.000	20	0	0	2	21	398	379	7.2	37.4
Query_16061	XM_027097427.1	100.000	20	0	0	2	21	527	508	7.2	37.4
Query_16061	XM_006915944.3	100.000	20	0	0	2	21	382	363	7.2	37.4
Query_16061	XM_024755169.1	100.000	20	0	0	2	21	396	377	7.2	37.4
Query_16061	XM_024570361.1	100.000	20	0	0	2	21	363	344	7.2	37.4
Query_16061	XM_016936881.2	100.000	20	0	0	2	21	1906	1887	7.2	37.4
Query_16061	XM_016936880.2	100.000	20	0	0	2	21	426	407	7.2	37.4
Query_16061	XM_024123229.1	100.000	20	0	0	2	21	164	145	7.2	37.4
Query_16061	XM_001495789.4	100.000	20	0	0	2	21	353	334	7.2	37.4
Query_16061	XM_021095037.1	100.000	20	0	0	2	21	709	690	7.2	37.4
Query_16061	XM_019627846.1	100.000	20	0	0	2	21	691	672	7.2	37.4
Query_16061	XM_016218346.1	100.000	20	0	0	2	21	179	160	7.2	37.4
Query_16061	XM_015249551.1	100.000	20	0	0	2	21	211	192	7.2	37.4
Query_16061	XM_014856682.1	100.000	20	0	0	2	21	374	355	7.2	37.4
Query_16061	XM_013034528.1	100.000	20	0	0	2	21	623	604	7.2	37.4
Query_16061	XM_011379260.1	100.000	20	0	0	2	21	491	472	7.2	37.4
Query_16061	XM_010961910.1	100.000	20	0	0	2	21	192	173	7.2	37.4
Query_16061	XM_007468007.1	100.000	20	0	0	2	21	527	508	7.2	37.4
Query_16061	XM_039857071.1	100.000	20	0	0	2	21	427	408	7.2	37.4
Query_16061	XM_036833875.1	100.000	20	0	0	2	21	590	571	7.2	37.4
Query_16061	XM_036832179.1	100.000	20	0	0	2	21	358	339	7.2	37.4
Query_16061	XM_016154229.2	100.000	20	0	0	2	21	411	392	7.2	37.4
Query_16061	AY609849.1	100.000	20	0	0	2	21	232	213	7.2	37.4


