# blastn
# Iteration: 0
# Query: 
# RID: 8YEWNTG801N
# Database: nt
# Fields: query acc.ver, subject acc.ver, % identity, alignment length, mismatches, gap opens, q. start, q. end, s. start, s. end, evalue, bit score
# 100 hits found
Query_133513	XM_034962171.1	100.000	21	0	0	1	21	1355	1335	2.1	39.2
Query_133513	XM_008958732.2	100.000	21	0	0	1	21	1557	1537	2.1	39.2
Query_133513	XM_003833230.2	100.000	21	0	0	1	21	1528	1508	2.1	39.2
Query_133513	XM_033217305.1	100.000	21	0	0	1	21	1719	1699	2.1	39.2
Query_133513	XM_033217304.1	100.000	21	0	0	1	21	1616	1596	2.1	39.2
Query_133513	XM_033217303.1	100.000	21	0	0	1	21	1491	1471	2.1	39.2
Query_133513	XM_033217302.1	100.000	21	0	0	1	21	1655	1635	2.1	39.2
Query_133513	XM_033217301.1	100.000	21	0	0	1	21	1530	1510	2.1	39.2
Query_133513	XM_032299538.1	100.000	21	0	0	1	21	1436	1416	2.1	39.2
Query_133513	XM_032299537.1	100.000	21	0	0	1	21	1570	1550	2.1	39.2
Query_133513	XM_032299536.1	100.000	21	0	0	1	21	1602	1582	2.1	39.2
Query_133513	XM_032299535.1	100.000	21	0	0	1	21	1596	1576	2.1	39.2
Query_133513	XM_032299534.1	100.000	21	0	0	1	21	1519	1499	2.1	39.2
Query_133513	XM_032141775.1	100.000	21	0	0	1	21	1468	1448	2.1	39.2
Query_133513	XM_032141774.1	100.000	21	0	0	1	21	1595	1575	2.1	39.2
Query_133513	XM_032141773.1	100.000	21	0	0	1	21	1513	1493	2.1	39.2
Query_133513	XM_009205268.3	100.000	21	0	0	1	21	1616	1596	2.1	39.2
Query_133513	XM_009205267.4	100.000	21	0	0	1	21	1460	1440	2.1	39.2
Query_133513	XM_017957888.2	100.000	21	0	0	1	21	1655	1635	2.1	39.2
Query_133513	XM_009205270.2	100.000	21	0	0	1	21	1570	1550	2.1	39.2
Query_133513	XM_003897656.2	100.000	21	0	0	1	21	1513	1493	2.1	39.2
Query_133513	XM_019029654.2	100.000	21	0	0	1	21	1617	1597	2.1	39.2
Query_133513	XM_031012164.1	100.000	21	0	0	1	21	1447	1427	2.1	39.2
Query_133513	XM_031012163.1	100.000	21	0	0	1	21	1590	1570	2.1	39.2
Query_133513	XM_019029653.2	100.000	21	0	0	1	21	1656	1636	2.1	39.2
Query_133513	XM_031012162.1	100.000	21	0	0	1	21	1513	1493	2.1	39.2
Query_133513	XM_030928592.1	100.000	21	0	0	1	21	1591	1571	2.1	39.2
Query_133513	XM_010369756.2	100.000	21	0	0	1	21	1614	1594	2.1	39.2
Query_133513	XM_010369755.2	100.000	21	0	0	1	21	1473	1453	2.1	39.2
Query_133513	XM_010369754.2	100.000	21	0	0	1	21	1653	1633	2.1	39.2
Query_133513	XM_010369752.2	100.000	21	0	0	1	21	1512	1492	2.1	39.2
Query_133513	XM_030795985.1	100.000	21	0	0	1	21	1468	1448	2.1	39.2
Query_133513	XM_030795984.1	100.000	21	0	0	1	21	1559	1539	2.1	39.2
Query_133513	XM_030795983.1	100.000	21	0	0	1	21	1595	1575	2.1	39.2
Query_133513	XM_030795982.1	100.000	21	0	0	1	21	1513	1493	2.1	39.2
Query_133513	LR597468.1	100.000	21	0	0	1	21	27119406	27119386	2.1	39.2
Query_133513	XM_028847511.1	100.000	21	0	0	1	21	1405	1385	2.1	39.2
Query_133513	XM_028847510.1	100.000	21	0	0	1	21	1584	1564	2.1	39.2
Query_133513	XM_028847509.1	100.000	21	0	0	1	21	1548	1528	2.1	39.2
Query_133513	XM_015136438.2	100.000	21	0	0	1	21	1520	1500	2.1	39.2
Query_133513	XM_015136440.2	100.000	21	0	0	1	21	1624	1604	2.1	39.2
Query_133513	NM_018426.3	100.000	21	0	0	1	21	1519	1499	2.1	39.2
Query_133513	CP032302.1	100.000	21	0	0	1	21	32156889	32156909	2.1	39.2
Query_133513	CP032299.1	100.000	21	0	0	1	21	6864283	6864303	2.1	39.2
Query_133513	CP032232.1	100.000	21	0	0	1	21	7138142	7138162	2.1	39.2
Query_133513	XM_025383334.1	100.000	21	0	0	1	21	1566	1546	2.1	39.2
Query_133513	XM_025383333.1	100.000	21	0	0	1	21	1553	1533	2.1	39.2
Query_133513	XM_025383332.1	100.000	21	0	0	1	21	1513	1493	2.1	39.2
Query_133513	XM_011754408.2	100.000	21	0	0	1	21	1591	1571	2.1	39.2
Query_133513	XM_011754410.2	100.000	21	0	0	1	21	1449	1429	2.1	39.2
Query_133513	XM_011754409.2	100.000	21	0	0	1	21	1442	1422	2.1	39.2
Query_133513	XM_024795278.1	100.000	21	0	0	1	21	1548	1528	2.1	39.2
Query_133513	XM_011754407.2	100.000	21	0	0	1	21	1514	1494	2.1	39.2
Query_133513	XR_001743506.2	100.000	21	0	0	1	21	1899	1879	2.1	39.2
Query_133513	XM_024446482.1	100.000	21	0	0	1	21	1787	1767	2.1	39.2
Query_133513	XM_009451354.3	100.000	21	0	0	1	21	1591	1571	2.1	39.2
Query_133513	XM_016955600.2	100.000	21	0	0	1	21	1560	1540	2.1	39.2
Query_133513	XM_016955605.2	100.000	21	0	0	1	21	1740	1720	2.1	39.2
Query_133513	XM_024357229.1	100.000	21	0	0	1	21	1457	1437	2.1	39.2
Query_133513	XM_016955604.2	100.000	21	0	0	1	21	1570	1550	2.1	39.2
Query_133513	XM_016955603.2	100.000	21	0	0	1	21	1780	1760	2.1	39.2
Query_133513	XM_016955602.2	100.000	21	0	0	1	21	1513	1493	2.1	39.2
Query_133513	XM_016955601.2	100.000	21	0	0	1	21	1849	1829	2.1	39.2
Query_133513	XM_024248597.1	100.000	21	0	0	1	21	1587	1567	2.1	39.2
Query_133513	XM_024248596.1	100.000	21	0	0	1	21	1428	1408	2.1	39.2
Query_133513	XM_024248595.1	100.000	21	0	0	1	21	1590	1570	2.1	39.2
Query_133513	XM_024248594.1	100.000	21	0	0	1	21	1871	1851	2.1	39.2
Query_133513	XM_024248593.1	100.000	21	0	0	1	21	1511	1491	2.1	39.2
Query_133513	XM_012448751.2	100.000	21	0	0	1	21	1402	1382	2.1	39.2
Query_133513	XM_021676053.1	100.000	21	0	0	1	21	1539	1519	2.1	39.2
Query_133513	XM_017878129.1	100.000	21	0	0	1	21	1712	1692	2.1	39.2
Query_133513	XM_017878128.1	100.000	21	0	0	1	21	1525	1505	2.1	39.2
Query_133513	XM_017878127.1	100.000	21	0	0	1	21	1485	1465	2.1	39.2
Query_133513	XM_017878126.1	100.000	21	0	0	1	21	1564	1544	2.1	39.2
Query_133513	XM_017878124.1	100.000	21	0	0	1	21	1524	1504	2.1	39.2
Query_133513	XM_017011002.1	100.000	21	0	0	1	21	1560	1540	2.1	39.2
Query_133513	XM_017011001.1	100.000	21	0	0	1	21	1457	1437	2.1	39.2
Query_133513	XM_005249215.4	100.000	21	0	0	1	21	1718	1698	2.1	39.2
Query_133513	XM_005249214.4	100.000	21	0	0	1	21	1413	1393	2.1	39.2
Query_133513	XM_017011000.1	100.000	21	0	0	1	21	1757	1737	2.1	39.2
Query_133513	XM_005249213.4	100.000	21	0	0	1	21	1826	1806	2.1	39.2
Query_133513	XM_017010999.1	100.000	21	0	0	1	21	1776	1756	2.1	39.2
Query_133513	XM_005249211.3	100.000	21	0	0	1	21	1899	1879	2.1	39.2
Query_133513	XM_015449363.1	100.000	21	0	0	1	21	1405	1385	2.1	39.2
Query_133513	XM_039576515.1	100.000	21	0	0	1	21	1215	1195	2.1	39.2
Query_133513	XM_039466881.1	100.000	21	0	0	1	21	1643	1623	2.1	39.2
Query_133513	XM_010333936.2	100.000	21	0	0	1	21	1693	1673	2.1	39.2
Query_133513	XM_039466875.1	100.000	21	0	0	1	21	1519	1499	2.1	39.2
Query_133513	XM_001868545.2	100.000	21	0	0	1	21	1398	1378	2.1	39.2
Query_133513	XM_007972423.2	100.000	21	0	0	1	21	1591	1571	2.1	39.2
Query_133513	XM_038006128.1	100.000	21	0	0	1	21	1616	1596	2.1	39.2
Query_133513	XM_038006127.1	100.000	21	0	0	1	21	1512	1492	2.1	39.2
Query_133513	XM_007972424.2	100.000	21	0	0	1	21	1655	1635	2.1	39.2
Query_133513	XM_007972422.2	100.000	21	0	0	1	21	1551	1531	2.1	39.2
Query_133513	XM_017547408.2	100.000	21	0	0	1	21	1498	1478	2.1	39.2
Query_133513	XM_037745344.1	100.000	21	0	0	1	21	1570	1550	2.1	39.2
Query_133513	XM_017547404.2	100.000	21	0	0	1	21	1539	1519	2.1	39.2
Query_133513	XM_017547403.2	100.000	21	0	0	1	21	1596	1576	2.1	39.2
Query_133513	XM_017547402.2	100.000	21	0	0	1	21	1514	1494	2.1	39.2
Query_133513	XR_004905892.1	100.000	21	0	0	1	21	1482	1462	2.1	39.2


