# blastn
# Iteration: 0
# Query: 
# RID: 9VY5YGUK016
# Database: nt
# Fields: query acc.ver, subject acc.ver, % identity, alignment length, mismatches, gap opens, q. start, q. end, s. start, s. end, evalue, bit score
# 100 hits found
Query_28223	XM_041201063.1	100.000	21	0	0	1	21	503	483	2.1	39.2
Query_28223	XM_041201061.1	100.000	21	0	0	1	21	21	1	2.1	39.2
Query_28223	XM_041201060.1	100.000	21	0	0	1	21	503	483	2.1	39.2
Query_28223	XM_040983458.1	100.000	21	0	0	1	21	1517	1497	2.1	39.2
Query_28223	XM_040729568.1	100.000	21	0	0	1	21	1481	1461	2.1	39.2
Query_28223	XM_040729567.1	100.000	21	0	0	1	21	1417	1397	2.1	39.2
Query_28223	XM_040729566.1	100.000	21	0	0	1	21	1529	1509	2.1	39.2
Query_28223	XM_040729564.1	100.000	21	0	0	1	21	1520	1500	2.1	39.2
Query_28223	XM_040473640.1	100.000	21	0	0	1	21	1483	1463	2.1	39.2
Query_28223	XM_040473639.1	100.000	21	0	0	1	21	1422	1402	2.1	39.2
Query_28223	XM_040473638.1	100.000	21	0	0	1	21	1525	1505	2.1	39.2
Query_28223	XM_040430823.1	100.000	21	0	0	1	21	1528	1508	2.1	39.2
Query_28223	XM_040430822.1	100.000	21	0	0	1	21	1567	1547	2.1	39.2
Query_28223	XM_040375416.1	100.000	21	0	0	1	21	2307	2287	2.1	39.2
Query_28223	XM_040310540.1	100.000	21	0	0	1	21	2402	2382	2.1	39.2
Query_28223	XM_013355738.3	100.000	21	0	0	1	21	1611	1591	2.1	39.2
Query_28223	XM_021721854.2	100.000	21	0	0	1	21	1659	1639	2.1	39.2
Query_28223	XR_005722721.1	100.000	21	0	0	1	21	1519	1499	2.1	39.2
Query_28223	XM_040249572.1	100.000	21	0	0	1	21	1479	1459	2.1	39.2
Query_28223	XM_040249571.1	100.000	21	0	0	1	21	1518	1498	2.1	39.2
Query_28223	XM_040249570.1	100.000	21	0	0	1	21	1482	1462	2.1	39.2
Query_28223	XM_029047376.2	100.000	21	0	0	1	21	1557	1537	2.1	39.2
Query_28223	XM_029047375.2	100.000	21	0	0	1	21	1572	1552	2.1	39.2
Query_28223	HG994366.1	100.000	21	0	0	1	21	3493077	3493097	2.1	39.2
Query_28223	XM_039854831.1	100.000	21	0	0	1	21	1439	1419	2.1	39.2
Query_28223	XM_039854830.1	100.000	21	0	0	1	21	1843	1823	2.1	39.2
Query_28223	XM_039854829.1	100.000	21	0	0	1	21	1737	1717	2.1	39.2
Query_28223	XM_039854828.1	100.000	21	0	0	1	21	1522	1502	2.1	39.2
Query_28223	XM_039854827.1	100.000	21	0	0	1	21	1581	1561	2.1	39.2
Query_28223	XM_039854826.1	100.000	21	0	0	1	21	1882	1862	2.1	39.2
Query_28223	XM_039819162.1	100.000	21	0	0	1	21	1257	1277	2.1	39.2
Query_28223	XM_039819161.1	100.000	21	0	0	1	21	2075	2095	2.1	39.2
Query_28223	XM_039819160.1	100.000	21	0	0	1	21	2088	2108	2.1	39.2
Query_28223	XM_039819159.1	100.000	21	0	0	1	21	2085	2105	2.1	39.2
Query_28223	XR_005622194.1	100.000	21	0	0	1	21	1459	1439	2.1	39.2
Query_28223	XR_005622193.1	100.000	21	0	0	1	21	1459	1439	2.1	39.2
Query_28223	XM_039667700.1	100.000	21	0	0	1	21	1457	1437	2.1	39.2
Query_28223	XM_039667699.1	100.000	21	0	0	1	21	1494	1474	2.1	39.2
Query_28223	XM_039667698.1	100.000	21	0	0	1	21	1459	1439	2.1	39.2
Query_28223	LR999453.1	100.000	21	0	0	1	21	11024537	11024517	2.1	39.2
Query_28223	XM_039528952.1	100.000	21	0	0	1	21	1304	1284	2.1	39.2
Query_28223	XM_039528951.1	100.000	21	0	0	1	21	1383	1363	2.1	39.2
Query_28223	XM_039528950.1	100.000	21	0	0	1	21	1515	1495	2.1	39.2
Query_28223	XM_039528949.1	100.000	21	0	0	1	21	1524	1504	2.1	39.2
Query_28223	XM_039528948.1	100.000	21	0	0	1	21	1555	1535	2.1	39.2
Query_28223	XM_039466881.1	100.000	21	0	0	1	21	1648	1628	2.1	39.2
Query_28223	XM_010333936.2	100.000	21	0	0	1	21	1698	1678	2.1	39.2
Query_28223	XM_039466875.1	100.000	21	0	0	1	21	1524	1504	2.1	39.2
Query_28223	CP021312.1	100.000	21	0	0	1	21	1194941	1194961	2.1	39.2
Query_28223	CP021291.1	100.000	21	0	0	1	21	1162191	1162211	2.1	39.2
Query_28223	CP020725.1	100.000	21	0	0	1	21	1162252	1162272	2.1	39.2
Query_28223	LR991640.1	100.000	21	0	0	1	21	11231470	11231450	2.1	39.2
Query_28223	LR699027.1	100.000	21	0	0	1	21	6865344	6865324	2.1	39.2
Query_28223	XM_039084826.1	100.000	21	0	0	1	21	1568	1548	2.1	39.2
Query_28223	XM_006244582.4	100.000	21	0	0	1	21	1517	1497	2.1	39.2
Query_28223	XM_039084824.1	100.000	21	0	0	1	21	1549	1529	2.1	39.2
Query_28223	XM_003750650.5	100.000	21	0	0	1	21	1556	1536	2.1	39.2
Query_28223	XM_038761004.1	100.000	21	0	0	1	21	1736	1716	2.1	39.2
Query_28223	XM_038761003.1	100.000	21	0	0	1	21	1408	1388	2.1	39.2
Query_28223	XM_038761002.1	100.000	21	0	0	1	21	1775	1755	2.1	39.2
Query_28223	XM_038395341.1	100.000	21	0	0	1	21	1576	1556	2.1	39.2
Query_28223	XM_038395340.1	100.000	21	0	0	1	21	2237	2217	2.1	39.2
Query_28223	XM_038395339.1	100.000	21	0	0	1	21	1605	1585	2.1	39.2
Query_28223	XM_038341152.1	100.000	21	0	0	1	21	1375	1355	2.1	39.2
Query_28223	XM_038341151.1	100.000	21	0	0	1	21	1575	1555	2.1	39.2
Query_28223	XM_038341149.1	100.000	21	0	0	1	21	1626	1606	2.1	39.2
Query_28223	XM_007972423.2	100.000	21	0	0	1	21	1596	1576	2.1	39.2
Query_28223	XM_038006128.1	100.000	21	0	0	1	21	1621	1601	2.1	39.2
Query_28223	XM_038006127.1	100.000	21	0	0	1	21	1517	1497	2.1	39.2
Query_28223	XM_007972424.2	100.000	21	0	0	1	21	1660	1640	2.1	39.2
Query_28223	XM_007972422.2	100.000	21	0	0	1	21	1556	1536	2.1	39.2
Query_28223	XM_037973740.1	100.000	21	0	0	1	21	1754	1734	2.1	39.2
Query_28223	XM_037973739.1	100.000	21	0	0	1	21	1554	1534	2.1	39.2
Query_28223	XM_017412997.3	100.000	21	0	0	1	21	1690	1670	2.1	39.2
Query_28223	XM_017412996.3	100.000	21	0	0	1	21	1732	1712	2.1	39.2
Query_28223	XM_037969878.1	100.000	21	0	0	1	21	523	503	2.1	39.2
Query_28223	XM_037895494.1	100.000	21	0	0	1	21	1581	1561	2.1	39.2
Query_28223	XM_037895493.1	100.000	21	0	0	1	21	1620	1600	2.1	39.2
Query_28223	XM_037843300.1	100.000	21	0	0	1	21	1421	1401	2.1	39.2
Query_28223	XM_037843299.1	100.000	21	0	0	1	21	1472	1452	2.1	39.2
Query_28223	XM_037843298.1	100.000	21	0	0	1	21	1524	1504	2.1	39.2
Query_28223	XM_037843297.1	100.000	21	0	0	1	21	1511	1491	2.1	39.2
Query_28223	XM_017547408.2	100.000	21	0	0	1	21	1503	1483	2.1	39.2
Query_28223	XM_037745344.1	100.000	21	0	0	1	21	1575	1555	2.1	39.2
Query_28223	XM_017547404.2	100.000	21	0	0	1	21	1544	1524	2.1	39.2
Query_28223	XM_017547403.2	100.000	21	0	0	1	21	1601	1581	2.1	39.2
Query_28223	XM_017547402.2	100.000	21	0	0	1	21	1519	1499	2.1	39.2
Query_28223	XM_037692555.1	100.000	21	0	0	1	21	1489	1469	2.1	39.2
Query_28223	XM_037519798.1	100.000	21	0	0	1	21	1514	1494	2.1	39.2
Query_28223	XM_037519797.1	100.000	21	0	0	1	21	1447	1427	2.1	39.2
Query_28223	XM_028887108.2	100.000	21	0	0	1	21	1467	1447	2.1	39.2
Query_28223	XM_037142609.1	100.000	21	0	0	1	21	1480	1460	2.1	39.2
Query_28223	XM_037142608.1	100.000	21	0	0	1	21	1573	1553	2.1	39.2
Query_28223	XM_037142607.1	100.000	21	0	0	1	21	1519	1499	2.1	39.2
Query_28223	XM_037053815.1	100.000	21	0	0	1	21	1489	1469	2.1	39.2
Query_28223	XM_037053808.1	100.000	21	0	0	1	21	1594	1574	2.1	39.2
Query_28223	XM_037053800.1	100.000	21	0	0	1	21	1528	1508	2.1	39.2
Query_28223	XM_037013714.1	100.000	21	0	0	1	21	1360	1340	2.1	39.2
Query_28223	XM_037013669.1	100.000	21	0	0	1	21	1420	1400	2.1	39.2
Query_28223	XM_017676271.2	100.000	21	0	0	1	21	1653	1633	2.1	39.2


