# blastn
# Iteration: 0
# Query: 
# RID: 7JJJSW9J01R
# Database: nt
# Fields: query acc.ver, subject acc.ver, % identity, alignment length, mismatches, gap opens, q. start, q. end, s. start, s. end, evalue, bit score
# 42 hits found
Query_529067	XM_034932123.1	100.000	21	0	0	1	21	1415	1395	2.1	39.2
Query_529067	XM_034932122.1	100.000	21	0	0	1	21	1728	1708	2.1	39.2
Query_529067	XR_004664993.1	100.000	21	0	0	1	21	1704	1684	2.1	39.2
Query_529067	XM_034932121.1	100.000	21	0	0	1	21	1770	1750	2.1	39.2
Query_529067	XM_034932120.1	100.000	21	0	0	1	21	1380	1360	2.1	39.2
Query_529067	XM_034932119.1	100.000	21	0	0	1	21	1656	1636	2.1	39.2
Query_529067	XM_034932117.1	100.000	21	0	0	1	21	1466	1446	2.1	39.2
Query_529067	XM_034932116.1	100.000	21	0	0	1	21	1728	1708	2.1	39.2
Query_529067	XM_034932115.1	100.000	21	0	0	1	21	1728	1708	2.1	39.2
Query_529067	XM_004050666.3	100.000	21	0	0	1	21	1769	1749	2.1	39.2
Query_529067	XM_019037259.2	100.000	21	0	0	1	21	1294	1274	2.1	39.2
Query_529067	XM_019037258.2	100.000	21	0	0	1	21	1656	1636	2.1	39.2
Query_529067	XM_004050664.3	100.000	21	0	0	1	21	1769	1749	2.1	39.2
Query_529067	NM_001348749.2	100.000	21	0	0	1	21	1662	1642	2.1	39.2
Query_529067	NM_001348750.2	100.000	21	0	0	1	21	1770	1750	2.1	39.2
Query_529067	NM_001243254.2	100.000	21	0	0	1	21	1734	1714	2.1	39.2
Query_529067	NM_015213.4	100.000	21	0	0	1	21	1734	1714	2.1	39.2
Query_529067	NR_145966.2	100.000	21	0	0	1	21	1710	1690	2.1	39.2
Query_529067	XM_003312912.4	100.000	21	0	0	1	21	1768	1748	2.1	39.2
Query_529067	XR_002938439.1	100.000	21	0	0	1	21	1768	1748	2.1	39.2
Query_529067	XM_016920357.2	100.000	21	0	0	1	21	1515	1495	2.1	39.2
Query_529067	XM_024346967.1	100.000	21	0	0	1	21	1768	1748	2.1	39.2
Query_529067	XM_024346966.1	100.000	21	0	0	1	21	1768	1748	2.1	39.2
Query_529067	XM_009459922.3	100.000	21	0	0	1	21	1696	1676	2.1	39.2
Query_529067	XM_016920354.2	100.000	21	0	0	1	21	1696	1676	2.1	39.2
Query_529067	XM_508914.6	100.000	21	0	0	1	21	1768	1748	2.1	39.2
Query_529067	XM_016920352.2	100.000	21	0	0	1	21	1768	1748	2.1	39.2
Query_529067	NG_053019.1	100.000	21	0	0	1	21	89567	89547	2.1	39.2
Query_529067	LT734349.1	100.000	21	0	0	1	21	695	675	2.1	39.2
Query_529067	XM_016920351.1	100.000	21	0	0	1	21	1525	1505	2.1	39.2
Query_529067	KJ902312.1	100.000	21	0	0	1	21	273	253	2.1	39.2
Query_529067	AB463207.1	100.000	21	0	0	1	21	1462	1442	2.1	39.2
Query_529067	AK295881.1	100.000	21	0	0	1	21	1471	1451	2.1	39.2
Query_529067	AK302478.1	100.000	21	0	0	1	21	1171	1151	2.1	39.2
Query_529067	AK294016.1	100.000	21	0	0	1	21	1439	1419	2.1	39.2
Query_529067	CU679313.1	100.000	21	0	0	1	21	224	204	2.1	39.2
Query_529067	BC009354.2	100.000	21	0	0	1	21	438	418	2.1	39.2
Query_529067	AB029014.1	100.000	21	0	0	1	21	1670	1650	2.1	39.2
Query_529067	BC071596.1	100.000	21	0	0	1	21	1515	1495	2.1	39.2
Query_529067	AK025499.1	100.000	21	0	0	1	21	321	301	2.1	39.2
Query_529067	AL117448.1	100.000	21	0	0	1	21	1466	1446	2.1	39.2
Query_529067	AP006259.1	100.000	21	0	0	1	21	23843	23863	2.1	39.2


