# blastn
# Iteration: 0
# Query: 
# RID: 74439J7R013
# Database: nt
# Fields: query acc.ver, subject acc.ver, % identity, alignment length, mismatches, gap opens, q. start, q. end, s. start, s. end, evalue, bit score
# 50 hits found
Query_34809	XM_003826436.5	100.000	21	0	0	1	21	883	863	2.1	39.2
Query_34809	XM_033207523.1	100.000	21	0	0	1	21	101	81	2.1	39.2
Query_34809	XR_004248146.1	100.000	21	0	0	1	21	175	155	2.1	39.2
Query_34809	XM_032152902.1	100.000	21	0	0	1	21	302	282	2.1	39.2
Query_34809	XM_023215610.3	100.000	21	0	0	1	21	302	282	2.1	39.2
Query_34809	XM_021925752.2	100.000	21	0	0	1	21	901	881	2.1	39.2
Query_34809	XM_021925751.2	100.000	21	0	0	1	21	901	881	2.1	39.2
Query_34809	XM_003909863.5	100.000	21	0	0	1	21	891	871	2.1	39.2
Query_34809	XM_021925748.2	100.000	21	0	0	1	21	902	882	2.1	39.2
Query_34809	XM_021925749.2	100.000	21	0	0	1	21	897	877	2.1	39.2
Query_34809	XR_004177556.1	100.000	21	0	0	1	21	896	876	2.1	39.2
Query_34809	XR_004177555.1	100.000	21	0	0	1	21	896	876	2.1	39.2
Query_34809	XM_021925747.2	100.000	21	0	0	1	21	896	876	2.1	39.2
Query_34809	XM_021925746.2	100.000	21	0	0	1	21	895	875	2.1	39.2
Query_34809	XM_021925744.2	100.000	21	0	0	1	21	905	885	2.1	39.2
Query_34809	XM_004051152.3	100.000	21	0	0	1	21	302	282	2.1	39.2
Query_34809	XM_010353410.2	100.000	21	0	0	1	21	302	282	2.1	39.2
Query_34809	XR_004029584.1	100.000	21	0	0	1	21	177	157	2.1	39.2
Query_34809	XM_030810123.1	100.000	21	0	0	1	21	302	282	2.1	39.2
Query_34809	NM_002559.5	100.000	21	0	0	1	21	300	280	2.1	39.2
Query_34809	XM_001103269.4	100.000	21	0	0	1	21	803	783	2.1	39.2
Query_34809	XM_025357428.1	100.000	21	0	0	1	21	301	281	2.1	39.2
Query_34809	XM_024797370.1	100.000	21	0	0	1	21	298	278	2.1	39.2
Query_34809	XM_011766085.2	100.000	21	0	0	1	21	60	40	2.1	39.2
Query_34809	XM_016920882.2	100.000	21	0	0	1	21	370	350	2.1	39.2
Query_34809	XM_001136930.4	100.000	21	0	0	1	21	353	333	2.1	39.2
Query_34809	XM_002821788.2	100.000	21	0	0	1	21	302	282	2.1	39.2
Query_34809	XM_017851320.1	100.000	21	0	0	1	21	264	244	2.1	39.2
Query_34809	XM_011545072.2	100.000	21	0	0	1	21	819	799	2.1	39.2
Query_34809	XR_949950.2	100.000	21	0	0	1	21	824	804	2.1	39.2
Query_34809	XM_011545071.2	100.000	21	0	0	1	21	820	800	2.1	39.2
Query_34809	XM_011545070.2	100.000	21	0	0	1	21	252	232	2.1	39.2
Query_34809	XM_011545069.2	100.000	21	0	0	1	21	946	926	2.1	39.2
Query_34809	XM_015434713.1	100.000	21	0	0	1	21	880	860	2.1	39.2
Query_34809	XR_001484890.1	100.000	21	0	0	1	21	880	860	2.1	39.2
Query_34809	XR_001484889.1	100.000	21	0	0	1	21	880	860	2.1	39.2
Query_34809	XM_005577865.2	100.000	21	0	0	1	21	880	860	2.1	39.2
Query_34809	XM_011766086.1	100.000	21	0	0	1	21	298	278	2.1	39.2
Query_34809	XM_011766083.1	100.000	21	0	0	1	21	298	278	2.1	39.2
Query_34809	XM_012092343.1	100.000	21	0	0	1	21	287	267	2.1	39.2
Query_34809	XM_011998703.1	100.000	21	0	0	1	21	287	267	2.1	39.2
Query_34809	XM_008578927.1	100.000	21	0	0	1	21	614	594	2.1	39.2
Query_34809	AC195611.3	100.000	21	0	0	1	21	159566	159546	2.1	39.2
Query_34809	BC109287.2	100.000	21	0	0	1	21	135	115	2.1	39.2
Query_34809	BC074793.2	100.000	21	0	0	1	21	132	112	2.1	39.2
Query_34809	BC074792.2	100.000	21	0	0	1	21	132	112	2.1	39.2
Query_34809	BC069162.1	100.000	21	0	0	1	21	177	157	2.1	39.2
Query_34809	AP000781.6	100.000	21	0	0	1	21	93968	93948	2.1	39.2
Query_34809	AB016608.1	100.000	21	0	0	1	21	101	81	2.1	39.2
Query_34809	Y07683.1	100.000	21	0	0	1	21	266	246	2.1	39.2


