# blastn
# Iteration: 0
# Query: 
# RID: 6XE95WPH01R
# Database: nt
# Fields: query acc.ver, subject acc.ver, % identity, alignment length, mismatches, gap opens, q. start, q. end, s. start, s. end, evalue, bit score
# 100 hits found
Query_520265	HG999738.1	100.000	21	0	0	1	21	26780611	26780631	2.0	39.2
Query_520265	HG999687.1	100.000	21	0	0	1	21	13923373	13923393	2.0	39.2
Query_520265	XM_040294550.1	100.000	21	0	0	1	21	460	440	2.0	39.2
Query_520265	XM_021725967.2	100.000	21	0	0	1	21	790	770	2.0	39.2
Query_520265	XM_040294549.1	100.000	21	0	0	1	21	708	688	2.0	39.2
Query_520265	XM_040294548.1	100.000	21	0	0	1	21	894	874	2.0	39.2
Query_520265	XM_040069867.1	100.000	21	0	0	1	21	379	359	2.0	39.2
Query_520265	XM_040069866.1	100.000	21	0	0	1	21	336	316	2.0	39.2
Query_520265	XM_040069865.1	100.000	21	0	0	1	21	367	347	2.0	39.2
Query_520265	XM_040069863.1	100.000	21	0	0	1	21	576	556	2.0	39.2
Query_520265	HG994416.1	100.000	21	0	0	1	21	26894044	26894024	2.0	39.2
Query_520265	XM_039855835.1	100.000	21	0	0	1	21	568	548	2.0	39.2
Query_520265	XM_039855834.1	100.000	21	0	0	1	21	862	842	2.0	39.2
Query_520265	XM_039855833.1	100.000	21	0	0	1	21	584	564	2.0	39.2
Query_520265	XM_039855832.1	100.000	21	0	0	1	21	731	711	2.0	39.2
Query_520265	XM_039855830.1	100.000	21	0	0	1	21	597	577	2.0	39.2
Query_520265	XM_039855829.1	100.000	21	0	0	1	21	818	798	2.0	39.2
Query_520265	XM_039855828.1	100.000	21	0	0	1	21	639	619	2.0	39.2
Query_520265	XM_039696834.1	100.000	21	0	0	1	21	271	251	2.0	39.2
Query_520265	XM_039696825.1	100.000	21	0	0	1	21	587	567	2.0	39.2
Query_520265	XM_019290592.3	100.000	21	0	0	1	21	271	251	2.0	39.2
Query_520265	XM_019290591.3	100.000	21	0	0	1	21	322	302	2.0	39.2
Query_520265	XM_039555277.1	100.000	21	0	0	1	21	463	443	2.0	39.2
Query_520265	XM_039555276.1	100.000	21	0	0	1	21	622	602	2.0	39.2
Query_520265	XM_039495191.1	100.000	21	0	0	1	21	465	445	2.0	39.2
Query_520265	XM_039495190.1	100.000	21	0	0	1	21	557	537	2.0	39.2
Query_520265	XM_039495189.1	100.000	21	0	0	1	21	580	560	2.0	39.2
Query_520265	XM_039495187.1	100.000	21	0	0	1	21	850	830	2.0	39.2
Query_520265	XM_039495186.1	100.000	21	0	0	1	21	820	800	2.0	39.2
Query_520265	XM_010351541.2	100.000	21	0	0	1	21	809	789	2.0	39.2
Query_520265	XM_039469988.1	100.000	21	0	0	1	21	889	869	2.0	39.2
Query_520265	NM_001047857.4	100.000	21	0	0	1	21	813	793	2.0	39.2
Query_520265	XM_027731489.2	100.000	21	0	0	1	21	633	613	2.0	39.2
Query_520265	XM_039322530.1	100.000	21	0	0	1	21	541	521	2.0	39.2
Query_520265	XM_039322529.1	100.000	21	0	0	1	21	571	551	2.0	39.2
Query_520265	XM_039322528.1	100.000	21	0	0	1	21	572	552	2.0	39.2
Query_520265	XM_039322527.1	100.000	21	0	0	1	21	622	602	2.0	39.2
Query_520265	XM_039254350.1	100.000	21	0	0	1	21	551	531	2.0	39.2
Query_520265	XM_039239646.1	100.000	21	0	0	1	21	601	581	2.0	39.2
Query_520265	XM_039239644.1	100.000	21	0	0	1	21	560	540	2.0	39.2
Query_520265	XM_039239643.1	100.000	21	0	0	1	21	774	754	2.0	39.2
Query_520265	XM_006234405.4	100.000	21	0	0	1	21	756	736	2.0	39.2
Query_520265	XM_038447236.1	100.000	21	0	0	1	21	480	460	2.0	39.2
Query_520265	XM_038447235.1	100.000	21	0	0	1	21	786	766	2.0	39.2
Query_520265	XM_038463393.1	100.000	21	0	0	1	21	480	460	2.0	39.2
Query_520265	XM_038463392.1	100.000	21	0	0	1	21	786	766	2.0	39.2
Query_520265	XM_038751298.1	100.000	21	0	0	1	21	548	528	2.0	39.2
Query_520265	XM_038422435.1	100.000	21	0	0	1	21	536	516	2.0	39.2
Query_520265	XM_038422434.1	100.000	21	0	0	1	21	1046	1026	2.0	39.2
Query_520265	XM_038422433.1	100.000	21	0	0	1	21	939	919	2.0	39.2
Query_520265	XM_038422432.1	100.000	21	0	0	1	21	880	860	2.0	39.2
Query_520265	XM_038337979.1	100.000	21	0	0	1	21	613	593	2.0	39.2
Query_520265	XM_027461414.2	100.000	21	0	0	1	21	627	607	2.0	39.2
Query_520265	XM_038142540.1	100.000	21	0	0	1	21	320	300	2.0	39.2
Query_520265	XM_038142539.1	100.000	21	0	0	1	21	818	798	2.0	39.2
Query_520265	XM_038142538.1	100.000	21	0	0	1	21	609	589	2.0	39.2
Query_520265	XM_007965532.2	100.000	21	0	0	1	21	873	853	2.0	39.2
Query_520265	XM_007965531.2	100.000	21	0	0	1	21	803	783	2.0	39.2
Query_520265	XM_007965530.2	100.000	21	0	0	1	21	826	806	2.0	39.2
Query_520265	XM_027831903.2	100.000	21	0	0	1	21	599	579	2.0	39.2
Query_520265	XM_037912406.1	100.000	21	0	0	1	21	803	783	2.0	39.2
Query_520265	XM_007069768.3	100.000	21	0	0	1	21	821	801	2.0	39.2
Query_520265	XM_027831901.2	100.000	21	0	0	1	21	700	680	2.0	39.2
Query_520265	XM_037849091.1	100.000	21	0	0	1	21	639	619	2.0	39.2
Query_520265	XM_037849090.1	100.000	21	0	0	1	21	601	581	2.0	39.2
Query_520265	XM_037849089.1	100.000	21	0	0	1	21	839	819	2.0	39.2
Query_520265	XM_037844356.1	100.000	21	0	0	1	21	433	413	2.0	39.2
Query_520265	XM_037839205.1	100.000	21	0	0	1	21	463	443	2.0	39.2
Query_520265	XM_037735836.1	100.000	21	0	0	1	21	448	428	2.0	39.2
Query_520265	XM_037732749.1	100.000	21	0	0	1	21	527	507	2.0	39.2
Query_520265	XM_017532745.2	100.000	21	0	0	1	21	879	859	2.0	39.2
Query_520265	XM_017532744.2	100.000	21	0	0	1	21	809	789	2.0	39.2
Query_520265	XM_017532743.2	100.000	21	0	0	1	21	888	868	2.0	39.2
Query_520265	XM_037398242.1	100.000	21	0	0	1	21	698	678	2.0	39.2
Query_520265	XM_028884602.2	100.000	21	0	0	1	21	810	790	2.0	39.2
Query_520265	XM_028884601.2	100.000	21	0	0	1	21	883	863	2.0	39.2
Query_520265	XM_037130039.1	100.000	21	0	0	1	21	537	517	2.0	39.2
Query_520265	XM_037130038.1	100.000	21	0	0	1	21	544	524	2.0	39.2
Query_520265	XM_037130037.1	100.000	21	0	0	1	21	706	686	2.0	39.2
Query_520265	XM_037130036.1	100.000	21	0	0	1	21	806	786	2.0	39.2
Query_520265	XM_037044351.1	100.000	21	0	0	1	21	737	717	2.0	39.2
Query_520265	XM_037044350.1	100.000	21	0	0	1	21	544	524	2.0	39.2
Query_520265	XM_037044349.1	100.000	21	0	0	1	21	537	517	2.0	39.2
Query_520265	XM_037044348.1	100.000	21	0	0	1	21	670	650	2.0	39.2
Query_520265	XM_037044347.1	100.000	21	0	0	1	21	786	766	2.0	39.2
Query_520265	XM_037000303.1	100.000	21	0	0	1	21	597	577	2.0	39.2
Query_520265	XM_037000302.1	100.000	21	0	0	1	21	592	572	2.0	39.2
Query_520265	XM_037000301.1	100.000	21	0	0	1	21	479	459	2.0	39.2
Query_520265	XM_017668147.2	100.000	21	0	0	1	21	613	593	2.0	39.2
Query_520265	XM_017668146.2	100.000	21	0	0	1	21	734	714	2.0	39.2
Query_520265	XM_037000299.1	100.000	21	0	0	1	21	597	577	2.0	39.2
Query_520265	XM_036879408.1	100.000	21	0	0	1	21	591	571	2.0	39.2
Query_520265	XM_036879407.1	100.000	21	0	0	1	21	479	459	2.0	39.2
Query_520265	XM_036879406.1	100.000	21	0	0	1	21	611	591	2.0	39.2
Query_520265	XM_036879404.1	100.000	21	0	0	1	21	730	710	2.0	39.2
Query_520265	XM_036879403.1	100.000	21	0	0	1	21	781	761	2.0	39.2
Query_520265	XR_004984923.1	100.000	21	0	0	1	21	809	789	2.0	39.2
Query_520265	XM_036421414.1	100.000	21	0	0	1	21	809	789	2.0	39.2
Query_520265	XM_036386778.1	100.000	21	0	0	1	21	610	590	2.0	39.2
Query_520265	XR_004969263.1	100.000	21	0	0	1	21	803	783	2.0	39.2


