# blastn
# Iteration: 0
# Query: 
# RID: 6UM9330Y016
# Database: nt
# Fields: query acc.ver, subject acc.ver, % identity, alignment length, mismatches, gap opens, q. start, q. end, s. start, s. end, evalue, bit score
# 100 hits found
Query_47401	LR812107.1	100.000	21	0	0	1	21	21185853	21185833	2.1	39.2
Query_47401	XM_035111919.1	100.000	21	0	0	1	21	224	204	2.1	39.2
Query_47401	XM_035005109.1	100.000	21	0	0	1	21	365	345	2.1	39.2
Query_47401	XM_035005108.1	100.000	21	0	0	1	21	869	849	2.1	39.2
Query_47401	XM_040485326.1	100.000	21	0	0	1	21	264	244	2.1	39.2
Query_47401	HG999684.1	100.000	21	0	0	1	21	48989499	48989519	2.1	39.2
Query_47401	XM_005319928.3	100.000	21	0	0	1	21	365	345	2.1	39.2
Query_47401	XM_040238046.1	100.000	21	0	0	1	21	222	202	2.1	39.2
Query_47401	XM_040238044.1	100.000	21	0	0	1	21	456	436	2.1	39.2
Query_47401	XM_040064212.1	100.000	21	0	0	1	21	159	139	2.1	39.2
Query_47401	XM_040064211.1	100.000	21	0	0	1	21	245	225	2.1	39.2
Query_47401	HG994384.1	100.000	21	0	0	1	21	74333834	74333854	2.1	39.2
Query_47401	XM_039844998.1	100.000	21	0	0	1	21	400	380	2.1	39.2
Query_47401	XM_039844997.1	100.000	21	0	0	1	21	238	218	2.1	39.2
Query_47401	XM_039844995.1	100.000	21	0	0	1	21	345	325	2.1	39.2
Query_47401	XM_039699084.1	100.000	21	0	0	1	21	272	252	2.1	39.2
Query_47401	XM_039699083.1	100.000	21	0	0	1	21	286	266	2.1	39.2
Query_47401	XM_039550530.1	100.000	21	0	0	1	21	260	240	2.1	39.2
Query_47401	XM_039539606.1	100.000	21	0	0	1	21	284	264	2.1	39.2
Query_47401	XM_003940989.2	100.000	21	0	0	1	21	216	196	2.1	39.2
Query_47401	XM_027731593.2	100.000	21	0	0	1	21	223	203	2.1	39.2
Query_47401	XM_039325268.1	100.000	21	0	0	1	21	278	258	2.1	39.2
Query_47401	XM_039226965.1	100.000	21	0	0	1	21	116	96	2.1	39.2
Query_47401	XM_039226963.1	100.000	21	0	0	1	21	359	339	2.1	39.2
Query_47401	XM_039091716.1	100.000	21	0	0	1	21	463	443	2.1	39.2
Query_47401	XM_038661950.1	100.000	21	0	0	1	21	370	350	2.1	39.2
Query_47401	XM_003434394.5	100.000	21	0	0	1	21	370	350	2.1	39.2
Query_47401	XM_038399662.1	100.000	21	0	0	1	21	206	186	2.1	39.2
Query_47401	XM_038399661.1	100.000	21	0	0	1	21	241	221	2.1	39.2
Query_47401	XM_038323543.1	100.000	21	0	0	1	21	474	454	2.1	39.2
Query_47401	XM_027457224.2	100.000	21	0	0	1	21	282	262	2.1	39.2
Query_47401	XM_027457226.2	100.000	21	0	0	1	21	290	270	2.1	39.2
Query_47401	XM_027457223.2	100.000	21	0	0	1	21	420	400	2.1	39.2
Query_47401	XM_038136329.1	100.000	21	0	0	1	21	683	663	2.1	39.2
Query_47401	XM_008017600.2	100.000	21	0	0	1	21	419	399	2.1	39.2
Query_47401	XM_037897915.1	100.000	21	0	0	1	21	249	229	2.1	39.2
Query_47401	XM_037829623.1	100.000	21	0	0	1	21	297	277	2.1	39.2
Query_47401	XR_001826530.2	100.000	21	0	0	1	21	288	268	2.1	39.2
Query_47401	XM_017527247.2	100.000	21	0	0	1	21	419	399	2.1	39.2
Query_47401	XM_017527245.2	100.000	21	0	0	1	21	419	399	2.1	39.2
Query_47401	XM_037530493.1	100.000	21	0	0	1	21	346	326	2.1	39.2
Query_47401	XM_037391649.1	100.000	21	0	0	1	21	134	114	2.1	39.2
Query_47401	XM_037391639.1	100.000	21	0	0	1	21	182	162	2.1	39.2
Query_47401	XM_037391629.1	100.000	21	0	0	1	21	234	214	2.1	39.2
Query_47401	XM_037391619.1	100.000	21	0	0	1	21	310	290	2.1	39.2
Query_47401	XM_028882240.2	100.000	21	0	0	1	21	200	180	2.1	39.2
Query_47401	XM_037138033.1	100.000	21	0	0	1	21	361	341	2.1	39.2
Query_47401	XM_037064306.1	100.000	21	0	0	1	21	345	325	2.1	39.2
Query_47401	XM_017662459.2	100.000	21	0	0	1	21	287	267	2.1	39.2
Query_47401	XM_036908505.1	100.000	21	0	0	1	21	289	269	2.1	39.2
Query_47401	XM_036852348.1	100.000	21	0	0	1	21	339	319	2.1	39.2
Query_47401	XM_036852347.1	100.000	21	0	0	1	21	382	362	2.1	39.2
Query_47401	XM_036496827.1	100.000	21	0	0	1	21	252	232	2.1	39.2
Query_47401	XM_036496826.1	100.000	21	0	0	1	21	355	335	2.1	39.2
Query_47401	XM_004579145.3	100.000	21	0	0	1	21	311	291	2.1	39.2
Query_47401	XM_036418282.1	100.000	21	0	0	1	21	367	347	2.1	39.2
Query_47401	XM_036381662.1	100.000	21	0	0	1	21	152	132	2.1	39.2
Query_47401	XM_036381661.1	100.000	21	0	0	1	21	279	259	2.1	39.2
Query_47401	XM_036331571.1	100.000	21	0	0	1	21	516	496	2.1	39.2
Query_47401	XM_036331560.1	100.000	21	0	0	1	21	134	114	2.1	39.2
Query_47401	XM_036331552.1	100.000	21	0	0	1	21	137	117	2.1	39.2
Query_47401	XM_036331544.1	100.000	21	0	0	1	21	198	178	2.1	39.2
Query_47401	XM_036258045.1	100.000	21	0	0	1	21	123	103	2.1	39.2
Query_47401	XM_036258037.1	100.000	21	0	0	1	21	189	169	2.1	39.2
Query_47401	XM_036258027.1	100.000	21	0	0	1	21	259	239	2.1	39.2
Query_47401	XM_036258018.1	100.000	21	0	0	1	21	294	274	2.1	39.2
Query_47401	XM_036258009.1	100.000	21	0	0	1	21	347	327	2.1	39.2
Query_47401	XM_036258001.1	100.000	21	0	0	1	21	346	326	2.1	39.2
Query_47401	XM_036228034.1	100.000	21	0	0	1	21	399	379	2.1	39.2
Query_47401	XM_036228032.1	100.000	21	0	0	1	21	93	73	2.1	39.2
Query_47401	XM_036228031.1	100.000	21	0	0	1	21	240	220	2.1	39.2
Query_47401	XM_016119953.2	100.000	21	0	0	1	21	347	327	2.1	39.2
Query_47401	XM_036228030.1	100.000	21	0	0	1	21	360	340	2.1	39.2
Query_47401	XM_036200412.1	100.000	21	0	0	1	21	413	393	2.1	39.2
Query_47401	XM_036112050.1	100.000	21	0	0	1	21	212	192	2.1	39.2
Query_47401	XM_036112045.1	100.000	21	0	0	1	21	344	324	2.1	39.2
Query_47401	XM_036112039.1	100.000	21	0	0	1	21	170	150	2.1	39.2
Query_47401	XM_036112035.1	100.000	21	0	0	1	21	203	183	2.1	39.2
Query_47401	XM_036112026.1	100.000	21	0	0	1	21	286	266	2.1	39.2
Query_47401	XM_030314001.3	100.000	21	0	0	1	21	325	305	2.1	39.2
Query_47401	XM_028507668.2	100.000	21	0	0	1	21	354	334	2.1	39.2
Query_47401	LR877233.1	100.000	21	0	0	1	21	53841782	53841762	2.1	39.2
Query_47401	LR877197.1	100.000	21	0	0	1	21	44506931	44506951	2.1	39.2
Query_47401	XM_035896737.1	100.000	21	0	0	1	21	311	291	2.1	39.2
Query_47401	XM_035714480.1	100.000	21	0	0	1	21	94	74	2.1	39.2
Query_47401	XM_035714479.1	100.000	21	0	0	1	21	97	77	2.1	39.2
Query_47401	XM_025437022.2	100.000	21	0	0	1	21	369	349	2.1	39.2
Query_47401	XM_027599485.2	100.000	21	0	0	1	21	369	349	2.1	39.2
Query_47401	XM_035551312.1	100.000	21	0	0	1	21	289	269	2.1	39.2
Query_47401	XM_035551303.1	100.000	21	0	0	1	21	469	449	2.1	39.2
Query_47401	XM_035551302.1	100.000	21	0	0	1	21	157	137	2.1	39.2
Query_47401	XM_027390757.2	100.000	21	0	0	1	21	339	319	2.1	39.2
Query_47401	XM_003512233.3	100.000	21	0	0	1	21	483	463	2.1	39.2
Query_47401	XM_035326247.1	100.000	21	0	0	1	21	110	90	2.1	39.2
Query_47401	XM_035326246.1	100.000	21	0	0	1	21	137	117	2.1	39.2
Query_47401	XM_035326245.1	100.000	21	0	0	1	21	225	205	2.1	39.2
Query_47401	XM_008993465.3	100.000	21	0	0	1	21	541	521	2.1	39.2
Query_47401	XM_035293864.1	100.000	21	0	0	1	21	134	114	2.1	39.2
Query_47401	XM_002745900.5	100.000	21	0	0	1	21	526	506	2.1	39.2
Query_47401	LS423614.1	100.000	21	0	0	1	21	51642078	51642098	2.1	39.2


