# blastn
# Iteration: 0
# Query: 
# RID: 7RKA4307016
# Database: nt
# Fields: query acc.ver, subject acc.ver, % identity, alignment length, mismatches, gap opens, q. start, q. end, s. start, s. end, evalue, bit score
# 100 hits found
Query_26051	XM_034950155.1	100.000	21	0	0	1	21	522	502	2.1	39.2
Query_26051	XM_003823547.3	100.000	21	0	0	1	21	710	690	2.1	39.2
Query_26051	XM_003823548.3	100.000	21	0	0	1	21	848	828	2.1	39.2
Query_26051	XM_034954600.1	100.000	21	0	0	1	21	864	844	2.1	39.2
Query_26051	XM_033230979.1	100.000	21	0	0	1	21	867	847	2.1	39.2
Query_26051	XM_033230978.1	100.000	21	0	0	1	21	661	641	2.1	39.2
Query_26051	XM_033230977.1	100.000	21	0	0	1	21	743	723	2.1	39.2
Query_26051	XM_033230976.1	100.000	21	0	0	1	21	912	892	2.1	39.2
Query_26051	XM_032903553.1	100.000	21	0	0	1	21	766	746	2.1	39.2
Query_26051	XM_032903552.1	100.000	21	0	0	1	21	1107	1087	2.1	39.2
Query_26051	XM_032272952.1	100.000	21	0	0	1	21	547	527	2.1	39.2
Query_26051	XR_004265519.1	100.000	21	0	0	1	21	786	766	2.1	39.2
Query_26051	XM_032292780.1	100.000	21	0	0	1	21	515	495	2.1	39.2
Query_26051	XM_032292779.1	100.000	21	0	0	1	21	515	495	2.1	39.2
Query_26051	XM_032292777.1	100.000	21	0	0	1	21	849	829	2.1	39.2
Query_26051	XM_032292776.1	100.000	21	0	0	1	21	850	830	2.1	39.2
Query_26051	XM_023212355.2	100.000	21	0	0	1	21	1119	1099	2.1	39.2
Query_26051	XR_004184310.1	100.000	21	0	0	1	21	889	869	2.1	39.2
Query_26051	XM_003907679.3	100.000	21	0	0	1	21	848	828	2.1	39.2
Query_26051	XM_009182552.3	100.000	21	0	0	1	21	854	834	2.1	39.2
Query_26051	XM_010368677.2	100.000	21	0	0	1	21	849	829	2.1	39.2
Query_26051	XM_030916695.1	100.000	21	0	0	1	21	1025	1005	2.1	39.2
Query_26051	XM_003253799.3	100.000	21	0	0	1	21	870	850	2.1	39.2
Query_26051	XM_030802719.1	100.000	21	0	0	1	21	743	723	2.1	39.2
Query_26051	XM_030802718.1	100.000	21	0	0	1	21	933	913	2.1	39.2
Query_26051	XM_015110367.2	100.000	21	0	0	1	21	570	550	2.1	39.2
Query_26051	XM_015110366.2	100.000	21	0	0	1	21	849	829	2.1	39.2
Query_26051	NM_006357.4	100.000	21	0	0	1	21	868	848	2.1	39.2
Query_26051	XM_023212356.2	100.000	21	0	0	1	21	767	747	2.1	39.2
Query_26051	XM_028140875.1	100.000	21	0	0	1	21	577	557	2.1	39.2
Query_26051	XM_025404907.1	100.000	21	0	0	1	21	664	644	2.1	39.2
Query_26051	XM_025404906.1	100.000	21	0	0	1	21	851	831	2.1	39.2
Query_26051	XM_025404905.1	100.000	21	0	0	1	21	696	676	2.1	39.2
Query_26051	XM_025404904.1	100.000	21	0	0	1	21	759	739	2.1	39.2
Query_26051	XR_676614.3	100.000	21	0	0	1	21	675	655	2.1	39.2
Query_26051	XM_016950121.2	100.000	21	0	0	1	21	890	870	2.1	39.2
Query_26051	XR_653383.2	100.000	21	0	0	1	21	574	554	2.1	39.2
Query_26051	XM_024243530.1	100.000	21	0	0	1	21	549	529	2.1	39.2
Query_26051	XM_002812643.4	100.000	21	0	0	1	21	848	828	2.1	39.2
Query_26051	XM_002812644.4	100.000	21	0	0	1	21	849	829	2.1	39.2
Query_26051	XM_024243529.1	100.000	21	0	0	1	21	927	907	2.1	39.2
Query_26051	XR_001351029.2	100.000	21	0	0	1	21	519	499	2.1	39.2
Query_26051	XM_023744413.1	100.000	21	0	0	1	21	519	499	2.1	39.2
Query_26051	XM_021711812.1	100.000	21	0	0	1	21	756	736	2.1	39.2
Query_26051	XM_008057023.2	100.000	21	0	0	1	21	672	652	2.1	39.2
Query_26051	XR_002481281.1	100.000	21	0	0	1	21	562	542	2.1	39.2
Query_26051	XR_002481280.1	100.000	21	0	0	1	21	562	542	2.1	39.2
Query_26051	LT735466.1	100.000	21	0	0	1	21	961	941	2.1	39.2
Query_26051	XM_002749257.3	100.000	21	0	0	1	21	852	832	2.1	39.2
Query_26051	XM_017884055.1	100.000	21	0	0	1	21	816	796	2.1	39.2
Query_26051	XM_017884054.1	100.000	21	0	0	1	21	724	704	2.1	39.2
Query_26051	XM_515954.5	100.000	21	0	0	1	21	848	828	2.1	39.2
Query_26051	XM_016950122.1	100.000	21	0	0	1	21	589	569	2.1	39.2
Query_26051	XM_006760558.2	100.000	21	0	0	1	21	633	613	2.1	39.2
Query_26051	XR_001513331.1	100.000	21	0	0	1	21	499	479	2.1	39.2
Query_26051	XR_001490200.1	100.000	21	0	0	1	21	864	844	2.1	39.2
Query_26051	XR_001363782.1	100.000	21	0	0	1	21	621	601	2.1	39.2
Query_26051	XM_005857650.2	100.000	21	0	0	1	21	621	601	2.1	39.2
Query_26051	XM_012724555.1	100.000	21	0	0	1	21	591	571	2.1	39.2
Query_26051	XM_004674475.2	100.000	21	0	0	1	21	566	546	2.1	39.2
Query_26051	XM_012651218.1	100.000	21	0	0	1	21	732	712	2.1	39.2
Query_26051	XM_012651217.1	100.000	21	0	0	1	21	844	824	2.1	39.2
Query_26051	XM_012047169.1	100.000	21	0	0	1	21	514	494	2.1	39.2
Query_26051	XM_012047168.1	100.000	21	0	0	1	21	829	809	2.1	39.2
Query_26051	XM_012047167.1	100.000	21	0	0	1	21	737	717	2.1	39.2
Query_26051	XM_011772131.1	100.000	21	0	0	1	21	849	829	2.1	39.2
Query_26051	XM_011772130.1	100.000	21	0	0	1	21	854	834	2.1	39.2
Query_26051	XM_011966304.1	100.000	21	0	0	1	21	665	645	2.1	39.2
Query_26051	XM_011966303.1	100.000	21	0	0	1	21	757	737	2.1	39.2
Query_26051	XM_011966302.1	100.000	21	0	0	1	21	661	641	2.1	39.2
Query_26051	XM_011959436.1	100.000	21	0	0	1	21	647	627	2.1	39.2
Query_26051	XM_011959435.1	100.000	21	0	0	1	21	739	719	2.1	39.2
Query_26051	XM_011959434.1	100.000	21	0	0	1	21	643	623	2.1	39.2
Query_26051	XR_001007459.1	100.000	21	0	0	1	21	664	644	2.1	39.2
Query_26051	XR_001002230.1	100.000	21	0	0	1	21	670	650	2.1	39.2
Query_26051	NM_001047857.4	100.000	21	0	0	1	21	854	834	2.1	39.2
Query_26051	XM_006234405.4	100.000	21	0	0	1	21	797	777	2.1	39.2
Query_26051	XM_007965532.2	100.000	21	0	0	1	21	914	894	2.1	39.2
Query_26051	XM_007965531.2	100.000	21	0	0	1	21	844	824	2.1	39.2
Query_26051	XM_007965530.2	100.000	21	0	0	1	21	867	847	2.1	39.2
Query_26051	XM_037849091.1	100.000	21	0	0	1	21	680	660	2.1	39.2
Query_26051	XM_037849090.1	100.000	21	0	0	1	21	642	622	2.1	39.2
Query_26051	XM_037849089.1	100.000	21	0	0	1	21	880	860	2.1	39.2
Query_26051	XM_037839205.1	100.000	21	0	0	1	21	504	484	2.1	39.2
Query_26051	XM_037735836.1	100.000	21	0	0	1	21	489	469	2.1	39.2
Query_26051	XM_037732749.1	100.000	21	0	0	1	21	568	548	2.1	39.2
Query_26051	XM_017532745.2	100.000	21	0	0	1	21	920	900	2.1	39.2
Query_26051	XM_017532744.2	100.000	21	0	0	1	21	850	830	2.1	39.2
Query_26051	XM_017532743.2	100.000	21	0	0	1	21	929	909	2.1	39.2
Query_26051	XR_004984923.1	100.000	21	0	0	1	21	850	830	2.1	39.2
Query_26051	XM_036421414.1	100.000	21	0	0	1	21	850	830	2.1	39.2
Query_26051	XR_004969263.1	100.000	21	0	0	1	21	844	824	2.1	39.2
Query_26051	XM_036319158.1	100.000	21	0	0	1	21	829	809	2.1	39.2
Query_26051	XM_036319157.1	100.000	21	0	0	1	21	844	824	2.1	39.2
Query_26051	NM_182678.3	100.000	21	0	0	1	21	718	698	2.1	39.2
Query_26051	NM_001278554.2	100.000	21	0	0	1	21	919	899	2.1	39.2
Query_26051	NM_001278555.2	100.000	21	0	0	1	21	686	666	2.1	39.2
Query_26051	LR862364.1	100.000	21	0	0	1	21	48697612	48697592	2.1	39.2
Query_26051	XM_003733157.3	100.000	21	0	0	1	21	845	825	2.1	39.2
Query_26051	XM_035304362.1	100.000	21	0	0	1	21	987	967	2.1	39.2


