# blastn
# Iteration: 0
# Query: 
# RID: 7J3CKRDK013
# Database: nt
# Fields: query acc.ver, subject acc.ver, % identity, alignment length, mismatches, gap opens, q. start, q. end, s. start, s. end, evalue, bit score
# 100 hits found
Query_9091	XM_003829274.3	100.000	21	0	0	1	21	337	317	2.1	39.2
Query_9091	XM_034884040.1	100.000	21	0	0	1	21	468	448	2.1	39.2
Query_9091	XM_002912915.4	100.000	21	0	0	1	21	380	360	2.1	39.2
Query_9091	XM_034690585.1	100.000	21	0	0	1	21	408	388	2.1	39.2
Query_9091	XM_027949574.2	100.000	21	0	0	1	21	352	332	2.1	39.2
Query_9091	XM_034597896.1	100.000	21	0	0	1	21	396	376	2.1	39.2
Query_9091	XM_034543086.1	100.000	21	0	0	1	21	401	381	2.1	39.2
Query_9091	XM_034507346.1	100.000	21	0	0	1	21	364	344	2.1	39.2
Query_9091	XM_034211800.1	100.000	21	0	0	1	21	381	361	2.1	39.2
Query_9091	XM_034181785.1	100.000	21	0	0	1	21	411	391	2.1	39.2
Query_9091	XM_034137143.1	100.000	21	0	0	1	21	392	372	2.1	39.2
Query_9091	XM_034092445.1	100.000	21	0	0	1	21	389	369	2.1	39.2
Query_9091	XM_033946318.1	100.000	21	0	0	1	21	261	241	2.1	39.2
Query_9091	XM_033946317.1	100.000	21	0	0	1	21	383	363	2.1	39.2
Query_9091	XR_002174172.2	100.000	21	0	0	1	21	524	504	2.1	39.2
Query_9091	XM_033633160.1	100.000	21	0	0	1	21	403	383	2.1	39.2
Query_9091	XR_004478222.1	100.000	21	0	0	1	21	549	529	2.1	39.2
Query_9091	XM_033409828.1	100.000	21	0	0	1	21	549	529	2.1	39.2
Query_9091	XM_004282119.3	100.000	21	0	0	1	21	508	488	2.1	39.2
Query_9091	XM_004263629.3	100.000	21	0	0	1	21	306	286	2.1	39.2
Query_9091	XM_026330205.2	100.000	21	0	0	1	21	410	390	2.1	39.2
Query_9091	CP050574.1	100.000	21	0	0	1	21	497881	497861	2.1	39.2
Query_9091	CP050613.1	100.000	21	0	0	1	21	491454	491434	2.1	39.2
Query_9091	XM_033181205.1	100.000	21	0	0	1	21	1194	1174	2.1	39.2
Query_9091	XM_033095936.1	100.000	21	0	0	1	21	369	349	2.1	39.2
Query_9091	XM_032956459.1	100.000	21	0	0	1	21	588	568	2.1	39.2
Query_9091	XM_032911682.1	100.000	21	0	0	1	21	360	340	2.1	39.2
Query_9091	XM_032837709.1	100.000	21	0	0	1	21	386	366	2.1	39.2
Query_9091	XM_032837708.1	100.000	21	0	0	1	21	386	366	2.1	39.2
Query_9091	XM_032837707.1	100.000	21	0	0	1	21	386	366	2.1	39.2
Query_9091	XM_032625524.1	100.000	21	0	0	1	21	330	310	2.1	39.2
Query_9091	XM_032625522.1	100.000	21	0	0	1	21	374	354	2.1	39.2
Query_9091	FR997783.1	100.000	21	0	0	1	21	5131107	5131127	2.1	39.2
Query_9091	XM_040444497.1	100.000	21	0	0	1	21	330	310	2.1	39.2
Query_9091	XM_013363114.3	100.000	21	0	0	1	21	324	304	2.1	39.2
Query_9091	XM_005335742.4	100.000	21	0	0	1	21	358	338	2.1	39.2
Query_9091	XM_040240092.1	100.000	21	0	0	1	21	663	643	2.1	39.2
Query_9091	XM_040173341.1	100.000	21	0	0	1	21	391	371	2.1	39.2
Query_9091	XM_040119661.1	100.000	21	0	0	1	21	401	381	2.1	39.2
Query_9091	XM_040119659.1	100.000	21	0	0	1	21	391	371	2.1	39.2
Query_9091	XM_040015435.1	100.000	21	0	0	1	21	762	742	2.1	39.2
Query_9091	XM_040015434.1	100.000	21	0	0	1	21	481	461	2.1	39.2
Query_9091	HG994387.1	100.000	21	0	0	1	21	973132	973112	2.1	39.2
Query_9091	XM_039836039.1	100.000	21	0	0	1	21	633	613	2.1	39.2
Query_9091	XM_039813268.1	100.000	21	0	0	1	21	398	378	2.1	39.2
Query_9091	XM_031736406.2	100.000	21	0	0	1	21	421	401	2.1	39.2
Query_9091	XM_010338699.2	100.000	21	0	0	1	21	400	380	2.1	39.2
Query_9091	LR994596.1	100.000	21	0	0	1	21	12141855	12141835	2.1	39.2
Query_9091	XM_039242287.1	100.000	21	0	0	1	21	356	336	2.1	39.2
Query_9091	XM_039242286.1	100.000	21	0	0	1	21	356	336	2.1	39.2
Query_9091	XM_039242285.1	100.000	21	0	0	1	21	355	335	2.1	39.2
Query_9091	XM_006246343.3	100.000	21	0	0	1	21	389	369	2.1	39.2
Query_9091	XM_038660385.1	100.000	21	0	0	1	21	222	202	2.1	39.2
Query_9091	XM_038681540.1	100.000	21	0	0	1	21	491	471	2.1	39.2
Query_9091	XM_038464832.1	100.000	21	0	0	1	21	249	229	2.1	39.2
Query_9091	XM_022425310.2	100.000	21	0	0	1	21	491	471	2.1	39.2
Query_9091	XM_038351173.1	100.000	21	0	0	1	21	460	440	2.1	39.2
Query_9091	XM_038325642.1	100.000	21	0	0	1	21	635	615	2.1	39.2
Query_9091	XM_038325641.1	100.000	21	0	0	1	21	568	548	2.1	39.2
Query_9091	XM_008014439.2	100.000	21	0	0	1	21	677	657	2.1	39.2
Query_9091	XM_037800778.1	100.000	21	0	0	1	21	218	198	2.1	39.2
Query_9091	XM_037800777.1	100.000	21	0	0	1	21	352	332	2.1	39.2
Query_9091	XM_037780813.1	100.000	21	0	0	1	21	413	393	2.1	39.2
Query_9091	XM_017532386.2	100.000	21	0	0	1	21	393	373	2.1	39.2
Query_9091	XM_037509311.1	100.000	21	0	0	1	21	323	303	2.1	39.2
Query_9091	XM_037460754.1	100.000	21	0	0	1	21	397	377	2.1	39.2
Query_9091	XM_028857243.2	100.000	21	0	0	1	21	373	353	2.1	39.2
Query_9091	XM_037150865.1	100.000	21	0	0	1	21	289	269	2.1	39.2
Query_9091	XM_037150863.1	100.000	21	0	0	1	21	371	351	2.1	39.2
Query_9091	XM_037050449.1	100.000	21	0	0	1	21	369	349	2.1	39.2
Query_9091	XM_037050448.1	100.000	21	0	0	1	21	368	348	2.1	39.2
Query_9091	XM_037016069.1	100.000	21	0	0	1	21	219	199	2.1	39.2
Query_9091	XM_017641948.2	100.000	21	0	0	1	21	354	334	2.1	39.2
Query_9091	XM_036898390.1	100.000	21	0	0	1	21	218	198	2.1	39.2
Query_9091	XM_036898386.1	100.000	21	0	0	1	21	355	335	2.1	39.2
Query_9091	XM_036493390.1	100.000	21	0	0	1	21	216	196	2.1	39.2
Query_9091	XM_036425396.1	100.000	21	0	0	1	21	371	351	2.1	39.2
Query_9091	XM_036314880.1	100.000	21	0	0	1	21	221	201	2.1	39.2
Query_9091	XM_036314879.1	100.000	21	0	0	1	21	366	346	2.1	39.2
Query_9091	XM_036281631.1	100.000	21	0	0	1	21	315	295	2.1	39.2
Query_9091	XM_036281630.1	100.000	21	0	0	1	21	274	254	2.1	39.2
Query_9091	XM_036281629.1	100.000	21	0	0	1	21	351	331	2.1	39.2
Query_9091	XM_016137659.2	100.000	21	0	0	1	21	633	613	2.1	39.2
Query_9091	XM_036194495.1	100.000	21	0	0	1	21	286	266	2.1	39.2
Query_9091	XM_036194494.1	100.000	21	0	0	1	21	314	294	2.1	39.2
Query_9091	CP053168.1	100.000	21	0	0	1	21	7198032	7198052	2.1	39.2
Query_9091	XM_036123942.1	100.000	21	0	0	1	21	403	383	2.1	39.2
Query_9091	XM_028527841.2	100.000	21	0	0	1	21	369	349	2.1	39.2
Query_9091	XM_031302841.2	100.000	21	0	0	1	21	466	446	2.1	39.2
Query_9091	XR_002746254.2	100.000	21	0	0	1	21	449	429	2.1	39.2
Query_9091	XM_023272653.2	100.000	21	0	0	1	21	404	384	2.1	39.2
Query_9091	LR877218.1	100.000	21	0	0	1	21	39796777	39796797	2.1	39.2
Query_9091	XM_025433233.2	100.000	21	0	0	1	21	490	470	2.1	39.2
Query_9091	XM_025433232.2	100.000	21	0	0	1	21	708	688	2.1	39.2
Query_9091	XM_035713350.1	100.000	21	0	0	1	21	222	202	2.1	39.2
Query_9091	XM_035668879.1	100.000	21	0	0	1	21	400	380	2.1	39.2
Query_9091	XM_027427583.2	100.000	21	0	0	1	21	346	326	2.1	39.2
Query_9091	XM_003498489.5	100.000	21	0	0	1	21	292	272	2.1	39.2
Query_9091	XM_002744157.6	100.000	21	0	0	1	21	688	668	2.1	39.2
Query_9091	XM_035161234.1	100.000	21	0	0	1	21	402	382	2.1	39.2


