# blastn
# Iteration: 0
# Query: 
# RID: 73P43AHW013
# Database: nt
# Fields: query acc.ver, subject acc.ver, % identity, alignment length, mismatches, gap opens, q. start, q. end, s. start, s. end, evalue, bit score
# 48 hits found
Query_34695	XM_003817410.4	100.000	21	0	0	1	21	989	969	2.1	39.2
Query_34695	XM_032162573.1	100.000	21	0	0	1	21	998	978	2.1	39.2
Query_34695	XM_019026567.2	100.000	21	0	0	1	21	1048	1028	2.1	39.2
Query_34695	XM_003272285.3	100.000	21	0	0	1	21	1350	1330	2.1	39.2
Query_34695	NM_005450.6	100.000	21	0	0	1	21	1004	984	2.1	39.2
Query_34695	CP034495.1	100.000	21	0	0	1	21	54672063	54672043	2.1	39.2
Query_34695	XM_523802.6	100.000	21	0	0	1	21	1059	1039	2.1	39.2
Query_34695	LT744950.1	100.000	21	0	0	1	21	966	946	2.1	39.2
Query_34695	KJ892724.1	100.000	21	0	0	1	21	544	524	2.1	39.2
Query_34695	CP068261.1	100.000	21	0	0	1	21	57471115	57471095	2.1	39.2
Query_34695	AP023477.1	100.000	21	0	0	1	21	54043915	54043895	2.1	39.2
Query_34695	NG_011958.1	100.000	21	0	0	1	21	6004	5984	2.1	39.2
Query_34695	CU689813.1	100.000	21	0	0	1	21	236	256	2.1	39.2
Query_34695	AK314080.1	100.000	21	0	0	1	21	1004	984	2.1	39.2
Query_34695	BC034027.1	100.000	21	0	0	1	21	789	769	2.1	39.2
Query_34695	AC015724.9	100.000	21	0	0	1	21	61101	61121	2.1	39.2
Query_34695	AY890603.1	100.000	21	0	0	1	21	479	459	2.1	39.2
Query_34695	AY893078.1	100.000	21	0	0	1	21	479	459	2.1	39.2
Query_34695	AC005553.1	100.000	21	0	0	1	21	145724	145744	2.1	39.2
Query_34695	U31202.1	100.000	21	0	0	1	21	1290	1270	2.1	39.2
Query_34695	XM_010620341.3	100.000	20	0	0	1	20	116	97	7.3	37.4
Query_34695	XM_033183585.1	100.000	20	0	0	1	20	998	979	7.3	37.4
Query_34695	XM_032280103.1	100.000	20	0	0	1	20	1088	1069	7.3	37.4
Query_34695	XM_003912784.4	100.000	20	0	0	1	20	1074	1055	7.3	37.4
Query_34695	XM_010380650.2	100.000	20	0	0	1	20	998	979	7.3	37.4
Query_34695	XM_025362689.1	100.000	20	0	0	1	20	1053	1034	7.3	37.4
Query_34695	XM_011732968.2	100.000	20	0	0	1	20	1109	1090	7.3	37.4
Query_34695	XM_023563808.1	100.000	20	0	0	1	20	443	424	7.3	37.4
Query_34695	XM_012460453.2	100.000	20	0	0	1	20	1090	1071	7.3	37.4
Query_34695	XM_012741827.2	100.000	20	0	0	1	20	1019	1000	7.3	37.4
Query_34695	XM_017866509.1	100.000	20	0	0	1	20	1075	1056	7.3	37.4
Query_34695	XM_005583787.2	100.000	20	0	0	1	20	998	979	7.3	37.4
Query_34695	XM_005394073.2	100.000	20	0	0	1	20	785	766	7.3	37.4
Query_34695	XM_013037822.1	100.000	20	0	0	1	20	527	508	7.3	37.4
Query_34695	XM_003795558.2	100.000	20	0	0	1	20	1000	981	7.3	37.4
Query_34695	XM_004377901.2	100.000	20	0	0	1	20	1008	989	7.3	37.4
Query_34695	XM_012054883.1	100.000	20	0	0	1	20	998	979	7.3	37.4
Query_34695	XM_011953737.1	100.000	20	0	0	1	20	487	468	7.3	37.4
Query_34695	XM_011979238.1	100.000	20	0	0	1	20	442	423	7.3	37.4
Query_34695	XM_003414604.2	100.000	20	0	0	1	20	741	722	7.3	37.4
Query_34695	XM_008580859.1	100.000	20	0	0	1	20	87	68	7.3	37.4
Query_34695	XM_008072012.1	100.000	20	0	0	1	20	709	690	7.3	37.4
Query_34695	XM_006889263.1	100.000	20	0	0	1	20	1002	983	7.3	37.4
Query_34695	XM_017538823.2	100.000	20	0	0	1	20	997	978	7.3	37.4
Query_34695	NM_001265629.1	100.000	20	0	0	1	20	489	470	7.3	37.4
Query_34695	LR877227.1	100.000	20	0	0	1	20	16109978	16109997	7.3	37.4
Query_34695	XM_002748399.4	100.000	20	0	0	1	20	999	980	7.3	37.4
Query_34695	AY650332.1	100.000	20	0	0	1	20	215	196	7.3	37.4


