# blastn
# Iteration: 0
# Query: 
# RID: 73RAXJ3H01R
# Database: nt
# Fields: query acc.ver, subject acc.ver, % identity, alignment length, mismatches, gap opens, q. start, q. end, s. start, s. end, evalue, bit score
# 26 hits found
Query_402203	XM_003817410.4	100.000	21	0	0	1	21	885	865	2.0	39.2
Query_402203	XM_019026567.2	100.000	21	0	0	1	21	944	924	2.0	39.2
Query_402203	NM_005450.6	100.000	21	0	0	1	21	900	880	2.0	39.2
Query_402203	CP034495.1	100.000	21	0	0	1	21	54671959	54671939	2.0	39.2
Query_402203	XM_011732968.2	100.000	21	0	0	1	21	1005	985	2.0	39.2
Query_402203	XM_523802.6	100.000	21	0	0	1	21	955	935	2.0	39.2
Query_402203	XM_002827353.4	100.000	21	0	0	1	21	894	874	2.0	39.2
Query_402203	LT744950.1	100.000	21	0	0	1	21	862	842	2.0	39.2
Query_402203	XM_007481842.2	100.000	21	0	0	1	21	1282	1262	2.0	39.2
Query_402203	XM_005583787.2	100.000	21	0	0	1	21	894	874	2.0	39.2
Query_402203	KJ892724.1	100.000	21	0	0	1	21	440	420	2.0	39.2
Query_402203	CP068261.1	100.000	21	0	0	1	21	57471011	57470991	2.0	39.2
Query_402203	NM_001265629.1	100.000	21	0	0	1	21	385	365	2.0	39.2
Query_402203	AP023477.1	100.000	21	0	0	1	21	54043811	54043791	2.0	39.2
Query_402203	NG_011958.1	100.000	21	0	0	1	21	5900	5880	2.0	39.2
Query_402203	CU689813.1	100.000	21	0	0	1	21	340	360	2.0	39.2
Query_402203	CU689812.1	100.000	21	0	0	1	21	391	371	2.0	39.2
Query_402203	AK314080.1	100.000	21	0	0	1	21	900	880	2.0	39.2
Query_402203	AY650332.1	100.000	21	0	0	1	21	111	91	2.0	39.2
Query_402203	BC034027.1	100.000	21	0	0	1	21	685	665	2.0	39.2
Query_402203	AC015724.9	100.000	21	0	0	1	21	61205	61225	2.0	39.2
Query_402203	AY890603.1	100.000	21	0	0	1	21	375	355	2.0	39.2
Query_402203	AY893078.1	100.000	21	0	0	1	21	375	355	2.0	39.2
Query_402203	AC005553.1	100.000	21	0	0	1	21	145828	145848	2.0	39.2
Query_402203	U31202.1	100.000	21	0	0	1	21	1186	1166	2.0	39.2
Query_402203	LR877237.1	100.000	20	0	0	2	21	16831098	16831117	7.1	37.4


