# blastn
# Iteration: 0
# Query: 
# RID: 7J2TSK1D01R
# Database: nt
# Fields: query acc.ver, subject acc.ver, % identity, alignment length, mismatches, gap opens, q. start, q. end, s. start, s. end, evalue, bit score
# 100 hits found
Query_435561	XM_035014140.1	100.000	21	0	0	1	21	478	458	2.1	39.2
Query_435561	XM_034960512.1	100.000	21	0	0	1	21	346	326	2.1	39.2
Query_435561	XM_003829274.3	100.000	21	0	0	1	21	436	416	2.1	39.2
Query_435561	XM_034656017.1	100.000	21	0	0	1	21	401	381	2.1	39.2
Query_435561	XM_002912915.4	100.000	21	0	0	1	21	479	459	2.1	39.2
Query_435561	XM_027949574.2	100.000	21	0	0	1	21	451	431	2.1	39.2
Query_435561	XM_004326504.3	100.000	21	0	0	1	21	344	324	2.1	39.2
Query_435561	XM_033761573.1	100.000	21	0	0	1	21	323	303	2.1	39.2
Query_435561	XM_033761572.1	100.000	21	0	0	1	21	403	383	2.1	39.2
Query_435561	XM_033409827.1	100.000	21	0	0	1	21	542	522	2.1	39.2
Query_435561	XM_004282119.3	100.000	21	0	0	1	21	607	587	2.1	39.2
Query_435561	XM_033403071.1	100.000	21	0	0	1	21	318	298	2.1	39.2
Query_435561	XM_004263629.3	100.000	21	0	0	1	21	405	385	2.1	39.2
Query_435561	CP050574.1	100.000	21	0	0	1	21	497980	497960	2.1	39.2
Query_435561	CP050613.1	100.000	21	0	0	1	21	491553	491533	2.1	39.2
Query_435561	XM_033181205.1	100.000	21	0	0	1	21	1293	1273	2.1	39.2
Query_435561	XM_033095936.1	100.000	21	0	0	1	21	468	448	2.1	39.2
Query_435561	XM_032837709.1	100.000	21	0	0	1	21	485	465	2.1	39.2
Query_435561	XM_032837708.1	100.000	21	0	0	1	21	485	465	2.1	39.2
Query_435561	XM_032837707.1	100.000	21	0	0	1	21	485	465	2.1	39.2
Query_435561	XM_032625524.1	100.000	21	0	0	1	21	429	409	2.1	39.2
Query_435561	XM_032625523.1	100.000	21	0	0	1	21	366	346	2.1	39.2
Query_435561	XM_032625522.1	100.000	21	0	0	1	21	473	453	2.1	39.2
Query_435561	XM_030318352.2	100.000	21	0	0	1	21	474	454	2.1	39.2
Query_435561	XM_006179617.3	100.000	21	0	0	1	21	468	448	2.1	39.2
Query_435561	XM_032425198.1	100.000	21	0	0	1	21	474	454	2.1	39.2
Query_435561	XM_032336720.1	100.000	21	0	0	1	21	479	459	2.1	39.2
Query_435561	XM_032336718.1	100.000	21	0	0	1	21	479	459	2.1	39.2
Query_435561	XM_032336717.1	100.000	21	0	0	1	21	479	459	2.1	39.2
Query_435561	XM_032251637.1	100.000	21	0	0	1	21	695	675	2.1	39.2
Query_435561	XM_032251564.1	100.000	21	0	0	1	21	785	765	2.1	39.2
Query_435561	XM_032157920.1	100.000	21	0	0	1	21	766	746	2.1	39.2
Query_435561	XM_023196017.2	100.000	21	0	0	1	21	758	738	2.1	39.2
Query_435561	NM_001194433.3	100.000	21	0	0	1	21	767	747	2.1	39.2
Query_435561	XM_006212804.3	100.000	21	0	0	1	21	467	447	2.1	39.2
Query_435561	XM_021939692.2	100.000	21	0	0	1	21	690	670	2.1	39.2
Query_435561	XM_003900106.3	100.000	21	0	0	1	21	780	760	2.1	39.2
Query_435561	XM_010981544.2	100.000	21	0	0	1	21	468	448	2.1	39.2
Query_435561	XM_006731022.2	100.000	21	0	0	1	21	729	709	2.1	39.2
Query_435561	XM_031010702.1	100.000	21	0	0	1	21	758	738	2.1	39.2
Query_435561	XM_030869624.1	100.000	21	0	0	1	21	477	457	2.1	39.2
Query_435561	XM_030869623.1	100.000	21	0	0	1	21	466	446	2.1	39.2
Query_435561	XM_003266384.3	100.000	21	0	0	1	21	765	745	2.1	39.2
Query_435561	XM_030318362.1	100.000	21	0	0	1	21	351	331	2.1	39.2
Query_435561	XM_029941919.1	100.000	21	0	0	1	21	474	454	2.1	39.2
Query_435561	XM_029217262.1	100.000	21	0	0	1	21	471	451	2.1	39.2
Query_435561	NM_003337.4	100.000	21	0	0	1	21	369	349	2.1	39.2
Query_435561	XM_007107071.3	100.000	21	0	0	1	21	467	447	2.1	39.2
Query_435561	XM_027949576.1	100.000	21	0	0	1	21	369	349	2.1	39.2
Query_435561	XM_027949575.1	100.000	21	0	0	1	21	407	387	2.1	39.2
Query_435561	XM_040444497.1	100.000	21	0	0	1	21	429	409	2.1	39.2
Query_435561	XM_013363114.3	100.000	21	0	0	1	21	423	403	2.1	39.2
Query_435561	XM_040271813.1	100.000	21	0	0	1	21	367	347	2.1	39.2
Query_435561	XM_005335742.4	100.000	21	0	0	1	21	457	437	2.1	39.2
Query_435561	XM_040240092.1	100.000	21	0	0	1	21	762	742	2.1	39.2
Query_435561	HG994387.1	100.000	21	0	0	1	21	973231	973211	2.1	39.2
Query_435561	XM_039836039.1	100.000	21	0	0	1	21	732	712	2.1	39.2
Query_435561	XM_010338704.2	100.000	21	0	0	1	21	410	390	2.1	39.2
Query_435561	XM_010338699.2	100.000	21	0	0	1	21	499	479	2.1	39.2
Query_435561	XM_039242287.1	100.000	21	0	0	1	21	455	435	2.1	39.2
Query_435561	XM_039242286.1	100.000	21	0	0	1	21	455	435	2.1	39.2
Query_435561	XM_039242285.1	100.000	21	0	0	1	21	454	434	2.1	39.2
Query_435561	XM_038660385.1	100.000	21	0	0	1	21	321	301	2.1	39.2
Query_435561	XM_038681540.1	100.000	21	0	0	1	21	590	570	2.1	39.2
Query_435561	XM_038464832.1	100.000	21	0	0	1	21	348	328	2.1	39.2
Query_435561	XM_022425310.2	100.000	21	0	0	1	21	590	570	2.1	39.2
Query_435561	XM_008014440.2	100.000	21	0	0	1	21	686	666	2.1	39.2
Query_435561	XM_008014439.2	100.000	21	0	0	1	21	776	756	2.1	39.2
Query_435561	XM_017532387.2	100.000	21	0	0	1	21	346	326	2.1	39.2
Query_435561	XM_017532386.2	100.000	21	0	0	1	21	492	472	2.1	39.2
Query_435561	XM_037509311.1	100.000	21	0	0	1	21	422	402	2.1	39.2
Query_435561	XM_037150865.1	100.000	21	0	0	1	21	388	368	2.1	39.2
Query_435561	XM_037150864.1	100.000	21	0	0	1	21	445	425	2.1	39.2
Query_435561	XM_037150863.1	100.000	21	0	0	1	21	470	450	2.1	39.2
Query_435561	XM_037050449.1	100.000	21	0	0	1	21	468	448	2.1	39.2
Query_435561	XM_037050448.1	100.000	21	0	0	1	21	467	447	2.1	39.2
Query_435561	XM_037016069.1	100.000	21	0	0	1	21	318	298	2.1	39.2
Query_435561	XM_037016068.1	100.000	21	0	0	1	21	427	407	2.1	39.2
Query_435561	XM_017641948.2	100.000	21	0	0	1	21	453	433	2.1	39.2
Query_435561	XM_036898390.1	100.000	21	0	0	1	21	317	297	2.1	39.2
Query_435561	XM_036898387.1	100.000	21	0	0	1	21	427	407	2.1	39.2
Query_435561	XM_036898386.1	100.000	21	0	0	1	21	454	434	2.1	39.2
Query_435561	XM_036845941.1	100.000	21	0	0	1	21	360	340	2.1	39.2
Query_435561	XM_036845940.1	100.000	21	0	0	1	21	466	446	2.1	39.2
Query_435561	XM_036425397.1	100.000	21	0	0	1	21	446	426	2.1	39.2
Query_435561	XM_036425396.1	100.000	21	0	0	1	21	470	450	2.1	39.2
Query_435561	XM_036314880.1	100.000	21	0	0	1	21	320	300	2.1	39.2
Query_435561	XM_036314879.1	100.000	21	0	0	1	21	465	445	2.1	39.2
Query_435561	XM_036281631.1	100.000	21	0	0	1	21	414	394	2.1	39.2
Query_435561	XM_036281630.1	100.000	21	0	0	1	21	373	353	2.1	39.2
Query_435561	XM_036281629.1	100.000	21	0	0	1	21	450	430	2.1	39.2
Query_435561	XM_016137659.2	100.000	21	0	0	1	21	732	712	2.1	39.2
Query_435561	XM_036123943.1	100.000	21	0	0	1	21	412	392	2.1	39.2
Query_435561	XM_036123942.1	100.000	21	0	0	1	21	502	482	2.1	39.2
Query_435561	XM_028527841.2	100.000	21	0	0	1	21	468	448	2.1	39.2
Query_435561	XM_025433233.2	100.000	21	0	0	1	21	589	569	2.1	39.2
Query_435561	XM_025433232.2	100.000	21	0	0	1	21	807	787	2.1	39.2
Query_435561	XM_035713350.1	100.000	21	0	0	1	21	321	301	2.1	39.2
Query_435561	XM_008984915.4	100.000	21	0	0	1	21	697	677	2.1	39.2
Query_435561	XM_002744157.6	100.000	21	0	0	1	21	787	767	2.1	39.2


