# blastn
# Iteration: 0
# Query: 
# RID: 6MRK9V8K013
# Database: nt
# Fields: query acc.ver, subject acc.ver, % identity, alignment length, mismatches, gap opens, q. start, q. end, s. start, s. end, evalue, bit score
# 100 hits found
Query_65375	XM_034986442.1	100.000	21	0	0	1	21	562	542	2.0	39.2
Query_65375	XM_034945734.1	100.000	21	0	0	1	21	485	465	2.0	39.2
Query_65375	XM_011234637.3	100.000	21	0	0	1	21	213	193	2.0	39.2
Query_65375	XM_033844831.1	100.000	21	0	0	1	21	774	754	2.0	39.2
Query_65375	XM_004283250.2	100.000	21	0	0	1	21	774	754	2.0	39.2
Query_65375	XM_033224775.1	100.000	21	0	0	1	21	830	810	2.0	39.2
Query_65375	XM_033127806.1	100.000	21	0	0	1	21	765	745	2.0	39.2
Query_65375	XM_032847714.1	100.000	21	0	0	1	21	308	288	2.0	39.2
Query_65375	XM_032614966.1	100.000	21	0	0	1	21	774	754	2.0	39.2
Query_65375	XM_032487481.1	100.000	21	0	0	1	21	774	754	2.0	39.2
Query_65375	XM_014564844.2	100.000	21	0	0	1	21	294	274	2.0	39.2
Query_65375	XM_032388640.1	100.000	21	0	0	1	21	903	883	2.0	39.2
Query_65375	XM_032324808.1	100.000	21	0	0	1	21	714	694	2.0	39.2
Query_65375	XM_032263313.1	100.000	21	0	0	1	21	819	799	2.0	39.2
Query_65375	XM_032171460.1	100.000	21	0	0	1	21	545	525	2.0	39.2
Query_65375	XM_023197562.3	100.000	21	0	0	1	21	826	806	2.0	39.2
Query_65375	XM_010989212.2	100.000	21	0	0	1	21	767	747	2.0	39.2
Query_65375	XM_031457488.1	100.000	21	0	0	1	21	702	682	2.0	39.2
Query_65375	XM_006747778.2	100.000	21	0	0	1	21	803	783	2.0	39.2
Query_65375	XM_004061618.3	100.000	21	0	0	1	21	837	817	2.0	39.2
Query_65375	XR_002003000.2	100.000	21	0	0	1	21	421	401	2.0	39.2
Query_65375	XM_010361181.2	100.000	21	0	0	1	21	804	784	2.0	39.2
Query_65375	XM_030848376.1	100.000	21	0	0	1	21	774	754	2.0	39.2
Query_65375	XM_030819428.1	100.000	21	0	0	1	21	1133	1113	2.0	39.2
Query_65375	XM_022564888.2	100.000	21	0	0	1	21	795	775	2.0	39.2
Query_65375	XM_030297580.1	100.000	21	0	0	1	21	320	300	2.0	39.2
Query_65375	XM_029926448.1	100.000	21	0	0	1	21	298	278	2.0	39.2
Query_65375	XM_008822792.3	100.000	21	0	0	1	21	337	317	2.0	39.2
Query_65375	XM_029240889.1	100.000	21	0	0	1	21	837	817	2.0	39.2
Query_65375	NM_003969.4	100.000	21	0	0	1	21	488	468	2.0	39.2
Query_65375	AC279043.1	100.000	21	0	0	1	21	33390	33410	2.0	39.2
Query_65375	AC279022.1	100.000	21	0	0	1	21	49868	49888	2.0	39.2
Query_65375	XM_007123110.3	100.000	21	0	0	1	21	829	809	2.0	39.2
Query_65375	XM_027097413.1	100.000	21	0	0	1	21	837	817	2.0	39.2
Query_65375	XM_027037588.1	100.000	21	0	0	1	21	348	328	2.0	39.2
Query_65375	XM_026489448.1	100.000	21	0	0	1	21	315	295	2.0	39.2
Query_65375	XM_026379772.1	100.000	21	0	0	1	21	840	820	2.0	39.2
Query_65375	XM_008161091.2	100.000	21	0	0	1	21	297	277	2.0	39.2
Query_65375	XM_028138389.1	100.000	21	0	0	1	21	297	277	2.0	39.2
Query_65375	XM_028093366.1	100.000	21	0	0	1	21	517	497	2.0	39.2
Query_65375	XM_027978947.1	100.000	21	0	0	1	21	307	287	2.0	39.2
Query_65375	XM_027978946.1	100.000	21	0	0	1	21	342	322	2.0	39.2
Query_65375	XM_027978945.1	100.000	21	0	0	1	21	307	287	2.0	39.2
Query_65375	XM_027921197.1	100.000	21	0	0	1	21	851	831	2.0	39.2
Query_65375	CP034494.1	100.000	21	0	0	1	21	34344356	34344376	2.0	39.2
Query_65375	XM_027619724.1	100.000	21	0	0	1	21	517	497	2.0	39.2
Query_65375	XM_027514594.1	100.000	21	0	0	1	21	821	801	2.0	39.2
Query_65375	XM_025984385.1	100.000	21	0	0	1	21	262	242	2.0	39.2
Query_65375	XM_025849383.1	100.000	21	0	0	1	21	517	497	2.0	39.2
Query_65375	XM_025848705.1	100.000	21	0	0	1	21	517	497	2.0	39.2
Query_65375	XM_025270420.1	100.000	21	0	0	1	21	362	342	2.0	39.2
Query_65375	XM_006067295.2	100.000	21	0	0	1	21	344	324	2.0	39.2
Query_65375	XM_015458446.2	100.000	21	0	0	1	21	821	801	2.0	39.2
Query_65375	XM_024740917.1	100.000	21	0	0	1	21	258	238	2.0	39.2
Query_65375	XM_024570231.1	100.000	21	0	0	1	21	303	283	2.0	39.2
Query_65375	XM_016937020.2	100.000	21	0	0	1	21	943	923	2.0	39.2
Query_65375	XR_024683.6	100.000	21	0	0	1	21	447	427	2.0	39.2
Query_65375	XM_024237018.1	100.000	21	0	0	1	21	853	833	2.0	39.2
Query_65375	XM_006103382.3	100.000	21	0	0	1	21	444	424	2.0	39.2
Query_65375	XM_001495644.6	100.000	21	0	0	1	21	835	815	2.0	39.2
Query_65375	XM_011384637.2	100.000	21	0	0	1	21	822	802	2.0	39.2
Query_65375	XM_023245780.1	100.000	21	0	0	1	21	339	319	2.0	39.2
Query_65375	XM_022492304.1	100.000	21	0	0	1	21	517	497	2.0	39.2
Query_65375	XM_022492267.1	100.000	21	0	0	1	21	356	336	2.0	39.2
Query_65375	XM_021708408.1	100.000	21	0	0	1	21	555	535	2.0	39.2
Query_65375	XM_012473155.2	100.000	21	0	0	1	21	868	848	2.0	39.2
Query_65375	XM_021691852.1	100.000	21	0	0	1	21	861	841	2.0	39.2
Query_65375	XM_021691850.1	100.000	21	0	0	1	21	860	840	2.0	39.2
Query_65375	XM_021097419.1	100.000	21	0	0	1	21	694	674	2.0	39.2
Query_65375	XM_012752406.2	100.000	21	0	0	1	21	886	866	2.0	39.2
Query_65375	LT735850.1	100.000	21	0	0	1	21	745	725	2.0	39.2
Query_65375	XM_020158677.1	100.000	21	0	0	1	21	1454	1434	2.0	39.2
Query_65375	XM_019978166.1	100.000	21	0	0	1	21	307	287	2.0	39.2
Query_65375	XM_019633350.1	100.000	21	0	0	1	21	854	834	2.0	39.2
Query_65375	XM_040290859.1	100.000	21	0	0	1	21	281	261	2.0	39.2
Query_65375	XM_040251831.1	100.000	21	0	0	1	21	340	320	2.0	39.2
Query_65375	XM_040251830.1	100.000	21	0	0	1	21	779	759	2.0	39.2
Query_65375	XM_040251829.1	100.000	21	0	0	1	21	779	759	2.0	39.2
Query_65375	XM_039868785.1	100.000	21	0	0	1	21	818	798	2.0	39.2
Query_65375	XM_039466383.1	100.000	21	0	0	1	21	1095	1075	2.0	39.2
Query_65375	XM_039225255.1	100.000	21	0	0	1	21	808	788	2.0	39.2
Query_65375	CP068262.1	100.000	21	0	0	1	21	38958977	38958957	2.0	39.2
Query_65375	XM_038655543.1	100.000	21	0	0	1	21	803	783	2.0	39.2
Query_65375	XM_541337.6	100.000	21	0	0	1	21	803	783	2.0	39.2
Query_65375	XM_017509655.2	100.000	21	0	0	1	21	750	730	2.0	39.2
Query_65375	XM_037517301.1	100.000	21	0	0	1	21	360	340	2.0	39.2
Query_65375	XM_037148485.1	100.000	21	0	0	1	21	436	416	2.0	39.2
Query_65375	XM_037047667.1	100.000	21	0	0	1	21	354	334	2.0	39.2
Query_65375	XM_017678136.2	100.000	21	0	0	1	21	304	284	2.0	39.2
Query_65375	XM_036901378.1	100.000	21	0	0	1	21	1298	1278	2.0	39.2
Query_65375	XM_036833162.1	100.000	21	0	0	1	21	777	757	2.0	39.2
Query_65375	XM_036426083.1	100.000	21	0	0	1	21	466	446	2.0	39.2
Query_65375	XM_036311451.1	100.000	21	0	0	1	21	816	796	2.0	39.2
Query_65375	XM_036273895.1	100.000	21	0	0	1	21	466	446	2.0	39.2
Query_65375	XM_016125757.2	100.000	21	0	0	1	21	493	473	2.0	39.2
Query_65375	AP023487.1	100.000	21	0	0	1	21	318939	318959	2.0	39.2
Query_65375	XM_036079788.1	100.000	21	0	0	1	21	517	497	2.0	39.2
Query_65375	XM_028530497.2	100.000	21	0	0	1	21	400	380	2.0	39.2
Query_65375	XM_025421358.2	100.000	21	0	0	1	21	331	311	2.0	39.2
Query_65375	AC280253.1	100.000	21	0	0	1	21	158071	158091	2.0	39.2


