# blastn
# Iteration: 0
# Query: 
# RID: 72H2WHUD016
# Database: nt
# Fields: query acc.ver, subject acc.ver, % identity, alignment length, mismatches, gap opens, q. start, q. end, s. start, s. end, evalue, bit score
# 92 hits found
Query_49305	XM_003828171.2	100.000	21	0	0	1	21	528	508	2.1	39.2
Query_49305	XM_019800199.2	100.000	21	0	0	1	21	481	461	2.1	39.2
Query_49305	XM_033847962.1	100.000	21	0	0	1	21	515	495	2.1	39.2
Query_49305	XM_004286017.2	100.000	21	0	0	1	21	515	495	2.1	39.2
Query_49305	XM_033182838.1	100.000	21	0	0	1	21	484	464	2.1	39.2
Query_49305	XM_032617599.1	100.000	21	0	0	1	21	515	495	2.1	39.2
Query_49305	XM_032457288.1	100.000	21	0	0	1	21	581	561	2.1	39.2
Query_49305	XM_023191497.3	100.000	21	0	0	1	21	528	508	2.1	39.2
Query_49305	NM_001194608.2	100.000	21	0	0	1	21	502	482	2.1	39.2
Query_49305	XM_003913140.4	100.000	21	0	0	1	21	2744	2724	2.1	39.2
Query_49305	XM_031469764.1	100.000	21	0	0	1	21	584	564	2.1	39.2
Query_49305	XM_004041540.3	100.000	21	0	0	1	21	528	508	2.1	39.2
Query_49305	XM_010376233.2	100.000	21	0	0	1	21	500	480	2.1	39.2
Query_49305	XM_030848975.1	100.000	21	0	0	1	21	502	482	2.1	39.2
Query_49305	XM_030848974.1	100.000	21	0	0	1	21	515	495	2.1	39.2
Query_49305	XM_022565170.2	100.000	21	0	0	1	21	725	705	2.1	39.2
Query_49305	XM_008838138.2	100.000	21	0	0	1	21	484	464	2.1	39.2
Query_49305	XM_029212625.1	100.000	21	0	0	1	21	515	495	2.1	39.2
Query_49305	AY358627.2	100.000	21	0	0	1	21	517	497	2.1	39.2
Query_49305	XM_007127969.2	100.000	21	0	0	1	21	521	501	2.1	39.2
Query_49305	NM_025237.3	100.000	21	0	0	1	21	534	514	2.1	39.2
Query_49305	XM_027098941.1	100.000	21	0	0	1	21	548	528	2.1	39.2
Query_49305	XM_027098940.1	100.000	21	0	0	1	21	536	516	2.1	39.2
Query_49305	XM_026512270.1	100.000	21	0	0	1	21	484	464	2.1	39.2
Query_49305	XM_008149295.2	100.000	21	0	0	1	21	663	643	2.1	39.2
Query_49305	CP034495.1	100.000	21	0	0	1	21	41832868	41832888	2.1	39.2
Query_49305	XM_027517099.1	100.000	21	0	0	1	21	1395	1375	2.1	39.2
Query_49305	XM_025363041.1	100.000	21	0	0	1	21	525	505	2.1	39.2
Query_49305	XM_006046841.2	100.000	21	0	0	1	21	1313	1293	2.1	39.2
Query_49305	NM_001166514.2	100.000	21	0	0	1	21	522	502	2.1	39.2
Query_49305	XM_024761226.1	100.000	21	0	0	1	21	481	461	2.1	39.2
Query_49305	XM_001153653.5	100.000	21	0	0	1	21	631	611	2.1	39.2
Query_49305	CP027087.1	100.000	21	0	0	1	21	43504526	43504546	2.1	39.2
Query_49305	XM_006092295.3	100.000	21	0	0	1	21	530	510	2.1	39.2
Query_49305	XM_001917501.5	100.000	21	0	0	1	21	2768	2748	2.1	39.2
Query_49305	XM_011377213.2	100.000	21	0	0	1	21	519	499	2.1	39.2
Query_49305	XM_004468011.2	100.000	21	0	0	1	21	492	472	2.1	39.2
Query_49305	XM_003786295.3	100.000	21	0	0	1	21	484	464	2.1	39.2
Query_49305	XM_021712656.1	100.000	21	0	0	1	21	500	480	2.1	39.2
Query_49305	XM_003131361.3	100.000	21	0	0	1	21	850	830	2.1	39.2
Query_49305	XM_020888973.1	100.000	21	0	0	1	21	481	461	2.1	39.2
Query_49305	LT735545.1	100.000	21	0	0	1	21	971	951	2.1	39.2
Query_49305	LT629706.1	100.000	21	0	0	1	21	424682	424702	2.1	39.2
Query_49305	XM_017892802.1	100.000	21	0	0	1	21	525	505	2.1	39.2
Query_49305	XM_006910090.2	100.000	21	0	0	1	21	500	480	2.1	39.2
Query_49305	XM_006776900.2	100.000	21	0	0	1	21	512	492	2.1	39.2
Query_49305	XM_005584371.2	100.000	21	0	0	1	21	535	515	2.1	39.2
Query_49305	XM_014849316.1	100.000	21	0	0	1	21	1084	1064	2.1	39.2
Query_49305	XM_004432532.2	100.000	21	0	0	1	21	1043	1023	2.1	39.2
Query_49305	XM_013031990.1	100.000	21	0	0	1	21	481	461	2.1	39.2
Query_49305	XM_012786643.1	100.000	21	0	0	1	21	782	762	2.1	39.2
Query_49305	XM_011720549.1	100.000	21	0	0	1	21	2678	2658	2.1	39.2
Query_49305	XM_012057895.1	100.000	21	0	0	1	21	2687	2667	2.1	39.2
Query_49305	XM_011985860.1	100.000	21	0	0	1	21	525	505	2.1	39.2
Query_49305	XM_011940053.1	100.000	21	0	0	1	21	525	505	2.1	39.2
Query_49305	XM_008542409.1	100.000	21	0	0	1	21	1084	1064	2.1	39.2
Query_49305	KJ893769.1	100.000	21	0	0	1	21	552	532	2.1	39.2
Query_49305	XM_007455080.1	100.000	21	0	0	1	21	501	481	2.1	39.2
Query_49305	XM_007180240.1	100.000	21	0	0	1	21	481	461	2.1	39.2
Query_49305	XM_005907664.1	100.000	21	0	0	1	21	501	481	2.1	39.2
Query_49305	XM_004620979.1	100.000	21	0	0	1	21	484	464	2.1	39.2
Query_49305	XM_004374320.1	100.000	21	0	0	1	21	500	480	2.1	39.2
Query_49305	XM_039846848.1	100.000	21	0	0	1	21	519	499	2.1	39.2
Query_49305	XM_003943647.2	100.000	21	0	0	1	21	528	508	2.1	39.2
Query_49305	CP004045.1	100.000	21	0	0	1	21	2119347	2119327	2.1	39.2
Query_49305	CP068261.1	100.000	21	0	0	1	21	44608349	44608369	2.1	39.2
Query_49305	XM_008012517.2	100.000	21	0	0	1	21	512	492	2.1	39.2
Query_49305	XM_037491595.1	100.000	21	0	0	1	21	570	550	2.1	39.2
Query_49305	XM_037069625.1	100.000	21	0	0	1	21	516	496	2.1	39.2
Query_49305	XM_036837604.1	100.000	21	0	0	1	21	515	495	2.1	39.2
Query_49305	XM_036451266.1	100.000	21	0	0	1	21	556	536	2.1	39.2
Query_49305	XM_036341020.1	100.000	21	0	0	1	21	515	495	2.1	39.2
Query_49305	XM_016139657.2	100.000	21	0	0	1	21	6790	6770	2.1	39.2
Query_49305	AP023477.1	100.000	21	0	0	1	21	41451539	41451559	2.1	39.2
Query_49305	XM_028521821.2	100.000	21	0	0	1	21	558	538	2.1	39.2
Query_49305	LR862372.1	100.000	21	0	0	1	21	34624454	34624474	2.1	39.2
Query_49305	CP043571.1	100.000	21	0	0	1	21	3176019	3175999	2.1	39.2
Query_49305	XM_035303470.1	100.000	21	0	0	1	21	564	544	2.1	39.2
Query_49305	NG_008078.2	100.000	21	0	0	1	21	8289	8269	2.1	39.2
Query_49305	AM181176.4	100.000	21	0	0	1	21	3735185	3735165	2.1	39.2
Query_49305	AC003098.2	100.000	21	0	0	1	21	6027	6047	2.1	39.2
Query_49305	AY358203.1	100.000	21	0	0	1	21	801	781	2.1	39.2
Query_49305	AF184211.1	100.000	21	0	0	1	21	243	223	2.1	39.2
Query_49305	BC101086.1	100.000	21	0	0	1	21	511	491	2.1	39.2
Query_49305	AC055813.9	100.000	21	0	0	1	21	62951	62971	2.1	39.2
Query_49305	AF331844.1	100.000	21	0	0	1	21	521	501	2.1	39.2
Query_49305	AF326742.1	100.000	21	0	0	1	21	484	464	2.1	39.2
Query_49305	AF326739.1	100.000	21	0	0	1	21	531	511	2.1	39.2
Query_49305	AF326738.1	100.000	21	0	0	1	21	393	373	2.1	39.2
Query_49305	AF326736.1	100.000	21	0	0	1	21	15202	15182	2.1	39.2
Query_49305	CP054840.1	100.000	20	0	0	2	21	3585509	3585490	7.3	37.4
Query_49305	CP032084.1	100.000	20	0	0	2	21	3995350	3995331	7.3	37.4


