# blastn
# Iteration: 0
# Query: 
# RID: 6ZWZMM0K013
# Database: nt
# Fields: query acc.ver, subject acc.ver, % identity, alignment length, mismatches, gap opens, q. start, q. end, s. start, s. end, evalue, bit score
# 99 hits found
Query_41135	XM_035027004.1	100.000	21	0	0	1	21	1610	1590	2.1	39.2
Query_41135	XM_034640463.1	100.000	21	0	0	1	21	1469	1449	2.1	39.2
Query_41135	XM_034640462.1	100.000	21	0	0	1	21	1641	1621	2.1	39.2
Query_41135	XM_034640461.1	100.000	21	0	0	1	21	1776	1756	2.1	39.2
Query_41135	CP050593.1	100.000	21	0	0	1	21	22816675	22816655	2.1	39.2
Query_41135	CP050635.1	100.000	21	0	0	1	21	22821651	22821631	2.1	39.2
Query_41135	XM_032871473.1	100.000	21	0	0	1	21	1497	1477	2.1	39.2
Query_41135	XM_032871472.1	100.000	21	0	0	1	21	1609	1589	2.1	39.2
Query_41135	XM_032871471.1	100.000	21	0	0	1	21	1744	1724	2.1	39.2
Query_41135	XM_032428817.1	100.000	21	0	0	1	21	1533	1513	2.1	39.2
Query_41135	XM_032428815.1	100.000	21	0	0	1	21	1629	1609	2.1	39.2
Query_41135	XM_032321777.1	100.000	21	0	0	1	21	1498	1478	2.1	39.2
Query_41135	XM_032321776.1	100.000	21	0	0	1	21	1642	1622	2.1	39.2
Query_41135	XM_032321775.1	100.000	21	0	0	1	21	1777	1757	2.1	39.2
Query_41135	LR738418.1	100.000	21	0	0	1	21	22758306	22758286	2.1	39.2
Query_41135	XM_031351267.1	100.000	21	0	0	1	21	1612	1592	2.1	39.2
Query_41135	XM_031351266.1	100.000	21	0	0	1	21	2738	2718	2.1	39.2
Query_41135	XM_031351265.1	100.000	21	0	0	1	21	1649	1629	2.1	39.2
Query_41135	XM_031351263.1	100.000	21	0	0	1	21	1465	1445	2.1	39.2
Query_41135	XM_031351262.1	100.000	21	0	0	1	21	1784	1764	2.1	39.2
Query_41135	XM_031039161.1	100.000	21	0	0	1	21	1461	1441	2.1	39.2
Query_41135	XM_006743312.2	100.000	21	0	0	1	21	1642	1622	2.1	39.2
Query_41135	XM_006743311.2	100.000	21	0	0	1	21	1752	1732	2.1	39.2
Query_41135	XM_026651364.2	100.000	21	0	0	1	21	43	23	2.1	39.2
Query_41135	XM_026789855.1	100.000	21	0	0	1	21	1763	1743	2.1	39.2
Query_41135	XM_005368301.2	100.000	21	0	0	1	21	1628	1608	2.1	39.2
Query_41135	XM_026512974.1	100.000	21	0	0	1	21	1591	1571	2.1	39.2
Query_41135	XM_026512973.1	100.000	21	0	0	1	21	1726	1706	2.1	39.2
Query_41135	XM_026512972.1	100.000	21	0	0	1	21	1867	1847	2.1	39.2
Query_41135	XM_025995781.1	100.000	21	0	0	1	21	1534	1514	2.1	39.2
Query_41135	XM_025041660.1	100.000	21	0	0	1	21	1617	1597	2.1	39.2
Query_41135	XM_024573021.1	100.000	21	0	0	1	21	1637	1617	2.1	39.2
Query_41135	XM_024573020.1	100.000	21	0	0	1	21	1772	1752	2.1	39.2
Query_41135	XM_023525528.1	100.000	21	0	0	1	21	1655	1635	2.1	39.2
Query_41135	XM_023525527.1	100.000	21	0	0	1	21	1791	1771	2.1	39.2
Query_41135	XM_022509778.1	100.000	21	0	0	1	21	1614	1594	2.1	39.2
Query_41135	XM_022509777.1	100.000	21	0	0	1	21	1641	1621	2.1	39.2
Query_41135	XM_021704321.1	100.000	21	0	0	1	21	1426	1406	2.1	39.2
Query_41135	XM_021646856.1	100.000	21	0	0	1	21	1650	1630	2.1	39.2
Query_41135	XM_021646855.1	100.000	21	0	0	1	21	1760	1740	2.1	39.2
Query_41135	XM_021230568.1	100.000	21	0	0	1	21	1494	1474	2.1	39.2
Query_41135	XM_005075917.3	100.000	21	0	0	1	21	1759	1739	2.1	39.2
Query_41135	XM_016007344.1	100.000	21	0	0	1	21	1491	1471	2.1	39.2
Query_41135	XM_016007343.1	100.000	21	0	0	1	21	1620	1600	2.1	39.2
Query_41135	XM_016007339.1	100.000	21	0	0	1	21	1510	1490	2.1	39.2
Query_41135	XM_006971854.2	100.000	21	0	0	1	21	1755	1735	2.1	39.2
Query_41135	XM_005075918.2	100.000	21	0	0	1	21	1623	1603	2.1	39.2
Query_41135	XM_013062667.1	100.000	21	0	0	1	21	1494	1474	2.1	39.2
Query_41135	XM_004764678.2	100.000	21	0	0	1	21	1634	1614	2.1	39.2
Query_41135	XM_004764677.2	100.000	21	0	0	1	21	1769	1749	2.1	39.2
Query_41135	XM_012560528.1	100.000	21	0	0	1	21	1748	1728	2.1	39.2
Query_41135	XM_008689118.1	100.000	21	0	0	1	21	1408	1388	2.1	39.2
Query_41135	XM_004608724.1	100.000	21	0	0	1	21	1565	1545	2.1	39.2
Query_41135	XM_004608723.1	100.000	21	0	0	1	21	1561	1541	2.1	39.2
Query_41135	NM_017346.2	100.000	21	0	0	1	21	1618	1598	2.1	39.2
Query_41135	XM_004395062.1	100.000	21	0	0	1	21	1639	1619	2.1	39.2
Query_41135	HG994394.1	100.000	21	0	0	1	21	37994712	37994732	2.1	39.2
Query_41135	XM_039873634.1	100.000	21	0	0	1	21	1777	1757	2.1	39.2
Query_41135	XM_039086662.1	100.000	21	0	0	1	21	842	822	2.1	39.2
Query_41135	XM_006247410.3	100.000	21	0	0	1	21	1547	1527	2.1	39.2
Query_41135	XM_006247409.4	100.000	21	0	0	1	21	1768	1748	2.1	39.2
Query_41135	XM_038676631.1	100.000	21	0	0	1	21	1518	1498	2.1	39.2
Query_41135	XM_038676630.1	100.000	21	0	0	1	21	1609	1589	2.1	39.2
Query_41135	XM_038676629.1	100.000	21	0	0	1	21	1744	1724	2.1	39.2
Query_41135	XM_005624572.4	100.000	21	0	0	1	21	1518	1498	2.1	39.2
Query_41135	XM_038604020.1	100.000	21	0	0	1	21	1609	1589	2.1	39.2
Query_41135	XM_038604010.1	100.000	21	0	0	1	21	1744	1724	2.1	39.2
Query_41135	XM_038325355.1	100.000	21	0	0	1	21	1699	1679	2.1	39.2
Query_41135	XM_037200616.1	100.000	21	0	0	1	21	1928	1908	2.1	39.2
Query_41135	XM_028889454.2	100.000	21	0	0	1	21	1623	1603	2.1	39.2
Query_41135	XM_037200615.1	100.000	21	0	0	1	21	1992	1972	2.1	39.2
Query_41135	XM_028889457.2	100.000	21	0	0	1	21	1759	1739	2.1	39.2
Query_41135	XM_037140613.1	100.000	21	0	0	1	21	1575	1555	2.1	39.2
Query_41135	XM_037140612.1	100.000	21	0	0	1	21	1710	1690	2.1	39.2
Query_41135	XM_037033253.1	100.000	21	0	0	1	21	1325	1305	2.1	39.2
Query_41135	XM_037033251.1	100.000	21	0	0	1	21	1477	1457	2.1	39.2
Query_41135	XM_037033250.1	100.000	21	0	0	1	21	1585	1565	2.1	39.2
Query_41135	XM_037033249.1	100.000	21	0	0	1	21	1720	1700	2.1	39.2
Query_41135	XM_016164775.2	100.000	21	0	0	1	21	1640	1620	2.1	39.2
Query_41135	XM_016164774.2	100.000	21	0	0	1	21	1761	1741	2.1	39.2
Query_41135	XM_036195897.1	100.000	21	0	0	1	21	1754	1734	2.1	39.2
Query_41135	XM_036195896.1	100.000	21	0	0	1	21	1886	1866	2.1	39.2
Query_41135	XM_036195895.1	100.000	21	0	0	1	21	1619	1599	2.1	39.2
Query_41135	XM_036111986.1	100.000	21	0	0	1	21	1488	1468	2.1	39.2
Query_41135	XM_036111984.1	100.000	21	0	0	1	21	1609	1589	2.1	39.2
Query_41135	XM_036111983.1	100.000	21	0	0	1	21	1744	1724	2.1	39.2
Query_41135	XM_036033863.1	100.000	21	0	0	1	21	1541	1521	2.1	39.2
Query_41135	XM_028520776.2	100.000	21	0	0	1	21	1641	1621	2.1	39.2
Query_41135	XM_036033862.1	100.000	21	0	0	1	21	1736	1716	2.1	39.2
Query_41135	XM_025439963.2	100.000	21	0	0	1	21	1518	1498	2.1	39.2
Query_41135	XM_025439962.2	100.000	21	0	0	1	21	1624	1604	2.1	39.2
Query_41135	XM_025439961.2	100.000	21	0	0	1	21	1767	1747	2.1	39.2
Query_41135	XM_027424056.2	100.000	21	0	0	1	21	1426	1406	2.1	39.2
Query_41135	XM_027424057.2	100.000	21	0	0	1	21	1561	1541	2.1	39.2
Query_41135	X61394.1	100.000	21	0	0	1	21	1489	1469	2.1	39.2
Query_41135	L06110.1	100.000	21	0	0	1	21	1426	1406	2.1	39.2
Query_41135	CP045399.1	100.000	20	0	0	1	20	2936412	2936431	7.2	37.4
Query_41135	XR_003612866.1	100.000	20	0	0	2	21	895	876	7.2	37.4
Query_41135	XM_019015533.1	100.000	20	0	0	1	20	101	120	7.2	37.4


