# blastn
# Iteration: 0
# Query: 
# RID: 7PK2PCCJ01R
# Database: nt
# Fields: query acc.ver, subject acc.ver, % identity, alignment length, mismatches, gap opens, q. start, q. end, s. start, s. end, evalue, bit score
# 100 hits found
Query_467347	XM_034995424.1	100.000	21	0	0	1	21	479	459	2.1	39.2
Query_467347	XM_034932123.1	100.000	21	0	0	1	21	371	351	2.1	39.2
Query_467347	XM_034932122.1	100.000	21	0	0	1	21	684	664	2.1	39.2
Query_467347	XR_004664993.1	100.000	21	0	0	1	21	660	640	2.1	39.2
Query_467347	XM_034932121.1	100.000	21	0	0	1	21	726	706	2.1	39.2
Query_467347	XM_034932120.1	100.000	21	0	0	1	21	336	316	2.1	39.2
Query_467347	XM_034932119.1	100.000	21	0	0	1	21	612	592	2.1	39.2
Query_467347	XM_034932117.1	100.000	21	0	0	1	21	422	402	2.1	39.2
Query_467347	XM_034932116.1	100.000	21	0	0	1	21	684	664	2.1	39.2
Query_467347	XM_034932115.1	100.000	21	0	0	1	21	684	664	2.1	39.2
Query_467347	CP050601.1	100.000	21	0	0	1	21	32807549	32807569	2.1	39.2
Query_467347	CP050624.1	100.000	21	0	0	1	21	32793886	32793906	2.1	39.2
Query_467347	XM_033207624.1	100.000	21	0	0	1	21	669	649	2.1	39.2
Query_467347	XM_033207623.1	100.000	21	0	0	1	21	736	716	2.1	39.2
Query_467347	XR_004436191.1	100.000	21	0	0	1	21	739	719	2.1	39.2
Query_467347	XR_004436190.1	100.000	21	0	0	1	21	674	654	2.1	39.2
Query_467347	XM_033207622.1	100.000	21	0	0	1	21	735	715	2.1	39.2
Query_467347	XM_032166649.2	100.000	21	0	0	1	21	353	333	2.1	39.2
Query_467347	XM_032489050.1	100.000	21	0	0	1	21	742	722	2.1	39.2
Query_467347	XM_032489049.1	100.000	21	0	0	1	21	743	723	2.1	39.2
Query_467347	XM_032489048.1	100.000	21	0	0	1	21	741	721	2.1	39.2
Query_467347	XM_032489047.1	100.000	21	0	0	1	21	742	722	2.1	39.2
Query_467347	XM_032427394.1	100.000	21	0	0	1	21	368	348	2.1	39.2
Query_467347	XM_032427393.1	100.000	21	0	0	1	21	440	420	2.1	39.2
Query_467347	XM_032357951.1	100.000	21	0	0	1	21	509	489	2.1	39.2
Query_467347	XM_032357950.1	100.000	21	0	0	1	21	509	489	2.1	39.2
Query_467347	XM_032357949.1	100.000	21	0	0	1	21	509	489	2.1	39.2
Query_467347	XM_032357948.1	100.000	21	0	0	1	21	436	416	2.1	39.2
Query_467347	XM_032357947.1	100.000	21	0	0	1	21	508	488	2.1	39.2
Query_467347	XM_032240510.1	100.000	21	0	0	1	21	498	478	2.1	39.2
Query_467347	XM_032166651.1	100.000	21	0	0	1	21	320	300	2.1	39.2
Query_467347	XR_004250229.1	100.000	21	0	0	1	21	294	274	2.1	39.2
Query_467347	XM_031933959.1	100.000	21	0	0	1	21	686	666	2.1	39.2
Query_467347	XM_023189815.3	100.000	21	0	0	1	21	753	733	2.1	39.2
Query_467347	XM_023189814.3	100.000	21	0	0	1	21	752	732	2.1	39.2
Query_467347	XM_031681219.1	100.000	21	0	0	1	21	319	299	2.1	39.2
Query_467347	LR738628.1	100.000	21	0	0	1	21	117846	117866	2.1	39.2
Query_467347	LR738605.1	100.000	21	0	0	1	21	10205005	10205025	2.1	39.2
Query_467347	XM_031653328.1	100.000	21	0	0	1	21	740	720	2.1	39.2
Query_467347	XR_004177484.1	100.000	21	0	0	1	21	740	720	2.1	39.2
Query_467347	XR_004177483.1	100.000	21	0	0	1	21	740	720	2.1	39.2
Query_467347	XR_004177482.1	100.000	21	0	0	1	21	682	662	2.1	39.2
Query_467347	XR_004177481.1	100.000	21	0	0	1	21	740	720	2.1	39.2
Query_467347	XM_031653326.1	100.000	21	0	0	1	21	706	686	2.1	39.2
Query_467347	XM_021926103.2	100.000	21	0	0	1	21	740	720	2.1	39.2
Query_467347	XM_040284772.1	100.000	21	0	0	1	21	331	311	2.1	39.2
Query_467347	HG994405.1	100.000	21	0	0	1	21	18297862	18297842	2.1	39.2
Query_467347	XM_039863542.1	100.000	21	0	0	1	21	454	434	2.1	39.2
Query_467347	XM_039470498.1	100.000	21	0	0	1	21	429	409	2.1	39.2
Query_467347	XM_039470497.1	100.000	21	0	0	1	21	756	736	2.1	39.2
Query_467347	XM_039470496.1	100.000	21	0	0	1	21	648	628	2.1	39.2
Query_467347	XM_039470495.1	100.000	21	0	0	1	21	756	736	2.1	39.2
Query_467347	XM_039244588.1	100.000	21	0	0	1	21	443	423	2.1	39.2
Query_467347	XM_038430473.1	100.000	21	0	0	1	21	451	431	2.1	39.2
Query_467347	XM_038430472.1	100.000	21	0	0	1	21	451	431	2.1	39.2
Query_467347	XM_037999738.1	100.000	21	0	0	1	21	439	419	2.1	39.2
Query_467347	XM_037999737.1	100.000	21	0	0	1	21	719	699	2.1	39.2
Query_467347	XM_037999736.1	100.000	21	0	0	1	21	647	627	2.1	39.2
Query_467347	XM_008007293.2	100.000	21	0	0	1	21	719	699	2.1	39.2
Query_467347	XM_037840027.1	100.000	21	0	0	1	21	656	636	2.1	39.2
Query_467347	XM_037840026.1	100.000	21	0	0	1	21	649	629	2.1	39.2
Query_467347	XM_017500309.2	100.000	21	0	0	1	21	426	406	2.1	39.2
Query_467347	XM_036428615.1	100.000	21	0	0	1	21	703	683	2.1	39.2
Query_467347	XM_036428614.1	100.000	21	0	0	1	21	692	672	2.1	39.2
Query_467347	XR_004986364.1	100.000	21	0	0	1	21	689	669	2.1	39.2
Query_467347	XM_036428612.1	100.000	21	0	0	1	21	701	681	2.1	39.2
Query_467347	XM_036428611.1	100.000	21	0	0	1	21	680	660	2.1	39.2
Query_467347	XM_036428610.1	100.000	21	0	0	1	21	689	669	2.1	39.2
Query_467347	XM_036428609.1	100.000	21	0	0	1	21	684	664	2.1	39.2
Query_467347	XM_036428608.1	100.000	21	0	0	1	21	683	663	2.1	39.2
Query_467347	XM_036428607.1	100.000	21	0	0	1	21	631	611	2.1	39.2
Query_467347	XM_036428606.1	100.000	21	0	0	1	21	694	674	2.1	39.2
Query_467347	XM_036428605.1	100.000	21	0	0	1	21	703	683	2.1	39.2
Query_467347	XM_036325330.1	100.000	21	0	0	1	21	674	654	2.1	39.2
Query_467347	XM_036325329.1	100.000	21	0	0	1	21	678	658	2.1	39.2
Query_467347	XM_036325328.1	100.000	21	0	0	1	21	678	658	2.1	39.2
Query_467347	XM_036325327.1	100.000	21	0	0	1	21	676	656	2.1	39.2
Query_467347	XM_036325326.1	100.000	21	0	0	1	21	677	657	2.1	39.2
Query_467347	XM_036325325.1	100.000	21	0	0	1	21	676	656	2.1	39.2
Query_467347	XM_036325324.1	100.000	21	0	0	1	21	676	656	2.1	39.2
Query_467347	XM_036325323.1	100.000	21	0	0	1	21	379	359	2.1	39.2
Query_467347	XM_036325322.1	100.000	21	0	0	1	21	676	656	2.1	39.2
Query_467347	XM_036325321.1	100.000	21	0	0	1	21	675	655	2.1	39.2
Query_467347	XM_036325320.1	100.000	21	0	0	1	21	677	657	2.1	39.2
Query_467347	XM_036325319.1	100.000	21	0	0	1	21	675	655	2.1	39.2
Query_467347	XM_036258063.1	100.000	21	0	0	1	21	687	667	2.1	39.2
Query_467347	XM_036258062.1	100.000	21	0	0	1	21	391	371	2.1	39.2
Query_467347	XM_036258061.1	100.000	21	0	0	1	21	687	667	2.1	39.2
Query_467347	XM_016147368.2	100.000	21	0	0	1	21	696	676	2.1	39.2
Query_467347	XM_036221862.1	100.000	21	0	0	1	21	439	419	2.1	39.2
Query_467347	XM_016147367.2	100.000	21	0	0	1	21	696	676	2.1	39.2
Query_467347	XM_036068907.1	100.000	21	0	0	1	21	390	370	2.1	39.2
Query_467347	XM_036068899.1	100.000	21	0	0	1	21	463	443	2.1	39.2
Query_467347	XM_027578364.2	100.000	21	0	0	1	21	550	530	2.1	39.2
Query_467347	XM_027578363.2	100.000	21	0	0	1	21	550	530	2.1	39.2
Query_467347	XM_027578362.2	100.000	21	0	0	1	21	550	530	2.1	39.2
Query_467347	LR862365.1	100.000	21	0	0	1	21	31652012	31651992	2.1	39.2
Query_467347	XM_017977897.2	100.000	21	0	0	1	21	719	699	2.1	39.2
Query_467347	XM_017977895.2	100.000	21	0	0	1	21	647	627	2.1	39.2
Query_467347	XM_002755025.4	100.000	21	0	0	1	21	719	699	2.1	39.2


