# blastn
# Iteration: 0
# Query: 
# RID: 7RU1660X01R
# Database: nt
# Fields: query acc.ver, subject acc.ver, % identity, alignment length, mismatches, gap opens, q. start, q. end, s. start, s. end, evalue, bit score
# 41 hits found
Query_244979	XM_014343092.2	100.000	21	0	0	1	21	365	345	2.1	39.2
Query_244979	XM_017944702.3	100.000	21	0	0	1	21	426	406	2.1	39.2
Query_244979	XM_019017081.2	100.000	21	0	0	1	21	369	349	2.1	39.2
Query_244979	XM_019017079.2	100.000	21	0	0	1	21	437	417	2.1	39.2
Query_244979	NM_001282575.3	100.000	21	0	0	1	21	447	427	2.1	39.2
Query_244979	NM_199144.3	100.000	21	0	0	1	21	370	350	2.1	39.2
Query_244979	NM_001257393.2	100.000	21	0	0	1	21	239	219	2.1	39.2
Query_244979	NM_001257394.2	100.000	21	0	0	1	21	447	427	2.1	39.2
Query_244979	NM_021988.6	100.000	21	0	0	1	21	447	427	2.1	39.2
Query_244979	NM_022442.6	100.000	21	0	0	1	21	239	219	2.1	39.2
Query_244979	CP034499.1	100.000	21	0	0	1	21	48672048	48672068	2.1	39.2
Query_244979	NG_029526.2	100.000	21	0	0	1	21	5447	5427	2.1	39.2
Query_244979	XM_025398638.1	100.000	21	0	0	1	21	443	423	2.1	39.2
Query_244979	XM_025398635.1	100.000	21	0	0	1	21	241	221	2.1	39.2
Query_244979	XM_025398634.1	100.000	21	0	0	1	21	443	423	2.1	39.2
Query_244979	XM_025398628.1	100.000	21	0	0	1	21	431	411	2.1	39.2
Query_244979	XM_024351996.1	100.000	21	0	0	1	21	443	423	2.1	39.2
Query_244979	XM_024238566.1	100.000	21	0	0	1	21	446	426	2.1	39.2
Query_244979	XM_024238565.1	100.000	21	0	0	1	21	370	350	2.1	39.2
Query_244979	XM_016937117.1	100.000	21	0	0	1	21	367	347	2.1	39.2
Query_244979	XR_001007481.1	100.000	21	0	0	1	21	241	221	2.1	39.2
Query_244979	XR_001007480.1	100.000	21	0	0	1	21	369	349	2.1	39.2
Query_244979	XM_011993208.1	100.000	21	0	0	1	21	445	425	2.1	39.2
Query_244979	XM_011993207.1	100.000	21	0	0	1	21	241	221	2.1	39.2
Query_244979	XM_011993206.1	100.000	21	0	0	1	21	445	425	2.1	39.2
Query_244979	XM_011993200.1	100.000	21	0	0	1	21	435	415	2.1	39.2
Query_244979	CP068258.1	100.000	21	0	0	1	21	51885291	51885311	2.1	39.2
Query_244979	AP023480.1	100.000	21	0	0	1	21	48177957	48177977	2.1	39.2
Query_244979	AK314754.1	100.000	21	0	0	1	21	437	417	2.1	39.2
Query_244979	BC005215.1	100.000	21	0	0	1	21	447	427	2.1	39.2
Query_244979	AL034423.21	100.000	21	0	0	1	21	73605	73625	2.1	39.2
Query_244979	AY008273.1	100.000	21	0	0	1	21	65	45	2.1	39.2
Query_244979	U97281.1	100.000	21	0	0	1	21	65	45	2.1	39.2
Query_244979	U39360.1	100.000	21	0	0	1	21	134	114	2.1	39.2
Query_244979	CP034495.1	100.000	20	0	0	1	20	8241055	8241036	7.3	37.4
Query_244979	CP068261.1	100.000	20	0	0	1	20	8244265	8244246	7.3	37.4
Query_244979	AP023477.1	100.000	20	0	0	1	20	8420518	8420499	7.3	37.4
Query_244979	AC198461.3	100.000	20	0	0	1	20	161857	161876	7.3	37.4
Query_244979	AC008053.13	100.000	20	0	0	1	20	64673	64654	7.3	37.4
Query_244979	AC135178.13	100.000	20	0	0	1	20	46846	46865	7.3	37.4
Query_244979	AC106019.4	100.000	20	0	0	1	20	38976	38957	7.3	37.4


