# blastn
# Iteration: 0
# Query: 
# RID: 6M55XZ12016
# Database: nt
# Fields: query acc.ver, subject acc.ver, % identity, alignment length, mismatches, gap opens, q. start, q. end, s. start, s. end, evalue, bit score
# 19 hits found
Query_33369	XM_003822660.3	100.000	21	0	0	1	21	3192	3172	2.0	39.2
Query_33369	XM_032178589.1	100.000	21	0	0	1	21	2390	2370	2.0	39.2
Query_33369	MN297719.1	100.000	21	0	0	1	21	125	105	2.0	39.2
Query_33369	XM_031007930.1	100.000	21	0	0	1	21	2988	2968	2.0	39.2
Query_33369	XM_030799595.1	100.000	21	0	0	1	21	2985	2965	2.0	39.2
Query_33369	NM_012249.4	100.000	21	0	0	1	21	2996	2976	2.0	39.2
Query_33369	XM_016948475.2	100.000	21	0	0	1	21	2966	2946	2.0	39.2
Query_33369	XM_016948474.2	100.000	21	0	0	1	21	2827	2807	2.0	39.2
Query_33369	XM_002812061.4	100.000	21	0	0	1	21	2739	2719	2.0	39.2
Query_33369	XM_011532728.2	100.000	21	0	0	1	21	2324	2304	2.0	39.2
Query_33369	XM_017003716.1	100.000	21	0	0	1	21	3208	3188	2.0	39.2
Query_33369	XM_011532726.2	100.000	21	0	0	1	21	3051	3031	2.0	39.2
Query_33369	XM_005264229.2	100.000	21	0	0	1	21	2460	2440	2.0	39.2
Query_33369	NG_023007.2	100.000	21	0	0	1	21	2834	2814	2.0	39.2
Query_33369	EU794657.1	100.000	21	0	0	1	21	2758	2738	2.0	39.2
Query_33369	BC013135.1	100.000	21	0	0	1	21	2918	2898	2.0	39.2
Query_33369	AC145214.1	100.000	21	0	0	1	21	39310	39290	2.0	39.2
Query_33369	AC073869.5	100.000	21	0	0	1	21	137682	137662	2.0	39.2
Query_33369	AC018682.4	100.000	21	0	0	1	21	117297	117277	2.0	39.2


