# blastn
# Iteration: 0
# Query: 
# RID: 8YD3B3KN013
# Database: nt
# Fields: query acc.ver, subject acc.ver, % identity, alignment length, mismatches, gap opens, q. start, q. end, s. start, s. end, evalue, bit score
# 100 hits found
Query_57745	XM_034962171.1	100.000	21	0	0	1	21	889	869	2.1	39.2
Query_57745	XM_008958732.2	100.000	21	0	0	1	21	1091	1071	2.1	39.2
Query_57745	XM_003833230.2	100.000	21	0	0	1	21	1062	1042	2.1	39.2
Query_57745	XM_034647925.1	100.000	21	0	0	1	21	983	963	2.1	39.2
Query_57745	XM_034647924.1	100.000	21	0	0	1	21	941	921	2.1	39.2
Query_57745	XM_034647923.1	100.000	21	0	0	1	21	983	963	2.1	39.2
Query_57745	XM_034647922.1	100.000	21	0	0	1	21	983	963	2.1	39.2
Query_57745	XM_034647921.1	100.000	21	0	0	1	21	1046	1026	2.1	39.2
Query_57745	XM_034647919.1	100.000	21	0	0	1	21	1114	1094	2.1	39.2
Query_57745	XM_034647918.1	100.000	21	0	0	1	21	1187	1167	2.1	39.2
Query_57745	XM_034647917.1	100.000	21	0	0	1	21	983	963	2.1	39.2
Query_57745	XM_033217305.1	100.000	21	0	0	1	21	1253	1233	2.1	39.2
Query_57745	XM_033217304.1	100.000	21	0	0	1	21	1150	1130	2.1	39.2
Query_57745	XM_033217303.1	100.000	21	0	0	1	21	1025	1005	2.1	39.2
Query_57745	XM_033217302.1	100.000	21	0	0	1	21	1189	1169	2.1	39.2
Query_57745	XM_033217301.1	100.000	21	0	0	1	21	1064	1044	2.1	39.2
Query_57745	XM_033095894.1	100.000	21	0	0	1	21	1033	1013	2.1	39.2
Query_57745	XM_033095885.1	100.000	21	0	0	1	21	1072	1052	2.1	39.2
Query_57745	XM_033095876.1	100.000	21	0	0	1	21	1072	1052	2.1	39.2
Query_57745	XM_033095867.1	100.000	21	0	0	1	21	1033	1013	2.1	39.2
Query_57745	XM_033095859.1	100.000	21	0	0	1	21	1093	1073	2.1	39.2
Query_57745	XM_033095849.1	100.000	21	0	0	1	21	1110	1090	2.1	39.2
Query_57745	XM_033095841.1	100.000	21	0	0	1	21	1072	1052	2.1	39.2
Query_57745	XM_032141775.1	100.000	21	0	0	1	21	1002	982	2.1	39.2
Query_57745	XM_032141774.1	100.000	21	0	0	1	21	1129	1109	2.1	39.2
Query_57745	XM_032141773.1	100.000	21	0	0	1	21	1047	1027	2.1	39.2
Query_57745	XM_023212910.2	100.000	21	0	0	1	21	1249	1229	2.1	39.2
Query_57745	XM_009205268.3	100.000	21	0	0	1	21	1150	1130	2.1	39.2
Query_57745	XM_009205267.4	100.000	21	0	0	1	21	994	974	2.1	39.2
Query_57745	XM_017957888.2	100.000	21	0	0	1	21	1189	1169	2.1	39.2
Query_57745	XM_009205270.2	100.000	21	0	0	1	21	1104	1084	2.1	39.2
Query_57745	XM_003897656.2	100.000	21	0	0	1	21	1047	1027	2.1	39.2
Query_57745	XM_019029654.2	100.000	21	0	0	1	21	1151	1131	2.1	39.2
Query_57745	XM_031012164.1	100.000	21	0	0	1	21	981	961	2.1	39.2
Query_57745	XM_031012163.1	100.000	21	0	0	1	21	1124	1104	2.1	39.2
Query_57745	XM_019029653.2	100.000	21	0	0	1	21	1190	1170	2.1	39.2
Query_57745	XM_031012162.1	100.000	21	0	0	1	21	1047	1027	2.1	39.2
Query_57745	XM_030928592.1	100.000	21	0	0	1	21	1125	1105	2.1	39.2
Query_57745	XM_010369756.2	100.000	21	0	0	1	21	1148	1128	2.1	39.2
Query_57745	XM_010369755.2	100.000	21	0	0	1	21	1007	987	2.1	39.2
Query_57745	XM_010369754.2	100.000	21	0	0	1	21	1187	1167	2.1	39.2
Query_57745	XM_010369752.2	100.000	21	0	0	1	21	1046	1026	2.1	39.2
Query_57745	XM_030795985.1	100.000	21	0	0	1	21	1002	982	2.1	39.2
Query_57745	XM_030795984.1	100.000	21	0	0	1	21	1093	1073	2.1	39.2
Query_57745	XM_030795983.1	100.000	21	0	0	1	21	1129	1109	2.1	39.2
Query_57745	XM_030795982.1	100.000	21	0	0	1	21	1047	1027	2.1	39.2
Query_57745	XM_028847511.1	100.000	21	0	0	1	21	939	919	2.1	39.2
Query_57745	XM_028847510.1	100.000	21	0	0	1	21	1118	1098	2.1	39.2
Query_57745	XM_028847509.1	100.000	21	0	0	1	21	1082	1062	2.1	39.2
Query_57745	XM_015136438.2	100.000	21	0	0	1	21	1054	1034	2.1	39.2
Query_57745	XM_015136440.2	100.000	21	0	0	1	21	1158	1138	2.1	39.2
Query_57745	NM_018426.3	100.000	21	0	0	1	21	1053	1033	2.1	39.2
Query_57745	XM_026507353.1	100.000	21	0	0	1	21	1122	1102	2.1	39.2
Query_57745	XM_026507352.1	100.000	21	0	0	1	21	1053	1033	2.1	39.2
Query_57745	XM_026507351.1	100.000	21	0	0	1	21	1463	1443	2.1	39.2
Query_57745	XM_026507350.1	100.000	21	0	0	1	21	1126	1106	2.1	39.2
Query_57745	XM_028127977.1	100.000	21	0	0	1	21	1071	1051	2.1	39.2
Query_57745	XM_028127976.1	100.000	21	0	0	1	21	1031	1011	2.1	39.2
Query_57745	XM_028127975.1	100.000	21	0	0	1	21	1229	1209	2.1	39.2
Query_57745	XM_008153237.2	100.000	21	0	0	1	21	1070	1050	2.1	39.2
Query_57745	XM_025383334.1	100.000	21	0	0	1	21	1100	1080	2.1	39.2
Query_57745	XM_025383333.1	100.000	21	0	0	1	21	1087	1067	2.1	39.2
Query_57745	XM_025383332.1	100.000	21	0	0	1	21	1047	1027	2.1	39.2
Query_57745	XM_011754408.2	100.000	21	0	0	1	21	1125	1105	2.1	39.2
Query_57745	XM_011754410.2	100.000	21	0	0	1	21	983	963	2.1	39.2
Query_57745	XM_011754409.2	100.000	21	0	0	1	21	976	956	2.1	39.2
Query_57745	XM_024795278.1	100.000	21	0	0	1	21	1082	1062	2.1	39.2
Query_57745	XM_011754407.2	100.000	21	0	0	1	21	1048	1028	2.1	39.2
Query_57745	XR_001743506.2	100.000	21	0	0	1	21	1433	1413	2.1	39.2
Query_57745	XM_024446482.1	100.000	21	0	0	1	21	1321	1301	2.1	39.2
Query_57745	XM_009451354.3	100.000	21	0	0	1	21	1125	1105	2.1	39.2
Query_57745	XM_016955600.2	100.000	21	0	0	1	21	1094	1074	2.1	39.2
Query_57745	XM_016955605.2	100.000	21	0	0	1	21	1274	1254	2.1	39.2
Query_57745	XM_024357229.1	100.000	21	0	0	1	21	991	971	2.1	39.2
Query_57745	XM_016955604.2	100.000	21	0	0	1	21	1104	1084	2.1	39.2
Query_57745	XM_016955603.2	100.000	21	0	0	1	21	1314	1294	2.1	39.2
Query_57745	XM_016955602.2	100.000	21	0	0	1	21	1047	1027	2.1	39.2
Query_57745	XM_040643530.1	100.000	21	0	0	1	21	1114	1094	2.1	39.2
Query_57745	XM_040643528.1	100.000	21	0	0	1	21	1061	1041	2.1	39.2
Query_57745	XM_040643527.1	100.000	21	0	0	1	21	1117	1097	2.1	39.2
Query_57745	XM_007972423.2	100.000	21	0	0	1	21	1125	1105	2.1	39.2
Query_57745	XM_038006128.1	100.000	21	0	0	1	21	1150	1130	2.1	39.2
Query_57745	XM_038006127.1	100.000	21	0	0	1	21	1046	1026	2.1	39.2
Query_57745	XM_007972424.2	100.000	21	0	0	1	21	1189	1169	2.1	39.2
Query_57745	XM_007972422.2	100.000	21	0	0	1	21	1085	1065	2.1	39.2
Query_57745	XM_037519798.1	100.000	21	0	0	1	21	1043	1023	2.1	39.2
Query_57745	XM_037519797.1	100.000	21	0	0	1	21	976	956	2.1	39.2
Query_57745	XM_036414075.1	100.000	21	0	0	1	21	1071	1051	2.1	39.2
Query_57745	XM_036414074.1	100.000	21	0	0	1	21	1031	1011	2.1	39.2
Query_57745	XM_036414072.1	100.000	21	0	0	1	21	1132	1112	2.1	39.2
Query_57745	XM_036414071.1	100.000	21	0	0	1	21	1070	1050	2.1	39.2
Query_57745	XM_036316794.1	100.000	21	0	0	1	21	738	718	2.1	39.2
Query_57745	XM_036316793.1	100.000	21	0	0	1	21	777	757	2.1	39.2
Query_57745	XM_036316792.1	100.000	21	0	0	1	21	857	837	2.1	39.2
Query_57745	XM_036316791.1	100.000	21	0	0	1	21	1011	991	2.1	39.2
Query_57745	XM_036316790.1	100.000	21	0	0	1	21	1218	1198	2.1	39.2
Query_57745	XM_036316789.1	100.000	21	0	0	1	21	1050	1030	2.1	39.2
Query_57745	XM_036248030.1	100.000	21	0	0	1	21	1045	1025	2.1	39.2
Query_57745	XM_036248029.1	100.000	21	0	0	1	21	1076	1056	2.1	39.2
Query_57745	LR862362.1	100.000	21	0	0	1	21	11321267	11321247	2.1	39.2


