# blastn
# Iteration: 0
# Query: 
# RID: 6MSN2EN701R
# Database: nt
# Fields: query acc.ver, subject acc.ver, % identity, alignment length, mismatches, gap opens, q. start, q. end, s. start, s. end, evalue, bit score
# 100 hits found
Query_534363	XM_034962171.1	100.000	21	0	0	1	21	855	835	2.0	39.2
Query_534363	XM_008958732.2	100.000	21	0	0	1	21	1057	1037	2.0	39.2
Query_534363	XM_003833230.2	100.000	21	0	0	1	21	1028	1008	2.0	39.2
Query_534363	XM_033217305.1	100.000	21	0	0	1	21	1219	1199	2.0	39.2
Query_534363	XM_033217304.1	100.000	21	0	0	1	21	1116	1096	2.0	39.2
Query_534363	XM_033217303.1	100.000	21	0	0	1	21	991	971	2.0	39.2
Query_534363	XM_033217302.1	100.000	21	0	0	1	21	1155	1135	2.0	39.2
Query_534363	XM_033217301.1	100.000	21	0	0	1	21	1030	1010	2.0	39.2
Query_534363	XM_030315606.2	100.000	21	0	0	1	21	1016	996	2.0	39.2
Query_534363	XM_023212910.2	100.000	21	0	0	1	21	1215	1195	2.0	39.2
Query_534363	XM_009205268.3	100.000	21	0	0	1	21	1116	1096	2.0	39.2
Query_534363	XM_009205267.4	100.000	21	0	0	1	21	960	940	2.0	39.2
Query_534363	XM_017957888.2	100.000	21	0	0	1	21	1155	1135	2.0	39.2
Query_534363	XM_009205270.2	100.000	21	0	0	1	21	1070	1050	2.0	39.2
Query_534363	XM_003897656.2	100.000	21	0	0	1	21	1013	993	2.0	39.2
Query_534363	XM_019029654.2	100.000	21	0	0	1	21	1117	1097	2.0	39.2
Query_534363	XM_031012164.1	100.000	21	0	0	1	21	947	927	2.0	39.2
Query_534363	XM_031012163.1	100.000	21	0	0	1	21	1090	1070	2.0	39.2
Query_534363	XM_019029653.2	100.000	21	0	0	1	21	1156	1136	2.0	39.2
Query_534363	XM_031012162.1	100.000	21	0	0	1	21	1013	993	2.0	39.2
Query_534363	XM_030928592.1	100.000	21	0	0	1	21	1091	1071	2.0	39.2
Query_534363	XM_010369756.2	100.000	21	0	0	1	21	1114	1094	2.0	39.2
Query_534363	XM_010369755.2	100.000	21	0	0	1	21	973	953	2.0	39.2
Query_534363	XM_010369754.2	100.000	21	0	0	1	21	1153	1133	2.0	39.2
Query_534363	XM_010369752.2	100.000	21	0	0	1	21	1012	992	2.0	39.2
Query_534363	XM_030448740.1	100.000	21	0	0	1	21	1124	1104	2.0	39.2
Query_534363	XM_030315607.1	100.000	21	0	0	1	21	956	936	2.0	39.2
Query_534363	XM_029943608.1	100.000	21	0	0	1	21	944	924	2.0	39.2
Query_534363	XM_029943607.1	100.000	21	0	0	1	21	986	966	2.0	39.2
Query_534363	XM_028847511.1	100.000	21	0	0	1	21	905	885	2.0	39.2
Query_534363	XM_028847510.1	100.000	21	0	0	1	21	1084	1064	2.0	39.2
Query_534363	XM_028847509.1	100.000	21	0	0	1	21	1048	1028	2.0	39.2
Query_534363	XM_015136438.2	100.000	21	0	0	1	21	1020	1000	2.0	39.2
Query_534363	XM_015136440.2	100.000	21	0	0	1	21	1124	1104	2.0	39.2
Query_534363	XM_028127977.1	100.000	21	0	0	1	21	1037	1017	2.0	39.2
Query_534363	XM_028127976.1	100.000	21	0	0	1	21	997	977	2.0	39.2
Query_534363	XM_028127975.1	100.000	21	0	0	1	21	1195	1175	2.0	39.2
Query_534363	XM_008153237.2	100.000	21	0	0	1	21	1036	1016	2.0	39.2
Query_534363	XM_006149046.2	100.000	21	0	0	1	21	897	877	2.0	39.2
Query_534363	XM_006149045.2	100.000	21	0	0	1	21	936	916	2.0	39.2
Query_534363	XM_014588012.2	100.000	21	0	0	1	21	917	897	2.0	39.2
Query_534363	XM_039854831.1	100.000	21	0	0	1	21	934	914	2.0	39.2
Query_534363	XM_039854830.1	100.000	21	0	0	1	21	1338	1318	2.0	39.2
Query_534363	XM_039854829.1	100.000	21	0	0	1	21	1232	1212	2.0	39.2
Query_534363	XM_039854828.1	100.000	21	0	0	1	21	1017	997	2.0	39.2
Query_534363	XM_039854827.1	100.000	21	0	0	1	21	1076	1056	2.0	39.2
Query_534363	XM_039854826.1	100.000	21	0	0	1	21	1377	1357	2.0	39.2
Query_534363	XM_039697815.1	100.000	21	0	0	1	21	1101	1081	2.0	39.2
Query_534363	XR_005626377.1	100.000	21	0	0	1	21	1101	1081	2.0	39.2
Query_534363	XM_039697814.1	100.000	21	0	0	1	21	1061	1041	2.0	39.2
Query_534363	XM_039697813.1	100.000	21	0	0	1	21	1115	1095	2.0	39.2
Query_534363	XM_039697812.1	100.000	21	0	0	1	21	1100	1080	2.0	39.2
Query_534363	XM_039466881.1	100.000	21	0	0	1	21	1143	1123	2.0	39.2
Query_534363	XM_010333936.2	100.000	21	0	0	1	21	1193	1173	2.0	39.2
Query_534363	XM_039466875.1	100.000	21	0	0	1	21	1019	999	2.0	39.2
Query_534363	XM_039231230.1	100.000	21	0	0	1	21	1017	997	2.0	39.2
Query_534363	XM_038683648.1	100.000	21	0	0	1	21	969	949	2.0	39.2
Query_534363	XM_038683647.1	100.000	21	0	0	1	21	1029	1009	2.0	39.2
Query_534363	XM_038683646.1	100.000	21	0	0	1	21	1011	991	2.0	39.2
Query_534363	XM_005627398.4	100.000	21	0	0	1	21	969	949	2.0	39.2
Query_534363	XM_014118472.3	100.000	21	0	0	1	21	1029	1009	2.0	39.2
Query_534363	XM_846912.7	100.000	21	0	0	1	21	1011	991	2.0	39.2
Query_534363	XM_007972423.2	100.000	21	0	0	1	21	1091	1071	2.0	39.2
Query_534363	XM_038006128.1	100.000	21	0	0	1	21	1116	1096	2.0	39.2
Query_534363	XM_038006127.1	100.000	21	0	0	1	21	1012	992	2.0	39.2
Query_534363	XM_007972424.2	100.000	21	0	0	1	21	1155	1135	2.0	39.2
Query_534363	XM_007972422.2	100.000	21	0	0	1	21	1051	1031	2.0	39.2
Query_534363	XM_037519798.1	100.000	21	0	0	1	21	1009	989	2.0	39.2
Query_534363	XM_037519797.1	100.000	21	0	0	1	21	942	922	2.0	39.2
Query_534363	XM_037142609.1	100.000	21	0	0	1	21	975	955	2.0	39.2
Query_534363	XM_037142608.1	100.000	21	0	0	1	21	1068	1048	2.0	39.2
Query_534363	XM_037142607.1	100.000	21	0	0	1	21	1014	994	2.0	39.2
Query_534363	XM_037013714.1	100.000	21	0	0	1	21	855	835	2.0	39.2
Query_534363	XM_037013669.1	100.000	21	0	0	1	21	915	895	2.0	39.2
Query_534363	XM_017676271.2	100.000	21	0	0	1	21	1148	1128	2.0	39.2
Query_534363	XM_017676270.2	100.000	21	0	0	1	21	1006	986	2.0	39.2
Query_534363	XM_017676269.2	100.000	21	0	0	1	21	1042	1022	2.0	39.2
Query_534363	XM_036927364.1	100.000	21	0	0	1	21	855	835	2.0	39.2
Query_534363	XM_036927362.1	100.000	21	0	0	1	21	913	893	2.0	39.2
Query_534363	XM_036927361.1	100.000	21	0	0	1	21	1007	987	2.0	39.2
Query_534363	XM_036927360.1	100.000	21	0	0	1	21	1137	1117	2.0	39.2
Query_534363	XM_036927359.1	100.000	21	0	0	1	21	1040	1020	2.0	39.2
Query_534363	XM_028508568.2	100.000	21	0	0	1	21	1140	1120	2.0	39.2
Query_534363	XM_028508566.2	100.000	21	0	0	1	21	1003	983	2.0	39.2
Query_534363	XM_028508565.2	100.000	21	0	0	1	21	1042	1022	2.0	39.2
Query_534363	XM_036024155.1	100.000	21	0	0	1	21	1204	1184	2.0	39.2
Query_534363	XM_036024154.1	100.000	21	0	0	1	21	1282	1262	2.0	39.2
Query_534363	XM_036024153.1	100.000	21	0	0	1	21	1243	1223	2.0	39.2
Query_534363	XM_025418885.2	100.000	21	0	0	1	21	974	954	2.0	39.2
Query_534363	XM_035697506.1	100.000	21	0	0	1	21	1157	1137	2.0	39.2
Query_534363	XM_025418884.2	100.000	21	0	0	1	21	1029	1009	2.0	39.2
Query_534363	XM_025418883.2	100.000	21	0	0	1	21	1016	996	2.0	39.2
Query_534363	XM_035295753.1	100.000	21	0	0	1	21	1163	1143	2.0	39.2
Query_534363	XM_035295752.1	100.000	21	0	0	1	21	999	979	2.0	39.2
Query_534363	XM_035295750.1	100.000	21	0	0	1	21	1199	1179	2.0	39.2
Query_534363	XM_035295749.1	100.000	21	0	0	1	21	1029	1009	2.0	39.2
Query_534363	XM_035295748.1	100.000	21	0	0	1	21	1043	1023	2.0	39.2
Query_534363	XM_035295747.1	100.000	21	0	0	1	21	1073	1053	2.0	39.2
Query_534363	XM_035295746.1	100.000	21	0	0	1	21	1198	1178	2.0	39.2
Query_534363	XM_035295745.1	100.000	21	0	0	1	21	1048	1028	2.0	39.2


