# blastn
# Iteration: 0
# Query: 
# RID: 7RNHURD7016
# Database: nt
# Fields: query acc.ver, subject acc.ver, % identity, alignment length, mismatches, gap opens, q. start, q. end, s. start, s. end, evalue, bit score
# 100 hits found
Query_44563	XM_008687207.2	100.000	21	0	0	1	21	212	192	2.1	39.2
Query_44563	XM_008687206.2	100.000	21	0	0	1	21	280	260	2.1	39.2
Query_44563	XM_008687208.2	100.000	21	0	0	1	21	211	191	2.1	39.2
Query_44563	XM_040643272.1	100.000	21	0	0	1	21	546	526	2.1	39.2
Query_44563	XM_040475549.1	100.000	21	0	0	1	21	213	193	2.1	39.2
Query_44563	XM_040475548.1	100.000	21	0	0	1	21	304	284	2.1	39.2
Query_44563	XM_040294550.1	100.000	21	0	0	1	21	191	171	2.1	39.2
Query_44563	XM_021725967.2	100.000	21	0	0	1	21	521	501	2.1	39.2
Query_44563	XM_040294549.1	100.000	21	0	0	1	21	340	320	2.1	39.2
Query_44563	XM_040294548.1	100.000	21	0	0	1	21	526	506	2.1	39.2
Query_44563	XM_040227739.1	100.000	21	0	0	1	21	408	388	2.1	39.2
Query_44563	XM_040227738.1	100.000	21	0	0	1	21	328	308	2.1	39.2
Query_44563	XM_040227737.1	100.000	21	0	0	1	21	512	492	2.1	39.2
Query_44563	HG994416.1	100.000	21	0	0	1	21	26811420	26811400	2.1	39.2
Query_44563	XM_039855835.1	100.000	21	0	0	1	21	299	279	2.1	39.2
Query_44563	XM_039855834.1	100.000	21	0	0	1	21	593	573	2.1	39.2
Query_44563	XM_039855833.1	100.000	21	0	0	1	21	315	295	2.1	39.2
Query_44563	XM_039855832.1	100.000	21	0	0	1	21	462	442	2.1	39.2
Query_44563	XM_039855830.1	100.000	21	0	0	1	21	328	308	2.1	39.2
Query_44563	XM_039855829.1	100.000	21	0	0	1	21	549	529	2.1	39.2
Query_44563	XM_039855828.1	100.000	21	0	0	1	21	370	350	2.1	39.2
Query_44563	XM_010351541.2	100.000	21	0	0	1	21	540	520	2.1	39.2
Query_44563	XM_039469988.1	100.000	21	0	0	1	21	620	600	2.1	39.2
Query_44563	NM_001047857.4	100.000	21	0	0	1	21	544	524	2.1	39.2
Query_44563	XM_039254350.1	100.000	21	0	0	1	21	282	262	2.1	39.2
Query_44563	XM_039239646.1	100.000	21	0	0	1	21	332	312	2.1	39.2
Query_44563	XM_039239644.1	100.000	21	0	0	1	21	291	271	2.1	39.2
Query_44563	XM_039239643.1	100.000	21	0	0	1	21	505	485	2.1	39.2
Query_44563	XM_039104497.1	100.000	21	0	0	1	21	822	802	2.1	39.2
Query_44563	XM_006234405.4	100.000	21	0	0	1	21	487	467	2.1	39.2
Query_44563	XM_038447236.1	100.000	21	0	0	1	21	211	191	2.1	39.2
Query_44563	XM_038447235.1	100.000	21	0	0	1	21	517	497	2.1	39.2
Query_44563	XM_038463393.1	100.000	21	0	0	1	21	211	191	2.1	39.2
Query_44563	XM_038463392.1	100.000	21	0	0	1	21	517	497	2.1	39.2
Query_44563	XM_007965532.2	100.000	21	0	0	1	21	604	584	2.1	39.2
Query_44563	XM_007965531.2	100.000	21	0	0	1	21	534	514	2.1	39.2
Query_44563	XM_007965530.2	100.000	21	0	0	1	21	557	537	2.1	39.2
Query_44563	XM_037849091.1	100.000	21	0	0	1	21	370	350	2.1	39.2
Query_44563	XM_037849090.1	100.000	21	0	0	1	21	332	312	2.1	39.2
Query_44563	XM_037849089.1	100.000	21	0	0	1	21	570	550	2.1	39.2
Query_44563	XM_037839205.1	100.000	21	0	0	1	21	194	174	2.1	39.2
Query_44563	XM_037732749.1	100.000	21	0	0	1	21	258	238	2.1	39.2
Query_44563	XM_017532745.2	100.000	21	0	0	1	21	610	590	2.1	39.2
Query_44563	XM_017532744.2	100.000	21	0	0	1	21	540	520	2.1	39.2
Query_44563	XM_017532743.2	100.000	21	0	0	1	21	619	599	2.1	39.2
Query_44563	XM_037523656.1	100.000	21	0	0	1	21	272	252	2.1	39.2
Query_44563	XM_037523655.1	100.000	21	0	0	1	21	363	343	2.1	39.2
Query_44563	XM_037523654.1	100.000	21	0	0	1	21	262	242	2.1	39.2
Query_44563	XM_037523653.1	100.000	21	0	0	1	21	557	537	2.1	39.2
Query_44563	XM_037130039.1	100.000	21	0	0	1	21	268	248	2.1	39.2
Query_44563	XM_037130038.1	100.000	21	0	0	1	21	275	255	2.1	39.2
Query_44563	XM_037130037.1	100.000	21	0	0	1	21	437	417	2.1	39.2
Query_44563	XM_037130036.1	100.000	21	0	0	1	21	537	517	2.1	39.2
Query_44563	XM_037044351.1	100.000	21	0	0	1	21	519	499	2.1	39.2
Query_44563	XM_037044350.1	100.000	21	0	0	1	21	275	255	2.1	39.2
Query_44563	XM_037044349.1	100.000	21	0	0	1	21	268	248	2.1	39.2
Query_44563	XM_037044348.1	100.000	21	0	0	1	21	401	381	2.1	39.2
Query_44563	XM_037044347.1	100.000	21	0	0	1	21	517	497	2.1	39.2
Query_44563	XM_037000303.1	100.000	21	0	0	1	21	328	308	2.1	39.2
Query_44563	XM_037000302.1	100.000	21	0	0	1	21	323	303	2.1	39.2
Query_44563	XM_037000301.1	100.000	21	0	0	1	21	210	190	2.1	39.2
Query_44563	XM_017668147.2	100.000	21	0	0	1	21	344	324	2.1	39.2
Query_44563	XM_017668146.2	100.000	21	0	0	1	21	465	445	2.1	39.2
Query_44563	XM_037000299.1	100.000	21	0	0	1	21	328	308	2.1	39.2
Query_44563	XM_036879408.1	100.000	21	0	0	1	21	322	302	2.1	39.2
Query_44563	XM_036879407.1	100.000	21	0	0	1	21	210	190	2.1	39.2
Query_44563	XM_036879406.1	100.000	21	0	0	1	21	342	322	2.1	39.2
Query_44563	XM_036879404.1	100.000	21	0	0	1	21	461	441	2.1	39.2
Query_44563	XM_036879403.1	100.000	21	0	0	1	21	512	492	2.1	39.2
Query_44563	XR_004969263.1	100.000	21	0	0	1	21	534	514	2.1	39.2
Query_44563	XM_036319158.1	100.000	21	0	0	1	21	519	499	2.1	39.2
Query_44563	XM_036319157.1	100.000	21	0	0	1	21	534	514	2.1	39.2
Query_44563	XM_036268012.1	100.000	21	0	0	1	21	218	198	2.1	39.2
Query_44563	XR_004958629.1	100.000	21	0	0	1	21	279	259	2.1	39.2
Query_44563	XM_036253507.1	100.000	21	0	0	1	21	556	536	2.1	39.2
Query_44563	XR_004958628.1	100.000	21	0	0	1	21	279	259	2.1	39.2
Query_44563	XR_004958627.1	100.000	21	0	0	1	21	279	259	2.1	39.2
Query_44563	XM_036253506.1	100.000	21	0	0	1	21	279	259	2.1	39.2
Query_44563	XR_004958626.1	100.000	21	0	0	1	21	298	278	2.1	39.2
Query_44563	XR_004958625.1	100.000	21	0	0	1	21	279	259	2.1	39.2
Query_44563	XM_036236019.1	100.000	21	0	0	1	21	370	350	2.1	39.2
Query_44563	XM_016164614.2	100.000	21	0	0	1	21	606	586	2.1	39.2
Query_44563	XM_016164616.2	100.000	21	0	0	1	21	210	190	2.1	39.2
Query_44563	XM_016164613.2	100.000	21	0	0	1	21	331	311	2.1	39.2
Query_44563	XM_016164615.2	100.000	21	0	0	1	21	495	475	2.1	39.2
Query_44563	XM_016164612.2	100.000	21	0	0	1	21	566	546	2.1	39.2
Query_44563	XM_006499162.5	100.000	21	0	0	1	21	362	342	2.1	39.2
Query_44563	XM_036079912.1	100.000	21	0	0	1	21	373	353	2.1	39.2
Query_44563	XM_036079911.1	100.000	21	0	0	1	21	573	553	2.1	39.2
Query_44563	XM_036079910.1	100.000	21	0	0	1	21	383	363	2.1	39.2
Query_44563	XM_036079909.1	100.000	21	0	0	1	21	558	538	2.1	39.2
Query_44563	XM_036023225.1	100.000	21	0	0	1	21	323	303	2.1	39.2
Query_44563	XM_028508977.2	100.000	21	0	0	1	21	331	311	2.1	39.2
Query_44563	XM_028508979.2	100.000	21	0	0	1	21	260	240	2.1	39.2
Query_44563	XM_028508978.2	100.000	21	0	0	1	21	410	390	2.1	39.2
Query_44563	LR877235.1	100.000	21	0	0	1	21	7855553	7855573	2.1	39.2
Query_44563	NM_182678.3	100.000	21	0	0	1	21	408	388	2.1	39.2
Query_44563	NM_001278554.2	100.000	21	0	0	1	21	609	589	2.1	39.2
Query_44563	NM_001278555.2	100.000	21	0	0	1	21	376	356	2.1	39.2
Query_44563	XM_035696433.1	100.000	21	0	0	1	21	204	184	2.1	39.2


