# blastn
# Iteration: 0
# Query: 
# RID: 6X6WW5XF01R
# Database: nt
# Fields: query acc.ver, subject acc.ver, % identity, alignment length, mismatches, gap opens, q. start, q. end, s. start, s. end, evalue, bit score
# 100 hits found
Query_377817	XM_034934228.1	100.000	21	0	0	1	21	213	193	2.0	39.2
Query_377817	CP050595.1	100.000	21	0	0	1	21	51930392	51930372	2.0	39.2
Query_377817	CP050642.1	100.000	21	0	0	1	21	51928994	51928974	2.0	39.2
Query_377817	XM_033198009.1	100.000	21	0	0	1	21	123	103	2.0	39.2
Query_377817	XM_033180359.1	100.000	21	0	0	1	21	90	70	2.0	39.2
Query_377817	XM_033221080.1	100.000	21	0	0	1	21	434	414	2.0	39.2
Query_377817	XM_033219776.1	100.000	21	0	0	1	21	123	103	2.0	39.2
Query_377817	XM_033215697.1	100.000	21	0	0	1	21	72	52	2.0	39.2
Query_377817	XM_033214565.1	100.000	21	0	0	1	21	104	84	2.0	39.2
Query_377817	XM_033211739.1	100.000	21	0	0	1	21	104	84	2.0	39.2
Query_377817	XM_032266981.1	100.000	21	0	0	1	21	77	57	2.0	39.2
Query_377817	XM_032247205.1	100.000	21	0	0	1	21	104	84	2.0	39.2
Query_377817	XM_032239288.1	100.000	21	0	0	1	21	107	87	2.0	39.2
Query_377817	XR_004273138.1	100.000	21	0	0	1	21	111	91	2.0	39.2
Query_377817	XM_032281132.1	100.000	21	0	0	1	21	156	136	2.0	39.2
Query_377817	XM_032297803.1	100.000	21	0	0	1	21	148	128	2.0	39.2
Query_377817	XM_032297792.1	100.000	21	0	0	1	21	431	411	2.0	39.2
Query_377817	XM_032279900.1	100.000	21	0	0	1	21	131	111	2.0	39.2
Query_377817	XM_032140999.1	100.000	21	0	0	1	21	97	77	2.0	39.2
Query_377817	XM_032170900.1	100.000	21	0	0	1	21	449	429	2.0	39.2
Query_377817	XM_023210243.2	100.000	21	0	0	1	21	108	88	2.0	39.2
Query_377817	XM_026449654.2	100.000	21	0	0	1	21	137	117	2.0	39.2
Query_377817	XM_003906952.4	100.000	21	0	0	1	21	434	414	2.0	39.2
Query_377817	XM_017960125.3	100.000	21	0	0	1	21	112	92	2.0	39.2
Query_377817	XM_031663982.1	100.000	21	0	0	1	21	72	52	2.0	39.2
Query_377817	XM_021932049.2	100.000	21	0	0	1	21	1050	1030	2.0	39.2
Query_377817	XR_004179373.1	100.000	21	0	0	1	21	97	77	2.0	39.2
Query_377817	XM_031016537.1	100.000	21	0	0	1	21	450	430	2.0	39.2
Query_377817	XM_030937065.1	100.000	21	0	0	1	21	115	95	2.0	39.2
Query_377817	XM_010386804.2	100.000	21	0	0	1	21	105	85	2.0	39.2
Query_377817	XM_010367358.2	100.000	21	0	0	1	21	72	52	2.0	39.2
Query_377817	XM_030925392.1	100.000	21	0	0	1	21	77	57	2.0	39.2
Query_377817	XM_030924654.1	100.000	21	0	0	1	21	72	52	2.0	39.2
Query_377817	XM_010383933.2	100.000	21	0	0	1	21	439	419	2.0	39.2
Query_377817	XM_003259664.3	100.000	21	0	0	1	21	452	432	2.0	39.2
Query_377817	XM_015140068.2	100.000	21	0	0	1	21	104	84	2.0	39.2
Query_377817	XM_028840740.1	100.000	21	0	0	1	21	88	68	2.0	39.2
Query_377817	XM_028829000.1	100.000	21	0	0	1	21	434	414	2.0	39.2
Query_377817	NG_030251.3	100.000	21	0	0	1	21	235	215	2.0	39.2
Query_377817	NM_003348.4	100.000	21	0	0	1	21	135	115	2.0	39.2
Query_377817	XM_023224645.2	100.000	21	0	0	1	21	431	411	2.0	39.2
Query_377817	XM_025385426.1	100.000	21	0	0	1	21	72	52	2.0	39.2
Query_377817	XM_025371196.1	100.000	21	0	0	1	21	72	52	2.0	39.2
Query_377817	XM_025360329.1	100.000	21	0	0	1	21	114	94	2.0	39.2
Query_377817	XM_025401796.1	100.000	21	0	0	1	21	439	419	2.0	39.2
Query_377817	XM_025401795.1	100.000	21	0	0	1	21	385	365	2.0	39.2
Query_377817	XM_025401794.1	100.000	21	0	0	1	21	439	419	2.0	39.2
Query_377817	XM_011772093.2	100.000	21	0	0	1	21	105	85	2.0	39.2
Query_377817	XR_002957379.1	100.000	21	0	0	1	21	524	504	2.0	39.2
Query_377817	XM_016943003.2	100.000	21	0	0	1	21	133	113	2.0	39.2
Query_377817	XM_001139171.5	100.000	21	0	0	1	21	450	430	2.0	39.2
Query_377817	XM_016923983.2	100.000	21	0	0	1	21	548	528	2.0	39.2
Query_377817	XM_016923982.2	100.000	21	0	0	1	21	645	625	2.0	39.2
Query_377817	XM_024246079.1	100.000	21	0	0	1	21	72	52	2.0	39.2
Query_377817	XM_023184838.1	100.000	21	0	0	1	21	72	52	2.0	39.2
Query_377817	XM_023230313.1	100.000	21	0	0	1	21	104	84	2.0	39.2
Query_377817	XM_023218745.1	100.000	21	0	0	1	21	72	52	2.0	39.2
Query_377817	XM_023209859.1	100.000	21	0	0	1	21	72	52	2.0	39.2
Query_377817	XM_023229057.1	100.000	21	0	0	1	21	72	52	2.0	39.2
Query_377817	XM_012473037.2	100.000	21	0	0	1	21	128	108	2.0	39.2
Query_377817	XM_012469335.2	100.000	21	0	0	1	21	285	265	2.0	39.2
Query_377817	XM_021673631.1	100.000	21	0	0	1	21	72	52	2.0	39.2
Query_377817	XM_021672805.1	100.000	21	0	0	1	21	112	92	2.0	39.2
Query_377817	XM_017889027.1	100.000	21	0	0	1	21	90	70	2.0	39.2
Query_377817	XM_017864188.1	100.000	21	0	0	1	21	105	85	2.0	39.2
Query_377817	XM_017860084.1	100.000	21	0	0	1	21	100	80	2.0	39.2
Query_377817	XM_017866843.1	100.000	21	0	0	1	21	72	52	2.0	39.2
Query_377817	XM_017548627.1	100.000	21	0	0	1	21	429	409	2.0	39.2
Query_377817	XM_015442761.1	100.000	21	0	0	1	21	96	76	2.0	39.2
Query_377817	XM_011744704.1	100.000	21	0	0	1	21	431	411	2.0	39.2
Query_377817	XM_012049889.1	100.000	21	0	0	1	21	170	150	2.0	39.2
Query_377817	XM_012032899.1	100.000	21	0	0	1	21	422	402	2.0	39.2
Query_377817	XM_011757978.1	100.000	21	0	0	1	21	96	76	2.0	39.2
Query_377817	XM_012087027.1	100.000	21	0	0	1	21	95	75	2.0	39.2
Query_377817	XM_012086378.1	100.000	21	0	0	1	21	434	414	2.0	39.2
Query_377817	XM_011932042.1	100.000	21	0	0	1	21	116	96	2.0	39.2
Query_377817	XM_011969790.1	100.000	21	0	0	1	21	106	86	2.0	39.2
Query_377817	XM_011961487.1	100.000	21	0	0	1	21	48	28	2.0	39.2
Query_377817	XM_011994006.1	100.000	21	0	0	1	21	123	103	2.0	39.2
Query_377817	XM_011993173.1	100.000	21	0	0	1	21	143	123	2.0	39.2
Query_377817	HG994385.1	100.000	21	0	0	1	21	54981798	54981778	2.0	39.2
Query_377817	XM_039475258.1	100.000	21	0	0	1	21	72	52	2.0	39.2
Query_377817	XM_039471644.1	100.000	21	0	0	1	21	432	412	2.0	39.2
Query_377817	XM_039471344.1	100.000	21	0	0	1	21	72	52	2.0	39.2
Query_377817	XM_039471339.1	100.000	21	0	0	1	21	104	84	2.0	39.2
Query_377817	XM_038008386.1	100.000	21	0	0	1	21	106	86	2.0	39.2
Query_377817	XM_008004246.2	100.000	21	0	0	1	21	433	413	2.0	39.2
Query_377817	XM_038005196.1	100.000	21	0	0	1	21	116	96	2.0	39.2
Query_377817	XM_017502871.2	100.000	21	0	0	1	21	103	83	2.0	39.2
Query_377817	XM_017541827.2	100.000	21	0	0	1	21	98	78	2.0	39.2
Query_377817	XM_017537894.2	100.000	21	0	0	1	21	130	110	2.0	39.2
Query_377817	XM_017534874.2	100.000	21	0	0	1	21	107	87	2.0	39.2
Query_377817	XM_009004044.4	100.000	21	0	0	1	21	143	123	2.0	39.2
Query_377817	XM_035257336.1	100.000	21	0	0	1	21	72	52	2.0	39.2
Query_377817	XM_035258513.1	100.000	21	0	0	1	21	124	104	2.0	39.2
Query_377817	XM_009004364.3	100.000	21	0	0	1	21	151	131	2.0	39.2
Query_377817	XM_002751685.5	100.000	21	0	0	1	21	136	116	2.0	39.2
Query_377817	XM_035280129.1	100.000	21	0	0	1	21	101	81	2.0	39.2
Query_377817	XM_008981865.2	100.000	21	0	0	1	21	202	182	2.0	39.2
Query_377817	XM_035300807.1	100.000	21	0	0	1	21	72	52	2.0	39.2


