# blastn
# Iteration: 0
# Query: 
# RID: 6S4SFY9101R
# Database: nt
# Fields: query acc.ver, subject acc.ver, % identity, alignment length, mismatches, gap opens, q. start, q. end, s. start, s. end, evalue, bit score
# 100 hits found
Query_539733	XM_008976634.2	100.000	21	0	0	1	21	414	394	2.0	39.2
Query_539733	XM_003823013.3	100.000	21	0	0	1	21	396	376	2.0	39.2
Query_539733	XM_033198362.1	100.000	21	0	0	1	21	367	347	2.0	39.2
Query_539733	XM_033198361.1	100.000	21	0	0	1	21	389	369	2.0	39.2
Query_539733	XM_033198360.1	100.000	21	0	0	1	21	389	369	2.0	39.2
Query_539733	XM_033198359.1	100.000	21	0	0	1	21	389	369	2.0	39.2
Query_539733	XM_033198358.1	100.000	21	0	0	1	21	283	263	2.0	39.2
Query_539733	XR_004434096.1	100.000	21	0	0	1	21	389	369	2.0	39.2
Query_539733	XM_033198357.1	100.000	21	0	0	1	21	637	617	2.0	39.2
Query_539733	XM_033198356.1	100.000	21	0	0	1	21	389	369	2.0	39.2
Query_539733	XR_004262057.1	100.000	21	0	0	1	21	328	308	2.0	39.2
Query_539733	XM_032288776.1	100.000	21	0	0	1	21	386	366	2.0	39.2
Query_539733	XM_032136927.1	100.000	21	0	0	1	21	372	352	2.0	39.2
Query_539733	XM_032136926.1	100.000	21	0	0	1	21	368	348	2.0	39.2
Query_539733	XM_023186845.3	100.000	21	0	0	1	21	751	731	2.0	39.2
Query_539733	XR_639001.4	100.000	21	0	0	1	21	412	392	2.0	39.2
Query_539733	XM_009189984.4	100.000	21	0	0	1	21	412	392	2.0	39.2
Query_539733	XM_019037287.2	100.000	21	0	0	1	21	372	352	2.0	39.2
Query_539733	XM_030930251.1	100.000	21	0	0	1	21	373	353	2.0	39.2
Query_539733	XM_010378845.2	100.000	21	0	0	1	21	396	376	2.0	39.2
Query_539733	XM_030930243.1	100.000	21	0	0	1	21	396	376	2.0	39.2
Query_539733	XM_012502075.2	100.000	21	0	0	1	21	368	348	2.0	39.2
Query_539733	XM_015120156.2	100.000	21	0	0	1	21	367	347	2.0	39.2
Query_539733	XM_015120144.2	100.000	21	0	0	1	21	401	381	2.0	39.2
Query_539733	XM_015120123.2	100.000	21	0	0	1	21	401	381	2.0	39.2
Query_539733	XM_026456675.1	100.000	21	0	0	1	21	388	368	2.0	39.2
Query_539733	XM_023186848.2	100.000	21	0	0	1	21	388	368	2.0	39.2
Query_539733	XM_023186846.2	100.000	21	0	0	1	21	388	368	2.0	39.2
Query_539733	XM_023186844.2	100.000	21	0	0	1	21	388	368	2.0	39.2
Query_539733	XM_025391108.1	100.000	21	0	0	1	21	372	352	2.0	39.2
Query_539733	XM_025391104.1	100.000	21	0	0	1	21	368	348	2.0	39.2
Query_539733	NM_014176.4	100.000	21	0	0	1	21	339	319	2.0	39.2
Query_539733	XM_011746666.2	100.000	21	0	0	1	21	367	347	2.0	39.2
Query_539733	XM_011746665.2	100.000	21	0	0	1	21	738	718	2.0	39.2
Query_539733	XM_011746664.2	100.000	21	0	0	1	21	610	590	2.0	39.2
Query_539733	XM_011746662.2	100.000	21	0	0	1	21	392	372	2.0	39.2
Query_539733	XM_009440790.2	100.000	21	0	0	1	21	388	368	2.0	39.2
Query_539733	XM_024350983.1	100.000	21	0	0	1	21	708	688	2.0	39.2
Query_539733	XM_514102.6	100.000	21	0	0	1	21	399	379	2.0	39.2
Query_539733	XM_024239242.1	100.000	21	0	0	1	21	737	717	2.0	39.2
Query_539733	XM_002809603.4	100.000	21	0	0	1	21	384	364	2.0	39.2
Query_539733	XM_023186847.1	100.000	21	0	0	1	21	388	368	2.0	39.2
Query_539733	XM_003893291.3	100.000	21	0	0	1	21	412	392	2.0	39.2
Query_539733	XM_012744454.2	100.000	21	0	0	1	21	452	432	2.0	39.2
Query_539733	LT735351.1	100.000	21	0	0	1	21	720	700	2.0	39.2
Query_539733	XM_004028164.2	100.000	21	0	0	1	21	368	348	2.0	39.2
Query_539733	XM_009189991.2	100.000	21	0	0	1	21	367	347	2.0	39.2
Query_539733	XM_017896496.1	100.000	21	0	0	1	21	368	348	2.0	39.2
Query_539733	XM_017896495.1	100.000	21	0	0	1	21	410	390	2.0	39.2
Query_539733	XM_017896494.1	100.000	21	0	0	1	21	410	390	2.0	39.2
Query_539733	XM_017896493.1	100.000	21	0	0	1	21	410	390	2.0	39.2
Query_539733	XM_017896491.1	100.000	21	0	0	1	21	241	221	2.0	39.2
Query_539733	XR_001890023.1	100.000	21	0	0	1	21	410	390	2.0	39.2
Query_539733	XM_017896490.1	100.000	21	0	0	1	21	531	511	2.0	39.2
Query_539733	XM_017896489.1	100.000	21	0	0	1	21	410	390	2.0	39.2
Query_539733	XM_015448187.1	100.000	21	0	0	1	21	367	347	2.0	39.2
Query_539733	XM_015448182.1	100.000	21	0	0	1	21	404	384	2.0	39.2
Query_539733	XM_015448175.1	100.000	21	0	0	1	21	404	384	2.0	39.2
Query_539733	XM_005540454.2	100.000	21	0	0	1	21	404	384	2.0	39.2
Query_539733	XM_005540453.2	100.000	21	0	0	1	21	338	318	2.0	39.2
Query_539733	XM_005540452.2	100.000	21	0	0	1	21	734	714	2.0	39.2
Query_539733	XM_005540451.2	100.000	21	0	0	1	21	600	580	2.0	39.2
Query_539733	XM_005540450.2	100.000	21	0	0	1	21	404	384	2.0	39.2
Query_539733	NG_042230.1	100.000	21	0	0	1	21	13465	13445	2.0	39.2
Query_539733	XM_003792267.2	100.000	21	0	0	1	21	281	261	2.0	39.2
Query_539733	XM_012655909.1	100.000	21	0	0	1	21	233	213	2.0	39.2
Query_539733	XM_012459475.1	100.000	21	0	0	1	21	379	359	2.0	39.2
Query_539733	XM_012459474.1	100.000	21	0	0	1	21	379	359	2.0	39.2
Query_539733	XM_011931764.1	100.000	21	0	0	1	21	368	348	2.0	39.2
Query_539733	XM_011746661.1	100.000	21	0	0	1	21	392	372	2.0	39.2
Query_539733	XM_012037510.1	100.000	21	0	0	1	21	326	306	2.0	39.2
Query_539733	XM_012037503.1	100.000	21	0	0	1	21	310	290	2.0	39.2
Query_539733	XM_012037497.1	100.000	21	0	0	1	21	494	474	2.0	39.2
Query_539733	XM_012037489.1	100.000	21	0	0	1	21	763	743	2.0	39.2
Query_539733	XM_012037480.1	100.000	21	0	0	1	21	376	356	2.0	39.2
Query_539733	XM_012037472.1	100.000	21	0	0	1	21	376	356	2.0	39.2
Query_539733	XM_011990525.1	100.000	21	0	0	1	21	331	311	2.0	39.2
Query_539733	XM_011990523.1	100.000	21	0	0	1	21	368	348	2.0	39.2
Query_539733	XM_003938286.2	100.000	21	0	0	1	21	368	348	2.0	39.2
Query_539733	KJ893680.1	100.000	21	0	0	1	21	298	278	2.0	39.2
Query_539733	XM_007988939.2	100.000	21	0	0	1	21	338	318	2.0	39.2
Query_539733	XM_037985742.1	100.000	21	0	0	1	21	688	668	2.0	39.2
Query_539733	XM_007988937.2	100.000	21	0	0	1	21	404	384	2.0	39.2
Query_539733	XM_007988936.2	100.000	21	0	0	1	21	403	383	2.0	39.2
Query_539733	XM_017520112.2	100.000	21	0	0	1	21	359	339	2.0	39.2
Query_539733	XM_037727245.1	100.000	21	0	0	1	21	328	308	2.0	39.2
Query_539733	NM_001310326.2	100.000	21	0	0	1	21	343	323	2.0	39.2
Query_539733	XM_035280890.1	100.000	21	0	0	1	21	695	675	2.0	39.2
Query_539733	XM_035280892.1	100.000	21	0	0	1	21	409	389	2.0	39.2
Query_539733	XM_002760652.4	100.000	21	0	0	1	21	386	366	2.0	39.2
Query_539733	CU678593.1	100.000	21	0	0	1	21	380	400	2.0	39.2
Query_539733	CU678592.1	100.000	21	0	0	1	21	249	229	2.0	39.2
Query_539733	DQ895975.2	100.000	21	0	0	1	21	255	235	2.0	39.2
Query_539733	DQ892729.2	100.000	21	0	0	1	21	255	235	2.0	39.2
Query_539733	BC019284.1	100.000	21	0	0	1	21	331	311	2.0	39.2
Query_539733	AL356953.17	100.000	21	0	0	1	21	150521	150541	2.0	39.2
Query_539733	BC004152.2	100.000	21	0	0	1	21	331	311	2.0	39.2
Query_539733	AF160215.1	100.000	21	0	0	1	21	326	306	2.0	39.2
Query_539733	AK000504.1	100.000	21	0	0	1	21	324	304	2.0	39.2
Query_539733	AF161499.1	100.000	21	0	0	1	21	359	339	2.0	39.2


