# blastn
# Iteration: 0
# Query: 
# RID: 8YTJWEHJ013
# Database: nt
# Fields: query acc.ver, subject acc.ver, % identity, alignment length, mismatches, gap opens, q. start, q. end, s. start, s. end, evalue, bit score
# 100 hits found
Query_37833	XM_041066147.1	100.000	21	0	0	1	21	145	125	2.1	39.2
Query_37833	XR_005885303.1	100.000	21	0	0	1	21	146	126	2.1	39.2
Query_37833	XM_040994300.1	100.000	21	0	0	1	21	204	184	2.1	39.2
Query_37833	XM_040994291.1	100.000	21	0	0	1	21	170	150	2.1	39.2
Query_37833	XM_040741411.1	100.000	21	0	0	1	21	227	207	2.1	39.2
Query_37833	XR_001465440.3	100.000	21	0	0	1	21	259	239	2.1	39.2
Query_37833	XR_001465439.3	100.000	21	0	0	1	21	415	395	2.1	39.2
Query_37833	XM_015282784.3	100.000	21	0	0	1	21	415	395	2.1	39.2
Query_37833	XM_008710808.2	100.000	21	0	0	1	21	250	230	2.1	39.2
Query_37833	XM_008710807.2	100.000	21	0	0	1	21	249	229	2.1	39.2
Query_37833	XM_040625540.1	100.000	21	0	0	1	21	251	231	2.1	39.2
Query_37833	XR_005833614.1	100.000	21	0	0	1	21	251	231	2.1	39.2
Query_37833	XM_040625539.1	100.000	21	0	0	1	21	251	231	2.1	39.2
Query_37833	XM_040546030.1	100.000	21	0	0	1	21	226	206	2.1	39.2
Query_37833	XM_040487575.1	100.000	21	0	0	1	21	208	188	2.1	39.2
Query_37833	XM_040293935.1	100.000	21	0	0	1	21	187	167	2.1	39.2
Query_37833	XM_005335831.3	100.000	21	0	0	1	21	215	195	2.1	39.2
Query_37833	XM_040262050.1	100.000	21	0	0	1	21	208	188	2.1	39.2
Query_37833	XM_040127255.1	100.000	21	0	0	1	21	333	313	2.1	39.2
Query_37833	XM_040127254.1	100.000	21	0	0	1	21	198	178	2.1	39.2
Query_37833	XM_040127253.1	100.000	21	0	0	1	21	197	177	2.1	39.2
Query_37833	XR_005701571.1	100.000	21	0	0	1	21	166	146	2.1	39.2
Query_37833	XM_040068808.1	100.000	21	0	0	1	21	195	175	2.1	39.2
Query_37833	XM_040068806.1	100.000	21	0	0	1	21	165	145	2.1	39.2
Query_37833	XM_039841888.1	100.000	21	0	0	1	21	226	206	2.1	39.2
Query_37833	XM_039841887.1	100.000	21	0	0	1	21	227	207	2.1	39.2
Query_37833	XM_039841886.1	100.000	21	0	0	1	21	299	279	2.1	39.2
Query_37833	XM_039841885.1	100.000	21	0	0	1	21	381	361	2.1	39.2
Query_37833	XM_039841884.1	100.000	21	0	0	1	21	337	317	2.1	39.2
Query_37833	XM_039841883.1	100.000	21	0	0	1	21	239	219	2.1	39.2
Query_37833	XM_039841882.1	100.000	21	0	0	1	21	227	207	2.1	39.2
Query_37833	XR_005626829.1	100.000	21	0	0	1	21	172	152	2.1	39.2
Query_37833	XM_039702821.1	100.000	21	0	0	1	21	172	152	2.1	39.2
Query_37833	XR_005626828.1	100.000	21	0	0	1	21	172	152	2.1	39.2
Query_37833	XR_005626827.1	100.000	21	0	0	1	21	172	152	2.1	39.2
Query_37833	XM_039702820.1	100.000	21	0	0	1	21	171	151	2.1	39.2
Query_37833	XM_039702819.1	100.000	21	0	0	1	21	528	508	2.1	39.2
Query_37833	XM_039702818.1	100.000	21	0	0	1	21	129	109	2.1	39.2
Query_37833	XM_039702817.1	100.000	21	0	0	1	21	172	152	2.1	39.2
Query_37833	XM_039571522.1	100.000	21	0	0	1	21	201	181	2.1	39.2
Query_37833	XM_039571520.1	100.000	21	0	0	1	21	148	128	2.1	39.2
Query_37833	XM_039571516.1	100.000	21	0	0	1	21	151	131	2.1	39.2
Query_37833	XM_003940686.2	100.000	21	0	0	1	21	209	189	2.1	39.2
Query_37833	XM_039379837.1	100.000	21	0	0	1	21	159	139	2.1	39.2
Query_37833	XM_039379836.1	100.000	21	0	0	1	21	191	171	2.1	39.2
Query_37833	XM_039379835.1	100.000	21	0	0	1	21	206	186	2.1	39.2
Query_37833	XM_027722050.2	100.000	21	0	0	1	21	206	186	2.1	39.2
Query_37833	XM_039238384.1	100.000	21	0	0	1	21	124	104	2.1	39.2
Query_37833	XM_039238383.1	100.000	21	0	0	1	21	208	188	2.1	39.2
Query_37833	XR_005462119.1	100.000	21	0	0	1	21	192	172	2.1	39.2
Query_37833	XR_005462118.1	100.000	21	0	0	1	21	192	172	2.1	39.2
Query_37833	XM_038809626.1	100.000	21	0	0	1	21	245	225	2.1	39.2
Query_37833	XM_038809625.1	100.000	21	0	0	1	21	192	172	2.1	39.2
Query_37833	XM_038809624.1	100.000	21	0	0	1	21	192	172	2.1	39.2
Query_37833	XM_038809623.1	100.000	21	0	0	1	21	192	172	2.1	39.2
Query_37833	XM_038809622.1	100.000	21	0	0	1	21	192	172	2.1	39.2
Query_37833	XM_038727249.1	100.000	21	0	0	1	21	214	194	2.1	39.2
Query_37833	XM_027452359.2	100.000	21	0	0	1	21	246	226	2.1	39.2
Query_37833	XR_005255694.1	100.000	21	0	0	1	21	174	154	2.1	39.2
Query_37833	XM_038126984.1	100.000	21	0	0	1	21	50	30	2.1	39.2
Query_37833	XM_038126983.1	100.000	21	0	0	1	21	174	154	2.1	39.2
Query_37833	XM_038126982.1	100.000	21	0	0	1	21	136	116	2.1	39.2
Query_37833	XM_038126981.1	100.000	21	0	0	1	21	175	155	2.1	39.2
Query_37833	XM_008000897.2	100.000	21	0	0	1	21	256	236	2.1	39.2
Query_37833	XM_038000381.1	100.000	21	0	0	1	21	307	287	2.1	39.2
Query_37833	XM_008000899.2	100.000	21	0	0	1	21	229	209	2.1	39.2
Query_37833	XM_037735437.1	100.000	21	0	0	1	21	162	142	2.1	39.2
Query_37833	XM_017520170.2	100.000	21	0	0	1	21	202	182	2.1	39.2
Query_37833	XM_017520171.2	100.000	21	0	0	1	21	209	189	2.1	39.2
Query_37833	XM_037505287.1	100.000	21	0	0	1	21	490	470	2.1	39.2
Query_37833	XM_037505278.1	100.000	21	0	0	1	21	222	202	2.1	39.2
Query_37833	XM_037505272.1	100.000	21	0	0	1	21	209	189	2.1	39.2
Query_37833	XM_037150958.1	100.000	21	0	0	1	21	195	175	2.1	39.2
Query_37833	XM_037150957.1	100.000	21	0	0	1	21	195	175	2.1	39.2
Query_37833	XM_037150956.1	100.000	21	0	0	1	21	195	175	2.1	39.2
Query_37833	XM_037150954.1	100.000	21	0	0	1	21	364	344	2.1	39.2
Query_37833	XM_037150953.1	100.000	21	0	0	1	21	1044	1024	2.1	39.2
Query_37833	XM_037150952.1	100.000	21	0	0	1	21	228	208	2.1	39.2
Query_37833	XM_037150950.1	100.000	21	0	0	1	21	195	175	2.1	39.2
Query_37833	XM_037039732.1	100.000	21	0	0	1	21	242	222	2.1	39.2
Query_37833	XM_037039731.1	100.000	21	0	0	1	21	223	203	2.1	39.2
Query_37833	XM_037039730.1	100.000	21	0	0	1	21	223	203	2.1	39.2
Query_37833	XM_037039729.1	100.000	21	0	0	1	21	223	203	2.1	39.2
Query_37833	XM_037039728.1	100.000	21	0	0	1	21	223	203	2.1	39.2
Query_37833	XM_037039727.1	100.000	21	0	0	1	21	223	203	2.1	39.2
Query_37833	XM_036997962.1	100.000	21	0	0	1	21	252	232	2.1	39.2
Query_37833	XM_036997961.1	100.000	21	0	0	1	21	214	194	2.1	39.2
Query_37833	XM_036887525.1	100.000	21	0	0	1	21	252	232	2.1	39.2
Query_37833	XM_036887524.1	100.000	21	0	0	1	21	211	191	2.1	39.2
Query_37833	XM_036437154.1	100.000	21	0	0	1	21	214	194	2.1	39.2
Query_37833	XM_036401219.1	100.000	21	0	0	1	21	152	132	2.1	39.2
Query_37833	XM_036338550.1	100.000	21	0	0	1	21	190	170	2.1	39.2
Query_37833	XM_036338549.1	100.000	21	0	0	1	21	190	170	2.1	39.2
Query_37833	XM_036338548.1	100.000	21	0	0	1	21	190	170	2.1	39.2
Query_37833	XM_036338547.1	100.000	21	0	0	1	21	190	170	2.1	39.2
Query_37833	XM_036263809.1	100.000	21	0	0	1	21	209	189	2.1	39.2
Query_37833	XR_004954568.1	100.000	21	0	0	1	21	1682	1662	2.1	39.2
Query_37833	XM_016153703.2	100.000	21	0	0	1	21	209	189	2.1	39.2
Query_37833	XM_016153702.2	100.000	21	0	0	1	21	208	188	2.1	39.2
Query_37833	XM_036065339.1	100.000	21	0	0	1	21	223	203	2.1	39.2


