# blastn
# Iteration: 0
# Query: 
# RID: 7PKP78YJ016
# Database: nt
# Fields: query acc.ver, subject acc.ver, % identity, alignment length, mismatches, gap opens, q. start, q. end, s. start, s. end, evalue, bit score
# 100 hits found
Query_51793	XM_034948809.1	100.000	21	0	0	1	21	472	452	2.1	39.2
Query_51793	XM_034948808.1	100.000	21	0	0	1	21	997	977	2.1	39.2
Query_51793	XM_003807746.2	100.000	21	0	0	1	21	493	473	2.1	39.2
Query_51793	XM_034937214.1	100.000	21	0	0	1	21	418	398	2.1	39.2
Query_51793	XM_034936518.1	100.000	21	0	0	1	21	1559	1539	2.1	39.2
Query_51793	XM_034936517.1	100.000	21	0	0	1	21	1372	1352	2.1	39.2
Query_51793	XM_033234103.1	100.000	21	0	0	1	21	477	457	2.1	39.2
Query_51793	XM_033234102.1	100.000	21	0	0	1	21	573	553	2.1	39.2
Query_51793	XM_033236163.1	100.000	21	0	0	1	21	416	396	2.1	39.2
Query_51793	XM_032138715.1	100.000	21	0	0	1	21	567	547	2.1	39.2
Query_51793	XM_023188654.2	100.000	21	0	0	1	21	615	595	2.1	39.2
Query_51793	XM_031656471.1	100.000	21	0	0	1	21	307	287	2.1	39.2
Query_51793	XM_003905270.4	100.000	21	0	0	1	21	469	449	2.1	39.2
Query_51793	XM_004063094.2	100.000	21	0	0	1	21	448	428	2.1	39.2
Query_51793	XM_031001374.1	100.000	21	0	0	1	21	1333	1313	2.1	39.2
Query_51793	XM_010367085.2	100.000	21	0	0	1	21	279	259	2.1	39.2
Query_51793	XM_030922320.1	100.000	21	0	0	1	21	1334	1314	2.1	39.2
Query_51793	XR_747840.2	100.000	21	0	0	1	21	400	380	2.1	39.2
Query_51793	XM_030914868.1	100.000	21	0	0	1	21	367	347	2.1	39.2
Query_51793	XM_010381786.2	100.000	21	0	0	1	21	430	410	2.1	39.2
Query_51793	XM_030912894.1	100.000	21	0	0	1	21	385	365	2.1	39.2
Query_51793	XM_010357714.2	100.000	21	0	0	1	21	403	383	2.1	39.2
Query_51793	XM_004088742.3	100.000	21	0	0	1	21	267	247	2.1	39.2
Query_51793	XM_030815897.1	100.000	21	0	0	1	21	567	547	2.1	39.2
Query_51793	XM_030808853.1	100.000	21	0	0	1	21	348	328	2.1	39.2
Query_51793	NR_046082.2	100.000	21	0	0	1	21	1012	992	2.1	39.2
Query_51793	NR_028436.3	100.000	21	0	0	1	21	515	495	2.1	39.2
Query_51793	NM_003347.4	100.000	21	0	0	1	21	406	386	2.1	39.2
Query_51793	NM_001355247.2	100.000	21	0	0	1	21	1338	1318	2.1	39.2
Query_51793	XR_092204.3	100.000	21	0	0	1	21	391	371	2.1	39.2
Query_51793	XM_028837637.1	100.000	21	0	0	1	21	603	583	2.1	39.2
Query_51793	XM_015149750.2	100.000	21	0	0	1	21	483	463	2.1	39.2
Query_51793	AC279127.1	100.000	21	0	0	1	21	74247	74227	2.1	39.2
Query_51793	XM_023197943.2	100.000	21	0	0	1	21	549	529	2.1	39.2
Query_51793	XM_023208665.2	100.000	21	0	0	1	21	413	393	2.1	39.2
Query_51793	XR_003613089.1	100.000	21	0	0	1	21	397	377	2.1	39.2
Query_51793	CP034522.1	100.000	21	0	0	1	21	9825547	9825527	2.1	39.2
Query_51793	CP034516.1	100.000	21	0	0	1	21	11982502	11982482	2.1	39.2
Query_51793	CP034501.1	100.000	21	0	0	1	21	5925868	5925848	2.1	39.2
Query_51793	CP034497.1	100.000	21	0	0	1	21	9825547	9825527	2.1	39.2
Query_51793	CP034492.1	100.000	21	0	0	1	21	36696309	36696289	2.1	39.2
Query_51793	CP034491.1	100.000	21	0	0	1	21	11982502	11982482	2.1	39.2
Query_51793	XM_025364486.1	100.000	21	0	0	1	21	279	259	2.1	39.2
Query_51793	XM_025364485.1	100.000	21	0	0	1	21	446	426	2.1	39.2
Query_51793	XR_003121448.1	100.000	21	0	0	1	21	175	155	2.1	39.2
Query_51793	XM_016939782.2	100.000	21	0	0	1	21	477	457	2.1	39.2
Query_51793	XM_016939781.2	100.000	21	0	0	1	21	986	966	2.1	39.2
Query_51793	XM_016939780.2	100.000	21	0	0	1	21	573	553	2.1	39.2
Query_51793	XR_002939290.1	100.000	21	0	0	1	21	397	377	2.1	39.2
Query_51793	XR_002939130.1	100.000	21	0	0	1	21	999	979	2.1	39.2
Query_51793	XM_006099506.3	100.000	21	0	0	1	21	490	470	2.1	39.2
Query_51793	XM_006099505.3	100.000	21	0	0	1	21	1150	1130	2.1	39.2
Query_51793	XM_023646792.1	100.000	21	0	0	1	21	320	300	2.1	39.2
Query_51793	XM_023646791.1	100.000	21	0	0	1	21	534	514	2.1	39.2
Query_51793	XM_023646790.1	100.000	21	0	0	1	21	449	429	2.1	39.2
Query_51793	XM_001490059.6	100.000	21	0	0	1	21	412	392	2.1	39.2
Query_51793	BC053368.2	100.000	21	0	0	1	21	397	377	2.1	39.2
Query_51793	XM_017882566.1	100.000	21	0	0	1	21	477	457	2.1	39.2
Query_51793	XM_017882565.1	100.000	21	0	0	1	21	437	417	2.1	39.2
Query_51793	XM_017882564.1	100.000	21	0	0	1	21	421	401	2.1	39.2
Query_51793	XM_017882563.1	100.000	21	0	0	1	21	573	553	2.1	39.2
Query_51793	XR_001884129.1	100.000	21	0	0	1	21	381	361	2.1	39.2
Query_51793	XM_005594100.2	100.000	21	0	0	1	21	401	381	2.1	39.2
Query_51793	XR_001486306.1	100.000	21	0	0	1	21	607	587	2.1	39.2
Query_51793	XR_001491380.1	100.000	21	0	0	1	21	382	362	2.1	39.2
Query_51793	XM_014868064.1	100.000	21	0	0	1	21	307	287	2.1	39.2
Query_51793	XM_014868063.1	100.000	21	0	0	1	21	424	404	2.1	39.2
Query_51793	XM_014868062.1	100.000	21	0	0	1	21	414	394	2.1	39.2
Query_51793	XM_014796727.1	100.000	21	0	0	1	21	315	295	2.1	39.2
Query_51793	XM_004442382.2	100.000	21	0	0	1	21	411	391	2.1	39.2
Query_51793	XM_014796726.1	100.000	21	0	0	1	21	414	394	2.1	39.2
Query_51793	XM_014465014.1	100.000	21	0	0	1	21	477	457	2.1	39.2
Query_51793	XM_011739751.1	100.000	21	0	0	1	21	567	547	2.1	39.2
Query_51793	XM_012087327.1	100.000	21	0	0	1	21	567	547	2.1	39.2
Query_51793	XM_011928925.1	100.000	21	0	0	1	21	279	259	2.1	39.2
Query_51793	XM_011928924.1	100.000	21	0	0	1	21	397	377	2.1	39.2
Query_51793	XM_011967822.1	100.000	21	0	0	1	21	279	259	2.1	39.2
Query_51793	XM_011967821.1	100.000	21	0	0	1	21	401	381	2.1	39.2
Query_51793	XR_001015841.1	100.000	21	0	0	1	21	615	595	2.1	39.2
Query_51793	XM_011947316.1	100.000	21	0	0	1	21	306	286	2.1	39.2
Query_51793	XM_011947315.1	100.000	21	0	0	1	21	512	492	2.1	39.2
Query_51793	XM_011947314.1	100.000	21	0	0	1	21	573	553	2.1	39.2
Query_51793	XM_011946926.1	100.000	21	0	0	1	21	279	259	2.1	39.2
Query_51793	XM_011946925.1	100.000	21	0	0	1	21	413	393	2.1	39.2
Query_51793	XM_011987340.1	100.000	21	0	0	1	21	549	529	2.1	39.2
Query_51793	CP068259.1	100.000	21	0	0	1	21	9901006	9900986	2.1	39.2
Query_51793	CP068256.1	100.000	21	0	0	1	21	22063831	22063811	2.1	39.2
Query_51793	XM_007974919.2	100.000	21	0	0	1	21	568	548	2.1	39.2
Query_51793	XM_037986854.1	100.000	21	0	0	1	21	600	580	2.1	39.2
Query_51793	XM_036449778.1	100.000	21	0	0	1	21	355	335	2.1	39.2
Query_51793	XM_036449777.1	100.000	21	0	0	1	21	489	469	2.1	39.2
Query_51793	XM_036449776.1	100.000	21	0	0	1	21	494	474	2.1	39.2
Query_51793	XM_036449775.1	100.000	21	0	0	1	21	555	535	2.1	39.2
Query_51793	XM_036436159.1	100.000	21	0	0	1	21	375	355	2.1	39.2
Query_51793	XM_036307826.1	100.000	21	0	0	1	21	379	359	2.1	39.2
Query_51793	AP023482.1	100.000	21	0	0	1	21	17288348	17288328	2.1	39.2
Query_51793	AP023479.1	100.000	21	0	0	1	21	9660901	9660881	2.1	39.2
Query_51793	NM_001256356.2	100.000	21	0	0	1	21	310	290	2.1	39.2
Query_51793	LR862375.1	100.000	21	0	0	1	21	8115492	8115512	2.1	39.2
Query_51793	XM_035302434.1	100.000	21	0	0	1	21	535	515	2.1	39.2


