# blastn
# Iteration: 0
# Query: 
# RID: 9R253EF0013
# Database: nt
# Fields: query acc.ver, subject acc.ver, % identity, alignment length, mismatches, gap opens, q. start, q. end, s. start, s. end, evalue, bit score
# 19 hits found
Query_9003	XM_032915907.1	100.000	21	0	0	1	21	726	706	2.1	39.2
Query_9003	XM_021210658.2	100.000	21	0	0	1	21	716	696	2.1	39.2
Query_9003	XM_005365945.3	100.000	21	0	0	1	21	700	680	2.1	39.2
Query_9003	XM_021630388.1	100.000	21	0	0	1	21	714	694	2.1	39.2
Query_9003	XM_006985601.2	100.000	21	0	0	1	21	723	703	2.1	39.2
Query_9003	XM_005068842.4	100.000	21	0	0	1	21	716	696	2.1	39.2
Query_9003	XM_038339243.1	100.000	21	0	0	1	21	733	713	2.1	39.2
Query_9003	XM_028882342.2	100.000	21	0	0	1	21	730	710	2.1	39.2
Query_9003	LR877197.1	100.000	21	0	0	1	21	31003617	31003637	2.1	39.2
Query_9003	FQ214550.1	100.000	21	0	0	1	21	685	665	2.1	39.2
Query_9003	FQ216757.1	100.000	21	0	0	1	21	685	665	2.1	39.2
Query_9003	FQ213111.1	100.000	21	0	0	1	21	686	666	2.1	39.2
Query_9003	FQ225334.1	100.000	21	0	0	1	21	686	666	2.1	39.2
Query_9003	FQ228750.1	100.000	21	0	0	1	21	685	665	2.1	39.2
Query_9003	FQ213948.1	100.000	21	0	0	1	21	373	353	2.1	39.2
Query_9003	DQ736343.1	100.000	21	0	0	1	21	23	3	2.1	39.2
Query_9003	DQ606238.1	100.000	21	0	0	1	21	23	3	2.1	39.2
Query_9003	NM_001009264.1	100.000	21	0	0	1	21	665	645	2.1	39.2
Query_9003	LR877233.1	100.000	20	0	0	1	20	28302409	28302428	7.5	37.4


