# blastn
# Iteration: 0
# Query: 
# RID: 6UHMH438013
# Database: nt
# Fields: query acc.ver, subject acc.ver, % identity, alignment length, mismatches, gap opens, q. start, q. end, s. start, s. end, evalue, bit score
# 77 hits found
Query_8855	XM_034958465.1	100.000	21	0	0	1	21	415	395	2.1	39.2
Query_8855	XM_034958464.1	100.000	21	0	0	1	21	526	506	2.1	39.2
Query_8855	XM_032273987.1	100.000	21	0	0	1	21	423	403	2.1	39.2
Query_8855	XM_032273986.1	100.000	21	0	0	1	21	604	584	2.1	39.2
Query_8855	XM_032273985.1	100.000	21	0	0	1	21	604	584	2.1	39.2
Query_8855	XM_032136191.1	100.000	21	0	0	1	21	608	588	2.1	39.2
Query_8855	XM_031664650.1	100.000	21	0	0	1	21	191	171	2.1	39.2
Query_8855	XM_021938381.2	100.000	21	0	0	1	21	415	395	2.1	39.2
Query_8855	XM_021938380.2	100.000	21	0	0	1	21	604	584	2.1	39.2
Query_8855	XM_003898597.4	100.000	21	0	0	1	21	604	584	2.1	39.2
Query_8855	XM_019025601.2	100.000	21	0	0	1	21	139	119	2.1	39.2
Query_8855	XM_004038573.3	100.000	21	0	0	1	21	604	584	2.1	39.2
Query_8855	XM_030800871.1	100.000	21	0	0	1	21	608	588	2.1	39.2
Query_8855	NM_001312647.2	100.000	21	0	0	1	21	426	406	2.1	39.2
Query_8855	NM_001111112.2	100.000	21	0	0	1	21	514	494	2.1	39.2
Query_8855	NM_001312648.2	100.000	21	0	0	1	21	420	400	2.1	39.2
Query_8855	NM_001111113.2	100.000	21	0	0	1	21	361	341	2.1	39.2
Query_8855	XM_028848016.1	100.000	21	0	0	1	21	507	487	2.1	39.2
Query_8855	XM_015138162.2	100.000	21	0	0	1	21	604	584	2.1	39.2
Query_8855	NM_005339.5	100.000	21	0	0	1	21	514	494	2.1	39.2
Query_8855	XM_025385140.1	100.000	21	0	0	1	21	86	66	2.1	39.2
Query_8855	XM_025385138.1	100.000	21	0	0	1	21	128	108	2.1	39.2
Query_8855	XM_025385137.1	100.000	21	0	0	1	21	512	492	2.1	39.2
Query_8855	XM_025385136.1	100.000	21	0	0	1	21	518	498	2.1	39.2
Query_8855	XM_025385134.1	100.000	21	0	0	1	21	453	433	2.1	39.2
Query_8855	XM_025385133.1	100.000	21	0	0	1	21	609	589	2.1	39.2
Query_8855	XM_025385132.1	100.000	21	0	0	1	21	609	589	2.1	39.2
Query_8855	XM_011751348.2	100.000	21	0	0	1	21	604	584	2.1	39.2
Query_8855	XM_016950973.2	100.000	21	0	0	1	21	508	488	2.1	39.2
Query_8855	XM_009447486.3	100.000	21	0	0	1	21	449	429	2.1	39.2
Query_8855	XM_009447485.3	100.000	21	0	0	1	21	605	585	2.1	39.2
Query_8855	XM_024245916.1	100.000	21	0	0	1	21	512	492	2.1	39.2
Query_8855	XM_002814684.3	100.000	21	0	0	1	21	609	589	2.1	39.2
Query_8855	XM_012474955.2	100.000	21	0	0	1	21	609	589	2.1	39.2
Query_8855	LT735837.1	100.000	21	0	0	1	21	809	789	2.1	39.2
Query_8855	XM_015450067.1	100.000	21	0	0	1	21	507	487	2.1	39.2
Query_8855	XM_015450066.1	100.000	21	0	0	1	21	513	493	2.1	39.2
Query_8855	XM_004579146.2	100.000	21	0	0	1	21	358	338	2.1	39.2
Query_8855	XM_004579144.2	100.000	21	0	0	1	21	557	537	2.1	39.2
Query_8855	XM_012057902.1	100.000	21	0	0	1	21	604	584	2.1	39.2
Query_8855	XM_012057901.1	100.000	21	0	0	1	21	604	584	2.1	39.2
Query_8855	XM_011983567.1	100.000	21	0	0	1	21	453	433	2.1	39.2
Query_8855	XM_011983565.1	100.000	21	0	0	1	21	609	589	2.1	39.2
Query_8855	XM_011983564.1	100.000	21	0	0	1	21	609	589	2.1	39.2
Query_8855	KJ891343.1	100.000	21	0	0	1	21	387	367	2.1	39.2
Query_8855	XM_003940989.2	100.000	21	0	0	1	21	401	381	2.1	39.2
Query_8855	XM_039468204.1	100.000	21	0	0	1	21	420	400	2.1	39.2
Query_8855	NM_001260841.2	100.000	21	0	0	1	21	371	351	2.1	39.2
Query_8855	XR_001826530.2	100.000	21	0	0	1	21	473	453	2.1	39.2
Query_8855	XM_017527248.2	100.000	21	0	0	1	21	417	397	2.1	39.2
Query_8855	XM_017527247.2	100.000	21	0	0	1	21	604	584	2.1	39.2
Query_8855	XM_017527245.2	100.000	21	0	0	1	21	604	584	2.1	39.2
Query_8855	XM_036496828.1	100.000	21	0	0	1	21	265	245	2.1	39.2
Query_8855	XM_036496827.1	100.000	21	0	0	1	21	437	417	2.1	39.2
Query_8855	XM_004579145.3	100.000	21	0	0	1	21	496	476	2.1	39.2
Query_8855	XM_035293866.1	100.000	21	0	0	1	21	214	194	2.1	39.2
Query_8855	XM_017970616.2	100.000	21	0	0	1	21	618	598	2.1	39.2
Query_8855	XM_035293865.1	100.000	21	0	0	1	21	576	556	2.1	39.2
Query_8855	XM_008993465.3	100.000	21	0	0	1	21	726	706	2.1	39.2
Query_8855	XM_035293864.1	100.000	21	0	0	1	21	319	299	2.1	39.2
Query_8855	XM_002745900.5	100.000	21	0	0	1	21	711	691	2.1	39.2
Query_8855	AB527742.1	100.000	21	0	0	1	21	331	311	2.1	39.2
Query_8855	CU690733.1	100.000	21	0	0	1	21	297	317	2.1	39.2
Query_8855	CU690732.1	100.000	21	0	0	1	21	338	318	2.1	39.2
Query_8855	EU446896.1	100.000	21	0	0	1	21	344	324	2.1	39.2
Query_8855	AK315524.1	100.000	21	0	0	1	21	532	512	2.1	39.2
Query_8855	AK307130.1	100.000	21	0	0	1	21	417	397	2.1	39.2
Query_8855	AK291454.1	100.000	21	0	0	1	21	358	338	2.1	39.2
Query_8855	NM_001283819.1	100.000	21	0	0	1	21	529	509	2.1	39.2
Query_8855	BC022804.1	100.000	21	0	0	1	21	482	462	2.1	39.2
Query_8855	AK093533.1	100.000	21	0	0	1	21	427	407	2.1	39.2
Query_8855	AC105287.5	100.000	21	0	0	1	21	24189	24169	2.1	39.2
Query_8855	BC050600.1	100.000	21	0	0	1	21	460	440	2.1	39.2
Query_8855	AB022436.1	100.000	21	0	0	1	21	255	235	2.1	39.2
Query_8855	AB022435.1	100.000	21	0	0	1	21	408	388	2.1	39.2
Query_8855	U58522.1	100.000	21	0	0	1	21	325	305	2.1	39.2
Query_8855	XR_004273278.1	100.000	20	0	0	1	20	503	484	7.2	37.4


