# blastn
# Iteration: 0
# Query: 
# RID: 7J0ZE2NY013
# Database: nt
# Fields: query acc.ver, subject acc.ver, % identity, alignment length, mismatches, gap opens, q. start, q. end, s. start, s. end, evalue, bit score
# 100 hits found
Query_4241	XM_003809056.3	100.000	21	0	0	1	21	524	504	2.1	39.2
Query_4241	XM_034958960.1	100.000	21	0	0	1	21	364	344	2.1	39.2
Query_4241	XM_014344701.2	100.000	21	0	0	1	21	621	601	2.1	39.2
Query_4241	XM_014344702.2	100.000	21	0	0	1	21	464	444	2.1	39.2
Query_4241	XM_008955337.2	100.000	21	0	0	1	21	673	653	2.1	39.2
Query_4241	XM_003829959.3	100.000	21	0	0	1	21	802	782	2.1	39.2
Query_4241	XM_008955336.2	100.000	21	0	0	1	21	599	579	2.1	39.2
Query_4241	XM_034958959.1	100.000	21	0	0	1	21	335	315	2.1	39.2
Query_4241	XM_034958958.1	100.000	21	0	0	1	21	469	449	2.1	39.2
Query_4241	XM_003832734.3	100.000	21	0	0	1	21	553	533	2.1	39.2
Query_4241	CP046208.1	100.000	21	0	0	1	21	321171	321151	2.1	39.2
Query_4241	CP046210.1	100.000	21	0	0	1	21	322622	322602	2.1	39.2
Query_4241	CP046216.1	100.000	21	0	0	1	21	344440	344420	2.1	39.2
Query_4241	CP046224.1	100.000	21	0	0	1	21	362106	362086	2.1	39.2
Query_4241	CP046226.1	100.000	21	0	0	1	21	360538	360518	2.1	39.2
Query_4241	CP046228.1	100.000	21	0	0	1	21	347697	347677	2.1	39.2
Query_4241	CP046230.1	100.000	21	0	0	1	21	359224	359204	2.1	39.2
Query_4241	CP046232.1	100.000	21	0	0	1	21	358148	358128	2.1	39.2
Query_4241	XM_033214894.1	100.000	21	0	0	1	21	641	621	2.1	39.2
Query_4241	XM_033214893.1	100.000	21	0	0	1	21	673	653	2.1	39.2
Query_4241	XM_033214892.1	100.000	21	0	0	1	21	801	781	2.1	39.2
Query_4241	XM_033214891.1	100.000	21	0	0	1	21	860	840	2.1	39.2
Query_4241	CP048744.1	100.000	21	0	0	1	21	41086	41066	2.1	39.2
Query_4241	LR761647.1	100.000	21	0	0	1	21	16053661	16053641	2.1	39.2
Query_4241	XM_032261601.1	100.000	21	0	0	1	21	775	755	2.1	39.2
Query_4241	XM_032261600.1	100.000	21	0	0	1	21	658	638	2.1	39.2
Query_4241	XM_032261599.1	100.000	21	0	0	1	21	861	841	2.1	39.2
Query_4241	XM_032261598.1	100.000	21	0	0	1	21	694	674	2.1	39.2
Query_4241	XM_032261597.1	100.000	21	0	0	1	21	627	607	2.1	39.2
Query_4241	XM_032261596.1	100.000	21	0	0	1	21	861	841	2.1	39.2
Query_4241	XR_004273200.1	100.000	21	0	0	1	21	341	321	2.1	39.2
Query_4241	XM_032291362.1	100.000	21	0	0	1	21	532	512	2.1	39.2
Query_4241	XR_004248757.1	100.000	21	0	0	1	21	625	605	2.1	39.2
Query_4241	XM_032176745.1	100.000	21	0	0	1	21	515	495	2.1	39.2
Query_4241	XM_032176665.1	100.000	21	0	0	1	21	798	778	2.1	39.2
Query_4241	XM_032176578.1	100.000	21	0	0	1	21	677	657	2.1	39.2
Query_4241	XM_032176491.1	100.000	21	0	0	1	21	875	855	2.1	39.2
Query_4241	XM_023220113.3	100.000	21	0	0	1	21	641	621	2.1	39.2
Query_4241	XM_023220111.2	100.000	21	0	0	1	21	673	653	2.1	39.2
Query_4241	XM_023220110.2	100.000	21	0	0	1	21	801	781	2.1	39.2
Query_4241	XM_023220109.3	100.000	21	0	0	1	21	985	965	2.1	39.2
Query_4241	XM_023220108.2	100.000	21	0	0	1	21	608	588	2.1	39.2
Query_4241	XM_017958908.3	100.000	21	0	0	1	21	468	448	2.1	39.2
Query_4241	XM_017958907.3	100.000	21	0	0	1	21	315	295	2.1	39.2
Query_4241	XM_003899032.5	100.000	21	0	0	1	21	552	532	2.1	39.2
Query_4241	XM_003899027.5	100.000	21	0	0	1	21	673	653	2.1	39.2
Query_4241	XM_003899028.4	100.000	21	0	0	1	21	801	781	2.1	39.2
Query_4241	XM_031664399.1	100.000	21	0	0	1	21	1009	989	2.1	39.2
Query_4241	XM_003899026.4	100.000	21	0	0	1	21	608	588	2.1	39.2
Query_4241	XM_009207276.4	100.000	21	0	0	1	21	552	532	2.1	39.2
Query_4241	XM_009207275.4	100.000	21	0	0	1	21	626	606	2.1	39.2
Query_4241	XM_009207273.4	100.000	21	0	0	1	21	627	607	2.1	39.2
Query_4241	XM_009207274.3	100.000	21	0	0	1	21	753	733	2.1	39.2
Query_4241	XM_017958905.3	100.000	21	0	0	1	21	760	740	2.1	39.2
Query_4241	XM_031664398.1	100.000	21	0	0	1	21	738	718	2.1	39.2
Query_4241	XM_031664397.1	100.000	21	0	0	1	21	759	739	2.1	39.2
Query_4241	XM_009207272.4	100.000	21	0	0	1	21	608	588	2.1	39.2
Query_4241	XM_021938677.2	100.000	21	0	0	1	21	6284	6264	2.1	39.2
Query_4241	XM_021938676.2	100.000	21	0	0	1	21	7181	7161	2.1	39.2
Query_4241	XM_019025187.2	100.000	21	0	0	1	21	937	917	2.1	39.2
Query_4241	XM_010363327.2	100.000	21	0	0	1	21	673	653	2.1	39.2
Query_4241	XM_010363328.2	100.000	21	0	0	1	21	801	781	2.1	39.2
Query_4241	XM_003929504.3	100.000	21	0	0	1	21	673	653	2.1	39.2
Query_4241	XM_003929505.3	100.000	21	0	0	1	21	800	780	2.1	39.2
Query_4241	XM_003929502.3	100.000	21	0	0	1	21	608	588	2.1	39.2
Query_4241	XM_010340110.2	100.000	21	0	0	1	21	673	653	2.1	39.2
Query_4241	XM_010340111.2	100.000	21	0	0	1	21	800	780	2.1	39.2
Query_4241	XM_010340109.2	100.000	21	0	0	1	21	608	588	2.1	39.2
Query_4241	XM_037990392.1	100.000	21	0	0	1	21	781	761	2.1	39.2
Query_4241	XM_037990386.1	100.000	21	0	0	1	21	621	601	2.1	39.2
Query_4241	XM_037990381.1	100.000	21	0	0	1	21	461	441	2.1	39.2
Query_4241	XM_007999423.2	100.000	21	0	0	1	21	678	658	2.1	39.2
Query_4241	XM_037990373.1	100.000	21	0	0	1	21	676	656	2.1	39.2
Query_4241	XM_037990369.1	100.000	21	0	0	1	21	765	745	2.1	39.2
Query_4241	XM_037990364.1	100.000	21	0	0	1	21	939	919	2.1	39.2
Query_4241	XM_007999419.2	100.000	21	0	0	1	21	781	761	2.1	39.2
Query_4241	XM_007999418.2	100.000	21	0	0	1	21	859	839	2.1	39.2
Query_4241	XM_017508657.2	100.000	21	0	0	1	21	673	653	2.1	39.2
Query_4241	XM_017508656.2	100.000	21	0	0	1	21	803	783	2.1	39.2
Query_4241	XM_017508655.2	100.000	21	0	0	1	21	577	557	2.1	39.2
Query_4241	XM_017508652.2	100.000	21	0	0	1	21	565	545	2.1	39.2
Query_4241	XM_017508651.2	100.000	21	0	0	1	21	754	734	2.1	39.2
Query_4241	XM_017508650.2	100.000	21	0	0	1	21	873	853	2.1	39.2
Query_4241	XR_001825684.2	100.000	21	0	0	1	21	514	494	2.1	39.2
Query_4241	NM_181892.4	100.000	21	0	0	1	21	664	644	2.1	39.2
Query_4241	NM_181890.3	100.000	21	0	0	1	21	623	603	2.1	39.2
Query_4241	NM_001300795.2	100.000	21	0	0	1	21	494	474	2.1	39.2
Query_4241	NM_181893.3	100.000	21	0	0	1	21	471	451	2.1	39.2
Query_4241	NM_181887.3	100.000	21	0	0	1	21	775	755	2.1	39.2
Query_4241	XM_035293229.1	100.000	21	0	0	1	21	294	274	2.1	39.2
Query_4241	XM_008992914.3	100.000	21	0	0	1	21	549	529	2.1	39.2
Query_4241	XM_035293228.1	100.000	21	0	0	1	21	624	604	2.1	39.2
Query_4241	XM_002745541.4	100.000	21	0	0	1	21	673	653	2.1	39.2
Query_4241	XM_003732460.4	100.000	21	0	0	1	21	815	795	2.1	39.2
Query_4241	XM_002745539.4	100.000	21	0	0	1	21	608	588	2.1	39.2
Query_4241	XM_035293227.1	100.000	21	0	0	1	21	625	605	2.1	39.2
Query_4241	XM_035293226.1	100.000	21	0	0	1	21	466	446	2.1	39.2
Query_4241	XM_008992910.3	100.000	21	0	0	1	21	676	656	2.1	39.2
Query_4241	XM_008992912.3	100.000	21	0	0	1	21	731	711	2.1	39.2
Query_4241	XM_008992909.3	100.000	21	0	0	1	21	580	560	2.1	39.2


