# blastn
# Iteration: 0
# Query: 
# RID: 72J3MAWA016
# Database: nt
# Fields: query acc.ver, subject acc.ver, % identity, alignment length, mismatches, gap opens, q. start, q. end, s. start, s. end, evalue, bit score
# 100 hits found
Query_21213	XM_035027437.1	100.000	21	0	0	1	21	569	549	2.1	39.2
Query_21213	XM_003828171.2	100.000	21	0	0	1	21	399	379	2.1	39.2
Query_21213	AP023165.1	100.000	21	0	0	1	21	44115103	44115123	2.1	39.2
Query_21213	XM_019800199.2	100.000	21	0	0	1	21	352	332	2.1	39.2
Query_21213	CP050593.1	100.000	21	0	0	1	21	19169175	19169155	2.1	39.2
Query_21213	CP050635.1	100.000	21	0	0	1	21	19173091	19173071	2.1	39.2
Query_21213	XM_033088999.1	100.000	21	0	0	1	21	424	404	2.1	39.2
Query_21213	XM_032849084.1	100.000	21	0	0	1	21	435	415	2.1	39.2
Query_21213	XM_032617599.1	100.000	21	0	0	1	21	386	366	2.1	39.2
Query_21213	XM_032457288.1	100.000	21	0	0	1	21	452	432	2.1	39.2
Query_21213	XM_032396643.1	100.000	21	0	0	1	21	355	335	2.1	39.2
Query_21213	XM_032322824.1	100.000	21	0	0	1	21	935	915	2.1	39.2
Query_21213	XM_032279486.1	100.000	21	0	0	1	21	2497	2477	2.1	39.2
Query_21213	XM_032163779.1	100.000	21	0	0	1	21	399	379	2.1	39.2
Query_21213	LR738418.1	100.000	21	0	0	1	21	19057039	19057019	2.1	39.2
Query_21213	XM_006217479.2	100.000	21	0	0	1	21	436	416	2.1	39.2
Query_21213	XM_031469764.1	100.000	21	0	0	1	21	455	435	2.1	39.2
Query_21213	XM_004041540.3	100.000	21	0	0	1	21	399	379	2.1	39.2
Query_21213	XM_003270772.2	100.000	21	0	0	1	21	399	379	2.1	39.2
Query_21213	XM_022565170.2	100.000	21	0	0	1	21	596	576	2.1	39.2
Query_21213	XM_030294706.1	100.000	21	0	0	1	21	352	332	2.1	39.2
Query_21213	XM_029926925.1	100.000	21	0	0	1	21	383	363	2.1	39.2
Query_21213	XM_029212625.1	100.000	21	0	0	1	21	386	366	2.1	39.2
Query_21213	AY358627.2	100.000	21	0	0	1	21	388	368	2.1	39.2
Query_21213	XM_007127969.2	100.000	21	0	0	1	21	392	372	2.1	39.2
Query_21213	NM_025237.3	100.000	21	0	0	1	21	405	385	2.1	39.2
Query_21213	XM_027048934.1	100.000	21	0	0	1	21	2933	2913	2.1	39.2
Query_21213	XM_026512270.1	100.000	21	0	0	1	21	355	335	2.1	39.2
Query_21213	XM_028092719.1	100.000	21	0	0	1	21	355	335	2.1	39.2
Query_21213	XM_015098809.2	100.000	21	0	0	1	21	462	442	2.1	39.2
Query_21213	XM_006167396.2	100.000	21	0	0	1	21	397	377	2.1	39.2
Query_21213	CP034495.1	100.000	21	0	0	1	21	41832997	41833017	2.1	39.2
Query_21213	XM_027517099.1	100.000	21	0	0	1	21	1266	1246	2.1	39.2
Query_21213	XM_025986939.1	100.000	21	0	0	1	21	509	489	2.1	39.2
Query_21213	XM_025917641.1	100.000	21	0	0	1	21	352	332	2.1	39.2
Query_21213	XM_025861720.1	100.000	21	0	0	1	21	355	335	2.1	39.2
Query_21213	XM_006046841.2	100.000	21	0	0	1	21	1184	1164	2.1	39.2
Query_21213	NM_001166514.2	100.000	21	0	0	1	21	393	373	2.1	39.2
Query_21213	XM_024761226.1	100.000	21	0	0	1	21	352	332	2.1	39.2
Query_21213	XM_001153653.5	100.000	21	0	0	1	21	502	482	2.1	39.2
Query_21213	CP027087.1	100.000	21	0	0	1	21	43504655	43504675	2.1	39.2
Query_21213	XM_002827467.3	100.000	21	0	0	1	21	396	376	2.1	39.2
Query_21213	XM_001917501.5	100.000	21	0	0	1	21	2639	2619	2.1	39.2
Query_21213	XM_004468011.2	100.000	21	0	0	1	21	363	343	2.1	39.2
Query_21213	XM_003414277.2	100.000	21	0	0	1	21	675	655	2.1	39.2
Query_21213	XM_003786295.3	100.000	21	0	0	1	21	355	335	2.1	39.2
Query_21213	XM_011289261.3	100.000	21	0	0	1	21	3326	3306	2.1	39.2
Query_21213	XM_022519797.1	100.000	21	0	0	1	21	355	335	2.1	39.2
Query_21213	XM_021712656.1	100.000	21	0	0	1	21	371	351	2.1	39.2
Query_21213	XM_021681649.1	100.000	21	0	0	1	21	355	335	2.1	39.2
Query_21213	XM_004859825.2	100.000	21	0	0	1	21	382	362	2.1	39.2
Query_21213	XM_005070072.3	100.000	21	0	0	1	21	378	358	2.1	39.2
Query_21213	XM_003131361.3	100.000	21	0	0	1	21	721	701	2.1	39.2
Query_21213	XM_020888973.1	100.000	21	0	0	1	21	352	332	2.1	39.2
Query_21213	LT735545.1	100.000	21	0	0	1	21	842	822	2.1	39.2
Query_21213	XM_019981332.1	100.000	21	0	0	1	21	1183	1163	2.1	39.2
Query_21213	XM_019665562.1	100.000	21	0	0	1	21	434	414	2.1	39.2
Query_21213	XM_019434924.1	100.000	21	0	0	1	21	2930	2910	2.1	39.2
Query_21213	XM_002719425.3	100.000	21	0	0	1	21	587	567	2.1	39.2
Query_21213	XM_014849316.1	100.000	21	0	0	1	21	955	935	2.1	39.2
Query_21213	XM_004432532.2	100.000	21	0	0	1	21	914	894	2.1	39.2
Query_21213	XM_005394641.2	100.000	21	0	0	1	21	378	358	2.1	39.2
Query_21213	XM_004772592.2	100.000	21	0	0	1	21	908	888	2.1	39.2
Query_21213	XM_012786643.1	100.000	21	0	0	1	21	653	633	2.1	39.2
Query_21213	XM_012659081.1	100.000	21	0	0	1	21	395	375	2.1	39.2
Query_21213	XM_012443855.1	100.000	21	0	0	1	21	396	376	2.1	39.2
Query_21213	XM_008542409.1	100.000	21	0	0	1	21	955	935	2.1	39.2
Query_21213	KJ893769.1	100.000	21	0	0	1	21	423	403	2.1	39.2
Query_21213	XM_007955201.1	100.000	21	0	0	1	21	355	335	2.1	39.2
Query_21213	XM_007455080.1	100.000	21	0	0	1	21	372	352	2.1	39.2
Query_21213	XM_007180240.1	100.000	21	0	0	1	21	352	332	2.1	39.2
Query_21213	XM_006970625.1	100.000	21	0	0	1	21	378	358	2.1	39.2
Query_21213	XM_006738798.1	100.000	21	0	0	1	21	371	351	2.1	39.2
Query_21213	XM_005907664.1	100.000	21	0	0	1	21	372	352	2.1	39.2
Query_21213	XM_005369147.1	100.000	21	0	0	1	21	355	335	2.1	39.2
Query_21213	XM_004620979.1	100.000	21	0	0	1	21	355	335	2.1	39.2
Query_21213	XM_004597329.1	100.000	21	0	0	1	21	355	335	2.1	39.2
Query_21213	XM_040497706.1	100.000	21	0	0	1	21	2899	2879	2.1	39.2
Query_21213	XM_040245214.1	100.000	21	0	0	1	21	542	522	2.1	39.2
Query_21213	XM_004407287.1	100.000	21	0	0	1	21	371	351	2.1	39.2
Query_21213	XM_004374320.1	100.000	21	0	0	1	21	371	351	2.1	39.2
Query_21213	HG994394.1	100.000	21	0	0	1	21	41713842	41713862	2.1	39.2
Query_21213	XM_003943647.2	100.000	21	0	0	1	21	399	379	2.1	39.2
Query_21213	CP068261.1	100.000	21	0	0	1	21	44608478	44608498	2.1	39.2
Query_21213	XM_038675186.1	100.000	21	0	0	1	21	551	531	2.1	39.2
Query_21213	XM_548071.7	100.000	21	0	0	1	21	551	531	2.1	39.2
Query_21213	XM_038384603.1	100.000	21	0	0	1	21	476	456	2.1	39.2
Query_21213	XM_037886547.1	100.000	21	0	0	1	21	548	528	2.1	39.2
Query_21213	XM_017516182.2	100.000	21	0	0	1	21	2191	2171	2.1	39.2
Query_21213	XM_028882528.2	100.000	21	0	0	1	21	580	560	2.1	39.2
Query_21213	XM_036883228.1	100.000	21	0	0	1	21	2912	2892	2.1	39.2
Query_21213	XM_036837604.1	100.000	21	0	0	1	21	386	366	2.1	39.2
Query_21213	XM_036451266.1	100.000	21	0	0	1	21	427	407	2.1	39.2
Query_21213	AP023477.1	100.000	21	0	0	1	21	41451668	41451688	2.1	39.2
Query_21213	XM_036197445.1	100.000	21	0	0	1	21	355	335	2.1	39.2
Query_21213	XM_036071304.1	100.000	21	0	0	1	21	566	546	2.1	39.2
Query_21213	XM_025440522.2	100.000	21	0	0	1	21	551	531	2.1	39.2
Query_21213	XM_027567789.2	100.000	21	0	0	1	21	363	343	2.1	39.2
Query_21213	LR862372.1	100.000	21	0	0	1	21	34624583	34624603	2.1	39.2
Query_21213	XM_035303470.1	100.000	21	0	0	1	21	435	415	2.1	39.2


