# blastn
# Iteration: 0
# Query: 
# RID: 7J85H32Y016
# Database: nt
# Fields: query acc.ver, subject acc.ver, % identity, alignment length, mismatches, gap opens, q. start, q. end, s. start, s. end, evalue, bit score
# 100 hits found
Query_30411	XM_034986442.1	100.000	21	0	0	1	21	362	342	2.1	39.2
Query_30411	XM_034945734.1	100.000	21	0	0	1	21	285	265	2.1	39.2
Query_30411	AP023166.1	100.000	21	0	0	1	21	5449944	5449964	2.1	39.2
Query_30411	XM_033844831.1	100.000	21	0	0	1	21	574	554	2.1	39.2
Query_30411	XM_004283250.2	100.000	21	0	0	1	21	574	554	2.1	39.2
Query_30411	XM_033224775.1	100.000	21	0	0	1	21	630	610	2.1	39.2
Query_30411	XM_033127806.1	100.000	21	0	0	1	21	565	545	2.1	39.2
Query_30411	XM_032847714.1	100.000	21	0	0	1	21	108	88	2.1	39.2
Query_30411	XM_032614966.1	100.000	21	0	0	1	21	574	554	2.1	39.2
Query_30411	XM_032487481.1	100.000	21	0	0	1	21	574	554	2.1	39.2
Query_30411	XM_032388640.1	100.000	21	0	0	1	21	703	683	2.1	39.2
Query_30411	XM_032324808.1	100.000	21	0	0	1	21	514	494	2.1	39.2
Query_30411	XM_032171460.1	100.000	21	0	0	1	21	345	325	2.1	39.2
Query_30411	LR738419.1	100.000	21	0	0	1	21	60208429	60208449	2.1	39.2
Query_30411	XM_031964148.1	100.000	21	0	0	1	21	585	565	2.1	39.2
Query_30411	XM_023197562.3	100.000	21	0	0	1	21	626	606	2.1	39.2
Query_30411	NM_001194143.2	100.000	21	0	0	1	21	708	688	2.1	39.2
Query_30411	XM_031659367.1	100.000	21	0	0	1	21	699	679	2.1	39.2
Query_30411	XM_010989212.2	100.000	21	0	0	1	21	567	547	2.1	39.2
Query_30411	XM_006747778.2	100.000	21	0	0	1	21	603	583	2.1	39.2
Query_30411	XM_004061618.3	100.000	21	0	0	1	21	637	617	2.1	39.2
Query_30411	XR_002003000.2	100.000	21	0	0	1	21	221	201	2.1	39.2
Query_30411	XM_010361181.2	100.000	21	0	0	1	21	604	584	2.1	39.2
Query_30411	XM_030848376.1	100.000	21	0	0	1	21	574	554	2.1	39.2
Query_30411	XM_030819428.1	100.000	21	0	0	1	21	933	913	2.1	39.2
Query_30411	XM_022564888.2	100.000	21	0	0	1	21	595	575	2.1	39.2
Query_30411	XM_030297580.1	100.000	21	0	0	1	21	120	100	2.1	39.2
Query_30411	XM_029926448.1	100.000	21	0	0	1	21	98	78	2.1	39.2
Query_30411	XM_029240889.1	100.000	21	0	0	1	21	637	617	2.1	39.2
Query_30411	NM_003969.4	100.000	21	0	0	1	21	288	268	2.1	39.2
Query_30411	XM_007123110.3	100.000	21	0	0	1	21	629	609	2.1	39.2
Query_30411	XM_027097413.1	100.000	21	0	0	1	21	637	617	2.1	39.2
Query_30411	XM_027037588.1	100.000	21	0	0	1	21	148	128	2.1	39.2
Query_30411	XM_026489448.1	100.000	21	0	0	1	21	115	95	2.1	39.2
Query_30411	XM_008161091.2	100.000	21	0	0	1	21	97	77	2.1	39.2
Query_30411	XM_028138389.1	100.000	21	0	0	1	21	97	77	2.1	39.2
Query_30411	XM_028093366.1	100.000	21	0	0	1	21	317	297	2.1	39.2
Query_30411	XM_027978947.1	100.000	21	0	0	1	21	107	87	2.1	39.2
Query_30411	XM_027978945.1	100.000	21	0	0	1	21	107	87	2.1	39.2
Query_30411	XM_027859172.1	100.000	21	0	0	1	21	105	85	2.1	39.2
Query_30411	CP034522.1	100.000	21	0	0	1	21	59009691	59009711	2.1	39.2
Query_30411	CP034497.1	100.000	21	0	0	1	21	59009691	59009711	2.1	39.2
Query_30411	XM_027619724.1	100.000	21	0	0	1	21	317	297	2.1	39.2
Query_30411	XM_027514594.1	100.000	21	0	0	1	21	621	601	2.1	39.2
Query_30411	XM_025849383.1	100.000	21	0	0	1	21	317	297	2.1	39.2
Query_30411	XM_025848705.1	100.000	21	0	0	1	21	317	297	2.1	39.2
Query_30411	XM_025367066.1	100.000	21	0	0	1	21	900	880	2.1	39.2
Query_30411	XM_025367065.1	100.000	21	0	0	1	21	900	880	2.1	39.2
Query_30411	XM_025270420.1	100.000	21	0	0	1	21	162	142	2.1	39.2
Query_30411	XM_006067295.2	100.000	21	0	0	1	21	144	124	2.1	39.2
Query_30411	XM_015458446.2	100.000	21	0	0	1	21	621	601	2.1	39.2
Query_30411	XM_011751675.2	100.000	21	0	0	1	21	709	689	2.1	39.2
Query_30411	XM_024740917.1	100.000	21	0	0	1	21	58	38	2.1	39.2
Query_30411	XM_024570231.1	100.000	21	0	0	1	21	103	83	2.1	39.2
Query_30411	XM_016937020.2	100.000	21	0	0	1	21	743	723	2.1	39.2
Query_30411	XM_024237018.1	100.000	21	0	0	1	21	653	633	2.1	39.2
Query_30411	XM_001495644.6	100.000	21	0	0	1	21	635	615	2.1	39.2
Query_30411	XM_011384637.2	100.000	21	0	0	1	21	622	602	2.1	39.2
Query_30411	XM_004472716.3	100.000	21	0	0	1	21	178	158	2.1	39.2
Query_30411	XM_023245780.1	100.000	21	0	0	1	21	139	119	2.1	39.2
Query_30411	XM_022492304.1	100.000	21	0	0	1	21	317	297	2.1	39.2
Query_30411	XM_022492267.1	100.000	21	0	0	1	21	156	136	2.1	39.2
Query_30411	XM_021708408.1	100.000	21	0	0	1	21	355	335	2.1	39.2
Query_30411	XM_021691852.1	100.000	21	0	0	1	21	661	641	2.1	39.2
Query_30411	XM_021691850.1	100.000	21	0	0	1	21	660	640	2.1	39.2
Query_30411	XM_021097419.1	100.000	21	0	0	1	21	494	474	2.1	39.2
Query_30411	XM_020971922.1	100.000	21	0	0	1	21	137	117	2.1	39.2
Query_30411	XM_012752406.2	100.000	21	0	0	1	21	686	666	2.1	39.2
Query_30411	LT735850.1	100.000	21	0	0	1	21	545	525	2.1	39.2
Query_30411	XM_019978166.1	100.000	21	0	0	1	21	107	87	2.1	39.2
Query_30411	XM_019633350.1	100.000	21	0	0	1	21	654	634	2.1	39.2
Query_30411	XM_019438696.1	100.000	21	0	0	1	21	561	541	2.1	39.2
Query_30411	XM_019438694.1	100.000	21	0	0	1	21	561	541	2.1	39.2
Query_30411	XM_018063555.1	100.000	21	0	0	1	21	623	603	2.1	39.2
Query_30411	XM_017850506.1	100.000	21	0	0	1	21	638	618	2.1	39.2
Query_30411	XM_002721900.3	100.000	21	0	0	1	21	591	571	2.1	39.2
Query_30411	XM_040465311.1	100.000	21	0	0	1	21	141	121	2.1	39.2
Query_30411	XM_040251830.1	100.000	21	0	0	1	21	579	559	2.1	39.2
Query_30411	XM_040251829.1	100.000	21	0	0	1	21	579	559	2.1	39.2
Query_30411	XM_039868785.1	100.000	21	0	0	1	21	618	598	2.1	39.2
Query_30411	XM_039225255.1	100.000	21	0	0	1	21	608	588	2.1	39.2
Query_30411	CP068259.1	100.000	21	0	0	1	21	61655998	61656018	2.1	39.2
Query_30411	XM_038655543.1	100.000	21	0	0	1	21	603	583	2.1	39.2
Query_30411	XM_541337.6	100.000	21	0	0	1	21	603	583	2.1	39.2
Query_30411	XM_007998466.2	100.000	21	0	0	1	21	812	792	2.1	39.2
Query_30411	XM_037517301.1	100.000	21	0	0	1	21	160	140	2.1	39.2
Query_30411	XM_037148485.1	100.000	21	0	0	1	21	236	216	2.1	39.2
Query_30411	XM_037047667.1	100.000	21	0	0	1	21	154	134	2.1	39.2
Query_30411	XM_017678136.2	100.000	21	0	0	1	21	104	84	2.1	39.2
Query_30411	XM_036901378.1	100.000	21	0	0	1	21	1098	1078	2.1	39.2
Query_30411	XM_036833162.1	100.000	21	0	0	1	21	577	557	2.1	39.2
Query_30411	XM_036743213.1	100.000	21	0	0	1	21	560	540	2.1	39.2
Query_30411	XM_036426083.1	100.000	21	0	0	1	21	266	246	2.1	39.2
Query_30411	XM_036311451.1	100.000	21	0	0	1	21	616	596	2.1	39.2
Query_30411	XM_036273895.1	100.000	21	0	0	1	21	266	246	2.1	39.2
Query_30411	XM_016125757.2	100.000	21	0	0	1	21	293	273	2.1	39.2
Query_30411	AP023479.1	100.000	21	0	0	1	21	59041131	59041151	2.1	39.2
Query_30411	XM_036079788.1	100.000	21	0	0	1	21	317	297	2.1	39.2
Query_30411	XM_028530497.2	100.000	21	0	0	1	21	200	180	2.1	39.2
Query_30411	XM_025421358.2	100.000	21	0	0	1	21	131	111	2.1	39.2


