# blastn
# Iteration: 0
# Query: 
# RID: 6ZX7X0KG016
# Database: nt
# Fields: query acc.ver, subject acc.ver, % identity, alignment length, mismatches, gap opens, q. start, q. end, s. start, s. end, evalue, bit score
# 100 hits found
Query_3879	XM_034505798.1	100.000	21	0	0	1	21	1249	1229	2.1	39.2
Query_3879	XM_034505797.1	100.000	21	0	0	1	21	1420	1400	2.1	39.2
Query_3879	XM_034505796.1	100.000	21	0	0	1	21	1526	1506	2.1	39.2
Query_3879	XM_017998587.2	100.000	21	0	0	1	21	1190	1170	2.1	39.2
Query_3879	XR_001915511.2	100.000	21	0	0	1	21	1191	1171	2.1	39.2
Query_3879	XM_017998586.2	100.000	21	0	0	1	21	2179	2159	2.1	39.2
Query_3879	XM_017998584.2	100.000	21	0	0	1	21	1519	1499	2.1	39.2
Query_3879	XM_017998582.2	100.000	21	0	0	1	21	1488	1468	2.1	39.2
Query_3879	XM_017998581.2	100.000	21	0	0	1	21	1185	1165	2.1	39.2
Query_3879	XM_017998580.2	100.000	21	0	0	1	21	1197	1177	2.1	39.2
Query_3879	XM_017998579.2	100.000	21	0	0	1	21	1218	1198	2.1	39.2
Query_3879	XM_017998574.2	100.000	21	0	0	1	21	2185	2165	2.1	39.2
Query_3879	XM_017998572.2	100.000	21	0	0	1	21	1490	1470	2.1	39.2
Query_3879	XM_032913110.1	100.000	21	0	0	1	21	1512	1492	2.1	39.2
Query_3879	XM_032913109.1	100.000	21	0	0	1	21	1375	1355	2.1	39.2
Query_3879	XR_001449476.2	100.000	21	0	0	1	21	1445	1425	2.1	39.2
Query_3879	XR_004364030.1	100.000	21	0	0	1	21	1445	1425	2.1	39.2
Query_3879	XR_001449477.2	100.000	21	0	0	1	21	1301	1281	2.1	39.2
Query_3879	XR_004364029.1	100.000	21	0	0	1	21	1313	1293	2.1	39.2
Query_3879	XR_004364028.1	100.000	21	0	0	1	21	1825	1805	2.1	39.2
Query_3879	XR_004364027.1	100.000	21	0	0	1	21	1825	1805	2.1	39.2
Query_3879	XR_004364026.1	100.000	21	0	0	1	21	1825	1805	2.1	39.2
Query_3879	XM_002003843.3	100.000	21	0	0	1	21	1454	1434	2.1	39.2
Query_3879	XM_032729403.1	100.000	21	0	0	1	21	1280	1260	2.1	39.2
Query_3879	XM_032729402.1	100.000	21	0	0	1	21	1822	1802	2.1	39.2
Query_3879	XM_015165913.2	100.000	21	0	0	1	21	1684	1664	2.1	39.2
Query_3879	XM_015165910.2	100.000	21	0	0	1	21	1446	1426	2.1	39.2
Query_3879	XM_032729401.1	100.000	21	0	0	1	21	1744	1724	2.1	39.2
Query_3879	XM_015165912.2	100.000	21	0	0	1	21	1501	1481	2.1	39.2
Query_3879	XM_015165916.2	100.000	21	0	0	1	21	1313	1293	2.1	39.2
Query_3879	XM_032729400.1	100.000	21	0	0	1	21	1752	1732	2.1	39.2
Query_3879	XM_032729399.1	100.000	21	0	0	1	21	1764	1744	2.1	39.2
Query_3879	XM_032729398.1	100.000	21	0	0	1	21	1770	1750	2.1	39.2
Query_3879	XM_032729397.1	100.000	21	0	0	1	21	1782	1762	2.1	39.2
Query_3879	XM_032729396.1	100.000	21	0	0	1	21	1786	1766	2.1	39.2
Query_3879	XM_032729395.1	100.000	21	0	0	1	21	1791	1771	2.1	39.2
Query_3879	XM_032729394.1	100.000	21	0	0	1	21	1804	1784	2.1	39.2
Query_3879	XM_032729393.1	100.000	21	0	0	1	21	1803	1783	2.1	39.2
Query_3879	XM_032729392.1	100.000	21	0	0	1	21	1825	1805	2.1	39.2
Query_3879	XM_031351268.1	100.000	21	0	0	1	21	1592	1572	2.1	39.2
Query_3879	XM_031351267.1	100.000	21	0	0	1	21	1378	1358	2.1	39.2
Query_3879	XM_031351266.1	100.000	21	0	0	1	21	2504	2484	2.1	39.2
Query_3879	XM_031351265.1	100.000	21	0	0	1	21	1415	1395	2.1	39.2
Query_3879	XM_031351263.1	100.000	21	0	0	1	21	1231	1211	2.1	39.2
Query_3879	XM_031351262.1	100.000	21	0	0	1	21	1550	1530	2.1	39.2
Query_3879	XM_030384215.1	100.000	21	0	0	1	21	1332	1312	2.1	39.2
Query_3879	XR_003980182.1	100.000	21	0	0	1	21	1332	1312	2.1	39.2
Query_3879	XM_030384214.1	100.000	21	0	0	1	21	1366	1346	2.1	39.2
Query_3879	XR_003980181.1	100.000	21	0	0	1	21	1377	1357	2.1	39.2
Query_3879	XM_030384213.1	100.000	21	0	0	1	21	1363	1343	2.1	39.2
Query_3879	XR_003980180.1	100.000	21	0	0	1	21	1363	1343	2.1	39.2
Query_3879	XR_003980179.1	100.000	21	0	0	1	21	1363	1343	2.1	39.2
Query_3879	XM_030384212.1	100.000	21	0	0	1	21	1340	1320	2.1	39.2
Query_3879	XM_030384211.1	100.000	21	0	0	1	21	1344	1324	2.1	39.2
Query_3879	XM_030384210.1	100.000	21	0	0	1	21	1361	1341	2.1	39.2
Query_3879	XM_030384209.1	100.000	21	0	0	1	21	1335	1315	2.1	39.2
Query_3879	XM_030384208.1	100.000	21	0	0	1	21	1341	1321	2.1	39.2
Query_3879	XM_030384207.1	100.000	21	0	0	1	21	1390	1370	2.1	39.2
Query_3879	XM_030384206.1	100.000	21	0	0	1	21	1379	1359	2.1	39.2
Query_3879	XM_030384205.1	100.000	21	0	0	1	21	1292	1272	2.1	39.2
Query_3879	XM_030384204.1	100.000	21	0	0	1	21	1401	1381	2.1	39.2
Query_3879	XM_030384203.1	100.000	21	0	0	1	21	1304	1284	2.1	39.2
Query_3879	XM_030384202.1	100.000	21	0	0	1	21	1310	1290	2.1	39.2
Query_3879	XM_030384201.1	100.000	21	0	0	1	21	1322	1302	2.1	39.2
Query_3879	XM_030384200.1	100.000	21	0	0	1	21	1326	1306	2.1	39.2
Query_3879	XM_030384199.1	100.000	21	0	0	1	21	1331	1311	2.1	39.2
Query_3879	XM_030384198.1	100.000	21	0	0	1	21	1344	1324	2.1	39.2
Query_3879	XM_030384197.1	100.000	21	0	0	1	21	1342	1322	2.1	39.2
Query_3879	XM_030384196.1	100.000	21	0	0	1	21	1365	1345	2.1	39.2
Query_3879	XM_030245499.1	100.000	21	0	0	1	21	1256	1236	2.1	39.2
Query_3879	XM_030223304.1	100.000	21	0	0	1	21	1540	1520	2.1	39.2
Query_3879	XR_003944170.1	100.000	21	0	0	1	21	1531	1511	2.1	39.2
Query_3879	XR_003944169.1	100.000	21	0	0	1	21	1531	1511	2.1	39.2
Query_3879	XR_003944168.1	100.000	21	0	0	1	21	2153	2133	2.1	39.2
Query_3879	XR_003944167.1	100.000	21	0	0	1	21	2165	2145	2.1	39.2
Query_3879	XR_003944166.1	100.000	21	0	0	1	21	1737	1717	2.1	39.2
Query_3879	NM_017346.2	100.000	21	0	0	1	21	1384	1364	2.1	39.2
Query_3879	XM_039086662.1	100.000	21	0	0	1	21	608	588	2.1	39.2
Query_3879	XM_006247411.4	100.000	21	0	0	1	21	1312	1292	2.1	39.2
Query_3879	XM_006247410.3	100.000	21	0	0	1	21	1313	1293	2.1	39.2
Query_3879	XM_006247409.4	100.000	21	0	0	1	21	1534	1514	2.1	39.2
Query_3879	XM_038325355.1	100.000	21	0	0	1	21	1465	1445	2.1	39.2
Query_3879	XM_037200617.1	100.000	21	0	0	1	21	1690	1670	2.1	39.2
Query_3879	XM_037200616.1	100.000	21	0	0	1	21	1694	1674	2.1	39.2
Query_3879	XM_028889454.2	100.000	21	0	0	1	21	1389	1369	2.1	39.2
Query_3879	XM_037200615.1	100.000	21	0	0	1	21	1758	1738	2.1	39.2
Query_3879	XM_028889457.2	100.000	21	0	0	1	21	1525	1505	2.1	39.2
Query_3879	XM_036195897.1	100.000	21	0	0	1	21	1520	1500	2.1	39.2
Query_3879	XM_036195896.1	100.000	21	0	0	1	21	1652	1632	2.1	39.2
Query_3879	XM_036195895.1	100.000	21	0	0	1	21	1385	1365	2.1	39.2
Query_3879	XM_030245500.2	100.000	21	0	0	1	21	1380	1360	2.1	39.2
Query_3879	XM_036156255.1	100.000	21	0	0	1	21	2557	2537	2.1	39.2
Query_3879	XM_006532092.4	100.000	21	0	0	1	21	1255	1235	2.1	39.2
Query_3879	XM_006532091.4	100.000	21	0	0	1	21	1390	1370	2.1	39.2
Query_3879	LR877227.1	100.000	21	0	0	1	21	24403870	24403890	2.1	39.2
Query_3879	XM_035447990.1	100.000	21	0	0	1	21	1168	1148	2.1	39.2
Query_3879	XM_035447989.1	100.000	21	0	0	1	21	1186	1166	2.1	39.2
Query_3879	XM_027424056.2	100.000	21	0	0	1	21	1192	1172	2.1	39.2
Query_3879	XM_027424057.2	100.000	21	0	0	1	21	1327	1307	2.1	39.2
Query_3879	XM_035453992.1	100.000	21	0	0	1	21	1186	1166	2.1	39.2


