# blastn
# Iteration: 0
# Query: 
# RID: 8YGKY5BB016
# Database: nt
# Fields: query acc.ver, subject acc.ver, % identity, alignment length, mismatches, gap opens, q. start, q. end, s. start, s. end, evalue, bit score
# 100 hits found
Query_36645	XM_034932122.1	100.000	21	0	0	1	21	3470	3450	2.1	39.2
Query_36645	XR_004664993.1	100.000	21	0	0	1	21	3446	3426	2.1	39.2
Query_36645	XM_034932121.1	100.000	21	0	0	1	21	3512	3492	2.1	39.2
Query_36645	XM_034932120.1	100.000	21	0	0	1	21	3122	3102	2.1	39.2
Query_36645	XM_034932119.1	100.000	21	0	0	1	21	3398	3378	2.1	39.2
Query_36645	XM_034932117.1	100.000	21	0	0	1	21	3208	3188	2.1	39.2
Query_36645	XM_034932116.1	100.000	21	0	0	1	21	3470	3450	2.1	39.2
Query_36645	XM_034932115.1	100.000	21	0	0	1	21	3470	3450	2.1	39.2
Query_36645	XM_033207623.1	100.000	21	0	0	1	21	3522	3502	2.1	39.2
Query_36645	XR_004436191.1	100.000	21	0	0	1	21	3403	3383	2.1	39.2
Query_36645	XR_004436190.1	100.000	21	0	0	1	21	3460	3440	2.1	39.2
Query_36645	XM_033207622.1	100.000	21	0	0	1	21	3521	3501	2.1	39.2
Query_36645	XM_032166649.2	100.000	21	0	0	1	21	3139	3119	2.1	39.2
Query_36645	XM_032240510.1	100.000	21	0	0	1	21	3347	3327	2.1	39.2
Query_36645	XM_032166651.1	100.000	21	0	0	1	21	3106	3086	2.1	39.2
Query_36645	XR_004250229.1	100.000	21	0	0	1	21	3080	3060	2.1	39.2
Query_36645	XM_023189815.3	100.000	21	0	0	1	21	3539	3519	2.1	39.2
Query_36645	XM_023189814.3	100.000	21	0	0	1	21	3538	3518	2.1	39.2
Query_36645	XM_031653328.1	100.000	21	0	0	1	21	3526	3506	2.1	39.2
Query_36645	XR_004177484.1	100.000	21	0	0	1	21	3404	3384	2.1	39.2
Query_36645	XR_004177482.1	100.000	21	0	0	1	21	3468	3448	2.1	39.2
Query_36645	XR_004177481.1	100.000	21	0	0	1	21	3526	3506	2.1	39.2
Query_36645	XM_031653326.1	100.000	21	0	0	1	21	3492	3472	2.1	39.2
Query_36645	XM_021926103.2	100.000	21	0	0	1	21	3526	3506	2.1	39.2
Query_36645	XM_004050666.3	100.000	21	0	0	1	21	3511	3491	2.1	39.2
Query_36645	XM_019037259.2	100.000	21	0	0	1	21	3036	3016	2.1	39.2
Query_36645	XM_019037258.2	100.000	21	0	0	1	21	3398	3378	2.1	39.2
Query_36645	XM_004050664.3	100.000	21	0	0	1	21	3511	3491	2.1	39.2
Query_36645	XM_030917678.1	100.000	21	0	0	1	21	3516	3496	2.1	39.2
Query_36645	XR_004053563.1	100.000	21	0	0	1	21	3394	3374	2.1	39.2
Query_36645	XM_030917677.1	100.000	21	0	0	1	21	3110	3090	2.1	39.2
Query_36645	XM_010384836.2	100.000	21	0	0	1	21	3516	3496	2.1	39.2
Query_36645	XR_004033591.1	100.000	21	0	0	1	21	3511	3491	2.1	39.2
Query_36645	XR_004033590.1	100.000	21	0	0	1	21	3453	3433	2.1	39.2
Query_36645	XM_030828843.1	100.000	21	0	0	1	21	3477	3457	2.1	39.2
Query_36645	XM_030828842.1	100.000	21	0	0	1	21	3405	3385	2.1	39.2
Query_36645	XM_030828841.1	100.000	21	0	0	1	21	3511	3491	2.1	39.2
Query_36645	NM_001348749.2	100.000	21	0	0	1	21	3404	3384	2.1	39.2
Query_36645	NM_001348750.2	100.000	21	0	0	1	21	3512	3492	2.1	39.2
Query_36645	NM_001243254.2	100.000	21	0	0	1	21	3476	3456	2.1	39.2
Query_36645	XM_002799642.3	100.000	21	0	0	1	21	3291	3271	2.1	39.2
Query_36645	XR_003722662.1	100.000	21	0	0	1	21	3169	3149	2.1	39.2
Query_36645	XR_003722661.1	100.000	21	0	0	1	21	3291	3271	2.1	39.2
Query_36645	XM_028833700.1	100.000	21	0	0	1	21	3291	3271	2.1	39.2
Query_36645	XM_015114896.2	100.000	21	0	0	1	21	3184	3164	2.1	39.2
Query_36645	XM_002799641.3	100.000	21	0	0	1	21	3291	3271	2.1	39.2
Query_36645	NM_015213.4	100.000	21	0	0	1	21	3476	3456	2.1	39.2
Query_36645	NR_145966.2	100.000	21	0	0	1	21	3452	3432	2.1	39.2
Query_36645	XR_003115626.1	100.000	21	0	0	1	21	3522	3502	2.1	39.2
Query_36645	XM_025356640.1	100.000	21	0	0	1	21	3500	3480	2.1	39.2
Query_36645	XM_025356639.1	100.000	21	0	0	1	21	3458	3438	2.1	39.2
Query_36645	XM_025356638.1	100.000	21	0	0	1	21	3453	3433	2.1	39.2
Query_36645	XM_025356637.1	100.000	21	0	0	1	21	3386	3366	2.1	39.2
Query_36645	XM_025356636.1	100.000	21	0	0	1	21	3458	3438	2.1	39.2
Query_36645	XM_025356635.1	100.000	21	0	0	1	21	3522	3502	2.1	39.2
Query_36645	XM_011753149.2	100.000	21	0	0	1	21	3546	3526	2.1	39.2
Query_36645	XR_991781.2	100.000	21	0	0	1	21	3487	3467	2.1	39.2
Query_36645	XM_011753148.2	100.000	21	0	0	1	21	3415	3395	2.1	39.2
Query_36645	XM_011753147.2	100.000	21	0	0	1	21	3546	3526	2.1	39.2
Query_36645	XM_003312912.4	100.000	21	0	0	1	21	3510	3490	2.1	39.2
Query_36645	XR_002938439.1	100.000	21	0	0	1	21	3510	3490	2.1	39.2
Query_36645	XM_016920357.2	100.000	21	0	0	1	21	3257	3237	2.1	39.2
Query_36645	XM_024346967.1	100.000	21	0	0	1	21	3510	3490	2.1	39.2
Query_36645	XM_024346966.1	100.000	21	0	0	1	21	3510	3490	2.1	39.2
Query_36645	XM_009459922.3	100.000	21	0	0	1	21	3438	3418	2.1	39.2
Query_36645	XM_016920354.2	100.000	21	0	0	1	21	3438	3418	2.1	39.2
Query_36645	XM_508914.6	100.000	21	0	0	1	21	3510	3490	2.1	39.2
Query_36645	XM_016920352.2	100.000	21	0	0	1	21	3510	3490	2.1	39.2
Query_36645	XM_024255110.1	100.000	21	0	0	1	21	3506	3486	2.1	39.2
Query_36645	XM_009246658.2	100.000	21	0	0	1	21	3129	3109	2.1	39.2
Query_36645	XM_024255109.1	100.000	21	0	0	1	21	3506	3486	2.1	39.2
Query_36645	XM_024255108.1	100.000	21	0	0	1	21	3506	3486	2.1	39.2
Query_36645	XM_012803686.2	100.000	21	0	0	1	21	3174	3154	2.1	39.2
Query_36645	XM_023514907.1	100.000	21	0	0	1	21	3042	3022	2.1	39.2
Query_36645	XM_003781086.3	100.000	21	0	0	1	21	3174	3154	2.1	39.2
Query_36645	XM_021675141.1	100.000	21	0	0	1	21	3469	3449	2.1	39.2
Query_36645	XM_021675140.1	100.000	21	0	0	1	21	3397	3377	2.1	39.2
Query_36645	XM_021675139.1	100.000	21	0	0	1	21	3268	3248	2.1	39.2
Query_36645	XM_021675138.1	100.000	21	0	0	1	21	3469	3449	2.1	39.2
Query_36645	NG_053019.1	100.000	21	0	0	1	21	126130	126110	2.1	39.2
Query_36645	LT734349.1	100.000	21	0	0	1	21	2437	2417	2.1	39.2
Query_36645	XM_017891440.1	100.000	21	0	0	1	21	3281	3261	2.1	39.2
Query_36645	XM_017891439.1	100.000	21	0	0	1	21	3107	3087	2.1	39.2
Query_36645	XR_001889067.1	100.000	21	0	0	1	21	3203	3183	2.1	39.2
Query_36645	XM_017891437.1	100.000	21	0	0	1	21	3281	3261	2.1	39.2
Query_36645	XM_017500308.1	100.000	21	0	0	1	21	3181	3161	2.1	39.2
Query_36645	XM_017500307.1	100.000	21	0	0	1	21	3284	3264	2.1	39.2
Query_36645	XM_016920351.1	100.000	21	0	0	1	21	3267	3247	2.1	39.2
Query_36645	XR_001485025.1	100.000	21	0	0	1	21	3183	3163	2.1	39.2
Query_36645	XM_015435133.1	100.000	21	0	0	1	21	3176	3156	2.1	39.2
Query_36645	XR_284014.2	100.000	21	0	0	1	21	3183	3163	2.1	39.2
Query_36645	XM_005578655.2	100.000	21	0	0	1	21	3111	3091	2.1	39.2
Query_36645	XM_015435132.1	100.000	21	0	0	1	21	3793	3773	2.1	39.2
Query_36645	XM_039470497.1	100.000	21	0	0	1	21	3542	3522	2.1	39.2
Query_36645	XM_039470496.1	100.000	21	0	0	1	21	3434	3414	2.1	39.2
Query_36645	XM_039470495.1	100.000	21	0	0	1	21	3542	3522	2.1	39.2
Query_36645	XM_037999737.1	100.000	21	0	0	1	21	3505	3485	2.1	39.2
Query_36645	XM_037999736.1	100.000	21	0	0	1	21	3433	3413	2.1	39.2
Query_36645	XM_008007293.2	100.000	21	0	0	1	21	3505	3485	2.1	39.2
Query_36645	XM_017500309.2	100.000	21	0	0	1	21	3212	3192	2.1	39.2


