# blastn
# Iteration: 0
# Query: 
# RID: 8YXM26ZF013
# Database: nt
# Fields: query acc.ver, subject acc.ver, % identity, alignment length, mismatches, gap opens, q. start, q. end, s. start, s. end, evalue, bit score
# 27 hits found
Query_33655	XR_005491585.1	100.000	21	0	0	1	21	1709	1689	2.1	39.2
Query_33655	XM_039089009.1	100.000	21	0	0	1	21	1238	1218	2.1	39.2
Query_33655	XM_039089008.1	100.000	21	0	0	1	21	1375	1355	2.1	39.2
Query_33655	XM_039089007.1	100.000	21	0	0	1	21	1354	1334	2.1	39.2
Query_33655	XM_008769306.3	100.000	21	0	0	1	21	1319	1299	2.1	39.2
Query_33655	XM_039089005.1	100.000	21	0	0	1	21	1512	1492	2.1	39.2
Query_33655	XM_017598235.2	100.000	21	0	0	1	21	1545	1525	2.1	39.2
Query_33655	XM_008769305.3	100.000	21	0	0	1	21	1560	1540	2.1	39.2
Query_33655	XM_017598234.2	100.000	21	0	0	1	21	1596	1576	2.1	39.2
Query_33655	XM_006249515.4	100.000	21	0	0	1	21	1677	1657	2.1	39.2
Query_33655	NM_053656.3	100.000	21	0	0	1	21	1368	1348	2.1	39.2
Query_33655	AF062035.1	100.000	21	0	0	1	21	288	268	2.1	39.2
Query_33655	AF064549.1	100.000	21	0	0	1	21	1405	1385	2.1	39.2
Query_33655	AF020759.1	100.000	21	0	0	1	21	1330	1310	2.1	39.2
Query_33655	AF020758.1	100.000	21	0	0	1	21	1493	1473	2.1	39.2
Query_33655	AF020756.1	100.000	21	0	0	1	21	1268	1248	2.1	39.2
Query_33655	AF013241.1	100.000	21	0	0	1	21	593	573	2.1	39.2
Query_33655	Y10475.1	100.000	21	0	0	1	21	1404	1384	2.1	39.2
Query_33655	Y10474.1	100.000	21	0	0	1	21	1350	1330	2.1	39.2
Query_33655	Y09910.1	100.000	21	0	0	1	21	2682	2662	2.1	39.2
Query_33655	L43511.1	100.000	21	0	0	1	21	441	421	2.1	39.2
Query_33655	U14414.1	100.000	21	0	0	1	21	1368	1348	2.1	39.2
Query_33655	XM_017598236.2	100.000	20	0	0	1	20	1389	1370	7.4	37.4
Query_33655	XM_006249517.4	100.000	20	0	0	1	20	1434	1415	7.4	37.4
Query_33655	XM_006249516.4	100.000	20	0	0	1	20	1470	1451	7.4	37.4
Query_33655	AF020757.1	100.000	20	0	0	1	20	1107	1088	7.4	37.4
Query_33655	Y10473.1	100.000	20	0	0	1	20	1161	1142	7.4	37.4


