# blastn
# Iteration: 0
# Query: 
# RID: 7R2HEJPU013
# Database: nt
# Fields: query acc.ver, subject acc.ver, % identity, alignment length, mismatches, gap opens, q. start, q. end, s. start, s. end, evalue, bit score
# 61 hits found
Query_13379	XM_031337322.1	100.000	21	0	0	1	21	1142	1122	2.1	39.2
Query_13379	XM_031337320.1	100.000	21	0	0	1	21	1243	1223	2.1	39.2
Query_13379	XM_031337318.1	100.000	21	0	0	1	21	1174	1154	2.1	39.2
Query_13379	XM_031337317.1	100.000	21	0	0	1	21	1448	1428	2.1	39.2
Query_13379	XM_006534921.4	100.000	21	0	0	1	21	1362	1342	2.1	39.2
Query_13379	XM_021162625.2	100.000	21	0	0	1	21	1045	1025	2.1	39.2
Query_13379	XM_021644942.1	100.000	21	0	0	1	21	1459	1439	2.1	39.2
Query_13379	XM_021644941.1	100.000	21	0	0	1	21	1245	1225	2.1	39.2
Query_13379	XM_021162623.1	100.000	21	0	0	1	21	1466	1446	2.1	39.2
Query_13379	XM_021186843.1	100.000	21	0	0	1	21	1467	1447	2.1	39.2
Query_13379	XM_021186842.1	100.000	21	0	0	1	21	1325	1305	2.1	39.2
Query_13379	XM_017803360.1	100.000	21	0	0	1	21	1245	1225	2.1	39.2
Query_13379	XM_008853728.2	100.000	21	0	0	1	21	1313	1293	2.1	39.2
Query_13379	XM_011249448.2	100.000	21	0	0	1	21	1105	1085	2.1	39.2
Query_13379	XM_016002596.1	100.000	21	0	0	1	21	1245	1225	2.1	39.2
Query_13379	XM_006984094.2	100.000	21	0	0	1	21	1209	1189	2.1	39.2
Query_13379	NM_001310701.1	100.000	21	0	0	1	21	1096	1076	2.1	39.2
Query_13379	NM_001310700.1	100.000	21	0	0	1	21	1325	1305	2.1	39.2
Query_13379	XM_008853737.1	100.000	21	0	0	1	21	933	913	2.1	39.2
Query_13379	XM_008853732.1	100.000	21	0	0	1	21	1137	1117	2.1	39.2
Query_13379	XM_008853730.1	100.000	21	0	0	1	21	1209	1189	2.1	39.2
Query_13379	XM_008853729.1	100.000	21	0	0	1	21	1289	1269	2.1	39.2
Query_13379	XR_005491585.1	100.000	21	0	0	1	21	1547	1527	2.1	39.2
Query_13379	XM_039089009.1	100.000	21	0	0	1	21	1076	1056	2.1	39.2
Query_13379	XM_039089008.1	100.000	21	0	0	1	21	1213	1193	2.1	39.2
Query_13379	XM_039089007.1	100.000	21	0	0	1	21	1192	1172	2.1	39.2
Query_13379	XM_008769306.3	100.000	21	0	0	1	21	1157	1137	2.1	39.2
Query_13379	XM_039089005.1	100.000	21	0	0	1	21	1350	1330	2.1	39.2
Query_13379	XM_017598235.2	100.000	21	0	0	1	21	1383	1363	2.1	39.2
Query_13379	XM_008769305.3	100.000	21	0	0	1	21	1398	1378	2.1	39.2
Query_13379	XM_017598234.2	100.000	21	0	0	1	21	1434	1414	2.1	39.2
Query_13379	XM_006249515.4	100.000	21	0	0	1	21	1515	1495	2.1	39.2
Query_13379	NM_053656.3	100.000	21	0	0	1	21	1206	1186	2.1	39.2
Query_13379	XM_028857030.2	100.000	21	0	0	1	21	1276	1256	2.1	39.2
Query_13379	XM_037198543.1	100.000	21	0	0	1	21	1240	1220	2.1	39.2
Query_13379	XM_036172222.1	100.000	21	0	0	1	21	1289	1269	2.1	39.2
Query_13379	XM_011249447.3	100.000	21	0	0	1	21	1200	1180	2.1	39.2
Query_13379	LR877209.1	100.000	21	0	0	1	21	42557624	42557604	2.1	39.2
Query_13379	JN950875.1	100.000	21	0	0	1	21	23192	23172	2.1	39.2
Query_13379	NM_153400.4	100.000	21	0	0	1	21	1289	1269	2.1	39.2
Query_13379	BC106964.1	100.000	21	0	0	1	21	1096	1076	2.1	39.2
Query_13379	BC106963.1	100.000	21	0	0	1	21	1538	1518	2.1	39.2
Query_13379	AC123699.10	100.000	21	0	0	1	21	66421	66401	2.1	39.2
Query_13379	AK141196.1	100.000	21	0	0	1	21	1248	1228	2.1	39.2
Query_13379	AK158334.1	100.000	21	0	0	1	21	1267	1247	2.1	39.2
Query_13379	AY044240.2	100.000	21	0	0	1	21	1465	1445	2.1	39.2
Query_13379	AC169384.2	100.000	21	0	0	1	21	200045	200025	2.1	39.2
Query_13379	AF062035.1	100.000	21	0	0	1	21	126	106	2.1	39.2
Query_13379	AF064549.1	100.000	21	0	0	1	21	1243	1223	2.1	39.2
Query_13379	AF020759.1	100.000	21	0	0	1	21	1168	1148	2.1	39.2
Query_13379	AF020758.1	100.000	21	0	0	1	21	1331	1311	2.1	39.2
Query_13379	AF020756.1	100.000	21	0	0	1	21	1106	1086	2.1	39.2
Query_13379	AF013241.1	100.000	21	0	0	1	21	431	411	2.1	39.2
Query_13379	Y10475.1	100.000	21	0	0	1	21	1242	1222	2.1	39.2
Query_13379	Y10474.1	100.000	21	0	0	1	21	1188	1168	2.1	39.2
Query_13379	Y09910.1	100.000	21	0	0	1	21	2520	2500	2.1	39.2
Query_13379	L43511.1	100.000	21	0	0	1	21	279	259	2.1	39.2
Query_13379	U14414.1	100.000	21	0	0	1	21	1206	1186	2.1	39.2
Query_13379	XM_028777389.1	100.000	20	0	0	2	21	1287	1268	7.3	37.4
Query_13379	XM_028777387.1	100.000	20	0	0	2	21	1323	1304	7.3	37.4
Query_13379	CP066508.1	100.000	20	0	0	2	21	3957125	3957144	7.3	37.4


