# blastn
# Iteration: 0
# Query: 
# RID: 9R0VSAVD013
# Database: nt
# Fields: query acc.ver, subject acc.ver, % identity, alignment length, mismatches, gap opens, q. start, q. end, s. start, s. end, evalue, bit score
# 26 hits found
Query_62105	XM_029543501.1	100.000	21	0	0	1	21	631	611	2.1	39.2
Query_62105	XM_021206919.2	100.000	21	0	0	1	21	878	858	2.1	39.2
Query_62105	XM_021206918.1	100.000	21	0	0	1	21	918	898	2.1	39.2
Query_62105	XM_039082068.1	100.000	21	0	0	1	21	828	808	2.1	39.2
Query_62105	XM_008766171.3	100.000	21	0	0	1	21	823	803	2.1	39.2
Query_62105	XM_039082067.1	100.000	21	0	0	1	21	694	674	2.1	39.2
Query_62105	NM_022005.3	100.000	21	0	0	1	21	836	816	2.1	39.2
Query_62105	BC072528.1	100.000	21	0	0	1	21	642	622	2.1	39.2
Query_62105	AB030908.1	100.000	21	0	0	1	21	650	630	2.1	39.2
Query_62105	XM_030244486.1	100.000	20	0	0	2	21	1629	1610	7.5	37.4
Query_62105	XM_021172965.2	100.000	20	0	0	2	21	900	881	7.5	37.4
Query_62105	XM_021172966.2	100.000	20	0	0	2	21	681	662	7.5	37.4
Query_62105	HG999698.1	100.000	20	0	0	1	20	7293983	7294002	7.5	37.4
Query_62105	HG996472.1	100.000	20	0	0	1	20	49208901	49208920	7.5	37.4
Query_62105	XM_036155164.1	100.000	20	0	0	2	21	1892	1873	7.5	37.4
Query_62105	XM_036155163.1	100.000	20	0	0	2	21	1078	1059	7.5	37.4
Query_62105	JN957120.1	100.000	20	0	0	2	21	2669	2650	7.5	37.4
Query_62105	JN945266.1	100.000	20	0	0	2	21	2669	2650	7.5	37.4
Query_62105	NM_022004.6	100.000	20	0	0	2	21	917	898	7.5	37.4
Query_62105	AC162176.2	100.000	20	0	0	2	21	185141	185122	7.5	37.4
Query_62105	AC119237.17	100.000	20	0	0	2	21	50198	50179	7.5	37.4
Query_62105	BC051127.1	100.000	20	0	0	2	21	688	669	7.5	37.4
Query_62105	BC042579.1	100.000	20	0	0	2	21	652	633	7.5	37.4
Query_62105	AK018354.1	100.000	20	0	0	2	21	650	631	7.5	37.4
Query_62105	AK003888.1	100.000	20	0	0	2	21	680	661	7.5	37.4
Query_62105	AB032010.2	100.000	20	0	0	2	21	630	611	7.5	37.4


