# blastn
# Iteration: 0
# Query: 
# RID: 72B3X0KS013
# Database: nt
# Fields: query acc.ver, subject acc.ver, % identity, alignment length, mismatches, gap opens, q. start, q. end, s. start, s. end, evalue, bit score
# 18 hits found
Query_30693	XM_034491809.1	100.000	21	0	0	1	21	486	466	2.1	39.2
Query_30693	XM_032910158.1	100.000	21	0	0	1	21	471	451	2.1	39.2
Query_30693	XM_028784068.1	100.000	21	0	0	1	21	488	468	2.1	39.2
Query_30693	XM_021173154.1	100.000	21	0	0	1	21	382	362	2.1	39.2
Query_30693	XM_021173153.1	100.000	21	0	0	1	21	488	468	2.1	39.2
Query_30693	XM_021207906.1	100.000	21	0	0	1	21	488	468	2.1	39.2
Query_30693	AH003560.2	100.000	21	0	0	1	21	738	718	2.1	39.2
Query_30693	NM_001319986.1	100.000	21	0	0	1	21	388	368	2.1	39.2
Query_30693	NM_010810.5	100.000	21	0	0	1	21	494	474	2.1	39.2
Query_30693	NR_126562.1	100.000	21	0	0	1	21	51	71	2.1	39.2
Query_30693	BC120655.1	100.000	21	0	0	1	21	473	453	2.1	39.2
Query_30693	NM_012864.2	100.000	21	0	0	1	21	477	457	2.1	39.2
Query_30693	AK144515.1	100.000	21	0	0	1	21	491	471	2.1	39.2
Query_30693	AK008103.1	100.000	21	0	0	1	21	52	72	2.1	39.2
Query_30693	AL603630.11	100.000	21	0	0	1	21	140663	140643	2.1	39.2
Query_30693	L36244.1	100.000	21	0	0	1	21	498	478	2.1	39.2
Query_30693	L24374.1	100.000	21	0	0	1	21	491	471	2.1	39.2
Query_30693	X07822.1	100.000	21	0	0	1	21	135	115	2.1	39.2


