# blastn
# Iteration: 0
# Query: 
# RID: 73VV123A01R
# Database: nt
# Fields: query acc.ver, subject acc.ver, % identity, alignment length, mismatches, gap opens, q. start, q. end, s. start, s. end, evalue, bit score
# 35 hits found
Query_286343	XM_003825980.3	100.000	21	0	0	1	21	419	399	2.0	39.2
Query_286343	XM_032142236.1	100.000	21	0	0	1	21	437	417	2.0	39.2
Query_286343	XM_012497291.2	100.000	21	0	0	1	21	242	222	2.0	39.2
Query_286343	XM_003253656.3	100.000	21	0	0	1	21	518	498	2.0	39.2
Query_286343	XM_030825546.1	100.000	21	0	0	1	21	282	262	2.0	39.2
Query_286343	XM_030825544.1	100.000	21	0	0	1	21	404	384	2.0	39.2
Query_286343	XM_030309503.1	100.000	21	0	0	1	21	305	285	2.0	39.2
Query_286343	XM_030309502.1	100.000	21	0	0	1	21	364	344	2.0	39.2
Query_286343	NM_181800.3	100.000	21	0	0	1	21	288	268	2.0	39.2
Query_286343	NM_181801.4	100.000	21	0	0	1	21	518	498	2.0	39.2
Query_286343	NM_007019.4	100.000	21	0	0	1	21	375	355	2.0	39.2
Query_286343	CP034499.1	100.000	21	0	0	1	21	44384286	44384266	2.0	39.2
Query_286343	XM_009443484.3	100.000	21	0	0	1	21	417	397	2.0	39.2
Query_286343	XM_001156993.5	100.000	21	0	0	1	21	679	659	2.0	39.2
Query_286343	XM_004062268.2	100.000	21	0	0	1	21	437	417	2.0	39.2
Query_286343	XM_514682.6	100.000	21	0	0	1	21	438	418	2.0	39.2
Query_286343	XM_002830362.3	100.000	21	0	0	1	21	437	417	2.0	39.2
Query_286343	CP068258.1	100.000	21	0	0	1	21	47552126	47552106	2.0	39.2
Query_286343	AP023480.1	100.000	21	0	0	1	21	43851093	43851073	2.0	39.2
Query_286343	AL050348.22	100.000	21	0	0	1	21	85306	85286	2.0	39.2
Query_286343	EU831629.1	100.000	21	0	0	1	21	345	325	2.0	39.2
Query_286343	EU831714.1	100.000	21	0	0	1	21	345	325	2.0	39.2
Query_286343	AK311949.1	100.000	21	0	0	1	21	410	390	2.0	39.2
Query_286343	DQ895630.2	100.000	21	0	0	1	21	345	325	2.0	39.2
Query_286343	DQ892416.2	100.000	21	0	0	1	21	345	325	2.0	39.2
Query_286343	BC028161.1	100.000	21	0	0	1	21	982	962	2.0	39.2
Query_286343	BC016292.1	100.000	21	0	0	1	21	372	352	2.0	39.2
Query_286343	BC007656.2	100.000	21	0	0	1	21	366	346	2.0	39.2
Query_286343	BC032677.2	100.000	21	0	0	1	21	1154	1134	2.0	39.2
Query_286343	BT007300.1	100.000	21	0	0	1	21	323	303	2.0	39.2
Query_286343	BT007515.1	100.000	21	0	0	1	21	323	303	2.0	39.2
Query_286343	CR456988.1	100.000	21	0	0	1	21	323	303	2.0	39.2
Query_286343	BC050736.1	100.000	21	0	0	1	21	393	373	2.0	39.2
Query_286343	U73379.1	100.000	21	0	0	1	21	363	343	2.0	39.2
Query_286343	LR989929.1	100.000	20	0	0	1	20	65716725	65716744	7.1	37.4


