# blastn
# Iteration: 0
# Query: 
# RID: 9W0YJGN5016
# Database: nt
# Fields: query acc.ver, subject acc.ver, % identity, alignment length, mismatches, gap opens, q. start, q. end, s. start, s. end, evalue, bit score
# 17 hits found
Query_28937	XM_032915907.1	100.000	21	0	0	1	21	1007	987	2.1	39.2
Query_28937	FQ214550.1	100.000	21	0	0	1	21	967	947	2.1	39.2
Query_28937	FQ216757.1	100.000	21	0	0	1	21	972	952	2.1	39.2
Query_28937	FQ213111.1	100.000	21	0	0	1	21	968	948	2.1	39.2
Query_28937	FQ225334.1	100.000	21	0	0	1	21	969	949	2.1	39.2
Query_28937	FQ228750.1	100.000	21	0	0	1	21	967	947	2.1	39.2
Query_28937	NM_001009264.1	100.000	21	0	0	1	21	947	927	2.1	39.2
Query_28937	XM_026292824.2	100.000	20	0	0	1	20	759	740	7.5	37.4
Query_28937	XM_031246388.1	100.000	20	0	0	1	20	1481	1462	7.5	37.4
Query_28937	LR535852.1	100.000	20	0	0	1	20	8239310	8239329	7.5	37.4
Query_28937	CP025674.1	100.000	20	0	0	1	20	3113611	3113630	7.5	37.4
Query_28937	CP025658.1	100.000	20	0	0	1	20	2736946	2736965	7.5	37.4
Query_28937	XM_026292823.1	100.000	20	0	0	1	20	886	867	7.5	37.4
Query_28937	XM_019331889.1	100.000	20	0	0	1	20	1421	1402	7.5	37.4
Query_28937	XM_019331888.1	100.000	20	0	0	1	20	1458	1439	7.5	37.4
Query_28937	XM_010523326.2	100.000	20	0	0	1	20	529	510	7.5	37.4
Query_28937	HG992089.1	100.000	20	0	0	1	20	3561005	3560986	7.5	37.4


