# blastn
# Iteration: 0
# Query: 
# RID: 740UFV7F013
# Database: nt
# Fields: query acc.ver, subject acc.ver, % identity, alignment length, mismatches, gap opens, q. start, q. end, s. start, s. end, evalue, bit score
# 30 hits found
Query_42973	XM_003826436.5	100.000	21	0	0	1	21	1888	1868	2.1	39.2
Query_42973	XM_033207523.1	100.000	21	0	0	1	21	1106	1086	2.1	39.2
Query_42973	XM_003909863.5	100.000	21	0	0	1	21	1896	1876	2.1	39.2
Query_42973	XM_021925749.2	100.000	21	0	0	1	21	2130	2110	2.1	39.2
Query_42973	XM_021925746.2	100.000	21	0	0	1	21	2194	2174	2.1	39.2
Query_42973	XM_004051152.3	100.000	21	0	0	1	21	1307	1287	2.1	39.2
Query_42973	XM_010353410.2	100.000	21	0	0	1	21	1307	1287	2.1	39.2
Query_42973	XR_004029584.1	100.000	21	0	0	1	21	1186	1166	2.1	39.2
Query_42973	XM_030810123.1	100.000	21	0	0	1	21	1307	1287	2.1	39.2
Query_42973	NM_002559.5	100.000	21	0	0	1	21	1305	1285	2.1	39.2
Query_42973	XM_001103269.4	100.000	21	0	0	1	21	1808	1788	2.1	39.2
Query_42973	XM_025357428.1	100.000	21	0	0	1	21	1306	1286	2.1	39.2
Query_42973	XM_011766085.2	100.000	21	0	0	1	21	1141	1121	2.1	39.2
Query_42973	XM_001136930.4	100.000	21	0	0	1	21	1358	1338	2.1	39.2
Query_42973	XM_017851320.1	100.000	21	0	0	1	21	1269	1249	2.1	39.2
Query_42973	XM_011545072.2	100.000	21	0	0	1	21	2083	2063	2.1	39.2
Query_42973	XM_011545071.2	100.000	21	0	0	1	21	1819	1799	2.1	39.2
Query_42973	XM_011545070.2	100.000	21	0	0	1	21	1257	1237	2.1	39.2
Query_42973	XM_011545069.2	100.000	21	0	0	1	21	1951	1931	2.1	39.2
Query_42973	XM_011766083.1	100.000	21	0	0	1	21	1303	1283	2.1	39.2
Query_42973	XM_012092343.1	100.000	21	0	0	1	21	1292	1272	2.1	39.2
Query_42973	XM_011998703.1	100.000	21	0	0	1	21	1292	1272	2.1	39.2
Query_42973	XM_011545073.1	100.000	21	0	0	1	21	807	787	2.1	39.2
Query_42973	XM_037999312.1	100.000	21	0	0	1	21	1140	1120	2.1	39.2
Query_42973	BC109287.2	100.000	21	0	0	1	21	1140	1120	2.1	39.2
Query_42973	BC074793.2	100.000	21	0	0	1	21	1137	1117	2.1	39.2
Query_42973	BC074792.2	100.000	21	0	0	1	21	1137	1117	2.1	39.2
Query_42973	BC069162.1	100.000	21	0	0	1	21	1179	1159	2.1	39.2
Query_42973	AP000781.6	100.000	21	0	0	1	21	125225	125205	2.1	39.2
Query_42973	Y07683.1	100.000	21	0	0	1	21	1271	1251	2.1	39.2


