# blastn
# Iteration: 0
# Query: 
# RID: 6WZA1XVE016
# Database: nt
# Fields: query acc.ver, subject acc.ver, % identity, alignment length, mismatches, gap opens, q. start, q. end, s. start, s. end, evalue, bit score
# 23 hits found
Query_51947	XR_005491585.1	100.000	21	0	0	1	21	1077	1057	2.1	39.2
Query_51947	XM_039089009.1	100.000	21	0	0	1	21	606	586	2.1	39.2
Query_51947	XM_039089008.1	100.000	21	0	0	1	21	743	723	2.1	39.2
Query_51947	XM_039089007.1	100.000	21	0	0	1	21	722	702	2.1	39.2
Query_51947	XM_008769306.3	100.000	21	0	0	1	21	687	667	2.1	39.2
Query_51947	XM_017598236.2	100.000	21	0	0	1	21	964	944	2.1	39.2
Query_51947	XM_006249517.4	100.000	21	0	0	1	21	1009	989	2.1	39.2
Query_51947	XM_006249516.4	100.000	21	0	0	1	21	1045	1025	2.1	39.2
Query_51947	XM_017598235.2	100.000	21	0	0	1	21	913	893	2.1	39.2
Query_51947	XM_008769305.3	100.000	21	0	0	1	21	928	908	2.1	39.2
Query_51947	XM_017598234.2	100.000	21	0	0	1	21	964	944	2.1	39.2
Query_51947	XM_006249515.4	100.000	21	0	0	1	21	1045	1025	2.1	39.2
Query_51947	NM_053656.3	100.000	21	0	0	1	21	736	716	2.1	39.2
Query_51947	AF064549.1	100.000	21	0	0	1	21	773	753	2.1	39.2
Query_51947	AF020759.1	100.000	21	0	0	1	21	698	678	2.1	39.2
Query_51947	AF020758.1	100.000	21	0	0	1	21	776	756	2.1	39.2
Query_51947	AF020757.1	100.000	21	0	0	1	21	682	662	2.1	39.2
Query_51947	AF020756.1	100.000	21	0	0	1	21	636	616	2.1	39.2
Query_51947	Y10475.1	100.000	21	0	0	1	21	772	752	2.1	39.2
Query_51947	Y10474.1	100.000	21	0	0	1	21	718	698	2.1	39.2
Query_51947	Y10473.1	100.000	21	0	0	1	21	736	716	2.1	39.2
Query_51947	Y09910.1	100.000	21	0	0	1	21	1343	1323	2.1	39.2
Query_51947	U14414.1	100.000	21	0	0	1	21	736	716	2.1	39.2


