# blastn
# Iteration: 0
# Query: 
# RID: 6XENTHUP013
# Database: nt
# Fields: query acc.ver, subject acc.ver, % identity, alignment length, mismatches, gap opens, q. start, q. end, s. start, s. end, evalue, bit score
# 100 hits found
Query_58765	XM_035007611.1	100.000	21	0	0	1	21	598	578	2.1	39.2
Query_58765	XM_035007610.1	100.000	21	0	0	1	21	850	830	2.1	39.2
Query_58765	XM_035007609.1	100.000	21	0	0	1	21	661	641	2.1	39.2
Query_58765	XM_035007607.1	100.000	21	0	0	1	21	787	767	2.1	39.2
Query_58765	XM_034950155.1	100.000	21	0	0	1	21	454	434	2.1	39.2
Query_58765	XM_003823547.3	100.000	21	0	0	1	21	642	622	2.1	39.2
Query_58765	XM_003823548.3	100.000	21	0	0	1	21	780	760	2.1	39.2
Query_58765	XM_034954600.1	100.000	21	0	0	1	21	796	776	2.1	39.2
Query_58765	XM_019931590.2	100.000	21	0	0	1	21	778	758	2.1	39.2
Query_58765	XM_019931589.2	100.000	21	0	0	1	21	686	666	2.1	39.2
Query_58765	XM_019931588.2	100.000	21	0	0	1	21	796	776	2.1	39.2
Query_58765	XM_019931587.2	100.000	21	0	0	1	21	513	493	2.1	39.2
Query_58765	XM_019931586.2	100.000	21	0	0	1	21	1464	1444	2.1	39.2
Query_58765	XM_019931584.2	100.000	21	0	0	1	21	699	679	2.1	39.2
Query_58765	XM_019931583.2	100.000	21	0	0	1	21	711	691	2.1	39.2
Query_58765	XM_019931582.2	100.000	21	0	0	1	21	431	411	2.1	39.2
Query_58765	XM_019931581.2	100.000	21	0	0	1	21	431	411	2.1	39.2
Query_58765	XM_004267384.3	100.000	21	0	0	1	21	776	756	2.1	39.2
Query_58765	XM_004267385.2	100.000	21	0	0	1	21	684	664	2.1	39.2
Query_58765	XM_033423676.1	100.000	21	0	0	1	21	802	782	2.1	39.2
Query_58765	XM_033423675.1	100.000	21	0	0	1	21	431	411	2.1	39.2
Query_58765	XM_033423674.1	100.000	21	0	0	1	21	431	411	2.1	39.2
Query_58765	XM_033423672.1	100.000	21	0	0	1	21	1445	1425	2.1	39.2
Query_58765	XM_033423671.1	100.000	21	0	0	1	21	789	769	2.1	39.2
Query_58765	XM_033423670.1	100.000	21	0	0	1	21	696	676	2.1	39.2
Query_58765	XM_033423669.1	100.000	21	0	0	1	21	557	537	2.1	39.2
Query_58765	XM_033093301.1	100.000	21	0	0	1	21	654	634	2.1	39.2
Query_58765	XM_033112910.1	100.000	21	0	0	1	21	542	522	2.1	39.2
Query_58765	XM_033112909.1	100.000	21	0	0	1	21	496	476	2.1	39.2
Query_58765	XM_033112908.1	100.000	21	0	0	1	21	593	573	2.1	39.2
Query_58765	XM_040475549.1	100.000	21	0	0	1	21	455	435	2.1	39.2
Query_58765	XM_040475548.1	100.000	21	0	0	1	21	546	526	2.1	39.2
Query_58765	XM_040357645.1	100.000	21	0	0	1	21	689	669	2.1	39.2
Query_58765	XM_040357644.1	100.000	21	0	0	1	21	675	655	2.1	39.2
Query_58765	XM_040227739.1	100.000	21	0	0	1	21	650	630	2.1	39.2
Query_58765	XM_040227738.1	100.000	21	0	0	1	21	570	550	2.1	39.2
Query_58765	XM_040227737.1	100.000	21	0	0	1	21	754	734	2.1	39.2
Query_58765	XM_040256951.1	100.000	21	0	0	1	21	494	474	2.1	39.2
Query_58765	XM_040243309.1	100.000	21	0	0	1	21	539	519	2.1	39.2
Query_58765	XM_039855835.1	100.000	21	0	0	1	21	541	521	2.1	39.2
Query_58765	XM_039855834.1	100.000	21	0	0	1	21	835	815	2.1	39.2
Query_58765	XM_039855833.1	100.000	21	0	0	1	21	557	537	2.1	39.2
Query_58765	XM_039855832.1	100.000	21	0	0	1	21	704	684	2.1	39.2
Query_58765	XM_039855830.1	100.000	21	0	0	1	21	570	550	2.1	39.2
Query_58765	XM_039855829.1	100.000	21	0	0	1	21	791	771	2.1	39.2
Query_58765	XM_039855828.1	100.000	21	0	0	1	21	612	592	2.1	39.2
Query_58765	XM_010351541.2	100.000	21	0	0	1	21	782	762	2.1	39.2
Query_58765	XM_039469988.1	100.000	21	0	0	1	21	862	842	2.1	39.2
Query_58765	XM_037735836.1	100.000	21	0	0	1	21	421	401	2.1	39.2
Query_58765	XM_017532745.2	100.000	21	0	0	1	21	852	832	2.1	39.2
Query_58765	XM_017532744.2	100.000	21	0	0	1	21	782	762	2.1	39.2
Query_58765	XM_017532743.2	100.000	21	0	0	1	21	861	841	2.1	39.2
Query_58765	XM_028884602.2	100.000	21	0	0	1	21	783	763	2.1	39.2
Query_58765	XM_028884601.2	100.000	21	0	0	1	21	856	836	2.1	39.2
Query_58765	XM_037130039.1	100.000	21	0	0	1	21	510	490	2.1	39.2
Query_58765	XM_037130038.1	100.000	21	0	0	1	21	517	497	2.1	39.2
Query_58765	XM_037130037.1	100.000	21	0	0	1	21	679	659	2.1	39.2
Query_58765	XM_037130036.1	100.000	21	0	0	1	21	779	759	2.1	39.2
Query_58765	XM_037044351.1	100.000	21	0	0	1	21	710	690	2.1	39.2
Query_58765	XM_037044350.1	100.000	21	0	0	1	21	517	497	2.1	39.2
Query_58765	XM_037044349.1	100.000	21	0	0	1	21	510	490	2.1	39.2
Query_58765	XM_037044348.1	100.000	21	0	0	1	21	643	623	2.1	39.2
Query_58765	XM_037044347.1	100.000	21	0	0	1	21	759	739	2.1	39.2
Query_58765	XM_037000303.1	100.000	21	0	0	1	21	570	550	2.1	39.2
Query_58765	XM_037000302.1	100.000	21	0	0	1	21	565	545	2.1	39.2
Query_58765	XM_037000301.1	100.000	21	0	0	1	21	452	432	2.1	39.2
Query_58765	XM_017668147.2	100.000	21	0	0	1	21	586	566	2.1	39.2
Query_58765	XM_017668146.2	100.000	21	0	0	1	21	707	687	2.1	39.2
Query_58765	XM_037000299.1	100.000	21	0	0	1	21	570	550	2.1	39.2
Query_58765	XM_036879408.1	100.000	21	0	0	1	21	564	544	2.1	39.2
Query_58765	XM_036879407.1	100.000	21	0	0	1	21	452	432	2.1	39.2
Query_58765	XM_036879406.1	100.000	21	0	0	1	21	584	564	2.1	39.2
Query_58765	XM_036879404.1	100.000	21	0	0	1	21	703	683	2.1	39.2
Query_58765	XM_036879403.1	100.000	21	0	0	1	21	754	734	2.1	39.2
Query_58765	XM_036236019.1	100.000	21	0	0	1	21	612	592	2.1	39.2
Query_58765	XM_016164614.2	100.000	21	0	0	1	21	848	828	2.1	39.2
Query_58765	XM_016164616.2	100.000	21	0	0	1	21	452	432	2.1	39.2
Query_58765	XM_016164613.2	100.000	21	0	0	1	21	573	553	2.1	39.2
Query_58765	XM_016164615.2	100.000	21	0	0	1	21	737	717	2.1	39.2
Query_58765	XM_016164612.2	100.000	21	0	0	1	21	808	788	2.1	39.2
Query_58765	XM_036185310.1	100.000	21	0	0	1	21	559	539	2.1	39.2
Query_58765	XM_036185309.1	100.000	21	0	0	1	21	597	577	2.1	39.2
Query_58765	XM_036185308.1	100.000	21	0	0	1	21	785	765	2.1	39.2
Query_58765	XM_036185307.1	100.000	21	0	0	1	21	811	791	2.1	39.2
Query_58765	XM_036079912.1	100.000	21	0	0	1	21	615	595	2.1	39.2
Query_58765	XM_036079911.1	100.000	21	0	0	1	21	815	795	2.1	39.2
Query_58765	XM_036079910.1	100.000	21	0	0	1	21	625	605	2.1	39.2
Query_58765	XM_036079909.1	100.000	21	0	0	1	21	800	780	2.1	39.2
Query_58765	XM_036070133.1	100.000	21	0	0	1	21	532	512	2.1	39.2
Query_58765	XM_036023225.1	100.000	21	0	0	1	21	565	545	2.1	39.2
Query_58765	XM_028508977.2	100.000	21	0	0	1	21	573	553	2.1	39.2
Query_58765	XM_028508979.2	100.000	21	0	0	1	21	502	482	2.1	39.2
Query_58765	XM_028508978.2	100.000	21	0	0	1	21	652	632	2.1	39.2
Query_58765	NM_182678.3	100.000	21	0	0	1	21	650	630	2.1	39.2
Query_58765	NM_001278554.2	100.000	21	0	0	1	21	851	831	2.1	39.2
Query_58765	NM_001278555.2	100.000	21	0	0	1	21	618	598	2.1	39.2
Query_58765	XM_027591007.2	100.000	21	0	0	1	21	763	743	2.1	39.2
Query_58765	XM_027591006.2	100.000	21	0	0	1	21	613	593	2.1	39.2
Query_58765	XM_027591004.2	100.000	21	0	0	1	21	670	650	2.1	39.2
Query_58765	XM_027591003.2	100.000	21	0	0	1	21	804	784	2.1	39.2


