# blastn
# Iteration: 0
# Query: 
# RID: 7J0EAUP1016
# Database: nt
# Fields: query acc.ver, subject acc.ver, % identity, alignment length, mismatches, gap opens, q. start, q. end, s. start, s. end, evalue, bit score
# 45 hits found
Query_473879	XM_033199911.1	100.000	21	0	0	1	21	483	463	2.1	39.2
Query_473879	XM_032147985.1	100.000	21	0	0	1	21	415	395	2.1	39.2
Query_473879	XR_004249906.1	100.000	21	0	0	1	21	568	548	2.1	39.2
Query_473879	XM_019016478.2	100.000	21	0	0	1	21	471	451	2.1	39.2
Query_473879	XM_010387762.2	100.000	21	0	0	1	21	474	454	2.1	39.2
Query_473879	XR_004031103.1	100.000	21	0	0	1	21	277	257	2.1	39.2
Query_473879	XM_030798515.1	100.000	21	0	0	1	21	502	482	2.1	39.2
Query_473879	XM_018728376.2	100.000	21	0	0	1	21	721	701	2.1	39.2
Query_473879	XM_015122268.2	100.000	21	0	0	1	21	478	458	2.1	39.2
Query_473879	LR584074.1	100.000	21	0	0	1	21	3708980	3709000	2.1	39.2
Query_473879	NM_004359.2	100.000	21	0	0	1	21	434	414	2.1	39.2
Query_473879	CP034522.1	100.000	21	0	0	1	21	475921	475901	2.1	39.2
Query_473879	CP034497.1	100.000	21	0	0	1	21	475921	475901	2.1	39.2
Query_473879	XM_011749512.2	100.000	21	0	0	1	21	476	456	2.1	39.2
Query_473879	XM_009252509.2	100.000	21	0	0	1	21	474	454	2.1	39.2
Query_473879	XM_012745890.2	100.000	21	0	0	1	21	480	460	2.1	39.2
Query_473879	LT744874.1	100.000	21	0	0	1	21	749	729	2.1	39.2
Query_473879	XM_005259690.3	100.000	21	0	0	1	21	474	454	2.1	39.2
Query_473879	XM_015440168.1	100.000	21	0	0	1	21	316	296	2.1	39.2
Query_473879	XM_011963970.1	100.000	21	0	0	1	21	272	252	2.1	39.2
Query_473879	XM_011963969.1	100.000	21	0	0	1	21	272	252	2.1	39.2
Query_473879	XM_011993049.1	100.000	21	0	0	1	21	187	167	2.1	39.2
Query_473879	XM_006722952.2	100.000	21	0	0	1	21	474	454	2.1	39.2
Query_473879	KJ890880.1	100.000	21	0	0	1	21	327	307	2.1	39.2
Query_473879	XM_007657706.4	100.000	21	0	0	1	21	488	468	2.1	39.2
Query_473879	CP068259.1	100.000	21	0	0	1	21	489540	489520	2.1	39.2
Query_473879	XM_007994557.2	100.000	21	0	0	1	21	480	460	2.1	39.2
Query_473879	AP023479.1	100.000	21	0	0	1	21	297481	297461	2.1	39.2
Query_473879	AP023479.1	100.000	21	0	0	1	21	373909	373889	2.1	39.2
Query_473879	AB590273.1	100.000	21	0	0	1	21	271	251	2.1	39.2
Query_473879	CU676209.1	100.000	21	0	0	1	21	465	485	2.1	39.2
Query_473879	CU676208.1	100.000	21	0	0	1	21	278	258	2.1	39.2
Query_473879	XM_001731647.1	100.000	21	0	0	1	21	253	233	2.1	39.2
Query_473879	AK291554.1	100.000	21	0	0	1	21	463	443	2.1	39.2
Query_473879	DQ893910.2	100.000	21	0	0	1	21	284	264	2.1	39.2
Query_473879	DQ890738.2	100.000	21	0	0	1	21	284	264	2.1	39.2
Query_473879	AY650399.1	100.000	21	0	0	1	21	6190	6170	2.1	39.2
Query_473879	BC023979.1	100.000	21	0	0	1	21	438	418	2.1	39.2
Query_473879	BT008039.1	100.000	21	0	0	1	21	262	242	2.1	39.2
Query_473879	BT006659.1	100.000	21	0	0	1	21	262	242	2.1	39.2
Query_473879	AC011556.9	100.000	21	0	0	1	21	4403	4383	2.1	39.2
Query_473879	AC011531.7	100.000	21	0	0	1	21	25410	25390	2.1	39.2
Query_473879	BC018143.2	100.000	21	0	0	1	21	464	444	2.1	39.2
Query_473879	BC009850.2	100.000	21	0	0	1	21	461	441	2.1	39.2
Query_473879	L22005.1	100.000	21	0	0	1	21	448	428	2.1	39.2


