# blastn
# Iteration: 0
# Query: 
# RID: 9R00SSJK016
# Database: nt
# Fields: query acc.ver, subject acc.ver, % identity, alignment length, mismatches, gap opens, q. start, q. end, s. start, s. end, evalue, bit score
# 100 hits found
Query_24727	XM_008973507.2	100.000	21	0	0	1	21	1313	1293	2.1	39.2
Query_24727	XM_008973506.2	100.000	21	0	0	1	21	1435	1415	2.1	39.2
Query_24727	XM_008973505.2	100.000	21	0	0	1	21	1312	1292	2.1	39.2
Query_24727	XM_008973504.2	100.000	21	0	0	1	21	1548	1528	2.1	39.2
Query_24727	XM_033203753.1	100.000	21	0	0	1	21	1538	1518	2.1	39.2
Query_24727	XM_033203752.1	100.000	21	0	0	1	21	1215	1195	2.1	39.2
Query_24727	XM_033203751.1	100.000	21	0	0	1	21	1398	1378	2.1	39.2
Query_24727	XM_033203750.1	100.000	21	0	0	1	21	1608	1588	2.1	39.2
Query_24727	XM_032910266.1	100.000	21	0	0	1	21	1305	1285	2.1	39.2
Query_24727	XM_032910265.1	100.000	21	0	0	1	21	1309	1289	2.1	39.2
Query_24727	XM_023208331.2	100.000	21	0	0	1	21	1555	1535	2.1	39.2
Query_24727	MN297105.1	100.000	21	0	0	1	21	658	678	2.1	39.2
Query_24727	XM_009187375.4	100.000	21	0	0	1	21	1752	1732	2.1	39.2
Query_24727	XM_017948986.3	100.000	21	0	0	1	21	1755	1735	2.1	39.2
Query_24727	XM_031345838.1	100.000	21	0	0	1	21	1411	1391	2.1	39.2
Query_24727	XM_031345837.1	100.000	21	0	0	1	21	1189	1169	2.1	39.2
Query_24727	XM_019036832.2	100.000	21	0	0	1	21	1238	1218	2.1	39.2
Query_24727	XM_019036831.2	100.000	21	0	0	1	21	1349	1329	2.1	39.2
Query_24727	XM_019036830.2	100.000	21	0	0	1	21	1401	1381	2.1	39.2
Query_24727	XM_004052199.3	100.000	21	0	0	1	21	1307	1287	2.1	39.2
Query_24727	XM_019036829.2	100.000	21	0	0	1	21	1260	1240	2.1	39.2
Query_24727	XM_004052196.3	100.000	21	0	0	1	21	1549	1529	2.1	39.2
Query_24727	XM_019036828.2	100.000	21	0	0	1	21	1243	1223	2.1	39.2
Query_24727	XM_030918025.1	100.000	21	0	0	1	21	1537	1517	2.1	39.2
Query_24727	XM_030918024.1	100.000	21	0	0	1	21	1262	1242	2.1	39.2
Query_24727	XM_030918023.1	100.000	21	0	0	1	21	1398	1378	2.1	39.2
Query_24727	XM_030918022.1	100.000	21	0	0	1	21	1550	1530	2.1	39.2
Query_24727	XM_012495929.2	100.000	21	0	0	1	21	1750	1730	2.1	39.2
Query_24727	XM_030829655.1	100.000	21	0	0	1	21	1352	1332	2.1	39.2
Query_24727	XM_003253205.3	100.000	21	0	0	1	21	1753	1733	2.1	39.2
Query_24727	NM_001164831.3	100.000	21	0	0	1	21	1302	1282	2.1	39.2
Query_24727	NM_001164836.3	100.000	21	0	0	1	21	1410	1390	2.1	39.2
Query_24727	NM_001164832.3	100.000	21	0	0	1	21	1334	1314	2.1	39.2
Query_24727	XM_028832549.1	100.000	21	0	0	1	21	1746	1726	2.1	39.2
Query_24727	XM_028832548.1	100.000	21	0	0	1	21	1749	1729	2.1	39.2
Query_24727	XM_015115799.2	100.000	21	0	0	1	21	1752	1732	2.1	39.2
Query_24727	NM_022003.4	100.000	21	0	0	1	21	1237	1217	2.1	39.2
Query_24727	XM_025355540.1	100.000	21	0	0	1	21	1701	1681	2.1	39.2
Query_24727	XR_003115550.1	100.000	21	0	0	1	21	1382	1362	2.1	39.2
Query_24727	XM_025355539.1	100.000	21	0	0	1	21	1704	1684	2.1	39.2
Query_24727	XM_025355538.1	100.000	21	0	0	1	21	1748	1728	2.1	39.2
Query_24727	XM_025355537.1	100.000	21	0	0	1	21	1751	1731	2.1	39.2
Query_24727	XM_025355536.1	100.000	21	0	0	1	21	1830	1810	2.1	39.2
Query_24727	XM_025355535.1	100.000	21	0	0	1	21	1931	1911	2.1	39.2
Query_24727	XM_025355534.1	100.000	21	0	0	1	21	1351	1331	2.1	39.2
Query_24727	XM_025355533.1	100.000	21	0	0	1	21	1855	1835	2.1	39.2
Query_24727	XM_025355532.1	100.000	21	0	0	1	21	1754	1734	2.1	39.2
Query_24727	XM_025355531.1	100.000	21	0	0	1	21	1726	1706	2.1	39.2
Query_24727	XM_011732382.2	100.000	21	0	0	1	21	1191	1171	2.1	39.2
Query_24727	XM_016919836.2	100.000	21	0	0	1	21	1346	1326	2.1	39.2
Query_24727	XM_016919834.2	100.000	21	0	0	1	21	1754	1734	2.1	39.2
Query_24727	XM_016919833.2	100.000	21	0	0	1	21	1349	1329	2.1	39.2
Query_24727	XM_024254481.1	100.000	21	0	0	1	21	1416	1396	2.1	39.2
Query_24727	XM_009247112.2	100.000	21	0	0	1	21	1624	1604	2.1	39.2
Query_24727	XM_023208330.1	100.000	21	0	0	1	21	1687	1667	2.1	39.2
Query_24727	XM_017883084.1	100.000	21	0	0	1	21	1498	1478	2.1	39.2
Query_24727	XM_017883083.1	100.000	21	0	0	1	21	1245	1225	2.1	39.2
Query_24727	XM_017883082.1	100.000	21	0	0	1	21	1610	1590	2.1	39.2
Query_24727	XM_005579774.2	100.000	21	0	0	1	21	1310	1290	2.1	39.2
Query_24727	XM_015435336.1	100.000	21	0	0	1	21	1189	1169	2.1	39.2
Query_24727	XM_015435335.1	100.000	21	0	0	1	21	1248	1228	2.1	39.2
Query_24727	XM_005579772.2	100.000	21	0	0	1	21	1327	1307	2.1	39.2
Query_24727	XM_011732383.1	100.000	21	0	0	1	21	1751	1731	2.1	39.2
Query_24727	XM_011732381.1	100.000	21	0	0	1	21	1754	1734	2.1	39.2
Query_24727	XM_012052934.1	100.000	21	0	0	1	21	1540	1520	2.1	39.2
Query_24727	XM_012052933.1	100.000	21	0	0	1	21	1604	1584	2.1	39.2
Query_24727	XR_001000131.1	100.000	21	0	0	1	21	606	626	2.1	39.2
Query_24727	XM_011926864.1	100.000	21	0	0	1	21	1262	1242	2.1	39.2
Query_24727	XM_011926863.1	100.000	21	0	0	1	21	1265	1245	2.1	39.2
Query_24727	XM_011926862.1	100.000	21	0	0	1	21	1309	1289	2.1	39.2
Query_24727	XM_011926861.1	100.000	21	0	0	1	21	1312	1292	2.1	39.2
Query_24727	XM_011926860.1	100.000	21	0	0	1	21	1305	1285	2.1	39.2
Query_24727	XM_011926858.1	100.000	21	0	0	1	21	1311	1291	2.1	39.2
Query_24727	XM_011926857.1	100.000	21	0	0	1	21	1488	1468	2.1	39.2
Query_24727	XM_011926856.1	100.000	21	0	0	1	21	1351	1331	2.1	39.2
Query_24727	XM_011926855.1	100.000	21	0	0	1	21	1412	1392	2.1	39.2
Query_24727	XM_011926854.1	100.000	21	0	0	1	21	1315	1295	2.1	39.2
Query_24727	XM_011926853.1	100.000	21	0	0	1	21	1287	1267	2.1	39.2
Query_24727	XM_011926852.1	100.000	21	0	0	1	21	1391	1371	2.1	39.2
Query_24727	XM_011926851.1	100.000	21	0	0	1	21	1460	1440	2.1	39.2
Query_24727	XR_001004327.1	100.000	21	0	0	1	21	594	614	2.1	39.2
Query_24727	XM_011964847.1	100.000	21	0	0	1	21	1627	1607	2.1	39.2
Query_24727	XM_011964846.1	100.000	21	0	0	1	21	1701	1681	2.1	39.2
Query_24727	XM_011964845.1	100.000	21	0	0	1	21	1704	1684	2.1	39.2
Query_24727	XM_011964844.1	100.000	21	0	0	1	21	1748	1728	2.1	39.2
Query_24727	XM_011964843.1	100.000	21	0	0	1	21	1751	1731	2.1	39.2
Query_24727	XM_011964841.1	100.000	21	0	0	1	21	1305	1285	2.1	39.2
Query_24727	XM_011964840.1	100.000	21	0	0	1	21	1830	1810	2.1	39.2
Query_24727	XM_011964839.1	100.000	21	0	0	1	21	1931	1911	2.1	39.2
Query_24727	XM_011964838.1	100.000	21	0	0	1	21	1351	1331	2.1	39.2
Query_24727	XM_011964837.1	100.000	21	0	0	1	21	1855	1835	2.1	39.2
Query_24727	OA986016.1	100.000	21	0	0	1	21	832	852	2.1	39.2
Query_24727	XM_039082068.1	100.000	21	0	0	1	21	1291	1271	2.1	39.2
Query_24727	XM_008766171.3	100.000	21	0	0	1	21	1286	1266	2.1	39.2
Query_24727	XM_039082067.1	100.000	21	0	0	1	21	1157	1137	2.1	39.2
Query_24727	XM_008021029.2	100.000	21	0	0	1	21	1553	1533	2.1	39.2
Query_24727	XM_008021027.2	100.000	21	0	0	1	21	1615	1595	2.1	39.2
Query_24727	NM_022005.3	100.000	21	0	0	1	21	1299	1279	2.1	39.2
Query_24727	LR877225.1	100.000	21	0	0	1	21	37015920	37015900	2.1	39.2
Query_24727	NM_001164837.3	100.000	21	0	0	1	21	1313	1293	2.1	39.2


