# blastn
# Iteration: 0
# Query: 
# RID: 9PPARC1X016
# Database: nt
# Fields: query acc.ver, subject acc.ver, % identity, alignment length, mismatches, gap opens, q. start, q. end, s. start, s. end, evalue, bit score
# 100 hits found
Query_36535	XM_034495208.1	100.000	21	0	0	1	21	1743	1723	2.1	39.2
Query_36535	XM_034495199.1	100.000	21	0	0	1	21	1778	1758	2.1	39.2
Query_36535	XM_033207624.1	100.000	21	0	0	1	21	1790	1770	2.1	39.2
Query_36535	XM_033207623.1	100.000	21	0	0	1	21	1857	1837	2.1	39.2
Query_36535	XR_004436191.1	100.000	21	0	0	1	21	1860	1840	2.1	39.2
Query_36535	XR_004436190.1	100.000	21	0	0	1	21	1795	1775	2.1	39.2
Query_36535	XM_033207622.1	100.000	21	0	0	1	21	1856	1836	2.1	39.2
Query_36535	XM_033120108.1	100.000	21	0	0	1	21	1727	1707	2.1	39.2
Query_36535	XM_033120107.1	100.000	21	0	0	1	21	1799	1779	2.1	39.2
Query_36535	XM_032892923.1	100.000	21	0	0	1	21	1530	1510	2.1	39.2
Query_36535	XM_032166649.2	100.000	21	0	0	1	21	1474	1454	2.1	39.2
Query_36535	XM_032489050.1	100.000	21	0	0	1	21	1863	1843	2.1	39.2
Query_36535	XM_032489049.1	100.000	21	0	0	1	21	1912	1892	2.1	39.2
Query_36535	XM_032489048.1	100.000	21	0	0	1	21	1862	1842	2.1	39.2
Query_36535	XM_032489047.1	100.000	21	0	0	1	21	1911	1891	2.1	39.2
Query_36535	XM_032166651.1	100.000	21	0	0	1	21	1441	1421	2.1	39.2
Query_36535	XR_004250229.1	100.000	21	0	0	1	21	1415	1395	2.1	39.2
Query_36535	XM_031933959.1	100.000	21	0	0	1	21	1807	1787	2.1	39.2
Query_36535	XM_023189815.3	100.000	21	0	0	1	21	1874	1854	2.1	39.2
Query_36535	XM_023189814.3	100.000	21	0	0	1	21	1873	1853	2.1	39.2
Query_36535	XM_031681219.1	100.000	21	0	0	1	21	1488	1468	2.1	39.2
Query_36535	XM_031653328.1	100.000	21	0	0	1	21	1861	1841	2.1	39.2
Query_36535	XR_004177484.1	100.000	21	0	0	1	21	1861	1841	2.1	39.2
Query_36535	XR_004177483.1	100.000	21	0	0	1	21	1861	1841	2.1	39.2
Query_36535	XR_004177482.1	100.000	21	0	0	1	21	1803	1783	2.1	39.2
Query_36535	XM_040756482.1	100.000	21	0	0	1	21	1561	1541	2.1	39.2
Query_36535	XM_040756471.1	100.000	21	0	0	1	21	1489	1469	2.1	39.2
Query_36535	XM_040756462.1	100.000	21	0	0	1	21	1561	1541	2.1	39.2
Query_36535	XM_040258410.1	100.000	21	0	0	1	21	1809	1789	2.1	39.2
Query_36535	XM_039863542.1	100.000	21	0	0	1	21	1575	1555	2.1	39.2
Query_36535	XM_039470498.1	100.000	21	0	0	1	21	1550	1530	2.1	39.2
Query_36535	XM_039470497.1	100.000	21	0	0	1	21	1877	1857	2.1	39.2
Query_36535	XM_039470496.1	100.000	21	0	0	1	21	1769	1749	2.1	39.2
Query_36535	XM_039470495.1	100.000	21	0	0	1	21	1877	1857	2.1	39.2
Query_36535	XM_039078190.1	100.000	21	0	0	1	21	1819	1799	2.1	39.2
Query_36535	XM_039078189.1	100.000	21	0	0	1	21	975	955	2.1	39.2
Query_36535	XM_017589204.2	100.000	21	0	0	1	21	1744	1724	2.1	39.2
Query_36535	XM_038341029.1	100.000	21	0	0	1	21	1563	1543	2.1	39.2
Query_36535	XM_038341024.1	100.000	21	0	0	1	21	1563	1543	2.1	39.2
Query_36535	XM_037999738.1	100.000	21	0	0	1	21	1560	1540	2.1	39.2
Query_36535	XM_037999737.1	100.000	21	0	0	1	21	1840	1820	2.1	39.2
Query_36535	XM_037999736.1	100.000	21	0	0	1	21	1768	1748	2.1	39.2
Query_36535	XM_008007293.2	100.000	21	0	0	1	21	1840	1820	2.1	39.2
Query_36535	XM_037840027.1	100.000	21	0	0	1	21	1777	1757	2.1	39.2
Query_36535	XM_037840026.1	100.000	21	0	0	1	21	1770	1750	2.1	39.2
Query_36535	XM_017500309.2	100.000	21	0	0	1	21	1547	1527	2.1	39.2
Query_36535	XM_037522637.1	100.000	21	0	0	1	21	1804	1784	2.1	39.2
Query_36535	XM_037133802.1	100.000	21	0	0	1	21	1867	1847	2.1	39.2
Query_36535	XM_037050108.1	100.000	21	0	0	1	21	1022	1002	2.1	39.2
Query_36535	XM_037050107.1	100.000	21	0	0	1	21	1790	1770	2.1	39.2
Query_36535	XM_037050106.1	100.000	21	0	0	1	21	1862	1842	2.1	39.2
Query_36535	XM_037026327.1	100.000	21	0	0	1	21	1493	1473	2.1	39.2
Query_36535	XM_037026326.1	100.000	21	0	0	1	21	1565	1545	2.1	39.2
Query_36535	XM_036930928.1	100.000	21	0	0	1	21	1534	1514	2.1	39.2
Query_36535	XM_036930927.1	100.000	21	0	0	1	21	1606	1586	2.1	39.2
Query_36535	XM_036860165.1	100.000	21	0	0	1	21	1510	1490	2.1	39.2
Query_36535	XM_036860164.1	100.000	21	0	0	1	21	1582	1562	2.1	39.2
Query_36535	XM_036428615.1	100.000	21	0	0	1	21	1824	1804	2.1	39.2
Query_36535	XM_036428614.1	100.000	21	0	0	1	21	1813	1793	2.1	39.2
Query_36535	XR_004986364.1	100.000	21	0	0	1	21	1810	1790	2.1	39.2
Query_36535	XM_036428612.1	100.000	21	0	0	1	21	1822	1802	2.1	39.2
Query_36535	XM_036428611.1	100.000	21	0	0	1	21	1483	1463	2.1	39.2
Query_36535	XM_036428610.1	100.000	21	0	0	1	21	1810	1790	2.1	39.2
Query_36535	XM_036428609.1	100.000	21	0	0	1	21	1805	1785	2.1	39.2
Query_36535	XM_036428608.1	100.000	21	0	0	1	21	1804	1784	2.1	39.2
Query_36535	XM_036428607.1	100.000	21	0	0	1	21	1752	1732	2.1	39.2
Query_36535	XM_036428606.1	100.000	21	0	0	1	21	1815	1795	2.1	39.2
Query_36535	XM_036428605.1	100.000	21	0	0	1	21	1824	1804	2.1	39.2
Query_36535	XM_036325330.1	100.000	21	0	0	1	21	1795	1775	2.1	39.2
Query_36535	XM_036325329.1	100.000	21	0	0	1	21	1799	1779	2.1	39.2
Query_36535	XM_036325328.1	100.000	21	0	0	1	21	1799	1779	2.1	39.2
Query_36535	XM_036325327.1	100.000	21	0	0	1	21	1797	1777	2.1	39.2
Query_36535	XM_036325326.1	100.000	21	0	0	1	21	1798	1778	2.1	39.2
Query_36535	XM_036325325.1	100.000	21	0	0	1	21	1797	1777	2.1	39.2
Query_36535	XM_036325324.1	100.000	21	0	0	1	21	1797	1777	2.1	39.2
Query_36535	XM_036325323.1	100.000	21	0	0	1	21	1500	1480	2.1	39.2
Query_36535	XM_036325322.1	100.000	21	0	0	1	21	1797	1777	2.1	39.2
Query_36535	XM_036325321.1	100.000	21	0	0	1	21	1796	1776	2.1	39.2
Query_36535	XM_036325320.1	100.000	21	0	0	1	21	1798	1778	2.1	39.2
Query_36535	XM_036325319.1	100.000	21	0	0	1	21	1796	1776	2.1	39.2
Query_36535	XM_036258063.1	100.000	21	0	0	1	21	1808	1788	2.1	39.2
Query_36535	XM_036258062.1	100.000	21	0	0	1	21	1512	1492	2.1	39.2
Query_36535	XM_036258061.1	100.000	21	0	0	1	21	1808	1788	2.1	39.2
Query_36535	XM_016147368.2	100.000	21	0	0	1	21	1817	1797	2.1	39.2
Query_36535	XM_036221862.1	100.000	21	0	0	1	21	1560	1540	2.1	39.2
Query_36535	XM_016147367.2	100.000	21	0	0	1	21	1817	1797	2.1	39.2
Query_36535	XM_036189007.1	100.000	21	0	0	1	21	1722	1702	2.1	39.2
Query_36535	XM_036189000.1	100.000	21	0	0	1	21	1739	1719	2.1	39.2
Query_36535	XM_036188991.1	100.000	21	0	0	1	21	1765	1745	2.1	39.2
Query_36535	XM_028514394.2	100.000	21	0	0	1	21	1851	1831	2.1	39.2
Query_36535	XM_036028997.1	100.000	21	0	0	1	21	1853	1833	2.1	39.2
Query_36535	XM_028514393.2	100.000	21	0	0	1	21	1778	1758	2.1	39.2
Query_36535	XM_028514392.2	100.000	21	0	0	1	21	1850	1830	2.1	39.2
Query_36535	LR862365.1	100.000	21	0	0	1	21	31666280	31666260	2.1	39.2
Query_36535	XM_035437289.1	100.000	21	0	0	1	21	1577	1557	2.1	39.2
Query_36535	XR_004767501.1	100.000	21	0	0	1	21	1577	1557	2.1	39.2
Query_36535	XM_003513382.4	100.000	21	0	0	1	21	1577	1557	2.1	39.2
Query_36535	XM_017977897.2	100.000	21	0	0	1	21	1840	1820	2.1	39.2
Query_36535	XM_017977895.2	100.000	21	0	0	1	21	1768	1748	2.1	39.2
Query_36535	XM_002755025.4	100.000	21	0	0	1	21	1840	1820	2.1	39.2


