# blastn
# Iteration: 0
# Query: 
# RID: 7RT0WBUC013
# Database: nt
# Fields: query acc.ver, subject acc.ver, % identity, alignment length, mismatches, gap opens, q. start, q. end, s. start, s. end, evalue, bit score
# 100 hits found
Query_26895	XM_034957736.1	100.000	21	0	0	1	21	77	57	2.1	39.2
Query_26895	XM_034947440.1	100.000	21	0	0	1	21	71	51	2.1	39.2
Query_26895	XM_034947439.1	100.000	21	0	0	1	21	301	281	2.1	39.2
Query_26895	XM_003806555.2	100.000	21	0	0	1	21	176	156	2.1	39.2
Query_26895	XM_014343092.2	100.000	21	0	0	1	21	423	403	2.1	39.2
Query_26895	XM_027946373.2	100.000	21	0	0	1	21	200	180	2.1	39.2
Query_26895	NM_199203.3	100.000	21	0	0	1	21	809	789	2.1	39.2
Query_26895	XM_019943822.2	100.000	21	0	0	1	21	71	51	2.1	39.2
Query_26895	XM_004319948.3	100.000	21	0	0	1	21	268	248	2.1	39.2
Query_26895	XM_019943821.2	100.000	21	0	0	1	21	1003	983	2.1	39.2
Query_26895	XM_004319947.3	100.000	21	0	0	1	21	159	139	2.1	39.2
Query_26895	XM_033767195.1	100.000	21	0	0	1	21	62	42	2.1	39.2
Query_26895	XM_010618228.3	100.000	21	0	0	1	21	32	12	2.1	39.2
Query_26895	XM_010618227.3	100.000	21	0	0	1	21	81	61	2.1	39.2
Query_26895	XM_033411191.1	100.000	21	0	0	1	21	71	51	2.1	39.2
Query_26895	XM_012537827.2	100.000	21	0	0	1	21	247	227	2.1	39.2
Query_26895	XM_033411190.1	100.000	21	0	0	1	21	986	966	2.1	39.2
Query_26895	XM_004282897.3	100.000	21	0	0	1	21	159	139	2.1	39.2
Query_26895	XM_033194822.1	100.000	21	0	0	1	21	74	54	2.1	39.2
Query_26895	XM_033186721.1	100.000	21	0	0	1	21	76	56	2.1	39.2
Query_26895	XM_033186720.1	100.000	21	0	0	1	21	50	30	2.1	39.2
Query_26895	XM_033186719.1	100.000	21	0	0	1	21	389	369	2.1	39.2
Query_26895	XM_033186718.1	100.000	21	0	0	1	21	225	205	2.1	39.2
Query_26895	XM_033186717.1	100.000	21	0	0	1	21	360	340	2.1	39.2
Query_26895	XM_033186716.1	100.000	21	0	0	1	21	242	222	2.1	39.2
Query_26895	XM_033186715.1	100.000	21	0	0	1	21	163	143	2.1	39.2
Query_26895	XM_033097640.1	100.000	21	0	0	1	21	66	46	2.1	39.2
Query_26895	XM_033094554.1	100.000	21	0	0	1	21	156	136	2.1	39.2
Query_26895	XM_032604832.1	100.000	21	0	0	1	21	168	148	2.1	39.2
Query_26895	XM_032604831.1	100.000	21	0	0	1	21	76	56	2.1	39.2
Query_26895	XM_032604830.1	100.000	21	0	0	1	21	174	154	2.1	39.2
Query_26895	XM_032604829.1	100.000	21	0	0	1	21	172	152	2.1	39.2
Query_26895	XM_032461362.1	100.000	21	0	0	1	21	115	95	2.1	39.2
Query_26895	XM_032256018.1	100.000	21	0	0	1	21	71	51	2.1	39.2
Query_26895	XM_032256017.1	100.000	21	0	0	1	21	71	51	2.1	39.2
Query_26895	XM_032256016.1	100.000	21	0	0	1	21	142	122	2.1	39.2
Query_26895	XR_004267840.1	100.000	21	0	0	1	21	59	39	2.1	39.2
Query_26895	XM_032143073.1	100.000	21	0	0	1	21	76	56	2.1	39.2
Query_26895	XM_032143072.1	100.000	21	0	0	1	21	115	95	2.1	39.2
Query_26895	XM_023184186.2	100.000	21	0	0	1	21	76	56	2.1	39.2
Query_26895	XM_013358595.3	100.000	21	0	0	1	21	53	33	2.1	39.2
Query_26895	XM_040275523.1	100.000	21	0	0	1	21	72	52	2.1	39.2
Query_26895	XM_040275522.1	100.000	21	0	0	1	21	69	49	2.1	39.2
Query_26895	XM_040275521.1	100.000	21	0	0	1	21	72	52	2.1	39.2
Query_26895	XR_005722423.1	100.000	21	0	0	1	21	181	161	2.1	39.2
Query_26895	XM_040248194.1	100.000	21	0	0	1	21	79	59	2.1	39.2
Query_26895	XM_040248193.1	100.000	21	0	0	1	21	54	34	2.1	39.2
Query_26895	XM_040248192.1	100.000	21	0	0	1	21	55	35	2.1	39.2
Query_26895	XM_040248190.1	100.000	21	0	0	1	21	121	101	2.1	39.2
Query_26895	XM_040248189.1	100.000	21	0	0	1	21	305	285	2.1	39.2
Query_26895	XM_039864588.1	100.000	21	0	0	1	21	71	51	2.1	39.2
Query_26895	XM_039864587.1	100.000	21	0	0	1	21	71	51	2.1	39.2
Query_26895	XM_039864584.1	100.000	21	0	0	1	21	139	119	2.1	39.2
Query_26895	XM_010343114.2	100.000	21	0	0	1	21	278	258	2.1	39.2
Query_26895	XM_039479769.1	100.000	21	0	0	1	21	114	94	2.1	39.2
Query_26895	XM_039479768.1	100.000	21	0	0	1	21	71	51	2.1	39.2
Query_26895	XM_039479767.1	100.000	21	0	0	1	21	114	94	2.1	39.2
Query_26895	XM_039477794.1	100.000	21	0	0	1	21	62	42	2.1	39.2
Query_26895	CP068258.1	100.000	21	0	0	1	21	51866566	51866586	2.1	39.2
Query_26895	XM_037988979.1	100.000	21	0	0	1	21	88	68	2.1	39.2
Query_26895	XM_037983802.1	100.000	21	0	0	1	21	73	53	2.1	39.2
Query_26895	XM_008014329.2	100.000	21	0	0	1	21	76	56	2.1	39.2
Query_26895	XM_037982646.1	100.000	21	0	0	1	21	49	29	2.1	39.2
Query_26895	XM_008014322.2	100.000	21	0	0	1	21	345	325	2.1	39.2
Query_26895	XM_037982645.1	100.000	21	0	0	1	21	50	30	2.1	39.2
Query_26895	XM_008014318.2	100.000	21	0	0	1	21	205	185	2.1	39.2
Query_26895	XM_008014312.2	100.000	21	0	0	1	21	139	119	2.1	39.2
Query_26895	XM_037821188.1	100.000	21	0	0	1	21	75	55	2.1	39.2
Query_26895	XM_037810938.1	100.000	21	0	0	1	21	91	71	2.1	39.2
Query_26895	XM_037799127.1	100.000	21	0	0	1	21	54	34	2.1	39.2
Query_26895	XM_037739054.1	100.000	21	0	0	1	21	515	495	2.1	39.2
Query_26895	XR_005200512.1	100.000	21	0	0	1	21	142	122	2.1	39.2
Query_26895	XR_005200511.1	100.000	21	0	0	1	21	142	122	2.1	39.2
Query_26895	XR_005200510.1	100.000	21	0	0	1	21	142	122	2.1	39.2
Query_26895	XR_005200509.1	100.000	21	0	0	1	21	142	122	2.1	39.2
Query_26895	XM_017529922.2	100.000	21	0	0	1	21	142	122	2.1	39.2
Query_26895	XM_017529921.2	100.000	21	0	0	1	21	142	122	2.1	39.2
Query_26895	XM_037500285.1	100.000	21	0	0	1	21	103	83	2.1	39.2
Query_26895	XM_017651907.2	100.000	21	0	0	1	21	173	153	2.1	39.2
Query_26895	XM_017651906.2	100.000	21	0	0	1	21	269	249	2.1	39.2
Query_26895	XM_017651904.2	100.000	21	0	0	1	21	161	141	2.1	39.2
Query_26895	XM_017651903.2	100.000	21	0	0	1	21	139	119	2.1	39.2
Query_26895	XM_036901999.1	100.000	21	0	0	1	21	162	142	2.1	39.2
Query_26895	XM_036901998.1	100.000	21	0	0	1	21	265	245	2.1	39.2
Query_26895	XM_036901997.1	100.000	21	0	0	1	21	51	31	2.1	39.2
Query_26895	XM_036901996.1	100.000	21	0	0	1	21	139	119	2.1	39.2
Query_26895	XM_036229301.1	100.000	21	0	0	1	21	71	51	2.1	39.2
Query_26895	XM_016143743.2	100.000	21	0	0	1	21	71	51	2.1	39.2
Query_26895	XM_016143742.2	100.000	21	0	0	1	21	130	110	2.1	39.2
Query_26895	AP023480.1	100.000	21	0	0	1	21	48159236	48159256	2.1	39.2
Query_26895	NR_104218.2	100.000	21	0	0	1	21	350	330	2.1	39.2
Query_26895	NM_001282580.2	100.000	21	0	0	1	21	76	56	2.1	39.2
Query_26895	NM_001257398.2	100.000	21	0	0	1	21	215	195	2.1	39.2
Query_26895	NM_001282579.2	100.000	21	0	0	1	21	176	156	2.1	39.2
Query_26895	NM_001282576.2	100.000	21	0	0	1	21	350	330	2.1	39.2
Query_26895	XM_017971642.2	100.000	21	0	0	1	21	488	468	2.1	39.2
Query_26895	XM_035297863.1	100.000	21	0	0	1	21	309	289	2.1	39.2
Query_26895	XM_017971646.2	100.000	21	0	0	1	21	86	66	2.1	39.2
Query_26895	XM_035297862.1	100.000	21	0	0	1	21	488	468	2.1	39.2
Query_26895	XM_017971644.2	100.000	21	0	0	1	21	176	156	2.1	39.2


