# blastn
# Iteration: 0
# Query: 
# RID: 742XSJ3S013
# Database: nt
# Fields: query acc.ver, subject acc.ver, % identity, alignment length, mismatches, gap opens, q. start, q. end, s. start, s. end, evalue, bit score
# 100 hits found
Query_40719	XM_035012868.1	100.000	21	0	0	1	21	1567	1547	2.1	39.2
Query_40719	XM_035012867.1	100.000	21	0	0	1	21	1567	1547	2.1	39.2
Query_40719	XM_034768793.1	100.000	21	0	0	1	21	238	218	2.1	39.2
Query_40719	XM_034494637.1	100.000	21	0	0	1	21	639	619	2.1	39.2
Query_40719	XM_033860719.1	100.000	21	0	0	1	21	2393	2373	2.1	39.2
Query_40719	XM_004264119.3	100.000	21	0	0	1	21	2312	2292	2.1	39.2
Query_40719	CP050597.1	100.000	21	0	0	1	21	38655113	38655133	2.1	39.2
Query_40719	CP050570.1	100.000	21	0	0	1	21	29595671	29595691	2.1	39.2
Query_40719	CP050610.1	100.000	21	0	0	1	21	29594747	29594767	2.1	39.2
Query_40719	CP050607.1	100.000	21	0	0	1	21	38648617	38648637	2.1	39.2
Query_40719	XM_033207523.1	100.000	21	0	0	1	21	454	434	2.1	39.2
Query_40719	XM_033121437.1	100.000	21	0	0	1	21	650	630	2.1	39.2
Query_40719	XM_032901983.1	100.000	21	0	0	1	21	658	638	2.1	39.2
Query_40719	XM_032846512.1	100.000	21	0	0	1	21	454	434	2.1	39.2
Query_40719	XM_040464422.1	100.000	21	0	0	1	21	602	582	2.1	39.2
Query_40719	XM_040495132.1	100.000	21	0	0	1	21	2262	2242	2.1	39.2
Query_40719	XM_040495131.1	100.000	21	0	0	1	21	454	434	2.1	39.2
Query_40719	XM_040284337.1	100.000	21	0	0	1	21	606	586	2.1	39.2
Query_40719	XM_005331595.4	100.000	21	0	0	1	21	677	657	2.1	39.2
Query_40719	XR_005733507.1	100.000	21	0	0	1	21	1020	1000	2.1	39.2
Query_40719	XR_005733506.1	100.000	21	0	0	1	21	1020	1000	2.1	39.2
Query_40719	XR_005733505.1	100.000	21	0	0	1	21	1020	1000	2.1	39.2
Query_40719	XM_040284336.1	100.000	21	0	0	1	21	1020	1000	2.1	39.2
Query_40719	HG994409.1	100.000	21	0	0	1	21	15596253	15596273	2.1	39.2
Query_40719	HG994402.1	100.000	21	0	0	1	21	17413072	17413052	2.1	39.2
Query_40719	XM_039537050.1	100.000	21	0	0	1	21	808	788	2.1	39.2
Query_40719	XM_039537049.1	100.000	21	0	0	1	21	808	788	2.1	39.2
Query_40719	XM_003920107.3	100.000	21	0	0	1	21	493	473	2.1	39.2
Query_40719	XR_005530627.1	100.000	21	0	0	1	21	647	627	2.1	39.2
Query_40719	XM_039245053.1	100.000	21	0	0	1	21	647	627	2.1	39.2
Query_40719	XM_039242914.1	100.000	21	0	0	1	21	508	488	2.1	39.2
Query_40719	XM_039105918.1	100.000	21	0	0	1	21	671	651	2.1	39.2
Query_40719	XM_038437592.1	100.000	21	0	0	1	21	1182	1162	2.1	39.2
Query_40719	XM_038424307.1	100.000	21	0	0	1	21	1524	1504	2.1	39.2
Query_40719	XM_005636614.4	100.000	21	0	0	1	21	1184	1164	2.1	39.2
Query_40719	XM_540614.5	100.000	21	0	0	1	21	1524	1504	2.1	39.2
Query_40719	XM_038337348.1	100.000	21	0	0	1	21	709	689	2.1	39.2
Query_40719	XM_038337347.1	100.000	21	0	0	1	21	805	785	2.1	39.2
Query_40719	XM_038337346.1	100.000	21	0	0	1	21	2194	2174	2.1	39.2
Query_40719	XM_037999312.1	100.000	21	0	0	1	21	488	468	2.1	39.2
Query_40719	XM_027830371.2	100.000	21	0	0	1	21	1141	1121	2.1	39.2
Query_40719	XM_007068193.3	100.000	21	0	0	1	21	708	688	2.1	39.2
Query_40719	XM_037839095.1	100.000	21	0	0	1	21	605	585	2.1	39.2
Query_40719	XM_017498970.2	100.000	21	0	0	1	21	643	623	2.1	39.2
Query_40719	XM_037521487.1	100.000	21	0	0	1	21	500	480	2.1	39.2
Query_40719	XM_028894222.2	100.000	21	0	0	1	21	1141	1121	2.1	39.2
Query_40719	XM_037131481.1	100.000	21	0	0	1	21	517	497	2.1	39.2
Query_40719	XM_036861777.1	100.000	21	0	0	1	21	454	434	2.1	39.2
Query_40719	XM_004585300.3	100.000	21	0	0	1	21	472	452	2.1	39.2
Query_40719	XM_016160055.2	100.000	21	0	0	1	21	793	773	2.1	39.2
Query_40719	XM_036220410.1	100.000	21	0	0	1	21	8464	8444	2.1	39.2
Query_40719	XM_036220409.1	100.000	21	0	0	1	21	3032	3012	2.1	39.2
Query_40719	XM_036184637.1	100.000	21	0	0	1	21	1089	1069	2.1	39.2
Query_40719	XM_036184636.1	100.000	21	0	0	1	21	1089	1069	2.1	39.2
Query_40719	XM_006499210.5	100.000	21	0	0	1	21	487	467	2.1	39.2
Query_40719	XM_030250186.2	100.000	21	0	0	1	21	1341	1321	2.1	39.2
Query_40719	XM_030250185.2	100.000	21	0	0	1	21	1875	1855	2.1	39.2
Query_40719	XM_011239452.3	100.000	21	0	0	1	21	2123	2103	2.1	39.2
Query_40719	XM_030250184.2	100.000	21	0	0	1	21	3197	3177	2.1	39.2
Query_40719	XM_030250183.2	100.000	21	0	0	1	21	3085	3065	2.1	39.2
Query_40719	XM_036076582.1	100.000	21	0	0	1	21	454	434	2.1	39.2
Query_40719	XM_036076581.1	100.000	21	0	0	1	21	2331	2311	2.1	39.2
Query_40719	XM_036104324.1	100.000	21	0	0	1	21	703	683	2.1	39.2
Query_40719	XM_036104323.1	100.000	21	0	0	1	21	703	683	2.1	39.2
Query_40719	XM_036104322.1	100.000	21	0	0	1	21	625	605	2.1	39.2
Query_40719	XM_036104321.1	100.000	21	0	0	1	21	703	683	2.1	39.2
Query_40719	XM_030306612.2	100.000	21	0	0	1	21	473	453	2.1	39.2
Query_40719	XM_030306611.2	100.000	21	0	0	1	21	473	453	2.1	39.2
Query_40719	XM_030306610.2	100.000	21	0	0	1	21	551	531	2.1	39.2
Query_40719	XM_030306609.2	100.000	21	0	0	1	21	551	531	2.1	39.2
Query_40719	XM_030306608.2	100.000	21	0	0	1	21	551	531	2.1	39.2
Query_40719	XM_025474911.2	100.000	21	0	0	1	21	511	491	2.1	39.2
Query_40719	XM_035701839.1	100.000	21	0	0	1	21	420	400	2.1	39.2
Query_40719	XR_004806790.1	100.000	21	0	0	1	21	1524	1504	2.1	39.2
Query_40719	XM_025452228.2	100.000	21	0	0	1	21	1524	1504	2.1	39.2
Query_40719	XM_027579308.2	100.000	21	0	0	1	21	2385	2365	2.1	39.2
Query_40719	XM_027422654.2	100.000	21	0	0	1	21	688	668	2.1	39.2
Query_40719	XM_027422653.2	100.000	21	0	0	1	21	651	631	2.1	39.2
Query_40719	XM_035446209.1	100.000	21	0	0	1	21	788	768	2.1	39.2
Query_40719	XM_035446208.1	100.000	21	0	0	1	21	836	816	2.1	39.2
Query_40719	XM_027422650.2	100.000	21	0	0	1	21	749	729	2.1	39.2
Query_40719	XM_027422652.2	100.000	21	0	0	1	21	678	658	2.1	39.2
Query_40719	XM_027422649.2	100.000	21	0	0	1	21	1661	1641	2.1	39.2
Query_40719	XM_027422645.2	100.000	21	0	0	1	21	616	596	2.1	39.2
Query_40719	XM_027422644.2	100.000	21	0	0	1	21	687	667	2.1	39.2
Query_40719	XM_016977435.3	100.000	21	0	0	1	21	696	676	2.1	39.2
Query_40719	XM_007646647.4	100.000	21	0	0	1	21	653	633	2.1	39.2
Query_40719	XM_035458156.1	100.000	21	0	0	1	21	790	770	2.1	39.2
Query_40719	XM_035458155.1	100.000	21	0	0	1	21	838	818	2.1	39.2
Query_40719	XM_007646646.4	100.000	21	0	0	1	21	751	731	2.1	39.2
Query_40719	XM_007646645.4	100.000	21	0	0	1	21	679	659	2.1	39.2
Query_40719	XM_007646644.4	100.000	21	0	0	1	21	1663	1643	2.1	39.2
Query_40719	XM_027439121.2	100.000	21	0	0	1	21	624	604	2.1	39.2
Query_40719	XM_007646642.4	100.000	21	0	0	1	21	696	676	2.1	39.2
Query_40719	XM_035262719.1	100.000	21	0	0	1	21	2165	2145	2.1	39.2
Query_40719	XM_035262718.1	100.000	21	0	0	1	21	629	609	2.1	39.2
Query_40719	XM_035262717.1	100.000	21	0	0	1	21	888	868	2.1	39.2
Query_40719	XM_035262716.1	100.000	21	0	0	1	21	2538	2518	2.1	39.2
Query_40719	XM_035262715.1	100.000	21	0	0	1	21	988	968	2.1	39.2
Query_40719	XM_002755279.6	100.000	21	0	0	1	21	1106	1086	2.1	39.2


