# blastn
# Iteration: 0
# Query: 
# RID: 7PPWA9SJ01R
# Database: nt
# Fields: query acc.ver, subject acc.ver, % identity, alignment length, mismatches, gap opens, q. start, q. end, s. start, s. end, evalue, bit score
# 100 hits found
Query_436385	XM_035021105.1	100.000	21	0	0	1	21	708	688	2.1	39.2
Query_436385	XM_035021104.1	100.000	21	0	0	1	21	580	560	2.1	39.2
Query_436385	XM_035021103.1	100.000	21	0	0	1	21	803	783	2.1	39.2
Query_436385	XM_035021102.1	100.000	21	0	0	1	21	893	873	2.1	39.2
Query_436385	XM_008966038.2	100.000	21	0	0	1	21	775	755	2.1	39.2
Query_436385	XM_003813487.3	100.000	21	0	0	1	21	865	845	2.1	39.2
Query_436385	XM_034672035.1	100.000	21	0	0	1	21	813	793	2.1	39.2
Query_436385	XM_011230345.3	100.000	21	0	0	1	21	893	873	2.1	39.2
Query_436385	XM_033193636.1	100.000	21	0	0	1	21	263	243	2.1	39.2
Query_436385	XM_033193634.1	100.000	21	0	0	1	21	384	364	2.1	39.2
Query_436385	XM_033193633.1	100.000	21	0	0	1	21	794	774	2.1	39.2
Query_436385	XM_033193632.1	100.000	21	0	0	1	21	885	865	2.1	39.2
Query_436385	XM_033099115.1	100.000	21	0	0	1	21	265	245	2.1	39.2
Query_436385	XM_033099114.1	100.000	21	0	0	1	21	893	873	2.1	39.2
Query_436385	XM_032869283.1	100.000	21	0	0	1	21	794	774	2.1	39.2
Query_436385	XM_032869273.1	100.000	21	0	0	1	21	886	866	2.1	39.2
Query_436385	XM_032761727.1	100.000	21	0	0	1	21	890	870	2.1	39.2
Query_436385	XM_032761725.1	100.000	21	0	0	1	21	870	850	2.1	39.2
Query_436385	XM_032592449.1	100.000	21	0	0	1	21	484	464	2.1	39.2
Query_436385	XM_032401580.1	100.000	21	0	0	1	21	571	551	2.1	39.2
Query_436385	XM_032401579.1	100.000	21	0	0	1	21	859	839	2.1	39.2
Query_436385	XM_032401578.1	100.000	21	0	0	1	21	890	870	2.1	39.2
Query_436385	XM_032305552.1	100.000	21	0	0	1	21	814	794	2.1	39.2
Query_436385	XM_032305550.1	100.000	21	0	0	1	21	415	395	2.1	39.2
Query_436385	XM_032305549.1	100.000	21	0	0	1	21	905	885	2.1	39.2
Query_436385	XM_032275989.1	100.000	21	0	0	1	21	834	814	2.1	39.2
Query_436385	XM_032275988.1	100.000	21	0	0	1	21	775	755	2.1	39.2
Query_436385	XM_032275987.1	100.000	21	0	0	1	21	866	846	2.1	39.2
Query_436385	XR_004076671.1	100.000	21	0	0	1	21	541	521	2.1	39.2
Query_436385	XM_031023656.1	100.000	21	0	0	1	21	512	492	2.1	39.2
Query_436385	XM_031023655.1	100.000	21	0	0	1	21	768	748	2.1	39.2
Query_436385	XM_006729221.2	100.000	21	0	0	1	21	794	774	2.1	39.2
Query_436385	XM_019031233.2	100.000	21	0	0	1	21	761	741	2.1	39.2
Query_436385	XM_019031231.2	100.000	21	0	0	1	21	854	834	2.1	39.2
Query_436385	XM_030825578.1	100.000	21	0	0	1	21	1490	1470	2.1	39.2
Query_436385	XM_003261322.3	100.000	21	0	0	1	21	851	831	2.1	39.2
Query_436385	XM_030308433.1	100.000	21	0	0	1	21	265	245	2.1	39.2
Query_436385	XM_030308432.1	100.000	21	0	0	1	21	789	769	2.1	39.2
Query_436385	XM_030308431.1	100.000	21	0	0	1	21	858	838	2.1	39.2
Query_436385	XM_030308430.1	100.000	21	0	0	1	21	881	861	2.1	39.2
Query_436385	XM_030308428.1	100.000	21	0	0	1	21	905	885	2.1	39.2
Query_436385	XM_030097192.1	100.000	21	0	0	1	21	674	654	2.1	39.2
Query_436385	XM_029923565.1	100.000	21	0	0	1	21	803	783	2.1	39.2
Query_436385	XM_029923555.1	100.000	21	0	0	1	21	436	416	2.1	39.2
Query_436385	XM_029923546.1	100.000	21	0	0	1	21	896	876	2.1	39.2
Query_436385	XM_029923540.1	100.000	21	0	0	1	21	529	509	2.1	39.2
Query_436385	XM_029923532.1	100.000	21	0	0	1	21	529	509	2.1	39.2
Query_436385	NM_001202498.2	100.000	21	0	0	1	21	471	451	2.1	39.2
Query_436385	NM_182697.3	100.000	21	0	0	1	21	757	737	2.1	39.2
Query_436385	XM_039860867.1	100.000	21	0	0	1	21	569	549	2.1	39.2
Query_436385	XM_039860866.1	100.000	21	0	0	1	21	802	782	2.1	39.2
Query_436385	XM_039860865.1	100.000	21	0	0	1	21	893	873	2.1	39.2
Query_436385	XM_039703672.1	100.000	21	0	0	1	21	145	125	2.1	39.2
Query_436385	MT197547.1	100.000	21	0	0	1	21	530	510	2.1	39.2
Query_436385	XM_003921004.3	100.000	21	0	0	1	21	868	848	2.1	39.2
Query_436385	XM_038686153.1	100.000	21	0	0	1	21	793	773	2.1	39.2
Query_436385	XM_038686152.1	100.000	21	0	0	1	21	531	511	2.1	39.2
Query_436385	XM_038686151.1	100.000	21	0	0	1	21	879	859	2.1	39.2
Query_436385	XM_005628390.4	100.000	21	0	0	1	21	793	773	2.1	39.2
Query_436385	XM_022427231.2	100.000	21	0	0	1	21	531	511	2.1	39.2
Query_436385	XM_852326.6	100.000	21	0	0	1	21	879	859	2.1	39.2
Query_436385	XM_038318476.1	100.000	21	0	0	1	21	834	814	2.1	39.2
Query_436385	XM_037739999.1	100.000	21	0	0	1	21	338	318	2.1	39.2
Query_436385	XM_017532568.2	100.000	21	0	0	1	21	453	433	2.1	39.2
Query_436385	XM_017532567.2	100.000	21	0	0	1	21	775	755	2.1	39.2
Query_436385	XM_017532566.2	100.000	21	0	0	1	21	866	846	2.1	39.2
Query_436385	XM_036426873.1	100.000	21	0	0	1	21	505	485	2.1	39.2
Query_436385	XM_036426864.1	100.000	21	0	0	1	21	819	799	2.1	39.2
Query_436385	XM_036426854.1	100.000	21	0	0	1	21	908	888	2.1	39.2
Query_436385	XM_036328704.1	100.000	21	0	0	1	21	720	700	2.1	39.2
Query_436385	XM_036328703.1	100.000	21	0	0	1	21	454	434	2.1	39.2
Query_436385	XM_036328702.1	100.000	21	0	0	1	21	704	684	2.1	39.2
Query_436385	XM_036328701.1	100.000	21	0	0	1	21	403	383	2.1	39.2
Query_436385	XM_036328700.1	100.000	21	0	0	1	21	421	401	2.1	39.2
Query_436385	XM_036328699.1	100.000	21	0	0	1	21	790	770	2.1	39.2
Query_436385	XM_036328698.1	100.000	21	0	0	1	21	496	476	2.1	39.2
Query_436385	XM_016148712.2	100.000	21	0	0	1	21	795	775	2.1	39.2
Query_436385	XM_016148711.2	100.000	21	0	0	1	21	887	867	2.1	39.2
Query_436385	XM_012876084.3	100.000	21	0	0	1	21	792	772	2.1	39.2
Query_436385	XM_036101282.1	100.000	21	0	0	1	21	694	674	2.1	39.2
Query_436385	XM_036101281.1	100.000	21	0	0	1	21	656	636	2.1	39.2
Query_436385	XM_036101280.1	100.000	21	0	0	1	21	809	789	2.1	39.2
Query_436385	XM_036101278.1	100.000	21	0	0	1	21	847	827	2.1	39.2
Query_436385	XM_036101277.1	100.000	21	0	0	1	21	899	879	2.1	39.2
Query_436385	XM_025471634.2	100.000	21	0	0	1	21	621	601	2.1	39.2
Query_436385	XM_025471633.2	100.000	21	0	0	1	21	664	644	2.1	39.2
Query_436385	XM_025471631.2	100.000	21	0	0	1	21	793	773	2.1	39.2
Query_436385	XM_025471630.2	100.000	21	0	0	1	21	566	546	2.1	39.2
Query_436385	XM_025471629.2	100.000	21	0	0	1	21	879	859	2.1	39.2
Query_436385	XM_027573206.2	100.000	21	0	0	1	21	793	773	2.1	39.2
Query_436385	XM_027573204.2	100.000	21	0	0	1	21	334	314	2.1	39.2
Query_436385	XM_027573203.2	100.000	21	0	0	1	21	886	866	2.1	39.2
Query_436385	XM_035642950.1	100.000	21	0	0	1	21	761	741	2.1	39.2
Query_436385	XM_027391395.2	100.000	21	0	0	1	21	870	850	2.1	39.2
Query_436385	XM_027391394.2	100.000	21	0	0	1	21	663	643	2.1	39.2
Query_436385	XM_035441534.1	100.000	21	0	0	1	21	392	372	2.1	39.2
Query_436385	XM_035254744.1	100.000	21	0	0	1	21	457	437	2.1	39.2
Query_436385	XM_035254743.1	100.000	21	0	0	1	21	790	770	2.1	39.2
Query_436385	XM_035254741.1	100.000	21	0	0	1	21	879	859	2.1	39.2
Query_436385	XM_002756944.5	100.000	21	0	0	1	21	829	809	2.1	39.2


