# blastn
# Iteration: 0
# Query: 
# RID: 72M9AMKV01R
# Database: nt
# Fields: query acc.ver, subject acc.ver, % identity, alignment length, mismatches, gap opens, q. start, q. end, s. start, s. end, evalue, bit score
# 36 hits found
Query_270703	XM_003828171.2	100.000	21	0	0	1	21	198	178	2.0	39.2
Query_270703	XM_033182838.1	100.000	21	0	0	1	21	154	134	2.0	39.2
Query_270703	XM_032163779.1	100.000	21	0	0	1	21	198	178	2.0	39.2
Query_270703	XM_031962947.1	100.000	21	0	0	1	21	2240	2220	2.0	39.2
Query_270703	XM_031962946.1	100.000	21	0	0	1	21	2357	2337	2.0	39.2
Query_270703	XM_023191497.3	100.000	21	0	0	1	21	198	178	2.0	39.2
Query_270703	NM_001194608.2	100.000	21	0	0	1	21	172	152	2.0	39.2
Query_270703	XM_003913140.4	100.000	21	0	0	1	21	2414	2394	2.0	39.2
Query_270703	XM_004041540.3	100.000	21	0	0	1	21	198	178	2.0	39.2
Query_270703	XM_010376233.2	100.000	21	0	0	1	21	170	150	2.0	39.2
Query_270703	XM_003270772.2	100.000	21	0	0	1	21	198	178	2.0	39.2
Query_270703	AY358627.2	100.000	21	0	0	1	21	187	167	2.0	39.2
Query_270703	NM_025237.3	100.000	21	0	0	1	21	204	184	2.0	39.2
Query_270703	CP034495.1	100.000	21	0	0	1	21	41835956	41835976	2.0	39.2
Query_270703	XM_025363041.1	100.000	21	0	0	1	21	195	175	2.0	39.2
Query_270703	XM_001153653.5	100.000	21	0	0	1	21	301	281	2.0	39.2
Query_270703	XM_002827467.3	100.000	21	0	0	1	21	195	175	2.0	39.2
Query_270703	LT735545.1	100.000	21	0	0	1	21	641	621	2.0	39.2
Query_270703	XM_017892802.1	100.000	21	0	0	1	21	195	175	2.0	39.2
Query_270703	XM_011720549.1	100.000	21	0	0	1	21	2348	2328	2.0	39.2
Query_270703	XM_012057895.1	100.000	21	0	0	1	21	2357	2337	2.0	39.2
Query_270703	XM_011985860.1	100.000	21	0	0	1	21	195	175	2.0	39.2
Query_270703	XM_011940053.1	100.000	21	0	0	1	21	195	175	2.0	39.2
Query_270703	KJ893769.1	100.000	21	0	0	1	21	222	202	2.0	39.2
Query_270703	CP068261.1	100.000	21	0	0	1	21	44611437	44611457	2.0	39.2
Query_270703	XM_008012517.2	100.000	21	0	0	1	21	182	162	2.0	39.2
Query_270703	AP023477.1	100.000	21	0	0	1	21	41454627	41454647	2.0	39.2
Query_270703	NG_008078.2	100.000	21	0	0	1	21	5201	5181	2.0	39.2
Query_270703	AC003098.2	100.000	21	0	0	1	21	9115	9135	2.0	39.2
Query_270703	AY358203.1	100.000	21	0	0	1	21	459	439	2.0	39.2
Query_270703	BC101086.1	100.000	21	0	0	1	21	181	161	2.0	39.2
Query_270703	AC055813.9	100.000	21	0	0	1	21	66039	66059	2.0	39.2
Query_270703	AF331844.1	100.000	21	0	0	1	21	191	171	2.0	39.2
Query_270703	AF326742.1	100.000	21	0	0	1	21	154	134	2.0	39.2
Query_270703	AF326739.1	100.000	21	0	0	1	21	201	181	2.0	39.2
Query_270703	AF326736.1	100.000	21	0	0	1	21	12114	12094	2.0	39.2


