# blastn
# Iteration: 0
# Query: 
# RID: 6UBE2M2F016
# Database: nt
# Fields: query acc.ver, subject acc.ver, % identity, alignment length, mismatches, gap opens, q. start, q. end, s. start, s. end, evalue, bit score
# 100 hits found
Query_27929	XM_035028986.1	100.000	21	0	0	1	21	225	205	2.1	39.2
Query_27929	XM_035011358.1	100.000	21	0	0	1	21	241	221	2.1	39.2
Query_27929	XM_034966245.1	100.000	21	0	0	1	21	219	199	2.1	39.2
Query_27929	XM_003831319.3	100.000	21	0	0	1	21	227	207	2.1	39.2
Query_27929	XM_008956682.2	100.000	21	0	0	1	21	226	206	2.1	39.2
Query_27929	XM_034966244.1	100.000	21	0	0	1	21	554	534	2.1	39.2
Query_27929	AP023169.1	100.000	21	0	0	1	21	25548310	25548330	2.1	39.2
Query_27929	XM_034668209.1	100.000	21	0	0	1	21	263	243	2.1	39.2
Query_27929	XM_011234055.3	100.000	21	0	0	1	21	226	206	2.1	39.2
Query_27929	XM_019807366.2	100.000	21	0	0	1	21	226	206	2.1	39.2
Query_27929	XM_011234054.3	100.000	21	0	0	1	21	226	206	2.1	39.2
Query_27929	XM_034668208.1	100.000	21	0	0	1	21	226	206	2.1	39.2
Query_27929	XR_004627818.1	100.000	21	0	0	1	21	226	206	2.1	39.2
Query_27929	XM_034668207.1	100.000	21	0	0	1	21	226	206	2.1	39.2
Query_27929	XR_004627817.1	100.000	21	0	0	1	21	226	206	2.1	39.2
Query_27929	XR_004627816.1	100.000	21	0	0	1	21	226	206	2.1	39.2
Query_27929	XM_034668206.1	100.000	21	0	0	1	21	226	206	2.1	39.2
Query_27929	CP050580.1	100.000	21	0	0	1	21	22327268	22327288	2.1	39.2
Query_27929	CP050629.1	100.000	21	0	0	1	21	22347583	22347603	2.1	39.2
Query_27929	XM_033202826.1	100.000	21	0	0	1	21	220	200	2.1	39.2
Query_27929	XM_033202825.1	100.000	21	0	0	1	21	227	207	2.1	39.2
Query_27929	XM_033126722.1	100.000	21	0	0	1	21	218	198	2.1	39.2
Query_27929	XM_032869180.1	100.000	21	0	0	1	21	238	218	2.1	39.2
Query_27929	XM_032759861.1	100.000	21	0	0	1	21	219	199	2.1	39.2
Query_27929	XM_032759860.1	100.000	21	0	0	1	21	641	621	2.1	39.2
Query_27929	XM_032759859.1	100.000	21	0	0	1	21	226	206	2.1	39.2
Query_27929	XM_032759858.1	100.000	21	0	0	1	21	221	201	2.1	39.2
Query_27929	XM_032591955.1	100.000	21	0	0	1	21	226	206	2.1	39.2
Query_27929	XM_040487575.1	100.000	21	0	0	1	21	226	206	2.1	39.2
Query_27929	XM_040293935.1	100.000	21	0	0	1	21	205	185	2.1	39.2
Query_27929	XM_005335831.3	100.000	21	0	0	1	21	233	213	2.1	39.2
Query_27929	XM_040262050.1	100.000	21	0	0	1	21	226	206	2.1	39.2
Query_27929	HG994412.1	100.000	21	0	0	1	21	24637412	24637432	2.1	39.2
Query_27929	XM_039841888.1	100.000	21	0	0	1	21	244	224	2.1	39.2
Query_27929	XM_039841887.1	100.000	21	0	0	1	21	245	225	2.1	39.2
Query_27929	XM_039841886.1	100.000	21	0	0	1	21	317	297	2.1	39.2
Query_27929	XM_039841885.1	100.000	21	0	0	1	21	399	379	2.1	39.2
Query_27929	XM_039841884.1	100.000	21	0	0	1	21	355	335	2.1	39.2
Query_27929	XM_039841883.1	100.000	21	0	0	1	21	257	237	2.1	39.2
Query_27929	XM_039841882.1	100.000	21	0	0	1	21	245	225	2.1	39.2
Query_27929	XM_003940686.2	100.000	21	0	0	1	21	227	207	2.1	39.2
Query_27929	XM_039238384.1	100.000	21	0	0	1	21	142	122	2.1	39.2
Query_27929	XM_039238383.1	100.000	21	0	0	1	21	226	206	2.1	39.2
Query_27929	XM_038441411.1	100.000	21	0	0	1	21	233	213	2.1	39.2
Query_27929	XM_038441410.1	100.000	21	0	0	1	21	299	279	2.1	39.2
Query_27929	XM_038441409.1	100.000	21	0	0	1	21	233	213	2.1	39.2
Query_27929	XM_038441408.1	100.000	21	0	0	1	21	233	213	2.1	39.2
Query_27929	XM_038441407.1	100.000	21	0	0	1	21	233	213	2.1	39.2
Query_27929	XM_038460827.1	100.000	21	0	0	1	21	233	213	2.1	39.2
Query_27929	XM_038460825.1	100.000	21	0	0	1	21	299	279	2.1	39.2
Query_27929	XM_544128.6	100.000	21	0	0	1	21	233	213	2.1	39.2
Query_27929	XM_022412442.2	100.000	21	0	0	1	21	233	213	2.1	39.2
Query_27929	XM_022412441.2	100.000	21	0	0	1	21	233	213	2.1	39.2
Query_27929	XM_038347775.1	100.000	21	0	0	1	21	179	159	2.1	39.2
Query_27929	XM_008000897.2	100.000	21	0	0	1	21	274	254	2.1	39.2
Query_27929	XM_038000381.1	100.000	21	0	0	1	21	325	305	2.1	39.2
Query_27929	XM_008000899.2	100.000	21	0	0	1	21	247	227	2.1	39.2
Query_27929	XM_037735437.1	100.000	21	0	0	1	21	180	160	2.1	39.2
Query_27929	XM_017520170.2	100.000	21	0	0	1	21	220	200	2.1	39.2
Query_27929	XM_017520171.2	100.000	21	0	0	1	21	227	207	2.1	39.2
Query_27929	XM_037505287.1	100.000	21	0	0	1	21	508	488	2.1	39.2
Query_27929	XM_037505278.1	100.000	21	0	0	1	21	240	220	2.1	39.2
Query_27929	XM_037505272.1	100.000	21	0	0	1	21	227	207	2.1	39.2
Query_27929	XM_037206429.1	100.000	21	0	0	1	21	232	212	2.1	39.2
Query_27929	XM_028864631.2	100.000	21	0	0	1	21	231	211	2.1	39.2
Query_27929	XM_036437154.1	100.000	21	0	0	1	21	232	212	2.1	39.2
Query_27929	XM_036338550.1	100.000	21	0	0	1	21	208	188	2.1	39.2
Query_27929	XM_036338549.1	100.000	21	0	0	1	21	208	188	2.1	39.2
Query_27929	XM_036338548.1	100.000	21	0	0	1	21	208	188	2.1	39.2
Query_27929	XM_036338547.1	100.000	21	0	0	1	21	208	188	2.1	39.2
Query_27929	XM_036263809.1	100.000	21	0	0	1	21	227	207	2.1	39.2
Query_27929	XR_004954568.1	100.000	21	0	0	1	21	1700	1680	2.1	39.2
Query_27929	XM_016153703.2	100.000	21	0	0	1	21	227	207	2.1	39.2
Query_27929	XM_016153702.2	100.000	21	0	0	1	21	226	206	2.1	39.2
Query_27929	XM_036178961.1	100.000	21	0	0	1	21	204	184	2.1	39.2
Query_27929	XM_036065339.1	100.000	21	0	0	1	21	241	221	2.1	39.2
Query_27929	XM_028517848.2	100.000	21	0	0	1	21	239	219	2.1	39.2
Query_27929	XM_036031029.1	100.000	21	0	0	1	21	239	219	2.1	39.2
Query_27929	XM_036031028.1	100.000	21	0	0	1	21	239	219	2.1	39.2
Query_27929	XM_035708301.1	100.000	21	0	0	1	21	233	213	2.1	39.2
Query_27929	XM_035708300.1	100.000	21	0	0	1	21	299	279	2.1	39.2
Query_27929	XM_025478024.2	100.000	21	0	0	1	21	233	213	2.1	39.2
Query_27929	XM_025478023.2	100.000	21	0	0	1	21	233	213	2.1	39.2
Query_27929	XM_025478021.2	100.000	21	0	0	1	21	233	213	2.1	39.2
Query_27929	XM_027608828.2	100.000	21	0	0	1	21	226	206	2.1	39.2
Query_27929	XR_004820016.1	100.000	21	0	0	1	21	226	206	2.1	39.2
Query_27929	XM_035727147.1	100.000	21	0	0	1	21	226	206	2.1	39.2
Query_27929	LR862371.1	100.000	21	0	0	1	21	34920882	34920902	2.1	39.2
Query_27929	XM_035440002.1	100.000	21	0	0	1	21	247	227	2.1	39.2
Query_27929	XM_027398805.2	100.000	21	0	0	1	21	247	227	2.1	39.2
Query_27929	XM_035440001.1	100.000	21	0	0	1	21	247	227	2.1	39.2
Query_27929	XM_016974779.3	100.000	21	0	0	1	21	156	136	2.1	39.2
Query_27929	XM_035454779.1	100.000	21	0	0	1	21	156	136	2.1	39.2
Query_27929	XM_008982789.4	100.000	21	0	0	1	21	302	282	2.1	39.2
Query_27929	XR_004735403.1	100.000	21	0	0	1	21	454	434	2.1	39.2
Query_27929	XM_035277257.1	100.000	21	0	0	1	21	128	108	2.1	39.2
Query_27929	XM_035277256.1	100.000	21	0	0	1	21	212	192	2.1	39.2
Query_27929	XM_008982790.3	100.000	21	0	0	1	21	387	367	2.1	39.2
Query_27929	XM_002759002.5	100.000	21	0	0	1	21	246	226	2.1	39.2
Query_27929	XM_002759003.5	100.000	21	0	0	1	21	274	254	2.1	39.2


