# blastn
# Iteration: 0
# Query: 
# RID: 7PPFER9801R
# Database: nt
# Fields: query acc.ver, subject acc.ver, % identity, alignment length, mismatches, gap opens, q. start, q. end, s. start, s. end, evalue, bit score
# 30 hits found
Query_387283	XM_008966038.2	100.000	21	0	0	1	21	822	802	2.1	39.2
Query_387283	XM_003813487.3	100.000	21	0	0	1	21	912	892	2.1	39.2
Query_387283	XM_032761727.1	100.000	21	0	0	1	21	937	917	2.1	39.2
Query_387283	XM_032761725.1	100.000	21	0	0	1	21	917	897	2.1	39.2
Query_387283	XM_019031233.2	100.000	21	0	0	1	21	808	788	2.1	39.2
Query_387283	XM_019031231.2	100.000	21	0	0	1	21	901	881	2.1	39.2
Query_387283	NM_001202498.2	100.000	21	0	0	1	21	518	498	2.1	39.2
Query_387283	NM_182697.3	100.000	21	0	0	1	21	804	784	2.1	39.2
Query_387283	NM_003344.4	100.000	21	0	0	1	21	897	877	2.1	39.2
Query_387283	XM_003318791.5	100.000	21	0	0	1	21	818	798	2.1	39.2
Query_387283	XM_001144807.6	100.000	21	0	0	1	21	910	890	2.1	39.2
Query_387283	XM_009243220.2	100.000	21	0	0	1	21	811	791	2.1	39.2
Query_387283	XM_002818440.3	100.000	21	0	0	1	21	904	884	2.1	39.2
Query_387283	JF432609.1	100.000	21	0	0	1	21	542	522	2.1	39.2
Query_387283	AB590728.1	100.000	21	0	0	1	21	501	481	2.1	39.2
Query_387283	AB451490.1	100.000	21	0	0	1	21	492	472	2.1	39.2
Query_387283	AK316590.1	100.000	21	0	0	1	21	480	460	2.1	39.2
Query_387283	AC145891.4	100.000	21	0	0	1	21	146167	146147	2.1	39.2
Query_387283	BC006277.2	100.000	21	0	0	1	21	809	789	2.1	39.2
Query_387283	AK091088.1	100.000	21	0	0	1	21	845	825	2.1	39.2
Query_387283	AY302138.1	100.000	21	0	0	1	21	399	379	2.1	39.2
Query_387283	BT007925.1	100.000	21	0	0	1	21	492	472	2.1	39.2
Query_387283	BT006756.1	100.000	21	0	0	1	21	492	472	2.1	39.2
Query_387283	AC084864.4	100.000	21	0	0	1	21	126040	126060	2.1	39.2
Query_387283	AC084865.3	100.000	21	0	0	1	21	47749	47769	2.1	39.2
Query_387283	AC023880.5	100.000	21	0	0	1	21	67104	67084	2.1	39.2
Query_387283	Z29331.1	100.000	21	0	0	1	21	162	142	2.1	39.2
Query_387283	Z29330.1	100.000	21	0	0	1	21	545	525	2.1	39.2
Query_387283	Z29328.1	100.000	21	0	0	1	21	545	525	2.1	39.2
Query_387283	AL832212.1	100.000	21	0	0	1	21	906	886	2.1	39.2


