# blastn
# Iteration: 0
# Query: 
# RID: 7RHM94XB016
# Database: nt
# Fields: query acc.ver, subject acc.ver, % identity, alignment length, mismatches, gap opens, q. start, q. end, s. start, s. end, evalue, bit score
# 99 hits found
Query_27281	XM_034941314.1	100.000	21	0	0	1	21	630	610	2.1	39.2
Query_27281	XM_017989616.2	100.000	21	0	0	1	21	421	401	2.1	39.2
Query_27281	XR_004430887.1	100.000	21	0	0	1	21	361	341	2.1	39.2
Query_27281	XR_004430886.1	100.000	21	0	0	1	21	614	594	2.1	39.2
Query_27281	XR_004430885.1	100.000	21	0	0	1	21	584	564	2.1	39.2
Query_27281	XR_004430884.1	100.000	21	0	0	1	21	490	470	2.1	39.2
Query_27281	XR_004430883.1	100.000	21	0	0	1	21	461	441	2.1	39.2
Query_27281	XM_033185036.1	100.000	21	0	0	1	21	645	625	2.1	39.2
Query_27281	AP022684.1	100.000	21	0	0	1	21	28560175	28560195	2.1	39.2
Query_27281	XR_004262992.1	100.000	21	0	0	1	21	290	270	2.1	39.2
Query_27281	XM_032138345.1	100.000	21	0	0	1	21	648	628	2.1	39.2
Query_27281	XM_023184506.2	100.000	21	0	0	1	21	636	616	2.1	39.2
Query_27281	XR_004179314.1	100.000	21	0	0	1	21	969	949	2.1	39.2
Query_27281	XR_004179313.1	100.000	21	0	0	1	21	361	341	2.1	39.2
Query_27281	XM_003912123.3	100.000	21	0	0	1	21	639	619	2.1	39.2
Query_27281	XM_017950278.3	100.000	21	0	0	1	21	477	457	2.1	39.2
Query_27281	XM_004058312.3	100.000	21	0	0	1	21	639	619	2.1	39.2
Query_27281	XM_010382186.2	100.000	21	0	0	1	21	639	619	2.1	39.2
Query_27281	XM_030800357.1	100.000	21	0	0	1	21	639	619	2.1	39.2
Query_27281	XM_008855635.3	100.000	21	0	0	1	21	592	572	2.1	39.2
Query_27281	XR_001440232.2	100.000	21	0	0	1	21	732	712	2.1	39.2
Query_27281	XR_001440230.2	100.000	21	0	0	1	21	505	485	2.1	39.2
Query_27281	XM_015118270.2	100.000	21	0	0	1	21	634	614	2.1	39.2
Query_27281	XM_028835904.1	100.000	21	0	0	1	21	362	342	2.1	39.2
Query_27281	XM_027767169.1	100.000	21	0	0	1	21	274	254	2.1	39.2
Query_27281	CP034495.1	100.000	21	0	0	1	21	4192674	4192694	2.1	39.2
Query_27281	CP034495.1	100.000	21	0	0	1	21	84372943	84372963	2.1	39.2
Query_27281	XM_025362958.1	100.000	21	0	0	1	21	639	619	2.1	39.2
Query_27281	XR_981472.2	100.000	21	0	0	1	21	406	386	2.1	39.2
Query_27281	XR_003016002.1	100.000	21	0	0	1	21	509	489	2.1	39.2
Query_27281	XR_981462.2	100.000	21	0	0	1	21	931	911	2.1	39.2
Query_27281	XR_003015996.1	100.000	21	0	0	1	21	785	765	2.1	39.2
Query_27281	XR_981464.2	100.000	21	0	0	1	21	963	943	2.1	39.2
Query_27281	XM_024790008.1	100.000	21	0	0	1	21	1382	1362	2.1	39.2
Query_27281	XM_009431600.3	100.000	21	0	0	1	21	265	245	2.1	39.2
Query_27281	XM_016931252.2	100.000	21	0	0	1	21	639	619	2.1	39.2
Query_27281	XM_002826864.4	100.000	21	0	0	1	21	639	619	2.1	39.2
Query_27281	XM_004376122.2	100.000	21	0	0	1	21	430	410	2.1	39.2
Query_27281	XM_023731135.1	100.000	21	0	0	1	21	599	579	2.1	39.2
Query_27281	XM_023584215.1	100.000	21	0	0	1	21	463	443	2.1	39.2
Query_27281	XM_010596517.2	100.000	21	0	0	1	21	578	558	2.1	39.2
Query_27281	XM_003799047.3	100.000	21	0	0	1	21	637	617	2.1	39.2
Query_27281	XR_002775135.1	100.000	21	0	0	1	21	524	504	2.1	39.2
Query_27281	XM_008047888.2	100.000	21	0	0	1	21	644	624	2.1	39.2
Query_27281	XM_021671288.1	100.000	21	0	0	1	21	233	213	2.1	39.2
Query_27281	XR_002337327.1	100.000	21	0	0	1	21	364	344	2.1	39.2
Query_27281	XR_002337326.1	100.000	21	0	0	1	21	730	710	2.1	39.2
Query_27281	XM_021067700.1	100.000	21	0	0	1	21	646	626	2.1	39.2
Query_27281	XM_020964641.1	100.000	21	0	0	1	21	310	290	2.1	39.2
Query_27281	LT734953.1	100.000	21	0	0	1	21	764	744	2.1	39.2
Query_27281	XM_017860189.1	100.000	21	0	0	1	21	651	631	2.1	39.2
Query_27281	CP012526.1	100.000	21	0	0	1	21	25693875	25693895	2.1	39.2
Query_27281	XM_012652562.1	100.000	21	0	0	1	21	679	659	2.1	39.2
Query_27281	XR_981471.1	100.000	21	0	0	1	21	391	371	2.1	39.2
Query_27281	XR_981470.1	100.000	21	0	0	1	21	391	371	2.1	39.2
Query_27281	XR_981467.1	100.000	21	0	0	1	21	632	612	2.1	39.2
Query_27281	XM_011725127.1	100.000	21	0	0	1	21	639	619	2.1	39.2
Query_27281	XR_001014219.1	100.000	21	0	0	1	21	388	368	2.1	39.2
Query_27281	XR_001014218.1	100.000	21	0	0	1	21	992	972	2.1	39.2
Query_27281	XR_001014217.1	100.000	21	0	0	1	21	1023	1003	2.1	39.2
Query_27281	XR_001014215.1	100.000	21	0	0	1	21	417	397	2.1	39.2
Query_27281	XR_001014214.1	100.000	21	0	0	1	21	361	341	2.1	39.2
Query_27281	XR_001014213.1	100.000	21	0	0	1	21	391	371	2.1	39.2
Query_27281	XM_012055657.1	100.000	21	0	0	1	21	639	619	2.1	39.2
Query_27281	XM_011947503.1	100.000	21	0	0	1	21	442	422	2.1	39.2
Query_27281	XM_011980458.1	100.000	21	0	0	1	21	445	425	2.1	39.2
Query_27281	XM_008568998.1	100.000	21	0	0	1	21	304	284	2.1	39.2
Query_27281	KJ892344.1	100.000	21	0	0	1	21	342	322	2.1	39.2
Query_27281	XM_007937494.1	100.000	21	0	0	1	21	537	517	2.1	39.2
Query_27281	XM_006863279.1	100.000	21	0	0	1	21	535	515	2.1	39.2
Query_27281	XM_006899758.1	100.000	21	0	0	1	21	535	515	2.1	39.2
Query_27281	XM_004716193.1	100.000	21	0	0	1	21	718	698	2.1	39.2
Query_27281	XM_004605234.1	100.000	21	0	0	1	21	484	464	2.1	39.2
Query_27281	CP071563.1	100.000	21	0	0	1	21	51365749	51365769	2.1	39.2
Query_27281	XM_039476665.1	100.000	21	0	0	1	21	660	640	2.1	39.2
Query_27281	CP068261.1	100.000	21	0	0	1	21	4178933	4178953	2.1	39.2
Query_27281	XR_005236751.1	100.000	21	0	0	1	21	471	451	2.1	39.2
Query_27281	XR_005236750.1	100.000	21	0	0	1	21	459	439	2.1	39.2
Query_27281	XM_008009911.2	100.000	21	0	0	1	21	643	623	2.1	39.2
Query_27281	XM_037810445.1	100.000	21	0	0	1	21	622	602	2.1	39.2
Query_27281	XM_037801494.1	100.000	21	0	0	1	21	449	429	2.1	39.2
Query_27281	AK397752.1	100.000	21	0	0	1	21	645	625	2.1	39.2
Query_27281	XM_036268448.1	100.000	21	0	0	1	21	533	513	2.1	39.2
Query_27281	AP023477.1	100.000	21	0	0	1	21	4362830	4362850	2.1	39.2
Query_27281	NM_003342.5	100.000	21	0	0	1	21	636	616	2.1	39.2
Query_27281	XR_004743113.1	100.000	21	0	0	1	21	728	708	2.1	39.2
Query_27281	XM_002747845.5	100.000	21	0	0	1	21	649	629	2.1	39.2
Query_27281	AK313059.1	100.000	21	0	0	1	21	482	462	2.1	39.2
Query_27281	AK233312.1	100.000	21	0	0	1	21	599	579	2.1	39.2
Query_27281	AK239081.1	100.000	21	0	0	1	21	616	596	2.1	39.2
Query_27281	BC026288.1	100.000	21	0	0	1	21	443	423	2.1	39.2
Query_27281	BT008255.1	100.000	21	0	0	1	21	277	257	2.1	39.2
Query_27281	BT007416.1	100.000	21	0	0	1	21	277	257	2.1	39.2
Query_27281	NM_001283400.1	100.000	21	0	0	1	21	466	446	2.1	39.2
Query_27281	AC087742.9	100.000	21	0	0	1	21	30491	30471	2.1	39.2
Query_27281	AY610214.1	100.000	21	0	0	1	21	601	581	2.1	39.2
Query_27281	BC002775.2	100.000	21	0	0	1	21	534	514	2.1	39.2
Query_27281	D78514.1	100.000	21	0	0	1	21	295	275	2.1	39.2
Query_27281	LR812514.1	100.000	20	0	0	1	20	46106650	46106669	7.3	37.4


