# blastn
# Iteration: 0
# Query: 
# RID: 6RYH3PGG01R
# Database: nt
# Fields: query acc.ver, subject acc.ver, % identity, alignment length, mismatches, gap opens, q. start, q. end, s. start, s. end, evalue, bit score
# 100 hits found
Query_539129	XM_003811844.2	100.000	21	0	0	1	21	523	503	2.0	39.2
Query_539129	XM_033196559.1	100.000	21	0	0	1	21	648	628	2.0	39.2
Query_539129	XM_033233047.1	100.000	21	0	0	1	21	398	378	2.0	39.2
Query_539129	XM_023214308.2	100.000	21	0	0	1	21	615	595	2.0	39.2
Query_539129	XR_004184786.1	100.000	21	0	0	1	21	347	327	2.0	39.2
Query_539129	XM_031654823.1	100.000	21	0	0	1	21	505	485	2.0	39.2
Query_539129	XM_031654814.1	100.000	21	0	0	1	21	598	578	2.0	39.2
Query_539129	XM_031011621.1	100.000	21	0	0	1	21	639	619	2.0	39.2
Query_539129	XM_010367119.2	100.000	21	0	0	1	21	751	731	2.0	39.2
Query_539129	XR_750211.2	100.000	21	0	0	1	21	340	320	2.0	39.2
Query_539129	XM_030824091.1	100.000	21	0	0	1	21	659	639	2.0	39.2
Query_539129	XR_012770.4	100.000	21	0	0	1	21	328	308	2.0	39.2
Query_539129	XM_028826846.1	100.000	21	0	0	1	21	559	539	2.0	39.2
Query_539129	XM_015113807.2	100.000	21	0	0	1	21	525	505	2.0	39.2
Query_539129	XM_015113815.2	100.000	21	0	0	1	21	479	459	2.0	39.2
Query_539129	NM_016406.4	100.000	21	0	0	1	21	346	326	2.0	39.2
Query_539129	XM_026780011.1	100.000	21	0	0	1	21	588	568	2.0	39.2
Query_539129	XM_026780010.1	100.000	21	0	0	1	21	414	394	2.0	39.2
Query_539129	XM_026780009.1	100.000	21	0	0	1	21	390	370	2.0	39.2
Query_539129	XM_005348804.2	100.000	21	0	0	1	21	559	539	2.0	39.2
Query_539129	XM_023185092.2	100.000	21	0	0	1	21	356	336	2.0	39.2
Query_539129	XR_003120460.1	100.000	21	0	0	1	21	327	307	2.0	39.2
Query_539129	XM_025359394.1	100.000	21	0	0	1	21	465	445	2.0	39.2
Query_539129	XM_025359307.1	100.000	21	0	0	1	21	641	621	2.0	39.2
Query_539129	XM_011770131.2	100.000	21	0	0	1	21	417	397	2.0	39.2
Query_539129	XM_017001450.2	100.000	21	0	0	1	21	476	456	2.0	39.2
Query_539129	XM_002809897.3	100.000	21	0	0	1	21	636	616	2.0	39.2
Query_539129	XM_004390173.2	100.000	21	0	0	1	21	571	551	2.0	39.2
Query_539129	XM_012528753.2	100.000	21	0	0	1	21	532	512	2.0	39.2
Query_539129	XM_003415195.3	100.000	21	0	0	1	21	449	429	2.0	39.2
Query_539129	XM_023214307.1	100.000	21	0	0	1	21	636	616	2.0	39.2
Query_539129	XM_008057891.2	100.000	21	0	0	1	21	511	491	2.0	39.2
Query_539129	XM_021712259.1	100.000	21	0	0	1	21	718	698	2.0	39.2
Query_539129	XM_005087769.3	100.000	21	0	0	1	21	566	546	2.0	39.2
Query_539129	LT734974.1	100.000	21	0	0	1	21	813	793	2.0	39.2
Query_539129	XM_020174322.1	100.000	21	0	0	1	21	753	733	2.0	39.2
Query_539129	XM_017860834.1	100.000	21	0	0	1	21	641	621	2.0	39.2
Query_539129	XR_001884737.1	100.000	21	0	0	1	21	339	319	2.0	39.2
Query_539129	XM_008264195.2	100.000	21	0	0	1	21	499	479	2.0	39.2
Query_539129	XM_002715200.3	100.000	21	0	0	1	21	488	468	2.0	39.2
Query_539129	XM_008264194.2	100.000	21	0	0	1	21	524	504	2.0	39.2
Query_539129	XM_017001451.1	100.000	21	0	0	1	21	689	669	2.0	39.2
Query_539129	XM_006990626.2	100.000	21	0	0	1	21	408	388	2.0	39.2
Query_539129	XM_006990625.2	100.000	21	0	0	1	21	466	446	2.0	39.2
Query_539129	XM_006990624.2	100.000	21	0	0	1	21	569	549	2.0	39.2
Query_539129	XR_001492658.1	100.000	21	0	0	1	21	327	307	2.0	39.2
Query_539129	XM_015452762.1	100.000	21	0	0	1	21	629	609	2.0	39.2
Query_539129	XM_005400253.2	100.000	21	0	0	1	21	333	313	2.0	39.2
Query_539129	XM_005400252.2	100.000	21	0	0	1	21	761	741	2.0	39.2
Query_539129	XM_013149230.1	100.000	21	0	0	1	21	524	504	2.0	39.2
Query_539129	XM_013149228.1	100.000	21	0	0	1	21	633	613	2.0	39.2
Query_539129	XM_005002280.2	100.000	21	0	0	1	21	564	544	2.0	39.2
Query_539129	XM_005002281.2	100.000	21	0	0	1	21	597	577	2.0	39.2
Query_539129	XM_003785776.2	100.000	21	0	0	1	21	444	424	2.0	39.2
Query_539129	XM_012768570.1	100.000	21	0	0	1	21	635	615	2.0	39.2
Query_539129	XM_012639554.1	100.000	21	0	0	1	21	640	620	2.0	39.2
Query_539129	XR_978895.1	100.000	21	0	0	1	21	327	307	2.0	39.2
Query_539129	XM_011770130.1	100.000	21	0	0	1	21	487	467	2.0	39.2
Query_539129	XR_001018749.1	100.000	21	0	0	1	21	327	307	2.0	39.2
Query_539129	XM_012067544.1	100.000	21	0	0	1	21	636	616	2.0	39.2
Query_539129	XM_011957583.1	100.000	21	0	0	1	21	641	621	2.0	39.2
Query_539129	XR_001007306.1	100.000	21	0	0	1	21	327	307	2.0	39.2
Query_539129	XM_011976265.1	100.000	21	0	0	1	21	641	621	2.0	39.2
Query_539129	XM_513937.5	100.000	21	0	0	1	21	634	614	2.0	39.2
Query_539129	LK995556.1	100.000	21	0	0	1	21	320577	320557	2.0	39.2
Query_539129	KJ898907.1	100.000	21	0	0	1	21	391	371	2.0	39.2
Query_539129	XM_007141626.1	100.000	21	0	0	1	21	635	615	2.0	39.2
Query_539129	XM_006861665.1	100.000	21	0	0	1	21	326	306	2.0	39.2
Query_539129	XM_006895486.1	100.000	21	0	0	1	21	326	306	2.0	39.2
Query_539129	XM_005245254.1	100.000	21	0	0	1	21	532	512	2.0	39.2
Query_539129	XM_004671134.1	100.000	21	0	0	1	21	393	373	2.0	39.2
Query_539129	XM_038349261.1	100.000	21	0	0	1	21	420	400	2.0	39.2
Query_539129	XM_038349260.1	100.000	21	0	0	1	21	574	554	2.0	39.2
Query_539129	XM_037984472.1	100.000	21	0	0	1	21	326	306	2.0	39.2
Query_539129	XM_007976437.2	100.000	21	0	0	1	21	533	513	2.0	39.2
Query_539129	XM_037813376.1	100.000	21	0	0	1	21	1075	1055	2.0	39.2
Query_539129	XM_037813372.1	100.000	21	0	0	1	21	254	234	2.0	39.2
Query_539129	XM_037813365.1	100.000	21	0	0	1	21	518	498	2.0	39.2
Query_539129	XM_028860122.2	100.000	21	0	0	1	21	916	896	2.0	39.2
Query_539129	XM_037211262.1	100.000	21	0	0	1	21	726	706	2.0	39.2
Query_539129	XM_028860121.2	100.000	21	0	0	1	21	797	777	2.0	39.2
Query_539129	LR877219.1	100.000	21	0	0	1	21	64118041	64118061	2.0	39.2
Query_539129	AK311562.1	100.000	21	0	0	1	21	831	811	2.0	39.2
Query_539129	AK292776.1	100.000	21	0	0	1	21	532	512	2.0	39.2
Query_539129	DQ896457.2	100.000	21	0	0	1	21	348	328	2.0	39.2
Query_539129	DQ893161.2	100.000	21	0	0	1	21	348	328	2.0	39.2
Query_539129	BC005187.1	100.000	21	0	0	1	21	572	552	2.0	39.2
Query_539129	AL590714.27	100.000	21	0	0	1	21	12867	12847	2.0	39.2
Query_539129	AB154405.1	100.000	21	0	0	1	21	326	306	2.0	39.2
Query_539129	AF161504.1	100.000	21	0	0	1	21	566	546	2.0	39.2
Query_539129	AF151884.1	100.000	21	0	0	1	21	547	527	2.0	39.2
Query_539129	XM_039480650.1	100.000	20	0	0	1	20	640	621	7.1	37.4
Query_539129	XR_005581184.1	100.000	20	0	0	1	20	329	310	7.1	37.4
Query_539129	XM_017515076.2	100.000	20	0	0	1	20	480	461	7.1	37.4
Query_539129	XM_037733647.1	100.000	20	0	0	1	20	564	545	7.1	37.4
Query_539129	XM_017515075.2	100.000	20	0	0	1	20	633	614	7.1	37.4
Query_539129	XM_035279447.1	100.000	20	0	0	1	20	699	680	7.1	37.4
Query_539129	XM_035279446.1	100.000	20	0	0	1	20	656	637	7.1	37.4
Query_539129	XM_002760186.4	100.000	20	0	0	1	20	543	524	7.1	37.4
Query_539129	XM_035279445.1	100.000	20	0	0	1	20	691	672	7.1	37.4


