# blastn
# Iteration: 0
# Query: 
# RID: 6MZNN7MG013
# Database: nt
# Fields: query acc.ver, subject acc.ver, % identity, alignment length, mismatches, gap opens, q. start, q. end, s. start, s. end, evalue, bit score
# 100 hits found
Query_9817	XM_008966038.2	100.000	21	0	0	1	21	509	489	2.0	39.2
Query_9817	XM_003813487.3	100.000	21	0	0	1	21	506	486	2.0	39.2
Query_9817	XM_032761725.1	100.000	21	0	0	1	21	511	491	2.0	39.2
Query_9817	XM_032275989.1	100.000	21	0	0	1	21	475	455	2.0	39.2
Query_9817	XM_032275988.1	100.000	21	0	0	1	21	509	489	2.0	39.2
Query_9817	XM_032275987.1	100.000	21	0	0	1	21	507	487	2.0	39.2
Query_9817	XM_023207871.3	100.000	21	0	0	1	21	521	501	2.0	39.2
Query_9817	XM_009203856.3	100.000	21	0	0	1	21	500	480	2.0	39.2
Query_9817	XM_003896588.4	100.000	21	0	0	1	21	500	480	2.0	39.2
Query_9817	XM_019031233.2	100.000	21	0	0	1	21	495	475	2.0	39.2
Query_9817	XM_019031231.2	100.000	21	0	0	1	21	495	475	2.0	39.2
Query_9817	XM_010378773.2	100.000	21	0	0	1	21	510	490	2.0	39.2
Query_9817	XM_003261322.3	100.000	21	0	0	1	21	492	472	2.0	39.2
Query_9817	NM_001202498.2	100.000	21	0	0	1	21	112	92	2.0	39.2
Query_9817	NM_182697.3	100.000	21	0	0	1	21	491	471	2.0	39.2
Query_9817	NM_003344.4	100.000	21	0	0	1	21	491	471	2.0	39.2
Query_9817	XM_015134892.2	100.000	21	0	0	1	21	898	878	2.0	39.2
Query_9817	XM_023207869.2	100.000	21	0	0	1	21	518	498	2.0	39.2
Query_9817	XM_025378151.1	100.000	21	0	0	1	21	95	75	2.0	39.2
Query_9817	XM_025378150.1	100.000	21	0	0	1	21	83	63	2.0	39.2
Query_9817	XM_025378148.1	100.000	21	0	0	1	21	502	482	2.0	39.2
Query_9817	XM_025378147.1	100.000	21	0	0	1	21	502	482	2.0	39.2
Query_9817	XM_025378146.1	100.000	21	0	0	1	21	411	391	2.0	39.2
Query_9817	XM_011723879.2	100.000	21	0	0	1	21	489	469	2.0	39.2
Query_9817	XM_003318791.5	100.000	21	0	0	1	21	505	485	2.0	39.2
Query_9817	XM_001144807.6	100.000	21	0	0	1	21	504	484	2.0	39.2
Query_9817	XM_009243220.2	100.000	21	0	0	1	21	498	478	2.0	39.2
Query_9817	XM_002818440.3	100.000	21	0	0	1	21	498	478	2.0	39.2
Query_9817	XM_023590159.1	100.000	21	0	0	1	21	525	505	2.0	39.2
Query_9817	XM_023590158.1	100.000	21	0	0	1	21	113	93	2.0	39.2
Query_9817	XM_012474051.2	100.000	21	0	0	1	21	508	488	2.0	39.2
Query_9817	XM_012474050.2	100.000	21	0	0	1	21	508	488	2.0	39.2
Query_9817	XM_017875046.1	100.000	21	0	0	1	21	534	514	2.0	39.2
Query_9817	XM_005550755.2	100.000	21	0	0	1	21	1017	997	2.0	39.2
Query_9817	XM_005550754.2	100.000	21	0	0	1	21	504	484	2.0	39.2
Query_9817	XM_004463241.2	100.000	21	0	0	1	21	525	505	2.0	39.2
Query_9817	XM_004463240.2	100.000	21	0	0	1	21	113	93	2.0	39.2
Query_9817	XM_012088045.1	100.000	21	0	0	1	21	513	493	2.0	39.2
Query_9817	XM_011995876.1	100.000	21	0	0	1	21	95	75	2.0	39.2
Query_9817	XM_011995875.1	100.000	21	0	0	1	21	83	63	2.0	39.2
Query_9817	XM_011995874.1	100.000	21	0	0	1	21	520	500	2.0	39.2
Query_9817	XM_011995873.1	100.000	21	0	0	1	21	520	500	2.0	39.2
Query_9817	XM_011995872.1	100.000	21	0	0	1	21	54	34	2.0	39.2
Query_9817	XM_011995871.1	100.000	21	0	0	1	21	520	500	2.0	39.2
Query_9817	XM_011995870.1	100.000	21	0	0	1	21	411	391	2.0	39.2
Query_9817	XM_011939593.1	100.000	21	0	0	1	21	95	75	2.0	39.2
Query_9817	XM_011939592.1	100.000	21	0	0	1	21	83	63	2.0	39.2
Query_9817	XM_011939591.1	100.000	21	0	0	1	21	520	500	2.0	39.2
Query_9817	XM_011939590.1	100.000	21	0	0	1	21	520	500	2.0	39.2
Query_9817	XM_011939589.1	100.000	21	0	0	1	21	520	500	2.0	39.2
Query_9817	XM_011939588.1	100.000	21	0	0	1	21	411	391	2.0	39.2
Query_9817	XM_003921004.3	100.000	21	0	0	1	21	509	489	2.0	39.2
Query_9817	NM_001261059.2	100.000	21	0	0	1	21	225	205	2.0	39.2
Query_9817	XM_017532568.2	100.000	21	0	0	1	21	94	74	2.0	39.2
Query_9817	XM_017532567.2	100.000	21	0	0	1	21	509	489	2.0	39.2
Query_9817	XM_017532566.2	100.000	21	0	0	1	21	507	487	2.0	39.2
Query_9817	XM_016148712.2	100.000	21	0	0	1	21	529	509	2.0	39.2
Query_9817	XM_016148711.2	100.000	21	0	0	1	21	528	508	2.0	39.2
Query_9817	XM_035254744.1	100.000	21	0	0	1	21	98	78	2.0	39.2
Query_9817	XM_035254743.1	100.000	21	0	0	1	21	524	504	2.0	39.2
Query_9817	XM_035254741.1	100.000	21	0	0	1	21	520	500	2.0	39.2
Query_9817	JF432609.1	100.000	21	0	0	1	21	136	116	2.0	39.2
Query_9817	AB590728.1	100.000	21	0	0	1	21	95	75	2.0	39.2
Query_9817	AB451490.1	100.000	21	0	0	1	21	86	66	2.0	39.2
Query_9817	AK316590.1	100.000	21	0	0	1	21	74	54	2.0	39.2
Query_9817	AC145891.4	100.000	21	0	0	1	21	101063	101043	2.0	39.2
Query_9817	BC006277.2	100.000	21	0	0	1	21	403	383	2.0	39.2
Query_9817	AY302138.1	100.000	21	0	0	1	21	86	66	2.0	39.2
Query_9817	BT007925.1	100.000	21	0	0	1	21	86	66	2.0	39.2
Query_9817	BT006756.1	100.000	21	0	0	1	21	86	66	2.0	39.2
Query_9817	AC084864.4	100.000	21	0	0	1	21	171982	172002	2.0	39.2
Query_9817	AC084865.3	100.000	21	0	0	1	21	93691	93711	2.0	39.2
Query_9817	AC023880.5	100.000	21	0	0	1	21	21142	21122	2.0	39.2
Query_9817	Z29330.1	100.000	21	0	0	1	21	139	119	2.0	39.2
Query_9817	Z29328.1	100.000	21	0	0	1	21	139	119	2.0	39.2
Query_9817	HG994400.1	100.000	20	0	0	1	20	54030864	54030883	7.1	37.4
Query_9817	XM_039242784.1	100.000	20	0	0	1	20	524	505	7.1	37.4
Query_9817	XM_039242778.1	100.000	20	0	0	1	20	523	504	7.1	37.4
Query_9817	XM_038686155.1	100.000	20	0	0	1	20	529	510	7.1	37.4
Query_9817	XM_038686154.1	100.000	20	0	0	1	20	544	525	7.1	37.4
Query_9817	XM_038686153.1	100.000	20	0	0	1	20	527	508	7.1	37.4
Query_9817	XM_038686152.1	100.000	20	0	0	1	20	172	153	7.1	37.4
Query_9817	XM_038686151.1	100.000	20	0	0	1	20	520	501	7.1	37.4
Query_9817	XM_038433990.1	100.000	20	0	0	1	20	529	510	7.1	37.4
Query_9817	XM_022427233.2	100.000	20	0	0	1	20	544	525	7.1	37.4
Query_9817	XM_005628390.4	100.000	20	0	0	1	20	527	508	7.1	37.4
Query_9817	XM_022427231.2	100.000	20	0	0	1	20	172	153	7.1	37.4
Query_9817	XM_852326.6	100.000	20	0	0	1	20	520	501	7.1	37.4
Query_9817	XM_037019485.1	100.000	20	0	0	1	20	71	52	7.1	37.4
Query_9817	XM_036909040.1	100.000	20	0	0	1	20	541	522	7.1	37.4
Query_9817	XM_036328704.1	100.000	20	0	0	1	20	95	76	7.1	37.4
Query_9817	XM_036328703.1	100.000	20	0	0	1	20	95	76	7.1	37.4
Query_9817	XM_036328702.1	100.000	20	0	0	1	20	438	419	7.1	37.4
Query_9817	XM_036328701.1	100.000	20	0	0	1	20	137	118	7.1	37.4
Query_9817	XM_036328700.1	100.000	20	0	0	1	20	62	43	7.1	37.4
Query_9817	XM_036328699.1	100.000	20	0	0	1	20	431	412	7.1	37.4
Query_9817	XM_036328698.1	100.000	20	0	0	1	20	137	118	7.1	37.4
Query_9817	XM_036101281.1	100.000	20	0	0	1	20	33	14	7.1	37.4
Query_9817	XM_036101280.1	100.000	20	0	0	1	20	543	524	7.1	37.4
Query_9817	XM_036101279.1	100.000	20	0	0	1	20	543	524	7.1	37.4


