# blastn
# Iteration: 0
# Query: 
# RID: 6UJUZ7FB016
# Database: nt
# Fields: query acc.ver, subject acc.ver, % identity, alignment length, mismatches, gap opens, q. start, q. end, s. start, s. end, evalue, bit score
# 101 hits found
Query_61145	XM_035005109.1	100.000	21	0	0	1	21	467	447	2.1	39.2
Query_61145	XM_035005108.1	100.000	21	0	0	1	21	971	951	2.1	39.2
Query_61145	XM_040485326.1	100.000	21	0	0	1	21	366	346	2.1	39.2
Query_61145	XM_021722734.2	100.000	21	0	0	1	21	363	343	2.1	39.2
Query_61145	XM_005319928.3	100.000	21	0	0	1	21	467	447	2.1	39.2
Query_61145	XM_040238047.1	100.000	21	0	0	1	21	299	279	2.1	39.2
Query_61145	XM_040238046.1	100.000	21	0	0	1	21	324	304	2.1	39.2
Query_61145	XM_040238045.1	100.000	21	0	0	1	21	361	341	2.1	39.2
Query_61145	XM_040238044.1	100.000	21	0	0	1	21	558	538	2.1	39.2
Query_61145	HG994384.1	100.000	21	0	0	1	21	74320145	74320165	2.1	39.2
Query_61145	HG994384.1	100.000	21	0	0	1	21	74320272	74320292	2.1	39.2
Query_61145	XM_039844998.1	100.000	21	0	0	1	21	502	482	2.1	39.2
Query_61145	XM_039844997.1	100.000	21	0	0	1	21	340	320	2.1	39.2
Query_61145	XM_039844996.1	100.000	21	0	0	1	21	275	255	2.1	39.2
Query_61145	XM_039844995.1	100.000	21	0	0	1	21	447	427	2.1	39.2
Query_61145	XM_003940989.2	100.000	21	0	0	1	21	318	298	2.1	39.2
Query_61145	XM_039468204.1	100.000	21	0	0	1	21	337	317	2.1	39.2
Query_61145	XM_039226965.1	100.000	21	0	0	1	21	218	198	2.1	39.2
Query_61145	XM_039226963.1	100.000	21	0	0	1	21	461	441	2.1	39.2
Query_61145	XM_039091717.1	100.000	21	0	0	1	21	292	272	2.1	39.2
Query_61145	XM_039091716.1	100.000	21	0	0	1	21	565	545	2.1	39.2
Query_61145	XM_038661952.1	100.000	21	0	0	1	21	360	340	2.1	39.2
Query_61145	XM_038661951.1	100.000	21	0	0	1	21	323	303	2.1	39.2
Query_61145	XM_038661950.1	100.000	21	0	0	1	21	472	452	2.1	39.2
Query_61145	XM_022417228.2	100.000	21	0	0	1	21	360	340	2.1	39.2
Query_61145	XM_846094.6	100.000	21	0	0	1	21	323	303	2.1	39.2
Query_61145	XM_003434394.5	100.000	21	0	0	1	21	472	452	2.1	39.2
Query_61145	XM_038324635.1	100.000	21	0	0	1	21	170	150	2.1	39.2
Query_61145	XM_038323543.1	100.000	21	0	0	1	21	576	556	2.1	39.2
Query_61145	XM_038008617.1	100.000	21	0	0	1	21	349	329	2.1	39.2
Query_61145	XM_008017600.2	100.000	21	0	0	1	21	521	501	2.1	39.2
Query_61145	XM_037829624.1	100.000	21	0	0	1	21	114	94	2.1	39.2
Query_61145	XM_037829623.1	100.000	21	0	0	1	21	399	379	2.1	39.2
Query_61145	XM_037823026.1	100.000	21	0	0	1	21	221	201	2.1	39.2
Query_61145	XM_017527248.2	100.000	21	0	0	1	21	334	314	2.1	39.2
Query_61145	XM_017527247.2	100.000	21	0	0	1	21	521	501	2.1	39.2
Query_61145	XM_017527245.2	100.000	21	0	0	1	21	521	501	2.1	39.2
Query_61145	XM_037530494.1	100.000	21	0	0	1	21	152	132	2.1	39.2
Query_61145	XM_037530493.1	100.000	21	0	0	1	21	448	428	2.1	39.2
Query_61145	XM_028882241.2	100.000	21	0	0	1	21	101	81	2.1	39.2
Query_61145	XM_028882240.2	100.000	21	0	0	1	21	302	282	2.1	39.2
Query_61145	XM_037138034.1	100.000	21	0	0	1	21	161	141	2.1	39.2
Query_61145	XM_037138033.1	100.000	21	0	0	1	21	463	443	2.1	39.2
Query_61145	XM_037064307.1	100.000	21	0	0	1	21	161	141	2.1	39.2
Query_61145	XM_037064306.1	100.000	21	0	0	1	21	447	427	2.1	39.2
Query_61145	XM_017662459.2	100.000	21	0	0	1	21	389	369	2.1	39.2
Query_61145	XM_036908505.1	100.000	21	0	0	1	21	391	371	2.1	39.2
Query_61145	XM_036853403.1	100.000	21	0	0	1	21	368	348	2.1	39.2
Query_61145	XM_036852348.1	100.000	21	0	0	1	21	441	421	2.1	39.2
Query_61145	XM_036852347.1	100.000	21	0	0	1	21	484	464	2.1	39.2
Query_61145	XM_036496828.1	100.000	21	0	0	1	21	182	162	2.1	39.2
Query_61145	XM_036496827.1	100.000	21	0	0	1	21	354	334	2.1	39.2
Query_61145	XM_004579145.3	100.000	21	0	0	1	21	413	393	2.1	39.2
Query_61145	XM_036418288.1	100.000	21	0	0	1	21	371	351	2.1	39.2
Query_61145	XM_036418282.1	100.000	21	0	0	1	21	469	449	2.1	39.2
Query_61145	XM_036331597.1	100.000	21	0	0	1	21	111	91	2.1	39.2
Query_61145	XM_036331588.1	100.000	21	0	0	1	21	272	252	2.1	39.2
Query_61145	XM_036331578.1	100.000	21	0	0	1	21	213	193	2.1	39.2
Query_61145	XM_036331571.1	100.000	21	0	0	1	21	618	598	2.1	39.2
Query_61145	XM_036331560.1	100.000	21	0	0	1	21	236	216	2.1	39.2
Query_61145	XM_036331552.1	100.000	21	0	0	1	21	239	219	2.1	39.2
Query_61145	XM_036331544.1	100.000	21	0	0	1	21	300	280	2.1	39.2
Query_61145	XM_036258045.1	100.000	21	0	0	1	21	225	205	2.1	39.2
Query_61145	XM_036258037.1	100.000	21	0	0	1	21	291	271	2.1	39.2
Query_61145	XM_036258027.1	100.000	21	0	0	1	21	361	341	2.1	39.2
Query_61145	XM_036258018.1	100.000	21	0	0	1	21	396	376	2.1	39.2
Query_61145	XM_036258009.1	100.000	21	0	0	1	21	449	429	2.1	39.2
Query_61145	XM_036258001.1	100.000	21	0	0	1	21	448	428	2.1	39.2
Query_61145	XM_036228034.1	100.000	21	0	0	1	21	501	481	2.1	39.2
Query_61145	XM_036228033.1	100.000	21	0	0	1	21	294	274	2.1	39.2
Query_61145	XM_036228032.1	100.000	21	0	0	1	21	195	175	2.1	39.2
Query_61145	XM_036228031.1	100.000	21	0	0	1	21	342	322	2.1	39.2
Query_61145	XM_016119954.2	100.000	21	0	0	1	21	277	257	2.1	39.2
Query_61145	XM_016119953.2	100.000	21	0	0	1	21	449	429	2.1	39.2
Query_61145	XM_036228030.1	100.000	21	0	0	1	21	462	442	2.1	39.2
Query_61145	XM_036200412.1	100.000	21	0	0	1	21	515	495	2.1	39.2
Query_61145	XM_036112050.1	100.000	21	0	0	1	21	314	294	2.1	39.2
Query_61145	XM_036112045.1	100.000	21	0	0	1	21	446	426	2.1	39.2
Query_61145	XM_036112039.1	100.000	21	0	0	1	21	272	252	2.1	39.2
Query_61145	XM_036112035.1	100.000	21	0	0	1	21	305	285	2.1	39.2
Query_61145	XM_036112026.1	100.000	21	0	0	1	21	388	368	2.1	39.2
Query_61145	XM_030314001.3	100.000	21	0	0	1	21	427	407	2.1	39.2
Query_61145	XM_028507672.2	100.000	21	0	0	1	21	332	312	2.1	39.2
Query_61145	XM_028507668.2	100.000	21	0	0	1	21	456	436	2.1	39.2
Query_61145	LR877233.1	100.000	21	0	0	1	21	53860210	53860190	2.1	39.2
Query_61145	LR877197.1	100.000	21	0	0	1	21	44490540	44490560	2.1	39.2
Query_61145	XM_035714481.1	100.000	21	0	0	1	21	133	113	2.1	39.2
Query_61145	XM_025437023.2	100.000	21	0	0	1	21	322	302	2.1	39.2
Query_61145	XM_035714480.1	100.000	21	0	0	1	21	196	176	2.1	39.2
Query_61145	XM_035714479.1	100.000	21	0	0	1	21	199	179	2.1	39.2
Query_61145	XM_025437022.2	100.000	21	0	0	1	21	471	451	2.1	39.2
Query_61145	XM_027599485.2	100.000	21	0	0	1	21	471	451	2.1	39.2
Query_61145	XM_027390759.2	100.000	21	0	0	1	21	342	322	2.1	39.2
Query_61145	XM_027390758.2	100.000	21	0	0	1	21	290	270	2.1	39.2
Query_61145	XM_027390757.2	100.000	21	0	0	1	21	441	421	2.1	39.2
Query_61145	XM_003512233.3	100.000	21	0	0	1	21	585	565	2.1	39.2
Query_61145	XM_017970616.2	100.000	21	0	0	1	21	535	515	2.1	39.2
Query_61145	XM_035293865.1	100.000	21	0	0	1	21	493	473	2.1	39.2
Query_61145	XM_008993465.3	100.000	21	0	0	1	21	643	623	2.1	39.2
Query_61145	XM_035293864.1	100.000	21	0	0	1	21	236	216	2.1	39.2
Query_61145	XM_002745900.5	100.000	21	0	0	1	21	628	608	2.1	39.2


