# blastn
# Iteration: 0
# Query: 
# RID: 7RT74XJ301R
# Database: nt
# Fields: query acc.ver, subject acc.ver, % identity, alignment length, mismatches, gap opens, q. start, q. end, s. start, s. end, evalue, bit score
# 100 hits found
Query_111705	XM_035025392.1	100.000	21	0	0	1	21	71	51	2.1	39.2
Query_111705	XM_034957736.1	100.000	21	0	0	1	21	65	45	2.1	39.2
Query_111705	XM_034947440.1	100.000	21	0	0	1	21	59	39	2.1	39.2
Query_111705	XM_003806555.2	100.000	21	0	0	1	21	164	144	2.1	39.2
Query_111705	XM_014343092.2	100.000	21	0	0	1	21	411	391	2.1	39.2
Query_111705	AP023164.1	100.000	21	0	0	1	21	47085351	47085371	2.1	39.2
Query_111705	XM_011225015.2	100.000	21	0	0	1	21	128	108	2.1	39.2
Query_111705	XM_027946373.2	100.000	21	0	0	1	21	188	168	2.1	39.2
Query_111705	NM_199203.3	100.000	21	0	0	1	21	797	777	2.1	39.2
Query_111705	XM_019943822.2	100.000	21	0	0	1	21	59	39	2.1	39.2
Query_111705	XM_004319948.3	100.000	21	0	0	1	21	256	236	2.1	39.2
Query_111705	XM_004319947.3	100.000	21	0	0	1	21	147	127	2.1	39.2
Query_111705	XM_033767195.1	100.000	21	0	0	1	21	50	30	2.1	39.2
Query_111705	XM_010618227.3	100.000	21	0	0	1	21	69	49	2.1	39.2
Query_111705	XM_033411191.1	100.000	21	0	0	1	21	59	39	2.1	39.2
Query_111705	XM_012537827.2	100.000	21	0	0	1	21	235	215	2.1	39.2
Query_111705	XM_004282897.3	100.000	21	0	0	1	21	147	127	2.1	39.2
Query_111705	CP050598.1	100.000	21	0	0	1	21	17609193	17609213	2.1	39.2
Query_111705	CP050588.1	100.000	21	0	0	1	21	36567066	36567086	2.1	39.2
Query_111705	XM_040459764.1	100.000	21	0	0	1	21	129	109	2.1	39.2
Query_111705	XM_040459763.1	100.000	21	0	0	1	21	66	46	2.1	39.2
Query_111705	XM_040453115.1	100.000	21	0	0	1	21	54	34	2.1	39.2
Query_111705	XM_040483671.1	100.000	21	0	0	1	21	65	45	2.1	39.2
Query_111705	XM_013358595.3	100.000	21	0	0	1	21	41	21	2.1	39.2
Query_111705	XM_040275523.1	100.000	21	0	0	1	21	60	40	2.1	39.2
Query_111705	XM_040275522.1	100.000	21	0	0	1	21	57	37	2.1	39.2
Query_111705	XM_040275521.1	100.000	21	0	0	1	21	60	40	2.1	39.2
Query_111705	XM_040248194.1	100.000	21	0	0	1	21	67	47	2.1	39.2
Query_111705	XM_040248193.1	100.000	21	0	0	1	21	42	22	2.1	39.2
Query_111705	XM_040248190.1	100.000	21	0	0	1	21	109	89	2.1	39.2
Query_111705	XM_040248189.1	100.000	21	0	0	1	21	293	273	2.1	39.2
Query_111705	HG994414.1	100.000	21	0	0	1	21	24268934	24268914	2.1	39.2
Query_111705	HG994407.1	100.000	21	0	0	1	21	38728650	38728670	2.1	39.2
Query_111705	HG994399.1	100.000	21	0	0	1	21	14113068	14113088	2.1	39.2
Query_111705	HG994392.1	100.000	21	0	0	1	21	46905478	46905458	2.1	39.2
Query_111705	XM_039864588.1	100.000	21	0	0	1	21	59	39	2.1	39.2
Query_111705	XM_039864587.1	100.000	21	0	0	1	21	59	39	2.1	39.2
Query_111705	XM_039864584.1	100.000	21	0	0	1	21	127	107	2.1	39.2
Query_111705	XM_010343114.2	100.000	21	0	0	1	21	266	246	2.1	39.2
Query_111705	XM_039479769.1	100.000	21	0	0	1	21	102	82	2.1	39.2
Query_111705	XM_039479768.1	100.000	21	0	0	1	21	59	39	2.1	39.2
Query_111705	XM_039479767.1	100.000	21	0	0	1	21	102	82	2.1	39.2
Query_111705	XM_039477794.1	100.000	21	0	0	1	21	50	30	2.1	39.2
Query_111705	XM_039229992.1	100.000	21	0	0	1	21	38	18	2.1	39.2
Query_111705	XM_039229991.1	100.000	21	0	0	1	21	90	70	2.1	39.2
Query_111705	CP068258.1	100.000	21	0	0	1	21	51866578	51866598	2.1	39.2
Query_111705	XM_038432767.1	100.000	21	0	0	1	21	102	82	2.1	39.2
Query_111705	XM_038687102.1	100.000	21	0	0	1	21	54	34	2.1	39.2
Query_111705	XM_037821188.1	100.000	21	0	0	1	21	63	43	2.1	39.2
Query_111705	XM_037841024.1	100.000	21	0	0	1	21	42	22	2.1	39.2
Query_111705	XM_037841023.1	100.000	21	0	0	1	21	42	22	2.1	39.2
Query_111705	XM_037810938.1	100.000	21	0	0	1	21	79	59	2.1	39.2
Query_111705	XM_037799127.1	100.000	21	0	0	1	21	42	22	2.1	39.2
Query_111705	XR_005202231.1	100.000	21	0	0	1	21	57	37	2.1	39.2
Query_111705	XR_005200512.1	100.000	21	0	0	1	21	130	110	2.1	39.2
Query_111705	XR_005200511.1	100.000	21	0	0	1	21	130	110	2.1	39.2
Query_111705	XR_005200510.1	100.000	21	0	0	1	21	130	110	2.1	39.2
Query_111705	XR_005200509.1	100.000	21	0	0	1	21	130	110	2.1	39.2
Query_111705	XM_017529922.2	100.000	21	0	0	1	21	130	110	2.1	39.2
Query_111705	XM_017529921.2	100.000	21	0	0	1	21	130	110	2.1	39.2
Query_111705	XM_037500285.1	100.000	21	0	0	1	21	91	71	2.1	39.2
Query_111705	XM_037167230.1	100.000	21	0	0	1	21	419	399	2.1	39.2
Query_111705	XM_037059887.1	100.000	21	0	0	1	21	128	108	2.1	39.2
Query_111705	XM_017651907.2	100.000	21	0	0	1	21	161	141	2.1	39.2
Query_111705	XM_017651904.2	100.000	21	0	0	1	21	149	129	2.1	39.2
Query_111705	XM_017651903.2	100.000	21	0	0	1	21	127	107	2.1	39.2
Query_111705	XM_036417746.1	100.000	21	0	0	1	21	152	132	2.1	39.2
Query_111705	XM_036417745.1	100.000	21	0	0	1	21	108	88	2.1	39.2
Query_111705	XM_036417742.1	100.000	21	0	0	1	21	151	131	2.1	39.2
Query_111705	XM_036323834.1	100.000	21	0	0	1	21	177	157	2.1	39.2
Query_111705	XR_004970150.1	100.000	21	0	0	1	21	177	157	2.1	39.2
Query_111705	XM_036323833.1	100.000	21	0	0	1	21	176	156	2.1	39.2
Query_111705	XM_036300586.1	100.000	21	0	0	1	21	279	259	2.1	39.2
Query_111705	XM_036246753.1	100.000	21	0	0	1	21	42	22	2.1	39.2
Query_111705	XM_036244480.1	100.000	21	0	0	1	21	141	121	2.1	39.2
Query_111705	XM_036244479.1	100.000	21	0	0	1	21	72	52	2.1	39.2
Query_111705	XM_036244478.1	100.000	21	0	0	1	21	182	162	2.1	39.2
Query_111705	XM_036244476.1	100.000	21	0	0	1	21	94	74	2.1	39.2
Query_111705	XM_036244475.1	100.000	21	0	0	1	21	111	91	2.1	39.2
Query_111705	XM_036253164.1	100.000	21	0	0	1	21	42	22	2.1	39.2
Query_111705	XM_036229301.1	100.000	21	0	0	1	21	59	39	2.1	39.2
Query_111705	XM_016143743.2	100.000	21	0	0	1	21	59	39	2.1	39.2
Query_111705	XM_016143742.2	100.000	21	0	0	1	21	118	98	2.1	39.2
Query_111705	AP023480.1	100.000	21	0	0	1	21	48159248	48159268	2.1	39.2
Query_111705	XM_036064667.1	100.000	21	0	0	1	21	374	354	2.1	39.2
Query_111705	XM_036064666.1	100.000	21	0	0	1	21	91	71	2.1	39.2
Query_111705	XM_036064665.1	100.000	21	0	0	1	21	40	20	2.1	39.2
Query_111705	XM_028523955.2	100.000	21	0	0	1	21	127	107	2.1	39.2
Query_111705	NM_001282580.2	100.000	21	0	0	1	21	64	44	2.1	39.2
Query_111705	NM_001257398.2	100.000	21	0	0	1	21	203	183	2.1	39.2
Query_111705	XM_035705783.1	100.000	21	0	0	1	21	163	143	2.1	39.2
Query_111705	XM_025470385.2	100.000	21	0	0	1	21	127	107	2.1	39.2
Query_111705	XM_027621509.2	100.000	21	0	0	1	21	95	75	2.1	39.2
Query_111705	XM_027621508.2	100.000	21	0	0	1	21	95	75	2.1	39.2
Query_111705	XM_027606759.2	100.000	21	0	0	1	21	6184	6164	2.1	39.2
Query_111705	LR862363.1	100.000	21	0	0	1	21	9943691	9943671	2.1	39.2
Query_111705	XM_017971642.2	100.000	21	0	0	1	21	476	456	2.1	39.2
Query_111705	XM_017971646.2	100.000	21	0	0	1	21	74	54	2.1	39.2
Query_111705	XM_035297862.1	100.000	21	0	0	1	21	476	456	2.1	39.2
Query_111705	XM_017971644.2	100.000	21	0	0	1	21	164	144	2.1	39.2


