# blastn
# Iteration: 0
# Query: 
# RID: 727FJXG8016
# Database: nt
# Fields: query acc.ver, subject acc.ver, % identity, alignment length, mismatches, gap opens, q. start, q. end, s. start, s. end, evalue, bit score
# 20 hits found
Query_24275	XM_034491809.1	100.000	21	0	0	1	21	705	685	2.1	39.2
Query_24275	XM_032910158.1	100.000	21	0	0	1	21	690	670	2.1	39.2
Query_24275	XM_031343037.1	100.000	21	0	0	1	21	707	687	2.1	39.2
Query_24275	XM_021645872.1	100.000	21	0	0	1	21	707	687	2.1	39.2
Query_24275	XM_020168004.1	100.000	21	0	0	1	21	668	648	2.1	39.2
Query_24275	KX150940.1	100.000	21	0	0	1	21	774	754	2.1	39.2
Query_24275	XM_009866563.1	100.000	21	0	0	1	21	1427	1447	2.1	39.2
Query_24275	XM_036193376.1	100.000	21	0	0	1	21	677	657	2.1	39.2
Query_24275	NM_012864.2	100.000	21	0	0	1	21	696	676	2.1	39.2
Query_24275	L24374.1	100.000	21	0	0	1	21	710	690	2.1	39.2
Query_24275	X07824.1	100.000	21	0	0	1	21	76	56	2.1	39.2
Query_24275	LR132054.1	100.000	20	0	0	1	20	2897305	2897286	7.3	37.4
Query_24275	LR132054.1	100.000	20	0	0	1	20	2946237	2946218	7.3	37.4
Query_24275	XM_026372995.1	100.000	20	0	0	1	20	807	788	7.3	37.4
Query_24275	XM_026370734.1	100.000	20	0	0	1	20	747	728	7.3	37.4
Query_24275	XM_006983782.2	100.000	20	0	0	1	20	754	735	7.3	37.4
Query_24275	XM_028890956.2	100.000	20	0	0	1	20	794	775	7.3	37.4
Query_24275	LR877225.1	100.000	20	0	0	2	21	4292116	4292097	7.3	37.4
Query_24275	XM_027415188.2	100.000	20	0	0	2	21	667	648	7.3	37.4
Query_24275	XM_027439890.2	100.000	20	0	0	2	21	643	624	7.3	37.4


