# blastn
# Iteration: 0
# Query: 
# RID: 7REJ5PB501R
# Database: nt
# Fields: query acc.ver, subject acc.ver, % identity, alignment length, mismatches, gap opens, q. start, q. end, s. start, s. end, evalue, bit score
# 101 hits found
Query_127113	XM_040491239.1	100.000	21	0	0	1	21	410	390	2.1	39.2
Query_127113	XM_040496666.1	100.000	21	0	0	1	21	305	285	2.1	39.2
Query_127113	XM_005335534.4	100.000	21	0	0	1	21	293	273	2.1	39.2
Query_127113	XM_040281818.1	100.000	21	0	0	1	21	286	266	2.1	39.2
Query_127113	XM_040234415.1	100.000	21	0	0	1	21	412	392	2.1	39.2
Query_127113	XM_029079248.2	100.000	21	0	0	1	21	352	332	2.1	39.2
Query_127113	HG994418.1	100.000	21	0	0	1	21	23852217	23852197	2.1	39.2
Query_127113	HG994417.1	100.000	21	0	0	1	21	2974229	2974249	2.1	39.2
Query_127113	HG994412.1	100.000	21	0	0	1	21	35368008	35368028	2.1	39.2
Query_127113	HG994408.1	100.000	21	0	0	1	21	41251078	41251058	2.1	39.2
Query_127113	HG994406.1	100.000	21	0	0	1	21	8450772	8450792	2.1	39.2
Query_127113	HG994406.1	100.000	21	0	0	1	21	33877664	33877684	2.1	39.2
Query_127113	HG994405.1	100.000	21	0	0	1	21	37623670	37623650	2.1	39.2
Query_127113	HG994400.1	100.000	21	0	0	1	21	50112196	50112176	2.1	39.2
Query_127113	HG994395.1	100.000	21	0	0	1	21	35168660	35168680	2.1	39.2
Query_127113	HG994394.1	100.000	21	0	0	1	21	23149502	23149482	2.1	39.2
Query_127113	HG994393.1	100.000	21	0	0	1	21	43965403	43965423	2.1	39.2
Query_127113	HG994388.1	100.000	21	0	0	1	21	10477528	10477508	2.1	39.2
Query_127113	HG994385.1	100.000	21	0	0	1	21	54981979	54981959	2.1	39.2
Query_127113	HG994384.1	100.000	21	0	0	1	21	29999848	29999868	2.1	39.2
Query_127113	XM_039869043.1	100.000	21	0	0	1	21	393	373	2.1	39.2
Query_127113	XM_039496494.1	100.000	21	0	0	1	21	505	485	2.1	39.2
Query_127113	XM_039496491.1	100.000	21	0	0	1	21	413	393	2.1	39.2
Query_127113	XM_039471644.1	100.000	21	0	0	1	21	613	593	2.1	39.2
Query_127113	XM_039471344.1	100.000	21	0	0	1	21	253	233	2.1	39.2
Query_127113	XM_039471339.1	100.000	21	0	0	1	21	285	265	2.1	39.2
Query_127113	NG_030475.3	100.000	21	0	0	1	21	410	390	2.1	39.2
Query_127113	XM_039225835.1	100.000	21	0	0	1	21	64	44	2.1	39.2
Query_127113	XM_039238873.1	100.000	21	0	0	1	21	315	295	2.1	39.2
Query_127113	XM_039236607.1	100.000	21	0	0	1	21	341	321	2.1	39.2
Query_127113	XM_039092903.1	100.000	21	0	0	1	21	1438	1418	2.1	39.2
Query_127113	XM_038677314.1	100.000	21	0	0	1	21	269	249	2.1	39.2
Query_127113	XM_038447501.1	100.000	21	0	0	1	21	380	360	2.1	39.2
Query_127113	XM_038444630.1	100.000	21	0	0	1	21	247	227	2.1	39.2
Query_127113	XM_038441557.1	100.000	21	0	0	1	21	284	264	2.1	39.2
Query_127113	XM_038439592.1	100.000	21	0	0	1	21	517	497	2.1	39.2
Query_127113	XM_038431898.1	100.000	21	0	0	1	21	263	243	2.1	39.2
Query_127113	XM_038429925.1	100.000	21	0	0	1	21	260	240	2.1	39.2
Query_127113	XM_038686021.1	100.000	21	0	0	1	21	475	455	2.1	39.2
Query_127113	XM_038680268.1	100.000	21	0	0	1	21	301	281	2.1	39.2
Query_127113	XM_003435294.4	100.000	21	0	0	1	21	269	249	2.1	39.2
Query_127113	XM_038463572.1	100.000	21	0	0	1	21	380	360	2.1	39.2
Query_127113	XM_038462342.1	100.000	21	0	0	1	21	247	227	2.1	39.2
Query_127113	XM_014109332.3	100.000	21	0	0	1	21	284	264	2.1	39.2
Query_127113	XM_022411083.2	100.000	21	0	0	1	21	517	497	2.1	39.2
Query_127113	XM_003433108.5	100.000	21	0	0	1	21	263	243	2.1	39.2
Query_127113	XM_014122538.3	100.000	21	0	0	1	21	253	233	2.1	39.2
Query_127113	XM_038644474.1	100.000	21	0	0	1	21	295	275	2.1	39.2
Query_127113	XM_038756364.1	100.000	21	0	0	1	21	323	303	2.1	39.2
Query_127113	XM_038388051.1	100.000	21	0	0	1	21	520	500	2.1	39.2
Query_127113	XM_038333384.1	100.000	21	0	0	1	21	319	299	2.1	39.2
Query_127113	XM_038314678.1	100.000	21	0	0	1	21	407	387	2.1	39.2
Query_127113	XM_038347095.1	100.000	21	0	0	1	21	253	233	2.1	39.2
Query_127113	CP056063.1	100.000	21	0	0	1	21	13755492	13755512	2.1	39.2
Query_127113	CP054687.1	100.000	21	0	0	1	21	13175333	13175353	2.1	39.2
Query_127113	XM_007992884.2	100.000	21	0	0	1	21	253	233	2.1	39.2
Query_127113	XM_038008386.1	100.000	21	0	0	1	21	287	267	2.1	39.2
Query_127113	XM_008004246.2	100.000	21	0	0	1	21	614	594	2.1	39.2
Query_127113	XM_038005196.1	100.000	21	0	0	1	21	303	283	2.1	39.2
Query_127113	XM_007069234.3	100.000	21	0	0	1	21	368	348	2.1	39.2
Query_127113	XM_037822839.1	100.000	21	0	0	1	21	253	233	2.1	39.2
Query_127113	XM_037846925.1	100.000	21	0	0	1	21	367	347	2.1	39.2
Query_127113	XM_037812793.1	100.000	21	0	0	1	21	256	236	2.1	39.2
Query_127113	XM_037805070.1	100.000	21	0	0	1	21	253	233	2.1	39.2
Query_127113	XM_037799864.1	100.000	21	0	0	1	21	791	771	2.1	39.2
Query_127113	XM_037734422.1	100.000	21	0	0	1	21	583	563	2.1	39.2
Query_127113	XM_017502871.2	100.000	21	0	0	1	21	284	264	2.1	39.2
Query_127113	XM_017541827.2	100.000	21	0	0	1	21	279	259	2.1	39.2
Query_127113	XM_017534874.2	100.000	21	0	0	1	21	288	268	2.1	39.2
Query_127113	XM_037522123.1	100.000	21	0	0	1	21	373	353	2.1	39.2
Query_127113	XM_037513877.1	100.000	21	0	0	1	21	422	402	2.1	39.2
Query_127113	XM_028855698.2	100.000	21	0	0	1	21	359	339	2.1	39.2
Query_127113	XM_037196800.1	100.000	21	0	0	1	21	405	385	2.1	39.2
Query_127113	XM_037146140.1	100.000	21	0	0	1	21	441	421	2.1	39.2
Query_127113	XM_037064672.1	100.000	21	0	0	1	21	440	420	2.1	39.2
Query_127113	XM_037023059.1	100.000	21	0	0	1	21	405	385	2.1	39.2
Query_127113	XM_037012614.1	100.000	21	0	0	1	21	253	233	2.1	39.2
Query_127113	XM_036891225.1	100.000	21	0	0	1	21	424	404	2.1	39.2
Query_127113	XM_036879049.1	100.000	21	0	0	1	21	253	233	2.1	39.2
Query_127113	XM_036917115.1	100.000	21	0	0	1	21	284	264	2.1	39.2
Query_127113	XM_036852158.1	100.000	21	0	0	1	21	250	230	2.1	39.2
Query_127113	XM_036852157.1	100.000	21	0	0	1	21	277	257	2.1	39.2
Query_127113	XR_004991539.1	100.000	21	0	0	1	21	443	423	2.1	39.2
Query_127113	XM_036458685.1	100.000	21	0	0	1	21	440	420	2.1	39.2
Query_127113	XM_036305925.1	100.000	21	0	0	1	21	283	263	2.1	39.2
Query_127113	XM_036302016.1	100.000	21	0	0	1	21	275	255	2.1	39.2
Query_127113	XM_036297571.1	100.000	21	0	0	1	21	438	418	2.1	39.2
Query_127113	XR_004965807.1	100.000	21	0	0	1	21	438	418	2.1	39.2
Query_127113	XM_036297570.1	100.000	21	0	0	1	21	431	411	2.1	39.2
Query_127113	XM_036247340.1	100.000	21	0	0	1	21	287	267	2.1	39.2
Query_127113	XM_036241407.1	100.000	21	0	0	1	21	265	245	2.1	39.2
Query_127113	XM_036252541.1	100.000	21	0	0	1	21	345	325	2.1	39.2
Query_127113	XM_016157625.2	100.000	21	0	0	1	21	364	344	2.1	39.2
Query_127113	XM_036170059.1	100.000	21	0	0	1	21	442	422	2.1	39.2
Query_127113	XM_006514344.5	100.000	21	0	0	1	21	587	567	2.1	39.2
Query_127113	XM_036094585.1	100.000	21	0	0	1	21	388	368	2.1	39.2
Query_127113	XM_036089977.1	100.000	21	0	0	1	21	412	392	2.1	39.2
Query_127113	XM_036079636.1	100.000	21	0	0	1	21	274	254	2.1	39.2
Query_127113	XR_004911609.1	100.000	21	0	0	1	21	368	348	2.1	39.2
Query_127113	XM_036102179.1	100.000	21	0	0	1	21	286	266	2.1	39.2
Query_127113	XM_036077454.1	100.000	21	0	0	1	21	386	366	2.1	39.2


