# blastn
# Iteration: 0
# Query: 
# RID: 73YGVGG3013
# Database: nt
# Fields: query acc.ver, subject acc.ver, % identity, alignment length, mismatches, gap opens, q. start, q. end, s. start, s. end, evalue, bit score
# 75 hits found
Query_18977	XM_003826436.5	100.000	21	0	0	1	21	1683	1663	2.1	39.2
Query_18977	CP050597.1	100.000	21	0	0	1	21	38639653	38639673	2.1	39.2
Query_18977	CP050607.1	100.000	21	0	0	1	21	38633160	38633180	2.1	39.2
Query_18977	XM_033207523.1	100.000	21	0	0	1	21	901	881	2.1	39.2
Query_18977	XM_032283391.1	100.000	21	0	0	1	21	1115	1095	2.1	39.2
Query_18977	XR_004248146.1	100.000	21	0	0	1	21	975	955	2.1	39.2
Query_18977	XM_032152902.1	100.000	21	0	0	1	21	1102	1082	2.1	39.2
Query_18977	XM_023215610.3	100.000	21	0	0	1	21	1102	1082	2.1	39.2
Query_18977	XM_003909863.5	100.000	21	0	0	1	21	1691	1671	2.1	39.2
Query_18977	XM_021925750.2	100.000	21	0	0	1	21	1196	1176	2.1	39.2
Query_18977	XM_021925748.2	100.000	21	0	0	1	21	1702	1682	2.1	39.2
Query_18977	XM_021925749.2	100.000	21	0	0	1	21	1991	1971	2.1	39.2
Query_18977	XR_004177556.1	100.000	21	0	0	1	21	1990	1970	2.1	39.2
Query_18977	XR_004177555.1	100.000	21	0	0	1	21	1990	1970	2.1	39.2
Query_18977	XM_021925747.2	100.000	21	0	0	1	21	1990	1970	2.1	39.2
Query_18977	XM_021925746.2	100.000	21	0	0	1	21	1989	1969	2.1	39.2
Query_18977	XM_021925745.2	100.000	21	0	0	1	21	1965	1945	2.1	39.2
Query_18977	XM_021925744.2	100.000	21	0	0	1	21	1999	1979	2.1	39.2
Query_18977	XM_010353410.2	100.000	21	0	0	1	21	1102	1082	2.1	39.2
Query_18977	XR_004029584.1	100.000	21	0	0	1	21	977	957	2.1	39.2
Query_18977	XM_030810123.1	100.000	21	0	0	1	21	1102	1082	2.1	39.2
Query_18977	NM_002559.5	100.000	21	0	0	1	21	1100	1080	2.1	39.2
Query_18977	XM_001103269.4	100.000	21	0	0	1	21	1603	1583	2.1	39.2
Query_18977	XM_005346685.2	100.000	21	0	0	1	21	901	881	2.1	39.2
Query_18977	XM_026012932.1	100.000	21	0	0	1	21	901	881	2.1	39.2
Query_18977	XM_025357428.1	100.000	21	0	0	1	21	1101	1081	2.1	39.2
Query_18977	XM_011766085.2	100.000	21	0	0	1	21	936	916	2.1	39.2
Query_18977	XM_016920882.2	100.000	21	0	0	1	21	1170	1150	2.1	39.2
Query_18977	XM_001136930.4	100.000	21	0	0	1	21	1153	1133	2.1	39.2
Query_18977	XM_002821788.2	100.000	21	0	0	1	21	1102	1082	2.1	39.2
Query_18977	XM_017851320.1	100.000	21	0	0	1	21	1064	1044	2.1	39.2
Query_18977	XM_011545072.2	100.000	21	0	0	1	21	1878	1858	2.1	39.2
Query_18977	XR_949950.2	100.000	21	0	0	1	21	1624	1604	2.1	39.2
Query_18977	XM_011545071.2	100.000	21	0	0	1	21	1614	1594	2.1	39.2
Query_18977	XM_011545070.2	100.000	21	0	0	1	21	1052	1032	2.1	39.2
Query_18977	XM_011545069.2	100.000	21	0	0	1	21	1746	1726	2.1	39.2
Query_18977	XM_015434713.1	100.000	21	0	0	1	21	1680	1660	2.1	39.2
Query_18977	XR_001484890.1	100.000	21	0	0	1	21	1680	1660	2.1	39.2
Query_18977	XR_001484889.1	100.000	21	0	0	1	21	1680	1660	2.1	39.2
Query_18977	XM_005577865.2	100.000	21	0	0	1	21	1680	1660	2.1	39.2
Query_18977	XM_012476474.1	100.000	21	0	0	1	21	1055	1035	2.1	39.2
Query_18977	XM_012476473.1	100.000	21	0	0	1	21	1119	1099	2.1	39.2
Query_18977	XM_011766086.1	100.000	21	0	0	1	21	1248	1228	2.1	39.2
Query_18977	XM_011766083.1	100.000	21	0	0	1	21	1098	1078	2.1	39.2
Query_18977	XM_012092343.1	100.000	21	0	0	1	21	1087	1067	2.1	39.2
Query_18977	XM_011963399.1	100.000	21	0	0	1	21	1080	1060	2.1	39.2
Query_18977	XM_011998703.1	100.000	21	0	0	1	21	1087	1067	2.1	39.2
Query_18977	XM_011545073.1	100.000	21	0	0	1	21	602	582	2.1	39.2
Query_18977	XM_006160805.1	100.000	21	0	0	1	21	1089	1069	2.1	39.2
Query_18977	KF511148.1	100.000	21	0	0	1	21	66	46	2.1	39.2
Query_18977	HG994402.1	100.000	21	0	0	1	21	17428490	17428470	2.1	39.2
Query_18977	XM_003920107.3	100.000	21	0	0	1	21	940	920	2.1	39.2
Query_18977	XM_038424307.1	100.000	21	0	0	1	21	1971	1951	2.1	39.2
Query_18977	XM_540614.5	100.000	21	0	0	1	21	1971	1951	2.1	39.2
Query_18977	XM_038337348.1	100.000	21	0	0	1	21	1156	1136	2.1	39.2
Query_18977	XM_038337347.1	100.000	21	0	0	1	21	1252	1232	2.1	39.2
Query_18977	XM_038337346.1	100.000	21	0	0	1	21	2641	2621	2.1	39.2
Query_18977	XM_037999312.1	100.000	21	0	0	1	21	935	915	2.1	39.2
Query_18977	XM_037839095.1	100.000	21	0	0	1	21	1052	1032	2.1	39.2
Query_18977	XM_035701839.1	100.000	21	0	0	1	21	867	847	2.1	39.2
Query_18977	XR_004806790.1	100.000	21	0	0	1	21	1971	1951	2.1	39.2
Query_18977	XM_025452228.2	100.000	21	0	0	1	21	1971	1951	2.1	39.2
Query_18977	XM_035262719.1	100.000	21	0	0	1	21	2612	2592	2.1	39.2
Query_18977	XM_035262718.1	100.000	21	0	0	1	21	1076	1056	2.1	39.2
Query_18977	XM_035262717.1	100.000	21	0	0	1	21	1335	1315	2.1	39.2
Query_18977	XM_035262716.1	100.000	21	0	0	1	21	2985	2965	2.1	39.2
Query_18977	XM_035262715.1	100.000	21	0	0	1	21	1435	1415	2.1	39.2
Query_18977	XM_002755279.6	100.000	21	0	0	1	21	1553	1533	2.1	39.2
Query_18977	BC109287.2	100.000	21	0	0	1	21	935	915	2.1	39.2
Query_18977	BC074793.2	100.000	21	0	0	1	21	932	912	2.1	39.2
Query_18977	BC074792.2	100.000	21	0	0	1	21	932	912	2.1	39.2
Query_18977	BC069162.1	100.000	21	0	0	1	21	977	957	2.1	39.2
Query_18977	AP000781.6	100.000	21	0	0	1	21	123384	123364	2.1	39.2
Query_18977	AB016608.1	100.000	21	0	0	1	21	901	881	2.1	39.2
Query_18977	Y07683.1	100.000	21	0	0	1	21	1066	1046	2.1	39.2


