# blastn
# Iteration: 0
# Query: 
# RID: 6S38MP5U013
# Database: nt
# Fields: query acc.ver, subject acc.ver, % identity, alignment length, mismatches, gap opens, q. start, q. end, s. start, s. end, evalue, bit score
# 100 hits found
Query_1865	XM_008976634.2	100.000	21	0	0	1	21	534	514	2.1	39.2
Query_1865	XM_003823013.3	100.000	21	0	0	1	21	516	496	2.1	39.2
Query_1865	XM_033198362.1	100.000	21	0	0	1	21	487	467	2.1	39.2
Query_1865	XM_033198361.1	100.000	21	0	0	1	21	509	489	2.1	39.2
Query_1865	XM_033198360.1	100.000	21	0	0	1	21	509	489	2.1	39.2
Query_1865	XM_033198359.1	100.000	21	0	0	1	21	509	489	2.1	39.2
Query_1865	XM_033198358.1	100.000	21	0	0	1	21	403	383	2.1	39.2
Query_1865	XR_004434096.1	100.000	21	0	0	1	21	509	489	2.1	39.2
Query_1865	XM_033198357.1	100.000	21	0	0	1	21	757	737	2.1	39.2
Query_1865	XM_033198356.1	100.000	21	0	0	1	21	509	489	2.1	39.2
Query_1865	XM_032136927.1	100.000	21	0	0	1	21	492	472	2.1	39.2
Query_1865	XM_032136926.1	100.000	21	0	0	1	21	488	468	2.1	39.2
Query_1865	XM_023186845.3	100.000	21	0	0	1	21	871	851	2.1	39.2
Query_1865	XR_639001.4	100.000	21	0	0	1	21	532	512	2.1	39.2
Query_1865	XM_009189984.4	100.000	21	0	0	1	21	532	512	2.1	39.2
Query_1865	XM_030930251.1	100.000	21	0	0	1	21	493	473	2.1	39.2
Query_1865	XM_010378845.2	100.000	21	0	0	1	21	516	496	2.1	39.2
Query_1865	XM_030930243.1	100.000	21	0	0	1	21	516	496	2.1	39.2
Query_1865	XM_012502075.2	100.000	21	0	0	1	21	488	468	2.1	39.2
Query_1865	XM_015120156.2	100.000	21	0	0	1	21	487	467	2.1	39.2
Query_1865	XM_015120144.2	100.000	21	0	0	1	21	521	501	2.1	39.2
Query_1865	XM_015120123.2	100.000	21	0	0	1	21	521	501	2.1	39.2
Query_1865	XM_026456675.1	100.000	21	0	0	1	21	508	488	2.1	39.2
Query_1865	XM_023186848.2	100.000	21	0	0	1	21	508	488	2.1	39.2
Query_1865	XM_023186846.2	100.000	21	0	0	1	21	508	488	2.1	39.2
Query_1865	XM_023186844.2	100.000	21	0	0	1	21	508	488	2.1	39.2
Query_1865	XM_026397216.1	100.000	21	0	0	1	21	481	461	2.1	39.2
Query_1865	XM_027945677.1	100.000	21	0	0	1	21	495	475	2.1	39.2
Query_1865	XM_027945676.1	100.000	21	0	0	1	21	482	462	2.1	39.2
Query_1865	XM_025391108.1	100.000	21	0	0	1	21	492	472	2.1	39.2
Query_1865	XM_025391104.1	100.000	21	0	0	1	21	488	468	2.1	39.2
Query_1865	NM_014176.4	100.000	21	0	0	1	21	459	439	2.1	39.2
Query_1865	XM_011746666.2	100.000	21	0	0	1	21	487	467	2.1	39.2
Query_1865	XM_011746665.2	100.000	21	0	0	1	21	858	838	2.1	39.2
Query_1865	XM_011746664.2	100.000	21	0	0	1	21	730	710	2.1	39.2
Query_1865	XM_011746662.2	100.000	21	0	0	1	21	512	492	2.1	39.2
Query_1865	XM_009440790.2	100.000	21	0	0	1	21	508	488	2.1	39.2
Query_1865	XM_024350983.1	100.000	21	0	0	1	21	828	808	2.1	39.2
Query_1865	XM_514102.6	100.000	21	0	0	1	21	519	499	2.1	39.2
Query_1865	XM_024239242.1	100.000	21	0	0	1	21	857	837	2.1	39.2
Query_1865	XM_002809603.4	100.000	21	0	0	1	21	504	484	2.1	39.2
Query_1865	XM_004481920.3	100.000	21	0	0	1	21	895	875	2.1	39.2
Query_1865	XM_012520995.2	100.000	21	0	0	1	21	488	468	2.1	39.2
Query_1865	XM_012520994.2	100.000	21	0	0	1	21	503	483	2.1	39.2
Query_1865	XM_023186847.1	100.000	21	0	0	1	21	508	488	2.1	39.2
Query_1865	XM_003893291.3	100.000	21	0	0	1	21	532	512	2.1	39.2
Query_1865	XM_021706319.1	100.000	21	0	0	1	21	350	330	2.1	39.2
Query_1865	XM_021706318.1	100.000	21	0	0	1	21	418	398	2.1	39.2
Query_1865	XM_008072792.2	100.000	21	0	0	1	21	468	448	2.1	39.2
Query_1865	XM_021706317.1	100.000	21	0	0	1	21	419	399	2.1	39.2
Query_1865	XR_504178.2	100.000	21	0	0	1	21	484	464	2.1	39.2
Query_1865	LT735351.1	100.000	21	0	0	1	21	840	820	2.1	39.2
Query_1865	XM_009189991.2	100.000	21	0	0	1	21	487	467	2.1	39.2
Query_1865	XM_017896496.1	100.000	21	0	0	1	21	488	468	2.1	39.2
Query_1865	XM_017896495.1	100.000	21	0	0	1	21	530	510	2.1	39.2
Query_1865	XM_017896494.1	100.000	21	0	0	1	21	530	510	2.1	39.2
Query_1865	XM_017896493.1	100.000	21	0	0	1	21	530	510	2.1	39.2
Query_1865	XM_017896491.1	100.000	21	0	0	1	21	361	341	2.1	39.2
Query_1865	XR_001890023.1	100.000	21	0	0	1	21	530	510	2.1	39.2
Query_1865	XM_017896490.1	100.000	21	0	0	1	21	651	631	2.1	39.2
Query_1865	XM_017896489.1	100.000	21	0	0	1	21	530	510	2.1	39.2
Query_1865	XM_002717595.3	100.000	21	0	0	1	21	541	521	2.1	39.2
Query_1865	XM_017347857.1	100.000	21	0	0	1	21	1189	1169	2.1	39.2
Query_1865	XM_008268582.2	100.000	21	0	0	1	21	552	532	2.1	39.2
Query_1865	XM_015483843.1	100.000	21	0	0	1	21	475	455	2.1	39.2
Query_1865	XM_015448187.1	100.000	21	0	0	1	21	487	467	2.1	39.2
Query_1865	XM_015448182.1	100.000	21	0	0	1	21	524	504	2.1	39.2
Query_1865	XM_015448175.1	100.000	21	0	0	1	21	524	504	2.1	39.2
Query_1865	XM_005540454.2	100.000	21	0	0	1	21	524	504	2.1	39.2
Query_1865	XM_005540453.2	100.000	21	0	0	1	21	458	438	2.1	39.2
Query_1865	XM_005540452.2	100.000	21	0	0	1	21	854	834	2.1	39.2
Query_1865	XM_005540451.2	100.000	21	0	0	1	21	720	700	2.1	39.2
Query_1865	XM_005540450.2	100.000	21	0	0	1	21	524	504	2.1	39.2
Query_1865	NG_042230.1	100.000	21	0	0	1	21	13699	13679	2.1	39.2
Query_1865	XM_012726802.1	100.000	21	0	0	1	21	453	433	2.1	39.2
Query_1865	XM_004685509.2	100.000	21	0	0	1	21	463	443	2.1	39.2
Query_1865	XM_012459474.1	100.000	21	0	0	1	21	499	479	2.1	39.2
Query_1865	XM_011931764.1	100.000	21	0	0	1	21	488	468	2.1	39.2
Query_1865	XM_011746661.1	100.000	21	0	0	1	21	512	492	2.1	39.2
Query_1865	XM_012037510.1	100.000	21	0	0	1	21	446	426	2.1	39.2
Query_1865	XM_012037503.1	100.000	21	0	0	1	21	430	410	2.1	39.2
Query_1865	XM_012037497.1	100.000	21	0	0	1	21	614	594	2.1	39.2
Query_1865	XM_012037489.1	100.000	21	0	0	1	21	883	863	2.1	39.2
Query_1865	XM_012037480.1	100.000	21	0	0	1	21	496	476	2.1	39.2
Query_1865	XM_012037472.1	100.000	21	0	0	1	21	496	476	2.1	39.2
Query_1865	XM_011990525.1	100.000	21	0	0	1	21	451	431	2.1	39.2
Query_1865	XM_011990523.1	100.000	21	0	0	1	21	488	468	2.1	39.2
Query_1865	XM_005330340.4	100.000	21	0	0	1	21	533	513	2.1	39.2
Query_1865	XM_007988939.2	100.000	21	0	0	1	21	458	438	2.1	39.2
Query_1865	XM_037985742.1	100.000	21	0	0	1	21	808	788	2.1	39.2
Query_1865	XM_007988937.2	100.000	21	0	0	1	21	524	504	2.1	39.2
Query_1865	XM_007988936.2	100.000	21	0	0	1	21	523	503	2.1	39.2
Query_1865	XM_037497555.1	100.000	21	0	0	1	21	455	435	2.1	39.2
Query_1865	XM_037497554.1	100.000	21	0	0	1	21	455	435	2.1	39.2
Query_1865	XM_037497553.1	100.000	21	0	0	1	21	580	560	2.1	39.2
Query_1865	XM_037497552.1	100.000	21	0	0	1	21	455	435	2.1	39.2
Query_1865	XM_037015311.1	100.000	21	0	0	1	21	436	416	2.1	39.2
Query_1865	XM_036909551.1	100.000	21	0	0	1	21	436	416	2.1	39.2
Query_1865	XM_036909550.1	100.000	21	0	0	1	21	494	474	2.1	39.2
Query_1865	NM_001310326.2	100.000	21	0	0	1	21	463	443	2.1	39.2


