# blastn
# Iteration: 0
# Query: 
# RID: 7PK75EAH016
# Database: nt
# Fields: query acc.ver, subject acc.ver, % identity, alignment length, mismatches, gap opens, q. start, q. end, s. start, s. end, evalue, bit score
# 100 hits found
Query_35593	XM_034995424.1	100.000	21	0	0	1	21	414	394	2.1	39.2
Query_35593	XM_034666539.1	100.000	21	0	0	1	21	599	579	2.1	39.2
Query_35593	XM_034666538.1	100.000	21	0	0	1	21	599	579	2.1	39.2
Query_35593	XM_011220930.3	100.000	21	0	0	1	21	594	574	2.1	39.2
Query_35593	XM_027942433.2	100.000	21	0	0	1	21	628	608	2.1	39.2
Query_35593	XM_034495208.1	100.000	21	0	0	1	21	557	537	2.1	39.2
Query_35593	XM_034495199.1	100.000	21	0	0	1	21	592	572	2.1	39.2
Query_35593	XM_033862515.1	100.000	21	0	0	1	21	584	564	2.1	39.2
Query_35593	XM_033862513.1	100.000	21	0	0	1	21	583	563	2.1	39.2
Query_35593	XM_033862512.1	100.000	21	0	0	1	21	620	600	2.1	39.2
Query_35593	XM_033404430.1	100.000	21	0	0	1	21	627	607	2.1	39.2
Query_35593	CP050601.1	100.000	21	0	0	1	21	32807614	32807634	2.1	39.2
Query_35593	CP050624.1	100.000	21	0	0	1	21	32793951	32793971	2.1	39.2
Query_35593	XM_033207624.1	100.000	21	0	0	1	21	604	584	2.1	39.2
Query_35593	XM_033207623.1	100.000	21	0	0	1	21	671	651	2.1	39.2
Query_35593	XR_004436191.1	100.000	21	0	0	1	21	674	654	2.1	39.2
Query_35593	XR_004436190.1	100.000	21	0	0	1	21	609	589	2.1	39.2
Query_35593	XM_033207622.1	100.000	21	0	0	1	21	670	650	2.1	39.2
Query_35593	XM_032892923.1	100.000	21	0	0	1	21	344	324	2.1	39.2
Query_35593	XM_032853438.1	100.000	21	0	0	1	21	372	352	2.1	39.2
Query_35593	XR_004382158.1	100.000	21	0	0	1	21	374	354	2.1	39.2
Query_35593	XM_032853437.1	100.000	21	0	0	1	21	373	353	2.1	39.2
Query_35593	XM_032853436.1	100.000	21	0	0	1	21	373	353	2.1	39.2
Query_35593	XM_032853435.1	100.000	21	0	0	1	21	299	279	2.1	39.2
Query_35593	XM_032853434.1	100.000	21	0	0	1	21	371	351	2.1	39.2
Query_35593	XM_032166649.2	100.000	21	0	0	1	21	288	268	2.1	39.2
Query_35593	XM_032641658.1	100.000	21	0	0	1	21	654	634	2.1	39.2
Query_35593	XM_032641657.1	100.000	21	0	0	1	21	92	72	2.1	39.2
Query_35593	XM_032641656.1	100.000	21	0	0	1	21	650	630	2.1	39.2
Query_35593	XM_032489050.1	100.000	21	0	0	1	21	677	657	2.1	39.2
Query_35593	XM_032489049.1	100.000	21	0	0	1	21	678	658	2.1	39.2
Query_35593	XM_032489048.1	100.000	21	0	0	1	21	676	656	2.1	39.2
Query_35593	XM_032489047.1	100.000	21	0	0	1	21	677	657	2.1	39.2
Query_35593	XM_032427394.1	100.000	21	0	0	1	21	303	283	2.1	39.2
Query_35593	XM_032427393.1	100.000	21	0	0	1	21	375	355	2.1	39.2
Query_35593	XM_032357951.1	100.000	21	0	0	1	21	444	424	2.1	39.2
Query_35593	XM_032357950.1	100.000	21	0	0	1	21	444	424	2.1	39.2
Query_35593	XM_032357949.1	100.000	21	0	0	1	21	444	424	2.1	39.2
Query_35593	XM_032357948.1	100.000	21	0	0	1	21	371	351	2.1	39.2
Query_35593	XM_032357947.1	100.000	21	0	0	1	21	443	423	2.1	39.2
Query_35593	XM_032240510.1	100.000	21	0	0	1	21	433	413	2.1	39.2
Query_35593	XM_032166651.1	100.000	21	0	0	1	21	255	235	2.1	39.2
Query_35593	XR_004250229.1	100.000	21	0	0	1	21	229	209	2.1	39.2
Query_35593	XM_031933959.1	100.000	21	0	0	1	21	621	601	2.1	39.2
Query_35593	XM_023189815.3	100.000	21	0	0	1	21	688	668	2.1	39.2
Query_35593	XM_023189814.3	100.000	21	0	0	1	21	687	667	2.1	39.2
Query_35593	XM_031681219.1	100.000	21	0	0	1	21	254	234	2.1	39.2
Query_35593	XM_040456926.1	100.000	21	0	0	1	21	347	327	2.1	39.2
Query_35593	XM_040456925.1	100.000	21	0	0	1	21	382	362	2.1	39.2
Query_35593	XM_040456924.1	100.000	21	0	0	1	21	347	327	2.1	39.2
Query_35593	XM_040456923.1	100.000	21	0	0	1	21	385	365	2.1	39.2
Query_35593	XM_040456922.1	100.000	21	0	0	1	21	385	365	2.1	39.2
Query_35593	XM_040284772.1	100.000	21	0	0	1	21	266	246	2.1	39.2
Query_35593	XM_040258410.1	100.000	21	0	0	1	21	623	603	2.1	39.2
Query_35593	HG994405.1	100.000	21	0	0	1	21	18297797	18297777	2.1	39.2
Query_35593	XM_039863542.1	100.000	21	0	0	1	21	389	369	2.1	39.2
Query_35593	XM_039470498.1	100.000	21	0	0	1	21	364	344	2.1	39.2
Query_35593	XM_039470497.1	100.000	21	0	0	1	21	691	671	2.1	39.2
Query_35593	XM_039470496.1	100.000	21	0	0	1	21	583	563	2.1	39.2
Query_35593	XM_039470495.1	100.000	21	0	0	1	21	691	671	2.1	39.2
Query_35593	XM_039078190.1	100.000	21	0	0	1	21	633	613	2.1	39.2
Query_35593	XM_017589204.2	100.000	21	0	0	1	21	558	538	2.1	39.2
Query_35593	XM_038430473.1	100.000	21	0	0	1	21	386	366	2.1	39.2
Query_35593	XM_038430472.1	100.000	21	0	0	1	21	386	366	2.1	39.2
Query_35593	XM_038341029.1	100.000	21	0	0	1	21	377	357	2.1	39.2
Query_35593	XM_038341024.1	100.000	21	0	0	1	21	377	357	2.1	39.2
Query_35593	XM_037999738.1	100.000	21	0	0	1	21	374	354	2.1	39.2
Query_35593	XM_037999737.1	100.000	21	0	0	1	21	654	634	2.1	39.2
Query_35593	XM_037999736.1	100.000	21	0	0	1	21	582	562	2.1	39.2
Query_35593	XM_008007293.2	100.000	21	0	0	1	21	654	634	2.1	39.2
Query_35593	XM_037840027.1	100.000	21	0	0	1	21	591	571	2.1	39.2
Query_35593	XM_037840026.1	100.000	21	0	0	1	21	584	564	2.1	39.2
Query_35593	XM_017500309.2	100.000	21	0	0	1	21	361	341	2.1	39.2
Query_35593	XM_037522637.1	100.000	21	0	0	1	21	618	598	2.1	39.2
Query_35593	XM_028894622.2	100.000	21	0	0	1	21	585	565	2.1	39.2
Query_35593	XM_028894620.2	100.000	21	0	0	1	21	584	564	2.1	39.2
Query_35593	XM_037133802.1	100.000	21	0	0	1	21	681	661	2.1	39.2
Query_35593	XM_037026327.1	100.000	21	0	0	1	21	307	287	2.1	39.2
Query_35593	XM_037026326.1	100.000	21	0	0	1	21	379	359	2.1	39.2
Query_35593	XM_036860165.1	100.000	21	0	0	1	21	324	304	2.1	39.2
Query_35593	XM_036860164.1	100.000	21	0	0	1	21	396	376	2.1	39.2
Query_35593	XM_036189007.1	100.000	21	0	0	1	21	536	516	2.1	39.2
Query_35593	XM_036189000.1	100.000	21	0	0	1	21	553	533	2.1	39.2
Query_35593	XM_036188991.1	100.000	21	0	0	1	21	579	559	2.1	39.2
Query_35593	XM_036068907.1	100.000	21	0	0	1	21	325	305	2.1	39.2
Query_35593	XM_036068899.1	100.000	21	0	0	1	21	398	378	2.1	39.2
Query_35593	XM_028514394.2	100.000	21	0	0	1	21	665	645	2.1	39.2
Query_35593	XM_036028997.1	100.000	21	0	0	1	21	667	647	2.1	39.2
Query_35593	XM_028514393.2	100.000	21	0	0	1	21	592	572	2.1	39.2
Query_35593	XM_028514392.2	100.000	21	0	0	1	21	664	644	2.1	39.2
Query_35593	LR877218.1	100.000	21	0	0	1	21	59430261	59430281	2.1	39.2
Query_35593	XM_027578364.2	100.000	21	0	0	1	21	485	465	2.1	39.2
Query_35593	XM_027578363.2	100.000	21	0	0	1	21	485	465	2.1	39.2
Query_35593	XM_027578362.2	100.000	21	0	0	1	21	485	465	2.1	39.2
Query_35593	XM_035437289.1	100.000	21	0	0	1	21	391	371	2.1	39.2
Query_35593	XR_004767501.1	100.000	21	0	0	1	21	391	371	2.1	39.2
Query_35593	XM_003513382.4	100.000	21	0	0	1	21	391	371	2.1	39.2
Query_35593	XM_017977897.2	100.000	21	0	0	1	21	654	634	2.1	39.2
Query_35593	XM_017977895.2	100.000	21	0	0	1	21	582	562	2.1	39.2
Query_35593	XM_002755025.4	100.000	21	0	0	1	21	654	634	2.1	39.2


