# blastn
# Iteration: 0
# Query: 
# RID: 6UBJ74W7016
# Database: nt
# Fields: query acc.ver, subject acc.ver, % identity, alignment length, mismatches, gap opens, q. start, q. end, s. start, s. end, evalue, bit score
# 100 hits found
Query_28271	XM_035028986.1	100.000	21	0	0	1	21	220	200	2.1	39.2
Query_28271	XM_035011358.1	100.000	21	0	0	1	21	236	216	2.1	39.2
Query_28271	XM_034966245.1	100.000	21	0	0	1	21	214	194	2.1	39.2
Query_28271	XM_003831319.3	100.000	21	0	0	1	21	222	202	2.1	39.2
Query_28271	XM_008956682.2	100.000	21	0	0	1	21	221	201	2.1	39.2
Query_28271	XM_034966244.1	100.000	21	0	0	1	21	549	529	2.1	39.2
Query_28271	AP023169.1	100.000	21	0	0	1	21	25548315	25548335	2.1	39.2
Query_28271	XM_034668209.1	100.000	21	0	0	1	21	258	238	2.1	39.2
Query_28271	XM_011234055.3	100.000	21	0	0	1	21	221	201	2.1	39.2
Query_28271	XM_019807366.2	100.000	21	0	0	1	21	221	201	2.1	39.2
Query_28271	XM_011234054.3	100.000	21	0	0	1	21	221	201	2.1	39.2
Query_28271	XM_034668208.1	100.000	21	0	0	1	21	221	201	2.1	39.2
Query_28271	XR_004627818.1	100.000	21	0	0	1	21	221	201	2.1	39.2
Query_28271	XM_034668207.1	100.000	21	0	0	1	21	221	201	2.1	39.2
Query_28271	XR_004627817.1	100.000	21	0	0	1	21	221	201	2.1	39.2
Query_28271	XR_004627816.1	100.000	21	0	0	1	21	221	201	2.1	39.2
Query_28271	XM_034668206.1	100.000	21	0	0	1	21	221	201	2.1	39.2
Query_28271	XM_033202826.1	100.000	21	0	0	1	21	215	195	2.1	39.2
Query_28271	XM_033202825.1	100.000	21	0	0	1	21	222	202	2.1	39.2
Query_28271	XM_033126722.1	100.000	21	0	0	1	21	213	193	2.1	39.2
Query_28271	XM_032869180.1	100.000	21	0	0	1	21	233	213	2.1	39.2
Query_28271	XM_032759861.1	100.000	21	0	0	1	21	214	194	2.1	39.2
Query_28271	XM_032759860.1	100.000	21	0	0	1	21	636	616	2.1	39.2
Query_28271	XM_032759859.1	100.000	21	0	0	1	21	221	201	2.1	39.2
Query_28271	XM_032759858.1	100.000	21	0	0	1	21	216	196	2.1	39.2
Query_28271	XM_032591955.1	100.000	21	0	0	1	21	221	201	2.1	39.2
Query_28271	XM_032470239.1	100.000	21	0	0	1	21	240	220	2.1	39.2
Query_28271	XR_004301445.1	100.000	21	0	0	1	21	192	172	2.1	39.2
Query_28271	XM_032421546.1	100.000	21	0	0	1	21	204	184	2.1	39.2
Query_28271	XM_032316909.1	100.000	21	0	0	1	21	236	216	2.1	39.2
Query_28271	XM_032251194.1	100.000	21	0	0	1	21	147	127	2.1	39.2
Query_28271	XM_032251185.1	100.000	21	0	0	1	21	658	638	2.1	39.2
Query_28271	XM_032251177.1	100.000	21	0	0	1	21	236	216	2.1	39.2
Query_28271	XM_032251171.1	100.000	21	0	0	1	21	215	195	2.1	39.2
Query_28271	XM_023184108.3	100.000	21	0	0	1	21	214	194	2.1	39.2
Query_28271	XM_023184110.3	100.000	21	0	0	1	21	222	202	2.1	39.2
Query_28271	XM_023184109.3	100.000	21	0	0	1	21	221	201	2.1	39.2
Query_28271	XM_006202408.2	100.000	21	0	0	1	21	256	236	2.1	39.2
Query_28271	LR738627.1	100.000	21	0	0	1	21	6666574	6666594	2.1	39.2
Query_28271	LR738625.1	100.000	21	0	0	1	21	31317846	31317866	2.1	39.2
Query_28271	XM_021942444.2	100.000	21	0	0	1	21	2022	2002	2.1	39.2
Query_28271	XM_003902869.5	100.000	21	0	0	1	21	236	216	2.1	39.2
Query_28271	XM_031669636.1	100.000	21	0	0	1	21	375	355	2.1	39.2
Query_28271	XM_031669635.1	100.000	21	0	0	1	21	2026	2006	2.1	39.2
Query_28271	XM_003902870.5	100.000	21	0	0	1	21	269	249	2.1	39.2
Query_28271	XM_031669634.1	100.000	21	0	0	1	21	237	217	2.1	39.2
Query_28271	XM_031669633.1	100.000	21	0	0	1	21	369	349	2.1	39.2
Query_28271	XM_031441447.1	100.000	21	0	0	1	21	247	227	2.1	39.2
Query_28271	XR_004075022.1	100.000	21	0	0	1	21	167	147	2.1	39.2
Query_28271	XM_031013634.1	100.000	21	0	0	1	21	215	195	2.1	39.2
Query_28271	XM_019032745.2	100.000	21	0	0	1	21	214	194	2.1	39.2
Query_28271	XM_030937280.1	100.000	21	0	0	1	21	214	194	2.1	39.2
Query_28271	XM_010365989.2	100.000	21	0	0	1	21	222	202	2.1	39.2
Query_28271	XM_040487575.1	100.000	21	0	0	1	21	221	201	2.1	39.2
Query_28271	XM_040293935.1	100.000	21	0	0	1	21	200	180	2.1	39.2
Query_28271	XM_005335831.3	100.000	21	0	0	1	21	228	208	2.1	39.2
Query_28271	XM_040262050.1	100.000	21	0	0	1	21	221	201	2.1	39.2
Query_28271	XM_039841888.1	100.000	21	0	0	1	21	239	219	2.1	39.2
Query_28271	XM_039841887.1	100.000	21	0	0	1	21	240	220	2.1	39.2
Query_28271	XM_039841886.1	100.000	21	0	0	1	21	312	292	2.1	39.2
Query_28271	XM_039841885.1	100.000	21	0	0	1	21	394	374	2.1	39.2
Query_28271	XM_039841884.1	100.000	21	0	0	1	21	350	330	2.1	39.2
Query_28271	XM_039841883.1	100.000	21	0	0	1	21	252	232	2.1	39.2
Query_28271	XM_039841882.1	100.000	21	0	0	1	21	240	220	2.1	39.2
Query_28271	XM_003940686.2	100.000	21	0	0	1	21	222	202	2.1	39.2
Query_28271	XM_039238384.1	100.000	21	0	0	1	21	137	117	2.1	39.2
Query_28271	XM_039238383.1	100.000	21	0	0	1	21	221	201	2.1	39.2
Query_28271	XM_008000897.2	100.000	21	0	0	1	21	269	249	2.1	39.2
Query_28271	XM_038000381.1	100.000	21	0	0	1	21	320	300	2.1	39.2
Query_28271	XM_008000899.2	100.000	21	0	0	1	21	242	222	2.1	39.2
Query_28271	XM_037735437.1	100.000	21	0	0	1	21	175	155	2.1	39.2
Query_28271	XM_017520170.2	100.000	21	0	0	1	21	215	195	2.1	39.2
Query_28271	XM_017520171.2	100.000	21	0	0	1	21	222	202	2.1	39.2
Query_28271	XM_037505287.1	100.000	21	0	0	1	21	503	483	2.1	39.2
Query_28271	XM_037505278.1	100.000	21	0	0	1	21	235	215	2.1	39.2
Query_28271	XM_037505272.1	100.000	21	0	0	1	21	222	202	2.1	39.2
Query_28271	XM_036437154.1	100.000	21	0	0	1	21	227	207	2.1	39.2
Query_28271	XM_036338550.1	100.000	21	0	0	1	21	203	183	2.1	39.2
Query_28271	XM_036338549.1	100.000	21	0	0	1	21	203	183	2.1	39.2
Query_28271	XM_036338548.1	100.000	21	0	0	1	21	203	183	2.1	39.2
Query_28271	XM_036338547.1	100.000	21	0	0	1	21	203	183	2.1	39.2
Query_28271	XM_036263809.1	100.000	21	0	0	1	21	222	202	2.1	39.2
Query_28271	XR_004954568.1	100.000	21	0	0	1	21	1695	1675	2.1	39.2
Query_28271	XM_016153703.2	100.000	21	0	0	1	21	222	202	2.1	39.2
Query_28271	XM_016153702.2	100.000	21	0	0	1	21	221	201	2.1	39.2
Query_28271	XM_036065339.1	100.000	21	0	0	1	21	236	216	2.1	39.2
Query_28271	XM_028517848.2	100.000	21	0	0	1	21	234	214	2.1	39.2
Query_28271	XM_036031029.1	100.000	21	0	0	1	21	234	214	2.1	39.2
Query_28271	XM_036031028.1	100.000	21	0	0	1	21	234	214	2.1	39.2
Query_28271	XM_027608828.2	100.000	21	0	0	1	21	221	201	2.1	39.2
Query_28271	XR_004820016.1	100.000	21	0	0	1	21	221	201	2.1	39.2
Query_28271	XM_035727147.1	100.000	21	0	0	1	21	221	201	2.1	39.2
Query_28271	LR862371.1	100.000	21	0	0	1	21	34920887	34920907	2.1	39.2
Query_28271	XM_008982789.4	100.000	21	0	0	1	21	297	277	2.1	39.2
Query_28271	XR_004735403.1	100.000	21	0	0	1	21	449	429	2.1	39.2
Query_28271	XM_035277257.1	100.000	21	0	0	1	21	123	103	2.1	39.2
Query_28271	XM_035277256.1	100.000	21	0	0	1	21	207	187	2.1	39.2
Query_28271	XM_008982790.3	100.000	21	0	0	1	21	382	362	2.1	39.2
Query_28271	XM_002759002.5	100.000	21	0	0	1	21	241	221	2.1	39.2
Query_28271	XM_002759003.5	100.000	21	0	0	1	21	269	249	2.1	39.2


