# blastn
# Iteration: 0
# Query: 
# RID: 8Y9UP9CG016
# Database: nt
# Fields: query acc.ver, subject acc.ver, % identity, alignment length, mismatches, gap opens, q. start, q. end, s. start, s. end, evalue, bit score
# 100 hits found
Query_46791	CP051460.1	100.000	21	0	0	1	21	3981491	3981471	2.1	39.2
Query_46791	CP051459.1	100.000	21	0	0	1	21	3971206	3971186	2.1	39.2
Query_46791	CP051458.1	100.000	21	0	0	1	21	3971642	3971622	2.1	39.2
Query_46791	CP051457.1	100.000	21	0	0	1	21	3969230	3969210	2.1	39.2
Query_46791	XM_035014140.1	100.000	21	0	0	1	21	538	518	2.1	39.2
Query_46791	XM_034960512.1	100.000	21	0	0	1	21	406	386	2.1	39.2
Query_46791	XM_003829274.3	100.000	21	0	0	1	21	496	476	2.1	39.2
Query_46791	XM_034656017.1	100.000	21	0	0	1	21	461	441	2.1	39.2
Query_46791	XM_002912915.4	100.000	21	0	0	1	21	539	519	2.1	39.2
Query_46791	XM_027949574.2	100.000	21	0	0	1	21	511	491	2.1	39.2
Query_46791	XM_034507346.1	100.000	21	0	0	1	21	523	503	2.1	39.2
Query_46791	XR_002174172.2	100.000	21	0	0	1	21	766	746	2.1	39.2
Query_46791	XM_004326504.3	100.000	21	0	0	1	21	404	384	2.1	39.2
Query_46791	XM_033847592.1	100.000	21	0	0	1	21	410	390	2.1	39.2
Query_46791	XM_019210449.2	100.000	21	0	0	1	21	1274	1254	2.1	39.2
Query_46791	XM_019210448.2	100.000	21	0	0	1	21	1546	1526	2.1	39.2
Query_46791	XM_010642557.2	100.000	21	0	0	1	21	4524	4504	2.1	39.2
Query_46791	XM_019210447.2	100.000	21	0	0	1	21	1277	1257	2.1	39.2
Query_46791	XR_004478222.1	100.000	21	0	0	1	21	791	771	2.1	39.2
Query_46791	XM_033409827.1	100.000	21	0	0	1	21	602	582	2.1	39.2
Query_46791	XM_004282119.3	100.000	21	0	0	1	21	667	647	2.1	39.2
Query_46791	XM_033422607.1	100.000	21	0	0	1	21	462	442	2.1	39.2
Query_46791	XM_033403071.1	100.000	21	0	0	1	21	378	358	2.1	39.2
Query_46791	XM_004263629.3	100.000	21	0	0	1	21	465	445	2.1	39.2
Query_46791	CP050600.1	100.000	21	0	0	1	21	21862041	21862021	2.1	39.2
Query_46791	CP050630.1	100.000	21	0	0	1	21	21855008	21854988	2.1	39.2
Query_46791	XM_033181205.1	100.000	21	0	0	1	21	1353	1333	2.1	39.2
Query_46791	XM_032837709.1	100.000	21	0	0	1	21	545	525	2.1	39.2
Query_46791	XM_032837708.1	100.000	21	0	0	1	21	545	525	2.1	39.2
Query_46791	XM_032837707.1	100.000	21	0	0	1	21	545	525	2.1	39.2
Query_46791	XM_032618064.1	100.000	21	0	0	1	21	380	360	2.1	39.2
Query_46791	XM_032625524.1	100.000	21	0	0	1	21	489	469	2.1	39.2
Query_46791	XM_032625523.1	100.000	21	0	0	1	21	426	406	2.1	39.2
Query_46791	XM_032625522.1	100.000	21	0	0	1	21	533	513	2.1	39.2
Query_46791	XM_030318352.2	100.000	21	0	0	1	21	534	514	2.1	39.2
Query_46791	XM_006179617.3	100.000	21	0	0	1	21	528	508	2.1	39.2
Query_46791	XM_032425198.1	100.000	21	0	0	1	21	534	514	2.1	39.2
Query_46791	XM_032336720.1	100.000	21	0	0	1	21	539	519	2.1	39.2
Query_46791	XM_032336718.1	100.000	21	0	0	1	21	539	519	2.1	39.2
Query_46791	XM_032336717.1	100.000	21	0	0	1	21	539	519	2.1	39.2
Query_46791	XM_032251637.1	100.000	21	0	0	1	21	755	735	2.1	39.2
Query_46791	XM_032251564.1	100.000	21	0	0	1	21	845	825	2.1	39.2
Query_46791	XM_032157920.1	100.000	21	0	0	1	21	826	806	2.1	39.2
Query_46791	XR_001121348.2	100.000	21	0	0	1	21	513	493	2.1	39.2
Query_46791	XM_003756460.3	100.000	21	0	0	1	21	545	525	2.1	39.2
Query_46791	XM_023196017.2	100.000	21	0	0	1	21	818	798	2.1	39.2
Query_46791	NM_001194433.3	100.000	21	0	0	1	21	827	807	2.1	39.2
Query_46791	XM_040971839.1	100.000	21	0	0	1	21	498	478	2.1	39.2
Query_46791	XM_040971830.1	100.000	21	0	0	1	21	600	580	2.1	39.2
Query_46791	XM_040971822.1	100.000	21	0	0	1	21	545	525	2.1	39.2
Query_46791	XM_013111733.3	100.000	21	0	0	1	21	544	524	2.1	39.2
Query_46791	XM_005067785.3	100.000	21	0	0	1	21	513	493	2.1	39.2
Query_46791	XM_008691602.2	100.000	21	0	0	1	21	546	526	2.1	39.2
Query_46791	XM_040444497.1	100.000	21	0	0	1	21	489	469	2.1	39.2
Query_46791	XM_013363114.3	100.000	21	0	0	1	21	483	463	2.1	39.2
Query_46791	XM_040271813.1	100.000	21	0	0	1	21	427	407	2.1	39.2
Query_46791	XM_005335742.4	100.000	21	0	0	1	21	517	497	2.1	39.2
Query_46791	XM_040240092.1	100.000	21	0	0	1	21	822	802	2.1	39.2
Query_46791	HG994391.1	100.000	21	0	0	1	21	23523114	23523094	2.1	39.2
Query_46791	CP071062.1	100.000	21	0	0	1	21	3966525	3966505	2.1	39.2
Query_46791	XM_010338704.2	100.000	21	0	0	1	21	470	450	2.1	39.2
Query_46791	XM_010338699.2	100.000	21	0	0	1	21	559	539	2.1	39.2
Query_46791	XM_039242287.1	100.000	21	0	0	1	21	515	495	2.1	39.2
Query_46791	XM_039242286.1	100.000	21	0	0	1	21	515	495	2.1	39.2
Query_46791	XM_039242285.1	100.000	21	0	0	1	21	514	494	2.1	39.2
Query_46791	XM_039086941.1	100.000	21	0	0	1	21	463	443	2.1	39.2
Query_46791	XM_006246343.3	100.000	21	0	0	1	21	548	528	2.1	39.2
Query_46791	XM_038681540.1	100.000	21	0	0	1	21	650	630	2.1	39.2
Query_46791	XM_022425310.2	100.000	21	0	0	1	21	650	630	2.1	39.2
Query_46791	XM_038772162.1	100.000	21	0	0	1	21	377	357	2.1	39.2
Query_46791	XM_038772161.1	100.000	21	0	0	1	21	440	420	2.1	39.2
Query_46791	XM_038772159.1	100.000	21	0	0	1	21	482	462	2.1	39.2
Query_46791	XM_008014440.2	100.000	21	0	0	1	21	746	726	2.1	39.2
Query_46791	XM_008014439.2	100.000	21	0	0	1	21	836	816	2.1	39.2
Query_46791	XM_017532387.2	100.000	21	0	0	1	21	406	386	2.1	39.2
Query_46791	XM_017532386.2	100.000	21	0	0	1	21	552	532	2.1	39.2
Query_46791	XM_037509311.1	100.000	21	0	0	1	21	482	462	2.1	39.2
Query_46791	XM_028857243.2	100.000	21	0	0	1	21	532	512	2.1	39.2
Query_46791	XM_037016069.1	100.000	21	0	0	1	21	378	358	2.1	39.2
Query_46791	XM_037016068.1	100.000	21	0	0	1	21	487	467	2.1	39.2
Query_46791	XM_017641948.2	100.000	21	0	0	1	21	513	493	2.1	39.2
Query_46791	XM_036898390.1	100.000	21	0	0	1	21	377	357	2.1	39.2
Query_46791	XM_036898387.1	100.000	21	0	0	1	21	487	467	2.1	39.2
Query_46791	XM_036898386.1	100.000	21	0	0	1	21	514	494	2.1	39.2
Query_46791	XM_036493390.1	100.000	21	0	0	1	21	375	355	2.1	39.2
Query_46791	CP031507.1	100.000	21	0	0	1	21	4115974	4115954	2.1	39.2
Query_46791	CP031505.1	100.000	21	0	0	1	21	4115980	4115960	2.1	39.2
Query_46791	XM_036194495.1	100.000	21	0	0	1	21	445	425	2.1	39.2
Query_46791	XM_036194494.1	100.000	21	0	0	1	21	473	453	2.1	39.2
Query_46791	XM_036123943.1	100.000	21	0	0	1	21	472	452	2.1	39.2
Query_46791	XM_036123942.1	100.000	21	0	0	1	21	562	542	2.1	39.2
Query_46791	XM_028527841.2	100.000	21	0	0	1	21	528	508	2.1	39.2
Query_46791	XM_025433233.2	100.000	21	0	0	1	21	649	629	2.1	39.2
Query_46791	XM_025433232.2	100.000	21	0	0	1	21	867	847	2.1	39.2
Query_46791	XM_035450049.1	100.000	21	0	0	1	21	312	292	2.1	39.2
Query_46791	XM_027427583.2	100.000	21	0	0	1	21	505	485	2.1	39.2
Query_46791	XM_035460310.1	100.000	21	0	0	1	21	312	292	2.1	39.2
Query_46791	XM_003498489.5	100.000	21	0	0	1	21	451	431	2.1	39.2
Query_46791	XM_008984915.4	100.000	21	0	0	1	21	757	737	2.1	39.2
Query_46791	XM_002744157.6	100.000	21	0	0	1	21	847	827	2.1	39.2


