# blastn
# Iteration: 0
# Query: 
# RID: 8YNTG5SF013
# Database: nt
# Fields: query acc.ver, subject acc.ver, % identity, alignment length, mismatches, gap opens, q. start, q. end, s. start, s. end, evalue, bit score
# 100 hits found
Query_60061	XM_008976634.2	100.000	21	0	0	1	21	677	657	2.1	39.2
Query_60061	XM_003823013.3	100.000	21	0	0	1	21	659	639	2.1	39.2
Query_60061	XM_019037287.2	100.000	21	0	0	1	21	635	615	2.1	39.2
Query_60061	LK022889.2	100.000	21	0	0	1	21	1126197	1126217	2.1	39.2
Query_60061	LR129725.1	100.000	21	0	0	1	21	1101072	1101092	2.1	39.2
Query_60061	LR129711.1	100.000	21	0	0	1	21	1103913	1103933	2.1	39.2
Query_60061	NM_014176.4	100.000	21	0	0	1	21	602	582	2.1	39.2
Query_60061	XM_009440790.2	100.000	21	0	0	1	21	651	631	2.1	39.2
Query_60061	XM_024350983.1	100.000	21	0	0	1	21	971	951	2.1	39.2
Query_60061	XM_514102.6	100.000	21	0	0	1	21	662	642	2.1	39.2
Query_60061	XM_024239242.1	100.000	21	0	0	1	21	1000	980	2.1	39.2
Query_60061	XM_002809603.4	100.000	21	0	0	1	21	647	627	2.1	39.2
Query_60061	XM_021706319.1	100.000	21	0	0	1	21	487	467	2.1	39.2
Query_60061	XM_021706318.1	100.000	21	0	0	1	21	477	457	2.1	39.2
Query_60061	XM_008072792.2	100.000	21	0	0	1	21	605	585	2.1	39.2
Query_60061	XM_021706317.1	100.000	21	0	0	1	21	556	536	2.1	39.2
Query_60061	LT735351.1	100.000	21	0	0	1	21	983	963	2.1	39.2
Query_60061	XM_004028164.2	100.000	21	0	0	1	21	631	611	2.1	39.2
Query_60061	LT608206.1	100.000	21	0	0	1	21	1083640	1083660	2.1	39.2
Query_60061	LT608164.1	100.000	21	0	0	1	21	1085488	1085508	2.1	39.2
Query_60061	LT608192.1	100.000	21	0	0	1	21	1087914	1087934	2.1	39.2
Query_60061	LT608178.1	100.000	21	0	0	1	21	1084178	1084198	2.1	39.2
Query_60061	XM_016798947.1	100.000	21	0	0	1	21	4720	4700	2.1	39.2
Query_60061	NG_042230.1	100.000	21	0	0	1	21	15034	15014	2.1	39.2
Query_60061	KJ893680.1	100.000	21	0	0	1	21	561	541	2.1	39.2
Query_60061	NM_001310326.2	100.000	21	0	0	1	21	606	586	2.1	39.2
Query_60061	CU678593.1	100.000	21	0	0	1	21	116	136	2.1	39.2
Query_60061	DQ895975.2	100.000	21	0	0	1	21	518	498	2.1	39.2
Query_60061	DQ892729.2	100.000	21	0	0	1	21	518	498	2.1	39.2
Query_60061	BC019284.1	100.000	21	0	0	1	21	594	574	2.1	39.2
Query_60061	AL356953.17	100.000	21	0	0	1	21	148952	148972	2.1	39.2
Query_60061	BC004152.2	100.000	21	0	0	1	21	594	574	2.1	39.2
Query_60061	AF160215.1	100.000	21	0	0	1	21	589	569	2.1	39.2
Query_60061	AK000504.1	100.000	21	0	0	1	21	587	567	2.1	39.2
Query_60061	AF161499.1	100.000	21	0	0	1	21	622	602	2.1	39.2
Query_60061	AY542309.1	100.000	21	0	0	1	21	497	477	2.1	39.2
Query_60061	AB032931.1	100.000	21	0	0	1	21	538	518	2.1	39.2
Query_60061	XM_033198362.1	100.000	20	0	0	2	21	629	610	7.4	37.4
Query_60061	XM_033198361.1	100.000	20	0	0	2	21	651	632	7.4	37.4
Query_60061	XM_033198360.1	100.000	20	0	0	2	21	651	632	7.4	37.4
Query_60061	XM_033198359.1	100.000	20	0	0	2	21	651	632	7.4	37.4
Query_60061	XM_033198358.1	100.000	20	0	0	2	21	545	526	7.4	37.4
Query_60061	XR_004434096.1	100.000	20	0	0	2	21	651	632	7.4	37.4
Query_60061	XM_033198357.1	100.000	20	0	0	2	21	899	880	7.4	37.4
Query_60061	XM_033198356.1	100.000	20	0	0	2	21	651	632	7.4	37.4
Query_60061	XM_023186845.3	100.000	20	0	0	2	21	1013	994	7.4	37.4
Query_60061	XR_639001.4	100.000	20	0	0	2	21	674	655	7.4	37.4
Query_60061	XM_009189984.4	100.000	20	0	0	2	21	674	655	7.4	37.4
Query_60061	XM_030930251.1	100.000	20	0	0	2	21	635	616	7.4	37.4
Query_60061	XM_010378845.2	100.000	20	0	0	2	21	658	639	7.4	37.4
Query_60061	XM_030930243.1	100.000	20	0	0	2	21	658	639	7.4	37.4
Query_60061	XM_015120156.2	100.000	20	0	0	2	21	629	610	7.4	37.4
Query_60061	XM_015120144.2	100.000	20	0	0	2	21	663	644	7.4	37.4
Query_60061	XM_015120123.2	100.000	20	0	0	2	21	663	644	7.4	37.4
Query_60061	LR584401.1	100.000	20	0	0	2	21	21607376	21607395	7.4	37.4
Query_60061	XM_026456675.1	100.000	20	0	0	2	21	650	631	7.4	37.4
Query_60061	XM_023186848.2	100.000	20	0	0	2	21	650	631	7.4	37.4
Query_60061	XM_023186844.2	100.000	20	0	0	2	21	650	631	7.4	37.4
Query_60061	XM_026397216.1	100.000	20	0	0	2	21	623	604	7.4	37.4
Query_60061	XM_027945677.1	100.000	20	0	0	2	21	637	618	7.4	37.4
Query_60061	XM_027945676.1	100.000	20	0	0	2	21	624	605	7.4	37.4
Query_60061	XM_025391108.1	100.000	20	0	0	2	21	634	615	7.4	37.4
Query_60061	XM_025391104.1	100.000	20	0	0	2	21	630	611	7.4	37.4
Query_60061	XM_011746666.2	100.000	20	0	0	2	21	629	610	7.4	37.4
Query_60061	XM_011746665.2	100.000	20	0	0	2	21	1000	981	7.4	37.4
Query_60061	XM_011746664.2	100.000	20	0	0	2	21	872	853	7.4	37.4
Query_60061	XM_011746662.2	100.000	20	0	0	2	21	654	635	7.4	37.4
Query_60061	XM_023186847.1	100.000	20	0	0	2	21	650	631	7.4	37.4
Query_60061	XM_003893291.3	100.000	20	0	0	2	21	674	655	7.4	37.4
Query_60061	XM_009189991.2	100.000	20	0	0	2	21	629	610	7.4	37.4
Query_60061	XM_017896496.1	100.000	20	0	0	2	21	630	611	7.4	37.4
Query_60061	XM_017896495.1	100.000	20	0	0	2	21	672	653	7.4	37.4
Query_60061	XM_017896494.1	100.000	20	0	0	2	21	672	653	7.4	37.4
Query_60061	XM_017896493.1	100.000	20	0	0	2	21	672	653	7.4	37.4
Query_60061	XM_017896491.1	100.000	20	0	0	2	21	503	484	7.4	37.4
Query_60061	XR_001890023.1	100.000	20	0	0	2	21	672	653	7.4	37.4
Query_60061	XM_017896490.1	100.000	20	0	0	2	21	793	774	7.4	37.4
Query_60061	XM_017896489.1	100.000	20	0	0	2	21	672	653	7.4	37.4
Query_60061	XM_015483843.1	100.000	20	0	0	2	21	617	598	7.4	37.4
Query_60061	XM_015448187.1	100.000	20	0	0	2	21	629	610	7.4	37.4
Query_60061	XM_015448182.1	100.000	20	0	0	2	21	666	647	7.4	37.4
Query_60061	XM_015448175.1	100.000	20	0	0	2	21	666	647	7.4	37.4
Query_60061	XM_005540454.2	100.000	20	0	0	2	21	666	647	7.4	37.4
Query_60061	XM_005540453.2	100.000	20	0	0	2	21	600	581	7.4	37.4
Query_60061	XM_005540452.2	100.000	20	0	0	2	21	996	977	7.4	37.4
Query_60061	XM_005540451.2	100.000	20	0	0	2	21	862	843	7.4	37.4
Query_60061	XM_005540450.2	100.000	20	0	0	2	21	666	647	7.4	37.4
Query_60061	XM_011931764.1	100.000	20	0	0	2	21	630	611	7.4	37.4
Query_60061	XM_011746661.1	100.000	20	0	0	2	21	654	635	7.4	37.4
Query_60061	XM_012037510.1	100.000	20	0	0	2	21	588	569	7.4	37.4
Query_60061	XM_012037503.1	100.000	20	0	0	2	21	572	553	7.4	37.4
Query_60061	XM_012037497.1	100.000	20	0	0	2	21	756	737	7.4	37.4
Query_60061	XM_012037489.1	100.000	20	0	0	2	21	1025	1006	7.4	37.4
Query_60061	XM_012037480.1	100.000	20	0	0	2	21	638	619	7.4	37.4
Query_60061	XM_012037472.1	100.000	20	0	0	2	21	638	619	7.4	37.4
Query_60061	XM_005330340.4	100.000	20	0	0	2	21	675	656	7.4	37.4
Query_60061	XM_007988939.2	100.000	20	0	0	2	21	600	581	7.4	37.4
Query_60061	XM_037985742.1	100.000	20	0	0	2	21	950	931	7.4	37.4
Query_60061	XM_007988937.2	100.000	20	0	0	2	21	666	647	7.4	37.4
Query_60061	XM_007988936.2	100.000	20	0	0	2	21	665	646	7.4	37.4


