# blastn
# Iteration: 0
# Query: 
# RID: 6MP6TVM6013
# Database: nt
# Fields: query acc.ver, subject acc.ver, % identity, alignment length, mismatches, gap opens, q. start, q. end, s. start, s. end, evalue, bit score
# 91 hits found
Query_11963	XM_034945734.1	100.000	21	0	0	1	21	732	712	2.0	39.2
Query_11963	XM_034789355.1	100.000	21	0	0	1	21	478	458	2.0	39.2
Query_11963	XM_033844831.1	100.000	21	0	0	1	21	1021	1001	2.0	39.2
Query_11963	XM_004283250.2	100.000	21	0	0	1	21	1021	1001	2.0	39.2
Query_11963	XM_033224775.1	100.000	21	0	0	1	21	1077	1057	2.0	39.2
Query_11963	XM_032614966.1	100.000	21	0	0	1	21	1021	1001	2.0	39.2
Query_11963	XM_032324808.1	100.000	21	0	0	1	21	961	941	2.0	39.2
Query_11963	XM_032171460.1	100.000	21	0	0	1	21	792	772	2.0	39.2
Query_11963	XM_023197562.3	100.000	21	0	0	1	21	1073	1053	2.0	39.2
Query_11963	CP047095.1	100.000	21	0	0	1	21	2884350	2884330	2.0	39.2
Query_11963	NM_001194143.2	100.000	21	0	0	1	21	1155	1135	2.0	39.2
Query_11963	XM_031659367.1	100.000	21	0	0	1	21	1146	1126	2.0	39.2
Query_11963	XM_004061618.3	100.000	21	0	0	1	21	1084	1064	2.0	39.2
Query_11963	XM_010361181.2	100.000	21	0	0	1	21	1051	1031	2.0	39.2
Query_11963	XM_030848376.1	100.000	21	0	0	1	21	1021	1001	2.0	39.2
Query_11963	XM_030819428.1	100.000	21	0	0	1	21	1380	1360	2.0	39.2
Query_11963	XM_022564888.2	100.000	21	0	0	1	21	1042	1022	2.0	39.2
Query_11963	XM_030545150.1	100.000	21	0	0	1	21	563	543	2.0	39.2
Query_11963	XM_026661172.2	100.000	21	0	0	1	21	469	449	2.0	39.2
Query_11963	XM_029240889.1	100.000	21	0	0	1	21	1084	1064	2.0	39.2
Query_11963	NM_003969.4	100.000	21	0	0	1	21	735	715	2.0	39.2
Query_11963	XM_007123110.3	100.000	21	0	0	1	21	1076	1056	2.0	39.2
Query_11963	XM_027097413.1	100.000	21	0	0	1	21	1084	1064	2.0	39.2
Query_11963	GQ891447.1	100.000	21	0	0	1	21	614	594	2.0	39.2
Query_11963	XM_008161091.2	100.000	21	0	0	1	21	544	524	2.0	39.2
Query_11963	XM_028138389.1	100.000	21	0	0	1	21	653	633	2.0	39.2
Query_11963	XM_027859172.1	100.000	21	0	0	1	21	552	532	2.0	39.2
Query_11963	CP034522.1	100.000	21	0	0	1	21	59007503	59007523	2.0	39.2
Query_11963	CP034497.1	100.000	21	0	0	1	21	59007503	59007523	2.0	39.2
Query_11963	XM_025367066.1	100.000	21	0	0	1	21	1347	1327	2.0	39.2
Query_11963	XM_025367065.1	100.000	21	0	0	1	21	1432	1412	2.0	39.2
Query_11963	XM_025189610.1	100.000	21	0	0	1	21	400	380	2.0	39.2
Query_11963	XM_011751675.2	100.000	21	0	0	1	21	1156	1136	2.0	39.2
Query_11963	XM_024740917.1	100.000	21	0	0	1	21	505	485	2.0	39.2
Query_11963	XM_024570231.1	100.000	21	0	0	1	21	550	530	2.0	39.2
Query_11963	XM_016937020.2	100.000	21	0	0	1	21	1190	1170	2.0	39.2
Query_11963	XM_024237018.1	100.000	21	0	0	1	21	1100	1080	2.0	39.2
Query_11963	XM_005311861.2	100.000	21	0	0	1	21	582	562	2.0	39.2
Query_11963	XM_006103382.3	100.000	21	0	0	1	21	691	671	2.0	39.2
Query_11963	XM_001495644.6	100.000	21	0	0	1	21	1082	1062	2.0	39.2
Query_11963	XM_011384637.2	100.000	21	0	0	1	21	1069	1049	2.0	39.2
Query_11963	XM_003467189.4	100.000	21	0	0	1	21	1644	1624	2.0	39.2
Query_11963	XM_021097419.1	100.000	21	0	0	1	21	941	921	2.0	39.2
Query_11963	XM_020971922.1	100.000	21	0	0	1	21	584	564	2.0	39.2
Query_11963	LT735850.1	100.000	21	0	0	1	21	992	972	2.0	39.2
Query_11963	XM_017850506.1	100.000	21	0	0	1	21	1085	1065	2.0	39.2
Query_11963	XM_006758980.2	100.000	21	0	0	1	21	460	440	2.0	39.2
Query_11963	XM_014865552.1	100.000	21	0	0	1	21	766	746	2.0	39.2
Query_11963	XM_004439134.2	100.000	21	0	0	1	21	547	527	2.0	39.2
Query_11963	XM_005857278.2	100.000	21	0	0	1	21	1246	1226	2.0	39.2
Query_11963	XM_005414400.2	100.000	21	0	0	1	21	1243	1223	2.0	39.2
Query_11963	XM_004780509.2	100.000	21	0	0	1	21	1150	1130	2.0	39.2
Query_11963	XM_004596908.2	100.000	21	0	0	1	21	752	732	2.0	39.2
Query_11963	XM_004695487.2	100.000	21	0	0	1	21	573	553	2.0	39.2
Query_11963	XM_011959132.1	100.000	21	0	0	1	21	526	506	2.0	39.2
Query_11963	XM_011959131.1	100.000	21	0	0	1	21	1017	997	2.0	39.2
Query_11963	XM_008578962.1	100.000	21	0	0	1	21	556	536	2.0	39.2
Query_11963	XM_008544644.1	100.000	21	0	0	1	21	511	491	2.0	39.2
Query_11963	KJ892674.1	100.000	21	0	0	1	21	570	550	2.0	39.2
Query_11963	XM_007457488.1	100.000	21	0	0	1	21	505	485	2.0	39.2
Query_11963	XM_007175387.1	100.000	21	0	0	1	21	541	521	2.0	39.2
Query_11963	XM_006904762.1	100.000	21	0	0	1	21	793	773	2.0	39.2
Query_11963	XM_005590626.1	100.000	21	0	0	1	21	560	540	2.0	39.2
Query_11963	XM_039868785.1	100.000	21	0	0	1	21	1065	1045	2.0	39.2
Query_11963	XM_039518584.1	100.000	21	0	0	1	21	713	693	2.0	39.2
Query_11963	XM_039517748.1	100.000	21	0	0	1	21	1279	1259	2.0	39.2
Query_11963	CP068259.1	100.000	21	0	0	1	21	61653810	61653830	2.0	39.2
Query_11963	XM_038752759.1	100.000	21	0	0	1	21	551	531	2.0	39.2
Query_11963	XM_038381166.1	100.000	21	0	0	1	21	725	705	2.0	39.2
Query_11963	XM_007998466.2	100.000	21	0	0	1	21	1259	1239	2.0	39.2
Query_11963	XM_037888698.1	100.000	21	0	0	1	21	714	694	2.0	39.2
Query_11963	XM_036833162.1	100.000	21	0	0	1	21	1024	1004	2.0	39.2
Query_11963	XM_036743213.1	100.000	21	0	0	1	21	1007	987	2.0	39.2
Query_11963	XM_036426083.1	100.000	21	0	0	1	21	713	693	2.0	39.2
Query_11963	XM_036311451.1	100.000	21	0	0	1	21	1063	1043	2.0	39.2
Query_11963	XM_016125757.2	100.000	21	0	0	1	21	740	720	2.0	39.2
Query_11963	AP023479.1	100.000	21	0	0	1	21	59038943	59038963	2.0	39.2
Query_11963	AB590888.1	100.000	21	0	0	1	21	514	494	2.0	39.2
Query_11963	AK346893.1	100.000	21	0	0	1	21	360	340	2.0	39.2
Query_11963	CU691337.1	100.000	21	0	0	1	21	63	83	2.0	39.2
Query_11963	CU691336.1	100.000	21	0	0	1	21	521	501	2.0	39.2
Query_11963	AK232265.1	100.000	21	0	0	1	21	614	594	2.0	39.2
Query_11963	BC007657.1	100.000	21	0	0	1	21	574	554	2.0	39.2
Query_11963	BC058924.1	100.000	21	0	0	1	21	614	594	2.0	39.2
Query_11963	BT008242.1	100.000	21	0	0	1	21	505	485	2.0	39.2
Query_11963	AC016630.6	100.000	21	0	0	1	21	8852	8832	2.0	39.2
Query_11963	AY609817.1	100.000	21	0	0	1	21	528	508	2.0	39.2
Query_11963	AB012191.1	100.000	21	0	0	1	21	505	485	2.0	39.2
Query_11963	AF075599.1	100.000	21	0	0	1	21	508	488	2.0	39.2
Query_11963	XM_037148485.1	100.000	20	0	0	2	21	682	663	7.1	37.4
Query_11963	XM_037047667.1	100.000	20	0	0	2	21	600	581	7.1	37.4


