# blastn
# Iteration: 0
# Query: 
# RID: 8YCJVM6A016
# Database: nt
# Fields: query acc.ver, subject acc.ver, % identity, alignment length, mismatches, gap opens, q. start, q. end, s. start, s. end, evalue, bit score
# 100 hits found
Query_55337	XM_040643530.1	100.000	21	0	0	1	21	1967	1947	2.1	39.2
Query_55337	XM_040643528.1	100.000	21	0	0	1	21	1914	1894	2.1	39.2
Query_55337	XM_040643527.1	100.000	21	0	0	1	21	1970	1950	2.1	39.2
Query_55337	XM_040473640.1	100.000	21	0	0	1	21	1865	1845	2.1	39.2
Query_55337	XM_040473639.1	100.000	21	0	0	1	21	1804	1784	2.1	39.2
Query_55337	XM_040473638.1	100.000	21	0	0	1	21	1907	1887	2.1	39.2
Query_55337	XR_005722721.1	100.000	21	0	0	1	21	1901	1881	2.1	39.2
Query_55337	XM_040249572.1	100.000	21	0	0	1	21	1861	1841	2.1	39.2
Query_55337	XM_040249571.1	100.000	21	0	0	1	21	1900	1880	2.1	39.2
Query_55337	XM_040249570.1	100.000	21	0	0	1	21	1864	1844	2.1	39.2
Query_55337	XM_029047376.2	100.000	21	0	0	1	21	1939	1919	2.1	39.2
Query_55337	XM_029047375.2	100.000	21	0	0	1	21	1954	1934	2.1	39.2
Query_55337	HG994392.1	100.000	21	0	0	1	21	13809581	13809561	2.1	39.2
Query_55337	XM_039854831.1	100.000	21	0	0	1	21	1821	1801	2.1	39.2
Query_55337	XM_039854830.1	100.000	21	0	0	1	21	2225	2205	2.1	39.2
Query_55337	XM_039854829.1	100.000	21	0	0	1	21	2119	2099	2.1	39.2
Query_55337	XM_039854828.1	100.000	21	0	0	1	21	1904	1884	2.1	39.2
Query_55337	XM_039854827.1	100.000	21	0	0	1	21	1963	1943	2.1	39.2
Query_55337	XM_039854826.1	100.000	21	0	0	1	21	2264	2244	2.1	39.2
Query_55337	XM_039466881.1	100.000	21	0	0	1	21	2030	2010	2.1	39.2
Query_55337	XM_010333936.2	100.000	21	0	0	1	21	2080	2060	2.1	39.2
Query_55337	XM_039466875.1	100.000	21	0	0	1	21	1906	1886	2.1	39.2
Query_55337	XM_039231230.1	100.000	21	0	0	1	21	1904	1884	2.1	39.2
Query_55337	XM_038683648.1	100.000	21	0	0	1	21	1856	1836	2.1	39.2
Query_55337	XM_038683647.1	100.000	21	0	0	1	21	1916	1896	2.1	39.2
Query_55337	XM_038683646.1	100.000	21	0	0	1	21	1898	1878	2.1	39.2
Query_55337	XM_005627398.4	100.000	21	0	0	1	21	1856	1836	2.1	39.2
Query_55337	XM_014118472.3	100.000	21	0	0	1	21	1916	1896	2.1	39.2
Query_55337	XM_846912.7	100.000	21	0	0	1	21	1898	1878	2.1	39.2
Query_55337	XM_038761004.1	100.000	21	0	0	1	21	2118	2098	2.1	39.2
Query_55337	XM_038761003.1	100.000	21	0	0	1	21	1790	1770	2.1	39.2
Query_55337	XM_038761002.1	100.000	21	0	0	1	21	2157	2137	2.1	39.2
Query_55337	XM_007972423.2	100.000	21	0	0	1	21	1978	1958	2.1	39.2
Query_55337	XM_038006128.1	100.000	21	0	0	1	21	2003	1983	2.1	39.2
Query_55337	XM_038006127.1	100.000	21	0	0	1	21	1899	1879	2.1	39.2
Query_55337	XM_007972424.2	100.000	21	0	0	1	21	2042	2022	2.1	39.2
Query_55337	XM_007972422.2	100.000	21	0	0	1	21	1938	1918	2.1	39.2
Query_55337	XM_037843300.1	100.000	21	0	0	1	21	1803	1783	2.1	39.2
Query_55337	XM_037843299.1	100.000	21	0	0	1	21	1854	1834	2.1	39.2
Query_55337	XM_037843298.1	100.000	21	0	0	1	21	1906	1886	2.1	39.2
Query_55337	XM_037843297.1	100.000	21	0	0	1	21	1893	1873	2.1	39.2
Query_55337	XM_017547408.2	100.000	21	0	0	1	21	1885	1865	2.1	39.2
Query_55337	XM_037745344.1	100.000	21	0	0	1	21	1957	1937	2.1	39.2
Query_55337	XM_017547404.2	100.000	21	0	0	1	21	1926	1906	2.1	39.2
Query_55337	XM_017547403.2	100.000	21	0	0	1	21	1983	1963	2.1	39.2
Query_55337	XM_017547402.2	100.000	21	0	0	1	21	1901	1881	2.1	39.2
Query_55337	XM_037142609.1	100.000	21	0	0	1	21	1862	1842	2.1	39.2
Query_55337	XM_037142608.1	100.000	21	0	0	1	21	1955	1935	2.1	39.2
Query_55337	XM_037142607.1	100.000	21	0	0	1	21	1901	1881	2.1	39.2
Query_55337	XM_037053815.1	100.000	21	0	0	1	21	1871	1851	2.1	39.2
Query_55337	XM_037053808.1	100.000	21	0	0	1	21	1976	1956	2.1	39.2
Query_55337	XM_037053800.1	100.000	21	0	0	1	21	1910	1890	2.1	39.2
Query_55337	XM_037013714.1	100.000	21	0	0	1	21	1742	1722	2.1	39.2
Query_55337	XM_037013669.1	100.000	21	0	0	1	21	1802	1782	2.1	39.2
Query_55337	XM_017676271.2	100.000	21	0	0	1	21	2035	2015	2.1	39.2
Query_55337	XM_017676270.2	100.000	21	0	0	1	21	1893	1873	2.1	39.2
Query_55337	XM_017676269.2	100.000	21	0	0	1	21	1929	1909	2.1	39.2
Query_55337	XM_036927364.1	100.000	21	0	0	1	21	1742	1722	2.1	39.2
Query_55337	XM_036927362.1	100.000	21	0	0	1	21	1800	1780	2.1	39.2
Query_55337	XM_036927361.1	100.000	21	0	0	1	21	1894	1874	2.1	39.2
Query_55337	XM_036927360.1	100.000	21	0	0	1	21	2024	2004	2.1	39.2
Query_55337	XM_036927359.1	100.000	21	0	0	1	21	1927	1907	2.1	39.2
Query_55337	XM_036868838.1	100.000	21	0	0	1	21	1521	1501	2.1	39.2
Query_55337	XM_036868837.1	100.000	21	0	0	1	21	1844	1824	2.1	39.2
Query_55337	XM_036868836.1	100.000	21	0	0	1	21	1865	1845	2.1	39.2
Query_55337	XM_036868835.1	100.000	21	0	0	1	21	1882	1862	2.1	39.2
Query_55337	XM_036868834.1	100.000	21	0	0	1	21	2041	2021	2.1	39.2
Query_55337	XM_036868833.1	100.000	21	0	0	1	21	1976	1956	2.1	39.2
Query_55337	XM_036868832.1	100.000	21	0	0	1	21	2059	2039	2.1	39.2
Query_55337	XM_036868831.1	100.000	21	0	0	1	21	1904	1884	2.1	39.2
Query_55337	XM_004590404.2	100.000	21	0	0	1	21	1884	1864	2.1	39.2
Query_55337	XM_036414075.1	100.000	21	0	0	1	21	1924	1904	2.1	39.2
Query_55337	XM_036414074.1	100.000	21	0	0	1	21	1884	1864	2.1	39.2
Query_55337	XM_036414072.1	100.000	21	0	0	1	21	1985	1965	2.1	39.2
Query_55337	XM_036414071.1	100.000	21	0	0	1	21	1923	1903	2.1	39.2
Query_55337	XM_036316794.1	100.000	21	0	0	1	21	1591	1571	2.1	39.2
Query_55337	XM_036316793.1	100.000	21	0	0	1	21	1630	1610	2.1	39.2
Query_55337	XM_036316792.1	100.000	21	0	0	1	21	1710	1690	2.1	39.2
Query_55337	XM_036316791.1	100.000	21	0	0	1	21	1864	1844	2.1	39.2
Query_55337	XM_036316790.1	100.000	21	0	0	1	21	2071	2051	2.1	39.2
Query_55337	XM_036316789.1	100.000	21	0	0	1	21	1903	1883	2.1	39.2
Query_55337	XM_036248030.1	100.000	21	0	0	1	21	1898	1878	2.1	39.2
Query_55337	XM_036248029.1	100.000	21	0	0	1	21	1929	1909	2.1	39.2
Query_55337	XM_036218441.1	100.000	21	0	0	1	21	1914	1894	2.1	39.2
Query_55337	XM_036218440.1	100.000	21	0	0	1	21	1786	1766	2.1	39.2
Query_55337	XM_036218439.1	100.000	21	0	0	1	21	2035	2015	2.1	39.2
Query_55337	XM_016128649.2	100.000	21	0	0	1	21	1887	1867	2.1	39.2
Query_55337	XM_016128651.2	100.000	21	0	0	1	21	1875	1855	2.1	39.2
Query_55337	XM_016128648.2	100.000	21	0	0	1	21	1914	1894	2.1	39.2
Query_55337	XM_036082770.1	100.000	21	0	0	1	21	1873	1853	2.1	39.2
Query_55337	XM_036082769.1	100.000	21	0	0	1	21	1804	1784	2.1	39.2
Query_55337	XM_036082767.1	100.000	21	0	0	1	21	1915	1895	2.1	39.2
Query_55337	XM_028508568.2	100.000	21	0	0	1	21	2027	2007	2.1	39.2
Query_55337	XM_028508566.2	100.000	21	0	0	1	21	1890	1870	2.1	39.2
Query_55337	XM_028508565.2	100.000	21	0	0	1	21	1929	1909	2.1	39.2
Query_55337	XM_036024155.1	100.000	21	0	0	1	21	2091	2071	2.1	39.2
Query_55337	XM_036024154.1	100.000	21	0	0	1	21	2169	2149	2.1	39.2
Query_55337	XM_036024153.1	100.000	21	0	0	1	21	2130	2110	2.1	39.2
Query_55337	XM_025418885.2	100.000	21	0	0	1	21	1861	1841	2.1	39.2
Query_55337	XM_035697506.1	100.000	21	0	0	1	21	2044	2024	2.1	39.2


