# blastn
# Iteration: 0
# Query: 
# RID: 9PPV56JN016
# Database: nt
# Fields: query acc.ver, subject acc.ver, % identity, alignment length, mismatches, gap opens, q. start, q. end, s. start, s. end, evalue, bit score
# 101 hits found
Query_61071	XM_034989199.1	100.000	21	0	0	1	21	227	207	2.1	39.2
Query_61071	XM_034989198.1	100.000	21	0	0	1	21	339	319	2.1	39.2
Query_61071	XM_035022127.1	100.000	21	0	0	1	21	375	355	2.1	39.2
Query_61071	XM_034948809.1	100.000	21	0	0	1	21	408	388	2.1	39.2
Query_61071	XM_034948808.1	100.000	21	0	0	1	21	933	913	2.1	39.2
Query_61071	XM_003807746.2	100.000	21	0	0	1	21	429	409	2.1	39.2
Query_61071	XM_034937214.1	100.000	21	0	0	1	21	354	334	2.1	39.2
Query_61071	XM_034936518.1	100.000	21	0	0	1	21	1495	1475	2.1	39.2
Query_61071	XM_034936517.1	100.000	21	0	0	1	21	1308	1288	2.1	39.2
Query_61071	XM_002926289.4	100.000	21	0	0	1	21	524	504	2.1	39.2
Query_61071	CP050604.1	100.000	21	0	0	1	21	21519671	21519691	2.1	39.2
Query_61071	CP050568.1	100.000	21	0	0	1	21	25769797	25769817	2.1	39.2
Query_61071	CP050644.1	100.000	21	0	0	1	21	21516493	21516513	2.1	39.2
Query_61071	CP050633.1	100.000	21	0	0	1	21	25746470	25746490	2.1	39.2
Query_61071	XM_033234103.1	100.000	21	0	0	1	21	413	393	2.1	39.2
Query_61071	XM_033234102.1	100.000	21	0	0	1	21	509	489	2.1	39.2
Query_61071	XM_033236163.1	100.000	21	0	0	1	21	352	332	2.1	39.2
Query_61071	XM_033097695.1	100.000	21	0	0	1	21	411	391	2.1	39.2
Query_61071	XM_033093560.1	100.000	21	0	0	1	21	344	324	2.1	39.2
Query_61071	XM_032875974.1	100.000	21	0	0	1	21	230	210	2.1	39.2
Query_61071	XM_032875973.1	100.000	21	0	0	1	21	364	344	2.1	39.2
Query_61071	XM_032873610.1	100.000	21	0	0	1	21	325	305	2.1	39.2
Query_61071	XM_032595194.1	100.000	21	0	0	1	21	311	291	2.1	39.2
Query_61071	XM_032397584.1	100.000	21	0	0	1	21	255	235	2.1	39.2
Query_61071	XM_032397583.1	100.000	21	0	0	1	21	384	364	2.1	39.2
Query_61071	XM_032305736.1	100.000	21	0	0	1	21	318	298	2.1	39.2
Query_61071	XM_032309817.1	100.000	21	0	0	1	21	230	210	2.1	39.2
Query_61071	XM_032309816.1	100.000	21	0	0	1	21	391	371	2.1	39.2
Query_61071	XM_032273096.1	100.000	21	0	0	1	21	356	336	2.1	39.2
Query_61071	XR_004261699.1	100.000	21	0	0	1	21	287	267	2.1	39.2
Query_61071	XR_004258789.1	100.000	21	0	0	1	21	338	318	2.1	39.2
Query_61071	XR_004273668.1	100.000	21	0	0	1	21	213	193	2.1	39.2
Query_61071	XR_004271541.1	100.000	21	0	0	1	21	331	311	2.1	39.2
Query_61071	XM_032138715.1	100.000	21	0	0	1	21	503	483	2.1	39.2
Query_61071	XM_032150546.1	100.000	21	0	0	1	21	546	526	2.1	39.2
Query_61071	LR738415.1	100.000	21	0	0	1	21	64719413	64719433	2.1	39.2
Query_61071	LR738415.1	100.000	21	0	0	1	21	66905312	66905292	2.1	39.2
Query_61071	XM_023188654.2	100.000	21	0	0	1	21	551	531	2.1	39.2
Query_61071	XR_642016.3	100.000	21	0	0	1	21	348	328	2.1	39.2
Query_61071	XR_648637.4	100.000	21	0	0	1	21	341	321	2.1	39.2
Query_61071	CP068259.2	100.000	21	0	0	1	21	9900945	9900925	2.1	39.2
Query_61071	XM_040619546.1	100.000	21	0	0	1	21	410	390	2.1	39.2
Query_61071	XM_040464657.1	100.000	21	0	0	1	21	230	210	2.1	39.2
Query_61071	XM_040464656.1	100.000	21	0	0	1	21	410	390	2.1	39.2
Query_61071	HG994404.1	100.000	21	0	0	1	21	25818445	25818425	2.1	39.2
Query_61071	HG994397.1	100.000	21	0	0	1	21	44833152	44833132	2.1	39.2
Query_61071	XM_039868429.1	100.000	21	0	0	1	21	417	397	2.1	39.2
Query_61071	XM_039868428.1	100.000	21	0	0	1	21	374	354	2.1	39.2
Query_61071	XM_003942643.3	100.000	21	0	0	1	21	382	362	2.1	39.2
Query_61071	XM_039469933.1	100.000	21	0	0	1	21	318	298	2.1	39.2
Query_61071	XM_039222468.1	100.000	21	0	0	1	21	311	291	2.1	39.2
Query_61071	XM_039242864.1	100.000	21	0	0	1	21	266	246	2.1	39.2
Query_61071	XM_039242863.1	100.000	21	0	0	1	21	385	365	2.1	39.2
Query_61071	XM_039239305.1	100.000	21	0	0	1	21	317	297	2.1	39.2
Query_61071	XM_038437623.1	100.000	21	0	0	1	21	253	233	2.1	39.2
Query_61071	XM_038437622.1	100.000	21	0	0	1	21	353	333	2.1	39.2
Query_61071	XM_005636619.4	100.000	21	0	0	1	21	253	233	2.1	39.2
Query_61071	XM_534767.7	100.000	21	0	0	1	21	353	333	2.1	39.2
Query_61071	XM_007974919.2	100.000	21	0	0	1	21	504	484	2.1	39.2
Query_61071	XM_037986854.1	100.000	21	0	0	1	21	536	516	2.1	39.2
Query_61071	XM_037734949.1	100.000	21	0	0	1	21	278	258	2.1	39.2
Query_61071	XM_037734947.1	100.000	21	0	0	1	21	347	327	2.1	39.2
Query_61071	XM_017518623.2	100.000	21	0	0	1	21	387	367	2.1	39.2
Query_61071	XM_037131470.1	100.000	21	0	0	1	21	388	368	2.1	39.2
Query_61071	XM_037067302.1	100.000	21	0	0	1	21	230	210	2.1	39.2
Query_61071	XM_037067301.1	100.000	21	0	0	1	21	388	368	2.1	39.2
Query_61071	XM_036436159.1	100.000	21	0	0	1	21	311	291	2.1	39.2
Query_61071	XM_036307826.1	100.000	21	0	0	1	21	315	295	2.1	39.2
Query_61071	XM_036241633.1	100.000	21	0	0	1	21	215	195	2.1	39.2
Query_61071	XM_036241624.1	100.000	21	0	0	1	21	312	292	2.1	39.2
Query_61071	XM_016120176.2	100.000	21	0	0	1	21	414	394	2.1	39.2
Query_61071	XM_016120175.2	100.000	21	0	0	1	21	379	359	2.1	39.2
Query_61071	AP023479.1	100.000	21	0	0	1	21	9660837	9660817	2.1	39.2
Query_61071	XM_036076455.1	100.000	21	0	0	1	21	240	220	2.1	39.2
Query_61071	XM_036076454.1	100.000	21	0	0	1	21	454	434	2.1	39.2
Query_61071	XM_036076453.1	100.000	21	0	0	1	21	388	368	2.1	39.2
Query_61071	XM_036076452.1	100.000	21	0	0	1	21	663	643	2.1	39.2
Query_61071	XM_036076451.1	100.000	21	0	0	1	21	633	613	2.1	39.2
Query_61071	XM_036076450.1	100.000	21	0	0	1	21	735	715	2.1	39.2
Query_61071	XM_028505042.2	100.000	21	0	0	1	21	335	315	2.1	39.2
Query_61071	NM_001256356.2	100.000	21	0	0	1	21	246	226	2.1	39.2
Query_61071	XM_025474928.2	100.000	21	0	0	1	21	253	233	2.1	39.2
Query_61071	XM_035706285.1	100.000	21	0	0	1	21	303	283	2.1	39.2
Query_61071	XM_035706284.1	100.000	21	0	0	1	21	303	283	2.1	39.2
Query_61071	XM_025474927.2	100.000	21	0	0	1	21	355	335	2.1	39.2
Query_61071	XM_035727311.1	100.000	21	0	0	1	21	311	291	2.1	39.2
Query_61071	XM_027599946.2	100.000	21	0	0	1	21	215	195	2.1	39.2
Query_61071	XM_027599945.2	100.000	21	0	0	1	21	311	291	2.1	39.2
Query_61071	XM_027577636.2	100.000	21	0	0	1	21	215	195	2.1	39.2
Query_61071	XM_027577635.2	100.000	21	0	0	1	21	311	291	2.1	39.2
Query_61071	XM_027577314.2	100.000	21	0	0	1	21	331	311	2.1	39.2
Query_61071	XM_027576173.2	100.000	21	0	0	1	21	346	326	2.1	39.2
Query_61071	XM_027576172.2	100.000	21	0	0	1	21	418	398	2.1	39.2
Query_61071	XM_002752526.5	100.000	21	0	0	1	21	357	337	2.1	39.2
Query_61071	XM_035284661.1	100.000	21	0	0	1	21	342	322	2.1	39.2
Query_61071	XM_035290943.1	100.000	21	0	0	1	21	342	322	2.1	39.2
Query_61071	XR_617564.3	100.000	21	0	0	1	21	334	314	2.1	39.2
Query_61071	XM_035267121.1	100.000	21	0	0	1	21	275	255	2.1	39.2
Query_61071	XM_035267117.1	100.000	21	0	0	1	21	426	406	2.1	39.2
Query_61071	XM_002806551.5	100.000	21	0	0	1	21	422	402	2.1	39.2
Query_61071	XM_035267104.1	100.000	21	0	0	1	21	389	369	2.1	39.2


