# blastn
# Iteration: 0
# Query: 
# RID: 7RFY72YK013
# Database: nt
# Fields: query acc.ver, subject acc.ver, % identity, alignment length, mismatches, gap opens, q. start, q. end, s. start, s. end, evalue, bit score
# 100 hits found
Query_45881	LR812125.1	100.000	21	0	0	1	21	7182375	7182395	2.1	39.2
Query_45881	XM_035139300.1	100.000	21	0	0	1	21	500	480	2.1	39.2
Query_45881	XR_004693986.1	100.000	21	0	0	1	21	613	593	2.1	39.2
Query_45881	XM_035139298.1	100.000	21	0	0	1	21	611	591	2.1	39.2
Query_45881	XR_004676345.1	100.000	21	0	0	1	21	795	775	2.1	39.2
Query_45881	XM_034989324.1	100.000	21	0	0	1	21	793	773	2.1	39.2
Query_45881	XM_034941314.1	100.000	21	0	0	1	21	842	822	2.1	39.2
Query_45881	AP023165.1	100.000	21	0	0	1	21	792466	792486	2.1	39.2
Query_45881	XM_034752443.1	100.000	21	0	0	1	21	730	710	2.1	39.2
Query_45881	XM_034752442.1	100.000	21	0	0	1	21	555	535	2.1	39.2
Query_45881	XM_034752441.1	100.000	21	0	0	1	21	724	704	2.1	39.2
Query_45881	XM_034752440.1	100.000	21	0	0	1	21	585	565	2.1	39.2
Query_45881	XM_034647198.1	100.000	21	0	0	1	21	483	463	2.1	39.2
Query_45881	XM_034647197.1	100.000	21	0	0	1	21	1337	1317	2.1	39.2
Query_45881	XR_004607085.1	100.000	21	0	0	1	21	1150	1130	2.1	39.2
Query_45881	XM_034505908.1	100.000	21	0	0	1	21	899	879	2.1	39.2
Query_45881	XM_040453567.1	100.000	21	0	0	1	21	501	481	2.1	39.2
Query_45881	XM_040424845.1	100.000	21	0	0	1	21	628	608	2.1	39.2
Query_45881	HG999701.1	100.000	21	0	0	1	21	3127309	3127289	2.1	39.2
Query_45881	XR_005721604.1	100.000	21	0	0	1	21	896	876	2.1	39.2
Query_45881	XR_005721603.1	100.000	21	0	0	1	21	926	906	2.1	39.2
Query_45881	XM_040243712.1	100.000	21	0	0	1	21	860	840	2.1	39.2
Query_45881	XM_040082486.1	100.000	21	0	0	1	21	618	598	2.1	39.2
Query_45881	XR_005703599.1	100.000	21	0	0	1	21	618	598	2.1	39.2
Query_45881	XM_040082485.1	100.000	21	0	0	1	21	707	687	2.1	39.2
Query_45881	HG994385.1	100.000	21	0	0	1	21	31009399	31009419	2.1	39.2
Query_45881	XR_005658082.1	100.000	21	0	0	1	21	674	654	2.1	39.2
Query_45881	XM_039886420.1	100.000	21	0	0	1	21	843	823	2.1	39.2
Query_45881	XR_005627145.1	100.000	21	0	0	1	21	760	740	2.1	39.2
Query_45881	XM_039705774.1	100.000	21	0	0	1	21	759	739	2.1	39.2
Query_45881	XM_039562921.1	100.000	21	0	0	1	21	422	402	2.1	39.2
Query_45881	XR_005603398.1	100.000	21	0	0	1	21	746	726	2.1	39.2
Query_45881	XM_039562920.1	100.000	21	0	0	1	21	746	726	2.1	39.2
Query_45881	XM_039507544.1	100.000	21	0	0	1	21	687	667	2.1	39.2
Query_45881	XM_039507543.1	100.000	21	0	0	1	21	680	660	2.1	39.2
Query_45881	XM_039476665.1	100.000	21	0	0	1	21	872	852	2.1	39.2
Query_45881	XM_027734372.2	100.000	21	0	0	1	21	735	715	2.1	39.2
Query_45881	XM_039333960.1	100.000	21	0	0	1	21	915	895	2.1	39.2
Query_45881	XM_039254527.1	100.000	21	0	0	1	21	1107	1087	2.1	39.2
Query_45881	CP068261.1	100.000	21	0	0	1	21	4172419	4172439	2.1	39.2
Query_45881	XM_038665135.1	100.000	21	0	0	1	21	483	463	2.1	39.2
Query_45881	XM_038665134.1	100.000	21	0	0	1	21	596	576	2.1	39.2
Query_45881	XM_038512865.1	100.000	21	0	0	1	21	483	463	2.1	39.2
Query_45881	XM_038512854.1	100.000	21	0	0	1	21	596	576	2.1	39.2
Query_45881	XR_005289358.1	100.000	21	0	0	1	21	864	844	2.1	39.2
Query_45881	XM_038375819.1	100.000	21	0	0	1	21	516	496	2.1	39.2
Query_45881	XM_038375818.1	100.000	21	0	0	1	21	779	759	2.1	39.2
Query_45881	XM_038324925.1	100.000	21	0	0	1	21	845	825	2.1	39.2
Query_45881	XM_027445994.2	100.000	21	0	0	1	21	792	772	2.1	39.2
Query_45881	XR_005259454.1	100.000	21	0	0	1	21	769	749	2.1	39.2
Query_45881	XM_038158323.1	100.000	21	0	0	1	21	767	747	2.1	39.2
Query_45881	XR_005236751.1	100.000	21	0	0	1	21	683	663	2.1	39.2
Query_45881	XR_005236750.1	100.000	21	0	0	1	21	671	651	2.1	39.2
Query_45881	XM_008009911.2	100.000	21	0	0	1	21	855	835	2.1	39.2
Query_45881	XM_017414709.3	100.000	21	0	0	1	21	616	596	2.1	39.2
Query_45881	XR_005233629.1	100.000	21	0	0	1	21	707	687	2.1	39.2
Query_45881	XM_037880431.1	100.000	21	0	0	1	21	691	671	2.1	39.2
Query_45881	XM_037880430.1	100.000	21	0	0	1	21	685	665	2.1	39.2
Query_45881	XM_017512180.2	100.000	21	0	0	1	21	844	824	2.1	39.2
Query_45881	XM_037495089.1	100.000	21	0	0	1	21	816	796	2.1	39.2
Query_45881	XM_037375088.1	100.000	21	0	0	1	21	438	418	2.1	39.2
Query_45881	XM_037375086.1	100.000	21	0	0	1	21	730	710	2.1	39.2
Query_45881	XM_028888748.2	100.000	21	0	0	1	21	763	743	2.1	39.2
Query_45881	XM_037133033.1	100.000	21	0	0	1	21	849	829	2.1	39.2
Query_45881	XM_037029619.1	100.000	21	0	0	1	21	846	826	2.1	39.2
Query_45881	XM_037022823.1	100.000	21	0	0	1	21	578	558	2.1	39.2
Query_45881	XM_036887031.1	100.000	21	0	0	1	21	583	563	2.1	39.2
Query_45881	XM_036838020.1	100.000	21	0	0	1	21	879	859	2.1	39.2
Query_45881	XM_036838019.1	100.000	21	0	0	1	21	931	911	2.1	39.2
Query_45881	XM_036452373.1	100.000	21	0	0	1	21	844	824	2.1	39.2
Query_45881	XM_036395089.1	100.000	21	0	0	1	21	734	714	2.1	39.2
Query_45881	XM_036341263.1	100.000	21	0	0	1	21	634	614	2.1	39.2
Query_45881	XM_036341262.1	100.000	21	0	0	1	21	807	787	2.1	39.2
Query_45881	XM_036341261.1	100.000	21	0	0	1	21	579	559	2.1	39.2
Query_45881	XM_036341260.1	100.000	21	0	0	1	21	588	568	2.1	39.2
Query_45881	XM_036268448.1	100.000	21	0	0	1	21	745	725	2.1	39.2
Query_45881	XM_016138806.2	100.000	21	0	0	1	21	957	937	2.1	39.2
Query_45881	AP023477.1	100.000	21	0	0	1	21	4356328	4356348	2.1	39.2
Query_45881	XM_036078415.1	100.000	21	0	0	1	21	812	792	2.1	39.2
Query_45881	XM_036078414.1	100.000	21	0	0	1	21	612	592	2.1	39.2
Query_45881	XM_036078412.1	100.000	21	0	0	1	21	612	592	2.1	39.2
Query_45881	XM_035900596.1	100.000	21	0	0	1	21	742	722	2.1	39.2
Query_45881	XM_035900595.1	100.000	21	0	0	1	21	675	655	2.1	39.2
Query_45881	XM_035900594.1	100.000	21	0	0	1	21	492	472	2.1	39.2
Query_45881	XM_035900593.1	100.000	21	0	0	1	21	492	472	2.1	39.2
Query_45881	NM_003342.5	100.000	21	0	0	1	21	848	828	2.1	39.2
Query_45881	XM_035716269.1	100.000	21	0	0	1	21	483	463	2.1	39.2
Query_45881	XM_035716268.1	100.000	21	0	0	1	21	597	577	2.1	39.2
Query_45881	XM_027625410.2	100.000	21	0	0	1	21	822	802	2.1	39.2
Query_45881	XM_027625409.2	100.000	21	0	0	1	21	953	933	2.1	39.2
Query_45881	XM_027625408.2	100.000	21	0	0	1	21	642	622	2.1	39.2
Query_45881	XM_027625406.2	100.000	21	0	0	1	21	642	622	2.1	39.2
Query_45881	LR862372.1	100.000	21	0	0	1	21	13643986	13643966	2.1	39.2
Query_45881	XM_035559200.1	100.000	21	0	0	1	21	438	418	2.1	39.2
Query_45881	XM_035559198.1	100.000	21	0	0	1	21	706	686	2.1	39.2
Query_45881	XM_027426818.2	100.000	21	0	0	1	21	553	533	2.1	39.2
Query_45881	XM_035343106.1	100.000	21	0	0	1	21	846	826	2.1	39.2
Query_45881	XR_004743113.1	100.000	21	0	0	1	21	940	920	2.1	39.2
Query_45881	XM_002747845.5	100.000	21	0	0	1	21	861	841	2.1	39.2
Query_45881	LS423630.1	100.000	21	0	0	1	21	3757935	3757915	2.1	39.2


