# blastn
# Iteration: 0
# Query: 
# RID: 8YHTXA3W013
# Database: nt
# Fields: query acc.ver, subject acc.ver, % identity, alignment length, mismatches, gap opens, q. start, q. end, s. start, s. end, evalue, bit score
# 101 hits found
Query_677	XM_034951639.1	100.000	21	0	0	1	21	520	500	2.1	39.2
Query_677	XM_034951638.1	100.000	21	0	0	1	21	372	352	2.1	39.2
Query_677	XM_034951637.1	100.000	21	0	0	1	21	649	629	2.1	39.2
Query_677	XM_034951636.1	100.000	21	0	0	1	21	413	393	2.1	39.2
Query_677	XM_034951635.1	100.000	21	0	0	1	21	370	350	2.1	39.2
Query_677	XM_034951634.1	100.000	21	0	0	1	21	373	353	2.1	39.2
Query_677	XM_034951633.1	100.000	21	0	0	1	21	656	636	2.1	39.2
Query_677	XM_034951632.1	100.000	21	0	0	1	21	414	394	2.1	39.2
Query_677	XM_032754107.1	100.000	21	0	0	1	21	427	407	2.1	39.2
Query_677	XM_032144947.1	100.000	21	0	0	1	21	809	789	2.1	39.2
Query_677	XM_032144946.1	100.000	21	0	0	1	21	272	252	2.1	39.2
Query_677	XM_032144945.1	100.000	21	0	0	1	21	914	894	2.1	39.2
Query_677	NM_001194836.2	100.000	21	0	0	1	21	427	407	2.1	39.2
Query_677	XM_009195636.2	100.000	21	0	0	1	21	372	352	2.1	39.2
Query_677	XM_031002695.1	100.000	21	0	0	1	21	404	384	2.1	39.2
Query_677	XM_031002694.1	100.000	21	0	0	1	21	404	384	2.1	39.2
Query_677	XM_004056937.3	100.000	21	0	0	1	21	371	351	2.1	39.2
Query_677	XM_004056936.3	100.000	21	0	0	1	21	525	505	2.1	39.2
Query_677	XM_004056938.3	100.000	21	0	0	1	21	369	349	2.1	39.2
Query_677	XM_019012582.2	100.000	21	0	0	1	21	369	349	2.1	39.2
Query_677	XM_030798768.1	100.000	21	0	0	1	21	400	380	2.1	39.2
Query_677	XM_030798767.1	100.000	21	0	0	1	21	400	380	2.1	39.2
Query_677	XM_030798766.1	100.000	21	0	0	1	21	389	369	2.1	39.2
Query_677	XM_030798765.1	100.000	21	0	0	1	21	506	486	2.1	39.2
Query_677	XM_030798764.1	100.000	21	0	0	1	21	809	789	2.1	39.2
Query_677	XM_030798763.1	100.000	21	0	0	1	21	506	486	2.1	39.2
Query_677	XM_030798762.1	100.000	21	0	0	1	21	903	883	2.1	39.2
Query_677	NM_194260.3	100.000	21	0	0	1	21	525	505	2.1	39.2
Query_677	NM_194261.3	100.000	21	0	0	1	21	377	357	2.1	39.2
Query_677	NM_194259.3	100.000	21	0	0	1	21	652	632	2.1	39.2
Query_677	XM_028840603.1	100.000	21	0	0	1	21	422	402	2.1	39.2
Query_677	XM_028840602.1	100.000	21	0	0	1	21	426	406	2.1	39.2
Query_677	XM_001118584.4	100.000	21	0	0	1	21	371	351	2.1	39.2
Query_677	XM_028840601.1	100.000	21	0	0	1	21	361	341	2.1	39.2
Query_677	NM_003345.5	100.000	21	0	0	1	21	395	375	2.1	39.2
Query_677	CP034494.1	100.000	21	0	0	1	21	1310197	1310177	2.1	39.2
Query_677	CP034494.1	100.000	21	0	0	1	21	90535515	90535495	2.1	39.2
Query_677	XM_025370151.1	100.000	21	0	0	1	21	514	494	2.1	39.2
Query_677	XM_025370150.1	100.000	21	0	0	1	21	518	498	2.1	39.2
Query_677	XM_025370148.1	100.000	21	0	0	1	21	370	350	2.1	39.2
Query_677	XM_025370147.1	100.000	21	0	0	1	21	658	638	2.1	39.2
Query_677	XM_025370146.1	100.000	21	0	0	1	21	796	776	2.1	39.2
Query_677	XM_011748436.2	100.000	21	0	0	1	21	672	652	2.1	39.2
Query_677	XM_024794102.1	100.000	21	0	0	1	21	343	323	2.1	39.2
Query_677	XM_024794101.1	100.000	21	0	0	1	21	2510	2490	2.1	39.2
Query_677	XM_024450432.1	100.000	21	0	0	1	21	553	533	2.1	39.2
Query_677	XM_016929130.2	100.000	21	0	0	1	21	516	496	2.1	39.2
Query_677	XM_003314907.5	100.000	21	0	0	1	21	703	683	2.1	39.2
Query_677	XM_003314906.4	100.000	21	0	0	1	21	419	399	2.1	39.2
Query_677	XM_003314905.4	100.000	21	0	0	1	21	519	499	2.1	39.2
Query_677	XM_016929129.2	100.000	21	0	0	1	21	773	753	2.1	39.2
Query_677	XM_016929128.2	100.000	21	0	0	1	21	516	496	2.1	39.2
Query_677	XM_009430052.3	100.000	21	0	0	1	21	703	683	2.1	39.2
Query_677	XM_009430055.3	100.000	21	0	0	1	21	364	344	2.1	39.2
Query_677	XM_009430053.3	100.000	21	0	0	1	21	506	486	2.1	39.2
Query_677	XM_016929126.2	100.000	21	0	0	1	21	773	753	2.1	39.2
Query_677	XM_016929125.2	100.000	21	0	0	1	21	516	496	2.1	39.2
Query_677	XM_024233921.1	100.000	21	0	0	1	21	370	350	2.1	39.2
Query_677	XM_002825946.4	100.000	21	0	0	1	21	514	494	2.1	39.2
Query_677	XM_024233920.1	100.000	21	0	0	1	21	524	504	2.1	39.2
Query_677	XM_024233919.1	100.000	21	0	0	1	21	398	378	2.1	39.2
Query_677	XM_024233918.1	100.000	21	0	0	1	21	407	387	2.1	39.2
Query_677	XM_006107083.3	100.000	21	0	0	1	21	390	370	2.1	39.2
Query_677	XM_023747833.1	100.000	21	0	0	1	21	302	282	2.1	39.2
Query_677	LT733828.1	100.000	21	0	0	1	21	733	713	2.1	39.2
Query_677	U45328.2	100.000	21	0	0	1	21	369	349	2.1	39.2
Query_677	XM_019012585.1	100.000	21	0	0	1	21	511	491	2.1	39.2
Query_677	XM_019012583.1	100.000	21	0	0	1	21	347	327	2.1	39.2
Query_677	XM_017023640.1	100.000	21	0	0	1	21	801	781	2.1	39.2
Query_677	XM_005255541.4	100.000	21	0	0	1	21	801	781	2.1	39.2
Query_677	XM_011522644.2	100.000	21	0	0	1	21	641	621	2.1	39.2
Query_677	XM_015442656.1	100.000	21	0	0	1	21	281	261	2.1	39.2
Query_677	XM_015442655.1	100.000	21	0	0	1	21	526	506	2.1	39.2
Query_677	XM_015442654.1	100.000	21	0	0	1	21	276	256	2.1	39.2
Query_677	XM_015442653.1	100.000	21	0	0	1	21	371	351	2.1	39.2
Query_677	XM_005590842.2	100.000	21	0	0	1	21	506	486	2.1	39.2
Query_677	XM_014539992.1	100.000	21	0	0	1	21	256	236	2.1	39.2
Query_677	XM_011748438.1	100.000	21	0	0	1	21	273	253	2.1	39.2
Query_677	XM_011748437.1	100.000	21	0	0	1	21	369	349	2.1	39.2
Query_677	XM_011966925.1	100.000	21	0	0	1	21	281	261	2.1	39.2
Query_677	XM_011966924.1	100.000	21	0	0	1	21	531	511	2.1	39.2
Query_677	XM_012034493.1	100.000	21	0	0	1	21	1192	1172	2.1	39.2
Query_677	XM_012034484.1	100.000	21	0	0	1	21	371	351	2.1	39.2
Query_677	XM_012034473.1	100.000	21	0	0	1	21	506	486	2.1	39.2
Query_677	XM_012034463.1	100.000	21	0	0	1	21	1128	1108	2.1	39.2
Query_677	XM_011522645.1	100.000	21	0	0	1	21	506	486	2.1	39.2
Query_677	XM_005255540.2	100.000	21	0	0	1	21	395	375	2.1	39.2
Query_677	KJ892346.1	100.000	21	0	0	1	21	311	291	2.1	39.2
Query_677	XM_007264702.1	100.000	21	0	0	1	21	258	238	2.1	39.2
Query_677	OA986609.1	100.000	21	0	0	1	21	2184	2204	2.1	39.2
Query_677	CP068262.1	100.000	21	0	0	1	21	1336380	1336360	2.1	39.2
Query_677	AP023476.1	100.000	21	0	0	1	21	1334026	1334006	2.1	39.2
Query_677	AK291118.1	100.000	21	0	0	1	21	395	375	2.1	39.2
Query_677	DQ894552.2	100.000	21	0	0	1	21	268	248	2.1	39.2
Query_677	DQ891373.2	100.000	21	0	0	1	21	268	248	2.1	39.2
Query_677	BC002345.1	100.000	21	0	0	1	21	1986	1966	2.1	39.2
Query_677	BT007741.1	100.000	21	0	0	1	21	246	226	2.1	39.2
Query_677	BT007635.1	100.000	21	0	0	1	21	246	226	2.1	39.2
Query_677	BT007010.1	100.000	21	0	0	1	21	246	226	2.1	39.2
Query_677	BT006932.1	100.000	21	0	0	1	21	246	226	2.1	39.2
Query_677	AB208988.1	100.000	21	0	0	1	21	485	465	2.1	39.2


