# blastn
# Iteration: 0
# Query: 
# RID: 9PYKWE8F016
# Database: nt
# Fields: query acc.ver, subject acc.ver, % identity, alignment length, mismatches, gap opens, q. start, q. end, s. start, s. end, evalue, bit score
# 100 hits found
Query_22773	XM_003823547.3	100.000	21	0	0	1	21	749	729	2.1	39.2
Query_22773	XM_003823548.3	100.000	21	0	0	1	21	887	867	2.1	39.2
Query_22773	XM_034954600.1	100.000	21	0	0	1	21	903	883	2.1	39.2
Query_22773	XM_034495140.1	100.000	21	0	0	1	21	638	618	2.1	39.2
Query_22773	XM_010636794.3	100.000	21	0	0	1	21	838	818	2.1	39.2
Query_22773	XM_033757899.1	100.000	21	0	0	1	21	562	542	2.1	39.2
Query_22773	XM_033230979.1	100.000	21	0	0	1	21	906	886	2.1	39.2
Query_22773	XM_033230978.1	100.000	21	0	0	1	21	700	680	2.1	39.2
Query_22773	XM_033230977.1	100.000	21	0	0	1	21	782	762	2.1	39.2
Query_22773	XM_033230976.1	100.000	21	0	0	1	21	951	931	2.1	39.2
Query_22773	XM_032903553.1	100.000	21	0	0	1	21	805	785	2.1	39.2
Query_22773	XM_032903552.1	100.000	21	0	0	1	21	1146	1126	2.1	39.2
Query_22773	XM_032292780.1	100.000	21	0	0	1	21	554	534	2.1	39.2
Query_22773	XM_032292779.1	100.000	21	0	0	1	21	554	534	2.1	39.2
Query_22773	XM_032292777.1	100.000	21	0	0	1	21	888	868	2.1	39.2
Query_22773	XM_032292776.1	100.000	21	0	0	1	21	889	869	2.1	39.2
Query_22773	XR_004272493.1	100.000	21	0	0	1	21	576	556	2.1	39.2
Query_22773	XM_023212355.2	100.000	21	0	0	1	21	1158	1138	2.1	39.2
Query_22773	LR738626.1	100.000	21	0	0	1	21	24581544	24581524	2.1	39.2
Query_22773	XM_003907679.3	100.000	21	0	0	1	21	887	867	2.1	39.2
Query_22773	XM_009182552.3	100.000	21	0	0	1	21	893	873	2.1	39.2
Query_22773	XM_031370773.1	100.000	21	0	0	1	21	655	635	2.1	39.2
Query_22773	XM_031370772.1	100.000	21	0	0	1	21	778	758	2.1	39.2
Query_22773	XM_031370771.1	100.000	21	0	0	1	21	897	877	2.1	39.2
Query_22773	XM_010368677.2	100.000	21	0	0	1	21	888	868	2.1	39.2
Query_22773	XM_030916695.1	100.000	21	0	0	1	21	1064	1044	2.1	39.2
Query_22773	XM_030884683.1	100.000	21	0	0	1	21	1005	985	2.1	39.2
Query_22773	XM_003253799.3	100.000	21	0	0	1	21	909	889	2.1	39.2
Query_22773	XM_030802719.1	100.000	21	0	0	1	21	782	762	2.1	39.2
Query_22773	XM_030802718.1	100.000	21	0	0	1	21	972	952	2.1	39.2
Query_22773	XM_006499163.4	100.000	21	0	0	1	21	693	673	2.1	39.2
Query_22773	XM_029561054.1	100.000	21	0	0	1	21	781	761	2.1	39.2
Query_22773	XM_008827958.3	100.000	21	0	0	1	21	832	812	2.1	39.2
Query_22773	XR_001872872.2	100.000	21	0	0	1	21	577	557	2.1	39.2
Query_22773	XM_029536086.1	100.000	21	0	0	1	21	639	619	2.1	39.2
Query_22773	XM_015110367.2	100.000	21	0	0	1	21	609	589	2.1	39.2
Query_22773	XM_015110366.2	100.000	21	0	0	1	21	888	868	2.1	39.2
Query_22773	XM_028763025.1	100.000	21	0	0	1	21	740	720	2.1	39.2
Query_22773	NM_006357.4	100.000	21	0	0	1	21	907	887	2.1	39.2
Query_22773	XM_005346629.3	100.000	21	0	0	1	21	860	840	2.1	39.2
Query_22773	XM_023212356.2	100.000	21	0	0	1	21	806	786	2.1	39.2
Query_22773	XM_006151632.3	100.000	21	0	0	1	21	668	648	2.1	39.2
Query_22773	XM_025404907.1	100.000	21	0	0	1	21	703	683	2.1	39.2
Query_22773	XM_025404906.1	100.000	21	0	0	1	21	890	870	2.1	39.2
Query_22773	XM_025404905.1	100.000	21	0	0	1	21	735	715	2.1	39.2
Query_22773	XM_025404904.1	100.000	21	0	0	1	21	798	778	2.1	39.2
Query_22773	XM_016950121.2	100.000	21	0	0	1	21	929	909	2.1	39.2
Query_22773	XM_024243530.1	100.000	21	0	0	1	21	588	568	2.1	39.2
Query_22773	XM_002812643.4	100.000	21	0	0	1	21	887	867	2.1	39.2
Query_22773	XM_002812644.4	100.000	21	0	0	1	21	888	868	2.1	39.2
Query_22773	XM_024243529.1	100.000	21	0	0	1	21	966	946	2.1	39.2
Query_22773	XR_002823958.1	100.000	21	0	0	1	21	705	685	2.1	39.2
Query_22773	XR_002823957.1	100.000	21	0	0	1	21	705	685	2.1	39.2
Query_22773	XR_002823956.1	100.000	21	0	0	1	21	705	685	2.1	39.2
Query_22773	XM_023730514.1	100.000	21	0	0	1	21	558	538	2.1	39.2
Query_22773	XM_023730513.1	100.000	21	0	0	1	21	705	685	2.1	39.2
Query_22773	XM_004628645.2	100.000	21	0	0	1	21	667	647	2.1	39.2
Query_22773	XM_023712407.1	100.000	21	0	0	1	21	727	707	2.1	39.2
Query_22773	XM_023561127.1	100.000	21	0	0	1	21	670	650	2.1	39.2
Query_22773	XM_023561126.1	100.000	21	0	0	1	21	756	736	2.1	39.2
Query_22773	XM_023561125.1	100.000	21	0	0	1	21	733	713	2.1	39.2
Query_22773	XM_004476868.3	100.000	21	0	0	1	21	642	622	2.1	39.2
Query_22773	XM_023542796.1	100.000	21	0	0	1	21	2417	2397	2.1	39.2
Query_22773	XM_023542795.1	100.000	21	0	0	1	21	2964	2944	2.1	39.2
Query_22773	XM_010602793.2	100.000	21	0	0	1	21	676	656	2.1	39.2
Query_22773	NR_151457.1	100.000	21	0	0	1	21	882	862	2.1	39.2
Query_22773	NR_151458.1	100.000	21	0	0	1	21	879	859	2.1	39.2
Query_22773	NM_001356395.1	100.000	21	0	0	1	21	882	862	2.1	39.2
Query_22773	XM_012471453.2	100.000	21	0	0	1	21	890	870	2.1	39.2
Query_22773	XM_012471452.2	100.000	21	0	0	1	21	780	760	2.1	39.2
Query_22773	XM_021668948.1	100.000	21	0	0	1	21	928	908	2.1	39.2
Query_22773	XM_021247135.1	100.000	21	0	0	1	21	862	842	2.1	39.2
Query_22773	XM_012785820.2	100.000	21	0	0	1	21	694	674	2.1	39.2
Query_22773	XM_012785817.2	100.000	21	0	0	1	21	885	865	2.1	39.2
Query_22773	XM_040971811.1	100.000	21	0	0	1	21	707	687	2.1	39.2
Query_22773	XM_010351541.2	100.000	21	0	0	1	21	889	869	2.1	39.2
Query_22773	XM_039469988.1	100.000	21	0	0	1	21	969	949	2.1	39.2
Query_22773	NM_001047857.4	100.000	21	0	0	1	21	893	873	2.1	39.2
Query_22773	XM_006234405.4	100.000	21	0	0	1	21	836	816	2.1	39.2
Query_22773	XM_038337979.1	100.000	21	0	0	1	21	693	673	2.1	39.2
Query_22773	XM_007965532.2	100.000	21	0	0	1	21	953	933	2.1	39.2
Query_22773	XM_007965531.2	100.000	21	0	0	1	21	883	863	2.1	39.2
Query_22773	XM_007965530.2	100.000	21	0	0	1	21	906	886	2.1	39.2
Query_22773	XM_037735836.1	100.000	21	0	0	1	21	528	508	2.1	39.2
Query_22773	XM_017532745.2	100.000	21	0	0	1	21	959	939	2.1	39.2
Query_22773	XM_017532744.2	100.000	21	0	0	1	21	889	869	2.1	39.2
Query_22773	XM_017532743.2	100.000	21	0	0	1	21	968	948	2.1	39.2
Query_22773	XM_028884602.2	100.000	21	0	0	1	21	890	870	2.1	39.2
Query_22773	XM_028884601.2	100.000	21	0	0	1	21	963	943	2.1	39.2
Query_22773	XM_036497857.1	100.000	21	0	0	1	21	459	439	2.1	39.2
Query_22773	XM_036185310.1	100.000	21	0	0	1	21	666	646	2.1	39.2
Query_22773	XM_036185309.1	100.000	21	0	0	1	21	704	684	2.1	39.2
Query_22773	XM_036185308.1	100.000	21	0	0	1	21	892	872	2.1	39.2
Query_22773	XM_036185307.1	100.000	21	0	0	1	21	918	898	2.1	39.2
Query_22773	XM_006499162.5	100.000	21	0	0	1	21	711	691	2.1	39.2
Query_22773	NM_182678.3	100.000	21	0	0	1	21	757	737	2.1	39.2
Query_22773	NM_001278554.2	100.000	21	0	0	1	21	958	938	2.1	39.2
Query_22773	NM_001278555.2	100.000	21	0	0	1	21	725	705	2.1	39.2
Query_22773	XM_003733157.3	100.000	21	0	0	1	21	884	864	2.1	39.2
Query_22773	XM_035304362.1	100.000	21	0	0	1	21	1026	1006	2.1	39.2


