# blastn
# Iteration: 0
# Query: 
# RID: 8YEBXYTT01N
# Database: nt
# Fields: query acc.ver, subject acc.ver, % identity, alignment length, mismatches, gap opens, q. start, q. end, s. start, s. end, evalue, bit score
# 100 hits found
Query_410339	XM_040983458.1	100.000	21	0	0	1	21	2061	2041	2.1	39.2
Query_410339	XM_040729568.1	100.000	21	0	0	1	21	2025	2005	2.1	39.2
Query_410339	XM_040729567.1	100.000	21	0	0	1	21	1961	1941	2.1	39.2
Query_410339	XM_040729566.1	100.000	21	0	0	1	21	2073	2053	2.1	39.2
Query_410339	XM_040729564.1	100.000	21	0	0	1	21	2064	2044	2.1	39.2
Query_410339	XM_040643530.1	100.000	21	0	0	1	21	2129	2109	2.1	39.2
Query_410339	XM_040643528.1	100.000	21	0	0	1	21	2076	2056	2.1	39.2
Query_410339	XM_040643527.1	100.000	21	0	0	1	21	2132	2112	2.1	39.2
Query_410339	XM_040473640.1	100.000	21	0	0	1	21	2027	2007	2.1	39.2
Query_410339	XM_040473639.1	100.000	21	0	0	1	21	1966	1946	2.1	39.2
Query_410339	XM_040473638.1	100.000	21	0	0	1	21	2069	2049	2.1	39.2
Query_410339	XM_013355738.3	100.000	21	0	0	1	21	2155	2135	2.1	39.2
Query_410339	XM_021721854.2	100.000	21	0	0	1	21	2203	2183	2.1	39.2
Query_410339	XR_005722721.1	100.000	21	0	0	1	21	2063	2043	2.1	39.2
Query_410339	XM_040249572.1	100.000	21	0	0	1	21	2023	2003	2.1	39.2
Query_410339	XM_040249571.1	100.000	21	0	0	1	21	2062	2042	2.1	39.2
Query_410339	XM_040249570.1	100.000	21	0	0	1	21	2026	2006	2.1	39.2
Query_410339	HG994392.1	100.000	21	0	0	1	21	13810311	13810291	2.1	39.2
Query_410339	XM_039854831.1	100.000	21	0	0	1	21	1983	1963	2.1	39.2
Query_410339	XM_039854830.1	100.000	21	0	0	1	21	2387	2367	2.1	39.2
Query_410339	XM_039854829.1	100.000	21	0	0	1	21	2281	2261	2.1	39.2
Query_410339	XM_039854828.1	100.000	21	0	0	1	21	2066	2046	2.1	39.2
Query_410339	XM_039854827.1	100.000	21	0	0	1	21	2125	2105	2.1	39.2
Query_410339	XM_039854826.1	100.000	21	0	0	1	21	2426	2406	2.1	39.2
Query_410339	XM_039466881.1	100.000	21	0	0	1	21	2192	2172	2.1	39.2
Query_410339	XM_010333936.2	100.000	21	0	0	1	21	2242	2222	2.1	39.2
Query_410339	XM_039466875.1	100.000	21	0	0	1	21	2068	2048	2.1	39.2
Query_410339	XM_039231230.1	100.000	21	0	0	1	21	2066	2046	2.1	39.2
Query_410339	XM_039084826.1	100.000	21	0	0	1	21	2112	2092	2.1	39.2
Query_410339	XM_006244582.4	100.000	21	0	0	1	21	2061	2041	2.1	39.2
Query_410339	XM_039084824.1	100.000	21	0	0	1	21	2093	2073	2.1	39.2
Query_410339	XM_003750650.5	100.000	21	0	0	1	21	2100	2080	2.1	39.2
Query_410339	XM_038683648.1	100.000	21	0	0	1	21	2018	1998	2.1	39.2
Query_410339	XM_038683647.1	100.000	21	0	0	1	21	2078	2058	2.1	39.2
Query_410339	XM_038683646.1	100.000	21	0	0	1	21	2060	2040	2.1	39.2
Query_410339	XM_005627398.4	100.000	21	0	0	1	21	2018	1998	2.1	39.2
Query_410339	XM_014118472.3	100.000	21	0	0	1	21	2078	2058	2.1	39.2
Query_410339	XM_846912.7	100.000	21	0	0	1	21	2060	2040	2.1	39.2
Query_410339	XM_038341152.1	100.000	21	0	0	1	21	1919	1899	2.1	39.2
Query_410339	XM_038341151.1	100.000	21	0	0	1	21	2119	2099	2.1	39.2
Query_410339	XM_038341149.1	100.000	21	0	0	1	21	2170	2150	2.1	39.2
Query_410339	XM_007972423.2	100.000	21	0	0	1	21	2140	2120	2.1	39.2
Query_410339	XM_038006128.1	100.000	21	0	0	1	21	2165	2145	2.1	39.2
Query_410339	XM_038006127.1	100.000	21	0	0	1	21	2061	2041	2.1	39.2
Query_410339	XM_007972424.2	100.000	21	0	0	1	21	2204	2184	2.1	39.2
Query_410339	XM_007972422.2	100.000	21	0	0	1	21	2100	2080	2.1	39.2
Query_410339	XM_037843300.1	100.000	21	0	0	1	21	1965	1945	2.1	39.2
Query_410339	XM_037843299.1	100.000	21	0	0	1	21	2016	1996	2.1	39.2
Query_410339	XM_037843298.1	100.000	21	0	0	1	21	2068	2048	2.1	39.2
Query_410339	XM_037843297.1	100.000	21	0	0	1	21	2055	2035	2.1	39.2
Query_410339	XM_017547408.2	100.000	21	0	0	1	21	2047	2027	2.1	39.2
Query_410339	XM_037745344.1	100.000	21	0	0	1	21	2119	2099	2.1	39.2
Query_410339	XM_017547404.2	100.000	21	0	0	1	21	2088	2068	2.1	39.2
Query_410339	XM_017547403.2	100.000	21	0	0	1	21	2145	2125	2.1	39.2
Query_410339	XM_017547402.2	100.000	21	0	0	1	21	2063	2043	2.1	39.2
Query_410339	XM_037519798.1	100.000	21	0	0	1	21	2058	2038	2.1	39.2
Query_410339	XM_037519797.1	100.000	21	0	0	1	21	1991	1971	2.1	39.2
Query_410339	XM_028887108.2	100.000	21	0	0	1	21	2011	1991	2.1	39.2
Query_410339	XM_037142609.1	100.000	21	0	0	1	21	2024	2004	2.1	39.2
Query_410339	XM_037142608.1	100.000	21	0	0	1	21	2117	2097	2.1	39.2
Query_410339	XM_037142607.1	100.000	21	0	0	1	21	2063	2043	2.1	39.2
Query_410339	XM_037053815.1	100.000	21	0	0	1	21	2033	2013	2.1	39.2
Query_410339	XM_037053808.1	100.000	21	0	0	1	21	2138	2118	2.1	39.2
Query_410339	XM_037053800.1	100.000	21	0	0	1	21	2072	2052	2.1	39.2
Query_410339	XM_037013714.1	100.000	21	0	0	1	21	1904	1884	2.1	39.2
Query_410339	XM_037013669.1	100.000	21	0	0	1	21	1964	1944	2.1	39.2
Query_410339	XM_017676271.2	100.000	21	0	0	1	21	2197	2177	2.1	39.2
Query_410339	XM_017676270.2	100.000	21	0	0	1	21	2055	2035	2.1	39.2
Query_410339	XM_017676269.2	100.000	21	0	0	1	21	2091	2071	2.1	39.2
Query_410339	XM_036927364.1	100.000	21	0	0	1	21	1904	1884	2.1	39.2
Query_410339	XM_036927362.1	100.000	21	0	0	1	21	1962	1942	2.1	39.2
Query_410339	XM_036927361.1	100.000	21	0	0	1	21	2056	2036	2.1	39.2
Query_410339	XM_036927360.1	100.000	21	0	0	1	21	2186	2166	2.1	39.2
Query_410339	XM_036927359.1	100.000	21	0	0	1	21	2089	2069	2.1	39.2
Query_410339	XM_036868838.1	100.000	21	0	0	1	21	1683	1663	2.1	39.2
Query_410339	XM_036868837.1	100.000	21	0	0	1	21	2006	1986	2.1	39.2
Query_410339	XM_036868836.1	100.000	21	0	0	1	21	2027	2007	2.1	39.2
Query_410339	XM_036868835.1	100.000	21	0	0	1	21	2044	2024	2.1	39.2
Query_410339	XM_036868834.1	100.000	21	0	0	1	21	2203	2183	2.1	39.2
Query_410339	XM_036868833.1	100.000	21	0	0	1	21	2138	2118	2.1	39.2
Query_410339	XM_036868832.1	100.000	21	0	0	1	21	2221	2201	2.1	39.2
Query_410339	XM_036868831.1	100.000	21	0	0	1	21	2066	2046	2.1	39.2
Query_410339	XM_004590404.2	100.000	21	0	0	1	21	2046	2026	2.1	39.2
Query_410339	XM_036414075.1	100.000	21	0	0	1	21	2086	2066	2.1	39.2
Query_410339	XM_036414074.1	100.000	21	0	0	1	21	2046	2026	2.1	39.2
Query_410339	XM_036414072.1	100.000	21	0	0	1	21	2147	2127	2.1	39.2
Query_410339	XM_036414071.1	100.000	21	0	0	1	21	2085	2065	2.1	39.2
Query_410339	XM_036316794.1	100.000	21	0	0	1	21	1753	1733	2.1	39.2
Query_410339	XM_036316793.1	100.000	21	0	0	1	21	1792	1772	2.1	39.2
Query_410339	XM_036316792.1	100.000	21	0	0	1	21	1872	1852	2.1	39.2
Query_410339	XM_036316791.1	100.000	21	0	0	1	21	2026	2006	2.1	39.2
Query_410339	XM_036316790.1	100.000	21	0	0	1	21	2233	2213	2.1	39.2
Query_410339	XM_036316789.1	100.000	21	0	0	1	21	2065	2045	2.1	39.2
Query_410339	XM_036248030.1	100.000	21	0	0	1	21	2060	2040	2.1	39.2
Query_410339	XM_036248029.1	100.000	21	0	0	1	21	2091	2071	2.1	39.2
Query_410339	XM_036218441.1	100.000	21	0	0	1	21	2076	2056	2.1	39.2
Query_410339	XM_036218440.1	100.000	21	0	0	1	21	1948	1928	2.1	39.2
Query_410339	XM_036218439.1	100.000	21	0	0	1	21	2197	2177	2.1	39.2
Query_410339	XM_016128649.2	100.000	21	0	0	1	21	2049	2029	2.1	39.2
Query_410339	XM_016128651.2	100.000	21	0	0	1	21	2037	2017	2.1	39.2


