# blastn
# Iteration: 0
# Query: 
# RID: 9PSGKMJF016
# Database: nt
# Fields: query acc.ver, subject acc.ver, % identity, alignment length, mismatches, gap opens, q. start, q. end, s. start, s. end, evalue, bit score
# 64 hits found
Query_38577	XM_003811844.2	100.000	21	0	0	1	21	491	471	2.1	39.2
Query_38577	XM_033196559.1	100.000	21	0	0	1	21	616	596	2.1	39.2
Query_38577	XM_033233047.1	100.000	21	0	0	1	21	366	346	2.1	39.2
Query_38577	XM_032260946.1	100.000	21	0	0	1	21	448	428	2.1	39.2
Query_38577	XM_032260945.1	100.000	21	0	0	1	21	524	504	2.1	39.2
Query_38577	XM_023214308.2	100.000	21	0	0	1	21	583	563	2.1	39.2
Query_38577	XM_031654823.1	100.000	21	0	0	1	21	473	453	2.1	39.2
Query_38577	XM_031654814.1	100.000	21	0	0	1	21	566	546	2.1	39.2
Query_38577	XM_031011621.1	100.000	21	0	0	1	21	607	587	2.1	39.2
Query_38577	XM_010367119.2	100.000	21	0	0	1	21	719	699	2.1	39.2
Query_38577	XR_749097.2	100.000	21	0	0	1	21	294	274	2.1	39.2
Query_38577	XM_030824091.1	100.000	21	0	0	1	21	627	607	2.1	39.2
Query_38577	XM_028826846.1	100.000	21	0	0	1	21	527	507	2.1	39.2
Query_38577	XM_015113807.2	100.000	21	0	0	1	21	493	473	2.1	39.2
Query_38577	XM_015113815.2	100.000	21	0	0	1	21	447	427	2.1	39.2
Query_38577	NM_016406.4	100.000	21	0	0	1	21	314	294	2.1	39.2
Query_38577	XM_023185092.2	100.000	21	0	0	1	21	324	304	2.1	39.2
Query_38577	XM_025359394.1	100.000	21	0	0	1	21	433	413	2.1	39.2
Query_38577	XM_025359307.1	100.000	21	0	0	1	21	609	589	2.1	39.2
Query_38577	XM_011770131.2	100.000	21	0	0	1	21	385	365	2.1	39.2
Query_38577	XM_017001450.2	100.000	21	0	0	1	21	444	424	2.1	39.2
Query_38577	XM_002809897.3	100.000	21	0	0	1	21	604	584	2.1	39.2
Query_38577	XM_023214307.1	100.000	21	0	0	1	21	604	584	2.1	39.2
Query_38577	XR_001110804.2	100.000	21	0	0	1	21	286	266	2.1	39.2
Query_38577	XM_012449634.2	100.000	21	0	0	1	21	595	575	2.1	39.2
Query_38577	XM_012449633.2	100.000	21	0	0	1	21	605	585	2.1	39.2
Query_38577	LT734974.1	100.000	21	0	0	1	21	781	761	2.1	39.2
Query_38577	XR_001884047.1	100.000	21	0	0	1	21	322	302	2.1	39.2
Query_38577	XM_017860834.1	100.000	21	0	0	1	21	609	589	2.1	39.2
Query_38577	XM_017001451.1	100.000	21	0	0	1	21	657	637	2.1	39.2
Query_38577	XM_016210421.1	100.000	21	0	0	1	21	640	620	2.1	39.2
Query_38577	XM_016210420.1	100.000	21	0	0	1	21	2119	2099	2.1	39.2
Query_38577	XM_015452762.1	100.000	21	0	0	1	21	597	577	2.1	39.2
Query_38577	XM_012449632.1	100.000	21	0	0	1	21	603	583	2.1	39.2
Query_38577	XR_001106944.1	100.000	21	0	0	1	21	516	496	2.1	39.2
Query_38577	XM_011770130.1	100.000	21	0	0	1	21	455	435	2.1	39.2
Query_38577	XM_012067544.1	100.000	21	0	0	1	21	604	584	2.1	39.2
Query_38577	XM_011957583.1	100.000	21	0	0	1	21	609	589	2.1	39.2
Query_38577	XM_011976265.1	100.000	21	0	0	1	21	609	589	2.1	39.2
Query_38577	XM_513937.5	100.000	21	0	0	1	21	602	582	2.1	39.2
Query_38577	XM_008984761.1	100.000	21	0	0	1	21	575	555	2.1	39.2
Query_38577	KJ898907.1	100.000	21	0	0	1	21	359	339	2.1	39.2
Query_38577	XM_005245254.1	100.000	21	0	0	1	21	500	480	2.1	39.2
Query_38577	XM_039480650.1	100.000	21	0	0	1	21	608	588	2.1	39.2
Query_38577	XR_005581184.1	100.000	21	0	0	1	21	297	277	2.1	39.2
Query_38577	XM_037984472.1	100.000	21	0	0	1	21	294	274	2.1	39.2
Query_38577	XM_007976437.2	100.000	21	0	0	1	21	501	481	2.1	39.2
Query_38577	XM_017515076.2	100.000	21	0	0	1	21	448	428	2.1	39.2
Query_38577	XM_037733647.1	100.000	21	0	0	1	21	532	512	2.1	39.2
Query_38577	XM_017515075.2	100.000	21	0	0	1	21	601	581	2.1	39.2
Query_38577	XM_035279447.1	100.000	21	0	0	1	21	667	647	2.1	39.2
Query_38577	XM_035279446.1	100.000	21	0	0	1	21	624	604	2.1	39.2
Query_38577	XM_002760186.4	100.000	21	0	0	1	21	511	491	2.1	39.2
Query_38577	XM_035279445.1	100.000	21	0	0	1	21	659	639	2.1	39.2
Query_38577	XM_035279443.1	100.000	21	0	0	1	21	605	585	2.1	39.2
Query_38577	AK311562.1	100.000	21	0	0	1	21	799	779	2.1	39.2
Query_38577	AK292776.1	100.000	21	0	0	1	21	500	480	2.1	39.2
Query_38577	DQ896457.2	100.000	21	0	0	1	21	316	296	2.1	39.2
Query_38577	DQ893161.2	100.000	21	0	0	1	21	316	296	2.1	39.2
Query_38577	BC005187.1	100.000	21	0	0	1	21	540	520	2.1	39.2
Query_38577	AL590714.27	100.000	21	0	0	1	21	12835	12815	2.1	39.2
Query_38577	AB154405.1	100.000	21	0	0	1	21	294	274	2.1	39.2
Query_38577	AF161504.1	100.000	21	0	0	1	21	534	514	2.1	39.2
Query_38577	AF151884.1	100.000	21	0	0	1	21	515	495	2.1	39.2


