# blastn
# Iteration: 0
# Query: 
# RID: 8YWZ7KNP013
# Database: nt
# Fields: query acc.ver, subject acc.ver, % identity, alignment length, mismatches, gap opens, q. start, q. end, s. start, s. end, evalue, bit score
# 100 hits found
Query_9237	XM_035005109.1	100.000	21	0	0	1	21	384	364	2.1	39.2
Query_9237	XM_035005108.1	100.000	21	0	0	1	21	888	868	2.1	39.2
Query_9237	XM_034958464.1	100.000	21	0	0	1	21	360	340	2.1	39.2
Query_9237	XM_002925166.4	100.000	21	0	0	1	21	333	313	2.1	39.2
Query_9237	XM_034671927.1	100.000	21	0	0	1	21	384	364	2.1	39.2
Query_9237	XM_034424812.1	100.000	21	0	0	1	21	250	230	2.1	39.2
Query_9237	XM_033856950.1	100.000	21	0	0	1	21	360	340	2.1	39.2
Query_9237	XM_033856948.1	100.000	21	0	0	1	21	385	365	2.1	39.2
Query_9237	XM_010625119.3	100.000	21	0	0	1	21	126	106	2.1	39.2
Query_9237	XM_004266248.3	100.000	21	0	0	1	21	360	340	2.1	39.2
Query_9237	XM_033421680.1	100.000	21	0	0	1	21	397	377	2.1	39.2
Query_9237	XM_033214023.1	100.000	21	0	0	1	21	438	418	2.1	39.2
Query_9237	XM_033105654.1	100.000	21	0	0	1	21	360	340	2.1	39.2
Query_9237	XM_032853039.1	100.000	21	0	0	1	21	486	466	2.1	39.2
Query_9237	XM_032633307.1	100.000	21	0	0	1	21	200	180	2.1	39.2
Query_9237	XM_032632479.1	100.000	21	0	0	1	21	2265	2245	2.1	39.2
Query_9237	XM_032632478.1	100.000	21	0	0	1	21	361	341	2.1	39.2
Query_9237	XM_040966394.1	100.000	21	0	0	1	21	305	285	2.1	39.2
Query_9237	XM_040966392.1	100.000	21	0	0	1	21	373	353	2.1	39.2
Query_9237	XM_040966390.1	100.000	21	0	0	1	21	349	329	2.1	39.2
Query_9237	XM_040966389.1	100.000	21	0	0	1	21	391	371	2.1	39.2
Query_9237	XM_040747118.1	100.000	21	0	0	1	21	286	266	2.1	39.2
Query_9237	XM_040747117.1	100.000	21	0	0	1	21	383	363	2.1	39.2
Query_9237	XM_008701503.2	100.000	21	0	0	1	21	310	290	2.1	39.2
Query_9237	XM_040485326.1	100.000	21	0	0	1	21	283	263	2.1	39.2
Query_9237	XM_005319928.3	100.000	21	0	0	1	21	384	364	2.1	39.2
Query_9237	XM_040238046.1	100.000	21	0	0	1	21	241	221	2.1	39.2
Query_9237	XM_040238044.1	100.000	21	0	0	1	21	475	455	2.1	39.2
Query_9237	XM_040024311.1	100.000	21	0	0	1	21	410	390	2.1	39.2
Query_9237	XM_040024310.1	100.000	21	0	0	1	21	318	298	2.1	39.2
Query_9237	XM_040024309.1	100.000	21	0	0	1	21	313	293	2.1	39.2
Query_9237	XM_040024307.1	100.000	21	0	0	1	21	408	388	2.1	39.2
Query_9237	XM_040024306.1	100.000	21	0	0	1	21	303	283	2.1	39.2
Query_9237	XM_040024305.1	100.000	21	0	0	1	21	298	278	2.1	39.2
Query_9237	HG994384.1	100.000	21	0	0	1	21	74333815	74333835	2.1	39.2
Query_9237	XM_039844998.1	100.000	21	0	0	1	21	419	399	2.1	39.2
Query_9237	XM_039844997.1	100.000	21	0	0	1	21	257	237	2.1	39.2
Query_9237	XM_039844995.1	100.000	21	0	0	1	21	364	344	2.1	39.2
Query_9237	XM_031728151.2	100.000	21	0	0	1	21	478	458	2.1	39.2
Query_9237	XM_003940989.2	100.000	21	0	0	1	21	235	215	2.1	39.2
Query_9237	XM_039226965.1	100.000	21	0	0	1	21	135	115	2.1	39.2
Query_9237	XM_039226963.1	100.000	21	0	0	1	21	378	358	2.1	39.2
Query_9237	XM_038661950.1	100.000	21	0	0	1	21	389	369	2.1	39.2
Query_9237	XM_003434394.5	100.000	21	0	0	1	21	389	369	2.1	39.2
Query_9237	XM_038323543.1	100.000	21	0	0	1	21	493	473	2.1	39.2
Query_9237	XM_008017600.2	100.000	21	0	0	1	21	438	418	2.1	39.2
Query_9237	XM_037829623.1	100.000	21	0	0	1	21	316	296	2.1	39.2
Query_9237	XR_001826530.2	100.000	21	0	0	1	21	307	287	2.1	39.2
Query_9237	XM_017527247.2	100.000	21	0	0	1	21	438	418	2.1	39.2
Query_9237	XM_017527245.2	100.000	21	0	0	1	21	438	418	2.1	39.2
Query_9237	XM_017715027.2	100.000	21	0	0	1	21	620	600	2.1	39.2
Query_9237	XM_037530493.1	100.000	21	0	0	1	21	365	345	2.1	39.2
Query_9237	XM_028882240.2	100.000	21	0	0	1	21	219	199	2.1	39.2
Query_9237	XM_037138033.1	100.000	21	0	0	1	21	380	360	2.1	39.2
Query_9237	XM_037064306.1	100.000	21	0	0	1	21	364	344	2.1	39.2
Query_9237	XM_017662459.2	100.000	21	0	0	1	21	306	286	2.1	39.2
Query_9237	XM_036908505.1	100.000	21	0	0	1	21	308	288	2.1	39.2
Query_9237	XM_036853403.1	100.000	21	0	0	1	21	285	265	2.1	39.2
Query_9237	XM_036852348.1	100.000	21	0	0	1	21	358	338	2.1	39.2
Query_9237	XM_036852347.1	100.000	21	0	0	1	21	401	381	2.1	39.2
Query_9237	XM_036583080.1	100.000	21	0	0	1	21	168	148	2.1	39.2
Query_9237	XM_036583079.1	100.000	21	0	0	1	21	513	493	2.1	39.2
Query_9237	XM_036496827.1	100.000	21	0	0	1	21	271	251	2.1	39.2
Query_9237	XM_036496826.1	100.000	21	0	0	1	21	374	354	2.1	39.2
Query_9237	XM_004579145.3	100.000	21	0	0	1	21	330	310	2.1	39.2
Query_9237	XM_036418282.1	100.000	21	0	0	1	21	386	366	2.1	39.2
Query_9237	XM_036331571.1	100.000	21	0	0	1	21	535	515	2.1	39.2
Query_9237	XM_036331560.1	100.000	21	0	0	1	21	153	133	2.1	39.2
Query_9237	XM_036331552.1	100.000	21	0	0	1	21	156	136	2.1	39.2
Query_9237	XM_036331544.1	100.000	21	0	0	1	21	217	197	2.1	39.2
Query_9237	XM_036258045.1	100.000	21	0	0	1	21	142	122	2.1	39.2
Query_9237	XM_036258037.1	100.000	21	0	0	1	21	208	188	2.1	39.2
Query_9237	XM_036258027.1	100.000	21	0	0	1	21	278	258	2.1	39.2
Query_9237	XM_036258018.1	100.000	21	0	0	1	21	313	293	2.1	39.2
Query_9237	XM_036258009.1	100.000	21	0	0	1	21	366	346	2.1	39.2
Query_9237	XM_036258001.1	100.000	21	0	0	1	21	365	345	2.1	39.2
Query_9237	XM_036228034.1	100.000	21	0	0	1	21	418	398	2.1	39.2
Query_9237	XM_036228032.1	100.000	21	0	0	1	21	112	92	2.1	39.2
Query_9237	XM_036228031.1	100.000	21	0	0	1	21	259	239	2.1	39.2
Query_9237	XM_016119953.2	100.000	21	0	0	1	21	366	346	2.1	39.2
Query_9237	XM_036228030.1	100.000	21	0	0	1	21	379	359	2.1	39.2
Query_9237	XM_036200412.1	100.000	21	0	0	1	21	432	412	2.1	39.2
Query_9237	XM_036112050.1	100.000	21	0	0	1	21	231	211	2.1	39.2
Query_9237	XM_036112045.1	100.000	21	0	0	1	21	363	343	2.1	39.2
Query_9237	XM_036112039.1	100.000	21	0	0	1	21	189	169	2.1	39.2
Query_9237	XM_036112035.1	100.000	21	0	0	1	21	222	202	2.1	39.2
Query_9237	XM_036112026.1	100.000	21	0	0	1	21	305	285	2.1	39.2
Query_9237	XM_030314001.3	100.000	21	0	0	1	21	344	324	2.1	39.2
Query_9237	XM_028507668.2	100.000	21	0	0	1	21	373	353	2.1	39.2
Query_9237	LR877233.1	100.000	21	0	0	1	21	53841801	53841781	2.1	39.2
Query_9237	LR877197.1	100.000	21	0	0	1	21	44506912	44506932	2.1	39.2
Query_9237	XM_035714480.1	100.000	21	0	0	1	21	113	93	2.1	39.2
Query_9237	XM_035714479.1	100.000	21	0	0	1	21	116	96	2.1	39.2
Query_9237	XM_025437022.2	100.000	21	0	0	1	21	388	368	2.1	39.2
Query_9237	XM_027599485.2	100.000	21	0	0	1	21	388	368	2.1	39.2
Query_9237	XM_027390757.2	100.000	21	0	0	1	21	358	338	2.1	39.2
Query_9237	XM_003512233.3	100.000	21	0	0	1	21	502	482	2.1	39.2
Query_9237	XM_008993465.3	100.000	21	0	0	1	21	560	540	2.1	39.2
Query_9237	XM_035293864.1	100.000	21	0	0	1	21	153	133	2.1	39.2
Query_9237	XM_002745900.5	100.000	21	0	0	1	21	545	525	2.1	39.2


