# blastn
# Iteration: 0
# Query: 
# RID: 8YZAKUH2013
# Database: nt
# Fields: query acc.ver, subject acc.ver, % identity, alignment length, mismatches, gap opens, q. start, q. end, s. start, s. end, evalue, bit score
# 100 hits found
Query_49305	XM_034987846.1	100.000	21	0	0	1	21	528	508	2.1	39.2
Query_49305	XM_035027346.1	100.000	21	0	0	1	21	1651	1631	2.1	39.2
Query_49305	XM_035018911.1	100.000	21	0	0	1	21	463	443	2.1	39.2
Query_49305	XM_035017486.1	100.000	21	0	0	1	21	414	394	2.1	39.2
Query_49305	XM_034934228.1	100.000	21	0	0	1	21	555	535	2.1	39.2
Query_49305	XM_011234308.3	100.000	21	0	0	1	21	642	622	2.1	39.2
Query_49305	XM_034516517.1	100.000	21	0	0	1	21	435	415	2.1	39.2
Query_49305	XM_033852661.1	100.000	21	0	0	1	21	450	430	2.1	39.2
Query_49305	XM_019952685.2	100.000	21	0	0	1	21	525	505	2.1	39.2
Query_49305	XM_004269543.2	100.000	21	0	0	1	21	525	505	2.1	39.2
Query_49305	CP050593.1	100.000	21	0	0	1	21	37585796	37585816	2.1	39.2
Query_49305	CP050591.1	100.000	21	0	0	1	21	41951322	41951342	2.1	39.2
Query_49305	CP050590.1	100.000	21	0	0	1	21	33083126	33083146	2.1	39.2
Query_49305	CP050580.1	100.000	21	0	0	1	21	33061772	33061792	2.1	39.2
Query_49305	CP050579.1	100.000	21	0	0	1	21	11334500	11334520	2.1	39.2
Query_49305	CP050572.1	100.000	21	0	0	1	21	19010309	19010289	2.1	39.2
Query_49305	CP050569.1	100.000	21	0	0	1	21	33719173	33719193	2.1	39.2
Query_49305	XM_008695964.2	100.000	21	0	0	1	21	571	551	2.1	39.2
Query_49305	XM_040491239.1	100.000	21	0	0	1	21	571	551	2.1	39.2
Query_49305	XM_005335534.4	100.000	21	0	0	1	21	454	434	2.1	39.2
Query_49305	XM_040281818.1	100.000	21	0	0	1	21	447	427	2.1	39.2
Query_49305	HG994388.1	100.000	21	0	0	1	21	10477689	10477669	2.1	39.2
Query_49305	HG994386.1	100.000	21	0	0	1	21	19075858	19075838	2.1	39.2
Query_49305	XM_039869043.1	100.000	21	0	0	1	21	554	534	2.1	39.2
Query_49305	XM_039471644.1	100.000	21	0	0	1	21	774	754	2.1	39.2
Query_49305	XM_039471339.1	100.000	21	0	0	1	21	446	426	2.1	39.2
Query_49305	NG_030475.3	100.000	21	0	0	1	21	571	551	2.1	39.2
Query_49305	XM_039225835.1	100.000	21	0	0	1	21	225	205	2.1	39.2
Query_49305	XM_039238873.1	100.000	21	0	0	1	21	476	456	2.1	39.2
Query_49305	XM_039236607.1	100.000	21	0	0	1	21	502	482	2.1	39.2
Query_49305	XM_038677314.1	100.000	21	0	0	1	21	430	410	2.1	39.2
Query_49305	XM_038662699.1	100.000	21	0	0	1	21	966	946	2.1	39.2
Query_49305	XM_038447501.1	100.000	21	0	0	1	21	541	521	2.1	39.2
Query_49305	XM_038441557.1	100.000	21	0	0	1	21	445	425	2.1	39.2
Query_49305	XM_038680268.1	100.000	21	0	0	1	21	462	442	2.1	39.2
Query_49305	XM_003435294.4	100.000	21	0	0	1	21	430	410	2.1	39.2
Query_49305	XM_003434540.5	100.000	21	0	0	1	21	971	951	2.1	39.2
Query_49305	XM_038463572.1	100.000	21	0	0	1	21	541	521	2.1	39.2
Query_49305	XM_014109332.3	100.000	21	0	0	1	21	445	425	2.1	39.2
Query_49305	XM_038644474.1	100.000	21	0	0	1	21	456	436	2.1	39.2
Query_49305	XM_007992884.2	100.000	21	0	0	1	21	414	394	2.1	39.2
Query_49305	XM_038008386.1	100.000	21	0	0	1	21	448	428	2.1	39.2
Query_49305	XM_007993861.2	100.000	21	0	0	1	21	419	399	2.1	39.2
Query_49305	XM_008004246.2	100.000	21	0	0	1	21	775	755	2.1	39.2
Query_49305	XM_008000263.2	100.000	21	0	0	1	21	1209	1189	2.1	39.2
Query_49305	XM_037822839.1	100.000	21	0	0	1	21	414	394	2.1	39.2
Query_49305	XM_037846925.1	100.000	21	0	0	1	21	528	508	2.1	39.2
Query_49305	XM_037799864.1	100.000	21	0	0	1	21	952	932	2.1	39.2
Query_49305	XM_037799643.1	100.000	21	0	0	1	21	414	394	2.1	39.2
Query_49305	XM_017502871.2	100.000	21	0	0	1	21	445	425	2.1	39.2
Query_49305	XM_017541827.2	100.000	21	0	0	1	21	440	420	2.1	39.2
Query_49305	XM_017537894.2	100.000	21	0	0	1	21	472	452	2.1	39.2
Query_49305	XM_017534874.2	100.000	21	0	0	1	21	449	429	2.1	39.2
Query_49305	XM_037522123.1	100.000	21	0	0	1	21	534	514	2.1	39.2
Query_49305	XM_037513877.1	100.000	21	0	0	1	21	583	563	2.1	39.2
Query_49305	XM_037146140.1	100.000	21	0	0	1	21	602	582	2.1	39.2
Query_49305	XM_037064672.1	100.000	21	0	0	1	21	601	581	2.1	39.2
Query_49305	XM_037023059.1	100.000	21	0	0	1	21	566	546	2.1	39.2
Query_49305	XM_036891225.1	100.000	21	0	0	1	21	585	565	2.1	39.2
Query_49305	XM_036852158.1	100.000	21	0	0	1	21	411	391	2.1	39.2
Query_49305	XM_036852157.1	100.000	21	0	0	1	21	438	418	2.1	39.2
Query_49305	XR_004991539.1	100.000	21	0	0	1	21	604	584	2.1	39.2
Query_49305	XM_036458685.1	100.000	21	0	0	1	21	601	581	2.1	39.2
Query_49305	XM_036302016.1	100.000	21	0	0	1	21	436	416	2.1	39.2
Query_49305	XM_036297571.1	100.000	21	0	0	1	21	599	579	2.1	39.2
Query_49305	XR_004965807.1	100.000	21	0	0	1	21	599	579	2.1	39.2
Query_49305	XM_036297570.1	100.000	21	0	0	1	21	592	572	2.1	39.2
Query_49305	XM_036252541.1	100.000	21	0	0	1	21	506	486	2.1	39.2
Query_49305	XM_016157625.2	100.000	21	0	0	1	21	525	505	2.1	39.2
Query_49305	XM_006514344.5	100.000	21	0	0	1	21	748	728	2.1	39.2
Query_49305	XM_036079636.1	100.000	21	0	0	1	21	435	415	2.1	39.2
Query_49305	XR_004911609.1	100.000	21	0	0	1	21	529	509	2.1	39.2
Query_49305	XM_036077454.1	100.000	21	0	0	1	21	547	527	2.1	39.2
Query_49305	LR877242.1	100.000	21	0	0	1	21	18522258	18522238	2.1	39.2
Query_49305	LR877226.1	100.000	21	0	0	1	21	44776658	44776678	2.1	39.2
Query_49305	LR877217.1	100.000	21	0	0	1	21	46171704	46171684	2.1	39.2
Query_49305	XM_025433563.2	100.000	21	0	0	1	21	437	417	2.1	39.2
Query_49305	XM_025449079.2	100.000	21	0	0	1	21	460	440	2.1	39.2
Query_49305	XM_035699157.1	100.000	21	0	0	1	21	577	557	2.1	39.2
Query_49305	XM_025438793.2	100.000	21	0	0	1	21	565	545	2.1	39.2
Query_49305	XR_004805211.1	100.000	21	0	0	1	21	3450	3430	2.1	39.2
Query_49305	XM_025440401.2	100.000	21	0	0	1	21	430	410	2.1	39.2
Query_49305	XM_025435197.2	100.000	21	0	0	1	21	962	942	2.1	39.2
Query_49305	XM_025422512.2	100.000	21	0	0	1	21	479	459	2.1	39.2
Query_49305	XM_035729226.1	100.000	21	0	0	1	21	557	537	2.1	39.2
Query_49305	XM_035728332.1	100.000	21	0	0	1	21	558	538	2.1	39.2
Query_49305	XM_035727297.1	100.000	21	0	0	1	21	441	421	2.1	39.2
Query_49305	XM_027590249.2	100.000	21	0	0	1	21	518	498	2.1	39.2
Query_49305	XM_035726302.1	100.000	21	0	0	1	21	441	421	2.1	39.2
Query_49305	XM_027616597.2	100.000	21	0	0	1	21	414	394	2.1	39.2
Query_49305	XM_027616116.2	100.000	21	0	0	1	21	569	549	2.1	39.2
Query_49305	XM_035722137.1	100.000	21	0	0	1	21	456	436	2.1	39.2
Query_49305	XM_035724634.1	100.000	21	0	0	1	21	465	445	2.1	39.2
Query_49305	LR862373.1	100.000	21	0	0	1	21	11564685	11564665	2.1	39.2
Query_49305	XM_027030760.2	100.000	21	0	0	1	21	492	472	2.1	39.2
Query_49305	XM_009004044.4	100.000	21	0	0	1	21	485	465	2.1	39.2
Query_49305	XM_009004364.3	100.000	21	0	0	1	21	493	473	2.1	39.2
Query_49305	XM_009002552.3	100.000	21	0	0	1	21	447	427	2.1	39.2
Query_49305	XM_002751685.5	100.000	21	0	0	1	21	478	458	2.1	39.2
Query_49305	XM_035280129.1	100.000	21	0	0	1	21	443	423	2.1	39.2


