# blastn
# Iteration: 0
# Query: 
# RID: 742CX02F013
# Database: nt
# Fields: query acc.ver, subject acc.ver, % identity, alignment length, mismatches, gap opens, q. start, q. end, s. start, s. end, evalue, bit score
# 100 hits found
Query_9787	XM_003826436.5	100.000	21	0	0	1	21	1401	1381	2.1	39.2
Query_9787	XM_010608323.2	100.000	21	0	0	1	21	798	778	2.1	39.2
Query_9787	XM_033756531.1	100.000	21	0	0	1	21	2066	2046	2.1	39.2
Query_9787	XM_010608321.2	100.000	21	0	0	1	21	2073	2053	2.1	39.2
Query_9787	XM_033207523.1	100.000	21	0	0	1	21	619	599	2.1	39.2
Query_9787	XM_033121437.1	100.000	21	0	0	1	21	815	795	2.1	39.2
Query_9787	XM_032283391.1	100.000	21	0	0	1	21	833	813	2.1	39.2
Query_9787	XR_004248146.1	100.000	21	0	0	1	21	693	673	2.1	39.2
Query_9787	XM_032152902.1	100.000	21	0	0	1	21	820	800	2.1	39.2
Query_9787	XM_023215610.3	100.000	21	0	0	1	21	820	800	2.1	39.2
Query_9787	XM_021925752.2	100.000	21	0	0	1	21	1713	1693	2.1	39.2
Query_9787	XM_021925751.2	100.000	21	0	0	1	21	1713	1693	2.1	39.2
Query_9787	XM_003909863.5	100.000	21	0	0	1	21	1409	1389	2.1	39.2
Query_9787	XM_021925750.2	100.000	21	0	0	1	21	914	894	2.1	39.2
Query_9787	XM_021925748.2	100.000	21	0	0	1	21	1420	1400	2.1	39.2
Query_9787	XM_021925749.2	100.000	21	0	0	1	21	1709	1689	2.1	39.2
Query_9787	XR_004177556.1	100.000	21	0	0	1	21	1708	1688	2.1	39.2
Query_9787	XR_004177555.1	100.000	21	0	0	1	21	1708	1688	2.1	39.2
Query_9787	XM_021925747.2	100.000	21	0	0	1	21	1708	1688	2.1	39.2
Query_9787	XM_021925746.2	100.000	21	0	0	1	21	1707	1687	2.1	39.2
Query_9787	XM_021925745.2	100.000	21	0	0	1	21	1683	1663	2.1	39.2
Query_9787	XM_021925744.2	100.000	21	0	0	1	21	1717	1697	2.1	39.2
Query_9787	XM_004051152.3	100.000	21	0	0	1	21	820	800	2.1	39.2
Query_9787	XM_010353410.2	100.000	21	0	0	1	21	820	800	2.1	39.2
Query_9787	XR_004029584.1	100.000	21	0	0	1	21	695	675	2.1	39.2
Query_9787	XM_030810123.1	100.000	21	0	0	1	21	820	800	2.1	39.2
Query_9787	NM_002559.5	100.000	21	0	0	1	21	818	798	2.1	39.2
Query_9787	XM_001103269.4	100.000	21	0	0	1	21	1321	1301	2.1	39.2
Query_9787	XM_008159313.2	100.000	21	0	0	1	21	651	631	2.1	39.2
Query_9787	XM_015101165.2	100.000	21	0	0	1	21	619	599	2.1	39.2
Query_9787	XM_027562313.1	100.000	21	0	0	1	21	1469	1449	2.1	39.2
Query_9787	XM_025357428.1	100.000	21	0	0	1	21	819	799	2.1	39.2
Query_9787	XM_006080721.2	100.000	21	0	0	1	21	1038	1018	2.1	39.2
Query_9787	XM_024975926.1	100.000	21	0	0	1	21	690	670	2.1	39.2
Query_9787	XM_024797370.1	100.000	21	0	0	1	21	816	796	2.1	39.2
Query_9787	XM_011766085.2	100.000	21	0	0	1	21	654	634	2.1	39.2
Query_9787	XM_016920882.2	100.000	21	0	0	1	21	888	868	2.1	39.2
Query_9787	XM_001136930.4	100.000	21	0	0	1	21	871	851	2.1	39.2
Query_9787	CP027083.1	100.000	21	0	0	1	21	78188841	78188821	2.1	39.2
Query_9787	XM_002821788.2	100.000	21	0	0	1	21	820	800	2.1	39.2
Query_9787	XM_006091907.3	100.000	21	0	0	1	21	651	631	2.1	39.2
Query_9787	XM_004645766.2	100.000	21	0	0	1	21	759	739	2.1	39.2
Query_9787	XM_023562622.1	100.000	21	0	0	1	21	713	693	2.1	39.2
Query_9787	XM_003464224.2	100.000	21	0	0	1	21	716	696	2.1	39.2
Query_9787	XM_021715977.1	100.000	21	0	0	1	21	781	761	2.1	39.2
Query_9787	XM_021248323.1	100.000	21	0	0	1	21	2100	2080	2.1	39.2
Query_9787	XM_020913176.1	100.000	21	0	0	1	21	955	935	2.1	39.2
Query_9787	XM_019975870.1	100.000	21	0	0	1	21	651	631	2.1	39.2
Query_9787	XM_018058944.1	100.000	21	0	0	1	21	729	709	2.1	39.2
Query_9787	XM_018058943.1	100.000	21	0	0	1	21	625	605	2.1	39.2
Query_9787	XM_017851320.1	100.000	21	0	0	1	21	782	762	2.1	39.2
Query_9787	XM_011545072.2	100.000	21	0	0	1	21	1596	1576	2.1	39.2
Query_9787	XR_949950.2	100.000	21	0	0	1	21	1342	1322	2.1	39.2
Query_9787	XM_011545071.2	100.000	21	0	0	1	21	1332	1312	2.1	39.2
Query_9787	XM_011545070.2	100.000	21	0	0	1	21	770	750	2.1	39.2
Query_9787	XM_011545069.2	100.000	21	0	0	1	21	1464	1444	2.1	39.2
Query_9787	XM_006756324.2	100.000	21	0	0	1	21	813	793	2.1	39.2
Query_9787	XM_015434713.1	100.000	21	0	0	1	21	1398	1378	2.1	39.2
Query_9787	XR_001484890.1	100.000	21	0	0	1	21	1398	1378	2.1	39.2
Query_9787	XR_001484889.1	100.000	21	0	0	1	21	1398	1378	2.1	39.2
Query_9787	XM_005577865.2	100.000	21	0	0	1	21	1398	1378	2.1	39.2
Query_9787	XM_005885097.2	100.000	21	0	0	1	21	813	793	2.1	39.2
Query_9787	XM_005407991.2	100.000	21	0	0	1	21	644	624	2.1	39.2
Query_9787	XM_005407990.2	100.000	21	0	0	1	21	644	624	2.1	39.2
Query_9787	XM_005407989.2	100.000	21	0	0	1	21	614	594	2.1	39.2
Query_9787	XM_005407988.2	100.000	21	0	0	1	21	644	624	2.1	39.2
Query_9787	XM_012725642.1	100.000	21	0	0	1	21	779	759	2.1	39.2
Query_9787	XM_004682771.2	100.000	21	0	0	1	21	779	759	2.1	39.2
Query_9787	XM_012476474.1	100.000	21	0	0	1	21	773	753	2.1	39.2
Query_9787	XM_012476473.1	100.000	21	0	0	1	21	837	817	2.1	39.2
Query_9787	XM_011766086.1	100.000	21	0	0	1	21	816	796	2.1	39.2
Query_9787	XM_011766083.1	100.000	21	0	0	1	21	816	796	2.1	39.2
Query_9787	XM_012092343.1	100.000	21	0	0	1	21	805	785	2.1	39.2
Query_9787	XM_011963399.1	100.000	21	0	0	1	21	798	778	2.1	39.2
Query_9787	XM_011998703.1	100.000	21	0	0	1	21	805	785	2.1	39.2
Query_9787	XM_011545073.1	100.000	21	0	0	1	21	320	300	2.1	39.2
Query_9787	XM_010842230.1	100.000	21	0	0	1	21	619	599	2.1	39.2
Query_9787	XM_007519465.1	100.000	21	0	0	1	21	623	603	2.1	39.2
Query_9787	XM_005908369.1	100.000	21	0	0	1	21	613	593	2.1	39.2
Query_9787	XM_003920107.3	100.000	21	0	0	1	21	658	638	2.1	39.2
Query_9787	XM_037999312.1	100.000	21	0	0	1	21	653	633	2.1	39.2
Query_9787	XM_017498970.2	100.000	21	0	0	1	21	808	788	2.1	39.2
Query_9787	XM_037521487.1	100.000	21	0	0	1	21	665	645	2.1	39.2
Query_9787	XM_036426530.1	100.000	21	0	0	1	21	680	660	2.1	39.2
Query_9787	XM_036323724.1	100.000	21	0	0	1	21	619	599	2.1	39.2
Query_9787	XM_036259406.1	100.000	21	0	0	1	21	651	631	2.1	39.2
Query_9787	LR862365.1	100.000	21	0	0	1	21	14720989	14720969	2.1	39.2
Query_9787	XM_035262719.1	100.000	21	0	0	1	21	2330	2310	2.1	39.2
Query_9787	XM_035262718.1	100.000	21	0	0	1	21	794	774	2.1	39.2
Query_9787	XM_035262717.1	100.000	21	0	0	1	21	1053	1033	2.1	39.2
Query_9787	XM_035262716.1	100.000	21	0	0	1	21	2703	2683	2.1	39.2
Query_9787	XM_035262715.1	100.000	21	0	0	1	21	1153	1133	2.1	39.2
Query_9787	XM_002755279.6	100.000	21	0	0	1	21	1271	1251	2.1	39.2
Query_9787	BC109287.2	100.000	21	0	0	1	21	653	633	2.1	39.2
Query_9787	BC074793.2	100.000	21	0	0	1	21	650	630	2.1	39.2
Query_9787	BC074792.2	100.000	21	0	0	1	21	650	630	2.1	39.2
Query_9787	BC069162.1	100.000	21	0	0	1	21	695	675	2.1	39.2
Query_9787	AP000781.6	100.000	21	0	0	1	21	105129	105109	2.1	39.2
Query_9787	AB016608.1	100.000	21	0	0	1	21	619	599	2.1	39.2
Query_9787	Y07683.1	100.000	21	0	0	1	21	784	764	2.1	39.2


