# blastn
# Iteration: 0
# Query: 
# RID: 8YGS6ZRT013
# Database: nt
# Fields: query acc.ver, subject acc.ver, % identity, alignment length, mismatches, gap opens, q. start, q. end, s. start, s. end, evalue, bit score
# 100 hits found
Query_46193	XM_034932123.1	100.000	21	0	0	1	21	1635	1615	2.1	39.2
Query_46193	XM_034932122.1	100.000	21	0	0	1	21	1948	1928	2.1	39.2
Query_46193	XR_004664993.1	100.000	21	0	0	1	21	1924	1904	2.1	39.2
Query_46193	XM_034932121.1	100.000	21	0	0	1	21	1990	1970	2.1	39.2
Query_46193	XM_034932120.1	100.000	21	0	0	1	21	1600	1580	2.1	39.2
Query_46193	XM_034932119.1	100.000	21	0	0	1	21	1876	1856	2.1	39.2
Query_46193	XM_034932117.1	100.000	21	0	0	1	21	1686	1666	2.1	39.2
Query_46193	XM_034932116.1	100.000	21	0	0	1	21	1948	1928	2.1	39.2
Query_46193	XM_034932115.1	100.000	21	0	0	1	21	1948	1928	2.1	39.2
Query_46193	XM_032166649.2	100.000	21	0	0	1	21	1617	1597	2.1	39.2
Query_46193	XM_032166651.1	100.000	21	0	0	1	21	1584	1564	2.1	39.2
Query_46193	XR_004250229.1	100.000	21	0	0	1	21	1558	1538	2.1	39.2
Query_46193	XM_004050666.3	100.000	21	0	0	1	21	1989	1969	2.1	39.2
Query_46193	XM_019037259.2	100.000	21	0	0	1	21	1514	1494	2.1	39.2
Query_46193	XM_019037258.2	100.000	21	0	0	1	21	1876	1856	2.1	39.2
Query_46193	XM_004050664.3	100.000	21	0	0	1	21	1989	1969	2.1	39.2
Query_46193	XR_004033591.1	100.000	21	0	0	1	21	1989	1969	2.1	39.2
Query_46193	XR_004033590.1	100.000	21	0	0	1	21	1931	1911	2.1	39.2
Query_46193	XM_030828843.1	100.000	21	0	0	1	21	1955	1935	2.1	39.2
Query_46193	XM_030828842.1	100.000	21	0	0	1	21	1883	1863	2.1	39.2
Query_46193	XM_030828841.1	100.000	21	0	0	1	21	1989	1969	2.1	39.2
Query_46193	NM_001348749.2	100.000	21	0	0	1	21	1882	1862	2.1	39.2
Query_46193	NM_001348750.2	100.000	21	0	0	1	21	1990	1970	2.1	39.2
Query_46193	NM_001243254.2	100.000	21	0	0	1	21	1954	1934	2.1	39.2
Query_46193	NM_015213.4	100.000	21	0	0	1	21	1954	1934	2.1	39.2
Query_46193	NR_145966.2	100.000	21	0	0	1	21	1930	1910	2.1	39.2
Query_46193	XM_003312912.4	100.000	21	0	0	1	21	1988	1968	2.1	39.2
Query_46193	XR_002938439.1	100.000	21	0	0	1	21	1988	1968	2.1	39.2
Query_46193	XM_016920357.2	100.000	21	0	0	1	21	1735	1715	2.1	39.2
Query_46193	XM_024346967.1	100.000	21	0	0	1	21	1988	1968	2.1	39.2
Query_46193	XM_024346966.1	100.000	21	0	0	1	21	1988	1968	2.1	39.2
Query_46193	XM_009459922.3	100.000	21	0	0	1	21	1916	1896	2.1	39.2
Query_46193	XM_016920354.2	100.000	21	0	0	1	21	1916	1896	2.1	39.2
Query_46193	XM_508914.6	100.000	21	0	0	1	21	1988	1968	2.1	39.2
Query_46193	XM_016920352.2	100.000	21	0	0	1	21	1988	1968	2.1	39.2
Query_46193	XM_024255110.1	100.000	21	0	0	1	21	1984	1964	2.1	39.2
Query_46193	XM_009246658.2	100.000	21	0	0	1	21	1607	1587	2.1	39.2
Query_46193	XM_024255109.1	100.000	21	0	0	1	21	1984	1964	2.1	39.2
Query_46193	XM_024255108.1	100.000	21	0	0	1	21	1984	1964	2.1	39.2
Query_46193	LN483584.1	100.000	21	0	0	1	21	154236	154256	2.1	39.2
Query_46193	LT734349.1	100.000	21	0	0	1	21	915	895	2.1	39.2
Query_46193	XM_016920351.1	100.000	21	0	0	1	21	1745	1725	2.1	39.2
Query_46193	XM_010170769.1	100.000	21	0	0	1	21	1679	1659	2.1	39.2
Query_46193	XM_010017239.1	100.000	21	0	0	1	21	1511	1491	2.1	39.2
Query_46193	KJ902312.1	100.000	21	0	0	1	21	493	473	2.1	39.2
Query_46193	XM_006872993.1	100.000	21	0	0	1	21	1673	1653	2.1	39.2
Query_46193	LR812520.1	100.000	21	0	0	1	21	34310424	34310444	2.1	39.2
Query_46193	AB463207.1	100.000	21	0	0	1	21	1682	1662	2.1	39.2
Query_46193	AK295881.1	100.000	21	0	0	1	21	1691	1671	2.1	39.2
Query_46193	AK302478.1	100.000	21	0	0	1	21	1391	1371	2.1	39.2
Query_46193	AK294016.1	100.000	21	0	0	1	21	1659	1639	2.1	39.2
Query_46193	CU679313.1	100.000	21	0	0	1	21	444	424	2.1	39.2
Query_46193	BC009354.2	100.000	21	0	0	1	21	658	638	2.1	39.2
Query_46193	AB029014.1	100.000	21	0	0	1	21	1890	1870	2.1	39.2
Query_46193	BC071596.1	100.000	21	0	0	1	21	1735	1715	2.1	39.2
Query_46193	AK025499.1	100.000	21	0	0	1	21	541	521	2.1	39.2
Query_46193	AL117448.1	100.000	21	0	0	1	21	1686	1666	2.1	39.2
Query_46193	XM_040673552.1	100.000	20	0	0	1	20	1701	1682	7.4	37.4
Query_46193	XM_040673551.1	100.000	20	0	0	1	20	1621	1602	7.4	37.4
Query_46193	XM_040673550.1	100.000	20	0	0	1	20	1701	1682	7.4	37.4
Query_46193	XM_040673549.1	100.000	20	0	0	1	20	1621	1602	7.4	37.4
Query_46193	XM_040673548.1	100.000	20	0	0	1	20	1701	1682	7.4	37.4
Query_46193	XM_040701185.1	100.000	20	0	0	1	20	1701	1682	7.4	37.4
Query_46193	XM_015286472.3	100.000	20	0	0	1	20	1621	1602	7.4	37.4
Query_46193	XM_015286470.3	100.000	20	0	0	1	20	1701	1682	7.4	37.4
Query_46193	XM_015286469.3	100.000	20	0	0	1	20	1621	1602	7.4	37.4
Query_46193	XM_015286468.3	100.000	20	0	0	1	20	1701	1682	7.4	37.4
Query_46193	XM_040630769.1	100.000	20	0	0	1	20	1696	1677	7.4	37.4
Query_46193	XM_040630768.1	100.000	20	0	0	1	20	1699	1680	7.4	37.4
Query_46193	XM_040630767.1	100.000	20	0	0	1	20	1693	1674	7.4	37.4
Query_46193	XM_040630766.1	100.000	20	0	0	1	20	1658	1639	7.4	37.4
Query_46193	XM_040630765.1	100.000	20	0	0	1	20	1696	1677	7.4	37.4
Query_46193	XM_040558580.1	100.000	20	0	0	1	20	1585	1566	7.4	37.4
Query_46193	XM_040558579.1	100.000	20	0	0	1	20	1707	1688	7.4	37.4
Query_46193	XM_040558578.1	100.000	20	0	0	1	20	1829	1810	7.4	37.4
Query_46193	XM_040558577.1	100.000	20	0	0	1	20	1707	1688	7.4	37.4
Query_46193	XM_040558576.1	100.000	20	0	0	1	20	1829	1810	7.4	37.4
Query_46193	XM_040456926.1	100.000	20	0	0	1	20	1676	1657	7.4	37.4
Query_46193	XM_040456925.1	100.000	20	0	0	1	20	1711	1692	7.4	37.4
Query_46193	XM_040456924.1	100.000	20	0	0	1	20	1676	1657	7.4	37.4
Query_46193	XM_040456923.1	100.000	20	0	0	1	20	1714	1695	7.4	37.4
Query_46193	XM_040456922.1	100.000	20	0	0	1	20	1714	1695	7.4	37.4
Query_46193	XM_040284773.1	100.000	20	0	0	1	20	834	815	7.4	37.4
Query_46193	XM_040284772.1	100.000	20	0	0	1	20	1595	1576	7.4	37.4
Query_46193	XM_040236793.1	100.000	20	0	0	1	20	1566	1547	7.4	37.4
Query_46193	XM_040234652.1	100.000	20	0	0	1	20	1566	1547	7.4	37.4
Query_46193	XM_040066252.1	100.000	20	0	0	1	20	1709	1690	7.4	37.4
Query_46193	XM_039748220.1	100.000	20	0	0	1	20	2139	2120	7.4	37.4
Query_46193	XM_039748211.1	100.000	20	0	0	1	20	2211	2192	7.4	37.4
Query_46193	XM_039748202.1	100.000	20	0	0	1	20	2139	2120	7.4	37.4
Query_46193	XM_039748193.1	100.000	20	0	0	1	20	2211	2192	7.4	37.4
Query_46193	XM_039706965.1	100.000	20	0	0	1	20	1598	1579	7.4	37.4
Query_46193	XM_039706964.1	100.000	20	0	0	1	20	1598	1579	7.4	37.4
Query_46193	XM_039552162.1	100.000	20	0	0	1	20	1652	1633	7.4	37.4
Query_46193	XM_039552161.1	100.000	20	0	0	1	20	1724	1705	7.4	37.4
Query_46193	XM_039552160.1	100.000	20	0	0	1	20	1725	1706	7.4	37.4
Query_46193	XM_039552159.1	100.000	20	0	0	1	20	1725	1706	7.4	37.4
Query_46193	XM_039552158.1	100.000	20	0	0	1	20	1653	1634	7.4	37.4
Query_46193	XM_039552157.1	100.000	20	0	0	1	20	1725	1706	7.4	37.4
Query_46193	XM_039470498.1	100.000	20	0	0	1	20	1693	1674	7.4	37.4


