# blastn
# Iteration: 0
# Query: 
# RID: 9PRXKNB501N
# Database: nt
# Fields: query acc.ver, subject acc.ver, % identity, alignment length, mismatches, gap opens, q. start, q. end, s. start, s. end, evalue, bit score
# 70 hits found
Query_548245	XM_008951835.2	100.000	21	0	0	1	21	570	550	2.1	39.2
Query_548245	XM_003826427.2	100.000	21	0	0	1	21	217	197	2.1	39.2
Query_548245	XM_033203867.1	100.000	21	0	0	1	21	380	360	2.1	39.2
Query_548245	XR_004435622.1	100.000	21	0	0	1	21	304	284	2.1	39.2
Query_548245	XM_033203866.1	100.000	21	0	0	1	21	304	284	2.1	39.2
Query_548245	XM_032152921.1	100.000	21	0	0	1	21	580	560	2.1	39.2
Query_548245	XM_032152920.1	100.000	21	0	0	1	21	346	326	2.1	39.2
Query_548245	XM_026449505.2	100.000	21	0	0	1	21	531	511	2.1	39.2
Query_548245	XM_026449504.2	100.000	21	0	0	1	21	303	283	2.1	39.2
Query_548245	XM_003909852.4	100.000	21	0	0	1	21	210	190	2.1	39.2
Query_548245	XM_030918055.1	100.000	21	0	0	1	21	381	361	2.1	39.2
Query_548245	XM_010353396.2	100.000	21	0	0	1	21	276	256	2.1	39.2
Query_548245	XM_003275313.3	100.000	21	0	0	1	21	346	326	2.1	39.2
Query_548245	XM_015114154.2	100.000	21	0	0	1	21	580	560	2.1	39.2
Query_548245	XM_015114153.2	100.000	21	0	0	1	21	303	283	2.1	39.2
Query_548245	NM_004223.5	100.000	21	0	0	1	21	181	161	2.1	39.2
Query_548245	XM_025357070.1	100.000	21	0	0	1	21	208	188	2.1	39.2
Query_548245	XM_011766099.2	100.000	21	0	0	1	21	303	283	2.1	39.2
Query_548245	XM_009246345.2	100.000	21	0	0	1	21	575	555	2.1	39.2
Query_548245	XM_003777762.3	100.000	21	0	0	1	21	218	198	2.1	39.2
Query_548245	XM_009246344.2	100.000	21	0	0	1	21	382	362	2.1	39.2
Query_548245	LT736766.1	100.000	21	0	0	1	21	607	587	2.1	39.2
Query_548245	XM_004051168.2	100.000	21	0	0	1	21	577	557	2.1	39.2
Query_548245	XM_004051167.2	100.000	21	0	0	1	21	210	190	2.1	39.2
Query_548245	XM_017851370.1	100.000	21	0	0	1	21	303	283	2.1	39.2
Query_548245	XM_015434702.1	100.000	21	0	0	1	21	574	554	2.1	39.2
Query_548245	XR_001484888.1	100.000	21	0	0	1	21	1059	1039	2.1	39.2
Query_548245	XM_005577852.2	100.000	21	0	0	1	21	303	283	2.1	39.2
Query_548245	XM_003275314.3	100.000	21	0	0	1	21	574	554	2.1	39.2
Query_548245	XM_012092325.1	100.000	21	0	0	1	21	303	283	2.1	39.2
Query_548245	XM_011998681.1	100.000	21	0	0	1	21	308	288	2.1	39.2
Query_548245	XM_011998680.1	100.000	21	0	0	1	21	746	726	2.1	39.2
Query_548245	KJ892727.1	100.000	21	0	0	1	21	185	165	2.1	39.2
Query_548245	XM_007998290.2	100.000	21	0	0	1	21	215	195	2.1	39.2
Query_548245	NM_198183.3	100.000	21	0	0	1	21	180	160	2.1	39.2
Query_548245	CU689397.1	100.000	21	0	0	1	21	358	378	2.1	39.2
Query_548245	CU689396.1	100.000	21	0	0	1	21	136	116	2.1	39.2
Query_548245	AK315755.1	100.000	21	0	0	1	21	135	115	2.1	39.2
Query_548245	DQ894475.2	100.000	21	0	0	1	21	142	122	2.1	39.2
Query_548245	DQ891291.2	100.000	21	0	0	1	21	142	122	2.1	39.2
Query_548245	AK226165.1	100.000	21	0	0	1	21	270	250	2.1	39.2
Query_548245	BC071753.1	100.000	21	0	0	1	21	179	159	2.1	39.2
Query_548245	AK093462.1	100.000	21	0	0	1	21	529	509	2.1	39.2
Query_548245	CR457126.1	100.000	21	0	0	1	21	120	100	2.1	39.2
Query_548245	BC032491.1	100.000	21	0	0	1	21	216	196	2.1	39.2
Query_548245	AP002893.3	100.000	21	0	0	1	21	130837	130857	2.1	39.2
Query_548245	AJ243269.1	100.000	21	0	0	1	21	93	73	2.1	39.2
Query_548245	AF061736.1	100.000	21	0	0	1	21	167	147	2.1	39.2
Query_548245	AF031141.1	100.000	21	0	0	1	21	117	97	2.1	39.2
Query_548245	XM_004315553.3	100.000	20	0	0	2	21	276	257	7.5	37.4
Query_548245	XM_004264125.3	100.000	20	0	0	2	21	263	244	7.5	37.4
Query_548245	XM_030864377.1	100.000	20	0	0	2	21	301	282	7.5	37.4
Query_548245	XM_030864376.1	100.000	20	0	0	2	21	270	251	7.5	37.4
Query_548245	XM_022591951.2	100.000	20	0	0	2	21	255	236	7.5	37.4
Query_548245	XM_029209108.1	100.000	20	0	0	2	21	317	298	7.5	37.4
Query_548245	XM_029209107.1	100.000	20	0	0	2	21	323	304	7.5	37.4
Query_548245	XM_028500919.1	100.000	20	0	0	2	21	160	141	7.5	37.4
Query_548245	XM_027114667.1	100.000	20	0	0	2	21	269	250	7.5	37.4
Query_548245	XR_003621886.1	100.000	20	0	0	2	21	183	164	7.5	37.4
Query_548245	XM_028162428.1	100.000	20	0	0	2	21	183	164	7.5	37.4
Query_548245	XR_003621885.1	100.000	20	0	0	2	21	183	164	7.5	37.4
Query_548245	XM_028162426.1	100.000	20	0	0	2	21	183	164	7.5	37.4
Query_548245	XM_008947534.1	100.000	20	0	0	2	21	807	826	7.5	37.4
Query_548245	XM_007196459.1	100.000	20	0	0	2	21	183	164	7.5	37.4
Query_548245	XR_005021032.1	100.000	20	0	0	2	21	316	297	7.5	37.4
Query_548245	XR_005021031.1	100.000	20	0	0	2	21	316	297	7.5	37.4
Query_548245	XM_036862138.1	100.000	20	0	0	2	21	316	297	7.5	37.4
Query_548245	XR_005021030.1	100.000	20	0	0	2	21	316	297	7.5	37.4
Query_548245	XM_036862137.1	100.000	20	0	0	2	21	311	292	7.5	37.4
Query_548245	XM_036862135.1	100.000	20	0	0	2	21	316	297	7.5	37.4


