# blastn
# Iteration: 0
# Query: 
# RID: 6MSR55YK01R
# Database: nt
# Fields: query acc.ver, subject acc.ver, % identity, alignment length, mismatches, gap opens, q. start, q. end, s. start, s. end, evalue, bit score
# 60 hits found
Query_347333	XM_034962171.1	100.000	21	0	0	1	21	840	820	2.0	39.2
Query_347333	XM_008958732.2	100.000	21	0	0	1	21	1042	1022	2.0	39.2
Query_347333	XM_003833230.2	100.000	21	0	0	1	21	1013	993	2.0	39.2
Query_347333	XM_019029654.2	100.000	21	0	0	1	21	1102	1082	2.0	39.2
Query_347333	XM_031012164.1	100.000	21	0	0	1	21	932	912	2.0	39.2
Query_347333	XM_031012163.1	100.000	21	0	0	1	21	1075	1055	2.0	39.2
Query_347333	XM_019029653.2	100.000	21	0	0	1	21	1141	1121	2.0	39.2
Query_347333	XM_031012162.1	100.000	21	0	0	1	21	998	978	2.0	39.2
Query_347333	XM_030795985.1	100.000	21	0	0	1	21	953	933	2.0	39.2
Query_347333	XM_030795984.1	100.000	21	0	0	1	21	1044	1024	2.0	39.2
Query_347333	XM_030795983.1	100.000	21	0	0	1	21	1080	1060	2.0	39.2
Query_347333	XM_030795982.1	100.000	21	0	0	1	21	998	978	2.0	39.2
Query_347333	NM_018426.3	100.000	21	0	0	1	21	1004	984	2.0	39.2
Query_347333	XR_001743506.2	100.000	21	0	0	1	21	1384	1364	2.0	39.2
Query_347333	XM_024446482.1	100.000	21	0	0	1	21	1272	1252	2.0	39.2
Query_347333	XM_009451354.3	100.000	21	0	0	1	21	1076	1056	2.0	39.2
Query_347333	XM_016955600.2	100.000	21	0	0	1	21	1045	1025	2.0	39.2
Query_347333	XM_016955605.2	100.000	21	0	0	1	21	1225	1205	2.0	39.2
Query_347333	XM_024357229.1	100.000	21	0	0	1	21	942	922	2.0	39.2
Query_347333	XM_016955604.2	100.000	21	0	0	1	21	1055	1035	2.0	39.2
Query_347333	XM_016955603.2	100.000	21	0	0	1	21	1265	1245	2.0	39.2
Query_347333	XM_016955602.2	100.000	21	0	0	1	21	998	978	2.0	39.2
Query_347333	XM_016955601.2	100.000	21	0	0	1	21	1334	1314	2.0	39.2
Query_347333	XM_024248597.1	100.000	21	0	0	1	21	1072	1052	2.0	39.2
Query_347333	XM_024248596.1	100.000	21	0	0	1	21	913	893	2.0	39.2
Query_347333	XM_024248595.1	100.000	21	0	0	1	21	1075	1055	2.0	39.2
Query_347333	XM_024248594.1	100.000	21	0	0	1	21	1356	1336	2.0	39.2
Query_347333	XM_024248593.1	100.000	21	0	0	1	21	996	976	2.0	39.2
Query_347333	XM_017011002.1	100.000	21	0	0	1	21	1045	1025	2.0	39.2
Query_347333	XM_017011001.1	100.000	21	0	0	1	21	942	922	2.0	39.2
Query_347333	XM_005249215.4	100.000	21	0	0	1	21	1203	1183	2.0	39.2
Query_347333	XM_005249214.4	100.000	21	0	0	1	21	898	878	2.0	39.2
Query_347333	XM_017011000.1	100.000	21	0	0	1	21	1242	1222	2.0	39.2
Query_347333	XM_005249213.4	100.000	21	0	0	1	21	1311	1291	2.0	39.2
Query_347333	XM_017010999.1	100.000	21	0	0	1	21	1261	1241	2.0	39.2
Query_347333	XM_005249211.3	100.000	21	0	0	1	21	1384	1364	2.0	39.2
Query_347333	NM_001318792.1	100.000	21	0	0	1	21	1038	1018	2.0	39.2
Query_347333	XM_006715135.1	100.000	21	0	0	1	21	1060	1040	2.0	39.2
Query_347333	XM_005249217.1	100.000	21	0	0	1	21	1076	1056	2.0	39.2
Query_347333	XM_037013714.1	100.000	21	0	0	1	21	840	820	2.0	39.2
Query_347333	XM_037013669.1	100.000	21	0	0	1	21	900	880	2.0	39.2
Query_347333	XM_017676271.2	100.000	21	0	0	1	21	1133	1113	2.0	39.2
Query_347333	XM_017676270.2	100.000	21	0	0	1	21	991	971	2.0	39.2
Query_347333	XM_017676269.2	100.000	21	0	0	1	21	1027	1007	2.0	39.2
Query_347333	XM_036927364.1	100.000	21	0	0	1	21	840	820	2.0	39.2
Query_347333	XM_036927362.1	100.000	21	0	0	1	21	898	878	2.0	39.2
Query_347333	XM_036927361.1	100.000	21	0	0	1	21	992	972	2.0	39.2
Query_347333	XM_036927360.1	100.000	21	0	0	1	21	1122	1102	2.0	39.2
Query_347333	XM_036927359.1	100.000	21	0	0	1	21	1025	1005	2.0	39.2
Query_347333	AB587502.1	100.000	21	0	0	1	21	864	844	2.0	39.2
Query_347333	BC136769.1	100.000	21	0	0	1	21	880	860	2.0	39.2
Query_347333	AK093629.1	100.000	21	0	0	1	21	1060	1040	2.0	39.2
Query_347333	BC022095.1	100.000	21	0	0	1	21	641	621	2.0	39.2
Query_347333	AL365192.22	100.000	21	0	0	1	21	27200	27180	2.0	39.2
Query_347333	CR627460.1	100.000	21	0	0	1	21	1041	1021	2.0	39.2
Query_347333	AL834238.1	100.000	21	0	0	1	21	302	282	2.0	39.2
Query_347333	BC093086.1	100.000	21	0	0	1	21	685	665	2.0	39.2
Query_347333	XM_032141775.1	100.000	20	0	0	2	21	952	933	7.1	37.4
Query_347333	XM_032141774.1	100.000	20	0	0	2	21	1079	1060	7.1	37.4
Query_347333	XM_032141773.1	100.000	20	0	0	2	21	997	978	7.1	37.4


