# blastn
# Iteration: 0
# Query: 
# RID: 7PTCJ17801R
# Database: nt
# Fields: query acc.ver, subject acc.ver, % identity, alignment length, mismatches, gap opens, q. start, q. end, s. start, s. end, evalue, bit score
# 100 hits found
Query_165297	XM_008966038.2	100.000	21	0	0	1	21	565	545	2.1	39.2
Query_165297	XM_003813487.3	100.000	21	0	0	1	21	562	542	2.1	39.2
Query_165297	XR_004644886.1	100.000	21	0	0	1	21	402	382	2.1	39.2
Query_165297	XM_034763868.1	100.000	21	0	0	1	21	402	382	2.1	39.2
Query_165297	XM_011230345.3	100.000	21	0	0	1	21	590	570	2.1	39.2
Query_165297	XM_005141442.3	100.000	21	0	0	1	21	440	420	2.1	39.2
Query_165297	XM_019924064.2	100.000	21	0	0	1	21	570	550	2.1	39.2
Query_165297	XM_040471984.1	100.000	21	0	0	1	21	597	577	2.1	39.2
Query_165297	XM_040471983.1	100.000	21	0	0	1	21	640	620	2.1	39.2
Query_165297	XM_040471982.1	100.000	21	0	0	1	21	595	575	2.1	39.2
Query_165297	XM_040471981.1	100.000	21	0	0	1	21	196	176	2.1	39.2
Query_165297	XM_040471980.1	100.000	21	0	0	1	21	638	618	2.1	39.2
Query_165297	XM_040413440.1	100.000	21	0	0	1	21	509	489	2.1	39.2
Query_165297	XM_040343255.1	100.000	21	0	0	1	21	472	452	2.1	39.2
Query_165297	XM_029074221.2	100.000	21	0	0	1	21	217	197	2.1	39.2
Query_165297	XM_039760994.1	100.000	21	0	0	1	21	355	335	2.1	39.2
Query_165297	XM_039570994.1	100.000	21	0	0	1	21	351	331	2.1	39.2
Query_165297	XR_005592631.1	100.000	21	0	0	1	21	403	383	2.1	39.2
Query_165297	XM_039519883.1	100.000	21	0	0	1	21	403	383	2.1	39.2
Query_165297	XM_003921004.3	100.000	21	0	0	1	21	565	545	2.1	39.2
Query_165297	XM_038686155.1	100.000	21	0	0	1	21	585	565	2.1	39.2
Query_165297	XM_038686154.1	100.000	21	0	0	1	21	600	580	2.1	39.2
Query_165297	XM_038686153.1	100.000	21	0	0	1	21	583	563	2.1	39.2
Query_165297	XM_038686152.1	100.000	21	0	0	1	21	228	208	2.1	39.2
Query_165297	XM_038686151.1	100.000	21	0	0	1	21	576	556	2.1	39.2
Query_165297	XM_038433990.1	100.000	21	0	0	1	21	585	565	2.1	39.2
Query_165297	XM_022427233.2	100.000	21	0	0	1	21	600	580	2.1	39.2
Query_165297	XM_005628390.4	100.000	21	0	0	1	21	583	563	2.1	39.2
Query_165297	XM_022427231.2	100.000	21	0	0	1	21	228	208	2.1	39.2
Query_165297	XM_852326.6	100.000	21	0	0	1	21	576	556	2.1	39.2
Query_165297	XM_038752153.1	100.000	21	0	0	1	21	323	303	2.1	39.2
Query_165297	XM_038422730.1	100.000	21	0	0	1	21	504	484	2.1	39.2
Query_165297	XR_005295730.1	100.000	21	0	0	1	21	391	371	2.1	39.2
Query_165297	XM_038422516.1	100.000	21	0	0	1	21	391	371	2.1	39.2
Query_165297	XM_038318476.1	100.000	21	0	0	1	21	531	511	2.1	39.2
Query_165297	XM_007982899.2	100.000	21	0	0	1	21	572	552	2.1	39.2
Query_165297	XM_037889413.1	100.000	21	0	0	1	21	124	104	2.1	39.2
Query_165297	XR_005223828.1	100.000	21	0	0	1	21	405	385	2.1	39.2
Query_165297	XM_037889412.1	100.000	21	0	0	1	21	405	385	2.1	39.2
Query_165297	XM_037836169.1	100.000	21	0	0	1	21	1048	1028	2.1	39.2
Query_165297	XM_037836168.1	100.000	21	0	0	1	21	587	567	2.1	39.2
Query_165297	XM_037836167.1	100.000	21	0	0	1	21	587	567	2.1	39.2
Query_165297	XM_037836166.1	100.000	21	0	0	1	21	684	664	2.1	39.2
Query_165297	XM_017532568.2	100.000	21	0	0	1	21	150	130	2.1	39.2
Query_165297	XM_017532567.2	100.000	21	0	0	1	21	565	545	2.1	39.2
Query_165297	XM_017532566.2	100.000	21	0	0	1	21	563	543	2.1	39.2
Query_165297	XM_037695970.1	100.000	21	0	0	1	21	335	315	2.1	39.2
Query_165297	XM_017710691.2	100.000	21	0	0	1	21	402	382	2.1	39.2
Query_165297	XM_037513116.1	100.000	21	0	0	1	21	340	320	2.1	39.2
Query_165297	XM_037513112.1	100.000	21	0	0	1	21	884	864	2.1	39.2
Query_165297	XM_037513104.1	100.000	21	0	0	1	21	150	130	2.1	39.2
Query_165297	XM_037513099.1	100.000	21	0	0	1	21	234	214	2.1	39.2
Query_165297	XM_037513092.1	100.000	21	0	0	1	21	234	214	2.1	39.2
Query_165297	XM_037388373.1	100.000	21	0	0	1	21	188	168	2.1	39.2
Query_165297	XM_037388370.1	100.000	21	0	0	1	21	188	168	2.1	39.2
Query_165297	XM_028866184.2	100.000	21	0	0	1	21	166	146	2.1	39.2
Query_165297	XM_028866182.2	100.000	21	0	0	1	21	166	146	2.1	39.2
Query_165297	XM_037165819.1	100.000	21	0	0	1	21	130	110	2.1	39.2
Query_165297	XM_037165818.1	100.000	21	0	0	1	21	589	569	2.1	39.2
Query_165297	XM_037019485.1	100.000	21	0	0	1	21	127	107	2.1	39.2
Query_165297	XM_036909040.1	100.000	21	0	0	1	21	597	577	2.1	39.2
Query_165297	XM_036759303.1	100.000	21	0	0	1	21	241	221	2.1	39.2
Query_165297	XM_036577079.1	100.000	21	0	0	1	21	102	82	2.1	39.2
Query_165297	XM_036577078.1	100.000	21	0	0	1	21	391	371	2.1	39.2
Query_165297	XM_036246610.1	100.000	21	0	0	1	21	228	208	2.1	39.2
Query_165297	XM_036246609.1	100.000	21	0	0	1	21	131	111	2.1	39.2
Query_165297	XM_036246606.1	100.000	21	0	0	1	21	238	218	2.1	39.2
Query_165297	XM_036246605.1	100.000	21	0	0	1	21	199	179	2.1	39.2
Query_165297	XM_036246603.1	100.000	21	0	0	1	21	121	101	2.1	39.2
Query_165297	XM_036246602.1	100.000	21	0	0	1	21	127	107	2.1	39.2
Query_165297	XM_036246601.1	100.000	21	0	0	1	21	145	125	2.1	39.2
Query_165297	XM_036246600.1	100.000	21	0	0	1	21	199	179	2.1	39.2
Query_165297	XM_036181345.1	100.000	21	0	0	1	21	608	588	2.1	39.2
Query_165297	XM_036181344.1	100.000	21	0	0	1	21	608	588	2.1	39.2
Query_165297	XM_036101281.1	100.000	21	0	0	1	21	89	69	2.1	39.2
Query_165297	XM_036101280.1	100.000	21	0	0	1	21	599	579	2.1	39.2
Query_165297	XM_036101279.1	100.000	21	0	0	1	21	599	579	2.1	39.2
Query_165297	XM_036101278.1	100.000	21	0	0	1	21	544	524	2.1	39.2
Query_165297	XM_036101277.1	100.000	21	0	0	1	21	596	576	2.1	39.2
Query_165297	XM_028525334.2	100.000	21	0	0	1	21	595	575	2.1	39.2
Query_165297	XM_028525332.2	100.000	21	0	0	1	21	594	574	2.1	39.2
Query_165297	XM_025471634.2	100.000	21	0	0	1	21	55	35	2.1	39.2
Query_165297	XM_025471633.2	100.000	21	0	0	1	21	55	35	2.1	39.2
Query_165297	XM_025471632.2	100.000	21	0	0	1	21	600	580	2.1	39.2
Query_165297	XM_025471631.2	100.000	21	0	0	1	21	583	563	2.1	39.2
Query_165297	XM_025471630.2	100.000	21	0	0	1	21	263	243	2.1	39.2
Query_165297	XM_025471629.2	100.000	21	0	0	1	21	576	556	2.1	39.2
Query_165297	XM_035571256.1	100.000	21	0	0	1	21	155	135	2.1	39.2
Query_165297	XM_035571255.1	100.000	21	0	0	1	21	348	328	2.1	39.2
Query_165297	XM_035571254.1	100.000	21	0	0	1	21	188	168	2.1	39.2
Query_165297	XM_035571253.1	100.000	21	0	0	1	21	351	331	2.1	39.2
Query_165297	XM_035571252.1	100.000	21	0	0	1	21	717	697	2.1	39.2
Query_165297	XM_035520695.1	100.000	21	0	0	1	21	351	331	2.1	39.2
Query_165297	XM_027391395.2	100.000	21	0	0	1	21	660	640	2.1	39.2
Query_165297	XM_027391394.2	100.000	21	0	0	1	21	360	340	2.1	39.2
Query_165297	XM_035441534.1	100.000	21	0	0	1	21	89	69	2.1	39.2
Query_165297	XM_035254744.1	100.000	21	0	0	1	21	154	134	2.1	39.2
Query_165297	XM_035254743.1	100.000	21	0	0	1	21	580	560	2.1	39.2
Query_165297	XM_035254741.1	100.000	21	0	0	1	21	576	556	2.1	39.2
Query_165297	XM_002756944.5	100.000	21	0	0	1	21	526	506	2.1	39.2


