# blastn
# Iteration: 0
# Query: 
# RID: 9VXZF9UK01N
# Database: nt
# Fields: query acc.ver, subject acc.ver, % identity, alignment length, mismatches, gap opens, q. start, q. end, s. start, s. end, evalue, bit score
# 100 hits found
Query_11919	XM_034986442.1	100.000	21	0	0	1	21	642	622	2.1	39.2
Query_11919	XM_034945734.1	100.000	21	0	0	1	21	565	545	2.1	39.2
Query_11919	AP023166.1	100.000	21	0	0	1	21	5448355	5448375	2.1	39.2
Query_11919	XM_011234637.3	100.000	21	0	0	1	21	293	273	2.1	39.2
Query_11919	XM_034492571.1	100.000	21	0	0	1	21	856	836	2.1	39.2
Query_11919	XM_033844831.1	100.000	21	0	0	1	21	854	834	2.1	39.2
Query_11919	XM_004283250.2	100.000	21	0	0	1	21	854	834	2.1	39.2
Query_11919	XM_033224775.1	100.000	21	0	0	1	21	910	890	2.1	39.2
Query_11919	XM_033127806.1	100.000	21	0	0	1	21	845	825	2.1	39.2
Query_11919	XM_032894453.1	100.000	21	0	0	1	21	910	890	2.1	39.2
Query_11919	XM_032614966.1	100.000	21	0	0	1	21	854	834	2.1	39.2
Query_11919	XM_032487481.1	100.000	21	0	0	1	21	854	834	2.1	39.2
Query_11919	XM_014564844.2	100.000	21	0	0	1	21	374	354	2.1	39.2
Query_11919	XM_032388640.1	100.000	21	0	0	1	21	983	963	2.1	39.2
Query_11919	XM_032324808.1	100.000	21	0	0	1	21	794	774	2.1	39.2
Query_11919	XM_023197562.3	100.000	21	0	0	1	21	906	886	2.1	39.2
Query_11919	NM_001194143.2	100.000	21	0	0	1	21	988	968	2.1	39.2
Query_11919	LR738628.1	100.000	21	0	0	1	21	74931378	74931398	2.1	39.2
Query_11919	LR738606.1	100.000	21	0	0	1	21	66406579	66406559	2.1	39.2
Query_11919	XM_031659367.1	100.000	21	0	0	1	21	979	959	2.1	39.2
Query_11919	XM_010989212.2	100.000	21	0	0	1	21	847	827	2.1	39.2
Query_11919	XM_031457488.1	100.000	21	0	0	1	21	782	762	2.1	39.2
Query_11919	XM_031385385.1	100.000	21	0	0	1	21	509	489	2.1	39.2
Query_11919	XM_031385384.1	100.000	21	0	0	1	21	819	799	2.1	39.2
Query_11919	XM_006747778.2	100.000	21	0	0	1	21	883	863	2.1	39.2
Query_11919	XM_004061618.3	100.000	21	0	0	1	21	917	897	2.1	39.2
Query_11919	XM_010361181.2	100.000	21	0	0	1	21	884	864	2.1	39.2
Query_11919	XM_030848376.1	100.000	21	0	0	1	21	854	834	2.1	39.2
Query_11919	XM_022564888.2	100.000	21	0	0	1	21	875	855	2.1	39.2
Query_11919	XM_030297580.1	100.000	21	0	0	1	21	400	380	2.1	39.2
Query_11919	XM_029926448.1	100.000	21	0	0	1	21	378	358	2.1	39.2
Query_11919	XM_021219106.2	100.000	21	0	0	1	21	582	562	2.1	39.2
Query_11919	XM_021165994.2	100.000	21	0	0	1	21	586	566	2.1	39.2
Query_11919	XM_029240889.1	100.000	21	0	0	1	21	917	897	2.1	39.2
Query_11919	NM_003969.4	100.000	21	0	0	1	21	568	548	2.1	39.2
Query_11919	XM_028781890.1	100.000	21	0	0	1	21	910	890	2.1	39.2
Query_11919	AC279022.1	100.000	21	0	0	1	21	49788	49808	2.1	39.2
Query_11919	XM_007123110.3	100.000	21	0	0	1	21	909	889	2.1	39.2
Query_11919	XM_027097413.1	100.000	21	0	0	1	21	917	897	2.1	39.2
Query_11919	XM_027037588.1	100.000	21	0	0	1	21	428	408	2.1	39.2
Query_11919	XM_013351477.2	100.000	21	0	0	1	21	537	517	2.1	39.2
Query_11919	XM_026489448.1	100.000	21	0	0	1	21	395	375	2.1	39.2
Query_11919	XM_028093366.1	100.000	21	0	0	1	21	597	577	2.1	39.2
Query_11919	XM_027978947.1	100.000	21	0	0	1	21	387	367	2.1	39.2
Query_11919	XM_027978946.1	100.000	21	0	0	1	21	422	402	2.1	39.2
Query_11919	XM_027978945.1	100.000	21	0	0	1	21	387	367	2.1	39.2
Query_11919	XM_027921197.1	100.000	21	0	0	1	21	931	911	2.1	39.2
Query_11919	CP034522.1	100.000	21	0	0	1	21	59008063	59008083	2.1	39.2
Query_11919	CP034497.1	100.000	21	0	0	1	21	59008063	59008083	2.1	39.2
Query_11919	CP034494.1	100.000	21	0	0	1	21	34344276	34344296	2.1	39.2
Query_11919	XM_027619724.1	100.000	21	0	0	1	21	597	577	2.1	39.2
Query_11919	XM_027514594.1	100.000	21	0	0	1	21	901	881	2.1	39.2
Query_11919	XM_025849383.1	100.000	21	0	0	1	21	597	577	2.1	39.2
Query_11919	XM_025848705.1	100.000	21	0	0	1	21	597	577	2.1	39.2
Query_11919	XM_025367066.1	100.000	21	0	0	1	21	1180	1160	2.1	39.2
Query_11919	XM_025367065.1	100.000	21	0	0	1	21	1180	1160	2.1	39.2
Query_11919	XM_025270420.1	100.000	21	0	0	1	21	442	422	2.1	39.2
Query_11919	XM_006067295.2	100.000	21	0	0	1	21	424	404	2.1	39.2
Query_11919	XM_015458446.2	100.000	21	0	0	1	21	901	881	2.1	39.2
Query_11919	XM_011751675.2	100.000	21	0	0	1	21	989	969	2.1	39.2
Query_11919	XM_024740917.1	100.000	21	0	0	1	21	338	318	2.1	39.2
Query_11919	XM_024570231.1	100.000	21	0	0	1	21	383	363	2.1	39.2
Query_11919	XM_016937020.2	100.000	21	0	0	1	21	1023	1003	2.1	39.2
Query_11919	XM_024237018.1	100.000	21	0	0	1	21	933	913	2.1	39.2
Query_11919	XM_023768454.1	100.000	21	0	0	1	21	335	315	2.1	39.2
Query_11919	XM_006103382.3	100.000	21	0	0	1	21	524	504	2.1	39.2
Query_11919	XM_004647742.3	100.000	21	0	0	1	21	487	467	2.1	39.2
Query_11919	XM_001495644.6	100.000	21	0	0	1	21	915	895	2.1	39.2
Query_11919	XM_011384637.2	100.000	21	0	0	1	21	902	882	2.1	39.2
Query_11919	XM_003467189.4	100.000	21	0	0	1	21	1477	1457	2.1	39.2
Query_11919	CP068259.2	100.000	21	0	0	1	21	61654373	61654393	2.1	39.2
Query_11919	CP068262.2	100.000	21	0	0	1	21	38959052	38959032	2.1	39.2
Query_11919	XM_040978181.1	100.000	21	0	0	1	21	593	573	2.1	39.2
Query_11919	XM_005087951.4	100.000	21	0	0	1	21	439	419	2.1	39.2
Query_11919	XM_040632897.1	100.000	21	0	0	1	21	388	368	2.1	39.2
Query_11919	XM_040465311.1	100.000	21	0	0	1	21	421	401	2.1	39.2
Query_11919	XM_040251831.1	100.000	21	0	0	1	21	420	400	2.1	39.2
Query_11919	XM_040251830.1	100.000	21	0	0	1	21	859	839	2.1	39.2
Query_11919	XM_040251829.1	100.000	21	0	0	1	21	859	839	2.1	39.2
Query_11919	XM_039868785.1	100.000	21	0	0	1	21	898	878	2.1	39.2
Query_11919	XM_039225255.1	100.000	21	0	0	1	21	888	868	2.1	39.2
Query_11919	XM_038338840.1	100.000	21	0	0	1	21	902	882	2.1	39.2
Query_11919	XM_007998466.2	100.000	21	0	0	1	21	1092	1072	2.1	39.2
Query_11919	XM_037517301.1	100.000	21	0	0	1	21	440	420	2.1	39.2
Query_11919	XM_028884903.2	100.000	21	0	0	1	21	587	567	2.1	39.2
Query_11919	XM_037148485.1	100.000	21	0	0	1	21	516	496	2.1	39.2
Query_11919	XM_037047667.1	100.000	21	0	0	1	21	434	414	2.1	39.2
Query_11919	XM_017678136.2	100.000	21	0	0	1	21	384	364	2.1	39.2
Query_11919	XM_036901378.1	100.000	21	0	0	1	21	1378	1358	2.1	39.2
Query_11919	XM_036426083.1	100.000	21	0	0	1	21	546	526	2.1	39.2
Query_11919	XM_036311451.1	100.000	21	0	0	1	21	896	876	2.1	39.2
Query_11919	XM_036273895.1	100.000	21	0	0	1	21	546	526	2.1	39.2
Query_11919	XM_016125757.2	100.000	21	0	0	1	21	573	553	2.1	39.2
Query_11919	AP023487.1	100.000	21	0	0	1	21	318859	318879	2.1	39.2
Query_11919	AP023479.1	100.000	21	0	0	1	21	59039503	59039523	2.1	39.2
Query_11919	XM_036168406.1	100.000	21	0	0	1	21	612	592	2.1	39.2
Query_11919	XM_036079788.1	100.000	21	0	0	1	21	597	577	2.1	39.2
Query_11919	XM_028530497.2	100.000	21	0	0	1	21	480	460	2.1	39.2
Query_11919	AC280253.1	100.000	21	0	0	1	21	157991	158011	2.1	39.2
Query_11919	XM_017967523.2	100.000	21	0	0	1	21	1171	1151	2.1	39.2


