# blastn
# Iteration: 0
# Query: 
# RID: 7PTJXN6V016
# Database: nt
# Fields: query acc.ver, subject acc.ver, % identity, alignment length, mismatches, gap opens, q. start, q. end, s. start, s. end, evalue, bit score
# 100 hits found
Query_45481	LR812500.1	100.000	21	0	0	1	21	44309664	44309684	2.1	39.2
Query_45481	LR812066.1	100.000	21	0	0	1	21	15563181	15563161	2.1	39.2
Query_45481	XM_035021103.1	100.000	21	0	0	1	21	575	555	2.1	39.2
Query_45481	XM_035021102.1	100.000	21	0	0	1	21	572	552	2.1	39.2
Query_45481	XM_034026165.2	100.000	21	0	0	1	21	340	320	2.1	39.2
Query_45481	XM_008966038.2	100.000	21	0	0	1	21	547	527	2.1	39.2
Query_45481	XM_003813487.3	100.000	21	0	0	1	21	544	524	2.1	39.2
Query_45481	XR_004644886.1	100.000	21	0	0	1	21	384	364	2.1	39.2
Query_45481	XM_034763868.1	100.000	21	0	0	1	21	384	364	2.1	39.2
Query_45481	XM_011230345.3	100.000	21	0	0	1	21	572	552	2.1	39.2
Query_45481	XM_034407109.1	100.000	21	0	0	1	21	192	172	2.1	39.2
Query_45481	XM_026943453.2	100.000	21	0	0	1	21	323	303	2.1	39.2
Query_45481	XM_034032231.1	100.000	21	0	0	1	21	332	312	2.1	39.2
Query_45481	XM_040471984.1	100.000	21	0	0	1	21	579	559	2.1	39.2
Query_45481	XM_040471983.1	100.000	21	0	0	1	21	622	602	2.1	39.2
Query_45481	XM_040471982.1	100.000	21	0	0	1	21	577	557	2.1	39.2
Query_45481	XM_040471981.1	100.000	21	0	0	1	21	178	158	2.1	39.2
Query_45481	XM_040471980.1	100.000	21	0	0	1	21	620	600	2.1	39.2
Query_45481	XM_040343255.1	100.000	21	0	0	1	21	454	434	2.1	39.2
Query_45481	XM_021730377.2	100.000	21	0	0	1	21	595	575	2.1	39.2
Query_45481	XM_005331109.4	100.000	21	0	0	1	21	590	570	2.1	39.2
Query_45481	XM_040259624.1	100.000	21	0	0	1	21	171	151	2.1	39.2
Query_45481	XM_040259623.1	100.000	21	0	0	1	21	194	174	2.1	39.2
Query_45481	XM_040259622.1	100.000	21	0	0	1	21	570	550	2.1	39.2
Query_45481	XM_029074221.2	100.000	21	0	0	1	21	199	179	2.1	39.2
Query_45481	XM_039860867.1	100.000	21	0	0	1	21	248	228	2.1	39.2
Query_45481	XM_039860866.1	100.000	21	0	0	1	21	574	554	2.1	39.2
Query_45481	XM_039860865.1	100.000	21	0	0	1	21	572	552	2.1	39.2
Query_45481	XM_039760994.1	100.000	21	0	0	1	21	337	317	2.1	39.2
Query_45481	XM_039668075.1	100.000	21	0	0	1	21	342	322	2.1	39.2
Query_45481	XR_005592631.1	100.000	21	0	0	1	21	385	365	2.1	39.2
Query_45481	XM_039519883.1	100.000	21	0	0	1	21	385	365	2.1	39.2
Query_45481	XM_003921004.3	100.000	21	0	0	1	21	547	527	2.1	39.2
Query_45481	XM_039345733.1	100.000	21	0	0	1	21	262	242	2.1	39.2
Query_45481	XM_039242784.1	100.000	21	0	0	1	21	562	542	2.1	39.2
Query_45481	XM_039242778.1	100.000	21	0	0	1	21	561	541	2.1	39.2
Query_45481	XM_038752153.1	100.000	21	0	0	1	21	305	285	2.1	39.2
Query_45481	XM_038422730.1	100.000	21	0	0	1	21	486	466	2.1	39.2
Query_45481	XR_005295730.1	100.000	21	0	0	1	21	373	353	2.1	39.2
Query_45481	XM_038422516.1	100.000	21	0	0	1	21	373	353	2.1	39.2
Query_45481	XM_038289380.1	100.000	21	0	0	1	21	375	355	2.1	39.2
Query_45481	XM_007982899.2	100.000	21	0	0	1	21	554	534	2.1	39.2
Query_45481	XM_017414869.3	100.000	21	0	0	1	21	339	319	2.1	39.2
Query_45481	XM_037889413.1	100.000	21	0	0	1	21	106	86	2.1	39.2
Query_45481	XR_005223828.1	100.000	21	0	0	1	21	387	367	2.1	39.2
Query_45481	XM_037889412.1	100.000	21	0	0	1	21	387	367	2.1	39.2
Query_45481	XM_017532568.2	100.000	21	0	0	1	21	132	112	2.1	39.2
Query_45481	XM_017532567.2	100.000	21	0	0	1	21	547	527	2.1	39.2
Query_45481	XM_017532566.2	100.000	21	0	0	1	21	545	525	2.1	39.2
Query_45481	XM_037695970.1	100.000	21	0	0	1	21	317	297	2.1	39.2
Query_45481	XM_017710691.2	100.000	21	0	0	1	21	384	364	2.1	39.2
Query_45481	XM_037513116.1	100.000	21	0	0	1	21	322	302	2.1	39.2
Query_45481	XM_037513112.1	100.000	21	0	0	1	21	866	846	2.1	39.2
Query_45481	XM_037513104.1	100.000	21	0	0	1	21	132	112	2.1	39.2
Query_45481	XM_037513099.1	100.000	21	0	0	1	21	216	196	2.1	39.2
Query_45481	XM_037513092.1	100.000	21	0	0	1	21	216	196	2.1	39.2
Query_45481	XM_037165819.1	100.000	21	0	0	1	21	112	92	2.1	39.2
Query_45481	XM_037165818.1	100.000	21	0	0	1	21	571	551	2.1	39.2
Query_45481	XM_037049208.1	100.000	21	0	0	1	21	102	82	2.1	39.2
Query_45481	XM_037049207.1	100.000	21	0	0	1	21	576	556	2.1	39.2
Query_45481	XM_037049206.1	100.000	21	0	0	1	21	109	89	2.1	39.2
Query_45481	XM_037049205.1	100.000	21	0	0	1	21	576	556	2.1	39.2
Query_45481	XM_037019485.1	100.000	21	0	0	1	21	109	89	2.1	39.2
Query_45481	XM_036909040.1	100.000	21	0	0	1	21	579	559	2.1	39.2
Query_45481	XM_036862830.1	100.000	21	0	0	1	21	447	427	2.1	39.2
Query_45481	XM_036759303.1	100.000	21	0	0	1	21	223	203	2.1	39.2
Query_45481	XM_036577079.1	100.000	21	0	0	1	21	84	64	2.1	39.2
Query_45481	XM_036577078.1	100.000	21	0	0	1	21	373	353	2.1	39.2
Query_45481	XM_036517921.1	100.000	21	0	0	1	21	321	301	2.1	39.2
Query_45481	XM_004592531.3	100.000	21	0	0	1	21	124	104	2.1	39.2
Query_45481	XM_036328704.1	100.000	21	0	0	1	21	133	113	2.1	39.2
Query_45481	XM_036328703.1	100.000	21	0	0	1	21	133	113	2.1	39.2
Query_45481	XM_036328702.1	100.000	21	0	0	1	21	476	456	2.1	39.2
Query_45481	XM_036328701.1	100.000	21	0	0	1	21	175	155	2.1	39.2
Query_45481	XM_036328700.1	100.000	21	0	0	1	21	100	80	2.1	39.2
Query_45481	XM_036328699.1	100.000	21	0	0	1	21	469	449	2.1	39.2
Query_45481	XM_036328698.1	100.000	21	0	0	1	21	175	155	2.1	39.2
Query_45481	XM_016148712.2	100.000	21	0	0	1	21	567	547	2.1	39.2
Query_45481	XM_016148711.2	100.000	21	0	0	1	21	566	546	2.1	39.2
Query_45481	XM_036149315.1	100.000	21	0	0	1	21	383	363	2.1	39.2
Query_45481	XM_036101281.1	100.000	21	0	0	1	21	71	51	2.1	39.2
Query_45481	XM_036101280.1	100.000	21	0	0	1	21	581	561	2.1	39.2
Query_45481	XM_036101279.1	100.000	21	0	0	1	21	581	561	2.1	39.2
Query_45481	XM_036101278.1	100.000	21	0	0	1	21	526	506	2.1	39.2
Query_45481	XM_036101277.1	100.000	21	0	0	1	21	578	558	2.1	39.2
Query_45481	XM_028525334.2	100.000	21	0	0	1	21	577	557	2.1	39.2
Query_45481	XM_028525332.2	100.000	21	0	0	1	21	576	556	2.1	39.2
Query_45481	XM_027573206.2	100.000	21	0	0	1	21	565	545	2.1	39.2
Query_45481	XM_027573203.2	100.000	21	0	0	1	21	565	545	2.1	39.2
Query_45481	LR862366.1	100.000	21	0	0	1	21	17525164	17525184	2.1	39.2
Query_45481	XM_035520695.1	100.000	21	0	0	1	21	333	313	2.1	39.2
Query_45481	XM_035254744.1	100.000	21	0	0	1	21	136	116	2.1	39.2
Query_45481	XM_035254743.1	100.000	21	0	0	1	21	562	542	2.1	39.2
Query_45481	XM_035254741.1	100.000	21	0	0	1	21	558	538	2.1	39.2
Query_45481	XM_002756944.5	100.000	21	0	0	1	21	508	488	2.1	39.2
Query_45481	LR812041.1	100.000	21	0	0	1	21	15625517	15625497	2.1	39.2
Query_45481	LR812597.1	100.000	21	0	0	1	21	14480155	14480135	2.1	39.2
Query_45481	LR812572.1	100.000	21	0	0	1	21	15103595	15103575	2.1	39.2
Query_45481	LR812547.1	100.000	21	0	0	1	21	14791062	14791042	2.1	39.2
Query_45481	LR812522.1	100.000	21	0	0	1	21	18508132	18508112	2.1	39.2


