# blastn
# Iteration: 0
# Query: 
# RID: 7PYHE54P016
# Database: nt
# Fields: query acc.ver, subject acc.ver, % identity, alignment length, mismatches, gap opens, q. start, q. end, s. start, s. end, evalue, bit score
# 103 hits found
Query_3609	XM_034986414.1	100.000	21	0	0	1	21	415	395	2.1	39.2
Query_3609	XM_003807100.4	100.000	21	0	0	1	21	433	413	2.1	39.2
Query_3609	XM_034942333.1	100.000	21	0	0	1	21	417	397	2.1	39.2
Query_3609	XM_002926382.4	100.000	21	0	0	1	21	463	443	2.1	39.2
Query_3609	XM_033224473.1	100.000	21	0	0	1	21	801	781	2.1	39.2
Query_3609	XM_033128210.1	100.000	21	0	0	1	21	642	622	2.1	39.2
Query_3609	XM_032894499.1	100.000	21	0	0	1	21	683	663	2.1	39.2
Query_3609	XM_032848713.1	100.000	21	0	0	1	21	460	440	2.1	39.2
Query_3609	XM_032612932.1	100.000	21	0	0	1	21	471	451	2.1	39.2
Query_3609	XM_032388830.1	100.000	21	0	0	1	21	443	423	2.1	39.2
Query_3609	XM_032325507.1	100.000	21	0	0	1	21	462	442	2.1	39.2
Query_3609	XM_032263200.1	100.000	21	0	0	1	21	359	339	2.1	39.2
Query_3609	XM_032171207.1	100.000	21	0	0	1	21	704	684	2.1	39.2
Query_3609	LR738419.1	100.000	21	0	0	1	21	57520397	57520417	2.1	39.2
Query_3609	LR738628.1	100.000	21	0	0	1	21	71680143	71680163	2.1	39.2
Query_3609	LR738606.1	100.000	21	0	0	1	21	65127655	65127675	2.1	39.2
Query_3609	XM_003916130.3	100.000	21	0	0	1	21	808	788	2.1	39.2
Query_3609	XM_031385171.1	100.000	21	0	0	1	21	444	424	2.1	39.2
Query_3609	XM_006748596.2	100.000	21	0	0	1	21	434	414	2.1	39.2
Query_3609	XM_019015478.2	100.000	21	0	0	1	21	88	68	2.1	39.2
Query_3609	XR_176607.3	100.000	21	0	0	1	21	433	413	2.1	39.2
Query_3609	XM_010379192.2	100.000	21	0	0	1	21	798	778	2.1	39.2
Query_3609	XM_030886267.1	100.000	21	0	0	1	21	470	450	2.1	39.2
Query_3609	XM_003277335.4	100.000	21	0	0	1	21	710	690	2.1	39.2
Query_3609	XM_021219313.2	100.000	21	0	0	1	21	430	410	2.1	39.2
Query_3609	XM_021168473.2	100.000	21	0	0	1	21	635	615	2.1	39.2
Query_3609	NM_014501.3	100.000	21	0	0	1	21	438	418	2.1	39.2
Query_3609	XM_026488514.1	100.000	21	0	0	1	21	428	408	2.1	39.2
Query_3609	XM_028095116.1	100.000	21	0	0	1	21	423	403	2.1	39.2
Query_3609	XR_003607984.1	100.000	21	0	0	1	21	374	354	2.1	39.2
Query_3609	XM_006150358.3	100.000	21	0	0	1	21	249	229	2.1	39.2
Query_3609	CP034522.1	100.000	21	0	0	1	21	55855759	55855779	2.1	39.2
Query_3609	CP034497.1	100.000	21	0	0	1	21	55855759	55855779	2.1	39.2
Query_3609	CP034495.1	100.000	21	0	0	1	21	15607976	15607996	2.1	39.2
Query_3609	CP034495.1	100.000	21	0	0	1	21	18580642	18580622	2.1	39.2
Query_3609	XM_027514757.1	100.000	21	0	0	1	21	762	742	2.1	39.2
Query_3609	XM_027514756.1	100.000	21	0	0	1	21	698	678	2.1	39.2
Query_3609	XM_025985268.1	100.000	21	0	0	1	21	665	645	2.1	39.2
Query_3609	XM_025849232.1	100.000	21	0	0	1	21	423	403	2.1	39.2
Query_3609	XM_025848961.1	100.000	21	0	0	1	21	423	403	2.1	39.2
Query_3609	XM_025369037.1	100.000	21	0	0	1	21	807	787	2.1	39.2
Query_3609	AC277988.1	100.000	21	0	0	1	21	97130	97110	2.1	39.2
Query_3609	AC277977.1	100.000	21	0	0	1	21	166493	166513	2.1	39.2
Query_3609	XM_006915944.3	100.000	21	0	0	1	21	457	437	2.1	39.2
Query_3609	XM_015458384.2	100.000	21	0	0	1	21	703	683	2.1	39.2
Query_3609	XM_011752020.2	100.000	21	0	0	1	21	801	781	2.1	39.2
Query_3609	XM_024755169.1	100.000	21	0	0	1	21	471	451	2.1	39.2
Query_3609	XM_011526752.2	100.000	21	0	0	1	21	1089	1069	2.1	39.2
Query_3609	XM_016936881.2	100.000	21	0	0	1	21	1981	1961	2.1	39.2
Query_3609	XM_016936880.2	100.000	21	0	0	1	21	501	481	2.1	39.2
Query_3609	XR_002942167.1	100.000	21	0	0	1	21	377	357	2.1	39.2
Query_3609	XM_024236634.1	100.000	21	0	0	1	21	703	683	2.1	39.2
Query_3609	XM_003465541.4	100.000	21	0	0	1	21	320	300	2.1	39.2
Query_3609	XM_023184255.1	100.000	21	0	0	1	21	819	799	2.1	39.2
Query_3609	XM_022491910.1	100.000	21	0	0	1	21	423	403	2.1	39.2
Query_3609	XM_021673446.1	100.000	21	0	0	1	21	605	585	2.1	39.2
Query_3609	XM_012465289.2	100.000	21	0	0	1	21	379	359	2.1	39.2
Query_3609	XM_021682233.1	100.000	21	0	0	1	21	432	412	2.1	39.2
Query_3609	XM_021682232.1	100.000	21	0	0	1	21	432	412	2.1	39.2
Query_3609	XM_021657341.1	100.000	21	0	0	1	21	449	429	2.1	39.2
Query_3609	XM_004866650.3	100.000	21	0	0	1	21	445	425	2.1	39.2
Query_3609	XM_004866649.3	100.000	21	0	0	1	21	434	414	2.1	39.2
Query_3609	XM_013123648.2	100.000	21	0	0	1	21	482	462	2.1	39.2
Query_3609	XM_021095037.1	100.000	21	0	0	1	21	784	764	2.1	39.2
Query_3609	XM_020889584.1	100.000	21	0	0	1	21	475	455	2.1	39.2
Query_3609	XM_012750226.2	100.000	21	0	0	1	21	620	600	2.1	39.2
Query_3609	LT741140.1	100.000	21	0	0	1	21	726	706	2.1	39.2
Query_3609	XM_020179726.1	100.000	21	0	0	1	21	424	404	2.1	39.2
Query_3609	XM_019980088.1	100.000	21	0	0	1	21	762	742	2.1	39.2
Query_3609	AC275577.1	100.000	21	0	0	1	21	8827	8807	2.1	39.2
Query_3609	XM_019627846.1	100.000	21	0	0	1	21	766	746	2.1	39.2
Query_3609	XM_017892532.1	100.000	21	0	0	1	21	799	779	2.1	39.2
Query_3609	AC275431.1	100.000	21	0	0	1	21	56772	56792	2.1	39.2
Query_3609	XM_015985562.1	100.000	21	0	0	1	21	743	723	2.1	39.2
Query_3609	XM_005590403.2	100.000	21	0	0	1	21	802	782	2.1	39.2
Query_3609	NG_031882.2	100.000	21	0	0	1	21	169	149	2.1	39.2
Query_3609	XM_014481573.1	100.000	21	0	0	1	21	369	349	2.1	39.2
Query_3609	XM_004777011.2	100.000	21	0	0	1	21	461	441	2.1	39.2
Query_3609	XM_003802902.2	100.000	21	0	0	1	21	491	471	2.1	39.2
Query_3609	XM_040633803.1	100.000	21	0	0	1	21	393	373	2.1	39.2
Query_3609	XM_040251931.1	100.000	21	0	0	1	21	3585	3565	2.1	39.2
Query_3609	XM_039857071.1	100.000	21	0	0	1	21	502	482	2.1	39.2
Query_3609	CP068261.1	100.000	21	0	0	1	21	15611192	15611212	2.1	39.2
Query_3609	CP068261.1	100.000	21	0	0	1	21	18624442	18624422	2.1	39.2
Query_3609	CP068259.1	100.000	21	0	0	1	21	58499839	58499859	2.1	39.2
Query_3609	XM_007998158.2	100.000	21	0	0	1	21	804	784	2.1	39.2
Query_3609	XM_037820403.1	100.000	21	0	0	1	21	376	356	2.1	39.2
Query_3609	XM_017546575.2	100.000	21	0	0	1	21	797	777	2.1	39.2
Query_3609	XM_028862325.2	100.000	21	0	0	1	21	604	584	2.1	39.2
Query_3609	XM_037038096.1	100.000	21	0	0	1	21	836	816	2.1	39.2
Query_3609	XM_017647228.2	100.000	21	0	0	1	21	434	414	2.1	39.2
Query_3609	XM_036909194.1	100.000	21	0	0	1	21	435	415	2.1	39.2
Query_3609	XM_016154229.2	100.000	21	0	0	1	21	486	466	2.1	39.2
Query_3609	AP023479.1	100.000	21	0	0	1	21	55882183	55882203	2.1	39.2
Query_3609	AP023477.1	100.000	21	0	0	1	21	15790938	15790958	2.1	39.2
Query_3609	AP023477.1	100.000	21	0	0	1	21	18786022	18786002	2.1	39.2
Query_3609	XM_036096860.1	100.000	21	0	0	1	21	432	412	2.1	39.2
Query_3609	XM_036096859.1	100.000	21	0	0	1	21	432	412	2.1	39.2
Query_3609	XM_036096857.1	100.000	21	0	0	1	21	432	412	2.1	39.2
Query_3609	XM_036096856.1	100.000	21	0	0	1	21	432	412	2.1	39.2
Query_3609	XM_025423880.2	100.000	21	0	0	1	21	458	438	2.1	39.2
Query_3609	XM_027618492.2	100.000	21	0	0	1	21	456	436	2.1	39.2
Query_3609	XM_002762502.3	100.000	21	0	0	1	21	803	783	2.1	39.2


