# blastn
# Iteration: 0
# Query: 
# RID: 6M8K7DU701R
# Database: nt
# Fields: query acc.ver, subject acc.ver, % identity, alignment length, mismatches, gap opens, q. start, q. end, s. start, s. end, evalue, bit score
# 101 hits found
Query_238589	XM_034487733.1	100.000	21	0	0	1	21	789	769	2.0	39.2
Query_238589	XM_034487732.1	100.000	21	0	0	1	21	793	773	2.0	39.2
Query_238589	XM_032908698.1	100.000	21	0	0	1	21	817	797	2.0	39.2
Query_238589	XM_032272049.1	100.000	21	0	0	1	21	790	770	2.0	39.2
Query_238589	XM_032147985.1	100.000	21	0	0	1	21	736	716	2.0	39.2
Query_238589	LR738627.1	100.000	21	0	0	1	21	294809	294789	2.0	39.2
Query_238589	XM_031662211.1	100.000	21	0	0	1	21	817	797	2.0	39.2
Query_238589	XM_031349943.1	100.000	21	0	0	1	21	1192	1172	2.0	39.2
Query_238589	XM_031349942.1	100.000	21	0	0	1	21	1195	1175	2.0	39.2
Query_238589	XM_019016478.2	100.000	21	0	0	1	21	792	772	2.0	39.2
Query_238589	XM_010387762.2	100.000	21	0	0	1	21	795	775	2.0	39.2
Query_238589	XR_004031103.1	100.000	21	0	0	1	21	598	578	2.0	39.2
Query_238589	XM_030798515.1	100.000	21	0	0	1	21	823	803	2.0	39.2
Query_238589	XM_029542337.1	100.000	21	0	0	1	21	789	769	2.0	39.2
Query_238589	XM_029482837.1	100.000	21	0	0	1	21	1185	1165	2.0	39.2
Query_238589	XM_021174221.2	100.000	21	0	0	1	21	1189	1169	2.0	39.2
Query_238589	LR594574.1	100.000	21	0	0	1	21	758869	758849	2.0	39.2
Query_238589	XM_015122268.2	100.000	21	0	0	1	21	799	779	2.0	39.2
Query_238589	XM_028771633.1	100.000	21	0	0	1	21	783	763	2.0	39.2
Query_238589	XM_028771631.1	100.000	21	0	0	1	21	787	767	2.0	39.2
Query_238589	XM_024134024.2	100.000	21	0	0	1	21	705	685	2.0	39.2
Query_238589	NM_004359.2	100.000	21	0	0	1	21	755	735	2.0	39.2
Query_238589	XM_026457267.1	100.000	21	0	0	1	21	677	657	2.0	39.2
Query_238589	XM_026413990.1	100.000	21	0	0	1	21	636	616	2.0	39.2
Query_238589	XM_026413989.1	100.000	21	0	0	1	21	767	747	2.0	39.2
Query_238589	CP034522.1	100.000	21	0	0	1	21	481424	481404	2.0	39.2
Query_238589	CP034497.1	100.000	21	0	0	1	21	481424	481404	2.0	39.2
Query_238589	XM_026038830.1	100.000	21	0	0	1	21	583	563	2.0	39.2
Query_238589	XM_011749512.2	100.000	21	0	0	1	21	797	777	2.0	39.2
Query_238589	XM_024569235.1	100.000	21	0	0	1	21	566	546	2.0	39.2
Query_238589	XM_009434229.3	100.000	21	0	0	1	21	796	776	2.0	39.2
Query_238589	NM_001359818.1	100.000	21	0	0	1	21	798	778	2.0	39.2
Query_238589	NM_001359817.1	100.000	21	0	0	1	21	667	647	2.0	39.2
Query_238589	XM_003788827.3	100.000	21	0	0	1	21	594	574	2.0	39.2
Query_238589	XM_021641921.1	100.000	21	0	0	1	21	808	788	2.0	39.2
Query_238589	XM_005509260.2	100.000	21	0	0	1	21	584	564	2.0	39.2
Query_238589	XM_021204629.1	100.000	21	0	0	1	21	793	773	2.0	39.2
Query_238589	XM_021084306.1	100.000	21	0	0	1	21	729	709	2.0	39.2
Query_238589	XM_012745890.2	100.000	21	0	0	1	21	801	781	2.0	39.2
Query_238589	LT744874.1	100.000	21	0	0	1	21	1070	1050	2.0	39.2
Query_238589	XM_017875368.1	100.000	21	0	0	1	21	822	802	2.0	39.2
Query_238589	XM_006904162.2	100.000	21	0	0	1	21	739	719	2.0	39.2
Query_238589	XM_015503779.1	100.000	21	0	0	1	21	514	494	2.0	39.2
Query_238589	XM_015440168.1	100.000	21	0	0	1	21	637	617	2.0	39.2
Query_238589	XM_006171736.2	100.000	21	0	0	1	21	928	908	2.0	39.2
Query_238589	XM_013022933.1	100.000	21	0	0	1	21	739	719	2.0	39.2
Query_238589	XM_004689407.2	100.000	21	0	0	1	21	589	569	2.0	39.2
Query_238589	XM_012645352.1	100.000	21	0	0	1	21	775	755	2.0	39.2
Query_238589	XM_012436401.1	100.000	21	0	0	1	21	601	581	2.0	39.2
Query_238589	XM_012072747.1	100.000	21	0	0	1	21	798	778	2.0	39.2
Query_238589	XM_011963969.1	100.000	21	0	0	1	21	593	573	2.0	39.2
Query_238589	XM_011993049.1	100.000	21	0	0	1	21	508	488	2.0	39.2
Query_238589	XM_006722952.2	100.000	21	0	0	1	21	791	771	2.0	39.2
Query_238589	XM_010001840.1	100.000	21	0	0	1	21	328	308	2.0	39.2
Query_238589	XM_010001839.1	100.000	21	0	0	1	21	685	665	2.0	39.2
Query_238589	XM_008584482.1	100.000	21	0	0	1	21	598	578	2.0	39.2
Query_238589	XM_008584481.1	100.000	21	0	0	1	21	583	563	2.0	39.2
Query_238589	KJ890880.1	100.000	21	0	0	1	21	648	628	2.0	39.2
Query_238589	XM_004717010.1	100.000	21	0	0	1	21	541	521	2.0	39.2
Query_238589	XM_004654858.1	100.000	21	0	0	1	21	615	595	2.0	39.2
Query_238589	XM_040290814.1	100.000	21	0	0	1	21	497	477	2.0	39.2
Query_238589	XM_040290813.1	100.000	21	0	0	1	21	550	530	2.0	39.2
Query_238589	XM_039839022.1	100.000	21	0	0	1	21	789	769	2.0	39.2
Query_238589	XM_039839021.1	100.000	21	0	0	1	21	530	510	2.0	39.2
Query_238589	XM_003944905.3	100.000	21	0	0	1	21	791	771	2.0	39.2
Query_238589	XM_039248064.1	100.000	21	0	0	1	21	644	624	2.0	39.2
Query_238589	NG_003260.4	100.000	21	0	0	1	21	822	802	2.0	39.2
Query_238589	CP068259.1	100.000	21	0	0	1	21	495192	495172	2.0	39.2
Query_238589	XM_039078634.1	100.000	21	0	0	1	21	1196	1176	2.0	39.2
Query_238589	XM_007994557.2	100.000	21	0	0	1	21	801	781	2.0	39.2
Query_238589	XM_037823790.1	100.000	21	0	0	1	21	1408	1388	2.0	39.2
Query_238589	XM_017520140.2	100.000	21	0	0	1	21	793	773	2.0	39.2
Query_238589	XM_037504885.1	100.000	21	0	0	1	21	786	766	2.0	39.2
Query_238589	AK391588.1	100.000	21	0	0	1	21	736	716	2.0	39.2
Query_238589	JN960871.1	100.000	21	0	0	1	21	35056	35036	2.0	39.2
Query_238589	XM_036240758.1	100.000	21	0	0	1	21	722	702	2.0	39.2
Query_238589	XM_036240757.1	100.000	21	0	0	1	21	608	588	2.0	39.2
Query_238589	XM_016126687.2	100.000	21	0	0	1	21	779	759	2.0	39.2
Query_238589	AP023479.1	100.000	21	0	0	1	21	302651	302631	2.0	39.2
Query_238589	AP023479.1	100.000	21	0	0	1	21	379563	379543	2.0	39.2
Query_238589	XM_017313888.3	100.000	21	0	0	1	21	633	613	2.0	39.2
Query_238589	XM_017313887.2	100.000	21	0	0	1	21	625	605	2.0	39.2
Query_238589	XM_028521023.2	100.000	21	0	0	1	21	592	572	2.0	39.2
Query_238589	XM_028521022.2	100.000	21	0	0	1	21	752	732	2.0	39.2
Query_238589	XM_028521021.2	100.000	21	0	0	1	21	829	809	2.0	39.2
Query_238589	LR877242.1	100.000	21	0	0	1	21	788970	788950	2.0	39.2
Query_238589	XM_035285863.1	100.000	21	0	0	1	21	779	759	2.0	39.2
Query_238589	JN959361.1	100.000	21	0	0	1	21	10698	10678	2.0	39.2
Query_238589	JN952967.1	100.000	21	0	0	1	21	35029	35009	2.0	39.2
Query_238589	JN948920.1	100.000	21	0	0	1	21	24718	24698	2.0	39.2
Query_238589	AB590273.1	100.000	21	0	0	1	21	592	572	2.0	39.2
Query_238589	FQ228127.1	100.000	21	0	0	1	21	130	110	2.0	39.2
Query_238589	CU676209.1	100.000	21	0	0	1	21	144	164	2.0	39.2
Query_238589	NM_001013103.2	100.000	21	0	0	1	21	601	581	2.0	39.2
Query_238589	AK291554.1	100.000	21	0	0	1	21	784	764	2.0	39.2
Query_238589	DQ893910.2	100.000	21	0	0	1	21	605	585	2.0	39.2
Query_238589	DQ890738.2	100.000	21	0	0	1	21	605	585	2.0	39.2
Query_238589	AK233538.1	100.000	21	0	0	1	21	614	594	2.0	39.2
Query_238589	BC098064.1	100.000	21	0	0	1	21	799	779	2.0	39.2
Query_238589	BC094502.1	100.000	21	0	0	1	21	618	598	2.0	39.2
Query_238589	AC151828.3	100.000	21	0	0	1	21	96308	96288	2.0	39.2


