# blastn
# Iteration: 0
# Query: 
# RID: 72MJEX66016
# Database: nt
# Fields: query acc.ver, subject acc.ver, % identity, alignment length, mismatches, gap opens, q. start, q. end, s. start, s. end, evalue, bit score
# 66 hits found
Query_52839	XM_003828171.2	100.000	21	0	0	1	21	148	128	2.1	39.2
Query_52839	XM_004041540.3	100.000	21	0	0	1	21	148	128	2.1	39.2
Query_52839	AY358627.2	100.000	21	0	0	1	21	137	117	2.1	39.2
Query_52839	NM_025237.3	100.000	21	0	0	1	21	154	134	2.1	39.2
Query_52839	CP034495.1	100.000	21	0	0	1	21	41836006	41836026	2.1	39.2
Query_52839	XM_001153653.5	100.000	21	0	0	1	21	251	231	2.1	39.2
Query_52839	LT735545.1	100.000	21	0	0	1	21	591	571	2.1	39.2
Query_52839	KJ893769.1	100.000	21	0	0	1	21	172	152	2.1	39.2
Query_52839	CP068261.1	100.000	21	0	0	1	21	44611487	44611507	2.1	39.2
Query_52839	AP023477.1	100.000	21	0	0	1	21	41454677	41454697	2.1	39.2
Query_52839	NG_008078.2	100.000	21	0	0	1	21	5151	5131	2.1	39.2
Query_52839	AC003098.2	100.000	21	0	0	1	21	9165	9185	2.1	39.2
Query_52839	AY358203.1	100.000	21	0	0	1	21	409	389	2.1	39.2
Query_52839	BC101086.1	100.000	21	0	0	1	21	131	111	2.1	39.2
Query_52839	AC055813.9	100.000	21	0	0	1	21	66089	66109	2.1	39.2
Query_52839	AF331844.1	100.000	21	0	0	1	21	141	121	2.1	39.2
Query_52839	AF326739.1	100.000	21	0	0	1	21	151	131	2.1	39.2
Query_52839	AF326736.1	100.000	21	0	0	1	21	12064	12044	2.1	39.2
Query_52839	XM_034506878.1	100.000	20	0	0	1	20	146	127	7.3	37.4
Query_52839	XM_033847962.1	100.000	20	0	0	1	20	138	119	7.3	37.4
Query_52839	XM_004286017.2	100.000	20	0	0	1	20	138	119	7.3	37.4
Query_52839	XM_033182838.1	100.000	20	0	0	1	20	104	85	7.3	37.4
Query_52839	XM_032801416.1	100.000	20	0	0	1	20	264	245	7.3	37.4
Query_52839	XM_032801413.1	100.000	20	0	0	1	20	264	245	7.3	37.4
Query_52839	XM_032617599.1	100.000	20	0	0	1	20	138	119	7.3	37.4
Query_52839	XM_032163779.1	100.000	20	0	0	1	20	148	129	7.3	37.4
Query_52839	NM_001194608.2	100.000	20	0	0	1	20	122	103	7.3	37.4
Query_52839	XM_003913140.4	100.000	20	0	0	1	20	2364	2345	7.3	37.4
Query_52839	XM_010376233.2	100.000	20	0	0	1	20	120	101	7.3	37.4
Query_52839	XM_030848975.1	100.000	20	0	0	1	20	113	94	7.3	37.4
Query_52839	XM_030848974.1	100.000	20	0	0	1	20	138	119	7.3	37.4
Query_52839	XM_003270772.2	100.000	20	0	0	1	20	148	129	7.3	37.4
Query_52839	XM_022565170.2	100.000	20	0	0	1	20	348	329	7.3	37.4
Query_52839	XM_027098941.1	100.000	20	0	0	1	20	159	140	7.3	37.4
Query_52839	XM_027098940.1	100.000	20	0	0	1	20	159	140	7.3	37.4
Query_52839	XM_015098809.2	100.000	20	0	0	1	20	214	195	7.3	37.4
Query_52839	CP034493.1	100.000	20	0	0	1	20	18157056	18157075	7.3	37.4
Query_52839	XM_025363041.1	100.000	20	0	0	1	20	145	126	7.3	37.4
Query_52839	XM_024761226.1	100.000	20	0	0	1	20	104	85	7.3	37.4
Query_52839	XM_021213746.1	100.000	20	0	0	1	20	132	113	7.3	37.4
Query_52839	XM_018065180.1	100.000	20	0	0	1	20	135	116	7.3	37.4
Query_52839	XM_017892802.1	100.000	20	0	0	1	20	145	126	7.3	37.4
Query_52839	XM_001362146.3	100.000	20	0	0	1	20	752	733	7.3	37.4
Query_52839	XM_005584371.2	100.000	20	0	0	1	20	155	136	7.3	37.4
Query_52839	XM_011720549.1	100.000	20	0	0	1	20	2298	2279	7.3	37.4
Query_52839	XM_012057895.1	100.000	20	0	0	1	20	2307	2288	7.3	37.4
Query_52839	XM_011985860.1	100.000	20	0	0	1	20	145	126	7.3	37.4
Query_52839	XM_009680816.1	100.000	20	0	0	1	20	275	256	7.3	37.4
Query_52839	XM_008574390.1	100.000	20	0	0	1	20	104	85	7.3	37.4
Query_52839	XM_007455080.1	100.000	20	0	0	1	20	124	105	7.3	37.4
Query_52839	XM_007180240.1	100.000	20	0	0	1	20	104	85	7.3	37.4
Query_52839	XM_004620979.1	100.000	20	0	0	1	20	104	85	7.3	37.4
Query_52839	XM_005328089.3	100.000	20	0	0	1	20	203	184	7.3	37.4
Query_52839	XM_040245214.1	100.000	20	0	0	1	20	294	275	7.3	37.4
Query_52839	XM_008012517.2	100.000	20	0	0	1	20	132	113	7.3	37.4
Query_52839	XM_017645453.2	100.000	20	0	0	1	20	6753	6734	7.3	37.4
Query_52839	XM_036883228.1	100.000	20	0	0	1	20	2661	2642	7.3	37.4
Query_52839	XM_036837604.1	100.000	20	0	0	1	20	138	119	7.3	37.4
Query_52839	XM_036341020.1	100.000	20	0	0	1	20	135	116	7.3	37.4
Query_52839	AP023475.1	100.000	20	0	0	1	20	31582980	31582999	7.3	37.4
Query_52839	AC280182.1	100.000	20	0	0	1	20	145748	145767	7.3	37.4
Query_52839	AC208305.1	100.000	20	0	0	1	20	98247	98228	7.3	37.4
Query_52839	AC186045.5	100.000	20	0	0	1	20	65601	65620	7.3	37.4
Query_52839	AC105123.4	100.000	20	0	0	1	20	81923	81942	7.3	37.4
Query_52839	AC022068.6	100.000	20	0	0	1	20	21711	21730	7.3	37.4
Query_52839	AF326742.1	100.000	20	0	0	1	20	104	85	7.3	37.4


