# blastn
# Iteration: 0
# Query: 
# RID: 6MYP7KKP01R
# Database: nt
# Fields: query acc.ver, subject acc.ver, % identity, alignment length, mismatches, gap opens, q. start, q. end, s. start, s. end, evalue, bit score
# 100 hits found
Query_378385	XM_035021105.1	100.000	21	0	0	1	21	532	512	2.0	39.2
Query_378385	XM_035021104.1	100.000	21	0	0	1	21	404	384	2.0	39.2
Query_378385	XM_035021102.1	100.000	21	0	0	1	21	717	697	2.0	39.2
Query_378385	XM_034026166.2	100.000	21	0	0	1	21	946	926	2.0	39.2
Query_378385	XM_034026165.2	100.000	21	0	0	1	21	485	465	2.0	39.2
Query_378385	XM_034032232.2	100.000	21	0	0	1	21	158	138	2.0	39.2
Query_378385	XM_034967007.1	100.000	21	0	0	1	21	59	39	2.0	39.2
Query_378385	XM_003813487.3	100.000	21	0	0	1	21	689	669	2.0	39.2
Query_378385	XM_034672035.1	100.000	21	0	0	1	21	637	617	2.0	39.2
Query_378385	XM_011230345.3	100.000	21	0	0	1	21	717	697	2.0	39.2
Query_378385	XM_034519060.1	100.000	21	0	0	1	21	706	686	2.0	39.2
Query_378385	XM_034032231.1	100.000	21	0	0	1	21	477	457	2.0	39.2
Query_378385	XM_019924064.2	100.000	21	0	0	1	21	697	677	2.0	39.2
Query_378385	XM_019924049.2	100.000	21	0	0	1	21	701	681	2.0	39.2
Query_378385	XM_004272203.3	100.000	21	0	0	1	21	704	684	2.0	39.2
Query_378385	XM_033432469.1	100.000	21	0	0	1	21	709	689	2.0	39.2
Query_378385	CP050589.1	100.000	21	0	0	1	21	6879003	6878983	2.0	39.2
Query_378385	CP050623.1	100.000	21	0	0	1	21	6879273	6879253	2.0	39.2
Query_378385	XM_021730378.2	100.000	21	0	0	1	21	257	237	2.0	39.2
Query_378385	XM_005331109.4	100.000	21	0	0	1	21	735	715	2.0	39.2
Query_378385	XM_040259625.1	100.000	21	0	0	1	21	158	138	2.0	39.2
Query_378385	XM_040259624.1	100.000	21	0	0	1	21	316	296	2.0	39.2
Query_378385	XM_040259623.1	100.000	21	0	0	1	21	339	319	2.0	39.2
Query_378385	XM_040259622.1	100.000	21	0	0	1	21	715	695	2.0	39.2
Query_378385	XM_029074222.2	100.000	21	0	0	1	21	324	304	2.0	39.2
Query_378385	XM_029074221.2	100.000	21	0	0	1	21	344	324	2.0	39.2
Query_378385	HG994400.1	100.000	21	0	0	1	21	54011596	54011616	2.0	39.2
Query_378385	XM_039860867.1	100.000	21	0	0	1	21	393	373	2.0	39.2
Query_378385	XM_039860865.1	100.000	21	0	0	1	21	717	697	2.0	39.2
Query_378385	XM_003921004.3	100.000	21	0	0	1	21	692	672	2.0	39.2
Query_378385	XM_039242778.1	100.000	21	0	0	1	21	706	686	2.0	39.2
Query_378385	XM_038686155.1	100.000	21	0	0	1	21	712	692	2.0	39.2
Query_378385	XM_038686152.1	100.000	21	0	0	1	21	355	335	2.0	39.2
Query_378385	XM_038686151.1	100.000	21	0	0	1	21	703	683	2.0	39.2
Query_378385	XM_038433990.1	100.000	21	0	0	1	21	712	692	2.0	39.2
Query_378385	XM_022427231.2	100.000	21	0	0	1	21	355	335	2.0	39.2
Query_378385	XM_852326.6	100.000	21	0	0	1	21	703	683	2.0	39.2
Query_378385	XM_038752154.1	100.000	21	0	0	1	21	250	230	2.0	39.2
Query_378385	XM_038752153.1	100.000	21	0	0	1	21	450	430	2.0	39.2
Query_378385	XM_038318476.1	100.000	21	0	0	1	21	658	638	2.0	39.2
Query_378385	XM_007982899.2	100.000	21	0	0	1	21	697	677	2.0	39.2
Query_378385	XM_037836169.1	100.000	21	0	0	1	21	1175	1155	2.0	39.2
Query_378385	XM_037836167.1	100.000	21	0	0	1	21	714	694	2.0	39.2
Query_378385	XM_037836166.1	100.000	21	0	0	1	21	811	791	2.0	39.2
Query_378385	XM_037739999.1	100.000	21	0	0	1	21	162	142	2.0	39.2
Query_378385	XM_017532568.2	100.000	21	0	0	1	21	277	257	2.0	39.2
Query_378385	XM_017532566.2	100.000	21	0	0	1	21	690	670	2.0	39.2
Query_378385	XM_037513136.1	100.000	21	0	0	1	21	208	188	2.0	39.2
Query_378385	XM_037513130.1	100.000	21	0	0	1	21	161	141	2.0	39.2
Query_378385	XM_037513121.1	100.000	21	0	0	1	21	303	283	2.0	39.2
Query_378385	XM_037513116.1	100.000	21	0	0	1	21	467	447	2.0	39.2
Query_378385	XM_037513112.1	100.000	21	0	0	1	21	1011	991	2.0	39.2
Query_378385	XM_037513104.1	100.000	21	0	0	1	21	277	257	2.0	39.2
Query_378385	XM_037513092.1	100.000	21	0	0	1	21	361	341	2.0	39.2
Query_378385	XM_028866182.2	100.000	21	0	0	1	21	293	273	2.0	39.2
Query_378385	XM_037165819.1	100.000	21	0	0	1	21	257	237	2.0	39.2
Query_378385	XM_037165818.1	100.000	21	0	0	1	21	716	696	2.0	39.2
Query_378385	XM_037049208.1	100.000	21	0	0	1	21	247	227	2.0	39.2
Query_378385	XM_037049206.1	100.000	21	0	0	1	21	254	234	2.0	39.2
Query_378385	XM_037049205.1	100.000	21	0	0	1	21	721	701	2.0	39.2
Query_378385	XM_037019485.1	100.000	21	0	0	1	21	254	234	2.0	39.2
Query_378385	XM_036909040.1	100.000	21	0	0	1	21	724	704	2.0	39.2
Query_378385	XM_036862830.1	100.000	21	0	0	1	21	592	572	2.0	39.2
Query_378385	XM_036862829.1	100.000	21	0	0	1	21	281	261	2.0	39.2
Query_378385	XM_036759303.1	100.000	21	0	0	1	21	368	348	2.0	39.2
Query_378385	XM_036426873.1	100.000	21	0	0	1	21	329	309	2.0	39.2
Query_378385	XM_036426854.1	100.000	21	0	0	1	21	732	712	2.0	39.2
Query_378385	XM_036328704.1	100.000	21	0	0	1	21	544	524	2.0	39.2
Query_378385	XM_036328703.1	100.000	21	0	0	1	21	278	258	2.0	39.2
Query_378385	XM_036328700.1	100.000	21	0	0	1	21	245	225	2.0	39.2
Query_378385	XM_036328699.1	100.000	21	0	0	1	21	614	594	2.0	39.2
Query_378385	XM_036328698.1	100.000	21	0	0	1	21	320	300	2.0	39.2
Query_378385	XM_036246610.1	100.000	21	0	0	1	21	355	335	2.0	39.2
Query_378385	XM_036246609.1	100.000	21	0	0	1	21	490	470	2.0	39.2
Query_378385	XM_036246608.1	100.000	21	0	0	1	21	335	315	2.0	39.2
Query_378385	XM_036246607.1	100.000	21	0	0	1	21	354	334	2.0	39.2
Query_378385	XM_036246603.1	100.000	21	0	0	1	21	248	228	2.0	39.2
Query_378385	XM_036246602.1	100.000	21	0	0	1	21	254	234	2.0	39.2
Query_378385	XM_036246601.1	100.000	21	0	0	1	21	272	252	2.0	39.2
Query_378385	XM_036246600.1	100.000	21	0	0	1	21	326	306	2.0	39.2
Query_378385	XM_016148711.2	100.000	21	0	0	1	21	711	691	2.0	39.2
Query_378385	XM_036181344.1	100.000	21	0	0	1	21	735	715	2.0	39.2
Query_378385	XM_036101282.1	100.000	21	0	0	1	21	518	498	2.0	39.2
Query_378385	XM_036101281.1	100.000	21	0	0	1	21	480	460	2.0	39.2
Query_378385	XM_036101279.1	100.000	21	0	0	1	21	726	706	2.0	39.2
Query_378385	XM_036101278.1	100.000	21	0	0	1	21	671	651	2.0	39.2
Query_378385	XM_036101277.1	100.000	21	0	0	1	21	723	703	2.0	39.2
Query_378385	XM_028525332.2	100.000	21	0	0	1	21	721	701	2.0	39.2
Query_378385	LR877221.1	100.000	21	0	0	1	21	12224606	12224586	2.0	39.2
Query_378385	XM_025471634.2	100.000	21	0	0	1	21	445	425	2.0	39.2
Query_378385	XM_025471633.2	100.000	21	0	0	1	21	488	468	2.0	39.2
Query_378385	XM_025471630.2	100.000	21	0	0	1	21	390	370	2.0	39.2
Query_378385	XM_025471629.2	100.000	21	0	0	1	21	703	683	2.0	39.2
Query_378385	XM_027573204.2	100.000	21	0	0	1	21	158	138	2.0	39.2
Query_378385	XM_027573203.2	100.000	21	0	0	1	21	710	690	2.0	39.2
Query_378385	LR862366.1	100.000	21	0	0	1	21	17504771	17504791	2.0	39.2
Query_378385	XM_027391394.2	100.000	21	0	0	1	21	487	467	2.0	39.2
Query_378385	XM_035441534.1	100.000	21	0	0	1	21	216	196	2.0	39.2
Query_378385	XM_035254744.1	100.000	21	0	0	1	21	281	261	2.0	39.2
Query_378385	XM_035254741.1	100.000	21	0	0	1	21	703	683	2.0	39.2


