# blastn
# Iteration: 0
# Query: 
# RID: 6MNYAHC1016
# Database: nt
# Fields: query acc.ver, subject acc.ver, % identity, alignment length, mismatches, gap opens, q. start, q. end, s. start, s. end, evalue, bit score
# 53 hits found
Query_23555	XM_034960512.1	100.000	21	0	0	1	21	143	123	2.0	39.2
Query_23555	XM_003829274.3	100.000	21	0	0	1	21	143	123	2.0	39.2
Query_23555	XM_033181205.1	100.000	21	0	0	1	21	1000	980	2.0	39.2
Query_23555	XM_032251637.1	100.000	21	0	0	1	21	492	472	2.0	39.2
Query_23555	XM_032251564.1	100.000	21	0	0	1	21	492	472	2.0	39.2
Query_23555	XM_023196017.2	100.000	21	0	0	1	21	465	445	2.0	39.2
Query_23555	NM_001194433.3	100.000	21	0	0	1	21	474	454	2.0	39.2
Query_23555	XM_021939692.2	100.000	21	0	0	1	21	487	467	2.0	39.2
Query_23555	XM_003900106.3	100.000	21	0	0	1	21	487	467	2.0	39.2
Query_23555	XM_031010702.1	100.000	21	0	0	1	21	465	445	2.0	39.2
Query_23555	XM_003266384.3	100.000	21	0	0	1	21	472	452	2.0	39.2
Query_23555	NM_003337.4	100.000	21	0	0	1	21	76	56	2.0	39.2
Query_23555	XM_025388144.1	100.000	21	0	0	1	21	486	466	2.0	39.2
Query_23555	XM_025388143.1	100.000	21	0	0	1	21	486	466	2.0	39.2
Query_23555	XM_011716582.2	100.000	21	0	0	1	21	88	68	2.0	39.2
Query_23555	XM_011716581.2	100.000	21	0	0	1	21	463	443	2.0	39.2
Query_23555	XM_016953844.2	100.000	21	0	0	1	21	142	122	2.0	39.2
Query_23555	XM_517935.4	100.000	21	0	0	1	21	465	445	2.0	39.2
Query_23555	LT734769.1	100.000	21	0	0	1	21	536	516	2.0	39.2
Query_23555	XM_017871979.1	100.000	21	0	0	1	21	190	170	2.0	39.2
Query_23555	XM_012440436.1	100.000	21	0	0	1	21	204	184	2.0	39.2
Query_23555	XR_001019994.1	100.000	21	0	0	1	21	493	473	2.0	39.2
Query_23555	XM_012090260.1	100.000	21	0	0	1	21	87	67	2.0	39.2
Query_23555	XM_011969215.1	100.000	21	0	0	1	21	489	469	2.0	39.2
Query_23555	XM_011969214.1	100.000	21	0	0	1	21	489	469	2.0	39.2
Query_23555	XM_011958808.1	100.000	21	0	0	1	21	491	471	2.0	39.2
Query_23555	XM_011948660.1	100.000	21	0	0	1	21	49	29	2.0	39.2
Query_23555	XM_011948659.1	100.000	21	0	0	1	21	74	54	2.0	39.2
Query_23555	XM_010359943.1	100.000	21	0	0	1	21	190	170	2.0	39.2
Query_23555	XM_002815889.3	100.000	21	0	0	1	21	480	460	2.0	39.2
Query_23555	KJ892340.1	100.000	21	0	0	1	21	114	94	2.0	39.2
Query_23555	XM_010338704.2	100.000	21	0	0	1	21	207	187	2.0	39.2
Query_23555	XM_010338699.2	100.000	21	0	0	1	21	206	186	2.0	39.2
Query_23555	XM_008014440.2	100.000	21	0	0	1	21	483	463	2.0	39.2
Query_23555	XM_008014439.2	100.000	21	0	0	1	21	483	463	2.0	39.2
Query_23555	XM_017532387.2	100.000	21	0	0	1	21	143	123	2.0	39.2
Query_23555	XM_017532386.2	100.000	21	0	0	1	21	199	179	2.0	39.2
Query_23555	XM_008984915.4	100.000	21	0	0	1	21	494	474	2.0	39.2
Query_23555	XM_002744157.6	100.000	21	0	0	1	21	494	474	2.0	39.2
Query_23555	AB590169.1	100.000	21	0	0	1	21	58	38	2.0	39.2
Query_23555	AK312012.1	100.000	21	0	0	1	21	133	113	2.0	39.2
Query_23555	DQ896387.2	100.000	21	0	0	1	21	71	51	2.0	39.2
Query_23555	DQ893113.2	100.000	21	0	0	1	21	71	51	2.0	39.2
Query_23555	NM_001285819.1	100.000	21	0	0	1	21	82	62	2.0	39.2
Query_23555	BC005979.1	100.000	21	0	0	1	21	76	56	2.0	39.2
Query_23555	BT008091.1	100.000	21	0	0	1	21	49	29	2.0	39.2
Query_23555	BT007071.1	100.000	21	0	0	1	21	49	29	2.0	39.2
Query_23555	CR407634.1	100.000	21	0	0	1	21	49	29	2.0	39.2
Query_23555	AY893437.1	100.000	21	0	0	1	21	49	29	2.0	39.2
Query_23555	BC008470.1	100.000	21	0	0	1	21	136	116	2.0	39.2
Query_23555	BC008404.1	100.000	21	0	0	1	21	136	116	2.0	39.2
Query_23555	M74525.1	100.000	21	0	0	1	21	470	450	2.0	39.2
Query_23555	X53251.1	100.000	21	0	0	1	21	87	67	2.0	39.2


