# blastn
# Iteration: 0
# Query: 
# RID: 7PUA780M016
# Database: nt
# Fields: query acc.ver, subject acc.ver, % identity, alignment length, mismatches, gap opens, q. start, q. end, s. start, s. end, evalue, bit score
# 101 hits found
Query_25765	XM_035021873.1	100.000	21	0	0	1	21	726	706	2.1	39.2
Query_25765	XM_035021872.1	100.000	21	0	0	1	21	511	491	2.1	39.2
Query_25765	AP023167.1	100.000	21	0	0	1	21	40374109	40374129	2.1	39.2
Query_25765	XM_034636173.1	100.000	21	0	0	1	21	431	411	2.1	39.2
Query_25765	CP050593.1	100.000	21	0	0	1	21	56947545	56947525	2.1	39.2
Query_25765	CP050586.1	100.000	21	0	0	1	21	41210246	41210266	2.1	39.2
Query_25765	CP050635.1	100.000	21	0	0	1	21	56961887	56961867	2.1	39.2
Query_25765	CP050622.1	100.000	21	0	0	1	21	40431992	40432012	2.1	39.2
Query_25765	XM_033236300.1	100.000	21	0	0	1	21	680	660	2.1	39.2
Query_25765	XM_033236299.1	100.000	21	0	0	1	21	955	935	2.1	39.2
Query_25765	XM_033236298.1	100.000	21	0	0	1	21	655	635	2.1	39.2
Query_25765	XM_032846149.1	100.000	21	0	0	1	21	550	530	2.1	39.2
Query_25765	XM_032588044.1	100.000	21	0	0	1	21	755	735	2.1	39.2
Query_25765	XM_032425877.1	100.000	21	0	0	1	21	782	762	2.1	39.2
Query_25765	XM_032327543.1	100.000	21	0	0	1	21	552	532	2.1	39.2
Query_25765	XM_032268238.1	100.000	21	0	0	1	21	574	554	2.1	39.2
Query_25765	XM_032268236.1	100.000	21	0	0	1	21	535	515	2.1	39.2
Query_25765	XM_032268235.1	100.000	21	0	0	1	21	639	619	2.1	39.2
Query_25765	XR_004274519.1	100.000	21	0	0	1	21	667	647	2.1	39.2
Query_25765	XR_004257690.1	100.000	21	0	0	1	21	514	494	2.1	39.2
Query_25765	XM_032144947.1	100.000	21	0	0	1	21	973	953	2.1	39.2
Query_25765	XM_032144946.1	100.000	21	0	0	1	21	436	416	2.1	39.2
Query_25765	XM_032144945.1	100.000	21	0	0	1	21	1078	1058	2.1	39.2
Query_25765	LR738420.1	100.000	21	0	0	1	21	1048079	1048059	2.1	39.2
Query_25765	XM_023195766.3	100.000	21	0	0	1	21	555	535	2.1	39.2
Query_25765	NM_001194836.2	100.000	21	0	0	1	21	591	571	2.1	39.2
Query_25765	LR738629.1	100.000	21	0	0	1	21	1064780	1064760	2.1	39.2
Query_25765	LR738627.1	100.000	21	0	0	1	21	59644022	59644042	2.1	39.2
Query_25765	LR738608.1	100.000	21	0	0	1	21	40583587	40583607	2.1	39.2
Query_25765	XM_009195636.2	100.000	21	0	0	1	21	536	516	2.1	39.2
Query_25765	XM_006741952.2	100.000	21	0	0	1	21	348	328	2.1	39.2
Query_25765	XM_031002695.1	100.000	21	0	0	1	21	568	548	2.1	39.2
Query_25765	XM_031002694.1	100.000	21	0	0	1	21	568	548	2.1	39.2
Query_25765	XM_004056937.3	100.000	21	0	0	1	21	535	515	2.1	39.2
Query_25765	XM_004056936.3	100.000	21	0	0	1	21	689	669	2.1	39.2
Query_25765	XM_004056938.3	100.000	21	0	0	1	21	533	513	2.1	39.2
Query_25765	XM_019012582.2	100.000	21	0	0	1	21	533	513	2.1	39.2
Query_25765	XM_030924821.1	100.000	21	0	0	1	21	680	660	2.1	39.2
Query_25765	XM_030798768.1	100.000	21	0	0	1	21	564	544	2.1	39.2
Query_25765	XM_030798767.1	100.000	21	0	0	1	21	564	544	2.1	39.2
Query_25765	XM_030798765.1	100.000	21	0	0	1	21	670	650	2.1	39.2
Query_25765	XM_030798764.1	100.000	21	0	0	1	21	973	953	2.1	39.2
Query_25765	XM_030798763.1	100.000	21	0	0	1	21	670	650	2.1	39.2
Query_25765	XM_030798762.1	100.000	21	0	0	1	21	1067	1047	2.1	39.2
Query_25765	XM_030301532.1	100.000	21	0	0	1	21	521	501	2.1	39.2
Query_25765	XM_008856164.2	100.000	21	0	0	1	21	669	649	2.1	39.2
Query_25765	XM_008856163.3	100.000	21	0	0	1	21	556	536	2.1	39.2
Query_25765	XM_029557704.1	100.000	21	0	0	1	21	578	558	2.1	39.2
Query_25765	NM_194260.3	100.000	21	0	0	1	21	689	669	2.1	39.2
Query_25765	NM_194261.3	100.000	21	0	0	1	21	541	521	2.1	39.2
Query_25765	NM_194259.3	100.000	21	0	0	1	21	816	796	2.1	39.2
Query_25765	XM_028840603.1	100.000	21	0	0	1	21	586	566	2.1	39.2
Query_25765	XM_028840602.1	100.000	21	0	0	1	21	590	570	2.1	39.2
Query_25765	XM_001118584.4	100.000	21	0	0	1	21	535	515	2.1	39.2
Query_25765	XM_028840601.1	100.000	21	0	0	1	21	525	505	2.1	39.2
Query_25765	NM_003345.5	100.000	21	0	0	1	21	559	539	2.1	39.2
Query_25765	XM_027043666.1	100.000	21	0	0	1	21	476	456	2.1	39.2
Query_25765	XM_026451033.1	100.000	21	0	0	1	21	471	451	2.1	39.2
Query_25765	XM_026451032.1	100.000	21	0	0	1	21	818	798	2.1	39.2
Query_25765	XM_026385521.1	100.000	21	0	0	1	21	530	510	2.1	39.2
Query_25765	XM_026385520.1	100.000	21	0	0	1	21	445	425	2.1	39.2
Query_25765	XM_026385519.1	100.000	21	0	0	1	21	571	551	2.1	39.2
Query_25765	XM_028041979.1	100.000	21	0	0	1	21	757	737	2.1	39.2
Query_25765	XM_028111650.1	100.000	21	0	0	1	21	433	413	2.1	39.2
Query_25765	XM_027940479.1	100.000	21	0	0	1	21	440	420	2.1	39.2
Query_25765	XM_006146363.2	100.000	21	0	0	1	21	878	858	2.1	39.2
Query_25765	CP034494.1	100.000	21	0	0	1	21	1310515	1310495	2.1	39.2
Query_25765	CP034494.1	100.000	21	0	0	1	21	90535833	90535813	2.1	39.2
Query_25765	XM_040459494.1	100.000	21	0	0	1	21	421	401	2.1	39.2
Query_25765	XM_040276599.1	100.000	21	0	0	1	21	444	424	2.1	39.2
Query_25765	XM_021734858.2	100.000	21	0	0	1	21	556	536	2.1	39.2
Query_25765	HG994394.1	100.000	21	0	0	1	21	3629752	3629772	2.1	39.2
Query_25765	HG994389.1	100.000	21	0	0	1	21	40259589	40259609	2.1	39.2
Query_25765	XM_039478291.1	100.000	21	0	0	1	21	565	545	2.1	39.2
Query_25765	XM_039478290.1	100.000	21	0	0	1	21	438	418	2.1	39.2
Query_25765	CP068262.1	100.000	21	0	0	1	21	1336698	1336678	2.1	39.2
Query_25765	XM_038669653.1	100.000	21	0	0	1	21	478	458	2.1	39.2
Query_25765	XM_038669652.1	100.000	21	0	0	1	21	532	512	2.1	39.2
Query_25765	XM_038669651.1	100.000	21	0	0	1	21	552	532	2.1	39.2
Query_25765	XM_005621733.4	100.000	21	0	0	1	21	478	458	2.1	39.2
Query_25765	XM_005621732.4	100.000	21	0	0	1	21	532	512	2.1	39.2
Query_25765	XM_038550713.1	100.000	21	0	0	1	21	549	529	2.1	39.2
Query_25765	XM_037990067.1	100.000	21	0	0	1	21	556	536	2.1	39.2
Query_25765	XM_017510963.2	100.000	21	0	0	1	21	568	548	2.1	39.2
Query_25765	XM_037005648.1	100.000	21	0	0	1	21	534	514	2.1	39.2
Query_25765	XM_036915868.1	100.000	21	0	0	1	21	568	548	2.1	39.2
Query_25765	AP023476.1	100.000	21	0	0	1	21	1334344	1334324	2.1	39.2
Query_25765	LR880652.1	100.000	21	0	0	1	21	8071805	8071825	2.1	39.2
Query_25765	XM_036083379.1	100.000	21	0	0	1	21	540	520	2.1	39.2
Query_25765	XM_025417077.2	100.000	21	0	0	1	21	476	456	2.1	39.2
Query_25765	XM_025417076.2	100.000	21	0	0	1	21	513	493	2.1	39.2
Query_25765	XM_025417075.2	100.000	21	0	0	1	21	552	532	2.1	39.2
Query_25765	XM_027612084.2	100.000	21	0	0	1	21	547	527	2.1	39.2
Query_25765	XM_009008883.2	100.000	21	0	0	1	21	679	659	2.1	39.2
Query_25765	XM_035266442.1	100.000	21	0	0	1	21	509	489	2.1	39.2
Query_25765	XM_035266441.1	100.000	21	0	0	1	21	670	650	2.1	39.2
Query_25765	XM_035266439.1	100.000	21	0	0	1	21	568	548	2.1	39.2
Query_25765	XM_035266438.1	100.000	21	0	0	1	21	557	537	2.1	39.2
Query_25765	XM_035266440.1	100.000	21	0	0	1	21	951	931	2.1	39.2
Query_25765	XM_035266437.1	100.000	21	0	0	1	21	2946	2926	2.1	39.2
Query_25765	XM_009008885.2	100.000	21	0	0	1	21	692	672	2.1	39.2


