# blastn
# Iteration: 0
# Query: 
# RID: 6MT8CJMG013
# Database: nt
# Fields: query acc.ver, subject acc.ver, % identity, alignment length, mismatches, gap opens, q. start, q. end, s. start, s. end, evalue, bit score
# 100 hits found
Query_30805	XM_034991888.1	100.000	21	0	0	1	21	1969	1949	2.0	39.2
Query_30805	XM_034991887.1	100.000	21	0	0	1	21	2053	2033	2.0	39.2
Query_30805	XM_034991886.1	100.000	21	0	0	1	21	2011	1991	2.0	39.2
Query_30805	XM_034921326.1	100.000	21	0	0	1	21	2229	2209	2.0	39.2
Query_30805	XM_034921325.1	100.000	21	0	0	1	21	2030	2010	2.0	39.2
Query_30805	XM_034921324.1	100.000	21	0	0	1	21	2120	2100	2.0	39.2
Query_30805	XM_034921323.1	100.000	21	0	0	1	21	2145	2125	2.0	39.2
Query_30805	XM_034921322.1	100.000	21	0	0	1	21	2142	2122	2.0	39.2
Query_30805	XM_034921321.1	100.000	21	0	0	1	21	2266	2246	2.0	39.2
Query_30805	XM_034921320.1	100.000	21	0	0	1	21	2271	2251	2.0	39.2
Query_30805	XM_034962171.1	100.000	21	0	0	1	21	1870	1850	2.0	39.2
Query_30805	XM_013355738.3	100.000	21	0	0	1	21	2121	2101	2.0	39.2
Query_30805	XM_021721854.2	100.000	21	0	0	1	21	2169	2149	2.0	39.2
Query_30805	HG994392.1	100.000	21	0	0	1	21	13810277	13810257	2.0	39.2
Query_30805	XM_039854831.1	100.000	21	0	0	1	21	1949	1929	2.0	39.2
Query_30805	XM_039854830.1	100.000	21	0	0	1	21	2353	2333	2.0	39.2
Query_30805	XM_039854829.1	100.000	21	0	0	1	21	2247	2227	2.0	39.2
Query_30805	XM_039854828.1	100.000	21	0	0	1	21	2032	2012	2.0	39.2
Query_30805	XM_039854827.1	100.000	21	0	0	1	21	2091	2071	2.0	39.2
Query_30805	XM_039854826.1	100.000	21	0	0	1	21	2392	2372	2.0	39.2
Query_30805	XM_039466881.1	100.000	21	0	0	1	21	2158	2138	2.0	39.2
Query_30805	XM_010333936.2	100.000	21	0	0	1	21	2208	2188	2.0	39.2
Query_30805	XM_039466875.1	100.000	21	0	0	1	21	2034	2014	2.0	39.2
Query_30805	XM_039231230.1	100.000	21	0	0	1	21	2032	2012	2.0	39.2
Query_30805	XM_038683648.1	100.000	21	0	0	1	21	1984	1964	2.0	39.2
Query_30805	XM_038683647.1	100.000	21	0	0	1	21	2044	2024	2.0	39.2
Query_30805	XM_038683646.1	100.000	21	0	0	1	21	2026	2006	2.0	39.2
Query_30805	XM_005627398.4	100.000	21	0	0	1	21	1984	1964	2.0	39.2
Query_30805	XM_014118472.3	100.000	21	0	0	1	21	2044	2024	2.0	39.2
Query_30805	XM_846912.7	100.000	21	0	0	1	21	2026	2006	2.0	39.2
Query_30805	XM_007972423.2	100.000	21	0	0	1	21	2106	2086	2.0	39.2
Query_30805	XM_038006128.1	100.000	21	0	0	1	21	2131	2111	2.0	39.2
Query_30805	XM_038006127.1	100.000	21	0	0	1	21	2027	2007	2.0	39.2
Query_30805	XM_007972424.2	100.000	21	0	0	1	21	2170	2150	2.0	39.2
Query_30805	XM_007972422.2	100.000	21	0	0	1	21	2066	2046	2.0	39.2
Query_30805	XM_037843300.1	100.000	21	0	0	1	21	1931	1911	2.0	39.2
Query_30805	XM_037843299.1	100.000	21	0	0	1	21	1982	1962	2.0	39.2
Query_30805	XM_037843298.1	100.000	21	0	0	1	21	2034	2014	2.0	39.2
Query_30805	XM_037843297.1	100.000	21	0	0	1	21	2021	2001	2.0	39.2
Query_30805	XM_017547408.2	100.000	21	0	0	1	21	2013	1993	2.0	39.2
Query_30805	XM_037745344.1	100.000	21	0	0	1	21	2085	2065	2.0	39.2
Query_30805	XM_017547404.2	100.000	21	0	0	1	21	2054	2034	2.0	39.2
Query_30805	XM_017547403.2	100.000	21	0	0	1	21	2111	2091	2.0	39.2
Query_30805	XM_017547402.2	100.000	21	0	0	1	21	2029	2009	2.0	39.2
Query_30805	XM_037519798.1	100.000	21	0	0	1	21	2024	2004	2.0	39.2
Query_30805	XM_037519797.1	100.000	21	0	0	1	21	1957	1937	2.0	39.2
Query_30805	XM_037142609.1	100.000	21	0	0	1	21	1990	1970	2.0	39.2
Query_30805	XM_037142608.1	100.000	21	0	0	1	21	2083	2063	2.0	39.2
Query_30805	XM_037142607.1	100.000	21	0	0	1	21	2029	2009	2.0	39.2
Query_30805	XM_037124951.1	100.000	21	0	0	1	21	2211	2191	2.0	39.2
Query_30805	XM_037124950.1	100.000	21	0	0	1	21	2251	2231	2.0	39.2
Query_30805	XM_037124949.1	100.000	21	0	0	1	21	1927	1907	2.0	39.2
Query_30805	XM_037124948.1	100.000	21	0	0	1	21	2254	2234	2.0	39.2
Query_30805	XM_037053815.1	100.000	21	0	0	1	21	1999	1979	2.0	39.2
Query_30805	XM_037053808.1	100.000	21	0	0	1	21	2104	2084	2.0	39.2
Query_30805	XM_037053800.1	100.000	21	0	0	1	21	2038	2018	2.0	39.2
Query_30805	LR884474.1	100.000	21	0	0	1	21	10900228	10900248	2.0	39.2
Query_30805	XM_036414075.1	100.000	21	0	0	1	21	2052	2032	2.0	39.2
Query_30805	XM_036414074.1	100.000	21	0	0	1	21	2012	1992	2.0	39.2
Query_30805	XM_036414072.1	100.000	21	0	0	1	21	2113	2093	2.0	39.2
Query_30805	XM_036414071.1	100.000	21	0	0	1	21	2051	2031	2.0	39.2
Query_30805	XM_036316794.1	100.000	21	0	0	1	21	1719	1699	2.0	39.2
Query_30805	XM_036316793.1	100.000	21	0	0	1	21	1758	1738	2.0	39.2
Query_30805	XM_036316792.1	100.000	21	0	0	1	21	1838	1818	2.0	39.2
Query_30805	XM_036316791.1	100.000	21	0	0	1	21	1992	1972	2.0	39.2
Query_30805	XM_036316790.1	100.000	21	0	0	1	21	2199	2179	2.0	39.2
Query_30805	XM_036316789.1	100.000	21	0	0	1	21	2031	2011	2.0	39.2
Query_30805	XM_036248030.1	100.000	21	0	0	1	21	2026	2006	2.0	39.2
Query_30805	XM_036248029.1	100.000	21	0	0	1	21	2057	2037	2.0	39.2
Query_30805	XM_036218441.1	100.000	21	0	0	1	21	2042	2022	2.0	39.2
Query_30805	XM_036218440.1	100.000	21	0	0	1	21	1914	1894	2.0	39.2
Query_30805	XM_036218439.1	100.000	21	0	0	1	21	2163	2143	2.0	39.2
Query_30805	XM_016128649.2	100.000	21	0	0	1	21	2015	1995	2.0	39.2
Query_30805	XM_016128651.2	100.000	21	0	0	1	21	2003	1983	2.0	39.2
Query_30805	XM_016128648.2	100.000	21	0	0	1	21	2042	2022	2.0	39.2
Query_30805	XM_036082770.1	100.000	21	0	0	1	21	2001	1981	2.0	39.2
Query_30805	XM_036082769.1	100.000	21	0	0	1	21	1932	1912	2.0	39.2
Query_30805	XM_036082767.1	100.000	21	0	0	1	21	2043	2023	2.0	39.2
Query_30805	XM_028508568.2	100.000	21	0	0	1	21	2155	2135	2.0	39.2
Query_30805	XM_028508566.2	100.000	21	0	0	1	21	2018	1998	2.0	39.2
Query_30805	XM_028508565.2	100.000	21	0	0	1	21	2057	2037	2.0	39.2
Query_30805	XM_036024155.1	100.000	21	0	0	1	21	2219	2199	2.0	39.2
Query_30805	XM_036024154.1	100.000	21	0	0	1	21	2297	2277	2.0	39.2
Query_30805	XM_036024153.1	100.000	21	0	0	1	21	2258	2238	2.0	39.2
Query_30805	XM_025418885.2	100.000	21	0	0	1	21	1989	1969	2.0	39.2
Query_30805	XM_035697506.1	100.000	21	0	0	1	21	2172	2152	2.0	39.2
Query_30805	XM_025418884.2	100.000	21	0	0	1	21	2044	2024	2.0	39.2
Query_30805	XM_025418883.2	100.000	21	0	0	1	21	2031	2011	2.0	39.2
Query_30805	XM_027602293.2	100.000	21	0	0	1	21	3292	3272	2.0	39.2
Query_30805	XM_027602292.2	100.000	21	0	0	1	21	3331	3311	2.0	39.2
Query_30805	XM_027602291.2	100.000	21	0	0	1	21	3373	3353	2.0	39.2
Query_30805	LR862362.1	100.000	21	0	0	1	21	11326368	11326348	2.0	39.2
Query_30805	XM_035295753.1	100.000	21	0	0	1	21	2091	2071	2.0	39.2
Query_30805	XM_035295752.1	100.000	21	0	0	1	21	2014	1994	2.0	39.2
Query_30805	XM_035295750.1	100.000	21	0	0	1	21	2214	2194	2.0	39.2
Query_30805	XM_035295749.1	100.000	21	0	0	1	21	2044	2024	2.0	39.2
Query_30805	XM_035295748.1	100.000	21	0	0	1	21	2058	2038	2.0	39.2
Query_30805	XM_035295747.1	100.000	21	0	0	1	21	2088	2068	2.0	39.2
Query_30805	XM_035295746.1	100.000	21	0	0	1	21	2213	2193	2.0	39.2
Query_30805	XM_035295745.1	100.000	21	0	0	1	21	2063	2043	2.0	39.2


