# blastn
# Iteration: 0
# Query: 
# RID: 73N9YNPN01R
# Database: nt
# Fields: query acc.ver, subject acc.ver, % identity, alignment length, mismatches, gap opens, q. start, q. end, s. start, s. end, evalue, bit score
# 86 hits found
Query_200785	XM_035027375.1	100.000	21	0	0	1	21	1139	1119	2.0	39.2
Query_200785	XM_003817410.4	100.000	21	0	0	1	21	1066	1046	2.0	39.2
Query_200785	AP023165.1	100.000	21	0	0	1	21	32209258	32209278	2.0	39.2
Query_200785	XM_019795727.2	100.000	21	0	0	1	21	1161	1141	2.0	39.2
Query_200785	XM_033183585.1	100.000	21	0	0	1	21	1075	1055	2.0	39.2
Query_200785	XM_033089132.1	100.000	21	0	0	1	21	1091	1071	2.0	39.2
Query_200785	XR_004384313.1	100.000	21	0	0	1	21	1388	1368	2.0	39.2
Query_200785	XM_032872008.1	100.000	21	0	0	1	21	1388	1368	2.0	39.2
Query_200785	XM_006181400.3	100.000	21	0	0	1	21	1164	1144	2.0	39.2
Query_200785	XM_032428988.1	100.000	21	0	0	1	21	1146	1126	2.0	39.2
Query_200785	XM_032321978.1	100.000	21	0	0	1	21	1516	1496	2.0	39.2
Query_200785	XM_032280103.1	100.000	21	0	0	1	21	1165	1145	2.0	39.2
Query_200785	XM_032162573.1	100.000	21	0	0	1	21	1075	1055	2.0	39.2
Query_200785	LR738418.1	100.000	21	0	0	1	21	31286057	31286037	2.0	39.2
Query_200785	XM_023203969.3	100.000	21	0	0	1	21	1074	1054	2.0	39.2
Query_200785	XM_006216420.2	100.000	21	0	0	1	21	222	202	2.0	39.2
Query_200785	XM_003912784.4	100.000	21	0	0	1	21	1151	1131	2.0	39.2
Query_200785	XM_031468094.1	100.000	21	0	0	1	21	1049	1029	2.0	39.2
Query_200785	XM_019026567.2	100.000	21	0	0	1	21	1125	1105	2.0	39.2
Query_200785	XM_010380650.2	100.000	21	0	0	1	21	1075	1055	2.0	39.2
Query_200785	XM_003272285.3	100.000	21	0	0	1	21	1427	1407	2.0	39.2
Query_200785	NM_005450.6	100.000	21	0	0	1	21	1081	1061	2.0	39.2
Query_200785	XM_030296487.1	100.000	21	0	0	1	21	1187	1167	2.0	39.2
Query_200785	XM_029928309.1	100.000	21	0	0	1	21	770	750	2.0	39.2
Query_200785	XM_027034179.1	100.000	21	0	0	1	21	1187	1167	2.0	39.2
Query_200785	XM_026517916.1	100.000	21	0	0	1	21	1022	1002	2.0	39.2
Query_200785	XM_008147742.2	100.000	21	0	0	1	21	1205	1185	2.0	39.2
Query_200785	XM_028092977.1	100.000	21	0	0	1	21	556	536	2.0	39.2
Query_200785	CP034495.1	100.000	21	0	0	1	21	54672140	54672120	2.0	39.2
Query_200785	XM_025851038.1	100.000	21	0	0	1	21	556	536	2.0	39.2
Query_200785	XM_025362689.1	100.000	21	0	0	1	21	1130	1110	2.0	39.2
Query_200785	XM_006924856.3	100.000	21	0	0	1	21	900	880	2.0	39.2
Query_200785	XM_011732968.2	100.000	21	0	0	1	21	1186	1166	2.0	39.2
Query_200785	XM_523802.6	100.000	21	0	0	1	21	1136	1116	2.0	39.2
Query_200785	XM_002827353.4	100.000	21	0	0	1	21	1075	1055	2.0	39.2
Query_200785	XM_023652827.1	100.000	21	0	0	1	21	1158	1138	2.0	39.2
Query_200785	XM_011365003.2	100.000	21	0	0	1	21	1075	1055	2.0	39.2
Query_200785	XM_011279931.3	100.000	21	0	0	1	21	1180	1160	2.0	39.2
Query_200785	XM_022510017.1	100.000	21	0	0	1	21	556	536	2.0	39.2
Query_200785	XM_012460453.2	100.000	21	0	0	1	21	1167	1147	2.0	39.2
Query_200785	XM_021704444.1	100.000	21	0	0	1	21	570	550	2.0	39.2
Query_200785	LT744950.1	100.000	21	0	0	1	21	1043	1023	2.0	39.2
Query_200785	XM_019636610.1	100.000	21	0	0	1	21	1171	1151	2.0	39.2
Query_200785	XM_019415688.1	100.000	21	0	0	1	21	710	690	2.0	39.2
Query_200785	XM_017866509.1	100.000	21	0	0	1	21	1152	1132	2.0	39.2
Query_200785	XM_006779310.2	100.000	21	0	0	1	21	457	437	2.0	39.2
Query_200785	XM_005583787.2	100.000	21	0	0	1	21	1075	1055	2.0	39.2
Query_200785	XM_014861061.1	100.000	21	0	0	1	21	969	949	2.0	39.2
Query_200785	XM_004434751.2	100.000	21	0	0	1	21	1167	1147	2.0	39.2
Query_200785	XM_005872564.2	100.000	21	0	0	1	21	559	539	2.0	39.2
Query_200785	XM_004747353.2	100.000	21	0	0	1	21	1170	1150	2.0	39.2
Query_200785	XM_012054883.1	100.000	21	0	0	1	21	1075	1055	2.0	39.2
Query_200785	XM_011953737.1	100.000	21	0	0	1	21	564	544	2.0	39.2
Query_200785	XM_011979238.1	100.000	21	0	0	1	21	519	499	2.0	39.2
Query_200785	XM_010951088.1	100.000	21	0	0	1	21	636	616	2.0	39.2
Query_200785	XM_008695620.1	100.000	21	0	0	1	21	691	671	2.0	39.2
Query_200785	XM_008519820.1	100.000	21	0	0	1	21	899	879	2.0	39.2
Query_200785	KJ892724.1	100.000	21	0	0	1	21	621	601	2.0	39.2
Query_200785	XM_006729838.1	100.000	21	0	0	1	21	1076	1056	2.0	39.2
Query_200785	XM_004405187.1	100.000	21	0	0	1	21	1076	1056	2.0	39.2
Query_200785	XM_039885709.1	100.000	21	0	0	1	21	1075	1055	2.0	39.2
Query_200785	XM_003931333.3	100.000	21	0	0	1	21	1736	1716	2.0	39.2
Query_200785	CP068261.1	100.000	21	0	0	1	21	57471192	57471172	2.0	39.2
Query_200785	XM_008011393.2	100.000	21	0	0	1	21	1142	1122	2.0	39.2
Query_200785	XM_017538823.2	100.000	21	0	0	1	21	1074	1054	2.0	39.2
Query_200785	XM_017654997.2	100.000	21	0	0	1	21	1164	1144	2.0	39.2
Query_200785	XM_036879834.1	100.000	21	0	0	1	21	1157	1137	2.0	39.2
Query_200785	NM_001265629.1	100.000	21	0	0	1	21	566	546	2.0	39.2
Query_200785	XM_036342124.1	100.000	21	0	0	1	21	589	569	2.0	39.2
Query_200785	XM_036269265.1	100.000	21	0	0	1	21	1088	1068	2.0	39.2
Query_200785	XM_016155130.2	100.000	21	0	0	1	21	1145	1125	2.0	39.2
Query_200785	AP023477.1	100.000	21	0	0	1	21	54043992	54043972	2.0	39.2
Query_200785	XM_036106165.1	100.000	21	0	0	1	21	1156	1136	2.0	39.2
Query_200785	XM_027626595.2	100.000	21	0	0	1	21	1140	1120	2.0	39.2
Query_200785	XM_002748399.4	100.000	21	0	0	1	21	1076	1056	2.0	39.2
Query_200785	NG_011958.1	100.000	21	0	0	1	21	6081	6061	2.0	39.2
Query_200785	CU689813.1	100.000	21	0	0	1	21	159	179	2.0	39.2
Query_200785	AK314080.1	100.000	21	0	0	1	21	1081	1061	2.0	39.2
Query_200785	AY650332.1	100.000	21	0	0	1	21	292	272	2.0	39.2
Query_200785	BC034027.1	100.000	21	0	0	1	21	866	846	2.0	39.2
Query_200785	AF510666.1	100.000	21	0	0	1	21	773	753	2.0	39.2
Query_200785	AC015724.9	100.000	21	0	0	1	21	61024	61044	2.0	39.2
Query_200785	AY890603.1	100.000	21	0	0	1	21	556	536	2.0	39.2
Query_200785	AY893078.1	100.000	21	0	0	1	21	556	536	2.0	39.2
Query_200785	AC005553.1	100.000	21	0	0	1	21	145647	145667	2.0	39.2
Query_200785	U31202.1	100.000	21	0	0	1	21	1367	1347	2.0	39.2


