# blastn
# Iteration: 0
# Query: 
# RID: 8YAWXVY2013
# Database: nt
# Fields: query acc.ver, subject acc.ver, % identity, alignment length, mismatches, gap opens, q. start, q. end, s. start, s. end, evalue, bit score
# 100 hits found
Query_56887	LR812507.1	100.000	21	0	0	1	21	51499450	51499430	2.1	39.2
Query_56887	XM_034986442.1	100.000	21	0	0	1	21	622	602	2.1	39.2
Query_56887	XM_034945734.1	100.000	21	0	0	1	21	545	525	2.1	39.2
Query_56887	AP023166.1	100.000	21	0	0	1	21	5448375	5448395	2.1	39.2
Query_56887	XM_033844831.1	100.000	21	0	0	1	21	834	814	2.1	39.2
Query_56887	XM_004283250.2	100.000	21	0	0	1	21	834	814	2.1	39.2
Query_56887	XM_033224775.1	100.000	21	0	0	1	21	890	870	2.1	39.2
Query_56887	XM_032614966.1	100.000	21	0	0	1	21	834	814	2.1	39.2
Query_56887	XM_032487481.1	100.000	21	0	0	1	21	834	814	2.1	39.2
Query_56887	XM_014564844.2	100.000	21	0	0	1	21	354	334	2.1	39.2
Query_56887	XM_032388640.1	100.000	21	0	0	1	21	963	943	2.1	39.2
Query_56887	XM_032171460.1	100.000	21	0	0	1	21	605	585	2.1	39.2
Query_56887	XM_023197562.3	100.000	21	0	0	1	21	886	866	2.1	39.2
Query_56887	NM_001194143.2	100.000	21	0	0	1	21	968	948	2.1	39.2
Query_56887	LR738628.1	100.000	21	0	0	1	21	74931398	74931418	2.1	39.2
Query_56887	LR738606.1	100.000	21	0	0	1	21	66406559	66406539	2.1	39.2
Query_56887	XM_031659367.1	100.000	21	0	0	1	21	959	939	2.1	39.2
Query_56887	XM_010989212.2	100.000	21	0	0	1	21	827	807	2.1	39.2
Query_56887	XM_031457488.1	100.000	21	0	0	1	21	762	742	2.1	39.2
Query_56887	XM_006747778.2	100.000	21	0	0	1	21	863	843	2.1	39.2
Query_56887	XM_004061618.3	100.000	21	0	0	1	21	897	877	2.1	39.2
Query_56887	XR_002003000.2	100.000	21	0	0	1	21	481	461	2.1	39.2
Query_56887	XM_010361181.2	100.000	21	0	0	1	21	864	844	2.1	39.2
Query_56887	XM_030848376.1	100.000	21	0	0	1	21	834	814	2.1	39.2
Query_56887	XM_030819428.1	100.000	21	0	0	1	21	1193	1173	2.1	39.2
Query_56887	XM_022564888.2	100.000	21	0	0	1	21	855	835	2.1	39.2
Query_56887	XM_030297580.1	100.000	21	0	0	1	21	380	360	2.1	39.2
Query_56887	XM_029926448.1	100.000	21	0	0	1	21	358	338	2.1	39.2
Query_56887	XM_029240889.1	100.000	21	0	0	1	21	897	877	2.1	39.2
Query_56887	NM_003969.4	100.000	21	0	0	1	21	548	528	2.1	39.2
Query_56887	XM_007123110.3	100.000	21	0	0	1	21	889	869	2.1	39.2
Query_56887	XM_027097413.1	100.000	21	0	0	1	21	897	877	2.1	39.2
Query_56887	XM_027037588.1	100.000	21	0	0	1	21	408	388	2.1	39.2
Query_56887	XM_026489448.1	100.000	21	0	0	1	21	375	355	2.1	39.2
Query_56887	XM_028093366.1	100.000	21	0	0	1	21	577	557	2.1	39.2
Query_56887	XM_027978947.1	100.000	21	0	0	1	21	367	347	2.1	39.2
Query_56887	XM_027978946.1	100.000	21	0	0	1	21	402	382	2.1	39.2
Query_56887	XM_027978945.1	100.000	21	0	0	1	21	367	347	2.1	39.2
Query_56887	CP034522.1	100.000	21	0	0	1	21	59008083	59008103	2.1	39.2
Query_56887	CP034497.1	100.000	21	0	0	1	21	59008083	59008103	2.1	39.2
Query_56887	XM_027619724.1	100.000	21	0	0	1	21	577	557	2.1	39.2
Query_56887	XM_027514594.1	100.000	21	0	0	1	21	881	861	2.1	39.2
Query_56887	XM_025984386.1	100.000	21	0	0	1	21	95	75	2.1	39.2
Query_56887	XM_025984385.1	100.000	21	0	0	1	21	322	302	2.1	39.2
Query_56887	XM_025849383.1	100.000	21	0	0	1	21	577	557	2.1	39.2
Query_56887	XM_025848705.1	100.000	21	0	0	1	21	577	557	2.1	39.2
Query_56887	XM_025367066.1	100.000	21	0	0	1	21	1160	1140	2.1	39.2
Query_56887	XM_025367065.1	100.000	21	0	0	1	21	1160	1140	2.1	39.2
Query_56887	XM_025270420.1	100.000	21	0	0	1	21	422	402	2.1	39.2
Query_56887	XM_006067295.2	100.000	21	0	0	1	21	404	384	2.1	39.2
Query_56887	XM_015458446.2	100.000	21	0	0	1	21	881	861	2.1	39.2
Query_56887	XM_011751675.2	100.000	21	0	0	1	21	969	949	2.1	39.2
Query_56887	XM_024740917.1	100.000	21	0	0	1	21	318	298	2.1	39.2
Query_56887	XM_024570231.1	100.000	21	0	0	1	21	363	343	2.1	39.2
Query_56887	XM_016937020.2	100.000	21	0	0	1	21	1003	983	2.1	39.2
Query_56887	XM_024237018.1	100.000	21	0	0	1	21	913	893	2.1	39.2
Query_56887	XM_001495644.6	100.000	21	0	0	1	21	895	875	2.1	39.2
Query_56887	XM_011384637.2	100.000	21	0	0	1	21	882	862	2.1	39.2
Query_56887	XM_023245780.1	100.000	21	0	0	1	21	399	379	2.1	39.2
Query_56887	XM_021708408.1	100.000	21	0	0	1	21	615	595	2.1	39.2
Query_56887	XM_012473155.2	100.000	21	0	0	1	21	928	908	2.1	39.2
Query_56887	XM_021691852.1	100.000	21	0	0	1	21	921	901	2.1	39.2
Query_56887	XM_021691850.1	100.000	21	0	0	1	21	920	900	2.1	39.2
Query_56887	XM_021246106.1	100.000	21	0	0	1	21	333	313	2.1	39.2
Query_56887	XM_004866522.3	100.000	21	0	0	1	21	906	886	2.1	39.2
Query_56887	XM_021097419.1	100.000	21	0	0	1	21	754	734	2.1	39.2
Query_56887	XM_012752406.2	100.000	21	0	0	1	21	946	926	2.1	39.2
Query_56887	LT735850.1	100.000	21	0	0	1	21	805	785	2.1	39.2
Query_56887	XM_019978166.1	100.000	21	0	0	1	21	367	347	2.1	39.2
Query_56887	XM_019633350.1	100.000	21	0	0	1	21	914	894	2.1	39.2
Query_56887	XM_019438696.1	100.000	21	0	0	1	21	821	801	2.1	39.2
Query_56887	XM_019438694.1	100.000	21	0	0	1	21	821	801	2.1	39.2
Query_56887	XM_019102815.1	100.000	21	0	0	1	21	544	524	2.1	39.2
Query_56887	XM_019102814.1	100.000	21	0	0	1	21	464	444	2.1	39.2
Query_56887	XM_018063555.1	100.000	21	0	0	1	21	883	863	2.1	39.2
Query_56887	XM_017850506.1	100.000	21	0	0	1	21	898	878	2.1	39.2
Query_56887	XM_002721900.3	100.000	21	0	0	1	21	851	831	2.1	39.2
Query_56887	XM_016536932.1	100.000	21	0	0	1	21	584	564	2.1	39.2
Query_56887	XM_040978181.1	100.000	21	0	0	1	21	573	553	2.1	39.2
Query_56887	XM_040632897.1	100.000	21	0	0	1	21	368	348	2.1	39.2
Query_56887	XM_040465311.1	100.000	21	0	0	1	21	401	381	2.1	39.2
Query_56887	XM_040251831.1	100.000	21	0	0	1	21	400	380	2.1	39.2
Query_56887	XM_040251830.1	100.000	21	0	0	1	21	839	819	2.1	39.2
Query_56887	XM_040251829.1	100.000	21	0	0	1	21	839	819	2.1	39.2
Query_56887	XM_039868785.1	100.000	21	0	0	1	21	878	858	2.1	39.2
Query_56887	CP068259.1	100.000	21	0	0	1	21	61654390	61654410	2.1	39.2
Query_56887	XM_038655543.1	100.000	21	0	0	1	21	863	843	2.1	39.2
Query_56887	XM_541337.6	100.000	21	0	0	1	21	863	843	2.1	39.2
Query_56887	XM_007998466.2	100.000	21	0	0	1	21	1072	1052	2.1	39.2
Query_56887	XM_037517301.1	100.000	21	0	0	1	21	420	400	2.1	39.2
Query_56887	XM_037148485.1	100.000	21	0	0	1	21	496	476	2.1	39.2
Query_56887	XM_037047667.1	100.000	21	0	0	1	21	414	394	2.1	39.2
Query_56887	XM_017678136.2	100.000	21	0	0	1	21	364	344	2.1	39.2
Query_56887	XM_036901378.1	100.000	21	0	0	1	21	1358	1338	2.1	39.2
Query_56887	XM_036833162.1	100.000	21	0	0	1	21	837	817	2.1	39.2
Query_56887	XM_016125757.2	100.000	21	0	0	1	21	553	533	2.1	39.2
Query_56887	AP023479.1	100.000	21	0	0	1	21	59039523	59039543	2.1	39.2
Query_56887	XM_036079788.1	100.000	21	0	0	1	21	577	557	2.1	39.2
Query_56887	XM_028530497.2	100.000	21	0	0	1	21	460	440	2.1	39.2
Query_56887	XM_025421358.2	100.000	21	0	0	1	21	391	371	2.1	39.2


