# blastn
# Iteration: 0
# Query: 
# RID: 6UMU8UUE013
# Database: nt
# Fields: query acc.ver, subject acc.ver, % identity, alignment length, mismatches, gap opens, q. start, q. end, s. start, s. end, evalue, bit score
# 100 hits found
Query_61453	LR812107.1	100.000	21	0	0	1	21	21185820	21185800	2.1	39.2
Query_61453	XM_035005109.1	100.000	21	0	0	1	21	332	312	2.1	39.2
Query_61453	XM_035005108.1	100.000	21	0	0	1	21	836	816	2.1	39.2
Query_61453	XM_034958464.1	100.000	21	0	0	1	21	308	288	2.1	39.2
Query_61453	XM_034771609.1	100.000	21	0	0	1	21	217	197	2.1	39.2
Query_61453	XM_002925166.4	100.000	21	0	0	1	21	281	261	2.1	39.2
Query_61453	XM_034671927.1	100.000	21	0	0	1	21	332	312	2.1	39.2
Query_61453	XM_034508680.1	100.000	21	0	0	1	21	379	359	2.1	39.2
Query_61453	XM_005149121.3	100.000	21	0	0	1	21	578	558	2.1	39.2
Query_61453	XM_040485326.1	100.000	21	0	0	1	21	231	211	2.1	39.2
Query_61453	HG999684.1	100.000	21	0	0	1	21	48989532	48989552	2.1	39.2
Query_61453	XM_005319928.3	100.000	21	0	0	1	21	332	312	2.1	39.2
Query_61453	XM_040238046.1	100.000	21	0	0	1	21	189	169	2.1	39.2
Query_61453	XM_040238044.1	100.000	21	0	0	1	21	423	403	2.1	39.2
Query_61453	XM_040064212.1	100.000	21	0	0	1	21	126	106	2.1	39.2
Query_61453	XM_040064211.1	100.000	21	0	0	1	21	212	192	2.1	39.2
Query_61453	XM_029083081.2	100.000	21	0	0	1	21	184	164	2.1	39.2
Query_61453	XM_029083082.2	100.000	21	0	0	1	21	106	86	2.1	39.2
Query_61453	HG994384.1	100.000	21	0	0	1	21	74333867	74333887	2.1	39.2
Query_61453	XM_039844998.1	100.000	21	0	0	1	21	367	347	2.1	39.2
Query_61453	XM_039844997.1	100.000	21	0	0	1	21	205	185	2.1	39.2
Query_61453	XM_039844995.1	100.000	21	0	0	1	21	312	292	2.1	39.2
Query_61453	XM_039699084.1	100.000	21	0	0	1	21	239	219	2.1	39.2
Query_61453	XM_039699083.1	100.000	21	0	0	1	21	253	233	2.1	39.2
Query_61453	XM_039550530.1	100.000	21	0	0	1	21	227	207	2.1	39.2
Query_61453	XM_039539606.1	100.000	21	0	0	1	21	251	231	2.1	39.2
Query_61453	XM_003940989.2	100.000	21	0	0	1	21	183	163	2.1	39.2
Query_61453	XM_039226965.1	100.000	21	0	0	1	21	83	63	2.1	39.2
Query_61453	XM_039226963.1	100.000	21	0	0	1	21	326	306	2.1	39.2
Query_61453	XM_039091716.1	100.000	21	0	0	1	21	430	410	2.1	39.2
Query_61453	XM_038661950.1	100.000	21	0	0	1	21	337	317	2.1	39.2
Query_61453	XM_003434394.5	100.000	21	0	0	1	21	337	317	2.1	39.2
Query_61453	XM_038752828.1	100.000	21	0	0	1	21	154	134	2.1	39.2
Query_61453	XM_038399662.1	100.000	21	0	0	1	21	173	153	2.1	39.2
Query_61453	XM_038399661.1	100.000	21	0	0	1	21	208	188	2.1	39.2
Query_61453	XM_038323543.1	100.000	21	0	0	1	21	441	421	2.1	39.2
Query_61453	XM_038136329.1	100.000	21	0	0	1	21	650	630	2.1	39.2
Query_61453	XM_008017600.2	100.000	21	0	0	1	21	386	366	2.1	39.2
Query_61453	XM_037897915.1	100.000	21	0	0	1	21	216	196	2.1	39.2
Query_61453	XM_037829623.1	100.000	21	0	0	1	21	264	244	2.1	39.2
Query_61453	XR_001826530.2	100.000	21	0	0	1	21	255	235	2.1	39.2
Query_61453	XM_017527247.2	100.000	21	0	0	1	21	386	366	2.1	39.2
Query_61453	XM_017527245.2	100.000	21	0	0	1	21	386	366	2.1	39.2
Query_61453	XM_037530493.1	100.000	21	0	0	1	21	313	293	2.1	39.2
Query_61453	XM_037391649.1	100.000	21	0	0	1	21	101	81	2.1	39.2
Query_61453	XM_037391639.1	100.000	21	0	0	1	21	149	129	2.1	39.2
Query_61453	XM_037391629.1	100.000	21	0	0	1	21	201	181	2.1	39.2
Query_61453	XM_037391619.1	100.000	21	0	0	1	21	277	257	2.1	39.2
Query_61453	XM_028882240.2	100.000	21	0	0	1	21	167	147	2.1	39.2
Query_61453	XM_037138033.1	100.000	21	0	0	1	21	328	308	2.1	39.2
Query_61453	XM_037064306.1	100.000	21	0	0	1	21	312	292	2.1	39.2
Query_61453	XM_017662459.2	100.000	21	0	0	1	21	254	234	2.1	39.2
Query_61453	XM_036908505.1	100.000	21	0	0	1	21	256	236	2.1	39.2
Query_61453	XM_036853403.1	100.000	21	0	0	1	21	236	216	2.1	39.2
Query_61453	XM_036852348.1	100.000	21	0	0	1	21	306	286	2.1	39.2
Query_61453	XM_036852347.1	100.000	21	0	0	1	21	349	329	2.1	39.2
Query_61453	XM_036496827.1	100.000	21	0	0	1	21	219	199	2.1	39.2
Query_61453	XM_036496826.1	100.000	21	0	0	1	21	322	302	2.1	39.2
Query_61453	XM_004579145.3	100.000	21	0	0	1	21	278	258	2.1	39.2
Query_61453	XM_036418282.1	100.000	21	0	0	1	21	334	314	2.1	39.2
Query_61453	XM_036381662.1	100.000	21	0	0	1	21	119	99	2.1	39.2
Query_61453	XM_036381661.1	100.000	21	0	0	1	21	246	226	2.1	39.2
Query_61453	XM_036331571.1	100.000	21	0	0	1	21	483	463	2.1	39.2
Query_61453	XM_036331560.1	100.000	21	0	0	1	21	101	81	2.1	39.2
Query_61453	XM_036331552.1	100.000	21	0	0	1	21	104	84	2.1	39.2
Query_61453	XM_036331544.1	100.000	21	0	0	1	21	165	145	2.1	39.2
Query_61453	XM_036258045.1	100.000	21	0	0	1	21	90	70	2.1	39.2
Query_61453	XM_036258037.1	100.000	21	0	0	1	21	156	136	2.1	39.2
Query_61453	XM_036258027.1	100.000	21	0	0	1	21	226	206	2.1	39.2
Query_61453	XM_036258018.1	100.000	21	0	0	1	21	261	241	2.1	39.2
Query_61453	XM_036258009.1	100.000	21	0	0	1	21	314	294	2.1	39.2
Query_61453	XM_036258001.1	100.000	21	0	0	1	21	313	293	2.1	39.2
Query_61453	XM_036228034.1	100.000	21	0	0	1	21	366	346	2.1	39.2
Query_61453	XM_036228032.1	100.000	21	0	0	1	21	60	40	2.1	39.2
Query_61453	XM_036228031.1	100.000	21	0	0	1	21	207	187	2.1	39.2
Query_61453	XM_016119953.2	100.000	21	0	0	1	21	314	294	2.1	39.2
Query_61453	XM_036228030.1	100.000	21	0	0	1	21	327	307	2.1	39.2
Query_61453	XM_036200412.1	100.000	21	0	0	1	21	380	360	2.1	39.2
Query_61453	XM_036112050.1	100.000	21	0	0	1	21	179	159	2.1	39.2
Query_61453	XM_036112045.1	100.000	21	0	0	1	21	311	291	2.1	39.2
Query_61453	XM_036112039.1	100.000	21	0	0	1	21	137	117	2.1	39.2
Query_61453	XM_036112035.1	100.000	21	0	0	1	21	170	150	2.1	39.2
Query_61453	XM_036112026.1	100.000	21	0	0	1	21	253	233	2.1	39.2
Query_61453	XM_030314001.3	100.000	21	0	0	1	21	292	272	2.1	39.2
Query_61453	XM_028507668.2	100.000	21	0	0	1	21	321	301	2.1	39.2
Query_61453	LR877233.1	100.000	21	0	0	1	21	53841749	53841729	2.1	39.2
Query_61453	LR877197.1	100.000	21	0	0	1	21	44506964	44506984	2.1	39.2
Query_61453	XM_035896737.1	100.000	21	0	0	1	21	278	258	2.1	39.2
Query_61453	XM_035714480.1	100.000	21	0	0	1	21	61	41	2.1	39.2
Query_61453	XM_035714479.1	100.000	21	0	0	1	21	64	44	2.1	39.2
Query_61453	XM_025437022.2	100.000	21	0	0	1	21	336	316	2.1	39.2
Query_61453	XM_027599485.2	100.000	21	0	0	1	21	336	316	2.1	39.2
Query_61453	XM_027390757.2	100.000	21	0	0	1	21	306	286	2.1	39.2
Query_61453	XM_003512233.3	100.000	21	0	0	1	21	450	430	2.1	39.2
Query_61453	XM_035326247.1	100.000	21	0	0	1	21	77	57	2.1	39.2
Query_61453	XM_035326246.1	100.000	21	0	0	1	21	104	84	2.1	39.2
Query_61453	XM_035326245.1	100.000	21	0	0	1	21	192	172	2.1	39.2
Query_61453	XM_008993465.3	100.000	21	0	0	1	21	508	488	2.1	39.2
Query_61453	XM_035293864.1	100.000	21	0	0	1	21	101	81	2.1	39.2
Query_61453	XM_002745900.5	100.000	21	0	0	1	21	493	473	2.1	39.2


