# blastn
# Iteration: 0
# Query: 
# RID: 6MEKG6HF016
# Database: nt
# Fields: query acc.ver, subject acc.ver, % identity, alignment length, mismatches, gap opens, q. start, q. end, s. start, s. end, evalue, bit score
# 102 hits found
Query_15241	XM_005325742.4	100.000	21	0	0	1	21	453	433	2.0	39.2
Query_15241	XM_040293037.1	100.000	21	0	0	1	21	344	324	2.0	39.2
Query_15241	XM_005325741.4	100.000	21	0	0	1	21	481	461	2.0	39.2
Query_15241	XM_040237783.1	100.000	21	0	0	1	21	201	181	2.0	39.2
Query_15241	XM_040237782.1	100.000	21	0	0	1	21	186	166	2.0	39.2
Query_15241	XR_005720632.1	100.000	21	0	0	1	21	477	457	2.0	39.2
Query_15241	XM_040237780.1	100.000	21	0	0	1	21	573	553	2.0	39.2
Query_15241	XM_040237779.1	100.000	21	0	0	1	21	452	432	2.0	39.2
Query_15241	XM_040237778.1	100.000	21	0	0	1	21	477	457	2.0	39.2
Query_15241	XM_040237777.1	100.000	21	0	0	1	21	588	568	2.0	39.2
Query_15241	XM_040237776.1	100.000	21	0	0	1	21	576	556	2.0	39.2
Query_15241	XM_040237775.1	100.000	21	0	0	1	21	490	470	2.0	39.2
Query_15241	XM_040237774.1	100.000	21	0	0	1	21	466	446	2.0	39.2
Query_15241	XM_040237773.1	100.000	21	0	0	1	21	489	469	2.0	39.2
Query_15241	XM_040237772.1	100.000	21	0	0	1	21	352	332	2.0	39.2
Query_15241	XM_040237771.1	100.000	21	0	0	1	21	411	391	2.0	39.2
Query_15241	XM_040237769.1	100.000	21	0	0	1	21	490	470	2.0	39.2
Query_15241	XM_040237768.1	100.000	21	0	0	1	21	464	444	2.0	39.2
Query_15241	XM_040237767.1	100.000	21	0	0	1	21	477	457	2.0	39.2
Query_15241	XM_040122586.1	100.000	21	0	0	1	21	515	495	2.0	39.2
Query_15241	XM_040122585.1	100.000	21	0	0	1	21	485	465	2.0	39.2
Query_15241	XM_040122518.1	100.000	21	0	0	1	21	511	491	2.0	39.2
Query_15241	XM_040137245.1	100.000	21	0	0	1	21	672	652	2.0	39.2
Query_15241	XM_040002727.1	100.000	21	0	0	1	21	1083	1063	2.0	39.2
Query_15241	XM_040002726.1	100.000	21	0	0	1	21	511	491	2.0	39.2
Query_15241	XM_040002586.1	100.000	21	0	0	1	21	434	414	2.0	39.2
Query_15241	XM_040002585.1	100.000	21	0	0	1	21	473	453	2.0	39.2
Query_15241	XM_040002583.1	100.000	21	0	0	1	21	1086	1066	2.0	39.2
Query_15241	XM_040002582.1	100.000	21	0	0	1	21	1081	1061	2.0	39.2
Query_15241	XM_040002581.1	100.000	21	0	0	1	21	457	437	2.0	39.2
Query_15241	XM_040002580.1	100.000	21	0	0	1	21	361	341	2.0	39.2
Query_15241	XM_040002579.1	100.000	21	0	0	1	21	709	689	2.0	39.2
Query_15241	HG994414.1	100.000	21	0	0	1	21	17433853	17433833	2.0	39.2
Query_15241	HG994405.1	100.000	21	0	0	1	21	6085582	6085562	2.0	39.2
Query_15241	XM_039785611.1	100.000	21	0	0	1	21	583	563	2.0	39.2
Query_15241	XM_039785610.1	100.000	21	0	0	1	21	583	563	2.0	39.2
Query_15241	XM_039820901.1	100.000	21	0	0	1	21	527	507	2.0	39.2
Query_15241	XM_039820897.1	100.000	21	0	0	1	21	474	454	2.0	39.2
Query_15241	XM_039820896.1	100.000	21	0	0	1	21	439	419	2.0	39.2
Query_15241	XM_031727227.2	100.000	21	0	0	1	21	526	506	2.0	39.2
Query_15241	XM_031727229.2	100.000	21	0	0	1	21	465	445	2.0	39.2
Query_15241	XM_031727228.2	100.000	21	0	0	1	21	689	669	2.0	39.2
Query_15241	HG991966.1	100.000	21	0	0	1	21	3548042	3548022	2.0	39.2
Query_15241	XM_039472325.1	100.000	21	0	0	1	21	361	341	2.0	39.2
Query_15241	XM_003929504.3	100.000	21	0	0	1	21	553	533	2.0	39.2
Query_15241	XM_003929505.3	100.000	21	0	0	1	21	680	660	2.0	39.2
Query_15241	XM_003929502.3	100.000	21	0	0	1	21	488	468	2.0	39.2
Query_15241	XM_010340110.2	100.000	21	0	0	1	21	553	533	2.0	39.2
Query_15241	XM_010340111.2	100.000	21	0	0	1	21	680	660	2.0	39.2
Query_15241	XM_010340109.2	100.000	21	0	0	1	21	488	468	2.0	39.2
Query_15241	XM_039220817.1	100.000	21	0	0	1	21	397	377	2.0	39.2
Query_15241	XM_039220816.1	100.000	21	0	0	1	21	449	429	2.0	39.2
Query_15241	XM_039220815.1	100.000	21	0	0	1	21	428	408	2.0	39.2
Query_15241	LR991644.1	100.000	21	0	0	1	21	7104607	7104587	2.0	39.2
Query_15241	LR991641.1	100.000	21	0	0	1	21	28372232	28372252	2.0	39.2
Query_15241	LR991641.1	100.000	21	0	0	1	21	28423656	28423676	2.0	39.2
Query_15241	LR699042.1	100.000	21	0	0	1	21	6248487	6248507	2.0	39.2
Query_15241	LR699042.1	100.000	20	0	0	1	20	6214970	6214989	7.1	37.4
Query_15241	LR699034.1	100.000	21	0	0	1	21	22458996	22458976	2.0	39.2
Query_15241	XM_006233338.3	100.000	21	0	0	1	21	462	442	2.0	39.2
Query_15241	XM_006233337.3	100.000	21	0	0	1	21	636	616	2.0	39.2
Query_15241	XM_006233336.4	100.000	21	0	0	1	21	483	463	2.0	39.2
Query_15241	XM_006233335.3	100.000	21	0	0	1	21	462	442	2.0	39.2
Query_15241	XM_006233334.3	100.000	21	0	0	1	21	606	586	2.0	39.2
Query_15241	XM_006233333.3	100.000	21	0	0	1	21	483	463	2.0	39.2
Query_15241	XM_038972260.1	100.000	21	0	0	1	21	527	507	2.0	39.2
Query_15241	XM_038971815.1	100.000	21	0	0	1	21	469	449	2.0	39.2
Query_15241	XM_038966649.1	100.000	21	0	0	1	21	531	511	2.0	39.2
Query_15241	XM_038966623.1	100.000	21	0	0	1	21	372	352	2.0	39.2
Query_15241	XM_038966622.1	100.000	21	0	0	1	21	1097	1077	2.0	39.2
Query_15241	XM_038966621.1	100.000	21	0	0	1	21	1092	1072	2.0	39.2
Query_15241	XM_039012292.1	100.000	21	0	0	1	21	655	635	2.0	39.2
Query_15241	XM_039012291.1	100.000	21	0	0	1	21	475	455	2.0	39.2
Query_15241	XM_038444267.1	100.000	21	0	0	1	21	466	446	2.0	39.2
Query_15241	XM_038444266.1	100.000	21	0	0	1	21	485	465	2.0	39.2
Query_15241	XM_038444265.1	100.000	21	0	0	1	21	462	442	2.0	39.2
Query_15241	XM_038444264.1	100.000	21	0	0	1	21	454	434	2.0	39.2
Query_15241	XM_038444263.1	100.000	21	0	0	1	21	468	448	2.0	39.2
Query_15241	XM_038444262.1	100.000	21	0	0	1	21	493	473	2.0	39.2
Query_15241	XM_038444261.1	100.000	21	0	0	1	21	485	465	2.0	39.2
Query_15241	XM_038462042.1	100.000	21	0	0	1	21	466	446	2.0	39.2
Query_15241	XM_005642458.4	100.000	21	0	0	1	21	485	465	2.0	39.2
Query_15241	XM_038462041.1	100.000	21	0	0	1	21	462	442	2.0	39.2
Query_15241	XM_038462040.1	100.000	21	0	0	1	21	455	435	2.0	39.2
Query_15241	XM_038462039.1	100.000	21	0	0	1	21	468	448	2.0	39.2
Query_15241	XM_038462038.1	100.000	21	0	0	1	21	489	469	2.0	39.2
Query_15241	XM_038462037.1	100.000	21	0	0	1	21	485	465	2.0	39.2
Query_15241	XM_038725842.1	100.000	21	0	0	1	21	447	427	2.0	39.2
Query_15241	XM_038725841.1	100.000	21	0	0	1	21	692	672	2.0	39.2
Query_15241	XM_038725840.1	100.000	21	0	0	1	21	491	471	2.0	39.2
Query_15241	XM_038725838.1	100.000	21	0	0	1	21	528	508	2.0	39.2
Query_15241	XM_038358484.1	100.000	21	0	0	1	21	495	475	2.0	39.2
Query_15241	XM_038310764.1	100.000	21	0	0	1	21	436	416	2.0	39.2
Query_15241	XM_038310763.1	100.000	21	0	0	1	21	480	460	2.0	39.2
Query_15241	XM_038310762.1	100.000	21	0	0	1	21	509	489	2.0	39.2
Query_15241	XM_037990392.1	100.000	21	0	0	1	21	661	641	2.0	39.2
Query_15241	XM_037990386.1	100.000	21	0	0	1	21	501	481	2.0	39.2
Query_15241	XM_037990381.1	100.000	21	0	0	1	21	341	321	2.0	39.2
Query_15241	XM_007999423.2	100.000	21	0	0	1	21	558	538	2.0	39.2
Query_15241	XM_037990373.1	100.000	21	0	0	1	21	556	536	2.0	39.2
Query_15241	XM_037990369.1	100.000	21	0	0	1	21	645	625	2.0	39.2
Query_15241	XM_037990364.1	100.000	21	0	0	1	21	819	799	2.0	39.2


