# blastn
# Iteration: 0
# Query: 
# RID: 9PV1G8A8016
# Database: nt
# Fields: query acc.ver, subject acc.ver, % identity, alignment length, mismatches, gap opens, q. start, q. end, s. start, s. end, evalue, bit score
# 100 hits found
Query_47001	XM_034966245.1	100.000	21	0	0	1	21	262	242	2.1	39.2
Query_47001	XM_003831319.3	100.000	21	0	0	1	21	270	250	2.1	39.2
Query_47001	XM_008956682.2	100.000	21	0	0	1	21	269	249	2.1	39.2
Query_47001	XM_034966244.1	100.000	21	0	0	1	21	597	577	2.1	39.2
Query_47001	XM_033760541.1	100.000	21	0	0	1	21	184	164	2.1	39.2
Query_47001	XM_033760538.1	100.000	21	0	0	1	21	184	164	2.1	39.2
Query_47001	XM_033760536.1	100.000	21	0	0	1	21	184	164	2.1	39.2
Query_47001	XM_033760534.1	100.000	21	0	0	1	21	184	164	2.1	39.2
Query_47001	XM_033760529.1	100.000	21	0	0	1	21	184	164	2.1	39.2
Query_47001	XM_033760526.1	100.000	21	0	0	1	21	184	164	2.1	39.2
Query_47001	XM_033760522.1	100.000	21	0	0	1	21	184	164	2.1	39.2
Query_47001	XM_033760520.1	100.000	21	0	0	1	21	184	164	2.1	39.2
Query_47001	XM_033202826.1	100.000	21	0	0	1	21	263	243	2.1	39.2
Query_47001	XM_033202825.1	100.000	21	0	0	1	21	270	250	2.1	39.2
Query_47001	XM_032759861.1	100.000	21	0	0	1	21	262	242	2.1	39.2
Query_47001	XM_032759860.1	100.000	21	0	0	1	21	684	664	2.1	39.2
Query_47001	XM_032759859.1	100.000	21	0	0	1	21	269	249	2.1	39.2
Query_47001	XM_032759858.1	100.000	21	0	0	1	21	264	244	2.1	39.2
Query_47001	XM_032251194.1	100.000	21	0	0	1	21	195	175	2.1	39.2
Query_47001	XM_032251185.1	100.000	21	0	0	1	21	706	686	2.1	39.2
Query_47001	XM_032251177.1	100.000	21	0	0	1	21	284	264	2.1	39.2
Query_47001	XM_032251171.1	100.000	21	0	0	1	21	263	243	2.1	39.2
Query_47001	XM_031946250.1	100.000	21	0	0	1	21	478	458	2.1	39.2
Query_47001	XM_023184108.3	100.000	21	0	0	1	21	262	242	2.1	39.2
Query_47001	XM_023184110.3	100.000	21	0	0	1	21	270	250	2.1	39.2
Query_47001	XM_023184109.3	100.000	21	0	0	1	21	269	249	2.1	39.2
Query_47001	LR738627.1	100.000	21	0	0	1	21	6666526	6666546	2.1	39.2
Query_47001	XM_021942444.2	100.000	21	0	0	1	21	2070	2050	2.1	39.2
Query_47001	XM_003902869.5	100.000	21	0	0	1	21	284	264	2.1	39.2
Query_47001	XM_031669636.1	100.000	21	0	0	1	21	423	403	2.1	39.2
Query_47001	XM_031669635.1	100.000	21	0	0	1	21	2074	2054	2.1	39.2
Query_47001	XM_003902870.5	100.000	21	0	0	1	21	317	297	2.1	39.2
Query_47001	XM_031669634.1	100.000	21	0	0	1	21	285	265	2.1	39.2
Query_47001	XM_031669633.1	100.000	21	0	0	1	21	417	397	2.1	39.2
Query_47001	XM_031013634.1	100.000	21	0	0	1	21	263	243	2.1	39.2
Query_47001	XM_019032745.2	100.000	21	0	0	1	21	262	242	2.1	39.2
Query_47001	XM_030937280.1	100.000	21	0	0	1	21	262	242	2.1	39.2
Query_47001	XM_010365989.2	100.000	21	0	0	1	21	270	250	2.1	39.2
Query_47001	XM_010365988.2	100.000	21	0	0	1	21	263	243	2.1	39.2
Query_47001	XM_003269433.4	100.000	21	0	0	1	21	262	242	2.1	39.2
Query_47001	XM_030795229.1	100.000	21	0	0	1	21	533	513	2.1	39.2
Query_47001	XM_003269432.4	100.000	21	0	0	1	21	269	249	2.1	39.2
Query_47001	NM_001001481.4	100.000	21	0	0	1	21	255	235	2.1	39.2
Query_47001	NM_001271015.3	100.000	21	0	0	1	21	222	202	2.1	39.2
Query_47001	NM_018299.6	100.000	21	0	0	1	21	222	202	2.1	39.2
Query_47001	XM_015145507.2	100.000	21	0	0	1	21	399	379	2.1	39.2
Query_47001	XM_015145506.2	100.000	21	0	0	1	21	284	264	2.1	39.2
Query_47001	XM_026397310.1	100.000	21	0	0	1	21	270	250	2.1	39.2
Query_47001	XM_027949609.1	100.000	21	0	0	1	21	244	224	2.1	39.2
Query_47001	XM_027949600.1	100.000	21	0	0	1	21	270	250	2.1	39.2
Query_47001	XM_027877473.1	100.000	21	0	0	1	21	239	219	2.1	39.2
Query_47001	XM_027877469.1	100.000	21	0	0	1	21	239	219	2.1	39.2
Query_47001	XM_027877468.1	100.000	21	0	0	1	21	239	219	2.1	39.2
Query_47001	XM_027772995.1	100.000	21	0	0	1	21	191	171	2.1	39.2
Query_47001	XM_025393318.1	100.000	21	0	0	1	21	270	250	2.1	39.2
Query_47001	XM_025393317.1	100.000	21	0	0	1	21	302	282	2.1	39.2
Query_47001	XR_003018445.1	100.000	21	0	0	1	21	329	309	2.1	39.2
Query_47001	XM_009455526.3	100.000	21	0	0	1	21	284	264	2.1	39.2
Query_47001	XM_016959579.2	100.000	21	0	0	1	21	284	264	2.1	39.2
Query_47001	XM_009455525.3	100.000	21	0	0	1	21	317	297	2.1	39.2
Query_47001	XM_016959578.2	100.000	21	0	0	1	21	317	297	2.1	39.2
Query_47001	XM_016959577.2	100.000	21	0	0	1	21	317	297	2.1	39.2
Query_47001	XM_003777269.3	100.000	21	0	0	1	21	302	282	2.1	39.2
Query_47001	XM_012450902.2	100.000	21	0	0	1	21	302	282	2.1	39.2
Query_47001	XM_021665916.1	100.000	21	0	0	1	21	302	282	2.1	39.2
Query_47001	XM_021255943.1	100.000	21	0	0	1	21	935	915	2.1	39.2
Query_47001	XM_020971029.1	100.000	21	0	0	1	21	282	262	2.1	39.2
Query_47001	XM_020901995.1	100.000	21	0	0	1	21	330	310	2.1	39.2
Query_47001	XM_020901994.1	100.000	21	0	0	1	21	269	249	2.1	39.2
Query_47001	LT734931.1	100.000	21	0	0	1	21	669	649	2.1	39.2
Query_47001	LT733781.1	100.000	21	0	0	1	21	669	649	2.1	39.2
Query_47001	XM_017851621.1	100.000	21	0	0	1	21	270	250	2.1	39.2
Query_47001	XM_017851620.1	100.000	21	0	0	1	21	290	270	2.1	39.2
Query_47001	XM_017851619.1	100.000	21	0	0	1	21	323	303	2.1	39.2
Query_47001	XM_017851618.1	100.000	21	0	0	1	21	323	303	2.1	39.2
Query_47001	XM_017851616.1	100.000	21	0	0	1	21	290	270	2.1	39.2
Query_47001	XM_017851615.1	100.000	21	0	0	1	21	323	303	2.1	39.2
Query_47001	XM_002710639.3	100.000	21	0	0	1	21	271	251	2.1	39.2
Query_47001	XM_017341236.1	100.000	21	0	0	1	21	218	198	2.1	39.2
Query_47001	XM_007538766.2	100.000	21	0	0	1	21	222	202	2.1	39.2
Query_47001	XM_016195091.1	100.000	21	0	0	1	21	197	177	2.1	39.2
Query_47001	XM_040293935.1	100.000	21	0	0	1	21	248	228	2.1	39.2
Query_47001	XM_005335831.3	100.000	21	0	0	1	21	276	256	2.1	39.2
Query_47001	XM_003940686.2	100.000	21	0	0	1	21	270	250	2.1	39.2
Query_47001	XM_008000897.2	100.000	21	0	0	1	21	317	297	2.1	39.2
Query_47001	XM_038000381.1	100.000	21	0	0	1	21	368	348	2.1	39.2
Query_47001	XM_008000899.2	100.000	21	0	0	1	21	290	270	2.1	39.2
Query_47001	XM_037735437.1	100.000	21	0	0	1	21	223	203	2.1	39.2
Query_47001	XM_017520170.2	100.000	21	0	0	1	21	263	243	2.1	39.2
Query_47001	XM_017520171.2	100.000	21	0	0	1	21	270	250	2.1	39.2
Query_47001	XR_004954568.1	100.000	21	0	0	1	21	1743	1723	2.1	39.2
Query_47001	XM_016153703.2	100.000	21	0	0	1	21	270	250	2.1	39.2
Query_47001	XM_016153702.2	100.000	21	0	0	1	21	269	249	2.1	39.2
Query_47001	XM_008982789.4	100.000	21	0	0	1	21	345	325	2.1	39.2
Query_47001	XR_004735403.1	100.000	21	0	0	1	21	497	477	2.1	39.2
Query_47001	XM_035277257.1	100.000	21	0	0	1	21	171	151	2.1	39.2
Query_47001	XM_035277256.1	100.000	21	0	0	1	21	255	235	2.1	39.2
Query_47001	XM_008982790.3	100.000	21	0	0	1	21	430	410	2.1	39.2
Query_47001	XM_002759002.5	100.000	21	0	0	1	21	289	269	2.1	39.2
Query_47001	XM_002759003.5	100.000	21	0	0	1	21	317	297	2.1	39.2


