# blastn
# Iteration: 0
# Query: 
# RID: 7416Y3EM013
# Database: nt
# Fields: query acc.ver, subject acc.ver, % identity, alignment length, mismatches, gap opens, q. start, q. end, s. start, s. end, evalue, bit score
# 50 hits found
Query_20391	XM_003826436.5	100.000	21	0	0	1	21	1781	1761	2.1	39.2
Query_20391	XM_033207523.1	100.000	21	0	0	1	21	999	979	2.1	39.2
Query_20391	XM_023215610.3	100.000	21	0	0	1	21	1200	1180	2.1	39.2
Query_20391	XM_003909863.5	100.000	21	0	0	1	21	1789	1769	2.1	39.2
Query_20391	XM_021925750.2	100.000	21	0	0	1	21	1294	1274	2.1	39.2
Query_20391	XM_021925748.2	100.000	21	0	0	1	21	1800	1780	2.1	39.2
Query_20391	XR_004177556.1	100.000	21	0	0	1	21	2088	2068	2.1	39.2
Query_20391	XR_004177555.1	100.000	21	0	0	1	21	2088	2068	2.1	39.2
Query_20391	XM_021925747.2	100.000	21	0	0	1	21	2088	2068	2.1	39.2
Query_20391	XM_021925746.2	100.000	21	0	0	1	21	2087	2067	2.1	39.2
Query_20391	XM_021925745.2	100.000	21	0	0	1	21	2063	2043	2.1	39.2
Query_20391	XM_021925744.2	100.000	21	0	0	1	21	2097	2077	2.1	39.2
Query_20391	XM_004051152.3	100.000	21	0	0	1	21	1200	1180	2.1	39.2
Query_20391	XM_010353410.2	100.000	21	0	0	1	21	1200	1180	2.1	39.2
Query_20391	XM_030149775.1	100.000	21	0	0	1	21	1002	982	2.1	39.2
Query_20391	LR597458.1	100.000	21	0	0	1	21	8733229	8733209	2.1	39.2
Query_20391	NM_002559.5	100.000	21	0	0	1	21	1198	1178	2.1	39.2
Query_20391	XM_025357428.1	100.000	21	0	0	1	21	1199	1179	2.1	39.2
Query_20391	XM_011766085.2	100.000	21	0	0	1	21	1034	1014	2.1	39.2
Query_20391	XM_016920882.2	100.000	21	0	0	1	21	1268	1248	2.1	39.2
Query_20391	XM_001136930.4	100.000	21	0	0	1	21	1251	1231	2.1	39.2
Query_20391	XM_003801335.2	100.000	21	0	0	1	21	1188	1168	2.1	39.2
Query_20391	XM_017851320.1	100.000	21	0	0	1	21	1162	1142	2.1	39.2
Query_20391	XM_011545072.2	100.000	21	0	0	1	21	1976	1956	2.1	39.2
Query_20391	XR_949950.2	100.000	21	0	0	1	21	1722	1702	2.1	39.2
Query_20391	XM_011545071.2	100.000	21	0	0	1	21	1712	1692	2.1	39.2
Query_20391	XM_011545070.2	100.000	21	0	0	1	21	1150	1130	2.1	39.2
Query_20391	XM_011545069.2	100.000	21	0	0	1	21	1844	1824	2.1	39.2
Query_20391	XR_001484890.1	100.000	21	0	0	1	21	1778	1758	2.1	39.2
Query_20391	XR_001484889.1	100.000	21	0	0	1	21	1778	1758	2.1	39.2
Query_20391	XM_005577865.2	100.000	21	0	0	1	21	1778	1758	2.1	39.2
Query_20391	XM_011766083.1	100.000	21	0	0	1	21	1196	1176	2.1	39.2
Query_20391	XM_012092343.1	100.000	21	0	0	1	21	1185	1165	2.1	39.2
Query_20391	XM_011963399.1	100.000	21	0	0	1	21	1178	1158	2.1	39.2
Query_20391	XM_011998703.1	100.000	21	0	0	1	21	1185	1165	2.1	39.2
Query_20391	XM_011545073.1	100.000	21	0	0	1	21	700	680	2.1	39.2
Query_20391	XM_037999312.1	100.000	21	0	0	1	21	1033	1013	2.1	39.2
Query_20391	XM_035262719.1	100.000	21	0	0	1	21	2710	2690	2.1	39.2
Query_20391	XM_035262718.1	100.000	21	0	0	1	21	1174	1154	2.1	39.2
Query_20391	XM_035262717.1	100.000	21	0	0	1	21	1433	1413	2.1	39.2
Query_20391	XM_035262716.1	100.000	21	0	0	1	21	3083	3063	2.1	39.2
Query_20391	XM_035262715.1	100.000	21	0	0	1	21	1533	1513	2.1	39.2
Query_20391	XM_002755279.6	100.000	21	0	0	1	21	1651	1631	2.1	39.2
Query_20391	BC109287.2	100.000	21	0	0	1	21	1033	1013	2.1	39.2
Query_20391	BC074793.2	100.000	21	0	0	1	21	1030	1010	2.1	39.2
Query_20391	BC074792.2	100.000	21	0	0	1	21	1030	1010	2.1	39.2
Query_20391	BC069162.1	100.000	21	0	0	1	21	1072	1052	2.1	39.2
Query_20391	AP000781.6	100.000	21	0	0	1	21	123750	123730	2.1	39.2
Query_20391	AB016608.1	100.000	21	0	0	1	21	999	979	2.1	39.2
Query_20391	Y07683.1	100.000	21	0	0	1	21	1164	1144	2.1	39.2


