# blastn
# Iteration: 0
# Query: 
# RID: 6RN5WCPS016
# Database: nt
# Fields: query acc.ver, subject acc.ver, % identity, alignment length, mismatches, gap opens, q. start, q. end, s. start, s. end, evalue, bit score
# 100 hits found
Query_47053	XM_034986414.1	100.000	21	0	0	1	21	542	522	2.1	39.2
Query_47053	XM_003807100.4	100.000	21	0	0	1	21	560	540	2.1	39.2
Query_47053	AP023166.1	100.000	21	0	0	1	21	2454032	2454052	2.1	39.2
Query_47053	XM_002926382.4	100.000	21	0	0	1	21	590	570	2.1	39.2
Query_47053	XM_027921270.2	100.000	21	0	0	1	21	540	520	2.1	39.2
Query_47053	XM_034492517.1	100.000	21	0	0	1	21	562	542	2.1	39.2
Query_47053	XM_033845996.1	100.000	21	0	0	1	21	598	578	2.1	39.2
Query_47053	XM_010616907.2	100.000	21	0	0	1	21	620	600	2.1	39.2
Query_47053	XM_004283290.2	100.000	21	0	0	1	21	598	578	2.1	39.2
Query_47053	XM_033224473.1	100.000	21	0	0	1	21	928	908	2.1	39.2
Query_47053	XM_033128210.1	100.000	21	0	0	1	21	769	749	2.1	39.2
Query_47053	XM_032894499.1	100.000	21	0	0	1	21	810	790	2.1	39.2
Query_47053	XM_032848713.1	100.000	21	0	0	1	21	587	567	2.1	39.2
Query_47053	XM_032612932.1	100.000	21	0	0	1	21	598	578	2.1	39.2
Query_47053	XM_032487927.1	100.000	21	0	0	1	21	796	776	2.1	39.2
Query_47053	XM_032388830.1	100.000	21	0	0	1	21	570	550	2.1	39.2
Query_47053	XM_032325507.1	100.000	21	0	0	1	21	589	569	2.1	39.2
Query_47053	XM_032263200.1	100.000	21	0	0	1	21	486	466	2.1	39.2
Query_47053	XM_032171207.1	100.000	21	0	0	1	21	831	811	2.1	39.2
Query_47053	LR738419.1	100.000	21	0	0	1	21	57518857	57518877	2.1	39.2
Query_47053	LR738606.1	100.000	21	0	0	1	21	65125563	65125583	2.1	39.2
Query_47053	XM_003916130.3	100.000	21	0	0	1	21	935	915	2.1	39.2
Query_47053	XM_010991537.2	100.000	21	0	0	1	21	600	580	2.1	39.2
Query_47053	XM_031359157.1	100.000	21	0	0	1	21	368	348	2.1	39.2
Query_47053	XM_031385171.1	100.000	21	0	0	1	21	571	551	2.1	39.2
Query_47053	XM_006748596.2	100.000	21	0	0	1	21	561	541	2.1	39.2
Query_47053	XR_004067781.1	100.000	21	0	0	1	21	544	524	2.1	39.2
Query_47053	XM_019015478.2	100.000	21	0	0	1	21	215	195	2.1	39.2
Query_47053	XM_010379192.2	100.000	21	0	0	1	21	925	905	2.1	39.2
Query_47053	XM_030886267.1	100.000	21	0	0	1	21	597	577	2.1	39.2
Query_47053	XM_030851183.1	100.000	21	0	0	1	21	598	578	2.1	39.2
Query_47053	XM_003277335.4	100.000	21	0	0	1	21	837	817	2.1	39.2
Query_47053	XM_022586052.2	100.000	21	0	0	1	21	621	601	2.1	39.2
Query_47053	XM_029924787.1	100.000	21	0	0	1	21	584	564	2.1	39.2
Query_47053	XM_008846657.2	100.000	21	0	0	1	21	552	532	2.1	39.2
Query_47053	XM_021219313.2	100.000	21	0	0	1	21	557	537	2.1	39.2
Query_47053	XM_021168473.2	100.000	21	0	0	1	21	762	742	2.1	39.2
Query_47053	XM_029245354.1	100.000	21	0	0	1	21	598	578	2.1	39.2
Query_47053	XM_028779458.1	100.000	21	0	0	1	21	543	523	2.1	39.2
Query_47053	XM_028486348.1	100.000	21	0	0	1	21	228	208	2.1	39.2
Query_47053	NM_014501.3	100.000	21	0	0	1	21	565	545	2.1	39.2
Query_47053	XM_027097427.1	100.000	21	0	0	1	21	729	709	2.1	39.2
Query_47053	XM_027037387.1	100.000	21	0	0	1	21	573	553	2.1	39.2
Query_47053	XM_005362643.3	100.000	21	0	0	1	21	288	268	2.1	39.2
Query_47053	XM_013354512.2	100.000	21	0	0	1	21	774	754	2.1	39.2
Query_47053	XM_026488514.1	100.000	21	0	0	1	21	555	535	2.1	39.2
Query_47053	XM_026381215.1	100.000	21	0	0	1	21	549	529	2.1	39.2
Query_47053	XM_028138416.1	100.000	21	0	0	1	21	840	820	2.1	39.2
Query_47053	XM_028095116.1	100.000	21	0	0	1	21	550	530	2.1	39.2
Query_47053	XR_003607984.1	100.000	21	0	0	1	21	501	481	2.1	39.2
Query_47053	XM_004015419.4	100.000	21	0	0	1	21	788	768	2.1	39.2
Query_47053	XM_006150358.3	100.000	21	0	0	1	21	376	356	2.1	39.2
Query_47053	CP034522.1	100.000	21	0	0	1	21	55853107	55853127	2.1	39.2
Query_47053	CP034497.1	100.000	21	0	0	1	21	55853107	55853127	2.1	39.2
Query_47053	CP034495.1	100.000	21	0	0	1	21	18580769	18580749	2.1	39.2
Query_47053	XM_027514757.1	100.000	21	0	0	1	21	889	869	2.1	39.2
Query_47053	XM_027514756.1	100.000	21	0	0	1	21	825	805	2.1	39.2
Query_47053	XM_025985268.1	100.000	21	0	0	1	21	792	772	2.1	39.2
Query_47053	XM_025914682.1	100.000	21	0	0	1	21	561	541	2.1	39.2
Query_47053	XM_025849232.1	100.000	21	0	0	1	21	550	530	2.1	39.2
Query_47053	XM_025848961.1	100.000	21	0	0	1	21	550	530	2.1	39.2
Query_47053	XM_025369037.1	100.000	21	0	0	1	21	934	914	2.1	39.2
Query_47053	XM_006064025.2	100.000	21	0	0	1	21	786	766	2.1	39.2
Query_47053	XM_040465326.1	100.000	21	0	0	1	21	530	510	2.1	39.2
Query_47053	XM_005341577.4	100.000	21	0	0	1	21	522	502	2.1	39.2
Query_47053	XM_040251931.1	100.000	21	0	0	1	21	3712	3692	2.1	39.2
Query_47053	XM_029072744.2	100.000	21	0	0	1	21	514	494	2.1	39.2
Query_47053	XM_039857071.1	100.000	21	0	0	1	21	629	609	2.1	39.2
Query_47053	XM_003944678.3	100.000	21	0	0	1	21	928	908	2.1	39.2
Query_47053	XM_039244041.1	100.000	21	0	0	1	21	873	853	2.1	39.2
Query_47053	CP068261.1	100.000	21	0	0	1	21	18624569	18624549	2.1	39.2
Query_47053	CP068259.1	100.000	21	0	0	1	21	58497188	58497208	2.1	39.2
Query_47053	XM_038753207.1	100.000	21	0	0	1	21	489	469	2.1	39.2
Query_47053	XM_038339564.1	100.000	21	0	0	1	21	545	525	2.1	39.2
Query_47053	XM_007998158.2	100.000	21	0	0	1	21	931	911	2.1	39.2
Query_47053	XM_037820403.1	100.000	21	0	0	1	21	503	483	2.1	39.2
Query_47053	XM_017546575.2	100.000	21	0	0	1	21	924	904	2.1	39.2
Query_47053	XM_037517222.1	100.000	21	0	0	1	21	434	414	2.1	39.2
Query_47053	XM_028862325.2	100.000	21	0	0	1	21	731	711	2.1	39.2
Query_47053	XM_037159833.1	100.000	21	0	0	1	21	780	760	2.1	39.2
Query_47053	XM_037038096.1	100.000	21	0	0	1	21	963	943	2.1	39.2
Query_47053	XM_036909194.1	100.000	21	0	0	1	21	562	542	2.1	39.2
Query_47053	XM_036833875.1	100.000	21	0	0	1	21	792	772	2.1	39.2
Query_47053	XM_036436419.1	100.000	21	0	0	1	21	770	750	2.1	39.2
Query_47053	XM_036306722.1	100.000	21	0	0	1	21	574	554	2.1	39.2
Query_47053	XM_036274493.1	100.000	21	0	0	1	21	520	500	2.1	39.2
Query_47053	XM_016154229.2	100.000	21	0	0	1	21	613	593	2.1	39.2
Query_47053	AP023479.1	100.000	21	0	0	1	21	55879530	55879550	2.1	39.2
Query_47053	AP023477.1	100.000	21	0	0	1	21	18786149	18786129	2.1	39.2
Query_47053	XM_036176978.1	100.000	21	0	0	1	21	783	763	2.1	39.2
Query_47053	XM_036096860.1	100.000	21	0	0	1	21	559	539	2.1	39.2
Query_47053	XM_036096859.1	100.000	21	0	0	1	21	559	539	2.1	39.2
Query_47053	XM_036096857.1	100.000	21	0	0	1	21	559	539	2.1	39.2
Query_47053	XM_036096856.1	100.000	21	0	0	1	21	559	539	2.1	39.2
Query_47053	XM_028529479.2	100.000	21	0	0	1	21	718	698	2.1	39.2
Query_47053	LR877230.1	100.000	21	0	0	1	21	7456342	7456362	2.1	39.2
Query_47053	XM_025423880.2	100.000	21	0	0	1	21	585	565	2.1	39.2
Query_47053	XM_027618492.2	100.000	21	0	0	1	21	583	563	2.1	39.2
Query_47053	XM_027430681.2	100.000	21	0	0	1	21	573	553	2.1	39.2
Query_47053	XM_002762502.3	100.000	21	0	0	1	21	930	910	2.1	39.2


