# blastn
# Iteration: 0
# Query: 
# RID: 7PV606JS016
# Database: nt
# Fields: query acc.ver, subject acc.ver, % identity, alignment length, mismatches, gap opens, q. start, q. end, s. start, s. end, evalue, bit score
# 101 hits found
Query_28659	XM_034951639.1	100.000	21	0	0	1	21	563	543	2.1	39.2
Query_28659	XM_034951638.1	100.000	21	0	0	1	21	415	395	2.1	39.2
Query_28659	XM_034951637.1	100.000	21	0	0	1	21	692	672	2.1	39.2
Query_28659	XM_034951636.1	100.000	21	0	0	1	21	456	436	2.1	39.2
Query_28659	XM_034951635.1	100.000	21	0	0	1	21	413	393	2.1	39.2
Query_28659	XM_034951634.1	100.000	21	0	0	1	21	416	396	2.1	39.2
Query_28659	XM_034951633.1	100.000	21	0	0	1	21	699	679	2.1	39.2
Query_28659	XM_034951632.1	100.000	21	0	0	1	21	457	437	2.1	39.2
Query_28659	XM_033236300.1	100.000	21	0	0	1	21	559	539	2.1	39.2
Query_28659	XM_033236299.1	100.000	21	0	0	1	21	834	814	2.1	39.2
Query_28659	XM_033236298.1	100.000	21	0	0	1	21	534	514	2.1	39.2
Query_28659	XM_032268238.1	100.000	21	0	0	1	21	453	433	2.1	39.2
Query_28659	XM_032268236.1	100.000	21	0	0	1	21	414	394	2.1	39.2
Query_28659	XM_032268235.1	100.000	21	0	0	1	21	518	498	2.1	39.2
Query_28659	XR_004257690.1	100.000	21	0	0	1	21	393	373	2.1	39.2
Query_28659	XM_032754107.1	100.000	21	0	0	1	21	470	450	2.1	39.2
Query_28659	XM_023195766.3	100.000	21	0	0	1	21	434	414	2.1	39.2
Query_28659	NM_001194836.2	100.000	21	0	0	1	21	470	450	2.1	39.2
Query_28659	XM_009195636.2	100.000	21	0	0	1	21	415	395	2.1	39.2
Query_28659	XM_031002695.1	100.000	21	0	0	1	21	447	427	2.1	39.2
Query_28659	XM_031002694.1	100.000	21	0	0	1	21	447	427	2.1	39.2
Query_28659	XM_004056937.3	100.000	21	0	0	1	21	414	394	2.1	39.2
Query_28659	XM_004056936.3	100.000	21	0	0	1	21	568	548	2.1	39.2
Query_28659	XM_004056938.3	100.000	21	0	0	1	21	412	392	2.1	39.2
Query_28659	XM_019012582.2	100.000	21	0	0	1	21	412	392	2.1	39.2
Query_28659	XM_030798768.1	100.000	21	0	0	1	21	443	423	2.1	39.2
Query_28659	XM_030798767.1	100.000	21	0	0	1	21	443	423	2.1	39.2
Query_28659	XM_030798766.1	100.000	21	0	0	1	21	432	412	2.1	39.2
Query_28659	XM_030798765.1	100.000	21	0	0	1	21	549	529	2.1	39.2
Query_28659	XM_030798764.1	100.000	21	0	0	1	21	852	832	2.1	39.2
Query_28659	XM_030798763.1	100.000	21	0	0	1	21	549	529	2.1	39.2
Query_28659	XM_030798762.1	100.000	21	0	0	1	21	946	926	2.1	39.2
Query_28659	NM_194260.3	100.000	21	0	0	1	21	568	548	2.1	39.2
Query_28659	NM_194261.3	100.000	21	0	0	1	21	420	400	2.1	39.2
Query_28659	NM_194259.3	100.000	21	0	0	1	21	695	675	2.1	39.2
Query_28659	XM_028840603.1	100.000	21	0	0	1	21	465	445	2.1	39.2
Query_28659	XM_028840602.1	100.000	21	0	0	1	21	469	449	2.1	39.2
Query_28659	XM_001118584.4	100.000	21	0	0	1	21	414	394	2.1	39.2
Query_28659	XM_028840601.1	100.000	21	0	0	1	21	404	384	2.1	39.2
Query_28659	NM_003345.5	100.000	21	0	0	1	21	438	418	2.1	39.2
Query_28659	XM_026451033.1	100.000	21	0	0	1	21	350	330	2.1	39.2
Query_28659	XM_026451032.1	100.000	21	0	0	1	21	697	677	2.1	39.2
Query_28659	CP034494.1	100.000	21	0	0	1	21	1310240	1310220	2.1	39.2
Query_28659	CP034494.1	100.000	21	0	0	1	21	90535558	90535538	2.1	39.2
Query_28659	XM_025370151.1	100.000	21	0	0	1	21	557	537	2.1	39.2
Query_28659	XM_025370150.1	100.000	21	0	0	1	21	561	541	2.1	39.2
Query_28659	XM_025370148.1	100.000	21	0	0	1	21	413	393	2.1	39.2
Query_28659	XM_025370147.1	100.000	21	0	0	1	21	701	681	2.1	39.2
Query_28659	XM_025370146.1	100.000	21	0	0	1	21	839	819	2.1	39.2
Query_28659	XM_011748436.2	100.000	21	0	0	1	21	715	695	2.1	39.2
Query_28659	XM_024794102.1	100.000	21	0	0	1	21	386	366	2.1	39.2
Query_28659	XM_024794101.1	100.000	21	0	0	1	21	2553	2533	2.1	39.2
Query_28659	XM_024450432.1	100.000	21	0	0	1	21	596	576	2.1	39.2
Query_28659	XM_016929130.2	100.000	21	0	0	1	21	559	539	2.1	39.2
Query_28659	XM_003314907.5	100.000	21	0	0	1	21	746	726	2.1	39.2
Query_28659	XM_003314906.4	100.000	21	0	0	1	21	462	442	2.1	39.2
Query_28659	XM_003314905.4	100.000	21	0	0	1	21	562	542	2.1	39.2
Query_28659	XM_016929129.2	100.000	21	0	0	1	21	816	796	2.1	39.2
Query_28659	XM_016929128.2	100.000	21	0	0	1	21	559	539	2.1	39.2
Query_28659	XM_009430052.3	100.000	21	0	0	1	21	746	726	2.1	39.2
Query_28659	XM_009430055.3	100.000	21	0	0	1	21	407	387	2.1	39.2
Query_28659	XM_009430053.3	100.000	21	0	0	1	21	549	529	2.1	39.2
Query_28659	XM_016929126.2	100.000	21	0	0	1	21	816	796	2.1	39.2
Query_28659	XM_016929125.2	100.000	21	0	0	1	21	559	539	2.1	39.2
Query_28659	XM_024233921.1	100.000	21	0	0	1	21	413	393	2.1	39.2
Query_28659	XM_002825946.4	100.000	21	0	0	1	21	557	537	2.1	39.2
Query_28659	XM_024233920.1	100.000	21	0	0	1	21	567	547	2.1	39.2
Query_28659	XM_024233919.1	100.000	21	0	0	1	21	441	421	2.1	39.2
Query_28659	XM_024233918.1	100.000	21	0	0	1	21	450	430	2.1	39.2
Query_28659	XM_012441957.2	100.000	21	0	0	1	21	2262	2242	2.1	39.2
Query_28659	XR_001108396.2	100.000	21	0	0	1	21	326	306	2.1	39.2
Query_28659	LT733828.1	100.000	21	0	0	1	21	776	756	2.1	39.2
Query_28659	U45328.2	100.000	21	0	0	1	21	412	392	2.1	39.2
Query_28659	XM_019012585.1	100.000	21	0	0	1	21	554	534	2.1	39.2
Query_28659	XM_019012583.1	100.000	21	0	0	1	21	390	370	2.1	39.2
Query_28659	XM_017023640.1	100.000	21	0	0	1	21	844	824	2.1	39.2
Query_28659	XM_005255541.4	100.000	21	0	0	1	21	844	824	2.1	39.2
Query_28659	XM_011522644.2	100.000	21	0	0	1	21	684	664	2.1	39.2
Query_28659	XM_015442656.1	100.000	21	0	0	1	21	324	304	2.1	39.2
Query_28659	XM_015442655.1	100.000	21	0	0	1	21	569	549	2.1	39.2
Query_28659	XM_015442654.1	100.000	21	0	0	1	21	319	299	2.1	39.2
Query_28659	XM_015442653.1	100.000	21	0	0	1	21	414	394	2.1	39.2
Query_28659	XM_005590842.2	100.000	21	0	0	1	21	549	529	2.1	39.2
Query_28659	XR_001104821.1	100.000	21	0	0	1	21	384	364	2.1	39.2
Query_28659	XM_011748438.1	100.000	21	0	0	1	21	316	296	2.1	39.2
Query_28659	XM_039478291.1	100.000	21	0	0	1	21	444	424	2.1	39.2
Query_28659	XM_039478290.1	100.000	21	0	0	1	21	317	297	2.1	39.2
Query_28659	XR_744805.2	100.000	21	0	0	1	21	303	283	2.1	39.2
Query_28659	CP068262.1	100.000	21	0	0	1	21	1336423	1336403	2.1	39.2
Query_28659	XM_037990067.1	100.000	21	0	0	1	21	435	415	2.1	39.2
Query_28659	XM_017510963.2	100.000	21	0	0	1	21	447	427	2.1	39.2
Query_28659	XM_017539359.2	100.000	21	0	0	1	21	416	396	2.1	39.2
Query_28659	AP023476.1	100.000	21	0	0	1	21	1334069	1334049	2.1	39.2
Query_28659	XM_009008883.2	100.000	21	0	0	1	21	558	538	2.1	39.2
Query_28659	XM_035266442.1	100.000	21	0	0	1	21	388	368	2.1	39.2
Query_28659	XM_035266441.1	100.000	21	0	0	1	21	549	529	2.1	39.2
Query_28659	XM_035266439.1	100.000	21	0	0	1	21	447	427	2.1	39.2
Query_28659	XM_035266438.1	100.000	21	0	0	1	21	436	416	2.1	39.2
Query_28659	XM_035266440.1	100.000	21	0	0	1	21	830	810	2.1	39.2
Query_28659	XM_035266437.1	100.000	21	0	0	1	21	2825	2805	2.1	39.2
Query_28659	XM_009008885.2	100.000	21	0	0	1	21	571	551	2.1	39.2


