# blastn
# Iteration: 0
# Query: 
# RID: 6X0P7CDF01R
# Database: nt
# Fields: query acc.ver, subject acc.ver, % identity, alignment length, mismatches, gap opens, q. start, q. end, s. start, s. end, evalue, bit score
# 40 hits found
Query_30117	XM_034489573.1	100.000	21	0	0	1	21	634	614	2.0	39.2
Query_30117	XM_034489572.1	100.000	21	0	0	1	21	634	614	2.0	39.2
Query_30117	XM_034489571.1	100.000	21	0	0	1	21	634	614	2.0	39.2
Query_30117	XM_034489570.1	100.000	21	0	0	1	21	473	453	2.0	39.2
Query_30117	XM_032887114.1	100.000	21	0	0	1	21	433	413	2.0	39.2
Query_30117	XM_032887113.1	100.000	21	0	0	1	21	397	377	2.0	39.2
Query_30117	XM_032887111.1	100.000	21	0	0	1	21	397	377	2.0	39.2
Query_30117	XM_032887110.1	100.000	21	0	0	1	21	397	377	2.0	39.2
Query_30117	XM_031337322.1	100.000	21	0	0	1	21	291	271	2.0	39.2
Query_30117	XM_031337320.1	100.000	21	0	0	1	21	392	372	2.0	39.2
Query_30117	XM_031337319.1	100.000	21	0	0	1	21	437	417	2.0	39.2
Query_30117	XM_031337318.1	100.000	21	0	0	1	21	404	384	2.0	39.2
Query_30117	XM_031337317.1	100.000	21	0	0	1	21	597	577	2.0	39.2
Query_30117	XM_028777391.1	100.000	21	0	0	1	21	437	417	2.0	39.2
Query_30117	XM_028777390.1	100.000	21	0	0	1	21	437	417	2.0	39.2
Query_30117	XM_028777389.1	100.000	21	0	0	1	21	437	417	2.0	39.2
Query_30117	XM_028777387.1	100.000	21	0	0	1	21	473	453	2.0	39.2
Query_30117	XR_005491585.1	100.000	21	0	0	1	21	664	644	2.0	39.2
Query_30117	XM_039089009.1	100.000	21	0	0	1	21	225	205	2.0	39.2
Query_30117	XM_039089008.1	100.000	21	0	0	1	21	362	342	2.0	39.2
Query_30117	XM_039089007.1	100.000	21	0	0	1	21	341	321	2.0	39.2
Query_30117	XM_008769306.3	100.000	21	0	0	1	21	306	286	2.0	39.2
Query_30117	XM_017598236.2	100.000	21	0	0	1	21	664	644	2.0	39.2
Query_30117	XM_006249517.4	100.000	21	0	0	1	21	628	608	2.0	39.2
Query_30117	XM_006249516.4	100.000	21	0	0	1	21	664	644	2.0	39.2
Query_30117	XM_039089005.1	100.000	21	0	0	1	21	664	644	2.0	39.2
Query_30117	XM_017598235.2	100.000	21	0	0	1	21	532	512	2.0	39.2
Query_30117	XM_008769305.3	100.000	21	0	0	1	21	628	608	2.0	39.2
Query_30117	XM_017598234.2	100.000	21	0	0	1	21	664	644	2.0	39.2
Query_30117	XM_006249515.4	100.000	21	0	0	1	21	664	644	2.0	39.2
Query_30117	NM_053656.3	100.000	21	0	0	1	21	355	335	2.0	39.2
Query_30117	AF064549.1	100.000	21	0	0	1	21	392	372	2.0	39.2
Query_30117	AF020759.1	100.000	21	0	0	1	21	317	297	2.0	39.2
Query_30117	AF020758.1	100.000	21	0	0	1	21	476	456	2.0	39.2
Query_30117	AF020757.1	100.000	21	0	0	1	21	382	362	2.0	39.2
Query_30117	AF020756.1	100.000	21	0	0	1	21	336	316	2.0	39.2
Query_30117	Y10474.1	100.000	21	0	0	1	21	337	317	2.0	39.2
Query_30117	Y10473.1	100.000	21	0	0	1	21	355	335	2.0	39.2
Query_30117	Y09910.1	100.000	21	0	0	1	21	552	532	2.0	39.2
Query_30117	U14414.1	100.000	21	0	0	1	21	355	335	2.0	39.2


