# blastn
# Iteration: 0
# Query: 
# RID: 72KGSGXZ016
# Database: nt
# Fields: query acc.ver, subject acc.ver, % identity, alignment length, mismatches, gap opens, q. start, q. end, s. start, s. end, evalue, bit score
# 75 hits found
Query_40847	XM_035027437.1	100.000	21	0	0	1	21	452	432	2.1	39.2
Query_40847	XM_003828171.2	100.000	21	0	0	1	21	282	262	2.1	39.2
Query_40847	XM_019800199.2	100.000	21	0	0	1	21	235	215	2.1	39.2
Query_40847	XM_034506878.1	100.000	21	0	0	1	21	280	260	2.1	39.2
Query_40847	XM_033182838.1	100.000	21	0	0	1	21	238	218	2.1	39.2
Query_40847	XM_033088999.1	100.000	21	0	0	1	21	307	287	2.1	39.2
Query_40847	XM_032914271.1	100.000	21	0	0	1	21	473	453	2.1	39.2
Query_40847	XM_032396643.1	100.000	21	0	0	1	21	238	218	2.1	39.2
Query_40847	XM_032163779.1	100.000	21	0	0	1	21	282	262	2.1	39.2
Query_40847	XM_023191497.3	100.000	21	0	0	1	21	282	262	2.1	39.2
Query_40847	NM_001194608.2	100.000	21	0	0	1	21	256	236	2.1	39.2
Query_40847	XM_003913140.4	100.000	21	0	0	1	21	2498	2478	2.1	39.2
Query_40847	XM_004041540.3	100.000	21	0	0	1	21	282	262	2.1	39.2
Query_40847	XM_010376233.2	100.000	21	0	0	1	21	254	234	2.1	39.2
Query_40847	XM_003270772.2	100.000	21	0	0	1	21	282	262	2.1	39.2
Query_40847	XM_030294706.1	100.000	21	0	0	1	21	235	215	2.1	39.2
Query_40847	XM_029926925.1	100.000	21	0	0	1	21	266	246	2.1	39.2
Query_40847	AY358627.2	100.000	21	0	0	1	21	271	251	2.1	39.2
Query_40847	NM_025237.3	100.000	21	0	0	1	21	288	268	2.1	39.2
Query_40847	XM_027048934.1	100.000	21	0	0	1	21	2816	2796	2.1	39.2
Query_40847	XM_026412429.1	100.000	21	0	0	1	21	251	231	2.1	39.2
Query_40847	XM_008149295.2	100.000	21	0	0	1	21	417	397	2.1	39.2
Query_40847	XM_027947155.1	100.000	21	0	0	1	21	235	215	2.1	39.2
Query_40847	XM_025917641.1	100.000	21	0	0	1	21	235	215	2.1	39.2
Query_40847	XM_001153653.5	100.000	21	0	0	1	21	385	365	2.1	39.2
Query_40847	XM_011377213.2	100.000	21	0	0	1	21	273	253	2.1	39.2
Query_40847	XM_004468011.2	100.000	21	0	0	1	21	246	226	2.1	39.2
Query_40847	XM_011289261.3	100.000	21	0	0	1	21	3209	3189	2.1	39.2
Query_40847	XM_021681649.1	100.000	21	0	0	1	21	238	218	2.1	39.2
Query_40847	XM_021642724.1	100.000	21	0	0	1	21	238	218	2.1	39.2
Query_40847	LT735545.1	100.000	21	0	0	1	21	725	705	2.1	39.2
Query_40847	XM_020180444.1	100.000	21	0	0	1	21	254	234	2.1	39.2
Query_40847	XM_019434924.1	100.000	21	0	0	1	21	2813	2793	2.1	39.2
Query_40847	XM_017892802.1	100.000	21	0	0	1	21	279	259	2.1	39.2
Query_40847	XM_006910090.2	100.000	21	0	0	1	21	254	234	2.1	39.2
Query_40847	XM_015495879.1	100.000	21	0	0	1	21	256	236	2.1	39.2
Query_40847	XM_005584371.2	100.000	21	0	0	1	21	289	269	2.1	39.2
Query_40847	XM_004655279.2	100.000	21	0	0	1	21	235	215	2.1	39.2
Query_40847	XM_012786643.1	100.000	21	0	0	1	21	536	516	2.1	39.2
Query_40847	XM_012659081.1	100.000	21	0	0	1	21	278	258	2.1	39.2
Query_40847	XM_012443855.1	100.000	21	0	0	1	21	279	259	2.1	39.2
Query_40847	XM_011720549.1	100.000	21	0	0	1	21	2432	2412	2.1	39.2
Query_40847	XM_012057895.1	100.000	21	0	0	1	21	2441	2421	2.1	39.2
Query_40847	XM_011985860.1	100.000	21	0	0	1	21	279	259	2.1	39.2
Query_40847	XM_011940053.1	100.000	21	0	0	1	21	279	259	2.1	39.2
Query_40847	XM_008574390.1	100.000	21	0	0	1	21	235	215	2.1	39.2
Query_40847	KJ893769.1	100.000	21	0	0	1	21	306	286	2.1	39.2
Query_40847	XM_006738798.1	100.000	21	0	0	1	21	254	234	2.1	39.2
Query_40847	XM_040497706.1	100.000	21	0	0	1	21	2782	2762	2.1	39.2
Query_40847	XM_005328089.3	100.000	21	0	0	1	21	334	314	2.1	39.2
Query_40847	XM_039846848.1	100.000	21	0	0	1	21	273	253	2.1	39.2
Query_40847	XM_003943647.2	100.000	21	0	0	1	21	282	262	2.1	39.2
Query_40847	XM_039220888.1	100.000	21	0	0	1	21	290	270	2.1	39.2
Query_40847	XM_008012517.2	100.000	21	0	0	1	21	266	246	2.1	39.2
Query_40847	NM_030584.2	100.000	21	0	0	1	21	265	245	2.1	39.2
Query_40847	XM_037810786.1	100.000	21	0	0	1	21	270	250	2.1	39.2
Query_40847	XM_017645453.2	100.000	21	0	0	1	21	6887	6867	2.1	39.2
Query_40847	XM_036883228.1	100.000	21	0	0	1	21	2795	2775	2.1	39.2
Query_40847	XM_016139657.2	100.000	21	0	0	1	21	6544	6524	2.1	39.2
Query_40847	XM_036071304.1	100.000	21	0	0	1	21	449	429	2.1	39.2
Query_40847	XM_035303470.1	100.000	21	0	0	1	21	318	298	2.1	39.2
Query_40847	BC101086.1	100.000	21	0	0	1	21	265	245	2.1	39.2
Query_40847	AF331844.1	100.000	21	0	0	1	21	275	255	2.1	39.2
Query_40847	AF326742.1	100.000	21	0	0	1	21	238	218	2.1	39.2
Query_40847	AF326741.1	100.000	21	0	0	1	21	270	250	2.1	39.2
Query_40847	AF326739.1	100.000	21	0	0	1	21	285	265	2.1	39.2
Query_40847	AP023165.1	100.000	20	0	0	1	20	44115220	44115239	7.3	37.4
Query_40847	CP034495.1	100.000	20	0	0	1	20	41833114	41833133	7.3	37.4
Query_40847	CP068261.1	100.000	20	0	0	1	20	44608595	44608614	7.3	37.4
Query_40847	AP023477.1	100.000	20	0	0	1	20	41451785	41451804	7.3	37.4
Query_40847	NG_008078.2	100.000	20	0	0	1	20	8043	8024	7.3	37.4
Query_40847	AC003098.2	100.000	20	0	0	1	20	6273	6292	7.3	37.4
Query_40847	AY358203.1	100.000	20	0	0	1	20	555	536	7.3	37.4
Query_40847	AC055813.9	100.000	20	0	0	1	20	63197	63216	7.3	37.4
Query_40847	AF326736.1	100.000	20	0	0	1	20	14956	14937	7.3	37.4


