# blastn
# Iteration: 0
# Query: 
# RID: 7JBEY17S013
# Database: nt
# Fields: query acc.ver, subject acc.ver, % identity, alignment length, mismatches, gap opens, q. start, q. end, s. start, s. end, evalue, bit score
# 100 hits found
Query_60839	XM_040473640.1	100.000	21	0	0	1	21	860	840	2.1	39.2
Query_60839	XM_040473639.1	100.000	21	0	0	1	21	799	779	2.1	39.2
Query_60839	XM_040473638.1	100.000	21	0	0	1	21	902	882	2.1	39.2
Query_60839	XM_040178363.1	100.000	21	0	0	1	21	914	894	2.1	39.2
Query_60839	XM_040178362.1	100.000	21	0	0	1	21	953	933	2.1	39.2
Query_60839	XM_040178361.1	100.000	21	0	0	1	21	956	936	2.1	39.2
Query_60839	XM_040178360.1	100.000	21	0	0	1	21	1016	996	2.1	39.2
Query_60839	XM_040178358.1	100.000	21	0	0	1	21	1019	999	2.1	39.2
Query_60839	XM_040138953.1	100.000	21	0	0	1	21	1208	1188	2.1	39.2
Query_60839	XM_040138952.1	100.000	21	0	0	1	21	1249	1229	2.1	39.2
Query_60839	HG994392.1	100.000	21	0	0	1	21	13801168	13801148	2.1	39.2
Query_60839	XM_039854831.1	100.000	21	0	0	1	21	816	796	2.1	39.2
Query_60839	XM_039854830.1	100.000	21	0	0	1	21	1220	1200	2.1	39.2
Query_60839	XM_039854829.1	100.000	21	0	0	1	21	1114	1094	2.1	39.2
Query_60839	XM_039854828.1	100.000	21	0	0	1	21	899	879	2.1	39.2
Query_60839	XM_039854827.1	100.000	21	0	0	1	21	958	938	2.1	39.2
Query_60839	XM_039854826.1	100.000	21	0	0	1	21	1259	1239	2.1	39.2
Query_60839	XM_039783075.1	100.000	21	0	0	1	21	1090	1070	2.1	39.2
Query_60839	XM_039783074.1	100.000	21	0	0	1	21	1129	1109	2.1	39.2
Query_60839	XM_039783073.1	100.000	21	0	0	1	21	794	774	2.1	39.2
Query_60839	XM_039783072.1	100.000	21	0	0	1	21	1132	1112	2.1	39.2
Query_60839	XM_039466881.1	100.000	21	0	0	1	21	1025	1005	2.1	39.2
Query_60839	XM_010333936.2	100.000	21	0	0	1	21	1075	1055	2.1	39.2
Query_60839	XM_039466875.1	100.000	21	0	0	1	21	901	881	2.1	39.2
Query_60839	XM_039231230.1	100.000	21	0	0	1	21	899	879	2.1	39.2
Query_60839	XM_038683648.1	100.000	21	0	0	1	21	851	831	2.1	39.2
Query_60839	XM_038683647.1	100.000	21	0	0	1	21	911	891	2.1	39.2
Query_60839	XM_038683646.1	100.000	21	0	0	1	21	893	873	2.1	39.2
Query_60839	XM_005627398.4	100.000	21	0	0	1	21	851	831	2.1	39.2
Query_60839	XM_014118472.3	100.000	21	0	0	1	21	911	891	2.1	39.2
Query_60839	XM_846912.7	100.000	21	0	0	1	21	893	873	2.1	39.2
Query_60839	XM_007972423.2	100.000	21	0	0	1	21	973	953	2.1	39.2
Query_60839	XM_038006128.1	100.000	21	0	0	1	21	998	978	2.1	39.2
Query_60839	XM_038006127.1	100.000	21	0	0	1	21	894	874	2.1	39.2
Query_60839	XM_007972424.2	100.000	21	0	0	1	21	1037	1017	2.1	39.2
Query_60839	XM_007972422.2	100.000	21	0	0	1	21	933	913	2.1	39.2
Query_60839	XM_017547408.2	100.000	21	0	0	1	21	880	860	2.1	39.2
Query_60839	XM_037745344.1	100.000	21	0	0	1	21	952	932	2.1	39.2
Query_60839	XM_017547404.2	100.000	21	0	0	1	21	921	901	2.1	39.2
Query_60839	XM_017547403.2	100.000	21	0	0	1	21	978	958	2.1	39.2
Query_60839	XM_017547402.2	100.000	21	0	0	1	21	896	876	2.1	39.2
Query_60839	XM_037519798.1	100.000	21	0	0	1	21	891	871	2.1	39.2
Query_60839	XM_037519797.1	100.000	21	0	0	1	21	824	804	2.1	39.2
Query_60839	XM_037466552.1	100.000	21	0	0	1	21	1184	1164	2.1	39.2
Query_60839	XM_037466551.1	100.000	21	0	0	1	21	1013	993	2.1	39.2
Query_60839	XM_037466550.1	100.000	21	0	0	1	21	1235	1215	2.1	39.2
Query_60839	XM_028887108.2	100.000	21	0	0	1	21	844	824	2.1	39.2
Query_60839	XM_036927364.1	100.000	21	0	0	1	21	737	717	2.1	39.2
Query_60839	XM_036927362.1	100.000	21	0	0	1	21	795	775	2.1	39.2
Query_60839	XM_036927361.1	100.000	21	0	0	1	21	889	869	2.1	39.2
Query_60839	XM_036927360.1	100.000	21	0	0	1	21	1019	999	2.1	39.2
Query_60839	XM_036927359.1	100.000	21	0	0	1	21	922	902	2.1	39.2
Query_60839	XM_036316794.1	100.000	21	0	0	1	21	586	566	2.1	39.2
Query_60839	XM_036316793.1	100.000	21	0	0	1	21	625	605	2.1	39.2
Query_60839	XM_036316792.1	100.000	21	0	0	1	21	705	685	2.1	39.2
Query_60839	XM_036316791.1	100.000	21	0	0	1	21	859	839	2.1	39.2
Query_60839	XM_036316790.1	100.000	21	0	0	1	21	1066	1046	2.1	39.2
Query_60839	XM_036316789.1	100.000	21	0	0	1	21	898	878	2.1	39.2
Query_60839	XM_036248030.1	100.000	21	0	0	1	21	893	873	2.1	39.2
Query_60839	XM_036248029.1	100.000	21	0	0	1	21	924	904	2.1	39.2
Query_60839	XM_036218441.1	100.000	21	0	0	1	21	909	889	2.1	39.2
Query_60839	XM_036218440.1	100.000	21	0	0	1	21	781	761	2.1	39.2
Query_60839	XM_036218439.1	100.000	21	0	0	1	21	1030	1010	2.1	39.2
Query_60839	XM_016128649.2	100.000	21	0	0	1	21	882	862	2.1	39.2
Query_60839	XM_016128651.2	100.000	21	0	0	1	21	870	850	2.1	39.2
Query_60839	XM_016128648.2	100.000	21	0	0	1	21	909	889	2.1	39.2
Query_60839	XM_036167119.1	100.000	21	0	0	1	21	885	865	2.1	39.2
Query_60839	XM_036167118.1	100.000	21	0	0	1	21	924	904	2.1	39.2
Query_60839	XR_001782067.3	100.000	21	0	0	1	21	946	926	2.1	39.2
Query_60839	XM_030249734.2	100.000	21	0	0	1	21	961	941	2.1	39.2
Query_60839	XM_006524139.3	100.000	21	0	0	1	21	1108	1088	2.1	39.2
Query_60839	XM_006524138.5	100.000	21	0	0	1	21	930	910	2.1	39.2
Query_60839	XM_006524136.3	100.000	21	0	0	1	21	1147	1127	2.1	39.2
Query_60839	XM_036082770.1	100.000	21	0	0	1	21	868	848	2.1	39.2
Query_60839	XM_036082769.1	100.000	21	0	0	1	21	799	779	2.1	39.2
Query_60839	XM_036082767.1	100.000	21	0	0	1	21	910	890	2.1	39.2
Query_60839	XM_031302096.2	100.000	21	0	0	1	21	1025	1005	2.1	39.2
Query_60839	XM_031302087.2	100.000	21	0	0	1	21	1064	1044	2.1	39.2
Query_60839	XM_031302065.2	100.000	21	0	0	1	21	1067	1047	2.1	39.2
Query_60839	XM_035991942.1	100.000	21	0	0	1	21	1088	1068	2.1	39.2
Query_60839	LR877205.1	100.000	21	0	0	1	21	8584364	8584344	2.1	39.2
Query_60839	XM_025418885.2	100.000	21	0	0	1	21	856	836	2.1	39.2
Query_60839	XM_035697506.1	100.000	21	0	0	1	21	1039	1019	2.1	39.2
Query_60839	XM_025418884.2	100.000	21	0	0	1	21	911	891	2.1	39.2
Query_60839	XM_025418883.2	100.000	21	0	0	1	21	898	878	2.1	39.2
Query_60839	XM_027602293.2	100.000	21	0	0	1	21	2240	2220	2.1	39.2
Query_60839	XM_027602292.2	100.000	21	0	0	1	21	2198	2178	2.1	39.2
Query_60839	XM_027602291.2	100.000	21	0	0	1	21	2240	2220	2.1	39.2
Query_60839	XM_035663153.1	100.000	21	0	0	1	21	941	921	2.1	39.2
Query_60839	XM_035663152.1	100.000	21	0	0	1	21	1060	1040	2.1	39.2
Query_60839	XM_035663151.1	100.000	21	0	0	1	21	983	963	2.1	39.2
Query_60839	XM_027387392.2	100.000	21	0	0	1	21	924	904	2.1	39.2
Query_60839	XM_027387391.2	100.000	21	0	0	1	21	1079	1059	2.1	39.2
Query_60839	XM_035455361.1	100.000	21	0	0	1	21	903	883	2.1	39.2
Query_60839	XM_035295753.1	100.000	21	0	0	1	21	1045	1025	2.1	39.2
Query_60839	XM_035295752.1	100.000	21	0	0	1	21	881	861	2.1	39.2
Query_60839	XM_035295750.1	100.000	21	0	0	1	21	1081	1061	2.1	39.2
Query_60839	XM_035295749.1	100.000	21	0	0	1	21	911	891	2.1	39.2
Query_60839	XM_035295748.1	100.000	21	0	0	1	21	925	905	2.1	39.2
Query_60839	XM_035295747.1	100.000	21	0	0	1	21	955	935	2.1	39.2


