# blastn
# Iteration: 0
# Query: 
# RID: 6MHE74YY01R
# Database: nt
# Fields: query acc.ver, subject acc.ver, % identity, alignment length, mismatches, gap opens, q. start, q. end, s. start, s. end, evalue, bit score
# 100 hits found
Query_44573	XM_035014140.1	100.000	21	0	0	1	21	556	536	2.0	39.2
Query_44573	XM_034960512.1	100.000	21	0	0	1	21	424	404	2.0	39.2
Query_44573	XM_003829274.3	100.000	21	0	0	1	21	514	494	2.0	39.2
Query_44573	XM_034656017.1	100.000	21	0	0	1	21	479	459	2.0	39.2
Query_44573	XM_002912915.4	100.000	21	0	0	1	21	557	537	2.0	39.2
Query_44573	CP050803.1	100.000	21	0	0	1	21	27862889	27862869	2.0	39.2
Query_44573	XR_004478222.1	100.000	21	0	0	1	21	809	789	2.0	39.2
Query_44573	XM_033409827.1	100.000	21	0	0	1	21	620	600	2.0	39.2
Query_44573	XM_004282119.3	100.000	21	0	0	1	21	685	665	2.0	39.2
Query_44573	CP050600.1	100.000	21	0	0	1	21	21862059	21862039	2.0	39.2
Query_44573	CP050630.1	100.000	21	0	0	1	21	21855026	21855006	2.0	39.2
Query_44573	XM_033181205.1	100.000	21	0	0	1	21	1371	1351	2.0	39.2
Query_44573	XM_033095936.1	100.000	21	0	0	1	21	546	526	2.0	39.2
Query_44573	XM_032837709.1	100.000	21	0	0	1	21	563	543	2.0	39.2
Query_44573	XM_032837708.1	100.000	21	0	0	1	21	563	543	2.0	39.2
Query_44573	XM_032837707.1	100.000	21	0	0	1	21	563	543	2.0	39.2
Query_44573	XM_030318352.2	100.000	21	0	0	1	21	552	532	2.0	39.2
Query_44573	XM_006179617.3	100.000	21	0	0	1	21	546	526	2.0	39.2
Query_44573	XM_032425198.1	100.000	21	0	0	1	21	552	532	2.0	39.2
Query_44573	XM_032336720.1	100.000	21	0	0	1	21	557	537	2.0	39.2
Query_44573	XM_032336718.1	100.000	21	0	0	1	21	557	537	2.0	39.2
Query_44573	XM_032336717.1	100.000	21	0	0	1	21	557	537	2.0	39.2
Query_44573	XM_032251637.1	100.000	21	0	0	1	21	773	753	2.0	39.2
Query_44573	XM_032251564.1	100.000	21	0	0	1	21	863	843	2.0	39.2
Query_44573	XR_001121348.2	100.000	21	0	0	1	21	531	511	2.0	39.2
Query_44573	XM_003756460.3	100.000	21	0	0	1	21	563	543	2.0	39.2
Query_44573	XM_023196017.2	100.000	21	0	0	1	21	836	816	2.0	39.2
Query_44573	NM_001194433.3	100.000	21	0	0	1	21	845	825	2.0	39.2
Query_44573	XM_006212804.3	100.000	21	0	0	1	21	545	525	2.0	39.2
Query_44573	XM_021939692.2	100.000	21	0	0	1	21	768	748	2.0	39.2
Query_44573	XM_003900106.3	100.000	21	0	0	1	21	858	838	2.0	39.2
Query_44573	XM_010981544.2	100.000	21	0	0	1	21	546	526	2.0	39.2
Query_44573	XM_006731022.2	100.000	21	0	0	1	21	807	787	2.0	39.2
Query_44573	XM_031010702.1	100.000	21	0	0	1	21	836	816	2.0	39.2
Query_44573	XM_030318362.1	100.000	21	0	0	1	21	429	409	2.0	39.2
Query_44573	XM_030318343.1	100.000	21	0	0	1	21	684	664	2.0	39.2
Query_44573	XM_030318333.1	100.000	21	0	0	1	21	767	747	2.0	39.2
Query_44573	XM_029941919.1	100.000	21	0	0	1	21	552	532	2.0	39.2
Query_44573	XM_029217262.1	100.000	21	0	0	1	21	549	529	2.0	39.2
Query_44573	NM_003337.4	100.000	21	0	0	1	21	447	427	2.0	39.2
Query_44573	XM_007107071.3	100.000	21	0	0	1	21	545	525	2.0	39.2
Query_44573	LR131919.1	100.000	21	0	0	1	21	11295047	11295027	2.0	39.2
Query_44573	XM_015087620.2	100.000	21	0	0	1	21	507	487	2.0	39.2
Query_44573	XM_026507995.1	100.000	21	0	0	1	21	492	472	2.0	39.2
Query_44573	XM_008142249.2	100.000	21	0	0	1	21	551	531	2.0	39.2
Query_44573	XM_007172151.2	100.000	21	0	0	1	21	401	381	2.0	39.2
Query_44573	XM_007172150.2	100.000	21	0	0	1	21	549	529	2.0	39.2
Query_44573	XM_028103534.1	100.000	21	0	0	1	21	552	532	2.0	39.2
Query_44573	XM_004008801.3	100.000	21	0	0	1	21	564	544	2.0	39.2
Query_44573	XM_027849089.1	100.000	21	0	0	1	21	483	463	2.0	39.2
Query_44573	XM_027606507.1	100.000	21	0	0	1	21	552	532	2.0	39.2
Query_44573	XM_027546485.1	100.000	21	0	0	1	21	668	648	2.0	39.2
Query_44573	XM_025994900.1	100.000	21	0	0	1	21	558	538	2.0	39.2
Query_44573	XM_025924543.1	100.000	21	0	0	1	21	479	459	2.0	39.2
Query_44573	XM_025924542.1	100.000	21	0	0	1	21	568	548	2.0	39.2
Query_44573	XM_025860796.1	100.000	21	0	0	1	21	552	532	2.0	39.2
Query_44573	XM_025388144.1	100.000	21	0	0	1	21	767	747	2.0	39.2
Query_44573	XM_040240092.1	100.000	21	0	0	1	21	840	820	2.0	39.2
Query_44573	HG994391.1	100.000	21	0	0	1	21	23523132	23523112	2.0	39.2
Query_44573	XM_039836039.1	100.000	21	0	0	1	21	810	790	2.0	39.2
Query_44573	XM_010338704.2	100.000	21	0	0	1	21	488	468	2.0	39.2
Query_44573	XM_010338699.2	100.000	21	0	0	1	21	577	557	2.0	39.2
Query_44573	XM_039242287.1	100.000	21	0	0	1	21	533	513	2.0	39.2
Query_44573	XM_039242286.1	100.000	21	0	0	1	21	533	513	2.0	39.2
Query_44573	XM_039242285.1	100.000	21	0	0	1	21	532	512	2.0	39.2
Query_44573	XM_038681540.1	100.000	21	0	0	1	21	668	648	2.0	39.2
Query_44573	XM_022425310.2	100.000	21	0	0	1	21	668	648	2.0	39.2
Query_44573	XM_008014440.2	100.000	21	0	0	1	21	764	744	2.0	39.2
Query_44573	XM_008014439.2	100.000	21	0	0	1	21	854	834	2.0	39.2
Query_44573	XM_017532387.2	100.000	21	0	0	1	21	424	404	2.0	39.2
Query_44573	XM_017532386.2	100.000	21	0	0	1	21	570	550	2.0	39.2
Query_44573	XM_037150865.1	100.000	21	0	0	1	21	466	446	2.0	39.2
Query_44573	XM_037150864.1	100.000	21	0	0	1	21	523	503	2.0	39.2
Query_44573	XM_037150863.1	100.000	21	0	0	1	21	548	528	2.0	39.2
Query_44573	XM_037050449.1	100.000	21	0	0	1	21	546	526	2.0	39.2
Query_44573	XM_037050448.1	100.000	21	0	0	1	21	545	525	2.0	39.2
Query_44573	XM_037016069.1	100.000	21	0	0	1	21	396	376	2.0	39.2
Query_44573	XM_037016068.1	100.000	21	0	0	1	21	505	485	2.0	39.2
Query_44573	XM_017641948.2	100.000	21	0	0	1	21	531	511	2.0	39.2
Query_44573	XM_036898390.1	100.000	21	0	0	1	21	395	375	2.0	39.2
Query_44573	XM_036898387.1	100.000	21	0	0	1	21	505	485	2.0	39.2
Query_44573	XM_036898386.1	100.000	21	0	0	1	21	532	512	2.0	39.2
Query_44573	XM_036845941.1	100.000	21	0	0	1	21	438	418	2.0	39.2
Query_44573	XM_036845940.1	100.000	21	0	0	1	21	544	524	2.0	39.2
Query_44573	XM_036749033.1	100.000	21	0	0	1	21	489	469	2.0	39.2
Query_44573	XM_036749032.1	100.000	21	0	0	1	21	543	523	2.0	39.2
Query_44573	XM_036741274.1	100.000	21	0	0	1	21	420	400	2.0	39.2
Query_44573	XM_036314880.1	100.000	21	0	0	1	21	398	378	2.0	39.2
Query_44573	XM_036314879.1	100.000	21	0	0	1	21	543	523	2.0	39.2
Query_44573	XM_036281631.1	100.000	21	0	0	1	21	492	472	2.0	39.2
Query_44573	XM_036281630.1	100.000	21	0	0	1	21	451	431	2.0	39.2
Query_44573	XM_036281629.1	100.000	21	0	0	1	21	528	508	2.0	39.2
Query_44573	XM_016137659.2	100.000	21	0	0	1	21	810	790	2.0	39.2
Query_44573	XM_036123943.1	100.000	21	0	0	1	21	490	470	2.0	39.2
Query_44573	XM_036123942.1	100.000	21	0	0	1	21	580	560	2.0	39.2
Query_44573	XM_028527841.2	100.000	21	0	0	1	21	546	526	2.0	39.2
Query_44573	XM_025433233.2	100.000	21	0	0	1	21	667	647	2.0	39.2
Query_44573	XM_025433232.2	100.000	21	0	0	1	21	885	865	2.0	39.2
Query_44573	XM_008984915.4	100.000	21	0	0	1	21	775	755	2.0	39.2
Query_44573	XM_002744157.6	100.000	21	0	0	1	21	865	845	2.0	39.2


