# blastn
# Iteration: 0
# Query: 
# RID: 72KCE9MS016
# Database: nt
# Fields: query acc.ver, subject acc.ver, % identity, alignment length, mismatches, gap opens, q. start, q. end, s. start, s. end, evalue, bit score
# 75 hits found
Query_30115	XM_035027437.1	100.000	21	0	0	1	21	454	434	2.1	39.2
Query_30115	XM_003828171.2	100.000	21	0	0	1	21	284	264	2.1	39.2
Query_30115	AP023165.1	100.000	21	0	0	1	21	44115218	44115238	2.1	39.2
Query_30115	XM_019800199.2	100.000	21	0	0	1	21	237	217	2.1	39.2
Query_30115	XM_034506878.1	100.000	21	0	0	1	21	282	262	2.1	39.2
Query_30115	XM_033182838.1	100.000	21	0	0	1	21	240	220	2.1	39.2
Query_30115	XM_033088999.1	100.000	21	0	0	1	21	309	289	2.1	39.2
Query_30115	XM_032914271.1	100.000	21	0	0	1	21	475	455	2.1	39.2
Query_30115	XM_032396643.1	100.000	21	0	0	1	21	240	220	2.1	39.2
Query_30115	XM_032163779.1	100.000	21	0	0	1	21	284	264	2.1	39.2
Query_30115	XM_023191497.3	100.000	21	0	0	1	21	284	264	2.1	39.2
Query_30115	NM_001194608.2	100.000	21	0	0	1	21	258	238	2.1	39.2
Query_30115	XM_003913140.4	100.000	21	0	0	1	21	2500	2480	2.1	39.2
Query_30115	XM_004041540.3	100.000	21	0	0	1	21	284	264	2.1	39.2
Query_30115	XM_010376233.2	100.000	21	0	0	1	21	256	236	2.1	39.2
Query_30115	XM_003270772.2	100.000	21	0	0	1	21	284	264	2.1	39.2
Query_30115	XM_030294706.1	100.000	21	0	0	1	21	237	217	2.1	39.2
Query_30115	XM_029926925.1	100.000	21	0	0	1	21	268	248	2.1	39.2
Query_30115	AY358627.2	100.000	21	0	0	1	21	273	253	2.1	39.2
Query_30115	NM_025237.3	100.000	21	0	0	1	21	290	270	2.1	39.2
Query_30115	XM_027048934.1	100.000	21	0	0	1	21	2818	2798	2.1	39.2
Query_30115	XM_026412429.1	100.000	21	0	0	1	21	253	233	2.1	39.2
Query_30115	XM_008149295.2	100.000	21	0	0	1	21	419	399	2.1	39.2
Query_30115	XM_027947155.1	100.000	21	0	0	1	21	237	217	2.1	39.2
Query_30115	CP034495.1	100.000	21	0	0	1	21	41833112	41833132	2.1	39.2
Query_30115	XM_025917641.1	100.000	21	0	0	1	21	237	217	2.1	39.2
Query_30115	XM_001153653.5	100.000	21	0	0	1	21	387	367	2.1	39.2
Query_30115	XM_011377213.2	100.000	21	0	0	1	21	275	255	2.1	39.2
Query_30115	XM_004468011.2	100.000	21	0	0	1	21	248	228	2.1	39.2
Query_30115	XM_011289261.3	100.000	21	0	0	1	21	3211	3191	2.1	39.2
Query_30115	XM_021681649.1	100.000	21	0	0	1	21	240	220	2.1	39.2
Query_30115	XM_021642724.1	100.000	21	0	0	1	21	240	220	2.1	39.2
Query_30115	LT735545.1	100.000	21	0	0	1	21	727	707	2.1	39.2
Query_30115	XM_019434924.1	100.000	21	0	0	1	21	2815	2795	2.1	39.2
Query_30115	XM_017892802.1	100.000	21	0	0	1	21	281	261	2.1	39.2
Query_30115	XM_006910090.2	100.000	21	0	0	1	21	256	236	2.1	39.2
Query_30115	XM_015495879.1	100.000	21	0	0	1	21	258	238	2.1	39.2
Query_30115	XM_005584371.2	100.000	21	0	0	1	21	291	271	2.1	39.2
Query_30115	XM_004655279.2	100.000	21	0	0	1	21	237	217	2.1	39.2
Query_30115	XM_012786643.1	100.000	21	0	0	1	21	538	518	2.1	39.2
Query_30115	XM_012659081.1	100.000	21	0	0	1	21	280	260	2.1	39.2
Query_30115	XM_012443855.1	100.000	21	0	0	1	21	281	261	2.1	39.2
Query_30115	XM_011720549.1	100.000	21	0	0	1	21	2434	2414	2.1	39.2
Query_30115	XM_012057895.1	100.000	21	0	0	1	21	2443	2423	2.1	39.2
Query_30115	XM_011985860.1	100.000	21	0	0	1	21	281	261	2.1	39.2
Query_30115	XM_011940053.1	100.000	21	0	0	1	21	281	261	2.1	39.2
Query_30115	XM_008574390.1	100.000	21	0	0	1	21	237	217	2.1	39.2
Query_30115	KJ893769.1	100.000	21	0	0	1	21	308	288	2.1	39.2
Query_30115	XM_006738798.1	100.000	21	0	0	1	21	256	236	2.1	39.2
Query_30115	XM_040497706.1	100.000	21	0	0	1	21	2784	2764	2.1	39.2
Query_30115	XM_005328089.3	100.000	21	0	0	1	21	336	316	2.1	39.2
Query_30115	XM_039846848.1	100.000	21	0	0	1	21	275	255	2.1	39.2
Query_30115	XM_003943647.2	100.000	21	0	0	1	21	284	264	2.1	39.2
Query_30115	XM_039220888.1	100.000	21	0	0	1	21	292	272	2.1	39.2
Query_30115	CP068261.1	100.000	21	0	0	1	21	44608593	44608613	2.1	39.2
Query_30115	XM_008012517.2	100.000	21	0	0	1	21	268	248	2.1	39.2
Query_30115	NM_030584.2	100.000	21	0	0	1	21	267	247	2.1	39.2
Query_30115	XM_037810786.1	100.000	21	0	0	1	21	272	252	2.1	39.2
Query_30115	XM_017645453.2	100.000	21	0	0	1	21	6889	6869	2.1	39.2
Query_30115	XM_036883228.1	100.000	21	0	0	1	21	2797	2777	2.1	39.2
Query_30115	XM_016139657.2	100.000	21	0	0	1	21	6546	6526	2.1	39.2
Query_30115	AP023477.1	100.000	21	0	0	1	21	41451783	41451803	2.1	39.2
Query_30115	XM_036071304.1	100.000	21	0	0	1	21	451	431	2.1	39.2
Query_30115	XM_035303470.1	100.000	21	0	0	1	21	320	300	2.1	39.2
Query_30115	NG_008078.2	100.000	21	0	0	1	21	8045	8025	2.1	39.2
Query_30115	AC003098.2	100.000	21	0	0	1	21	6271	6291	2.1	39.2
Query_30115	AY358203.1	100.000	21	0	0	1	21	557	537	2.1	39.2
Query_30115	BC101086.1	100.000	21	0	0	1	21	267	247	2.1	39.2
Query_30115	AC055813.9	100.000	21	0	0	1	21	63195	63215	2.1	39.2
Query_30115	AF331844.1	100.000	21	0	0	1	21	277	257	2.1	39.2
Query_30115	AF326742.1	100.000	21	0	0	1	21	240	220	2.1	39.2
Query_30115	AF326741.1	100.000	21	0	0	1	21	272	252	2.1	39.2
Query_30115	AF326739.1	100.000	21	0	0	1	21	287	267	2.1	39.2
Query_30115	AF326736.1	100.000	21	0	0	1	21	14958	14938	2.1	39.2
Query_30115	XM_020180444.1	100.000	20	0	0	2	21	255	236	7.3	37.4


