# blastn
# Iteration: 0
# Query: 
# RID: 72H0UN0R016
# Database: nt
# Fields: query acc.ver, subject acc.ver, % identity, alignment length, mismatches, gap opens, q. start, q. end, s. start, s. end, evalue, bit score
# 100 hits found
Query_35769	XM_003828171.2	100.000	21	0	0	1	21	535	515	2.1	39.2
Query_35769	XM_019800199.2	100.000	21	0	0	1	21	488	468	2.1	39.2
Query_35769	XM_033847962.1	100.000	21	0	0	1	21	522	502	2.1	39.2
Query_35769	XM_004286017.2	100.000	21	0	0	1	21	522	502	2.1	39.2
Query_35769	XM_033182838.1	100.000	21	0	0	1	21	491	471	2.1	39.2
Query_35769	XM_032617599.1	100.000	21	0	0	1	21	522	502	2.1	39.2
Query_35769	XM_032457288.1	100.000	21	0	0	1	21	588	568	2.1	39.2
Query_35769	XM_032163779.1	100.000	21	0	0	1	21	535	515	2.1	39.2
Query_35769	XM_023191497.3	100.000	21	0	0	1	21	535	515	2.1	39.2
Query_35769	NM_001194608.2	100.000	21	0	0	1	21	509	489	2.1	39.2
Query_35769	XM_003913140.4	100.000	21	0	0	1	21	2751	2731	2.1	39.2
Query_35769	XM_031469764.1	100.000	21	0	0	1	21	591	571	2.1	39.2
Query_35769	XM_004041540.3	100.000	21	0	0	1	21	535	515	2.1	39.2
Query_35769	XM_010376233.2	100.000	21	0	0	1	21	507	487	2.1	39.2
Query_35769	XM_030848975.1	100.000	21	0	0	1	21	509	489	2.1	39.2
Query_35769	XM_030848974.1	100.000	21	0	0	1	21	522	502	2.1	39.2
Query_35769	XM_003270772.2	100.000	21	0	0	1	21	535	515	2.1	39.2
Query_35769	XM_022565170.2	100.000	21	0	0	1	21	732	712	2.1	39.2
Query_35769	XM_029212625.1	100.000	21	0	0	1	21	522	502	2.1	39.2
Query_35769	AY358627.2	100.000	21	0	0	1	21	524	504	2.1	39.2
Query_35769	XM_007127969.2	100.000	21	0	0	1	21	528	508	2.1	39.2
Query_35769	NM_025237.3	100.000	21	0	0	1	21	541	521	2.1	39.2
Query_35769	XM_027098941.1	100.000	21	0	0	1	21	555	535	2.1	39.2
Query_35769	XM_027098940.1	100.000	21	0	0	1	21	543	523	2.1	39.2
Query_35769	XM_026512270.1	100.000	21	0	0	1	21	491	471	2.1	39.2
Query_35769	XM_008149295.2	100.000	21	0	0	1	21	670	650	2.1	39.2
Query_35769	CP034495.1	100.000	21	0	0	1	21	41832861	41832881	2.1	39.2
Query_35769	XM_027517099.1	100.000	21	0	0	1	21	1402	1382	2.1	39.2
Query_35769	XM_025363041.1	100.000	21	0	0	1	21	532	512	2.1	39.2
Query_35769	XM_006046841.2	100.000	21	0	0	1	21	1320	1300	2.1	39.2
Query_35769	NM_001166514.2	100.000	21	0	0	1	21	529	509	2.1	39.2
Query_35769	XM_024761226.1	100.000	21	0	0	1	21	488	468	2.1	39.2
Query_35769	XM_024553481.1	100.000	21	0	0	1	21	488	468	2.1	39.2
Query_35769	XM_001153653.5	100.000	21	0	0	1	21	638	618	2.1	39.2
Query_35769	CP027087.1	100.000	21	0	0	1	21	43504519	43504539	2.1	39.2
Query_35769	XM_002827467.3	100.000	21	0	0	1	21	532	512	2.1	39.2
Query_35769	XM_006092295.3	100.000	21	0	0	1	21	537	517	2.1	39.2
Query_35769	XM_001917501.5	100.000	21	0	0	1	21	2775	2755	2.1	39.2
Query_35769	XM_011377213.2	100.000	21	0	0	1	21	526	506	2.1	39.2
Query_35769	XM_003414277.2	100.000	21	0	0	1	21	811	791	2.1	39.2
Query_35769	XM_003786295.3	100.000	21	0	0	1	21	491	471	2.1	39.2
Query_35769	XM_021712656.1	100.000	21	0	0	1	21	507	487	2.1	39.2
Query_35769	XM_021642724.1	100.000	21	0	0	1	21	491	471	2.1	39.2
Query_35769	XM_005070072.3	100.000	21	0	0	1	21	514	494	2.1	39.2
Query_35769	XM_003131361.3	100.000	21	0	0	1	21	857	837	2.1	39.2
Query_35769	XM_020888973.1	100.000	21	0	0	1	21	488	468	2.1	39.2
Query_35769	LT735545.1	100.000	21	0	0	1	21	978	958	2.1	39.2
Query_35769	XM_020180444.1	100.000	21	0	0	1	21	507	487	2.1	39.2
Query_35769	XM_019981332.1	100.000	21	0	0	1	21	1319	1299	2.1	39.2
Query_35769	XM_019665562.1	100.000	21	0	0	1	21	570	550	2.1	39.2
Query_35769	XM_017892802.1	100.000	21	0	0	1	21	532	512	2.1	39.2
Query_35769	XM_006910090.2	100.000	21	0	0	1	21	507	487	2.1	39.2
Query_35769	XM_006776900.2	100.000	21	0	0	1	21	519	499	2.1	39.2
Query_35769	XM_005584371.2	100.000	21	0	0	1	21	542	522	2.1	39.2
Query_35769	XM_014849316.1	100.000	21	0	0	1	21	1091	1071	2.1	39.2
Query_35769	XM_004432532.2	100.000	21	0	0	1	21	1050	1030	2.1	39.2
Query_35769	XM_013031990.1	100.000	21	0	0	1	21	488	468	2.1	39.2
Query_35769	XM_004655279.2	100.000	21	0	0	1	21	488	468	2.1	39.2
Query_35769	XM_012786643.1	100.000	21	0	0	1	21	789	769	2.1	39.2
Query_35769	XM_012443855.1	100.000	21	0	0	1	21	532	512	2.1	39.2
Query_35769	XM_011720549.1	100.000	21	0	0	1	21	2685	2665	2.1	39.2
Query_35769	XM_012057895.1	100.000	21	0	0	1	21	2694	2674	2.1	39.2
Query_35769	XM_011985860.1	100.000	21	0	0	1	21	532	512	2.1	39.2
Query_35769	XM_011940053.1	100.000	21	0	0	1	21	532	512	2.1	39.2
Query_35769	XM_008542409.1	100.000	21	0	0	1	21	1091	1071	2.1	39.2
Query_35769	KJ893769.1	100.000	21	0	0	1	21	559	539	2.1	39.2
Query_35769	XM_007455080.1	100.000	21	0	0	1	21	508	488	2.1	39.2
Query_35769	XM_007180240.1	100.000	21	0	0	1	21	488	468	2.1	39.2
Query_35769	XM_006832712.1	100.000	21	0	0	1	21	488	468	2.1	39.2
Query_35769	XM_006897859.1	100.000	21	0	0	1	21	491	471	2.1	39.2
Query_35769	XM_005907664.1	100.000	21	0	0	1	21	508	488	2.1	39.2
Query_35769	XM_004633926.1	100.000	21	0	0	1	21	488	468	2.1	39.2
Query_35769	XM_004620979.1	100.000	21	0	0	1	21	491	471	2.1	39.2
Query_35769	XM_004374320.1	100.000	21	0	0	1	21	507	487	2.1	39.2
Query_35769	XM_039846848.1	100.000	21	0	0	1	21	526	506	2.1	39.2
Query_35769	XM_003943647.2	100.000	21	0	0	1	21	535	515	2.1	39.2
Query_35769	CP068261.1	100.000	21	0	0	1	21	44608342	44608362	2.1	39.2
Query_35769	XM_008012517.2	100.000	21	0	0	1	21	519	499	2.1	39.2
Query_35769	XM_037491595.1	100.000	21	0	0	1	21	577	557	2.1	39.2
Query_35769	XM_037144680.1	100.000	21	0	0	1	21	491	471	2.1	39.2
Query_35769	XM_037069625.1	100.000	21	0	0	1	21	523	503	2.1	39.2
Query_35769	XM_036883228.1	100.000	21	0	0	1	21	3045	3025	2.1	39.2
Query_35769	XM_036837604.1	100.000	21	0	0	1	21	522	502	2.1	39.2
Query_35769	XM_036451266.1	100.000	21	0	0	1	21	563	543	2.1	39.2
Query_35769	XM_036341020.1	100.000	21	0	0	1	21	522	502	2.1	39.2
Query_35769	XM_016139657.2	100.000	21	0	0	1	21	6797	6777	2.1	39.2
Query_35769	AP023477.1	100.000	21	0	0	1	21	41451532	41451552	2.1	39.2
Query_35769	XM_028521821.2	100.000	21	0	0	1	21	565	545	2.1	39.2
Query_35769	LR862372.1	100.000	21	0	0	1	21	34624447	34624467	2.1	39.2
Query_35769	XM_035303470.1	100.000	21	0	0	1	21	571	551	2.1	39.2
Query_35769	NG_008078.2	100.000	21	0	0	1	21	8296	8276	2.1	39.2
Query_35769	AC003098.2	100.000	21	0	0	1	21	6020	6040	2.1	39.2
Query_35769	AY358203.1	100.000	21	0	0	1	21	808	788	2.1	39.2
Query_35769	AF184211.1	100.000	21	0	0	1	21	250	230	2.1	39.2
Query_35769	BC101086.1	100.000	21	0	0	1	21	518	498	2.1	39.2
Query_35769	AC055813.9	100.000	21	0	0	1	21	62944	62964	2.1	39.2
Query_35769	AF331844.1	100.000	21	0	0	1	21	528	508	2.1	39.2
Query_35769	AF326742.1	100.000	21	0	0	1	21	491	471	2.1	39.2
Query_35769	AF326739.1	100.000	21	0	0	1	21	538	518	2.1	39.2
Query_35769	AF326738.1	100.000	21	0	0	1	21	400	380	2.1	39.2


