# blastn
# Iteration: 0
# Query: 
# RID: 7JG9WCEX016
# Database: nt
# Fields: query acc.ver, subject acc.ver, % identity, alignment length, mismatches, gap opens, q. start, q. end, s. start, s. end, evalue, bit score
# 65 hits found
Query_4055	XM_034962171.1	100.000	21	0	0	1	21	705	685	2.1	39.2
Query_4055	XM_008958732.2	100.000	21	0	0	1	21	907	887	2.1	39.2
Query_4055	XM_003833230.2	100.000	21	0	0	1	21	878	858	2.1	39.2
Query_4055	XM_019029654.2	100.000	21	0	0	1	21	967	947	2.1	39.2
Query_4055	XM_031012164.1	100.000	21	0	0	1	21	797	777	2.1	39.2
Query_4055	XM_031012163.1	100.000	21	0	0	1	21	940	920	2.1	39.2
Query_4055	XM_019029653.2	100.000	21	0	0	1	21	1006	986	2.1	39.2
Query_4055	XM_031012162.1	100.000	21	0	0	1	21	863	843	2.1	39.2
Query_4055	NM_018426.3	100.000	21	0	0	1	21	869	849	2.1	39.2
Query_4055	XM_026394499.1	100.000	21	0	0	1	21	804	784	2.1	39.2
Query_4055	XM_026394498.1	100.000	21	0	0	1	21	832	812	2.1	39.2
Query_4055	XM_026394497.1	100.000	21	0	0	1	21	863	843	2.1	39.2
Query_4055	XM_027950431.1	100.000	21	0	0	1	21	863	843	2.1	39.2
Query_4055	XM_025383334.1	100.000	21	0	0	1	21	916	896	2.1	39.2
Query_4055	XM_025383333.1	100.000	21	0	0	1	21	903	883	2.1	39.2
Query_4055	XM_025383332.1	100.000	21	0	0	1	21	863	843	2.1	39.2
Query_4055	XR_001743506.2	100.000	21	0	0	1	21	1249	1229	2.1	39.2
Query_4055	XM_024446482.1	100.000	21	0	0	1	21	1137	1117	2.1	39.2
Query_4055	XM_009451354.3	100.000	21	0	0	1	21	941	921	2.1	39.2
Query_4055	XM_016955600.2	100.000	21	0	0	1	21	910	890	2.1	39.2
Query_4055	XM_016955605.2	100.000	21	0	0	1	21	1090	1070	2.1	39.2
Query_4055	XM_024357229.1	100.000	21	0	0	1	21	807	787	2.1	39.2
Query_4055	XM_016955604.2	100.000	21	0	0	1	21	920	900	2.1	39.2
Query_4055	XM_016955603.2	100.000	21	0	0	1	21	1130	1110	2.1	39.2
Query_4055	XM_016955602.2	100.000	21	0	0	1	21	863	843	2.1	39.2
Query_4055	XM_016955601.2	100.000	21	0	0	1	21	1199	1179	2.1	39.2
Query_4055	XM_024248597.1	100.000	21	0	0	1	21	937	917	2.1	39.2
Query_4055	XM_024248596.1	100.000	21	0	0	1	21	778	758	2.1	39.2
Query_4055	XM_024248595.1	100.000	21	0	0	1	21	940	920	2.1	39.2
Query_4055	XM_024248594.1	100.000	21	0	0	1	21	1221	1201	2.1	39.2
Query_4055	XM_024248593.1	100.000	21	0	0	1	21	861	841	2.1	39.2
Query_4055	XM_020157181.1	100.000	21	0	0	1	21	1544	1524	2.1	39.2
Query_4055	XM_020157180.1	100.000	21	0	0	1	21	1583	1563	2.1	39.2
Query_4055	XM_020157179.1	100.000	21	0	0	1	21	1708	1688	2.1	39.2
Query_4055	XM_020157178.1	100.000	21	0	0	1	21	1728	1708	2.1	39.2
Query_4055	XM_020157177.1	100.000	21	0	0	1	21	1583	1563	2.1	39.2
Query_4055	XM_020157176.1	100.000	21	0	0	1	21	1637	1617	2.1	39.2
Query_4055	XM_017011002.1	100.000	21	0	0	1	21	910	890	2.1	39.2
Query_4055	XM_017011001.1	100.000	21	0	0	1	21	807	787	2.1	39.2
Query_4055	XM_005249215.4	100.000	21	0	0	1	21	1068	1048	2.1	39.2
Query_4055	XM_005249214.4	100.000	21	0	0	1	21	763	743	2.1	39.2
Query_4055	XM_017011000.1	100.000	21	0	0	1	21	1107	1087	2.1	39.2
Query_4055	XM_005249213.4	100.000	21	0	0	1	21	1176	1156	2.1	39.2
Query_4055	XM_017010999.1	100.000	21	0	0	1	21	1126	1106	2.1	39.2
Query_4055	XM_005249211.3	100.000	21	0	0	1	21	1249	1229	2.1	39.2
Query_4055	XM_015487366.1	100.000	21	0	0	1	21	776	756	2.1	39.2
Query_4055	NM_001318792.1	100.000	21	0	0	1	21	903	883	2.1	39.2
Query_4055	XM_006715135.1	100.000	21	0	0	1	21	925	905	2.1	39.2
Query_4055	XM_005249217.1	100.000	21	0	0	1	21	941	921	2.1	39.2
Query_4055	XM_013355738.3	100.000	21	0	0	1	21	956	936	2.1	39.2
Query_4055	XM_021721854.2	100.000	21	0	0	1	21	1004	984	2.1	39.2
Query_4055	XM_007972423.2	100.000	21	0	0	1	21	941	921	2.1	39.2
Query_4055	XM_038006128.1	100.000	21	0	0	1	21	966	946	2.1	39.2
Query_4055	XM_038006127.1	100.000	21	0	0	1	21	862	842	2.1	39.2
Query_4055	XM_007972424.2	100.000	21	0	0	1	21	1005	985	2.1	39.2
Query_4055	XM_007972422.2	100.000	21	0	0	1	21	901	881	2.1	39.2
Query_4055	AB587502.1	100.000	21	0	0	1	21	729	709	2.1	39.2
Query_4055	BC136769.1	100.000	21	0	0	1	21	745	725	2.1	39.2
Query_4055	AK093629.1	100.000	21	0	0	1	21	925	905	2.1	39.2
Query_4055	BC022095.1	100.000	21	0	0	1	21	506	486	2.1	39.2
Query_4055	CR627460.1	100.000	21	0	0	1	21	906	886	2.1	39.2
Query_4055	AL834238.1	100.000	21	0	0	1	21	167	147	2.1	39.2
Query_4055	BC093086.1	100.000	21	0	0	1	21	550	530	2.1	39.2
Query_4055	XM_012804842.2	100.000	20	0	0	2	21	810	791	7.3	37.4
Query_4055	XM_023512831.1	100.000	20	0	0	2	21	894	875	7.3	37.4


