# blastn
# Iteration: 0
# Query: 
# RID: 6X5DNSEZ013
# Database: nt
# Fields: query acc.ver, subject acc.ver, % identity, alignment length, mismatches, gap opens, q. start, q. end, s. start, s. end, evalue, bit score
# 102 hits found
Query_38111	XM_040491239.1	100.000	21	0	0	1	21	335	315	2.1	39.2
Query_38111	XM_005335540.4	100.000	21	0	0	1	21	214	194	2.1	39.2
Query_38111	XM_005335534.4	100.000	21	0	0	1	21	218	198	2.1	39.2
Query_38111	XM_040281818.1	100.000	21	0	0	1	21	211	191	2.1	39.2
Query_38111	XM_040234415.1	100.000	21	0	0	1	21	337	317	2.1	39.2
Query_38111	XM_040062293.1	100.000	21	0	0	1	21	279	259	2.1	39.2
Query_38111	HG994417.1	100.000	21	0	0	1	21	2974304	2974324	2.1	39.2
Query_38111	HG994408.1	100.000	21	0	0	1	21	41251003	41250983	2.1	39.2
Query_38111	HG994405.1	100.000	21	0	0	1	21	37623595	37623575	2.1	39.2
Query_38111	HG994395.1	100.000	21	0	0	1	21	35168735	35168755	2.1	39.2
Query_38111	HG994393.1	100.000	21	0	0	1	21	43965478	43965498	2.1	39.2
Query_38111	HG994389.1	100.000	21	0	0	1	21	50959693	50959713	2.1	39.2
Query_38111	HG994388.1	100.000	21	0	0	1	21	10477453	10477433	2.1	39.2
Query_38111	HG994386.1	100.000	21	0	0	1	21	10966922	10966902	2.1	39.2
Query_38111	HG994386.1	100.000	21	0	0	1	21	19075622	19075602	2.1	39.2
Query_38111	HG994385.1	100.000	21	0	0	1	21	54981904	54981884	2.1	39.2
Query_38111	HG994384.1	100.000	21	0	0	1	21	29999923	29999943	2.1	39.2
Query_38111	XM_039869043.1	100.000	21	0	0	1	21	318	298	2.1	39.2
Query_38111	XM_039703954.1	100.000	21	0	0	1	21	285	265	2.1	39.2
Query_38111	XM_039570592.1	100.000	21	0	0	1	21	253	233	2.1	39.2
Query_38111	XM_039496494.1	100.000	21	0	0	1	21	430	410	2.1	39.2
Query_38111	XM_039496491.1	100.000	21	0	0	1	21	338	318	2.1	39.2
Query_38111	XM_039471644.1	100.000	21	0	0	1	21	538	518	2.1	39.2
Query_38111	XM_039471339.1	100.000	21	0	0	1	21	210	190	2.1	39.2
Query_38111	XM_027732241.2	100.000	21	0	0	1	21	329	309	2.1	39.2
Query_38111	XM_039358175.1	100.000	21	0	0	1	21	295	275	2.1	39.2
Query_38111	XM_038667664.1	100.000	21	0	0	1	21	274	254	2.1	39.2
Query_38111	XM_038662699.1	100.000	21	0	0	1	21	730	710	2.1	39.2
Query_38111	XM_038444630.1	100.000	21	0	0	1	21	172	152	2.1	39.2
Query_38111	XM_038439592.1	100.000	21	0	0	1	21	442	422	2.1	39.2
Query_38111	XM_038429925.1	100.000	21	0	0	1	21	185	165	2.1	39.2
Query_38111	XM_038680268.1	100.000	21	0	0	1	21	226	206	2.1	39.2
Query_38111	XM_038535473.1	100.000	21	0	0	1	21	283	263	2.1	39.2
Query_38111	XM_003434540.5	100.000	21	0	0	1	21	735	715	2.1	39.2
Query_38111	XM_038462342.1	100.000	21	0	0	1	21	172	152	2.1	39.2
Query_38111	XM_022411083.2	100.000	21	0	0	1	21	442	422	2.1	39.2
Query_38111	XM_014122538.3	100.000	21	0	0	1	21	178	158	2.1	39.2
Query_38111	XM_038644474.1	100.000	21	0	0	1	21	220	200	2.1	39.2
Query_38111	XM_038388051.1	100.000	21	0	0	1	21	445	425	2.1	39.2
Query_38111	XM_038343912.1	100.000	21	0	0	1	21	178	158	2.1	39.2
Query_38111	XM_038333384.1	100.000	21	0	0	1	21	244	224	2.1	39.2
Query_38111	XM_038314678.1	100.000	21	0	0	1	21	332	312	2.1	39.2
Query_38111	XM_027451950.2	100.000	21	0	0	1	21	370	350	2.1	39.2
Query_38111	XM_038153061.1	100.000	21	0	0	1	21	293	273	2.1	39.2
Query_38111	XM_007069234.3	100.000	21	0	0	1	21	293	273	2.1	39.2
Query_38111	XM_037846925.1	100.000	21	0	0	1	21	292	272	2.1	39.2
Query_38111	XM_037805070.1	100.000	21	0	0	1	21	178	158	2.1	39.2
Query_38111	XM_037799864.1	100.000	21	0	0	1	21	716	696	2.1	39.2
Query_38111	XM_017502871.2	100.000	21	0	0	1	21	209	189	2.1	39.2
Query_38111	XM_017541827.2	100.000	21	0	0	1	21	204	184	2.1	39.2
Query_38111	XM_017537894.2	100.000	21	0	0	1	21	236	216	2.1	39.2
Query_38111	XM_017534874.2	100.000	21	0	0	1	21	213	193	2.1	39.2
Query_38111	XM_037522123.1	100.000	21	0	0	1	21	298	278	2.1	39.2
Query_38111	XM_037513877.1	100.000	21	0	0	1	21	347	327	2.1	39.2
Query_38111	XM_037388046.1	100.000	21	0	0	1	21	281	261	2.1	39.2
Query_38111	XM_028855698.2	100.000	21	0	0	1	21	284	264	2.1	39.2
Query_38111	XM_037196800.1	100.000	21	0	0	1	21	330	310	2.1	39.2
Query_38111	XM_036996328.1	100.000	21	0	0	1	21	178	158	2.1	39.2
Query_38111	XM_037023059.1	100.000	21	0	0	1	21	330	310	2.1	39.2
Query_38111	XM_036917115.1	100.000	21	0	0	1	21	209	189	2.1	39.2
Query_38111	XM_036852158.1	100.000	21	0	0	1	21	175	155	2.1	39.2
Query_38111	XM_036852157.1	100.000	21	0	0	1	21	202	182	2.1	39.2
Query_38111	XR_004991539.1	100.000	21	0	0	1	21	368	348	2.1	39.2
Query_38111	XM_036458685.1	100.000	21	0	0	1	21	365	345	2.1	39.2
Query_38111	XM_036400770.1	100.000	21	0	0	1	21	265	245	2.1	39.2
Query_38111	XM_036305925.1	100.000	21	0	0	1	21	208	188	2.1	39.2
Query_38111	XM_036305699.1	100.000	21	0	0	1	21	178	158	2.1	39.2
Query_38111	XM_036302016.1	100.000	21	0	0	1	21	200	180	2.1	39.2
Query_38111	XM_036297571.1	100.000	21	0	0	1	21	363	343	2.1	39.2
Query_38111	XR_004965807.1	100.000	21	0	0	1	21	363	343	2.1	39.2
Query_38111	XM_036297570.1	100.000	21	0	0	1	21	356	336	2.1	39.2
Query_38111	XM_036247340.1	100.000	21	0	0	1	21	212	192	2.1	39.2
Query_38111	XM_036241407.1	100.000	21	0	0	1	21	190	170	2.1	39.2
Query_38111	XM_036252541.1	100.000	21	0	0	1	21	270	250	2.1	39.2
Query_38111	XM_016157625.2	100.000	21	0	0	1	21	289	269	2.1	39.2
Query_38111	XM_006514344.5	100.000	21	0	0	1	21	512	492	2.1	39.2
Query_38111	LR877242.1	100.000	21	0	0	1	21	18521835	18521815	2.1	39.2
Query_38111	LR877229.1	100.000	21	0	0	1	21	11500737	11500717	2.1	39.2
Query_38111	LR877226.1	100.000	21	0	0	1	21	44776894	44776914	2.1	39.2
Query_38111	XM_035901004.1	100.000	21	0	0	1	21	295	275	2.1	39.2
Query_38111	XM_025461938.2	100.000	21	0	0	1	21	442	422	2.1	39.2
Query_38111	XM_025419479.2	100.000	21	0	0	1	21	185	165	2.1	39.2
Query_38111	XM_035699157.1	100.000	21	0	0	1	21	341	321	2.1	39.2
Query_38111	XM_025438793.2	100.000	21	0	0	1	21	329	309	2.1	39.2
Query_38111	XR_004805211.1	100.000	21	0	0	1	21	3005	2985	2.1	39.2
Query_38111	XM_025435197.2	100.000	21	0	0	1	21	726	706	2.1	39.2
Query_38111	XM_025422512.2	100.000	21	0	0	1	21	243	223	2.1	39.2
Query_38111	LR862373.1	100.000	21	0	0	1	21	11564452	11564432	2.1	39.2
Query_38111	LR862366.1	100.000	21	0	0	1	21	7961878	7961898	2.1	39.2
Query_38111	LR862397.1	100.000	21	0	0	1	21	11339115	11339135	2.1	39.2
Query_38111	LR862397.1	100.000	21	0	0	1	21	29635593	29635573	2.1	39.2
Query_38111	XM_035646165.1	100.000	21	0	0	1	21	277	257	2.1	39.2
Query_38111	XR_004779457.1	100.000	21	0	0	1	21	861	841	2.1	39.2
Query_38111	XM_035551646.1	100.000	21	0	0	1	21	264	244	2.1	39.2
Query_38111	XM_035551645.1	100.000	21	0	0	1	21	214	194	2.1	39.2
Query_38111	XM_027394122.2	100.000	21	0	0	1	21	336	316	2.1	39.2
Query_38111	XM_035337240.1	100.000	21	0	0	1	21	301	281	2.1	39.2
Query_38111	XM_009004044.4	100.000	21	0	0	1	21	249	229	2.1	39.2
Query_38111	XM_035258513.1	100.000	21	0	0	1	21	230	210	2.1	39.2
Query_38111	XM_009004364.3	100.000	21	0	0	1	21	257	237	2.1	39.2
Query_38111	XM_009002552.3	100.000	21	0	0	1	21	211	191	2.1	39.2
Query_38111	XM_002751685.5	100.000	21	0	0	1	21	242	222	2.1	39.2


