# blastn
# Iteration: 0
# Query: 
# RID: 6UB1BM9G013
# Database: nt
# Fields: query acc.ver, subject acc.ver, % identity, alignment length, mismatches, gap opens, q. start, q. end, s. start, s. end, evalue, bit score
# 100 hits found
Query_10179	XM_034966245.1	100.000	21	0	0	1	21	267	247	2.1	39.2
Query_10179	XM_003831319.3	100.000	21	0	0	1	21	275	255	2.1	39.2
Query_10179	XM_008956682.2	100.000	21	0	0	1	21	274	254	2.1	39.2
Query_10179	XM_034966244.1	100.000	21	0	0	1	21	602	582	2.1	39.2
Query_10179	XM_033760541.1	100.000	21	0	0	1	21	189	169	2.1	39.2
Query_10179	XM_033760538.1	100.000	21	0	0	1	21	189	169	2.1	39.2
Query_10179	XM_033760536.1	100.000	21	0	0	1	21	189	169	2.1	39.2
Query_10179	XM_033760534.1	100.000	21	0	0	1	21	189	169	2.1	39.2
Query_10179	XM_033760529.1	100.000	21	0	0	1	21	189	169	2.1	39.2
Query_10179	XM_033760526.1	100.000	21	0	0	1	21	189	169	2.1	39.2
Query_10179	XM_033760522.1	100.000	21	0	0	1	21	189	169	2.1	39.2
Query_10179	XM_033760520.1	100.000	21	0	0	1	21	189	169	2.1	39.2
Query_10179	XM_033202826.1	100.000	21	0	0	1	21	268	248	2.1	39.2
Query_10179	XM_033202825.1	100.000	21	0	0	1	21	275	255	2.1	39.2
Query_10179	XM_032759861.1	100.000	21	0	0	1	21	267	247	2.1	39.2
Query_10179	XM_032759860.1	100.000	21	0	0	1	21	689	669	2.1	39.2
Query_10179	XM_032759859.1	100.000	21	0	0	1	21	274	254	2.1	39.2
Query_10179	XM_032759858.1	100.000	21	0	0	1	21	269	249	2.1	39.2
Query_10179	XM_032251194.1	100.000	21	0	0	1	21	200	180	2.1	39.2
Query_10179	XM_032251185.1	100.000	21	0	0	1	21	711	691	2.1	39.2
Query_10179	XM_032251177.1	100.000	21	0	0	1	21	289	269	2.1	39.2
Query_10179	XM_032251171.1	100.000	21	0	0	1	21	268	248	2.1	39.2
Query_10179	XM_031946250.1	100.000	21	0	0	1	21	483	463	2.1	39.2
Query_10179	XM_023184108.3	100.000	21	0	0	1	21	267	247	2.1	39.2
Query_10179	XM_023184110.3	100.000	21	0	0	1	21	275	255	2.1	39.2
Query_10179	XM_023184109.3	100.000	21	0	0	1	21	274	254	2.1	39.2
Query_10179	LR738627.1	100.000	21	0	0	1	21	6666521	6666541	2.1	39.2
Query_10179	XM_021942444.2	100.000	21	0	0	1	21	2075	2055	2.1	39.2
Query_10179	XM_003902869.5	100.000	21	0	0	1	21	289	269	2.1	39.2
Query_10179	XM_031669636.1	100.000	21	0	0	1	21	428	408	2.1	39.2
Query_10179	XM_031669635.1	100.000	21	0	0	1	21	2079	2059	2.1	39.2
Query_10179	XM_003902870.5	100.000	21	0	0	1	21	322	302	2.1	39.2
Query_10179	XM_031669634.1	100.000	21	0	0	1	21	290	270	2.1	39.2
Query_10179	XM_031669633.1	100.000	21	0	0	1	21	422	402	2.1	39.2
Query_10179	XM_031013634.1	100.000	21	0	0	1	21	268	248	2.1	39.2
Query_10179	XM_019032745.2	100.000	21	0	0	1	21	267	247	2.1	39.2
Query_10179	XM_030937280.1	100.000	21	0	0	1	21	267	247	2.1	39.2
Query_10179	XM_010365989.2	100.000	21	0	0	1	21	275	255	2.1	39.2
Query_10179	XM_010365988.2	100.000	21	0	0	1	21	268	248	2.1	39.2
Query_10179	XM_003269433.4	100.000	21	0	0	1	21	267	247	2.1	39.2
Query_10179	XM_030795229.1	100.000	21	0	0	1	21	538	518	2.1	39.2
Query_10179	XM_003269432.4	100.000	21	0	0	1	21	274	254	2.1	39.2
Query_10179	NM_001001481.4	100.000	21	0	0	1	21	260	240	2.1	39.2
Query_10179	NM_001271015.3	100.000	21	0	0	1	21	227	207	2.1	39.2
Query_10179	NM_018299.6	100.000	21	0	0	1	21	227	207	2.1	39.2
Query_10179	XM_015145507.2	100.000	21	0	0	1	21	404	384	2.1	39.2
Query_10179	XM_015145506.2	100.000	21	0	0	1	21	289	269	2.1	39.2
Query_10179	XM_026397310.1	100.000	21	0	0	1	21	275	255	2.1	39.2
Query_10179	XM_027949609.1	100.000	21	0	0	1	21	249	229	2.1	39.2
Query_10179	XM_027949600.1	100.000	21	0	0	1	21	275	255	2.1	39.2
Query_10179	XM_027877473.1	100.000	21	0	0	1	21	244	224	2.1	39.2
Query_10179	XM_027877469.1	100.000	21	0	0	1	21	244	224	2.1	39.2
Query_10179	XM_027877468.1	100.000	21	0	0	1	21	244	224	2.1	39.2
Query_10179	XM_027772995.1	100.000	21	0	0	1	21	196	176	2.1	39.2
Query_10179	XM_025393318.1	100.000	21	0	0	1	21	275	255	2.1	39.2
Query_10179	XM_025393317.1	100.000	21	0	0	1	21	307	287	2.1	39.2
Query_10179	XR_003018445.1	100.000	21	0	0	1	21	334	314	2.1	39.2
Query_10179	XM_009455526.3	100.000	21	0	0	1	21	289	269	2.1	39.2
Query_10179	XM_016959579.2	100.000	21	0	0	1	21	289	269	2.1	39.2
Query_10179	XM_009455525.3	100.000	21	0	0	1	21	322	302	2.1	39.2
Query_10179	XM_016959578.2	100.000	21	0	0	1	21	322	302	2.1	39.2
Query_10179	XM_016959577.2	100.000	21	0	0	1	21	322	302	2.1	39.2
Query_10179	XM_003777269.3	100.000	21	0	0	1	21	307	287	2.1	39.2
Query_10179	XM_013144063.2	100.000	21	0	0	1	21	257	237	2.1	39.2
Query_10179	XM_012450902.2	100.000	21	0	0	1	21	307	287	2.1	39.2
Query_10179	XM_021665916.1	100.000	21	0	0	1	21	307	287	2.1	39.2
Query_10179	XM_021255943.1	100.000	21	0	0	1	21	940	920	2.1	39.2
Query_10179	XM_020971029.1	100.000	21	0	0	1	21	287	267	2.1	39.2
Query_10179	XM_020901995.1	100.000	21	0	0	1	21	335	315	2.1	39.2
Query_10179	XM_020901994.1	100.000	21	0	0	1	21	274	254	2.1	39.2
Query_10179	LT734931.1	100.000	21	0	0	1	21	674	654	2.1	39.2
Query_10179	LT733781.1	100.000	21	0	0	1	21	674	654	2.1	39.2
Query_10179	XM_017851621.1	100.000	21	0	0	1	21	275	255	2.1	39.2
Query_10179	XM_017851620.1	100.000	21	0	0	1	21	295	275	2.1	39.2
Query_10179	XM_017851619.1	100.000	21	0	0	1	21	328	308	2.1	39.2
Query_10179	XM_017851618.1	100.000	21	0	0	1	21	328	308	2.1	39.2
Query_10179	XM_017851616.1	100.000	21	0	0	1	21	295	275	2.1	39.2
Query_10179	XM_017851615.1	100.000	21	0	0	1	21	328	308	2.1	39.2
Query_10179	XM_002710639.3	100.000	21	0	0	1	21	276	256	2.1	39.2
Query_10179	XM_017341236.1	100.000	21	0	0	1	21	223	203	2.1	39.2
Query_10179	XM_015485714.1	100.000	21	0	0	1	21	274	254	2.1	39.2
Query_10179	XM_040293935.1	100.000	21	0	0	1	21	253	233	2.1	39.2
Query_10179	XM_005335831.3	100.000	21	0	0	1	21	281	261	2.1	39.2
Query_10179	XM_003940686.2	100.000	21	0	0	1	21	275	255	2.1	39.2
Query_10179	XM_008000897.2	100.000	21	0	0	1	21	322	302	2.1	39.2
Query_10179	XM_038000381.1	100.000	21	0	0	1	21	373	353	2.1	39.2
Query_10179	XM_008000899.2	100.000	21	0	0	1	21	295	275	2.1	39.2
Query_10179	XM_037735437.1	100.000	21	0	0	1	21	228	208	2.1	39.2
Query_10179	XM_017520170.2	100.000	21	0	0	1	21	268	248	2.1	39.2
Query_10179	XM_017520171.2	100.000	21	0	0	1	21	275	255	2.1	39.2
Query_10179	XR_004954568.1	100.000	21	0	0	1	21	1748	1728	2.1	39.2
Query_10179	XM_016153703.2	100.000	21	0	0	1	21	275	255	2.1	39.2
Query_10179	XM_016153702.2	100.000	21	0	0	1	21	274	254	2.1	39.2
Query_10179	XM_008982789.4	100.000	21	0	0	1	21	350	330	2.1	39.2
Query_10179	XR_004735403.1	100.000	21	0	0	1	21	502	482	2.1	39.2
Query_10179	XM_035277257.1	100.000	21	0	0	1	21	176	156	2.1	39.2
Query_10179	XM_035277256.1	100.000	21	0	0	1	21	260	240	2.1	39.2
Query_10179	XM_008982790.3	100.000	21	0	0	1	21	435	415	2.1	39.2
Query_10179	XM_002759002.5	100.000	21	0	0	1	21	294	274	2.1	39.2
Query_10179	XM_002759003.5	100.000	21	0	0	1	21	322	302	2.1	39.2


