# blastn
# Iteration: 0
# Query: 
# RID: 7PSAGUVG01R
# Database: nt
# Fields: query acc.ver, subject acc.ver, % identity, alignment length, mismatches, gap opens, q. start, q. end, s. start, s. end, evalue, bit score
# 100 hits found
Query_52869	XM_035126686.1	100.000	21	0	0	1	21	617	597	2.1	39.2
Query_52869	XM_035021105.1	100.000	21	0	0	1	21	578	558	2.1	39.2
Query_52869	XM_035021104.1	100.000	21	0	0	1	21	450	430	2.1	39.2
Query_52869	XM_035021102.1	100.000	21	0	0	1	21	763	743	2.1	39.2
Query_52869	XM_034967007.1	100.000	21	0	0	1	21	105	85	2.1	39.2
Query_52869	XM_003813487.3	100.000	21	0	0	1	21	735	715	2.1	39.2
Query_52869	XR_004644886.1	100.000	21	0	0	1	21	575	555	2.1	39.2
Query_52869	XM_034763868.1	100.000	21	0	0	1	21	575	555	2.1	39.2
Query_52869	XM_034672035.1	100.000	21	0	0	1	21	683	663	2.1	39.2
Query_52869	XM_011230345.3	100.000	21	0	0	1	21	763	743	2.1	39.2
Query_52869	XM_040471982.1	100.000	21	0	0	1	21	768	748	2.1	39.2
Query_52869	XM_040471981.1	100.000	21	0	0	1	21	369	349	2.1	39.2
Query_52869	XM_040471980.1	100.000	21	0	0	1	21	811	791	2.1	39.2
Query_52869	XM_040413440.1	100.000	21	0	0	1	21	682	662	2.1	39.2
Query_52869	XM_021730378.2	100.000	21	0	0	1	21	303	283	2.1	39.2
Query_52869	XM_005331109.4	100.000	21	0	0	1	21	781	761	2.1	39.2
Query_52869	XM_040259625.1	100.000	21	0	0	1	21	204	184	2.1	39.2
Query_52869	XM_040259624.1	100.000	21	0	0	1	21	362	342	2.1	39.2
Query_52869	XM_040259623.1	100.000	21	0	0	1	21	385	365	2.1	39.2
Query_52869	XM_040259622.1	100.000	21	0	0	1	21	761	741	2.1	39.2
Query_52869	XM_039860867.1	100.000	21	0	0	1	21	439	419	2.1	39.2
Query_52869	XM_039860865.1	100.000	21	0	0	1	21	763	743	2.1	39.2
Query_52869	XR_005592631.1	100.000	21	0	0	1	21	576	556	2.1	39.2
Query_52869	XM_039519883.1	100.000	21	0	0	1	21	576	556	2.1	39.2
Query_52869	XM_039242778.1	100.000	21	0	0	1	21	752	732	2.1	39.2
Query_52869	XM_038686155.1	100.000	21	0	0	1	21	758	738	2.1	39.2
Query_52869	XM_038686152.1	100.000	21	0	0	1	21	401	381	2.1	39.2
Query_52869	XM_038686151.1	100.000	21	0	0	1	21	749	729	2.1	39.2
Query_52869	XM_038433990.1	100.000	21	0	0	1	21	758	738	2.1	39.2
Query_52869	XM_022427231.2	100.000	21	0	0	1	21	401	381	2.1	39.2
Query_52869	XM_852326.6	100.000	21	0	0	1	21	749	729	2.1	39.2
Query_52869	XM_038367729.1	100.000	21	0	0	1	21	525	505	2.1	39.2
Query_52869	XM_038422815.1	100.000	21	0	0	1	21	795	775	2.1	39.2
Query_52869	XM_038422730.1	100.000	21	0	0	1	21	872	852	2.1	39.2
Query_52869	XM_038422645.1	100.000	21	0	0	1	21	592	572	2.1	39.2
Query_52869	XR_005295730.1	100.000	21	0	0	1	21	564	544	2.1	39.2
Query_52869	XM_038422516.1	100.000	21	0	0	1	21	564	544	2.1	39.2
Query_52869	XM_038318476.1	100.000	21	0	0	1	21	704	684	2.1	39.2
Query_52869	XM_007982899.2	100.000	21	0	0	1	21	743	723	2.1	39.2
Query_52869	XM_037889413.1	100.000	21	0	0	1	21	297	277	2.1	39.2
Query_52869	XR_005223828.1	100.000	21	0	0	1	21	578	558	2.1	39.2
Query_52869	XM_037889412.1	100.000	21	0	0	1	21	578	558	2.1	39.2
Query_52869	XM_037836169.1	100.000	21	0	0	1	21	1221	1201	2.1	39.2
Query_52869	XM_037836167.1	100.000	21	0	0	1	21	760	740	2.1	39.2
Query_52869	XM_037836166.1	100.000	21	0	0	1	21	857	837	2.1	39.2
Query_52869	XM_037739999.1	100.000	21	0	0	1	21	208	188	2.1	39.2
Query_52869	XM_017532568.2	100.000	21	0	0	1	21	323	303	2.1	39.2
Query_52869	XM_017532566.2	100.000	21	0	0	1	21	736	716	2.1	39.2
Query_52869	XM_037513136.1	100.000	21	0	0	1	21	254	234	2.1	39.2
Query_52869	XM_037513130.1	100.000	21	0	0	1	21	207	187	2.1	39.2
Query_52869	XM_037513121.1	100.000	21	0	0	1	21	349	329	2.1	39.2
Query_52869	XM_037513116.1	100.000	21	0	0	1	21	513	493	2.1	39.2
Query_52869	XM_037513112.1	100.000	21	0	0	1	21	1057	1037	2.1	39.2
Query_52869	XM_037513104.1	100.000	21	0	0	1	21	323	303	2.1	39.2
Query_52869	XM_037513092.1	100.000	21	0	0	1	21	407	387	2.1	39.2
Query_52869	XM_028866182.2	100.000	21	0	0	1	21	339	319	2.1	39.2
Query_52869	XM_037165819.1	100.000	21	0	0	1	21	303	283	2.1	39.2
Query_52869	XM_037165818.1	100.000	21	0	0	1	21	762	742	2.1	39.2
Query_52869	XM_037049208.1	100.000	21	0	0	1	21	293	273	2.1	39.2
Query_52869	XM_037049206.1	100.000	21	0	0	1	21	300	280	2.1	39.2
Query_52869	XM_037049205.1	100.000	21	0	0	1	21	767	747	2.1	39.2
Query_52869	XM_037019485.1	100.000	21	0	0	1	21	300	280	2.1	39.2
Query_52869	XM_036909040.1	100.000	21	0	0	1	21	770	750	2.1	39.2
Query_52869	XM_036862830.1	100.000	21	0	0	1	21	638	618	2.1	39.2
Query_52869	XM_036862829.1	100.000	21	0	0	1	21	327	307	2.1	39.2
Query_52869	XM_036759303.1	100.000	21	0	0	1	21	414	394	2.1	39.2
Query_52869	XM_036426873.1	100.000	21	0	0	1	21	375	355	2.1	39.2
Query_52869	XM_036426854.1	100.000	21	0	0	1	21	778	758	2.1	39.2
Query_52869	XM_036328704.1	100.000	21	0	0	1	21	590	570	2.1	39.2
Query_52869	XM_036328703.1	100.000	21	0	0	1	21	324	304	2.1	39.2
Query_52869	XM_036328700.1	100.000	21	0	0	1	21	291	271	2.1	39.2
Query_52869	XM_036328699.1	100.000	21	0	0	1	21	660	640	2.1	39.2
Query_52869	XM_036328698.1	100.000	21	0	0	1	21	366	346	2.1	39.2
Query_52869	XM_036246610.1	100.000	21	0	0	1	21	401	381	2.1	39.2
Query_52869	XM_036246609.1	100.000	21	0	0	1	21	536	516	2.1	39.2
Query_52869	XM_036246608.1	100.000	21	0	0	1	21	381	361	2.1	39.2
Query_52869	XM_036246607.1	100.000	21	0	0	1	21	400	380	2.1	39.2
Query_52869	XM_036246603.1	100.000	21	0	0	1	21	294	274	2.1	39.2
Query_52869	XM_036246602.1	100.000	21	0	0	1	21	300	280	2.1	39.2
Query_52869	XM_036246601.1	100.000	21	0	0	1	21	318	298	2.1	39.2
Query_52869	XM_036246600.1	100.000	21	0	0	1	21	372	352	2.1	39.2
Query_52869	XM_016148711.2	100.000	21	0	0	1	21	757	737	2.1	39.2
Query_52869	XM_036181344.1	100.000	21	0	0	1	21	781	761	2.1	39.2
Query_52869	XM_036101282.1	100.000	21	0	0	1	21	564	544	2.1	39.2
Query_52869	XM_036101281.1	100.000	21	0	0	1	21	526	506	2.1	39.2
Query_52869	XM_036101279.1	100.000	21	0	0	1	21	772	752	2.1	39.2
Query_52869	XM_036101278.1	100.000	21	0	0	1	21	717	697	2.1	39.2
Query_52869	XM_036101277.1	100.000	21	0	0	1	21	769	749	2.1	39.2
Query_52869	XM_028525332.2	100.000	21	0	0	1	21	767	747	2.1	39.2
Query_52869	XM_025471634.2	100.000	21	0	0	1	21	491	471	2.1	39.2
Query_52869	XM_025471633.2	100.000	21	0	0	1	21	534	514	2.1	39.2
Query_52869	XM_025471630.2	100.000	21	0	0	1	21	436	416	2.1	39.2
Query_52869	XM_025471629.2	100.000	21	0	0	1	21	749	729	2.1	39.2
Query_52869	XM_027573204.2	100.000	21	0	0	1	21	204	184	2.1	39.2
Query_52869	XM_027573203.2	100.000	21	0	0	1	21	756	736	2.1	39.2
Query_52869	XM_027391394.2	100.000	21	0	0	1	21	533	513	2.1	39.2
Query_52869	XM_035441534.1	100.000	21	0	0	1	21	262	242	2.1	39.2
Query_52869	XM_035254744.1	100.000	21	0	0	1	21	327	307	2.1	39.2
Query_52869	XM_035254741.1	100.000	21	0	0	1	21	749	729	2.1	39.2
Query_52869	XM_002756944.5	100.000	21	0	0	1	21	699	679	2.1	39.2


