# blastn
# Iteration: 0
# Query: 
# RID: 6MBAKYCE013
# Database: nt
# Fields: query acc.ver, subject acc.ver, % identity, alignment length, mismatches, gap opens, q. start, q. end, s. start, s. end, evalue, bit score
# 29 hits found
Query_43857	XM_034944208.1	100.000	21	0	0	1	21	329	309	2.0	39.2
Query_43857	XM_034944207.1	100.000	21	0	0	1	21	342	322	2.0	39.2
Query_43857	XM_034944206.1	100.000	21	0	0	1	21	262	242	2.0	39.2
Query_43857	XM_019016478.2	100.000	21	0	0	1	21	329	309	2.0	39.2
Query_43857	NM_004359.2	100.000	21	0	0	1	21	292	272	2.0	39.2
Query_43857	CP034522.1	100.000	21	0	0	1	21	472051	472031	2.0	39.2
Query_43857	CP034497.1	100.000	21	0	0	1	21	472051	472031	2.0	39.2
Query_43857	XM_009434229.3	100.000	21	0	0	1	21	333	313	2.0	39.2
Query_43857	LT744874.1	100.000	21	0	0	1	21	607	587	2.0	39.2
Query_43857	XM_005259690.3	100.000	21	0	0	1	21	332	312	2.0	39.2
Query_43857	XM_006722952.2	100.000	21	0	0	1	21	332	312	2.0	39.2
Query_43857	KJ890880.1	100.000	21	0	0	1	21	185	165	2.0	39.2
Query_43857	CP068259.1	100.000	21	0	0	1	21	485449	485429	2.0	39.2
Query_43857	AP023479.1	100.000	21	0	0	1	21	293389	293369	2.0	39.2
Query_43857	AP023479.1	100.000	21	0	0	1	21	370083	370063	2.0	39.2
Query_43857	AB590273.1	100.000	21	0	0	1	21	129	109	2.0	39.2
Query_43857	CU676208.1	100.000	21	0	0	1	21	136	116	2.0	39.2
Query_43857	AK291554.1	100.000	21	0	0	1	21	321	301	2.0	39.2
Query_43857	DQ893910.2	100.000	21	0	0	1	21	142	122	2.0	39.2
Query_43857	DQ890738.2	100.000	21	0	0	1	21	142	122	2.0	39.2
Query_43857	AY650399.1	100.000	21	0	0	1	21	2319	2299	2.0	39.2
Query_43857	BC023979.1	100.000	21	0	0	1	21	296	276	2.0	39.2
Query_43857	BT008039.1	100.000	21	0	0	1	21	120	100	2.0	39.2
Query_43857	BT006659.1	100.000	21	0	0	1	21	120	100	2.0	39.2
Query_43857	AC011556.9	100.000	21	0	0	1	21	533	513	2.0	39.2
Query_43857	AC011531.7	100.000	21	0	0	1	21	21540	21520	2.0	39.2
Query_43857	BC018143.2	100.000	21	0	0	1	21	322	302	2.0	39.2
Query_43857	BC009850.2	100.000	21	0	0	1	21	319	299	2.0	39.2
Query_43857	L22005.1	100.000	21	0	0	1	21	306	286	2.0	39.2


