# blastn
# Iteration: 0
# Query: 
# RID: 6X1RT86B016
# Database: nt
# Fields: query acc.ver, subject acc.ver, % identity, alignment length, mismatches, gap opens, q. start, q. end, s. start, s. end, evalue, bit score
# 102 hits found
Query_21999	XM_034987846.1	100.000	21	0	0	1	21	552	532	2.1	39.2
Query_21999	XM_035017486.1	100.000	21	0	0	1	21	438	418	2.1	39.2
Query_21999	XM_035008315.1	100.000	21	0	0	1	21	477	457	2.1	39.2
Query_21999	XM_040491239.1	100.000	21	0	0	1	21	595	575	2.1	39.2
Query_21999	XM_005335540.4	100.000	21	0	0	1	21	474	454	2.1	39.2
Query_21999	XM_005335534.4	100.000	21	0	0	1	21	478	458	2.1	39.2
Query_21999	XM_040234415.1	100.000	21	0	0	1	21	597	577	2.1	39.2
Query_21999	HG994418.1	100.000	21	0	0	1	21	23852402	23852382	2.1	39.2
Query_21999	HG994417.1	100.000	21	0	0	1	21	2974045	2974065	2.1	39.2
Query_21999	HG994412.1	100.000	21	0	0	1	21	35367823	35367843	2.1	39.2
Query_21999	HG994407.1	100.000	21	0	0	1	21	26116283	26116263	2.1	39.2
Query_21999	HG994406.1	100.000	21	0	0	1	21	8450587	8450607	2.1	39.2
Query_21999	HG994406.1	100.000	21	0	0	1	21	33877479	33877499	2.1	39.2
Query_21999	HG994406.1	100.000	21	0	0	1	21	42328988	42329008	2.1	39.2
Query_21999	HG994405.1	100.000	21	0	0	1	21	37623855	37623835	2.1	39.2
Query_21999	HG994395.1	100.000	21	0	0	1	21	35167605	35167625	2.1	39.2
Query_21999	HG994394.1	100.000	21	0	0	1	21	23149687	23149667	2.1	39.2
Query_21999	HG994393.1	100.000	21	0	0	1	21	43965218	43965238	2.1	39.2
Query_21999	HG994388.1	100.000	21	0	0	1	21	10477713	10477693	2.1	39.2
Query_21999	HG994386.1	100.000	21	0	0	1	21	19075882	19075862	2.1	39.2
Query_21999	XM_039869043.1	100.000	21	0	0	1	21	578	558	2.1	39.2
Query_21999	XM_039761538.1	100.000	21	0	0	1	21	537	517	2.1	39.2
Query_21999	XM_039471644.1	100.000	21	0	0	1	21	798	778	2.1	39.2
Query_21999	XM_039471344.1	100.000	21	0	0	1	21	438	418	2.1	39.2
Query_21999	XM_039471339.1	100.000	21	0	0	1	21	470	450	2.1	39.2
Query_21999	NG_030475.3	100.000	21	0	0	1	21	595	575	2.1	39.2
Query_21999	XM_039225835.1	100.000	21	0	0	1	21	249	229	2.1	39.2
Query_21999	XM_039238873.1	100.000	21	0	0	1	21	500	480	2.1	39.2
Query_21999	XM_039236607.1	100.000	21	0	0	1	21	526	506	2.1	39.2
Query_21999	XM_038677314.1	100.000	21	0	0	1	21	454	434	2.1	39.2
Query_21999	XM_038662699.1	100.000	21	0	0	1	21	990	970	2.1	39.2
Query_21999	XM_038447501.1	100.000	21	0	0	1	21	565	545	2.1	39.2
Query_21999	XM_038444630.1	100.000	21	0	0	1	21	432	412	2.1	39.2
Query_21999	XM_038441557.1	100.000	21	0	0	1	21	469	449	2.1	39.2
Query_21999	XM_038432613.1	100.000	21	0	0	1	21	414	394	2.1	39.2
Query_21999	XM_038431898.1	100.000	21	0	0	1	21	448	428	2.1	39.2
Query_21999	XM_038429925.1	100.000	21	0	0	1	21	445	425	2.1	39.2
Query_21999	XM_038680268.1	100.000	21	0	0	1	21	486	466	2.1	39.2
Query_21999	XM_003435294.4	100.000	21	0	0	1	21	454	434	2.1	39.2
Query_21999	XM_003434540.5	100.000	21	0	0	1	21	995	975	2.1	39.2
Query_21999	XM_038463572.1	100.000	21	0	0	1	21	565	545	2.1	39.2
Query_21999	XM_038462342.1	100.000	21	0	0	1	21	432	412	2.1	39.2
Query_21999	XM_014109332.3	100.000	21	0	0	1	21	469	449	2.1	39.2
Query_21999	XM_003433108.5	100.000	21	0	0	1	21	448	428	2.1	39.2
Query_21999	XM_014122538.3	100.000	21	0	0	1	21	438	418	2.1	39.2
Query_21999	XM_038644474.1	100.000	21	0	0	1	21	480	460	2.1	39.2
Query_21999	XM_007992884.2	100.000	21	0	0	1	21	438	418	2.1	39.2
Query_21999	XM_038008386.1	100.000	21	0	0	1	21	472	452	2.1	39.2
Query_21999	XM_007993861.2	100.000	21	0	0	1	21	443	423	2.1	39.2
Query_21999	XM_008004246.2	100.000	21	0	0	1	21	799	779	2.1	39.2
Query_21999	XM_037822839.1	100.000	21	0	0	1	21	438	418	2.1	39.2
Query_21999	XM_037846925.1	100.000	21	0	0	1	21	552	532	2.1	39.2
Query_21999	XM_037799864.1	100.000	21	0	0	1	21	976	956	2.1	39.2
Query_21999	XM_017537894.2	100.000	21	0	0	1	21	496	476	2.1	39.2
Query_21999	XM_037513877.1	100.000	21	0	0	1	21	607	587	2.1	39.2
Query_21999	XM_037146140.1	100.000	21	0	0	1	21	626	606	2.1	39.2
Query_21999	XM_037064672.1	100.000	21	0	0	1	21	625	605	2.1	39.2
Query_21999	XM_037023059.1	100.000	21	0	0	1	21	590	570	2.1	39.2
Query_21999	XM_036891225.1	100.000	21	0	0	1	21	609	589	2.1	39.2
Query_21999	XR_004991539.1	100.000	21	0	0	1	21	775	755	2.1	39.2
Query_21999	XM_036458685.1	100.000	21	0	0	1	21	625	605	2.1	39.2
Query_21999	XM_036305699.1	100.000	21	0	0	1	21	438	418	2.1	39.2
Query_21999	XM_036302016.1	100.000	21	0	0	1	21	460	440	2.1	39.2
Query_21999	XR_004965807.1	100.000	21	0	0	1	21	770	750	2.1	39.2
Query_21999	XM_036297570.1	100.000	21	0	0	1	21	616	596	2.1	39.2
Query_21999	XM_036252541.1	100.000	21	0	0	1	21	530	510	2.1	39.2
Query_21999	XM_016157625.2	100.000	21	0	0	1	21	549	529	2.1	39.2
Query_21999	XM_036089977.1	100.000	21	0	0	1	21	597	577	2.1	39.2
Query_21999	XM_036079636.1	100.000	21	0	0	1	21	459	439	2.1	39.2
Query_21999	XR_004911609.1	100.000	21	0	0	1	21	553	533	2.1	39.2
Query_21999	XM_036077454.1	100.000	21	0	0	1	21	571	551	2.1	39.2
Query_21999	XM_028518699.2	100.000	21	0	0	1	21	452	432	2.1	39.2
Query_21999	XM_028513106.2	100.000	21	0	0	1	21	463	443	2.1	39.2
Query_21999	XM_025433563.2	100.000	21	0	0	1	21	461	441	2.1	39.2
Query_21999	XM_025461314.2	100.000	21	0	0	1	21	448	428	2.1	39.2
Query_21999	XM_025449079.2	100.000	21	0	0	1	21	484	464	2.1	39.2
Query_21999	XM_025419479.2	100.000	21	0	0	1	21	445	425	2.1	39.2
Query_21999	XM_025438793.2	100.000	21	0	0	1	21	589	569	2.1	39.2
Query_21999	XR_004805211.1	100.000	21	0	0	1	21	3474	3454	2.1	39.2
Query_21999	XM_025440401.2	100.000	21	0	0	1	21	454	434	2.1	39.2
Query_21999	XM_025435197.2	100.000	21	0	0	1	21	986	966	2.1	39.2
Query_21999	XM_025422512.2	100.000	21	0	0	1	21	503	483	2.1	39.2
Query_21999	XM_035729226.1	100.000	21	0	0	1	21	581	561	2.1	39.2
Query_21999	XM_035728362.1	100.000	21	0	0	1	21	438	418	2.1	39.2
Query_21999	XM_035728332.1	100.000	21	0	0	1	21	582	562	2.1	39.2
Query_21999	XM_035727297.1	100.000	21	0	0	1	21	465	445	2.1	39.2
Query_21999	XM_027590249.2	100.000	21	0	0	1	21	542	522	2.1	39.2
Query_21999	XM_027589463.2	100.000	21	0	0	1	21	438	418	2.1	39.2
Query_21999	XM_035726302.1	100.000	21	0	0	1	21	465	445	2.1	39.2
Query_21999	XM_027616597.2	100.000	21	0	0	1	21	438	418	2.1	39.2
Query_21999	XM_027616116.2	100.000	21	0	0	1	21	593	573	2.1	39.2
Query_21999	XM_035722137.1	100.000	21	0	0	1	21	480	460	2.1	39.2
Query_21999	XM_035724634.1	100.000	21	0	0	1	21	489	469	2.1	39.2
Query_21999	XM_027585708.2	100.000	21	0	0	1	21	483	463	2.1	39.2
Query_21999	XM_009004044.4	100.000	21	0	0	1	21	509	489	2.1	39.2
Query_21999	XM_035257336.1	100.000	21	0	0	1	21	438	418	2.1	39.2
Query_21999	XM_035258513.1	100.000	21	0	0	1	21	490	470	2.1	39.2
Query_21999	XM_009004364.3	100.000	21	0	0	1	21	517	497	2.1	39.2
Query_21999	XM_009002552.3	100.000	21	0	0	1	21	471	451	2.1	39.2
Query_21999	XM_002751685.5	100.000	21	0	0	1	21	502	482	2.1	39.2
Query_21999	XM_035280129.1	100.000	21	0	0	1	21	467	447	2.1	39.2
Query_21999	XM_008981865.2	100.000	21	0	0	1	21	565	545	2.1	39.2


