# blastn
# Iteration: 0
# Query: 
# RID: 7PMRDW9C016
# Database: nt
# Fields: query acc.ver, subject acc.ver, % identity, alignment length, mismatches, gap opens, q. start, q. end, s. start, s. end, evalue, bit score
# 104 hits found
Query_41331	LR812122.1	100.000	21	0	0	1	21	5582513	5582493	2.1	39.2
Query_41331	XM_034997428.1	100.000	21	0	0	1	21	305	285	2.1	39.2
Query_41331	XM_034989199.1	100.000	21	0	0	1	21	189	169	2.1	39.2
Query_41331	XM_034989198.1	100.000	21	0	0	1	21	301	281	2.1	39.2
Query_41331	XM_035022127.1	100.000	21	0	0	1	21	337	317	2.1	39.2
Query_41331	XM_035013900.1	100.000	21	0	0	1	21	274	254	2.1	39.2
Query_41331	XM_034948809.1	100.000	21	0	0	1	21	370	350	2.1	39.2
Query_41331	XM_034948808.1	100.000	21	0	0	1	21	895	875	2.1	39.2
Query_41331	XM_003807746.2	100.000	21	0	0	1	21	391	371	2.1	39.2
Query_41331	XM_034937214.1	100.000	21	0	0	1	21	316	296	2.1	39.2
Query_41331	XM_034936518.1	100.000	21	0	0	1	21	1457	1437	2.1	39.2
Query_41331	XM_034936517.1	100.000	21	0	0	1	21	1270	1250	2.1	39.2
Query_41331	XM_002926289.4	100.000	21	0	0	1	21	486	466	2.1	39.2
Query_41331	CP050604.1	100.000	21	0	0	1	21	21519709	21519729	2.1	39.2
Query_41331	CP050600.1	100.000	21	0	0	1	21	38075637	38075657	2.1	39.2
Query_41331	CP050590.1	100.000	21	0	0	1	21	1561432	1561412	2.1	39.2
Query_41331	CP050590.1	100.000	21	0	0	1	21	32378109	32378089	2.1	39.2
Query_41331	CP050570.1	100.000	21	0	0	1	21	30018565	30018545	2.1	39.2
Query_41331	CP050644.1	100.000	21	0	0	1	21	21516531	21516551	2.1	39.2
Query_41331	CP050632.1	100.000	21	0	0	1	21	1588499	1588479	2.1	39.2
Query_41331	CP050632.1	100.000	21	0	0	1	21	32392262	32392242	2.1	39.2
Query_41331	CP050630.1	100.000	21	0	0	1	21	38048889	38048909	2.1	39.2
Query_41331	CP050610.1	100.000	21	0	0	1	21	30016476	30016456	2.1	39.2
Query_41331	XM_033236163.1	100.000	21	0	0	1	21	314	294	2.1	39.2
Query_41331	XM_033097695.1	100.000	21	0	0	1	21	373	353	2.1	39.2
Query_41331	XM_033093560.1	100.000	21	0	0	1	21	306	286	2.1	39.2
Query_41331	XM_033110726.1	100.000	21	0	0	1	21	285	265	2.1	39.2
Query_41331	XM_033121103.1	100.000	21	0	0	1	21	188	168	2.1	39.2
Query_41331	XM_032875974.1	100.000	21	0	0	1	21	192	172	2.1	39.2
Query_41331	XM_032875973.1	100.000	21	0	0	1	21	326	306	2.1	39.2
Query_41331	XM_032873610.1	100.000	21	0	0	1	21	287	267	2.1	39.2
Query_41331	XM_032397584.1	100.000	21	0	0	1	21	217	197	2.1	39.2
Query_41331	XM_032397583.1	100.000	21	0	0	1	21	346	326	2.1	39.2
Query_41331	XM_032305736.1	100.000	21	0	0	1	21	280	260	2.1	39.2
Query_41331	XM_032309817.1	100.000	21	0	0	1	21	192	172	2.1	39.2
Query_41331	XM_032309816.1	100.000	21	0	0	1	21	353	333	2.1	39.2
Query_41331	XM_032294409.1	100.000	21	0	0	1	21	492	472	2.1	39.2
Query_41331	XM_032138715.1	100.000	21	0	0	1	21	465	445	2.1	39.2
Query_41331	XM_032171530.1	100.000	21	0	0	1	21	177	157	2.1	39.2
Query_41331	XM_032171529.1	100.000	21	0	0	1	21	280	260	2.1	39.2
Query_41331	XM_032150546.1	100.000	21	0	0	1	21	508	488	2.1	39.2
Query_41331	LR738415.1	100.000	21	0	0	1	21	64719451	64719471	2.1	39.2
Query_41331	LR738415.1	100.000	21	0	0	1	21	66905274	66905254	2.1	39.2
Query_41331	LR738414.1	100.000	21	0	0	1	21	65300701	65300681	2.1	39.2
Query_41331	XM_031363263.1	100.000	21	0	0	1	21	426	406	2.1	39.2
Query_41331	XM_031363262.1	100.000	21	0	0	1	21	355	335	2.1	39.2
Query_41331	XR_004079374.1	100.000	21	0	0	1	21	273	253	2.1	39.2
Query_41331	XM_004063094.2	100.000	21	0	0	1	21	346	326	2.1	39.2
Query_41331	XM_031001374.1	100.000	21	0	0	1	21	1231	1211	2.1	39.2
Query_41331	HG994409.1	100.000	21	0	0	1	21	16024123	16024103	2.1	39.2
Query_41331	HG994406.1	100.000	21	0	0	1	21	2026813	2026793	2.1	39.2
Query_41331	HG994406.1	100.000	21	0	0	1	21	33172718	33172698	2.1	39.2
Query_41331	HG994397.1	100.000	21	0	0	1	21	44833114	44833094	2.1	39.2
Query_41331	HG994391.1	100.000	21	0	0	1	21	39789751	39789771	2.1	39.2
Query_41331	XM_039868429.1	100.000	21	0	0	1	21	379	359	2.1	39.2
Query_41331	XM_039868428.1	100.000	21	0	0	1	21	336	316	2.1	39.2
Query_41331	CP068256.1	100.000	21	0	0	1	21	22053253	22053233	2.1	39.2
Query_41331	XM_038437623.1	100.000	21	0	0	1	21	215	195	2.1	39.2
Query_41331	XM_038437622.1	100.000	21	0	0	1	21	315	295	2.1	39.2
Query_41331	XM_038431679.1	100.000	21	0	0	1	21	256	236	2.1	39.2
Query_41331	XM_005636619.4	100.000	21	0	0	1	21	215	195	2.1	39.2
Query_41331	XM_534767.7	100.000	21	0	0	1	21	315	295	2.1	39.2
Query_41331	XM_038457404.1	100.000	21	0	0	1	21	256	236	2.1	39.2
Query_41331	XM_038346230.1	100.000	21	0	0	1	21	317	297	2.1	39.2
Query_41331	XM_037986854.1	100.000	21	0	0	1	21	498	478	2.1	39.2
Query_41331	XM_037741679.1	100.000	21	0	0	1	21	481	461	2.1	39.2
Query_41331	XM_037135932.1	100.000	21	0	0	1	21	273	253	2.1	39.2
Query_41331	XM_037131470.1	100.000	21	0	0	1	21	350	330	2.1	39.2
Query_41331	XM_037153409.1	100.000	21	0	0	1	21	273	253	2.1	39.2
Query_41331	XM_037067302.1	100.000	21	0	0	1	21	192	172	2.1	39.2
Query_41331	XM_037067301.1	100.000	21	0	0	1	21	350	330	2.1	39.2
Query_41331	XM_036449778.1	100.000	21	0	0	1	21	253	233	2.1	39.2
Query_41331	XM_036449777.1	100.000	21	0	0	1	21	387	367	2.1	39.2
Query_41331	XM_036449776.1	100.000	21	0	0	1	21	392	372	2.1	39.2
Query_41331	XM_036449775.1	100.000	21	0	0	1	21	453	433	2.1	39.2
Query_41331	XM_036353530.1	100.000	21	0	0	1	21	391	371	2.1	39.2
Query_41331	XM_036353529.1	100.000	21	0	0	1	21	192	172	2.1	39.2
Query_41331	XM_036353528.1	100.000	21	0	0	1	21	371	351	2.1	39.2
Query_41331	XM_036353527.1	100.000	21	0	0	1	21	1031	1011	2.1	39.2
Query_41331	XM_036276571.1	100.000	21	0	0	1	21	443	423	2.1	39.2
Query_41331	XM_036276570.1	100.000	21	0	0	1	21	467	447	2.1	39.2
Query_41331	XM_036276569.1	100.000	21	0	0	1	21	293	273	2.1	39.2
Query_41331	XM_016120176.2	100.000	21	0	0	1	21	376	356	2.1	39.2
Query_41331	XM_016120175.2	100.000	21	0	0	1	21	341	321	2.1	39.2
Query_41331	AP023482.1	100.000	21	0	0	1	21	17277775	17277755	2.1	39.2
Query_41331	XM_028505042.2	100.000	21	0	0	1	21	297	277	2.1	39.2
Query_41331	LR877228.1	100.000	21	0	0	1	21	28003526	28003546	2.1	39.2
Query_41331	NM_001256356.2	100.000	21	0	0	1	21	208	188	2.1	39.2
Query_41331	XM_025474928.2	100.000	21	0	0	1	21	215	195	2.1	39.2
Query_41331	XM_035706285.1	100.000	21	0	0	1	21	265	245	2.1	39.2
Query_41331	XM_035706284.1	100.000	21	0	0	1	21	265	245	2.1	39.2
Query_41331	XM_025474927.2	100.000	21	0	0	1	21	317	297	2.1	39.2
Query_41331	XM_035705315.1	100.000	21	0	0	1	21	288	268	2.1	39.2
Query_41331	XM_035727311.1	100.000	21	0	0	1	21	273	253	2.1	39.2
Query_41331	XM_027599946.2	100.000	21	0	0	1	21	177	157	2.1	39.2
Query_41331	XM_027599945.2	100.000	21	0	0	1	21	273	253	2.1	39.2
Query_41331	XM_027577636.2	100.000	21	0	0	1	21	177	157	2.1	39.2
Query_41331	XM_027577635.2	100.000	21	0	0	1	21	273	253	2.1	39.2
Query_41331	XM_027577314.2	100.000	21	0	0	1	21	293	273	2.1	39.2
Query_41331	XM_027576173.2	100.000	21	0	0	1	21	308	288	2.1	39.2
Query_41331	XM_027576172.2	100.000	21	0	0	1	21	380	360	2.1	39.2
Query_41331	XM_027576155.2	100.000	21	0	0	1	21	177	157	2.1	39.2
Query_41331	LR862375.1	100.000	21	0	0	1	21	8118294	8118314	2.1	39.2
Query_41331	LR862365.1	100.000	21	0	0	1	21	58467381	58467401	2.1	39.2


