# blastn
# Iteration: 0
# Query: 
# RID: 7PFEVNH4016
# Database: nt
# Fields: query acc.ver, subject acc.ver, % identity, alignment length, mismatches, gap opens, q. start, q. end, s. start, s. end, evalue, bit score
# 100 hits found
Query_22615	XM_034995424.1	100.000	21	0	0	1	21	3897	3877	2.1	39.2
Query_22615	XR_004664993.1	100.000	21	0	0	1	21	3995	3975	2.1	39.2
Query_22615	XM_034932121.1	100.000	21	0	0	1	21	4144	4124	2.1	39.2
Query_22615	XM_034932120.1	100.000	21	0	0	1	21	3814	3794	2.1	39.2
Query_22615	XM_034932119.1	100.000	21	0	0	1	21	4030	4010	2.1	39.2
Query_22615	XM_034932117.1	100.000	21	0	0	1	21	3900	3880	2.1	39.2
Query_22615	XM_034932116.1	100.000	21	0	0	1	21	4102	4082	2.1	39.2
Query_22615	XM_034932115.1	100.000	21	0	0	1	21	4162	4142	2.1	39.2
Query_22615	CP050601.1	100.000	21	0	0	1	21	32745812	32745832	2.1	39.2
Query_22615	CP050624.1	100.000	21	0	0	1	21	32732164	32732184	2.1	39.2
Query_22615	XR_004436190.1	100.000	21	0	0	1	21	4009	3989	2.1	39.2
Query_22615	XM_033207622.1	100.000	21	0	0	1	21	4153	4133	2.1	39.2
Query_22615	XM_033120108.1	100.000	21	0	0	1	21	4024	4004	2.1	39.2
Query_22615	XM_033120107.1	100.000	21	0	0	1	21	4096	4076	2.1	39.2
Query_22615	XM_032853438.1	100.000	21	0	0	1	21	3818	3798	2.1	39.2
Query_22615	XM_032853436.1	100.000	21	0	0	1	21	3684	3664	2.1	39.2
Query_22615	XM_032853435.1	100.000	21	0	0	1	21	3779	3759	2.1	39.2
Query_22615	XM_032853434.1	100.000	21	0	0	1	21	3851	3831	2.1	39.2
Query_22615	XM_032166649.2	100.000	21	0	0	1	21	3771	3751	2.1	39.2
Query_22615	XM_032357951.1	100.000	21	0	0	1	21	3890	3870	2.1	39.2
Query_22615	XM_032357949.1	100.000	21	0	0	1	21	3755	3735	2.1	39.2
Query_22615	XM_032357948.1	100.000	21	0	0	1	21	3851	3831	2.1	39.2
Query_22615	XM_032357947.1	100.000	21	0	0	1	21	3923	3903	2.1	39.2
Query_22615	XR_004250229.1	100.000	21	0	0	1	21	3629	3609	2.1	39.2
Query_22615	XM_023189815.3	100.000	21	0	0	1	21	4137	4117	2.1	39.2
Query_22615	XM_023189814.3	100.000	21	0	0	1	21	4170	4150	2.1	39.2
Query_22615	XM_031017321.1	100.000	21	0	0	1	21	3774	3754	2.1	39.2
Query_22615	XM_019037259.2	100.000	21	0	0	1	21	3668	3648	2.1	39.2
Query_22615	XM_019037258.2	100.000	21	0	0	1	21	4030	4010	2.1	39.2
Query_22615	XM_004050664.3	100.000	21	0	0	1	21	4143	4123	2.1	39.2
Query_22615	XM_030917677.1	100.000	21	0	0	1	21	3742	3722	2.1	39.2
Query_22615	XM_010384836.2	100.000	21	0	0	1	21	4148	4128	2.1	39.2
Query_22615	XR_004033591.1	100.000	21	0	0	1	21	4026	4006	2.1	39.2
Query_22615	XR_004033590.1	100.000	21	0	0	1	21	4002	3982	2.1	39.2
Query_22615	XM_030828843.1	100.000	21	0	0	1	21	4075	4055	2.1	39.2
Query_22615	XM_030828842.1	100.000	21	0	0	1	21	4037	4017	2.1	39.2
Query_22615	XM_030828841.1	100.000	21	0	0	1	21	4143	4123	2.1	39.2
Query_22615	XM_030331139.1	100.000	21	0	0	1	21	3849	3829	2.1	39.2
Query_22615	XM_030331138.1	100.000	21	0	0	1	21	4001	3981	2.1	39.2
Query_22615	XM_029915374.1	100.000	21	0	0	1	21	3733	3713	2.1	39.2
Query_22615	XM_029915373.1	100.000	21	0	0	1	21	3769	3749	2.1	39.2
Query_22615	XM_029915372.1	100.000	21	0	0	1	21	3841	3821	2.1	39.2
Query_22615	XM_029556291.1	100.000	21	0	0	1	21	3819	3799	2.1	39.2
Query_22615	XM_008853448.2	100.000	21	0	0	1	21	3853	3833	2.1	39.2
Query_22615	NM_001348749.2	100.000	21	0	0	1	21	4036	4016	2.1	39.2
Query_22615	NM_001348750.2	100.000	21	0	0	1	21	4144	4124	2.1	39.2
Query_22615	NM_001243254.2	100.000	21	0	0	1	21	4074	4054	2.1	39.2
Query_22615	NM_015213.4	100.000	21	0	0	1	21	4108	4088	2.1	39.2
Query_22615	XM_027073184.1	100.000	21	0	0	1	21	3707	3687	2.1	39.2
Query_22615	XM_027073183.1	100.000	21	0	0	1	21	3800	3780	2.1	39.2
Query_22615	XM_027073182.1	100.000	21	0	0	1	21	3872	3852	2.1	39.2
Query_22615	XM_027073181.1	100.000	21	0	0	1	21	3955	3935	2.1	39.2
Query_22615	XM_027073180.1	100.000	21	0	0	1	21	3975	3955	2.1	39.2
Query_22615	XM_027073179.1	100.000	21	0	0	1	21	4027	4007	2.1	39.2
Query_22615	NR_145966.2	100.000	21	0	0	1	21	4001	3981	2.1	39.2
Query_22615	XM_014581889.2	100.000	21	0	0	1	21	3839	3819	2.1	39.2
Query_22615	XM_026008148.1	100.000	21	0	0	1	21	4391	4371	2.1	39.2
Query_22615	XM_025929005.1	100.000	21	0	0	1	21	3799	3779	2.1	39.2
Query_22615	XM_025929003.1	100.000	21	0	0	1	21	3833	3813	2.1	39.2
Query_22615	XM_025459437.1	100.000	21	0	0	1	21	3869	3849	2.1	39.2
Query_22615	XR_002938439.1	100.000	21	0	0	1	21	4059	4039	2.1	39.2
Query_22615	XM_016920357.2	100.000	21	0	0	1	21	3949	3929	2.1	39.2
Query_22615	XM_024346967.1	100.000	21	0	0	1	21	3935	3915	2.1	39.2
Query_22615	XM_024346966.1	100.000	21	0	0	1	21	3995	3975	2.1	39.2
Query_22615	XM_009459922.3	100.000	21	0	0	1	21	4070	4050	2.1	39.2
Query_22615	XM_016920354.2	100.000	21	0	0	1	21	4130	4110	2.1	39.2
Query_22615	XM_508914.6	100.000	21	0	0	1	21	4142	4122	2.1	39.2
Query_22615	XM_016920352.2	100.000	21	0	0	1	21	4202	4182	2.1	39.2
Query_22615	XM_009246658.2	100.000	21	0	0	1	21	3761	3741	2.1	39.2
Query_22615	XM_024255109.1	100.000	21	0	0	1	21	3931	3911	2.1	39.2
Query_22615	XM_024255108.1	100.000	21	0	0	1	21	4138	4118	2.1	39.2
Query_22615	XM_023737110.1	100.000	21	0	0	1	21	3802	3782	2.1	39.2
Query_22615	XM_023737106.1	100.000	21	0	0	1	21	3903	3883	2.1	39.2
Query_22615	XM_023737099.1	100.000	21	0	0	1	21	4127	4107	2.1	39.2
Query_22615	XM_023737093.1	100.000	21	0	0	1	21	4468	4448	2.1	39.2
Query_22615	XM_004369634.3	100.000	21	0	0	1	21	3859	3839	2.1	39.2
Query_22615	XM_023646025.1	100.000	21	0	0	1	21	4291	4271	2.1	39.2
Query_22615	XM_023522930.1	100.000	21	0	0	1	21	3565	3545	2.1	39.2
Query_22615	XM_023522929.1	100.000	21	0	0	1	21	3797	3777	2.1	39.2
Query_22615	XM_004470253.3	100.000	21	0	0	1	21	3823	3803	2.1	39.2
Query_22615	XM_004470256.3	100.000	21	0	0	1	21	3895	3875	2.1	39.2
Query_22615	XM_022521766.1	100.000	21	0	0	1	21	3491	3471	2.1	39.2
Query_22615	XM_040456926.1	100.000	21	0	0	1	21	3830	3810	2.1	39.2
Query_22615	XM_040456925.1	100.000	21	0	0	1	21	3865	3845	2.1	39.2
Query_22615	XM_040456924.1	100.000	21	0	0	1	21	3980	3960	2.1	39.2
Query_22615	XM_040456923.1	100.000	21	0	0	1	21	3967	3947	2.1	39.2
Query_22615	XM_040456922.1	100.000	21	0	0	1	21	4018	3998	2.1	39.2
Query_22615	XM_040284773.1	100.000	21	0	0	1	21	2988	2968	2.1	39.2
Query_22615	XM_040284772.1	100.000	21	0	0	1	21	3749	3729	2.1	39.2
Query_22615	HG994405.1	100.000	21	0	0	1	21	18359592	18359572	2.1	39.2
Query_22615	XM_039863542.1	100.000	21	0	0	1	21	3869	3849	2.1	39.2
Query_22615	XM_039244588.1	100.000	21	0	0	1	21	3861	3841	2.1	39.2
Query_22615	XM_038430473.1	100.000	21	0	0	1	21	3835	3815	2.1	39.2
Query_22615	XM_038430472.1	100.000	21	0	0	1	21	3869	3849	2.1	39.2
Query_22615	XM_037522637.1	100.000	21	0	0	1	21	4101	4081	2.1	39.2
Query_22615	XM_037026327.1	100.000	21	0	0	1	21	3790	3770	2.1	39.2
Query_22615	XM_037026326.1	100.000	21	0	0	1	21	3862	3842	2.1	39.2
Query_22615	XM_036930928.1	100.000	21	0	0	1	21	3831	3811	2.1	39.2
Query_22615	XM_036930927.1	100.000	21	0	0	1	21	3903	3883	2.1	39.2
Query_22615	XM_016147367.2	100.000	21	0	0	1	21	4114	4094	2.1	39.2


