# blastn
# Iteration: 0
# Query: 
# RID: 73UNFPUM013
# Database: nt
# Fields: query acc.ver, subject acc.ver, % identity, alignment length, mismatches, gap opens, q. start, q. end, s. start, s. end, evalue, bit score
# 36 hits found
Query_49093	CP050591.1	100.000	21	0	0	1	21	40018014	40017994	2.1	39.2
Query_49093	CP050611.1	100.000	21	0	0	1	21	40018163	40018143	2.1	39.2
Query_49093	LR778263.1	100.000	21	0	0	1	21	51449774	51449794	2.1	39.2
Query_49093	NR_104037.2	100.000	21	0	0	1	21	252	232	2.1	39.2
Query_49093	NM_181800.3	100.000	21	0	0	1	21	362	342	2.1	39.2
Query_49093	NM_181801.4	100.000	21	0	0	1	21	592	572	2.1	39.2
Query_49093	NM_007019.4	100.000	21	0	0	1	21	449	429	2.1	39.2
Query_49093	CP034499.1	100.000	21	0	0	1	21	44384360	44384340	2.1	39.2
Query_49093	XR_003120191.1	100.000	21	0	0	1	21	435	415	2.1	39.2
Query_49093	XM_011983800.1	100.000	21	0	0	1	21	927	907	2.1	39.2
Query_49093	XM_011983799.1	100.000	21	0	0	1	21	430	410	2.1	39.2
Query_49093	XM_011983798.1	100.000	21	0	0	1	21	340	320	2.1	39.2
Query_49093	XM_011983796.1	100.000	21	0	0	1	21	517	497	2.1	39.2
Query_49093	HG994393.1	100.000	21	0	0	1	21	42093415	42093395	2.1	39.2
Query_49093	CP068258.1	100.000	21	0	0	1	21	47552200	47552180	2.1	39.2
Query_49093	XM_038678860.1	100.000	21	0	0	1	21	280	260	2.1	39.2
Query_49093	XM_038651144.1	100.000	21	0	0	1	21	280	260	2.1	39.2
Query_49093	AP023480.1	100.000	21	0	0	1	21	43851167	43851147	2.1	39.2
Query_49093	XM_035696278.1	100.000	21	0	0	1	21	280	260	2.1	39.2
Query_49093	XR_004734476.1	100.000	21	0	0	1	21	443	423	2.1	39.2
Query_49093	XM_017973507.2	100.000	21	0	0	1	21	536	516	2.1	39.2
Query_49093	AL050348.22	100.000	21	0	0	1	21	85380	85360	2.1	39.2
Query_49093	EU831629.1	100.000	21	0	0	1	21	419	399	2.1	39.2
Query_49093	EU831714.1	100.000	21	0	0	1	21	419	399	2.1	39.2
Query_49093	AK311949.1	100.000	21	0	0	1	21	484	464	2.1	39.2
Query_49093	DQ895630.2	100.000	21	0	0	1	21	419	399	2.1	39.2
Query_49093	DQ892416.2	100.000	21	0	0	1	21	419	399	2.1	39.2
Query_49093	BC028161.1	100.000	21	0	0	1	21	1056	1036	2.1	39.2
Query_49093	BC016292.1	100.000	21	0	0	1	21	446	426	2.1	39.2
Query_49093	BC007656.2	100.000	21	0	0	1	21	440	420	2.1	39.2
Query_49093	BC032677.2	100.000	21	0	0	1	21	1228	1208	2.1	39.2
Query_49093	BT007300.1	100.000	21	0	0	1	21	397	377	2.1	39.2
Query_49093	BT007515.1	100.000	21	0	0	1	21	397	377	2.1	39.2
Query_49093	CR456988.1	100.000	21	0	0	1	21	397	377	2.1	39.2
Query_49093	BC050736.1	100.000	21	0	0	1	21	467	447	2.1	39.2
Query_49093	U73379.1	100.000	21	0	0	1	21	437	417	2.1	39.2


