# blastn
# Iteration: 0
# Query: 
# RID: 7407FBEB01R
# Database: nt
# Fields: query acc.ver, subject acc.ver, % identity, alignment length, mismatches, gap opens, q. start, q. end, s. start, s. end, evalue, bit score
# 56 hits found
Query_182643	XM_003826436.5	100.000	21	0	0	1	21	950	930	2.0	39.2
Query_182643	XM_033207523.1	100.000	21	0	0	1	21	168	148	2.0	39.2
Query_182643	XM_033121437.1	100.000	21	0	0	1	21	364	344	2.0	39.2
Query_182643	XR_004248146.1	100.000	21	0	0	1	21	242	222	2.0	39.2
Query_182643	XM_032152902.1	100.000	21	0	0	1	21	369	349	2.0	39.2
Query_182643	XM_023215610.3	100.000	21	0	0	1	21	369	349	2.0	39.2
Query_182643	XM_021925752.2	100.000	21	0	0	1	21	968	948	2.0	39.2
Query_182643	XM_021925751.2	100.000	21	0	0	1	21	968	948	2.0	39.2
Query_182643	XM_003909863.5	100.000	21	0	0	1	21	958	938	2.0	39.2
Query_182643	XM_021925748.2	100.000	21	0	0	1	21	969	949	2.0	39.2
Query_182643	XM_021925749.2	100.000	21	0	0	1	21	964	944	2.0	39.2
Query_182643	XR_004177556.1	100.000	21	0	0	1	21	963	943	2.0	39.2
Query_182643	XR_004177555.1	100.000	21	0	0	1	21	963	943	2.0	39.2
Query_182643	XM_021925747.2	100.000	21	0	0	1	21	963	943	2.0	39.2
Query_182643	XM_021925746.2	100.000	21	0	0	1	21	962	942	2.0	39.2
Query_182643	XM_021925745.2	100.000	21	0	0	1	21	938	918	2.0	39.2
Query_182643	XM_021925744.2	100.000	21	0	0	1	21	972	952	2.0	39.2
Query_182643	XM_004051152.3	100.000	21	0	0	1	21	369	349	2.0	39.2
Query_182643	XM_010353410.2	100.000	21	0	0	1	21	369	349	2.0	39.2
Query_182643	XR_004029584.1	100.000	21	0	0	1	21	244	224	2.0	39.2
Query_182643	XM_030810123.1	100.000	21	0	0	1	21	369	349	2.0	39.2
Query_182643	XM_029956923.1	100.000	21	0	0	1	21	326	306	2.0	39.2
Query_182643	NM_002559.5	100.000	21	0	0	1	21	367	347	2.0	39.2
Query_182643	XM_001103269.4	100.000	21	0	0	1	21	870	850	2.0	39.2
Query_182643	XM_025357428.1	100.000	21	0	0	1	21	368	348	2.0	39.2
Query_182643	XM_024797370.1	100.000	21	0	0	1	21	365	345	2.0	39.2
Query_182643	XM_011766085.2	100.000	21	0	0	1	21	203	183	2.0	39.2
Query_182643	XM_016920882.2	100.000	21	0	0	1	21	437	417	2.0	39.2
Query_182643	XM_001136930.4	100.000	21	0	0	1	21	420	400	2.0	39.2
Query_182643	XM_001504914.5	100.000	21	0	0	1	21	352	332	2.0	39.2
Query_182643	XM_019624217.1	100.000	21	0	0	1	21	188	168	2.0	39.2
Query_182643	XM_017851320.1	100.000	21	0	0	1	21	331	311	2.0	39.2
Query_182643	XM_011545072.2	100.000	21	0	0	1	21	1145	1125	2.0	39.2
Query_182643	XR_949950.2	100.000	21	0	0	1	21	891	871	2.0	39.2
Query_182643	XM_011545071.2	100.000	21	0	0	1	21	887	867	2.0	39.2
Query_182643	XM_011545070.2	100.000	21	0	0	1	21	319	299	2.0	39.2
Query_182643	XM_011545069.2	100.000	21	0	0	1	21	1013	993	2.0	39.2
Query_182643	XM_015434713.1	100.000	21	0	0	1	21	947	927	2.0	39.2
Query_182643	XR_001484890.1	100.000	21	0	0	1	21	947	927	2.0	39.2
Query_182643	XR_001484889.1	100.000	21	0	0	1	21	947	927	2.0	39.2
Query_182643	XM_005577865.2	100.000	21	0	0	1	21	947	927	2.0	39.2
Query_182643	XM_014829422.1	100.000	21	0	0	1	21	315	295	2.0	39.2
Query_182643	XM_011766086.1	100.000	21	0	0	1	21	365	345	2.0	39.2
Query_182643	XM_011766083.1	100.000	21	0	0	1	21	365	345	2.0	39.2
Query_182643	XM_012092343.1	100.000	21	0	0	1	21	354	334	2.0	39.2
Query_182643	XM_011963399.1	100.000	21	0	0	1	21	353	333	2.0	39.2
Query_182643	XM_011998703.1	100.000	21	0	0	1	21	354	334	2.0	39.2
Query_182643	XM_008537756.1	100.000	21	0	0	1	21	298	278	2.0	39.2
Query_182643	XM_037999312.1	100.000	21	0	0	1	21	202	182	2.0	39.2
Query_182643	BC109287.2	100.000	21	0	0	1	21	202	182	2.0	39.2
Query_182643	BC074793.2	100.000	21	0	0	1	21	199	179	2.0	39.2
Query_182643	BC074792.2	100.000	21	0	0	1	21	199	179	2.0	39.2
Query_182643	BC069162.1	100.000	21	0	0	1	21	244	224	2.0	39.2
Query_182643	AP000781.6	100.000	21	0	0	1	21	101909	101889	2.0	39.2
Query_182643	AB016608.1	100.000	21	0	0	1	21	168	148	2.0	39.2
Query_182643	Y07683.1	100.000	21	0	0	1	21	333	313	2.0	39.2


