# blastn
# Iteration: 0
# Query: 
# RID: 9PVXV7SH016
# Database: nt
# Fields: query acc.ver, subject acc.ver, % identity, alignment length, mismatches, gap opens, q. start, q. end, s. start, s. end, evalue, bit score
# 25 hits found
Query_3511	XM_003822875.4	100.000	21	0	0	1	21	1065	1045	2.1	39.2
Query_3511	XM_004044402.3	100.000	21	0	0	1	21	582	562	2.1	39.2
Query_3511	NM_016021.3	100.000	21	0	0	1	21	413	393	2.1	39.2
Query_3511	XM_011535888.3	100.000	21	0	0	1	21	846	826	2.1	39.2
Query_3511	XM_011535887.2	100.000	21	0	0	1	21	846	826	2.1	39.2
Query_3511	XM_518636.7	100.000	21	0	0	1	21	724	704	2.1	39.2
Query_3511	LT738201.1	100.000	21	0	0	1	21	747	727	2.1	39.2
Query_3511	XM_019029617.1	100.000	21	0	0	1	21	275	255	2.1	39.2
Query_3511	KJ898902.1	100.000	21	0	0	1	21	325	305	2.1	39.2
Query_3511	AB464335.1	100.000	21	0	0	1	21	269	249	2.1	39.2
Query_3511	AK300629.1	100.000	21	0	0	1	21	336	316	2.1	39.2
Query_3511	AK290574.1	100.000	21	0	0	1	21	433	413	2.1	39.2
Query_3511	EU176317.1	100.000	21	0	0	1	21	282	262	2.1	39.2
Query_3511	DQ895144.2	100.000	21	0	0	1	21	282	262	2.1	39.2
Query_3511	AK223464.1	100.000	21	0	0	1	21	330	310	2.1	39.2
Query_3511	AL138717.6	100.000	21	0	0	1	21	7148	7168	2.1	39.2
Query_3511	U93243.1	100.000	21	0	0	1	21	287	267	2.1	39.2
Query_3511	AJ245898.1	100.000	21	0	0	1	21	322	302	2.1	39.2
Query_3511	AF161502.1	100.000	21	0	0	1	21	286	266	2.1	39.2
Query_3511	AF151834.1	100.000	21	0	0	1	21	398	378	2.1	39.2
Query_3511	AJ420578.1	100.000	21	0	0	1	21	240	220	2.1	39.2
Query_3511	BC013973.1	100.000	21	0	0	1	21	553	533	2.1	39.2
Query_3511	XM_027188119.1	100.000	20	0	0	1	20	260	241	7.5	37.4
Query_3511	XM_022927737.1	100.000	20	0	0	1	20	386	367	7.5	37.4
Query_3511	FR990183.1	100.000	20	0	0	2	21	6677600	6677619	7.5	37.4


