# blastn
# Iteration: 0
# Query: 
# RID: 740M5JPH013
# Database: nt
# Fields: query acc.ver, subject acc.ver, % identity, alignment length, mismatches, gap opens, q. start, q. end, s. start, s. end, evalue, bit score
# 100 hits found
Query_22135	XM_035012868.1	100.000	21	0	0	1	21	1172	1152	2.1	39.2
Query_22135	XM_035012867.1	100.000	21	0	0	1	21	1172	1152	2.1	39.2
Query_22135	XM_003826436.5	100.000	21	0	0	1	21	841	821	2.1	39.2
Query_22135	XM_002922705.4	100.000	21	0	0	1	21	471	451	2.1	39.2
Query_22135	XM_034494637.1	100.000	21	0	0	1	21	244	224	2.1	39.2
Query_22135	XM_033860719.1	100.000	21	0	0	1	21	1998	1978	2.1	39.2
Query_22135	XM_004264119.3	100.000	21	0	0	1	21	1917	1897	2.1	39.2
Query_22135	CP050597.1	100.000	21	0	0	1	21	38663793	38663813	2.1	39.2
Query_22135	CP050607.1	100.000	21	0	0	1	21	38657299	38657319	2.1	39.2
Query_22135	XM_033207523.1	100.000	21	0	0	1	21	59	39	2.1	39.2
Query_22135	XM_033121437.1	100.000	21	0	0	1	21	255	235	2.1	39.2
Query_22135	XM_032901983.1	100.000	21	0	0	1	21	263	243	2.1	39.2
Query_22135	XM_006172931.2	100.000	21	0	0	1	21	230	210	2.1	39.2
Query_22135	XM_032414879.1	100.000	21	0	0	1	21	59	39	2.1	39.2
Query_22135	XR_004248146.1	100.000	21	0	0	1	21	133	113	2.1	39.2
Query_22135	XM_032152902.1	100.000	21	0	0	1	21	260	240	2.1	39.2
Query_22135	XM_023215610.3	100.000	21	0	0	1	21	260	240	2.1	39.2
Query_22135	XM_006214057.2	100.000	21	0	0	1	21	230	210	2.1	39.2
Query_22135	XM_010994352.2	100.000	21	0	0	1	21	230	210	2.1	39.2
Query_22135	XM_006751597.2	100.000	21	0	0	1	21	341	321	2.1	39.2
Query_22135	XM_010353410.2	100.000	21	0	0	1	21	260	240	2.1	39.2
Query_22135	XM_030864399.1	100.000	21	0	0	1	21	2000	1980	2.1	39.2
Query_22135	XR_004029584.1	100.000	21	0	0	1	21	135	115	2.1	39.2
Query_22135	XM_030810123.1	100.000	21	0	0	1	21	260	240	2.1	39.2
Query_22135	XM_029208585.1	100.000	21	0	0	1	21	60	40	2.1	39.2
Query_22135	XM_029143451.1	100.000	21	0	0	1	21	476	456	2.1	39.2
Query_22135	NM_002559.5	100.000	21	0	0	1	21	258	238	2.1	39.2
Query_22135	XM_027114691.1	100.000	21	0	0	1	21	1867	1847	2.1	39.2
Query_22135	XM_005346685.2	100.000	21	0	0	1	21	59	39	2.1	39.2
Query_22135	XM_026486983.1	100.000	21	0	0	1	21	1117	1097	2.1	39.2
Query_22135	XM_026012932.1	100.000	21	0	0	1	21	59	39	2.1	39.2
Query_22135	XM_024749217.1	100.000	21	0	0	1	21	59	39	2.1	39.2
Query_22135	XM_016920882.2	100.000	21	0	0	1	21	328	308	2.1	39.2
Query_22135	XM_001136930.4	100.000	21	0	0	1	21	311	291	2.1	39.2
Query_22135	XM_002821788.2	100.000	21	0	0	1	21	260	240	2.1	39.2
Query_22135	XM_007115874.2	100.000	21	0	0	1	21	59	39	2.1	39.2
Query_22135	XM_004471020.2	100.000	21	0	0	1	21	59	39	2.1	39.2
Query_22135	XM_003421330.3	100.000	21	0	0	1	21	1887	1867	2.1	39.2
Query_22135	XM_003801335.2	100.000	21	0	0	1	21	248	228	2.1	39.2
Query_22135	XM_022591980.1	100.000	21	0	0	1	21	97	77	2.1	39.2
Query_22135	XM_021715977.1	100.000	21	0	0	1	21	221	201	2.1	39.2
Query_22135	XM_021684842.1	100.000	21	0	0	1	21	59	39	2.1	39.2
Query_22135	XM_012749947.2	100.000	21	0	0	1	21	1756	1736	2.1	39.2
Query_22135	XM_012749946.2	100.000	21	0	0	1	21	1750	1730	2.1	39.2
Query_22135	XM_019624217.1	100.000	21	0	0	1	21	79	59	2.1	39.2
Query_22135	XM_017851320.1	100.000	21	0	0	1	21	222	202	2.1	39.2
Query_22135	XM_017680527.1	100.000	21	0	0	1	21	59	39	2.1	39.2
Query_22135	XM_002709156.3	100.000	21	0	0	1	21	759	739	2.1	39.2
Query_22135	XM_011545072.2	100.000	21	0	0	1	21	777	757	2.1	39.2
Query_22135	XR_949950.2	100.000	21	0	0	1	21	782	762	2.1	39.2
Query_22135	XM_011545071.2	100.000	21	0	0	1	21	778	758	2.1	39.2
Query_22135	XM_011545070.2	100.000	21	0	0	1	21	210	190	2.1	39.2
Query_22135	XM_011545069.2	100.000	21	0	0	1	21	904	884	2.1	39.2
Query_22135	XM_016008053.1	100.000	21	0	0	1	21	826	806	2.1	39.2
Query_22135	XM_006989655.2	100.000	21	0	0	1	21	728	708	2.1	39.2
Query_22135	XM_012643951.1	100.000	21	0	0	1	21	243	223	2.1	39.2
Query_22135	XM_012476474.1	100.000	21	0	0	1	21	213	193	2.1	39.2
Query_22135	XM_012476473.1	100.000	21	0	0	1	21	277	257	2.1	39.2
Query_22135	XM_011963399.1	100.000	21	0	0	1	21	244	224	2.1	39.2
Query_22135	XM_010952408.1	100.000	21	0	0	1	21	251	231	2.1	39.2
Query_22135	XM_008836139.1	100.000	21	0	0	1	21	564	544	2.1	39.2
Query_22135	XM_008694134.1	100.000	21	0	0	1	21	416	396	2.1	39.2
Query_22135	HG994402.1	100.000	21	0	0	1	21	17404382	17404362	2.1	39.2
Query_22135	XR_005530627.1	100.000	21	0	0	1	21	252	232	2.1	39.2
Query_22135	XM_039245053.1	100.000	21	0	0	1	21	252	232	2.1	39.2
Query_22135	XM_039105918.1	100.000	21	0	0	1	21	276	256	2.1	39.2
Query_22135	XM_038424307.1	100.000	21	0	0	1	21	1129	1109	2.1	39.2
Query_22135	XM_540614.5	100.000	21	0	0	1	21	1129	1109	2.1	39.2
Query_22135	XM_038337348.1	100.000	21	0	0	1	21	314	294	2.1	39.2
Query_22135	XM_038337347.1	100.000	21	0	0	1	21	410	390	2.1	39.2
Query_22135	XM_038337346.1	100.000	21	0	0	1	21	1799	1779	2.1	39.2
Query_22135	XM_037839095.1	100.000	21	0	0	1	21	210	190	2.1	39.2
Query_22135	XM_028894222.2	100.000	21	0	0	1	21	746	726	2.1	39.2
Query_22135	XM_036861777.1	100.000	21	0	0	1	21	59	39	2.1	39.2
Query_22135	XM_036184637.1	100.000	21	0	0	1	21	694	674	2.1	39.2
Query_22135	XM_036184636.1	100.000	21	0	0	1	21	694	674	2.1	39.2
Query_22135	XM_036076582.1	100.000	21	0	0	1	21	59	39	2.1	39.2
Query_22135	XM_036076581.1	100.000	21	0	0	1	21	1936	1916	2.1	39.2
Query_22135	LR132024.3	100.000	21	0	0	1	21	17693206	17693186	2.1	39.2
Query_22135	XR_004806790.1	100.000	21	0	0	1	21	1129	1109	2.1	39.2
Query_22135	XM_025452228.2	100.000	21	0	0	1	21	1129	1109	2.1	39.2
Query_22135	XM_027422654.2	100.000	21	0	0	1	21	293	273	2.1	39.2
Query_22135	XM_027422653.2	100.000	21	0	0	1	21	256	236	2.1	39.2
Query_22135	XM_035446209.1	100.000	21	0	0	1	21	393	373	2.1	39.2
Query_22135	XM_035446208.1	100.000	21	0	0	1	21	441	421	2.1	39.2
Query_22135	XM_027422650.2	100.000	21	0	0	1	21	354	334	2.1	39.2
Query_22135	XM_027422652.2	100.000	21	0	0	1	21	283	263	2.1	39.2
Query_22135	XM_027422649.2	100.000	21	0	0	1	21	1266	1246	2.1	39.2
Query_22135	XM_027422645.2	100.000	21	0	0	1	21	293	273	2.1	39.2
Query_22135	XM_027422644.2	100.000	21	0	0	1	21	292	272	2.1	39.2
Query_22135	XM_016977435.3	100.000	21	0	0	1	21	301	281	2.1	39.2
Query_22135	XM_007646647.4	100.000	21	0	0	1	21	258	238	2.1	39.2
Query_22135	XM_035458156.1	100.000	21	0	0	1	21	395	375	2.1	39.2
Query_22135	XM_035458155.1	100.000	21	0	0	1	21	443	423	2.1	39.2
Query_22135	XM_007646646.4	100.000	21	0	0	1	21	356	336	2.1	39.2
Query_22135	XM_007646645.4	100.000	21	0	0	1	21	284	264	2.1	39.2
Query_22135	XM_007646644.4	100.000	21	0	0	1	21	1268	1248	2.1	39.2
Query_22135	XM_027439121.2	100.000	21	0	0	1	21	301	281	2.1	39.2
Query_22135	XM_007646642.4	100.000	21	0	0	1	21	301	281	2.1	39.2
Query_22135	XM_002755279.6	100.000	21	0	0	1	21	711	691	2.1	39.2


