# blastn
# Iteration: 0
# Query: 
# RID: 9PK4K52G01N
# Database: nt
# Fields: query acc.ver, subject acc.ver, % identity, alignment length, mismatches, gap opens, q. start, q. end, s. start, s. end, evalue, bit score
# 100 hits found
Query_531741	CP068258.2	100.000	21	0	0	1	21	5333601	5333621	2.1	39.2
Query_531741	XM_041488061.1	100.000	21	0	0	1	21	603	583	2.1	39.2
Query_531741	XM_041488060.1	100.000	21	0	0	1	21	323	303	2.1	39.2
Query_531741	XM_041484311.1	100.000	21	0	0	1	21	848	828	2.1	39.2
Query_531741	XM_041424538.1	100.000	21	0	0	1	21	499	479	2.1	39.2
Query_531741	XM_041424537.1	100.000	21	0	0	1	21	328	308	2.1	39.2
Query_531741	XM_041424536.1	100.000	21	0	0	1	21	328	308	2.1	39.2
Query_531741	XM_041424535.1	100.000	21	0	0	1	21	221	201	2.1	39.2
Query_531741	XM_041424534.1	100.000	21	0	0	1	21	519	499	2.1	39.2
Query_531741	XM_041424533.1	100.000	21	0	0	1	21	519	499	2.1	39.2
Query_531741	XM_041398056.1	100.000	21	0	0	1	21	564	544	2.1	39.2
Query_531741	XM_041398055.1	100.000	21	0	0	1	21	322	302	2.1	39.2
Query_531741	XM_041221796.1	100.000	21	0	0	1	21	631	611	2.1	39.2
Query_531741	XM_041221785.1	100.000	21	0	0	1	21	643	623	2.1	39.2
Query_531741	XM_041193094.1	100.000	21	0	0	1	21	425	405	2.1	39.2
Query_531741	XM_041193093.1	100.000	21	0	0	1	21	399	379	2.1	39.2
Query_531741	XM_030014879.2	100.000	21	0	0	1	21	297	277	2.1	39.2
Query_531741	XM_041123732.1	100.000	21	0	0	1	21	235	215	2.1	39.2
Query_531741	XM_041123727.1	100.000	21	0	0	1	21	271	251	2.1	39.2
Query_531741	XM_030014870.2	100.000	21	0	0	1	21	539	519	2.1	39.2
Query_531741	XM_029998400.2	100.000	21	0	0	1	21	217	197	2.1	39.2
Query_531741	XM_029998399.2	100.000	21	0	0	1	21	330	310	2.1	39.2
Query_531741	XM_041119359.1	100.000	21	0	0	1	21	318	298	2.1	39.2
Query_531741	XM_029138120.2	100.000	21	0	0	1	21	606	586	2.1	39.2
Query_531741	XM_040967200.1	100.000	21	0	0	1	21	633	613	2.1	39.2
Query_531741	XM_040967199.1	100.000	21	0	0	1	21	462	442	2.1	39.2
Query_531741	XM_040967198.1	100.000	21	0	0	1	21	691	671	2.1	39.2
Query_531741	XM_040967197.1	100.000	21	0	0	1	21	493	473	2.1	39.2
Query_531741	XM_040976625.1	100.000	21	0	0	1	21	166	146	2.1	39.2
Query_531741	XM_040976549.1	100.000	21	0	0	1	21	847	827	2.1	39.2
Query_531741	XM_040976480.1	100.000	21	0	0	1	21	308	288	2.1	39.2
Query_531741	XM_040976391.1	100.000	21	0	0	1	21	685	665	2.1	39.2
Query_531741	XM_040733707.1	100.000	21	0	0	1	21	214	194	2.1	39.2
Query_531741	XM_005065270.4	100.000	21	0	0	1	21	683	663	2.1	39.2
Query_531741	XM_040758103.1	100.000	21	0	0	1	21	715	695	2.1	39.2
Query_531741	XM_005081974.4	100.000	21	0	0	1	21	658	638	2.1	39.2
Query_531741	XM_040751758.1	100.000	21	0	0	1	21	486	466	2.1	39.2
Query_531741	XM_040751757.1	100.000	21	0	0	1	21	929	909	2.1	39.2
Query_531741	XM_040751756.1	100.000	21	0	0	1	21	483	463	2.1	39.2
Query_531741	XM_040751754.1	100.000	21	0	0	1	21	799	779	2.1	39.2
Query_531741	XM_040682810.1	100.000	21	0	0	1	21	153	133	2.1	39.2
Query_531741	XM_040682809.1	100.000	21	0	0	1	21	3714	3694	2.1	39.2
Query_531741	XM_040682808.1	100.000	21	0	0	1	21	734	714	2.1	39.2
Query_531741	XM_040682807.1	100.000	21	0	0	1	21	700	680	2.1	39.2
Query_531741	XM_040682806.1	100.000	21	0	0	1	21	415	395	2.1	39.2
Query_531741	XM_040682805.1	100.000	21	0	0	1	21	5048	5028	2.1	39.2
Query_531741	XM_015285431.3	100.000	21	0	0	1	21	317	297	2.1	39.2
Query_531741	XM_015285430.2	100.000	21	0	0	1	21	1226	1206	2.1	39.2
Query_531741	XM_015285429.2	100.000	21	0	0	1	21	1226	1206	2.1	39.2
Query_531741	XM_015293552.3	100.000	21	0	0	1	21	153	133	2.1	39.2
Query_531741	XM_025154939.2	100.000	21	0	0	1	21	3720	3700	2.1	39.2
Query_531741	XM_015293551.3	100.000	21	0	0	1	21	734	714	2.1	39.2
Query_531741	XM_025154940.2	100.000	21	0	0	1	21	700	680	2.1	39.2
Query_531741	XM_414470.7	100.000	21	0	0	1	21	415	395	2.1	39.2
Query_531741	XM_025154938.2	100.000	21	0	0	1	21	5051	5031	2.1	39.2
Query_531741	XM_008707216.2	100.000	21	0	0	1	21	502	482	2.1	39.2
Query_531741	XM_040624984.1	100.000	21	0	0	1	21	388	368	2.1	39.2
Query_531741	XM_040624983.1	100.000	21	0	0	1	21	384	364	2.1	39.2
Query_531741	XM_040624982.1	100.000	21	0	0	1	21	503	483	2.1	39.2
Query_531741	XM_040624981.1	100.000	21	0	0	1	21	524	504	2.1	39.2
Query_531741	XM_040622371.1	100.000	21	0	0	1	21	674	654	2.1	39.2
Query_531741	XM_040605232.1	100.000	21	0	0	1	21	486	466	2.1	39.2
Query_531741	XM_040605231.1	100.000	21	0	0	1	21	1605	1585	2.1	39.2
Query_531741	XM_040605230.1	100.000	21	0	0	1	21	1587	1567	2.1	39.2
Query_531741	XM_040598536.1	100.000	21	0	0	1	21	210	190	2.1	39.2
Query_531741	XM_040598526.1	100.000	21	0	0	1	21	210	190	2.1	39.2
Query_531741	XM_040598518.1	100.000	21	0	0	1	21	374	354	2.1	39.2
Query_531741	XM_040598510.1	100.000	21	0	0	1	21	211	191	2.1	39.2
Query_531741	XM_040598501.1	100.000	21	0	0	1	21	211	191	2.1	39.2
Query_531741	XM_040598491.1	100.000	21	0	0	1	21	211	191	2.1	39.2
Query_531741	XM_040598482.1	100.000	21	0	0	1	21	280	260	2.1	39.2
Query_531741	XM_040598473.1	100.000	21	0	0	1	21	489	469	2.1	39.2
Query_531741	XM_040555605.1	100.000	21	0	0	1	21	622	602	2.1	39.2
Query_531741	XM_040555604.1	100.000	21	0	0	1	21	617	597	2.1	39.2
Query_531741	XM_040555603.1	100.000	21	0	0	1	21	310	290	2.1	39.2
Query_531741	XM_040573145.1	100.000	21	0	0	1	21	213	193	2.1	39.2
Query_531741	XM_040573144.1	100.000	21	0	0	1	21	195	175	2.1	39.2
Query_531741	XM_040573142.1	100.000	21	0	0	1	21	488	468	2.1	39.2
Query_531741	XM_040573141.1	100.000	21	0	0	1	21	499	479	2.1	39.2
Query_531741	XM_040444648.1	100.000	21	0	0	1	21	160	140	2.1	39.2
Query_531741	XM_040444647.1	100.000	21	0	0	1	21	211	191	2.1	39.2
Query_531741	XM_040444646.1	100.000	21	0	0	1	21	656	636	2.1	39.2
Query_531741	XM_040477280.1	100.000	21	0	0	1	21	477	457	2.1	39.2
Query_531741	XM_040477272.1	100.000	21	0	0	1	21	459	439	2.1	39.2
Query_531741	XM_040477265.1	100.000	21	0	0	1	21	459	439	2.1	39.2
Query_531741	XM_040477257.1	100.000	21	0	0	1	21	478	458	2.1	39.2
Query_531741	XM_040271848.1	100.000	21	0	0	1	21	209	189	2.1	39.2
Query_531741	XM_005327276.3	100.000	21	0	0	1	21	209	189	2.1	39.2
Query_531741	XM_005325742.4	100.000	21	0	0	1	21	473	453	2.1	39.2
Query_531741	XM_040293037.1	100.000	21	0	0	1	21	364	344	2.1	39.2
Query_531741	XM_005325741.4	100.000	21	0	0	1	21	501	481	2.1	39.2
Query_531741	XM_040266533.1	100.000	21	0	0	1	21	412	392	2.1	39.2
Query_531741	XM_040239983.1	100.000	21	0	0	1	21	695	675	2.1	39.2
Query_531741	XM_040237783.1	100.000	21	0	0	1	21	221	201	2.1	39.2
Query_531741	XM_040237782.1	100.000	21	0	0	1	21	206	186	2.1	39.2
Query_531741	XR_005720632.1	100.000	21	0	0	1	21	497	477	2.1	39.2
Query_531741	XM_040237780.1	100.000	21	0	0	1	21	593	573	2.1	39.2
Query_531741	XM_040237779.1	100.000	21	0	0	1	21	472	452	2.1	39.2
Query_531741	XM_040237778.1	100.000	21	0	0	1	21	497	477	2.1	39.2
Query_531741	XM_040237777.1	100.000	21	0	0	1	21	608	588	2.1	39.2


