# blastn
# Iteration: 0
# Query: 
# RID: 6WZPFNEW016
# Database: nt
# Fields: query acc.ver, subject acc.ver, % identity, alignment length, mismatches, gap opens, q. start, q. end, s. start, s. end, evalue, bit score
# 100 hits found
Query_50381	XM_035016697.1	100.000	21	0	0	1	21	606	586	2.1	39.2
Query_50381	XM_034934931.1	100.000	21	0	0	1	21	490	470	2.1	39.2
Query_50381	XM_034934930.1	100.000	21	0	0	1	21	381	361	2.1	39.2
Query_50381	XM_034934929.1	100.000	21	0	0	1	21	321	301	2.1	39.2
Query_50381	XM_034934928.1	100.000	21	0	0	1	21	632	612	2.1	39.2
Query_50381	XM_034934927.1	100.000	21	0	0	1	21	525	505	2.1	39.2
Query_50381	XM_034934926.1	100.000	21	0	0	1	21	632	612	2.1	39.2
Query_50381	XM_034934924.1	100.000	21	0	0	1	21	622	602	2.1	39.2
Query_50381	XR_004665524.1	100.000	21	0	0	1	21	1411	1391	2.1	39.2
Query_50381	XM_034934923.1	100.000	21	0	0	1	21	632	612	2.1	39.2
Query_50381	XM_034934922.1	100.000	21	0	0	1	21	1236	1216	2.1	39.2
Query_50381	HG994409.1	100.000	21	0	0	1	21	41307301	41307281	2.1	39.2
Query_50381	XR_005491585.1	100.000	21	0	0	1	21	906	886	2.1	39.2
Query_50381	XM_039089009.1	100.000	21	0	0	1	21	467	447	2.1	39.2
Query_50381	XM_039089008.1	100.000	21	0	0	1	21	604	584	2.1	39.2
Query_50381	XM_039089007.1	100.000	21	0	0	1	21	583	563	2.1	39.2
Query_50381	XM_008769306.3	100.000	21	0	0	1	21	548	528	2.1	39.2
Query_50381	XM_006249517.4	100.000	21	0	0	1	21	870	850	2.1	39.2
Query_50381	XM_006249516.4	100.000	21	0	0	1	21	906	886	2.1	39.2
Query_50381	XM_017598235.2	100.000	21	0	0	1	21	774	754	2.1	39.2
Query_50381	XM_006249515.4	100.000	21	0	0	1	21	906	886	2.1	39.2
Query_50381	XM_038436252.1	100.000	21	0	0	1	21	571	551	2.1	39.2
Query_50381	XM_038436251.1	100.000	21	0	0	1	21	622	602	2.1	39.2
Query_50381	XM_038436250.1	100.000	21	0	0	1	21	622	602	2.1	39.2
Query_50381	XM_038436249.1	100.000	21	0	0	1	21	622	602	2.1	39.2
Query_50381	XM_038436248.1	100.000	21	0	0	1	21	622	602	2.1	39.2
Query_50381	XM_038436247.1	100.000	21	0	0	1	21	622	602	2.1	39.2
Query_50381	XM_038436246.1	100.000	21	0	0	1	21	622	602	2.1	39.2
Query_50381	XM_038436245.1	100.000	21	0	0	1	21	571	551	2.1	39.2
Query_50381	XM_038436244.1	100.000	21	0	0	1	21	622	602	2.1	39.2
Query_50381	XM_038436243.1	100.000	21	0	0	1	21	622	602	2.1	39.2
Query_50381	XM_038459425.1	100.000	21	0	0	1	21	571	551	2.1	39.2
Query_50381	XM_022410250.2	100.000	21	0	0	1	21	622	602	2.1	39.2
Query_50381	XM_014108078.3	100.000	21	0	0	1	21	622	602	2.1	39.2
Query_50381	XM_014108077.3	100.000	21	0	0	1	21	622	602	2.1	39.2
Query_50381	XM_014108076.3	100.000	21	0	0	1	21	622	602	2.1	39.2
Query_50381	XM_843662.6	100.000	21	0	0	1	21	622	602	2.1	39.2
Query_50381	XM_014108075.3	100.000	21	0	0	1	21	622	602	2.1	39.2
Query_50381	XM_038459424.1	100.000	21	0	0	1	21	571	551	2.1	39.2
Query_50381	XM_014108073.3	100.000	21	0	0	1	21	622	602	2.1	39.2
Query_50381	XM_014108072.3	100.000	21	0	0	1	21	622	602	2.1	39.2
Query_50381	XM_038346066.1	100.000	21	0	0	1	21	600	580	2.1	39.2
Query_50381	XM_038346064.1	100.000	21	0	0	1	21	600	580	2.1	39.2
Query_50381	XM_038346063.1	100.000	21	0	0	1	21	543	523	2.1	39.2
Query_50381	XM_038346062.1	100.000	21	0	0	1	21	600	580	2.1	39.2
Query_50381	XM_038346061.1	100.000	21	0	0	1	21	642	622	2.1	39.2
Query_50381	XM_037994833.1	100.000	21	0	0	1	21	569	549	2.1	39.2
Query_50381	XM_008005305.2	100.000	21	0	0	1	21	460	440	2.1	39.2
Query_50381	XM_008005304.2	100.000	21	0	0	1	21	604	584	2.1	39.2
Query_50381	XM_008005303.2	100.000	21	0	0	1	21	676	656	2.1	39.2
Query_50381	XM_008005300.2	100.000	21	0	0	1	21	676	656	2.1	39.2
Query_50381	NM_053656.3	100.000	21	0	0	1	21	597	577	2.1	39.2
Query_50381	XM_028857030.2	100.000	21	0	0	1	21	667	647	2.1	39.2
Query_50381	XM_037198543.1	100.000	21	0	0	1	21	631	611	2.1	39.2
Query_50381	XM_037014144.1	100.000	21	0	0	1	21	135	115	2.1	39.2
Query_50381	XM_037014057.1	100.000	21	0	0	1	21	723	703	2.1	39.2
Query_50381	XM_037014056.1	100.000	21	0	0	1	21	723	703	2.1	39.2
Query_50381	XM_037014053.1	100.000	21	0	0	1	21	723	703	2.1	39.2
Query_50381	XM_036922069.1	100.000	21	0	0	1	21	43	23	2.1	39.2
Query_50381	XM_036921915.1	100.000	21	0	0	1	21	705	685	2.1	39.2
Query_50381	XM_036921913.1	100.000	21	0	0	1	21	705	685	2.1	39.2
Query_50381	XM_036921912.1	100.000	21	0	0	1	21	705	685	2.1	39.2
Query_50381	XM_036921910.1	100.000	21	0	0	1	21	705	685	2.1	39.2
Query_50381	XM_036276915.1	100.000	21	0	0	1	21	330	310	2.1	39.2
Query_50381	XM_036276914.1	100.000	21	0	0	1	21	390	370	2.1	39.2
Query_50381	XM_036276913.1	100.000	21	0	0	1	21	606	586	2.1	39.2
Query_50381	XM_036276912.1	100.000	21	0	0	1	21	534	514	2.1	39.2
Query_50381	XM_036276911.1	100.000	21	0	0	1	21	606	586	2.1	39.2
Query_50381	XM_036172224.1	100.000	21	0	0	1	21	680	660	2.1	39.2
Query_50381	XM_036172222.1	100.000	21	0	0	1	21	680	660	2.1	39.2
Query_50381	XM_011249447.3	100.000	21	0	0	1	21	591	571	2.1	39.2
Query_50381	XM_036073022.1	100.000	21	0	0	1	21	402	382	2.1	39.2
Query_50381	XM_036073021.1	100.000	21	0	0	1	21	618	598	2.1	39.2
Query_50381	XM_036073020.1	100.000	21	0	0	1	21	618	598	2.1	39.2
Query_50381	XM_036073018.1	100.000	21	0	0	1	21	618	598	2.1	39.2
Query_50381	XM_036073017.1	100.000	21	0	0	1	21	618	598	2.1	39.2
Query_50381	XM_036073015.1	100.000	21	0	0	1	21	618	598	2.1	39.2
Query_50381	XM_036014500.1	100.000	21	0	0	1	21	656	636	2.1	39.2
Query_50381	XM_028503599.2	100.000	21	0	0	1	21	657	637	2.1	39.2
Query_50381	XM_036014499.1	100.000	21	0	0	1	21	659	639	2.1	39.2
Query_50381	XM_028503597.2	100.000	21	0	0	1	21	658	638	2.1	39.2
Query_50381	XM_028503596.2	100.000	21	0	0	1	21	659	639	2.1	39.2
Query_50381	LR877209.1	100.000	21	0	0	1	21	42555875	42555855	2.1	39.2
Query_50381	XM_035706515.1	100.000	21	0	0	1	21	571	551	2.1	39.2
Query_50381	XM_025473481.2	100.000	21	0	0	1	21	622	602	2.1	39.2
Query_50381	XM_025473480.2	100.000	21	0	0	1	21	622	602	2.1	39.2
Query_50381	XM_025473479.2	100.000	21	0	0	1	21	622	602	2.1	39.2
Query_50381	XM_025473476.2	100.000	21	0	0	1	21	622	602	2.1	39.2
Query_50381	XM_025473475.2	100.000	21	0	0	1	21	622	602	2.1	39.2
Query_50381	XM_035706514.1	100.000	21	0	0	1	21	571	551	2.1	39.2
Query_50381	XM_025473474.2	100.000	21	0	0	1	21	622	602	2.1	39.2
Query_50381	XM_025473473.2	100.000	21	0	0	1	21	622	602	2.1	39.2
Query_50381	XM_035443228.1	100.000	21	0	0	1	21	600	580	2.1	39.2
Query_50381	XM_027415868.2	100.000	21	0	0	1	21	600	580	2.1	39.2
Query_50381	XM_027415866.2	100.000	21	0	0	1	21	600	580	2.1	39.2
Query_50381	XM_027415869.2	100.000	21	0	0	1	21	636	616	2.1	39.2
Query_50381	XM_035455390.1	100.000	21	0	0	1	21	600	580	2.1	39.2
Query_50381	XM_003501715.3	100.000	21	0	0	1	21	600	580	2.1	39.2
Query_50381	XM_027436125.2	100.000	21	0	0	1	21	600	580	2.1	39.2
Query_50381	XM_027436126.2	100.000	21	0	0	1	21	636	616	2.1	39.2


