# blastn
# Iteration: 0
# Query: 
# RID: 6UBUH9VS01N
# Database: nt
# Fields: query acc.ver, subject acc.ver, % identity, alignment length, mismatches, gap opens, q. start, q. end, s. start, s. end, evalue, bit score
# 100 hits found
Query_373613	XM_040293935.1	100.000	21	0	0	1	21	185	165	2.0	39.2
Query_373613	XM_005335831.3	100.000	21	0	0	1	21	213	193	2.0	39.2
Query_373613	XM_040262050.1	100.000	21	0	0	1	21	206	186	2.0	39.2
Query_373613	XR_005701571.1	100.000	21	0	0	1	21	164	144	2.0	39.2
Query_373613	XM_040068808.1	100.000	21	0	0	1	21	193	173	2.0	39.2
Query_373613	XM_040068806.1	100.000	21	0	0	1	21	163	143	2.0	39.2
Query_373613	XM_039841888.1	100.000	21	0	0	1	21	224	204	2.0	39.2
Query_373613	XM_039841887.1	100.000	21	0	0	1	21	225	205	2.0	39.2
Query_373613	XM_039841886.1	100.000	21	0	0	1	21	297	277	2.0	39.2
Query_373613	XM_039841885.1	100.000	21	0	0	1	21	379	359	2.0	39.2
Query_373613	XM_039841884.1	100.000	21	0	0	1	21	335	315	2.0	39.2
Query_373613	XM_039841883.1	100.000	21	0	0	1	21	237	217	2.0	39.2
Query_373613	XM_039841882.1	100.000	21	0	0	1	21	225	205	2.0	39.2
Query_373613	XR_005626829.1	100.000	21	0	0	1	21	170	150	2.0	39.2
Query_373613	XM_039702821.1	100.000	21	0	0	1	21	170	150	2.0	39.2
Query_373613	XR_005626828.1	100.000	21	0	0	1	21	170	150	2.0	39.2
Query_373613	XR_005626827.1	100.000	21	0	0	1	21	170	150	2.0	39.2
Query_373613	XM_039702820.1	100.000	21	0	0	1	21	169	149	2.0	39.2
Query_373613	XM_039702819.1	100.000	21	0	0	1	21	526	506	2.0	39.2
Query_373613	XM_039702818.1	100.000	21	0	0	1	21	127	107	2.0	39.2
Query_373613	XM_039702817.1	100.000	21	0	0	1	21	170	150	2.0	39.2
Query_373613	XM_039571522.1	100.000	21	0	0	1	21	199	179	2.0	39.2
Query_373613	XM_039571520.1	100.000	21	0	0	1	21	146	126	2.0	39.2
Query_373613	XM_039571516.1	100.000	21	0	0	1	21	149	129	2.0	39.2
Query_373613	XM_003940686.2	100.000	21	0	0	1	21	207	187	2.0	39.2
Query_373613	XM_039379837.1	100.000	21	0	0	1	21	157	137	2.0	39.2
Query_373613	XM_039379836.1	100.000	21	0	0	1	21	189	169	2.0	39.2
Query_373613	XM_039379835.1	100.000	21	0	0	1	21	204	184	2.0	39.2
Query_373613	XM_027722050.2	100.000	21	0	0	1	21	204	184	2.0	39.2
Query_373613	XM_039238384.1	100.000	21	0	0	1	21	122	102	2.0	39.2
Query_373613	XM_039238383.1	100.000	21	0	0	1	21	206	186	2.0	39.2
Query_373613	XR_005462119.1	100.000	21	0	0	1	21	190	170	2.0	39.2
Query_373613	XR_005462118.1	100.000	21	0	0	1	21	190	170	2.0	39.2
Query_373613	XM_038809626.1	100.000	21	0	0	1	21	243	223	2.0	39.2
Query_373613	XM_038809625.1	100.000	21	0	0	1	21	190	170	2.0	39.2
Query_373613	XM_038809624.1	100.000	21	0	0	1	21	190	170	2.0	39.2
Query_373613	XM_038809623.1	100.000	21	0	0	1	21	190	170	2.0	39.2
Query_373613	XM_038809622.1	100.000	21	0	0	1	21	190	170	2.0	39.2
Query_373613	XM_027452359.2	100.000	21	0	0	1	21	244	224	2.0	39.2
Query_373613	XR_005255694.1	100.000	21	0	0	1	21	172	152	2.0	39.2
Query_373613	XM_038126984.1	100.000	21	0	0	1	21	48	28	2.0	39.2
Query_373613	XM_038126983.1	100.000	21	0	0	1	21	172	152	2.0	39.2
Query_373613	XM_038126982.1	100.000	21	0	0	1	21	134	114	2.0	39.2
Query_373613	XM_038126981.1	100.000	21	0	0	1	21	173	153	2.0	39.2
Query_373613	XM_008000897.2	100.000	21	0	0	1	21	254	234	2.0	39.2
Query_373613	XM_038000381.1	100.000	21	0	0	1	21	305	285	2.0	39.2
Query_373613	XM_008000899.2	100.000	21	0	0	1	21	227	207	2.0	39.2
Query_373613	XM_037735437.1	100.000	21	0	0	1	21	160	140	2.0	39.2
Query_373613	XM_017520170.2	100.000	21	0	0	1	21	200	180	2.0	39.2
Query_373613	XM_017520171.2	100.000	21	0	0	1	21	207	187	2.0	39.2
Query_373613	XM_037505287.1	100.000	21	0	0	1	21	488	468	2.0	39.2
Query_373613	XM_037505278.1	100.000	21	0	0	1	21	220	200	2.0	39.2
Query_373613	XM_037505272.1	100.000	21	0	0	1	21	207	187	2.0	39.2
Query_373613	XM_037150958.1	100.000	21	0	0	1	21	193	173	2.0	39.2
Query_373613	XM_037150957.1	100.000	21	0	0	1	21	193	173	2.0	39.2
Query_373613	XM_037150956.1	100.000	21	0	0	1	21	193	173	2.0	39.2
Query_373613	XM_037150954.1	100.000	21	0	0	1	21	362	342	2.0	39.2
Query_373613	XM_037150953.1	100.000	21	0	0	1	21	1042	1022	2.0	39.2
Query_373613	XM_037150952.1	100.000	21	0	0	1	21	226	206	2.0	39.2
Query_373613	XM_037150950.1	100.000	21	0	0	1	21	193	173	2.0	39.2
Query_373613	XM_037039732.1	100.000	21	0	0	1	21	240	220	2.0	39.2
Query_373613	XM_037039731.1	100.000	21	0	0	1	21	221	201	2.0	39.2
Query_373613	XM_037039730.1	100.000	21	0	0	1	21	221	201	2.0	39.2
Query_373613	XM_037039729.1	100.000	21	0	0	1	21	221	201	2.0	39.2
Query_373613	XM_037039728.1	100.000	21	0	0	1	21	221	201	2.0	39.2
Query_373613	XM_037039727.1	100.000	21	0	0	1	21	221	201	2.0	39.2
Query_373613	XM_036997962.1	100.000	21	0	0	1	21	250	230	2.0	39.2
Query_373613	XM_036997961.1	100.000	21	0	0	1	21	212	192	2.0	39.2
Query_373613	XM_036887525.1	100.000	21	0	0	1	21	250	230	2.0	39.2
Query_373613	XM_036887524.1	100.000	21	0	0	1	21	209	189	2.0	39.2
Query_373613	XM_036830372.1	100.000	21	0	0	1	21	155	135	2.0	39.2
Query_373613	XM_036740102.1	100.000	21	0	0	1	21	194	174	2.0	39.2
Query_373613	XM_036437154.1	100.000	21	0	0	1	21	212	192	2.0	39.2
Query_373613	XM_036401219.1	100.000	21	0	0	1	21	150	130	2.0	39.2
Query_373613	XM_036338550.1	100.000	21	0	0	1	21	188	168	2.0	39.2
Query_373613	XM_036338549.1	100.000	21	0	0	1	21	188	168	2.0	39.2
Query_373613	XM_036338548.1	100.000	21	0	0	1	21	188	168	2.0	39.2
Query_373613	XM_036338547.1	100.000	21	0	0	1	21	188	168	2.0	39.2
Query_373613	XM_036263809.1	100.000	21	0	0	1	21	207	187	2.0	39.2
Query_373613	XR_004954568.1	100.000	21	0	0	1	21	1680	1660	2.0	39.2
Query_373613	XM_016153703.2	100.000	21	0	0	1	21	207	187	2.0	39.2
Query_373613	XM_016153702.2	100.000	21	0	0	1	21	206	186	2.0	39.2
Query_373613	XM_036065339.1	100.000	21	0	0	1	21	221	201	2.0	39.2
Query_373613	XM_028517848.2	100.000	21	0	0	1	21	219	199	2.0	39.2
Query_373613	XM_036031029.1	100.000	21	0	0	1	21	219	199	2.0	39.2
Query_373613	XM_036031028.1	100.000	21	0	0	1	21	219	199	2.0	39.2
Query_373613	XM_035890058.1	100.000	21	0	0	1	21	174	154	2.0	39.2
Query_373613	XM_009634491.2	100.000	21	0	0	1	21	165	145	2.0	39.2
Query_373613	XM_027608828.2	100.000	21	0	0	1	21	206	186	2.0	39.2
Query_373613	XR_004820016.1	100.000	21	0	0	1	21	206	186	2.0	39.2
Query_373613	XM_035727147.1	100.000	21	0	0	1	21	206	186	2.0	39.2
Query_373613	XM_035563170.1	100.000	21	0	0	1	21	520	500	2.0	39.2
Query_373613	XM_035563169.1	100.000	21	0	0	1	21	494	474	2.0	39.2
Query_373613	XR_004781191.1	100.000	21	0	0	1	21	178	158	2.0	39.2
Query_373613	XM_035563168.1	100.000	21	0	0	1	21	122	102	2.0	39.2
Query_373613	XM_035563167.1	100.000	21	0	0	1	21	183	163	2.0	39.2
Query_373613	XM_035317835.1	100.000	21	0	0	1	21	226	206	2.0	39.2
Query_373613	XM_008982789.4	100.000	21	0	0	1	21	282	262	2.0	39.2
Query_373613	XR_004735403.1	100.000	21	0	0	1	21	434	414	2.0	39.2
Query_373613	XM_035277257.1	100.000	21	0	0	1	21	108	88	2.0	39.2


