# blastn
# Iteration: 0
# Query: 
# RID: 6RXRNVSK013
# Database: nt
# Fields: query acc.ver, subject acc.ver, % identity, alignment length, mismatches, gap opens, q. start, q. end, s. start, s. end, evalue, bit score
# 50 hits found
Query_5007	XM_033196559.1	100.000	21	0	0	1	21	716	696	2.1	39.2
Query_5007	XM_033233047.1	100.000	21	0	0	1	21	466	446	2.1	39.2
Query_5007	XM_032161224.1	100.000	21	0	0	1	21	732	712	2.1	39.2
Query_5007	XM_023214308.2	100.000	21	0	0	1	21	683	663	2.1	39.2
Query_5007	XR_004184786.1	100.000	21	0	0	1	21	415	395	2.1	39.2
Query_5007	XM_031654823.1	100.000	21	0	0	1	21	573	553	2.1	39.2
Query_5007	XM_031654814.1	100.000	21	0	0	1	21	666	646	2.1	39.2
Query_5007	XM_031011621.1	100.000	21	0	0	1	21	707	687	2.1	39.2
Query_5007	XM_010367119.2	100.000	21	0	0	1	21	819	799	2.1	39.2
Query_5007	XR_749097.2	100.000	21	0	0	1	21	394	374	2.1	39.2
Query_5007	XM_030824091.1	100.000	21	0	0	1	21	727	707	2.1	39.2
Query_5007	XR_012770.4	100.000	21	0	0	1	21	396	376	2.1	39.2
Query_5007	XM_028826846.1	100.000	21	0	0	1	21	627	607	2.1	39.2
Query_5007	XM_015113807.2	100.000	21	0	0	1	21	593	573	2.1	39.2
Query_5007	XM_015113815.2	100.000	21	0	0	1	21	547	527	2.1	39.2
Query_5007	NM_016406.4	100.000	21	0	0	1	21	414	394	2.1	39.2
Query_5007	XM_023185092.2	100.000	21	0	0	1	21	424	404	2.1	39.2
Query_5007	XR_003120460.1	100.000	21	0	0	1	21	395	375	2.1	39.2
Query_5007	XM_025359394.1	100.000	21	0	0	1	21	533	513	2.1	39.2
Query_5007	XM_025359307.1	100.000	21	0	0	1	21	709	689	2.1	39.2
Query_5007	XM_011770131.2	100.000	21	0	0	1	21	485	465	2.1	39.2
Query_5007	XM_017001450.2	100.000	21	0	0	1	21	544	524	2.1	39.2
Query_5007	XM_002809897.3	100.000	21	0	0	1	21	704	684	2.1	39.2
Query_5007	XM_023214307.1	100.000	21	0	0	1	21	704	684	2.1	39.2
Query_5007	LT734974.1	100.000	21	0	0	1	21	881	861	2.1	39.2
Query_5007	XM_020174322.1	100.000	21	0	0	1	21	821	801	2.1	39.2
Query_5007	XR_001884047.1	100.000	21	0	0	1	21	422	402	2.1	39.2
Query_5007	XM_017860834.1	100.000	21	0	0	1	21	709	689	2.1	39.2
Query_5007	XM_017001451.1	100.000	21	0	0	1	21	757	737	2.1	39.2
Query_5007	XR_001492658.1	100.000	21	0	0	1	21	395	375	2.1	39.2
Query_5007	XM_015452762.1	100.000	21	0	0	1	21	697	677	2.1	39.2
Query_5007	XR_001106944.1	100.000	21	0	0	1	21	616	596	2.1	39.2
Query_5007	XM_011770130.1	100.000	21	0	0	1	21	555	535	2.1	39.2
Query_5007	XR_001018749.1	100.000	21	0	0	1	21	395	375	2.1	39.2
Query_5007	XM_012067544.1	100.000	21	0	0	1	21	704	684	2.1	39.2
Query_5007	XM_011957583.1	100.000	21	0	0	1	21	709	689	2.1	39.2
Query_5007	XM_011976265.1	100.000	21	0	0	1	21	709	689	2.1	39.2
Query_5007	KJ898907.1	100.000	21	0	0	1	21	459	439	2.1	39.2
Query_5007	XM_004613752.1	100.000	21	0	0	1	21	401	381	2.1	39.2
Query_5007	XM_037984472.1	100.000	21	0	0	1	21	394	374	2.1	39.2
Query_5007	XM_007976437.2	100.000	21	0	0	1	21	601	581	2.1	39.2
Query_5007	AK292776.1	100.000	21	0	0	1	21	600	580	2.1	39.2
Query_5007	DQ896457.2	100.000	21	0	0	1	21	416	396	2.1	39.2
Query_5007	DQ893161.2	100.000	21	0	0	1	21	416	396	2.1	39.2
Query_5007	BC005187.1	100.000	21	0	0	1	21	640	620	2.1	39.2
Query_5007	AL590714.27	100.000	21	0	0	1	21	13362	13342	2.1	39.2
Query_5007	AB154405.1	100.000	21	0	0	1	21	394	374	2.1	39.2
Query_5007	AF161504.1	100.000	21	0	0	1	21	634	614	2.1	39.2
Query_5007	AF151884.1	100.000	21	0	0	1	21	615	595	2.1	39.2
Query_5007	XR_001007306.1	100.000	20	0	0	2	21	394	375	7.2	37.4


