# blastn
# Iteration: 0
# Query: 
# RID: 7PJB7UNK013
# Database: nt
# Fields: query acc.ver, subject acc.ver, % identity, alignment length, mismatches, gap opens, q. start, q. end, s. start, s. end, evalue, bit score
# 100 hits found
Query_33305	XM_034995424.1	100.000	21	0	0	1	21	1247	1227	2.1	39.2
Query_33305	XM_034932123.1	100.000	21	0	0	1	21	1139	1119	2.1	39.2
Query_33305	XM_034932122.1	100.000	21	0	0	1	21	1452	1432	2.1	39.2
Query_33305	XR_004664993.1	100.000	21	0	0	1	21	1428	1408	2.1	39.2
Query_33305	XM_034932121.1	100.000	21	0	0	1	21	1494	1474	2.1	39.2
Query_33305	XM_034932120.1	100.000	21	0	0	1	21	1104	1084	2.1	39.2
Query_33305	XM_034932119.1	100.000	21	0	0	1	21	1380	1360	2.1	39.2
Query_33305	XM_034932117.1	100.000	21	0	0	1	21	1190	1170	2.1	39.2
Query_33305	XM_034932116.1	100.000	21	0	0	1	21	1452	1432	2.1	39.2
Query_33305	XM_034932115.1	100.000	21	0	0	1	21	1452	1432	2.1	39.2
Query_33305	XM_026930853.2	100.000	21	0	0	1	21	1370	1350	2.1	39.2
Query_33305	XM_033862515.1	100.000	21	0	0	1	21	1417	1397	2.1	39.2
Query_33305	XM_033862513.1	100.000	21	0	0	1	21	1416	1396	2.1	39.2
Query_33305	XM_033862512.1	100.000	21	0	0	1	21	1453	1433	2.1	39.2
Query_33305	XM_033404430.1	100.000	21	0	0	1	21	1394	1374	2.1	39.2
Query_33305	XM_033120108.1	100.000	21	0	0	1	21	1374	1354	2.1	39.2
Query_33305	XM_033120107.1	100.000	21	0	0	1	21	1446	1426	2.1	39.2
Query_33305	XM_032853438.1	100.000	21	0	0	1	21	1202	1182	2.1	39.2
Query_33305	XR_004382158.1	100.000	21	0	0	1	21	1204	1184	2.1	39.2
Query_33305	XM_032853437.1	100.000	21	0	0	1	21	1203	1183	2.1	39.2
Query_33305	XM_032853436.1	100.000	21	0	0	1	21	1203	1183	2.1	39.2
Query_33305	XM_032853435.1	100.000	21	0	0	1	21	1129	1109	2.1	39.2
Query_33305	XM_032853434.1	100.000	21	0	0	1	21	1201	1181	2.1	39.2
Query_33305	XM_032166649.2	100.000	21	0	0	1	21	1121	1101	2.1	39.2
Query_33305	XM_032641658.1	100.000	21	0	0	1	21	1487	1467	2.1	39.2
Query_33305	XM_032641657.1	100.000	21	0	0	1	21	1108	1088	2.1	39.2
Query_33305	XM_032641656.1	100.000	21	0	0	1	21	1483	1463	2.1	39.2
Query_33305	AP022701.1	100.000	21	0	0	1	21	19325223	19325243	2.1	39.2
Query_33305	XM_032489050.1	100.000	21	0	0	1	21	1510	1490	2.1	39.2
Query_33305	XM_032489049.1	100.000	21	0	0	1	21	1559	1539	2.1	39.2
Query_33305	XM_032489048.1	100.000	21	0	0	1	21	1509	1489	2.1	39.2
Query_33305	XM_032489047.1	100.000	21	0	0	1	21	1558	1538	2.1	39.2
Query_33305	XM_032427394.1	100.000	21	0	0	1	21	1136	1116	2.1	39.2
Query_33305	XM_032427393.1	100.000	21	0	0	1	21	1208	1188	2.1	39.2
Query_33305	XM_032357951.1	100.000	21	0	0	1	21	1274	1254	2.1	39.2
Query_33305	XM_032357950.1	100.000	21	0	0	1	21	1274	1254	2.1	39.2
Query_33305	XM_032357949.1	100.000	21	0	0	1	21	1274	1254	2.1	39.2
Query_33305	XM_032357948.1	100.000	21	0	0	1	21	1201	1181	2.1	39.2
Query_33305	XM_032357947.1	100.000	21	0	0	1	21	1273	1253	2.1	39.2
Query_33305	XM_032240510.1	100.000	21	0	0	1	21	1337	1357	2.1	39.2
Query_33305	XM_032166651.1	100.000	21	0	0	1	21	1088	1068	2.1	39.2
Query_33305	XR_004250229.1	100.000	21	0	0	1	21	1062	1042	2.1	39.2
Query_33305	XM_031933959.1	100.000	21	0	0	1	21	1454	1434	2.1	39.2
Query_33305	XM_023189815.3	100.000	21	0	0	1	21	1521	1501	2.1	39.2
Query_33305	XM_023189814.3	100.000	21	0	0	1	21	1520	1500	2.1	39.2
Query_33305	XM_031681219.1	100.000	21	0	0	1	21	1135	1115	2.1	39.2
Query_33305	XM_031653328.1	100.000	21	0	0	1	21	1508	1488	2.1	39.2
Query_33305	XR_004177484.1	100.000	21	0	0	1	21	1508	1488	2.1	39.2
Query_33305	XR_004177483.1	100.000	21	0	0	1	21	1508	1488	2.1	39.2
Query_33305	XR_004177482.1	100.000	21	0	0	1	21	1450	1430	2.1	39.2
Query_33305	XR_004177481.1	100.000	21	0	0	1	21	1508	1488	2.1	39.2
Query_33305	XM_031653326.1	100.000	21	0	0	1	21	1474	1454	2.1	39.2
Query_33305	XM_021926103.2	100.000	21	0	0	1	21	1508	1488	2.1	39.2
Query_33305	XM_031460053.1	100.000	21	0	0	1	21	1170	1150	2.1	39.2
Query_33305	XM_031460052.1	100.000	21	0	0	1	21	1218	1198	2.1	39.2
Query_33305	XM_031017321.1	100.000	21	0	0	1	21	1124	1104	2.1	39.2
Query_33305	XM_004050666.3	100.000	21	0	0	1	21	1493	1473	2.1	39.2
Query_33305	XM_019037259.2	100.000	21	0	0	1	21	1018	998	2.1	39.2
Query_33305	XM_040456926.1	100.000	21	0	0	1	21	1180	1160	2.1	39.2
Query_33305	XM_040456925.1	100.000	21	0	0	1	21	1215	1195	2.1	39.2
Query_33305	XM_040456924.1	100.000	21	0	0	1	21	1180	1160	2.1	39.2
Query_33305	XM_040456923.1	100.000	21	0	0	1	21	1218	1198	2.1	39.2
Query_33305	XM_040456922.1	100.000	21	0	0	1	21	1218	1198	2.1	39.2
Query_33305	XM_040258410.1	100.000	21	0	0	1	21	1456	1436	2.1	39.2
Query_33305	XM_039863542.1	100.000	21	0	0	1	21	1222	1202	2.1	39.2
Query_33305	XM_039470498.1	100.000	21	0	0	1	21	1197	1177	2.1	39.2
Query_33305	XM_039470497.1	100.000	21	0	0	1	21	1524	1504	2.1	39.2
Query_33305	XM_039470496.1	100.000	21	0	0	1	21	1416	1396	2.1	39.2
Query_33305	XM_039470495.1	100.000	21	0	0	1	21	1524	1504	2.1	39.2
Query_33305	XM_039244588.1	100.000	21	0	0	1	21	1211	1191	2.1	39.2
Query_33305	XM_037999738.1	100.000	21	0	0	1	21	1207	1187	2.1	39.2
Query_33305	XM_037999737.1	100.000	21	0	0	1	21	1487	1467	2.1	39.2
Query_33305	XM_037999736.1	100.000	21	0	0	1	21	1415	1395	2.1	39.2
Query_33305	XM_008007293.2	100.000	21	0	0	1	21	1487	1467	2.1	39.2
Query_33305	XM_017500309.2	100.000	21	0	0	1	21	1194	1174	2.1	39.2
Query_33305	XM_017685759.2	100.000	21	0	0	1	21	1310	1290	2.1	39.2
Query_33305	XM_037545335.1	100.000	21	0	0	1	21	1237	1217	2.1	39.2
Query_33305	XM_017685761.2	100.000	21	0	0	1	21	1309	1289	2.1	39.2
Query_33305	XM_037545334.1	100.000	21	0	0	1	21	1238	1218	2.1	39.2
Query_33305	XM_017685760.2	100.000	21	0	0	1	21	1310	1290	2.1	39.2
Query_33305	XM_037026327.1	100.000	21	0	0	1	21	1140	1120	2.1	39.2
Query_33305	XM_037026326.1	100.000	21	0	0	1	21	1212	1192	2.1	39.2
Query_33305	XM_036930928.1	100.000	21	0	0	1	21	1181	1161	2.1	39.2
Query_33305	XM_036930927.1	100.000	21	0	0	1	21	1253	1233	2.1	39.2
Query_33305	XM_036860165.1	100.000	21	0	0	1	21	1157	1137	2.1	39.2
Query_33305	XM_036860164.1	100.000	21	0	0	1	21	1229	1209	2.1	39.2
Query_33305	XM_036585826.1	100.000	21	0	0	1	21	1294	1274	2.1	39.2
Query_33305	XM_036585825.1	100.000	21	0	0	1	21	1222	1202	2.1	39.2
Query_33305	XM_036585824.1	100.000	21	0	0	1	21	1294	1274	2.1	39.2
Query_33305	XM_036258063.1	100.000	21	0	0	1	21	1455	1435	2.1	39.2
Query_33305	XM_036258062.1	100.000	21	0	0	1	21	1159	1139	2.1	39.2
Query_33305	XM_036258061.1	100.000	21	0	0	1	21	1455	1435	2.1	39.2
Query_33305	XM_016147368.2	100.000	21	0	0	1	21	1464	1444	2.1	39.2
Query_33305	XM_036221862.1	100.000	21	0	0	1	21	1207	1187	2.1	39.2
Query_33305	XM_016147367.2	100.000	21	0	0	1	21	1464	1444	2.1	39.2
Query_33305	XM_036068907.1	100.000	21	0	0	1	21	1158	1138	2.1	39.2
Query_33305	XM_036068899.1	100.000	21	0	0	1	21	1231	1211	2.1	39.2
Query_33305	XM_017977897.2	100.000	21	0	0	1	21	1487	1467	2.1	39.2
Query_33305	XM_017977895.2	100.000	21	0	0	1	21	1415	1395	2.1	39.2
Query_33305	XM_002755025.4	100.000	21	0	0	1	21	1487	1467	2.1	39.2


