# blastn
# Iteration: 0
# Query: 
# RID: 7R2KGFN1013
# Database: nt
# Fields: query acc.ver, subject acc.ver, % identity, alignment length, mismatches, gap opens, q. start, q. end, s. start, s. end, evalue, bit score
# 50 hits found
Query_62379	XM_034489571.1	100.000	21	0	0	1	21	1462	1442	2.1	39.2
Query_62379	XM_034489570.1	100.000	21	0	0	1	21	1301	1281	2.1	39.2
Query_62379	XM_031337322.1	100.000	21	0	0	1	21	1119	1099	2.1	39.2
Query_62379	XM_031337320.1	100.000	21	0	0	1	21	1220	1200	2.1	39.2
Query_62379	XM_031337318.1	100.000	21	0	0	1	21	1151	1131	2.1	39.2
Query_62379	XM_031337317.1	100.000	21	0	0	1	21	1425	1405	2.1	39.2
Query_62379	XM_006534921.4	100.000	21	0	0	1	21	1339	1319	2.1	39.2
Query_62379	XM_021162625.2	100.000	21	0	0	1	21	1022	1002	2.1	39.2
Query_62379	XM_028777389.1	100.000	21	0	0	1	21	1265	1245	2.1	39.2
Query_62379	XM_028777387.1	100.000	21	0	0	1	21	1301	1281	2.1	39.2
Query_62379	XM_021644942.1	100.000	21	0	0	1	21	1436	1416	2.1	39.2
Query_62379	XM_021644941.1	100.000	21	0	0	1	21	1222	1202	2.1	39.2
Query_62379	XM_021162623.1	100.000	21	0	0	1	21	1443	1423	2.1	39.2
Query_62379	XM_021186843.1	100.000	21	0	0	1	21	1444	1424	2.1	39.2
Query_62379	XM_021186842.1	100.000	21	0	0	1	21	1302	1282	2.1	39.2
Query_62379	XM_011249448.2	100.000	21	0	0	1	21	1082	1062	2.1	39.2
Query_62379	NM_001310701.1	100.000	21	0	0	1	21	1073	1053	2.1	39.2
Query_62379	NM_001310700.1	100.000	21	0	0	1	21	1302	1282	2.1	39.2
Query_62379	XR_005491585.1	100.000	21	0	0	1	21	1524	1504	2.1	39.2
Query_62379	XM_039089009.1	100.000	21	0	0	1	21	1053	1033	2.1	39.2
Query_62379	XM_039089008.1	100.000	21	0	0	1	21	1190	1170	2.1	39.2
Query_62379	XM_039089007.1	100.000	21	0	0	1	21	1169	1149	2.1	39.2
Query_62379	XM_008769306.3	100.000	21	0	0	1	21	1134	1114	2.1	39.2
Query_62379	XM_039089005.1	100.000	21	0	0	1	21	1327	1307	2.1	39.2
Query_62379	XM_017598235.2	100.000	21	0	0	1	21	1360	1340	2.1	39.2
Query_62379	XM_008769305.3	100.000	21	0	0	1	21	1375	1355	2.1	39.2
Query_62379	XM_017598234.2	100.000	21	0	0	1	21	1411	1391	2.1	39.2
Query_62379	XM_006249515.4	100.000	21	0	0	1	21	1492	1472	2.1	39.2
Query_62379	NM_053656.3	100.000	21	0	0	1	21	1183	1163	2.1	39.2
Query_62379	XM_011249447.3	100.000	21	0	0	1	21	1177	1157	2.1	39.2
Query_62379	JN950875.1	100.000	21	0	0	1	21	23169	23149	2.1	39.2
Query_62379	NM_153400.4	100.000	21	0	0	1	21	1266	1246	2.1	39.2
Query_62379	BC106964.1	100.000	21	0	0	1	21	1073	1053	2.1	39.2
Query_62379	BC106963.1	100.000	21	0	0	1	21	1515	1495	2.1	39.2
Query_62379	AC123699.10	100.000	21	0	0	1	21	66398	66378	2.1	39.2
Query_62379	AK141196.1	100.000	21	0	0	1	21	1225	1205	2.1	39.2
Query_62379	AK158334.1	100.000	21	0	0	1	21	1244	1224	2.1	39.2
Query_62379	AY044240.2	100.000	21	0	0	1	21	1442	1422	2.1	39.2
Query_62379	AC169384.2	100.000	21	0	0	1	21	200022	200002	2.1	39.2
Query_62379	AF062035.1	100.000	21	0	0	1	21	103	83	2.1	39.2
Query_62379	AF064549.1	100.000	21	0	0	1	21	1220	1200	2.1	39.2
Query_62379	AF020759.1	100.000	21	0	0	1	21	1145	1125	2.1	39.2
Query_62379	AF020758.1	100.000	21	0	0	1	21	1308	1288	2.1	39.2
Query_62379	AF020756.1	100.000	21	0	0	1	21	1083	1063	2.1	39.2
Query_62379	AF013241.1	100.000	21	0	0	1	21	408	388	2.1	39.2
Query_62379	Y10475.1	100.000	21	0	0	1	21	1219	1199	2.1	39.2
Query_62379	Y10474.1	100.000	21	0	0	1	21	1165	1145	2.1	39.2
Query_62379	Y09910.1	100.000	21	0	0	1	21	2497	2477	2.1	39.2
Query_62379	L43511.1	100.000	21	0	0	1	21	256	236	2.1	39.2
Query_62379	U14414.1	100.000	21	0	0	1	21	1183	1163	2.1	39.2


