# blastn
# Iteration: 0
# Query: 
# RID: 6XGD4B90016
# Database: nt
# Fields: query acc.ver, subject acc.ver, % identity, alignment length, mismatches, gap opens, q. start, q. end, s. start, s. end, evalue, bit score
# 103 hits found
Query_18485	XM_035025393.1	100.000	21	0	0	1	21	377	357	2.1	39.2
Query_18485	XM_035025392.1	100.000	21	0	0	1	21	398	378	2.1	39.2
Query_18485	XM_034966417.1	100.000	21	0	0	1	21	1345	1325	2.1	39.2
Query_18485	XM_034957736.1	100.000	21	0	0	1	21	392	372	2.1	39.2
Query_18485	XM_034947440.1	100.000	21	0	0	1	21	575	555	2.1	39.2
Query_18485	XM_034947439.1	100.000	21	0	0	1	21	616	596	2.1	39.2
Query_18485	XM_003806555.2	100.000	21	0	0	1	21	491	471	2.1	39.2
Query_18485	XM_014343092.2	100.000	21	0	0	1	21	738	718	2.1	39.2
Query_18485	XM_011225023.3	100.000	21	0	0	1	21	340	320	2.1	39.2
Query_18485	XM_011225015.2	100.000	21	0	0	1	21	455	435	2.1	39.2
Query_18485	NM_199203.3	100.000	21	0	0	1	21	1124	1104	2.1	39.2
Query_18485	XM_019943822.2	100.000	21	0	0	1	21	573	553	2.1	39.2
Query_18485	XM_004319948.3	100.000	21	0	0	1	21	457	437	2.1	39.2
Query_18485	XM_019943821.2	100.000	21	0	0	1	21	1318	1298	2.1	39.2
Query_18485	XM_004319947.3	100.000	21	0	0	1	21	474	454	2.1	39.2
Query_18485	XM_033846766.1	100.000	21	0	0	1	21	264	244	2.1	39.2
Query_18485	XM_033411191.1	100.000	21	0	0	1	21	573	553	2.1	39.2
Query_18485	XM_040457089.1	100.000	21	0	0	1	21	400	380	2.1	39.2
Query_18485	HG994414.1	100.000	21	0	0	1	21	24269260	24269240	2.1	39.2
Query_18485	HG994407.1	100.000	21	0	0	1	21	38717972	38717992	2.1	39.2
Query_18485	HG994399.1	100.000	21	0	0	1	21	14112745	14112765	2.1	39.2
Query_18485	HG994399.1	100.000	21	0	0	1	21	55249719	55249699	2.1	39.2
Query_18485	HG994388.1	100.000	21	0	0	1	21	62871567	62871587	2.1	39.2
Query_18485	XM_039864588.1	100.000	21	0	0	1	21	574	554	2.1	39.2
Query_18485	XM_039864587.1	100.000	21	0	0	1	21	438	418	2.1	39.2
Query_18485	XM_039864586.1	100.000	21	0	0	1	21	2071	2051	2.1	39.2
Query_18485	XM_039864584.1	100.000	21	0	0	1	21	454	434	2.1	39.2
Query_18485	XM_010343114.2	100.000	21	0	0	1	21	593	573	2.1	39.2
Query_18485	XM_039479768.1	100.000	21	0	0	1	21	574	554	2.1	39.2
Query_18485	XM_039479767.1	100.000	21	0	0	1	21	429	409	2.1	39.2
Query_18485	XM_039477794.1	100.000	21	0	0	1	21	377	357	2.1	39.2
Query_18485	CP068258.1	100.000	21	0	0	1	21	3392896	3392916	2.1	39.2
Query_18485	CP068258.1	100.000	21	0	0	1	21	51852476	51852496	2.1	39.2
Query_18485	XM_038432768.1	100.000	21	0	0	1	21	325	305	2.1	39.2
Query_18485	XM_038432767.1	100.000	21	0	0	1	21	429	409	2.1	39.2
Query_18485	XM_038687102.1	100.000	21	0	0	1	21	381	361	2.1	39.2
Query_18485	XM_037988979.1	100.000	21	0	0	1	21	403	383	2.1	39.2
Query_18485	XM_037983802.1	100.000	21	0	0	1	21	388	368	2.1	39.2
Query_18485	XM_008014329.2	100.000	21	0	0	1	21	581	561	2.1	39.2
Query_18485	XM_037982646.1	100.000	21	0	0	1	21	364	344	2.1	39.2
Query_18485	XM_008014322.2	100.000	21	0	0	1	21	660	640	2.1	39.2
Query_18485	XM_037982645.1	100.000	21	0	0	1	21	365	345	2.1	39.2
Query_18485	XM_008014318.2	100.000	21	0	0	1	21	520	500	2.1	39.2
Query_18485	XM_008014312.2	100.000	21	0	0	1	21	454	434	2.1	39.2
Query_18485	XM_037735772.1	100.000	21	0	0	1	21	2161	2141	2.1	39.2
Query_18485	XM_037734717.1	100.000	21	0	0	1	21	382	362	2.1	39.2
Query_18485	XR_001817404.2	100.000	21	0	0	1	21	367	347	2.1	39.2
Query_18485	XM_037743277.1	100.000	21	0	0	1	21	351	331	2.1	39.2
Query_18485	XR_005202231.1	100.000	21	0	0	1	21	384	364	2.1	39.2
Query_18485	XM_037739054.1	100.000	21	0	0	1	21	830	810	2.1	39.2
Query_18485	XR_005200512.1	100.000	21	0	0	1	21	666	646	2.1	39.2
Query_18485	XR_005200511.1	100.000	21	0	0	1	21	490	470	2.1	39.2
Query_18485	XR_005200510.1	100.000	21	0	0	1	21	718	698	2.1	39.2
Query_18485	XR_005200509.1	100.000	21	0	0	1	21	542	522	2.1	39.2
Query_18485	XM_017529922.2	100.000	21	0	0	1	21	457	437	2.1	39.2
Query_18485	XM_017529921.2	100.000	21	0	0	1	21	457	437	2.1	39.2
Query_18485	XM_017651907.2	100.000	21	0	0	1	21	488	468	2.1	39.2
Query_18485	XM_017651906.2	100.000	21	0	0	1	21	584	564	2.1	39.2
Query_18485	XM_017651904.2	100.000	21	0	0	1	21	476	456	2.1	39.2
Query_18485	XM_017651903.2	100.000	21	0	0	1	21	454	434	2.1	39.2
Query_18485	XM_036901999.1	100.000	21	0	0	1	21	477	457	2.1	39.2
Query_18485	XM_036901998.1	100.000	21	0	0	1	21	580	560	2.1	39.2
Query_18485	XM_036901997.1	100.000	21	0	0	1	21	366	346	2.1	39.2
Query_18485	XM_036901996.1	100.000	21	0	0	1	21	454	434	2.1	39.2
Query_18485	XM_036824864.1	100.000	21	0	0	1	21	348	328	2.1	39.2
Query_18485	XM_036824863.1	100.000	21	0	0	1	21	441	421	2.1	39.2
Query_18485	XM_036824862.1	100.000	21	0	0	1	21	615	595	2.1	39.2
Query_18485	XM_036824861.1	100.000	21	0	0	1	21	473	453	2.1	39.2
Query_18485	XM_036229301.1	100.000	21	0	0	1	21	574	554	2.1	39.2
Query_18485	XM_016143743.2	100.000	21	0	0	1	21	438	418	2.1	39.2
Query_18485	XM_036229300.1	100.000	21	0	0	1	21	3217	3197	2.1	39.2
Query_18485	XM_016143742.2	100.000	21	0	0	1	21	445	425	2.1	39.2
Query_18485	AP023480.1	100.000	21	0	0	1	21	3287682	3287702	2.1	39.2
Query_18485	AP023480.1	100.000	21	0	0	1	21	48145294	48145314	2.1	39.2
Query_18485	XM_036064668.1	100.000	21	0	0	1	21	367	347	2.1	39.2
Query_18485	XM_036064667.1	100.000	21	0	0	1	21	575	555	2.1	39.2
Query_18485	XM_036064666.1	100.000	21	0	0	1	21	418	398	2.1	39.2
Query_18485	XM_036064665.1	100.000	21	0	0	1	21	367	347	2.1	39.2
Query_18485	XM_036078322.1	100.000	21	0	0	1	21	849	829	2.1	39.2
Query_18485	XM_036077669.1	100.000	21	0	0	1	21	2185	2165	2.1	39.2
Query_18485	NM_001257398.2	100.000	21	0	0	1	21	530	510	2.1	39.2
Query_18485	NM_001282579.2	100.000	21	0	0	1	21	491	471	2.1	39.2
Query_18485	NM_001282576.2	100.000	21	0	0	1	21	665	645	2.1	39.2
Query_18485	XM_025470388.2	100.000	21	0	0	1	21	323	303	2.1	39.2
Query_18485	XM_035705783.1	100.000	21	0	0	1	21	490	470	2.1	39.2
Query_18485	XM_025470385.2	100.000	21	0	0	1	21	454	434	2.1	39.2
Query_18485	XM_035725421.1	100.000	21	0	0	1	21	246	226	2.1	39.2
Query_18485	XM_035729327.1	100.000	21	0	0	1	21	273	253	2.1	39.2
Query_18485	XM_027621509.2	100.000	21	0	0	1	21	296	276	2.1	39.2
Query_18485	XM_027621508.2	100.000	21	0	0	1	21	422	402	2.1	39.2
Query_18485	XM_035728383.1	100.000	21	0	0	1	21	369	349	2.1	39.2
Query_18485	XM_035727077.1	100.000	21	0	0	1	21	378	358	2.1	39.2
Query_18485	XM_035726584.1	100.000	21	0	0	1	21	354	334	2.1	39.2
Query_18485	XM_027610880.2	100.000	21	0	0	1	21	243	223	2.1	39.2
Query_18485	XM_027610879.2	100.000	21	0	0	1	21	369	349	2.1	39.2
Query_18485	XM_035721998.1	100.000	21	0	0	1	21	318	298	2.1	39.2
Query_18485	XM_035721995.1	100.000	21	0	0	1	21	252	232	2.1	39.2
Query_18485	AC279488.1	100.000	21	0	0	1	21	37472	37492	2.1	39.2
Query_18485	XM_017971642.2	100.000	21	0	0	1	21	803	783	2.1	39.2
Query_18485	XM_035297863.1	100.000	21	0	0	1	21	624	604	2.1	39.2
Query_18485	XM_017971646.2	100.000	21	0	0	1	21	453	433	2.1	39.2
Query_18485	XM_035297862.1	100.000	21	0	0	1	21	855	835	2.1	39.2
Query_18485	XM_017971644.2	100.000	21	0	0	1	21	365	345	2.1	39.2


