# blastn
# Iteration: 0
# Query: 
# RID: 6MJ7A52A01R
# Database: nt
# Fields: query acc.ver, subject acc.ver, % identity, alignment length, mismatches, gap opens, q. start, q. end, s. start, s. end, evalue, bit score
# 58 hits found
Query_398245	XM_034960512.1	100.000	21	0	0	1	21	365	345	2.0	39.2
Query_398245	XM_003829274.3	100.000	21	0	0	1	21	455	435	2.0	39.2
Query_398245	XM_033181205.1	100.000	21	0	0	1	21	1312	1292	2.0	39.2
Query_398245	XM_032251637.1	100.000	21	0	0	1	21	714	694	2.0	39.2
Query_398245	XM_032251564.1	100.000	21	0	0	1	21	804	784	2.0	39.2
Query_398245	XM_032157920.1	100.000	21	0	0	1	21	785	765	2.0	39.2
Query_398245	XM_023196017.2	100.000	21	0	0	1	21	777	757	2.0	39.2
Query_398245	NM_001194433.3	100.000	21	0	0	1	21	786	766	2.0	39.2
Query_398245	XM_021939692.2	100.000	21	0	0	1	21	709	689	2.0	39.2
Query_398245	XM_003900106.3	100.000	21	0	0	1	21	799	779	2.0	39.2
Query_398245	XM_031010702.1	100.000	21	0	0	1	21	777	757	2.0	39.2
Query_398245	XM_003266384.3	100.000	21	0	0	1	21	784	764	2.0	39.2
Query_398245	NM_003337.4	100.000	21	0	0	1	21	388	368	2.0	39.2
Query_398245	XM_025388144.1	100.000	21	0	0	1	21	708	688	2.0	39.2
Query_398245	XM_025388143.1	100.000	21	0	0	1	21	798	778	2.0	39.2
Query_398245	XM_011716582.2	100.000	21	0	0	1	21	310	290	2.0	39.2
Query_398245	XM_011716581.2	100.000	21	0	0	1	21	775	755	2.0	39.2
Query_398245	XM_016953844.2	100.000	21	0	0	1	21	364	344	2.0	39.2
Query_398245	XM_517935.4	100.000	21	0	0	1	21	777	757	2.0	39.2
Query_398245	LT734769.1	100.000	21	0	0	1	21	848	828	2.0	39.2
Query_398245	XM_017871979.1	100.000	21	0	0	1	21	502	482	2.0	39.2
Query_398245	NG_046936.1	100.000	21	0	0	1	21	24080	24060	2.0	39.2
Query_398245	XM_012440436.1	100.000	21	0	0	1	21	516	496	2.0	39.2
Query_398245	XR_001019994.1	100.000	21	0	0	1	21	689	669	2.0	39.2
Query_398245	XM_012090260.1	100.000	21	0	0	1	21	309	289	2.0	39.2
Query_398245	XM_011969215.1	100.000	21	0	0	1	21	711	691	2.0	39.2
Query_398245	XM_011969214.1	100.000	21	0	0	1	21	801	781	2.0	39.2
Query_398245	XM_011948660.1	100.000	21	0	0	1	21	271	251	2.0	39.2
Query_398245	XM_011948659.1	100.000	21	0	0	1	21	386	366	2.0	39.2
Query_398245	XM_010359943.1	100.000	21	0	0	1	21	502	482	2.0	39.2
Query_398245	XM_002815889.3	100.000	21	0	0	1	21	792	772	2.0	39.2
Query_398245	KJ892340.1	100.000	21	0	0	1	21	426	406	2.0	39.2
Query_398245	XM_010338704.2	100.000	21	0	0	1	21	429	409	2.0	39.2
Query_398245	XM_010338699.2	100.000	21	0	0	1	21	518	498	2.0	39.2
Query_398245	XM_008014440.2	100.000	21	0	0	1	21	705	685	2.0	39.2
Query_398245	XM_008014439.2	100.000	21	0	0	1	21	795	775	2.0	39.2
Query_398245	XM_017532387.2	100.000	21	0	0	1	21	365	345	2.0	39.2
Query_398245	XM_017532386.2	100.000	21	0	0	1	21	511	491	2.0	39.2
Query_398245	XM_008984915.4	100.000	21	0	0	1	21	716	696	2.0	39.2
Query_398245	XM_002744157.6	100.000	21	0	0	1	21	806	786	2.0	39.2
Query_398245	AB590169.1	100.000	21	0	0	1	21	370	350	2.0	39.2
Query_398245	AK312012.1	100.000	21	0	0	1	21	445	425	2.0	39.2
Query_398245	DQ896387.2	100.000	21	0	0	1	21	383	363	2.0	39.2
Query_398245	DQ893113.2	100.000	21	0	0	1	21	383	363	2.0	39.2
Query_398245	NM_001285819.1	100.000	21	0	0	1	21	394	374	2.0	39.2
Query_398245	BC005979.1	100.000	21	0	0	1	21	388	368	2.0	39.2
Query_398245	BT008091.1	100.000	21	0	0	1	21	361	341	2.0	39.2
Query_398245	BT007071.1	100.000	21	0	0	1	21	361	341	2.0	39.2
Query_398245	DQ090910.1	100.000	21	0	0	1	21	21080	21060	2.0	39.2
Query_398245	AC109454.3	100.000	21	0	0	1	21	85797	85777	2.0	39.2
Query_398245	CR407634.1	100.000	21	0	0	1	21	361	341	2.0	39.2
Query_398245	AY893437.1	100.000	21	0	0	1	21	361	341	2.0	39.2
Query_398245	BC008470.1	100.000	21	0	0	1	21	448	428	2.0	39.2
Query_398245	BC008404.1	100.000	21	0	0	1	21	448	428	2.0	39.2
Query_398245	AC001479.1	100.000	21	0	0	1	21	1392	1412	2.0	39.2
Query_398245	M74525.1	100.000	21	0	0	1	21	782	762	2.0	39.2
Query_398245	X53251.1	100.000	21	0	0	1	21	399	379	2.0	39.2
Query_398245	LR990046.1	100.000	20	0	0	2	21	880406	880425	7.1	37.4


