# blastn
# Iteration: 0
# Query: 
# RID: 7RNNYFTN016
# Database: nt
# Fields: query acc.ver, subject acc.ver, % identity, alignment length, mismatches, gap opens, q. start, q. end, s. start, s. end, evalue, bit score
# 100 hits found
Query_16845	XM_008687207.2	100.000	21	0	0	1	21	209	189	2.1	39.2
Query_16845	XM_008687206.2	100.000	21	0	0	1	21	277	257	2.1	39.2
Query_16845	XM_008687208.2	100.000	21	0	0	1	21	208	188	2.1	39.2
Query_16845	XM_040643272.1	100.000	21	0	0	1	21	543	523	2.1	39.2
Query_16845	XM_040475549.1	100.000	21	0	0	1	21	210	190	2.1	39.2
Query_16845	XM_040475548.1	100.000	21	0	0	1	21	301	281	2.1	39.2
Query_16845	XM_040227739.1	100.000	21	0	0	1	21	405	385	2.1	39.2
Query_16845	XM_040227738.1	100.000	21	0	0	1	21	325	305	2.1	39.2
Query_16845	XM_040227737.1	100.000	21	0	0	1	21	509	489	2.1	39.2
Query_16845	HG994416.1	100.000	21	0	0	1	21	26811417	26811397	2.1	39.2
Query_16845	XM_039855835.1	100.000	21	0	0	1	21	296	276	2.1	39.2
Query_16845	XM_039855834.1	100.000	21	0	0	1	21	590	570	2.1	39.2
Query_16845	XM_039855833.1	100.000	21	0	0	1	21	312	292	2.1	39.2
Query_16845	XM_039855832.1	100.000	21	0	0	1	21	459	439	2.1	39.2
Query_16845	XM_039855830.1	100.000	21	0	0	1	21	325	305	2.1	39.2
Query_16845	XM_039855829.1	100.000	21	0	0	1	21	546	526	2.1	39.2
Query_16845	XM_039855828.1	100.000	21	0	0	1	21	367	347	2.1	39.2
Query_16845	XM_010351541.2	100.000	21	0	0	1	21	537	517	2.1	39.2
Query_16845	XM_039469988.1	100.000	21	0	0	1	21	617	597	2.1	39.2
Query_16845	NM_001047857.4	100.000	21	0	0	1	21	541	521	2.1	39.2
Query_16845	XM_039254350.1	100.000	21	0	0	1	21	279	259	2.1	39.2
Query_16845	XM_039239646.1	100.000	21	0	0	1	21	329	309	2.1	39.2
Query_16845	XM_039239644.1	100.000	21	0	0	1	21	288	268	2.1	39.2
Query_16845	XM_039239643.1	100.000	21	0	0	1	21	502	482	2.1	39.2
Query_16845	XM_039104497.1	100.000	21	0	0	1	21	819	799	2.1	39.2
Query_16845	XM_006234405.4	100.000	21	0	0	1	21	484	464	2.1	39.2
Query_16845	XM_038447236.1	100.000	21	0	0	1	21	208	188	2.1	39.2
Query_16845	XM_038447235.1	100.000	21	0	0	1	21	514	494	2.1	39.2
Query_16845	XM_038463393.1	100.000	21	0	0	1	21	208	188	2.1	39.2
Query_16845	XM_038463392.1	100.000	21	0	0	1	21	514	494	2.1	39.2
Query_16845	CP066284.1	100.000	21	0	0	1	21	1876433	1876413	2.1	39.2
Query_16845	XM_007965532.2	100.000	21	0	0	1	21	601	581	2.1	39.2
Query_16845	XM_007965531.2	100.000	21	0	0	1	21	531	511	2.1	39.2
Query_16845	XM_007965530.2	100.000	21	0	0	1	21	554	534	2.1	39.2
Query_16845	XM_037849091.1	100.000	21	0	0	1	21	367	347	2.1	39.2
Query_16845	XM_037849090.1	100.000	21	0	0	1	21	329	309	2.1	39.2
Query_16845	XM_037849089.1	100.000	21	0	0	1	21	567	547	2.1	39.2
Query_16845	XM_037839205.1	100.000	21	0	0	1	21	191	171	2.1	39.2
Query_16845	XM_037732749.1	100.000	21	0	0	1	21	255	235	2.1	39.2
Query_16845	XM_017532745.2	100.000	21	0	0	1	21	607	587	2.1	39.2
Query_16845	XM_017532744.2	100.000	21	0	0	1	21	537	517	2.1	39.2
Query_16845	XM_017532743.2	100.000	21	0	0	1	21	616	596	2.1	39.2
Query_16845	XM_037130039.1	100.000	21	0	0	1	21	265	245	2.1	39.2
Query_16845	XM_037130038.1	100.000	21	0	0	1	21	272	252	2.1	39.2
Query_16845	XM_037130037.1	100.000	21	0	0	1	21	434	414	2.1	39.2
Query_16845	XM_037130036.1	100.000	21	0	0	1	21	534	514	2.1	39.2
Query_16845	XM_037044351.1	100.000	21	0	0	1	21	516	496	2.1	39.2
Query_16845	XM_037044350.1	100.000	21	0	0	1	21	272	252	2.1	39.2
Query_16845	XM_037044349.1	100.000	21	0	0	1	21	265	245	2.1	39.2
Query_16845	XM_037044348.1	100.000	21	0	0	1	21	398	378	2.1	39.2
Query_16845	XM_037044347.1	100.000	21	0	0	1	21	514	494	2.1	39.2
Query_16845	XM_037000303.1	100.000	21	0	0	1	21	325	305	2.1	39.2
Query_16845	XM_037000302.1	100.000	21	0	0	1	21	320	300	2.1	39.2
Query_16845	XM_037000301.1	100.000	21	0	0	1	21	207	187	2.1	39.2
Query_16845	XM_017668147.2	100.000	21	0	0	1	21	341	321	2.1	39.2
Query_16845	XM_017668146.2	100.000	21	0	0	1	21	462	442	2.1	39.2
Query_16845	XM_037000299.1	100.000	21	0	0	1	21	325	305	2.1	39.2
Query_16845	XM_036879408.1	100.000	21	0	0	1	21	319	299	2.1	39.2
Query_16845	XM_036879407.1	100.000	21	0	0	1	21	207	187	2.1	39.2
Query_16845	XM_036879406.1	100.000	21	0	0	1	21	339	319	2.1	39.2
Query_16845	XM_036879404.1	100.000	21	0	0	1	21	458	438	2.1	39.2
Query_16845	XM_036879403.1	100.000	21	0	0	1	21	509	489	2.1	39.2
Query_16845	XM_036268012.1	100.000	21	0	0	1	21	215	195	2.1	39.2
Query_16845	XR_004958629.1	100.000	21	0	0	1	21	276	256	2.1	39.2
Query_16845	XM_036253507.1	100.000	21	0	0	1	21	553	533	2.1	39.2
Query_16845	XR_004958628.1	100.000	21	0	0	1	21	276	256	2.1	39.2
Query_16845	XR_004958627.1	100.000	21	0	0	1	21	276	256	2.1	39.2
Query_16845	XM_036253506.1	100.000	21	0	0	1	21	276	256	2.1	39.2
Query_16845	XR_004958626.1	100.000	21	0	0	1	21	295	275	2.1	39.2
Query_16845	XR_004958625.1	100.000	21	0	0	1	21	276	256	2.1	39.2
Query_16845	XM_036236019.1	100.000	21	0	0	1	21	367	347	2.1	39.2
Query_16845	XM_016164614.2	100.000	21	0	0	1	21	603	583	2.1	39.2
Query_16845	XM_016164616.2	100.000	21	0	0	1	21	207	187	2.1	39.2
Query_16845	XM_016164613.2	100.000	21	0	0	1	21	328	308	2.1	39.2
Query_16845	XM_016164615.2	100.000	21	0	0	1	21	492	472	2.1	39.2
Query_16845	XM_016164612.2	100.000	21	0	0	1	21	563	543	2.1	39.2
Query_16845	XM_006499162.5	100.000	21	0	0	1	21	359	339	2.1	39.2
Query_16845	XM_036079912.1	100.000	21	0	0	1	21	370	350	2.1	39.2
Query_16845	XM_036079911.1	100.000	21	0	0	1	21	570	550	2.1	39.2
Query_16845	XM_036079910.1	100.000	21	0	0	1	21	380	360	2.1	39.2
Query_16845	XM_036079909.1	100.000	21	0	0	1	21	555	535	2.1	39.2
Query_16845	XM_036023225.1	100.000	21	0	0	1	21	320	300	2.1	39.2
Query_16845	XM_028508977.2	100.000	21	0	0	1	21	328	308	2.1	39.2
Query_16845	XM_028508979.2	100.000	21	0	0	1	21	257	237	2.1	39.2
Query_16845	XM_028508978.2	100.000	21	0	0	1	21	407	387	2.1	39.2
Query_16845	LR877235.1	100.000	21	0	0	1	21	7855556	7855576	2.1	39.2
Query_16845	NM_182678.3	100.000	21	0	0	1	21	405	385	2.1	39.2
Query_16845	NM_001278554.2	100.000	21	0	0	1	21	606	586	2.1	39.2
Query_16845	NM_001278555.2	100.000	21	0	0	1	21	373	353	2.1	39.2
Query_16845	XM_035696433.1	100.000	21	0	0	1	21	201	181	2.1	39.2
Query_16845	XM_035696430.1	100.000	21	0	0	1	21	202	182	2.1	39.2
Query_16845	XM_035696428.1	100.000	21	0	0	1	21	204	184	2.1	39.2
Query_16845	XM_035696425.1	100.000	21	0	0	1	21	208	188	2.1	39.2
Query_16845	XM_025460381.2	100.000	21	0	0	1	21	685	665	2.1	39.2
Query_16845	XM_035729154.1	100.000	21	0	0	1	21	192	172	2.1	39.2
Query_16845	XM_027591007.2	100.000	21	0	0	1	21	518	498	2.1	39.2
Query_16845	XM_027591006.2	100.000	21	0	0	1	21	368	348	2.1	39.2
Query_16845	XM_027591004.2	100.000	21	0	0	1	21	425	405	2.1	39.2
Query_16845	XM_027591003.2	100.000	21	0	0	1	21	559	539	2.1	39.2
Query_16845	XM_003733157.3	100.000	21	0	0	1	21	532	512	2.1	39.2


