# blastn
# Iteration: 0
# Query: 
# RID: 6RK603G801R
# Database: nt
# Fields: query acc.ver, subject acc.ver, % identity, alignment length, mismatches, gap opens, q. start, q. end, s. start, s. end, evalue, bit score
# 48 hits found
Query_286129	XM_003807100.4	100.000	21	0	0	1	21	746	726	2.0	39.2
Query_286129	XM_034942333.1	100.000	21	0	0	1	21	730	710	2.0	39.2
Query_286129	XM_032171207.1	100.000	21	0	0	1	21	1017	997	2.0	39.2
Query_286129	XR_004067781.1	100.000	21	0	0	1	21	730	710	2.0	39.2
Query_286129	XM_019015478.2	100.000	21	0	0	1	21	401	381	2.0	39.2
Query_286129	XR_176607.3	100.000	21	0	0	1	21	746	726	2.0	39.2
Query_286129	XM_003277335.4	100.000	21	0	0	1	21	1023	1003	2.0	39.2
Query_286129	AC279090.1	100.000	21	0	0	1	21	113078	113098	2.0	39.2
Query_286129	NM_014501.3	100.000	21	0	0	1	21	751	731	2.0	39.2
Query_286129	CP034522.1	100.000	21	0	0	1	21	55852921	55852941	2.0	39.2
Query_286129	CP034497.1	100.000	21	0	0	1	21	55852921	55852941	2.0	39.2
Query_286129	CP034495.1	100.000	21	0	0	1	21	15607663	15607683	2.0	39.2
Query_286129	AC277988.1	100.000	21	0	0	1	21	97443	97423	2.0	39.2
Query_286129	XM_016936881.2	100.000	21	0	0	1	21	2294	2274	2.0	39.2
Query_286129	XM_016936880.2	100.000	21	0	0	1	21	814	794	2.0	39.2
Query_286129	XR_677486.3	100.000	21	0	0	1	21	1007	987	2.0	39.2
Query_286129	LT741140.1	100.000	21	0	0	1	21	1039	1019	2.0	39.2
Query_286129	LT736020.1	100.000	21	0	0	1	21	1039	1019	2.0	39.2
Query_286129	KJ906125.1	100.000	21	0	0	1	21	617	597	2.0	39.2
Query_286129	KJ898691.1	100.000	21	0	0	1	21	617	597	2.0	39.2
Query_286129	KJ898690.1	100.000	21	0	0	1	21	617	597	2.0	39.2
Query_286129	AC254826.1	100.000	21	0	0	1	21	132843	132823	2.0	39.2
Query_286129	XM_039232087.1	100.000	21	0	0	1	21	1473	1453	2.0	39.2
Query_286129	XM_039232086.1	100.000	21	0	0	1	21	1473	1453	2.0	39.2
Query_286129	CP068261.1	100.000	21	0	0	1	21	15610879	15610899	2.0	39.2
Query_286129	CP068259.1	100.000	21	0	0	1	21	58497002	58497022	2.0	39.2
Query_286129	AP023479.1	100.000	21	0	0	1	21	55879344	55879364	2.0	39.2
Query_286129	AP023477.1	100.000	21	0	0	1	21	15790625	15790645	2.0	39.2
Query_286129	HQ448521.1	100.000	21	0	0	1	21	602	582	2.0	39.2
Query_286129	NG_001583.3	100.000	21	0	0	1	21	845	825	2.0	39.2
Query_286129	CU688219.1	100.000	21	0	0	1	21	133	153	2.0	39.2
Query_286129	CU688218.1	100.000	21	0	0	1	21	568	548	2.0	39.2
Query_286129	CU675700.1	100.000	21	0	0	1	21	133	153	2.0	39.2
Query_286129	BC014622.1	100.000	21	0	0	1	21	741	721	2.0	39.2
Query_286129	AC183294.3	100.000	21	0	0	1	21	3699	3679	2.0	39.2
Query_286129	BC066948.1	100.000	21	0	0	1	21	576	556	2.0	39.2
Query_286129	BC065364.1	100.000	21	0	0	1	21	740	720	2.0	39.2
Query_286129	BC004236.2	100.000	21	0	0	1	21	730	710	2.0	39.2
Query_286129	AC018989.15	100.000	21	0	0	1	21	150146	150166	2.0	39.2
Query_286129	AC020922.9	100.000	21	0	0	1	21	109836	109856	2.0	39.2
Query_286129	DQ120720.1	100.000	21	0	0	1	21	552	532	2.0	39.2
Query_286129	DQ120719.1	100.000	21	0	0	1	21	553	533	2.0	39.2
Query_286129	DQ120718.1	100.000	21	0	0	1	21	552	532	2.0	39.2
Query_286129	AB062397.1	100.000	21	0	0	1	21	730	710	2.0	39.2
Query_286129	AC005324.1	100.000	21	0	0	1	21	60676	60656	2.0	39.2
Query_286129	M91670.1	100.000	21	0	0	1	21	611	591	2.0	39.2
Query_286129	CP029774.1	100.000	20	0	0	2	21	459673	459692	7.1	37.4
Query_286129	XM_037346851.1	100.000	20	0	0	1	20	559	540	7.1	37.4


