# blastn
# Iteration: 0
# Query: 
# RID: 7JHDYE4H013
# Database: nt
# Fields: query acc.ver, subject acc.ver, % identity, alignment length, mismatches, gap opens, q. start, q. end, s. start, s. end, evalue, bit score
# 100 hits found
Query_20085	MT415892.1	100.000	21	0	0	1	21	639	659	2.1	39.2
Query_20085	MT415891.1	100.000	21	0	0	1	21	639	659	2.1	39.2
Query_20085	MT415890.1	100.000	21	0	0	1	21	642	662	2.1	39.2
Query_20085	MT415889.1	100.000	21	0	0	1	21	636	656	2.1	39.2
Query_20085	MT415888.1	100.000	21	0	0	1	21	645	665	2.1	39.2
Query_20085	MT415887.1	100.000	21	0	0	1	21	637	657	2.1	39.2
Query_20085	MT415886.1	100.000	21	0	0	1	21	609	629	2.1	39.2
Query_20085	MT415885.1	100.000	21	0	0	1	21	609	629	2.1	39.2
Query_20085	MT415884.1	100.000	21	0	0	1	21	636	656	2.1	39.2
Query_20085	MT415883.1	100.000	21	0	0	1	21	607	627	2.1	39.2
Query_20085	MT415882.1	100.000	21	0	0	1	21	611	631	2.1	39.2
Query_20085	MT415881.1	100.000	21	0	0	1	21	636	656	2.1	39.2
Query_20085	MT415880.1	100.000	21	0	0	1	21	609	629	2.1	39.2
Query_20085	MT415879.1	100.000	21	0	0	1	21	632	652	2.1	39.2
Query_20085	MT415878.1	100.000	21	0	0	1	21	636	656	2.1	39.2
Query_20085	MT415877.1	100.000	21	0	0	1	21	645	665	2.1	39.2
Query_20085	MT415876.1	100.000	21	0	0	1	21	635	655	2.1	39.2
Query_20085	MT415875.1	100.000	21	0	0	1	21	609	629	2.1	39.2
Query_20085	MT415874.1	100.000	21	0	0	1	21	639	659	2.1	39.2
Query_20085	MT415873.1	100.000	21	0	0	1	21	639	659	2.1	39.2
Query_20085	MT415872.1	100.000	21	0	0	1	21	594	614	2.1	39.2
Query_20085	MT415871.1	100.000	21	0	0	1	21	637	657	2.1	39.2
Query_20085	MT415870.1	100.000	21	0	0	1	21	636	656	2.1	39.2
Query_20085	MT415869.1	100.000	21	0	0	1	21	644	664	2.1	39.2
Query_20085	MT415868.1	100.000	21	0	0	1	21	641	661	2.1	39.2
Query_20085	MT415867.1	100.000	21	0	0	1	21	639	659	2.1	39.2
Query_20085	MT415866.1	100.000	21	0	0	1	21	600	620	2.1	39.2
Query_20085	MT415865.1	100.000	21	0	0	1	21	637	657	2.1	39.2
Query_20085	MT415864.1	100.000	21	0	0	1	21	637	657	2.1	39.2
Query_20085	MT415863.1	100.000	21	0	0	1	21	611	631	2.1	39.2
Query_20085	MT415862.1	100.000	21	0	0	1	21	639	659	2.1	39.2
Query_20085	MT415861.1	100.000	21	0	0	1	21	639	659	2.1	39.2
Query_20085	MT415860.1	100.000	21	0	0	1	21	641	661	2.1	39.2
Query_20085	MT415859.1	100.000	21	0	0	1	21	637	657	2.1	39.2
Query_20085	MT415858.1	100.000	21	0	0	1	21	642	662	2.1	39.2
Query_20085	MT415857.1	100.000	21	0	0	1	21	633	653	2.1	39.2
Query_20085	MT415856.1	100.000	21	0	0	1	21	657	677	2.1	39.2
Query_20085	MT415855.1	100.000	21	0	0	1	21	616	636	2.1	39.2
Query_20085	MT415854.1	100.000	21	0	0	1	21	637	657	2.1	39.2
Query_20085	MT415853.1	100.000	21	0	0	1	21	578	598	2.1	39.2
Query_20085	MT415852.1	100.000	21	0	0	1	21	638	658	2.1	39.2
Query_20085	MT415851.1	100.000	21	0	0	1	21	639	659	2.1	39.2
Query_20085	MT415850.1	100.000	21	0	0	1	21	639	659	2.1	39.2
Query_20085	MT415849.1	100.000	21	0	0	1	21	642	662	2.1	39.2
Query_20085	MT415848.1	100.000	21	0	0	1	21	639	659	2.1	39.2
Query_20085	MT415847.1	100.000	21	0	0	1	21	655	675	2.1	39.2
Query_20085	XM_034932122.1	100.000	21	0	0	1	21	3233	3213	2.1	39.2
Query_20085	XR_004664993.1	100.000	21	0	0	1	21	3209	3189	2.1	39.2
Query_20085	XM_034932121.1	100.000	21	0	0	1	21	3275	3255	2.1	39.2
Query_20085	XM_034932120.1	100.000	21	0	0	1	21	2885	2865	2.1	39.2
Query_20085	XM_034932119.1	100.000	21	0	0	1	21	3161	3141	2.1	39.2
Query_20085	XM_034932117.1	100.000	21	0	0	1	21	2971	2951	2.1	39.2
Query_20085	XM_034932116.1	100.000	21	0	0	1	21	3233	3213	2.1	39.2
Query_20085	XM_034932115.1	100.000	21	0	0	1	21	3233	3213	2.1	39.2
Query_20085	XM_027942433.2	100.000	21	0	0	1	21	3242	3222	2.1	39.2
Query_20085	XM_033207623.1	100.000	21	0	0	1	21	3285	3265	2.1	39.2
Query_20085	XR_004436191.1	100.000	21	0	0	1	21	3166	3146	2.1	39.2
Query_20085	XR_004436190.1	100.000	21	0	0	1	21	3223	3203	2.1	39.2
Query_20085	XM_033207622.1	100.000	21	0	0	1	21	3284	3264	2.1	39.2
Query_20085	XM_032240510.1	100.000	21	0	0	1	21	3110	3090	2.1	39.2
Query_20085	XM_023189815.3	100.000	21	0	0	1	21	3302	3282	2.1	39.2
Query_20085	XM_023189814.3	100.000	21	0	0	1	21	3301	3281	2.1	39.2
Query_20085	XM_031653328.1	100.000	21	0	0	1	21	3289	3269	2.1	39.2
Query_20085	XR_004177484.1	100.000	21	0	0	1	21	3167	3147	2.1	39.2
Query_20085	XR_004177483.1	100.000	21	0	0	1	21	3289	3269	2.1	39.2
Query_20085	XR_004177482.1	100.000	21	0	0	1	21	3231	3211	2.1	39.2
Query_20085	XR_004177481.1	100.000	21	0	0	1	21	3289	3269	2.1	39.2
Query_20085	XM_031653326.1	100.000	21	0	0	1	21	3255	3235	2.1	39.2
Query_20085	XM_021926103.2	100.000	21	0	0	1	21	3289	3269	2.1	39.2
Query_20085	XM_004050666.3	100.000	21	0	0	1	21	3274	3254	2.1	39.2
Query_20085	XM_019037259.2	100.000	21	0	0	1	21	2799	2779	2.1	39.2
Query_20085	XM_019037258.2	100.000	21	0	0	1	21	3161	3141	2.1	39.2
Query_20085	XM_004050664.3	100.000	21	0	0	1	21	3274	3254	2.1	39.2
Query_20085	XM_030917678.1	100.000	21	0	0	1	21	3279	3259	2.1	39.2
Query_20085	XR_004053563.1	100.000	21	0	0	1	21	3157	3137	2.1	39.2
Query_20085	XM_030917677.1	100.000	21	0	0	1	21	2873	2853	2.1	39.2
Query_20085	XM_010384836.2	100.000	21	0	0	1	21	3279	3259	2.1	39.2
Query_20085	XM_029915374.1	100.000	21	0	0	1	21	2864	2844	2.1	39.2
Query_20085	XM_029915373.1	100.000	21	0	0	1	21	2900	2880	2.1	39.2
Query_20085	XM_029915372.1	100.000	21	0	0	1	21	2972	2952	2.1	39.2
Query_20085	NM_001348749.2	100.000	21	0	0	1	21	3167	3147	2.1	39.2
Query_20085	NM_001348750.2	100.000	21	0	0	1	21	3275	3255	2.1	39.2
Query_20085	NM_001243254.2	100.000	21	0	0	1	21	3239	3219	2.1	39.2
Query_20085	XM_002799642.3	100.000	21	0	0	1	21	3054	3034	2.1	39.2
Query_20085	XR_003722662.1	100.000	21	0	0	1	21	2932	2912	2.1	39.2
Query_20085	XR_003722661.1	100.000	21	0	0	1	21	3054	3034	2.1	39.2
Query_20085	XM_028833700.1	100.000	21	0	0	1	21	3054	3034	2.1	39.2
Query_20085	XM_015114896.2	100.000	21	0	0	1	21	2947	2927	2.1	39.2
Query_20085	XM_002799641.3	100.000	21	0	0	1	21	3054	3034	2.1	39.2
Query_20085	NM_015213.4	100.000	21	0	0	1	21	3239	3219	2.1	39.2
Query_20085	XM_027942432.1	100.000	21	0	0	1	21	3247	3227	2.1	39.2
Query_20085	XM_037999737.1	100.000	21	0	0	1	21	3268	3248	2.1	39.2
Query_20085	XM_037999736.1	100.000	21	0	0	1	21	3196	3176	2.1	39.2
Query_20085	XM_008007293.2	100.000	21	0	0	1	21	3268	3248	2.1	39.2
Query_20085	XM_037840027.1	100.000	21	0	0	1	21	3205	3185	2.1	39.2
Query_20085	XM_037840026.1	100.000	21	0	0	1	21	3198	3178	2.1	39.2
Query_20085	XM_017500309.2	100.000	21	0	0	1	21	2975	2955	2.1	39.2
Query_20085	XM_017977897.2	100.000	21	0	0	1	21	3268	3248	2.1	39.2
Query_20085	XM_017977895.2	100.000	21	0	0	1	21	3196	3176	2.1	39.2
Query_20085	XM_002755025.4	100.000	21	0	0	1	21	3268	3248	2.1	39.2


