# blastn
# Iteration: 0
# Query: 
# RID: 72JNCY0A016
# Database: nt
# Fields: query acc.ver, subject acc.ver, % identity, alignment length, mismatches, gap opens, q. start, q. end, s. start, s. end, evalue, bit score
# 91 hits found
Query_44305	XM_003828171.2	100.000	21	0	0	1	21	341	321	2.1	39.2
Query_44305	XM_034506878.1	100.000	21	0	0	1	21	339	319	2.1	39.2
Query_44305	CP050593.1	100.000	21	0	0	1	21	19169117	19169097	2.1	39.2
Query_44305	CP050635.1	100.000	21	0	0	1	21	19173033	19173013	2.1	39.2
Query_44305	XM_032457288.1	100.000	21	0	0	1	21	394	374	2.1	39.2
Query_44305	XM_032279486.1	100.000	21	0	0	1	21	2439	2419	2.1	39.2
Query_44305	XM_006217479.2	100.000	21	0	0	1	21	378	358	2.1	39.2
Query_44305	XM_031469764.1	100.000	21	0	0	1	21	397	377	2.1	39.2
Query_44305	XM_031352567.1	100.000	21	0	0	1	21	338	318	2.1	39.2
Query_44305	XM_004041540.3	100.000	21	0	0	1	21	341	321	2.1	39.2
Query_44305	XM_029926925.1	100.000	21	0	0	1	21	325	305	2.1	39.2
Query_44305	XM_008838138.2	100.000	21	0	0	1	21	297	277	2.1	39.2
Query_44305	XM_021177535.2	100.000	21	0	0	1	21	527	507	2.1	39.2
Query_44305	AY358627.2	100.000	21	0	0	1	21	330	310	2.1	39.2
Query_44305	XM_028780721.1	100.000	21	0	0	1	21	338	318	2.1	39.2
Query_44305	NM_025237.3	100.000	21	0	0	1	21	347	327	2.1	39.2
Query_44305	XM_026412429.1	100.000	21	0	0	1	21	310	290	2.1	39.2
Query_44305	XM_015098809.2	100.000	21	0	0	1	21	404	384	2.1	39.2
Query_44305	XM_006167396.2	100.000	21	0	0	1	21	339	319	2.1	39.2
Query_44305	CP034495.1	100.000	21	0	0	1	21	41833055	41833075	2.1	39.2
Query_44305	XM_027517099.1	100.000	21	0	0	1	21	1208	1188	2.1	39.2
Query_44305	XM_025986939.1	100.000	21	0	0	1	21	451	431	2.1	39.2
Query_44305	XM_006046841.2	100.000	21	0	0	1	21	1126	1106	2.1	39.2
Query_44305	NM_001166514.2	100.000	21	0	0	1	21	335	315	2.1	39.2
Query_44305	XM_001153653.5	100.000	21	0	0	1	21	444	424	2.1	39.2
Query_44305	CP027087.1	100.000	21	0	0	1	21	43504713	43504733	2.1	39.2
Query_44305	XM_001917501.5	100.000	21	0	0	1	21	2581	2561	2.1	39.2
Query_44305	XM_003786295.3	100.000	21	0	0	1	21	297	277	2.1	39.2
Query_44305	XM_021712656.1	100.000	21	0	0	1	21	313	293	2.1	39.2
Query_44305	XM_021642724.1	100.000	21	0	0	1	21	297	277	2.1	39.2
Query_44305	XM_004859825.2	100.000	21	0	0	1	21	324	304	2.1	39.2
Query_44305	XM_021213746.1	100.000	21	0	0	1	21	319	299	2.1	39.2
Query_44305	XM_003131361.3	100.000	21	0	0	1	21	663	643	2.1	39.2
Query_44305	XM_020888973.1	100.000	21	0	0	1	21	294	274	2.1	39.2
Query_44305	LT735545.1	100.000	21	0	0	1	21	784	764	2.1	39.2
Query_44305	XM_019981332.1	100.000	21	0	0	1	21	1125	1105	2.1	39.2
Query_44305	XM_018065180.1	100.000	21	0	0	1	21	325	305	2.1	39.2
Query_44305	XM_002719425.3	100.000	21	0	0	1	21	529	509	2.1	39.2
Query_44305	XM_014849316.1	100.000	21	0	0	1	21	897	877	2.1	39.2
Query_44305	XM_004432532.2	100.000	21	0	0	1	21	856	836	2.1	39.2
Query_44305	XM_013031990.1	100.000	21	0	0	1	21	294	274	2.1	39.2
Query_44305	XM_012786643.1	100.000	21	0	0	1	21	595	575	2.1	39.2
Query_44305	XM_012659081.1	100.000	21	0	0	1	21	337	317	2.1	39.2
Query_44305	XM_012443855.1	100.000	21	0	0	1	21	338	318	2.1	39.2
Query_44305	XM_008574390.1	100.000	21	0	0	1	21	294	274	2.1	39.2
Query_44305	XM_008542409.1	100.000	21	0	0	1	21	897	877	2.1	39.2
Query_44305	KJ893769.1	100.000	21	0	0	1	21	365	345	2.1	39.2
Query_44305	XM_007531841.1	100.000	21	0	0	1	21	297	277	2.1	39.2
Query_44305	XM_007180240.1	100.000	21	0	0	1	21	294	274	2.1	39.2
Query_44305	XM_005907664.1	100.000	21	0	0	1	21	314	294	2.1	39.2
Query_44305	XM_004707500.1	100.000	21	0	0	1	21	315	295	2.1	39.2
Query_44305	XM_004620979.1	100.000	21	0	0	1	21	297	277	2.1	39.2
Query_44305	XM_005328089.3	100.000	21	0	0	1	21	393	373	2.1	39.2
Query_44305	HG994394.1	100.000	21	0	0	1	21	41713900	41713920	2.1	39.2
Query_44305	XM_003943647.2	100.000	21	0	0	1	21	341	321	2.1	39.2
Query_44305	CP068261.1	100.000	21	0	0	1	21	44608536	44608556	2.1	39.2
Query_44305	XM_038675186.1	100.000	21	0	0	1	21	493	473	2.1	39.2
Query_44305	XM_548071.7	100.000	21	0	0	1	21	493	473	2.1	39.2
Query_44305	XM_017516182.2	100.000	21	0	0	1	21	2133	2113	2.1	39.2
Query_44305	XM_036837604.1	100.000	21	0	0	1	21	328	308	2.1	39.2
Query_44305	XM_036451266.1	100.000	21	0	0	1	21	369	349	2.1	39.2
Query_44305	AP023477.1	100.000	21	0	0	1	21	41451726	41451746	2.1	39.2
Query_44305	LR877227.1	100.000	21	0	0	1	21	28347887	28347907	2.1	39.2
Query_44305	XM_025440522.2	100.000	21	0	0	1	21	493	473	2.1	39.2
Query_44305	LR862372.1	100.000	21	0	0	1	21	34624641	34624661	2.1	39.2
Query_44305	XM_035303470.1	100.000	21	0	0	1	21	377	357	2.1	39.2
Query_44305	NG_008078.2	100.000	21	0	0	1	21	8102	8082	2.1	39.2
Query_44305	AC003098.2	100.000	21	0	0	1	21	6214	6234	2.1	39.2
Query_44305	AY358203.1	100.000	21	0	0	1	21	614	594	2.1	39.2
Query_44305	AF184211.1	100.000	21	0	0	1	21	56	36	2.1	39.2
Query_44305	BC101086.1	100.000	21	0	0	1	21	324	304	2.1	39.2
Query_44305	AC055813.9	100.000	21	0	0	1	21	63138	63158	2.1	39.2
Query_44305	AF331844.1	100.000	21	0	0	1	21	334	314	2.1	39.2
Query_44305	AF326739.1	100.000	21	0	0	1	21	344	324	2.1	39.2
Query_44305	AF326738.1	100.000	21	0	0	1	21	206	186	2.1	39.2
Query_44305	AF326736.1	100.000	21	0	0	1	21	15015	14995	2.1	39.2
Query_44305	XM_033182838.1	100.000	20	0	0	2	21	296	277	7.3	37.4
Query_44305	XM_032163779.1	100.000	20	0	0	2	21	340	321	7.3	37.4
Query_44305	XM_010376233.2	100.000	20	0	0	2	21	312	293	7.3	37.4
Query_44305	XM_003270772.2	100.000	20	0	0	2	21	340	321	7.3	37.4
Query_44305	XM_028988665.1	100.000	20	0	0	1	20	278	259	7.3	37.4
Query_44305	LR535820.1	100.000	20	0	0	1	20	22908125	22908144	7.3	37.4
Query_44305	XM_002827467.3	100.000	20	0	0	2	21	337	318	7.3	37.4
Query_44305	XM_020180444.1	100.000	20	0	0	2	21	312	293	7.3	37.4
Query_44305	XM_004655279.2	100.000	20	0	0	2	21	293	274	7.3	37.4
Query_44305	XM_011940053.1	100.000	20	0	0	2	21	337	318	7.3	37.4
Query_44305	XM_008614658.1	100.000	20	0	0	1	20	1573	1554	7.3	37.4
Query_44305	XM_008012517.2	100.000	20	0	0	2	21	324	305	7.3	37.4
Query_44305	XM_037463800.1	100.000	20	0	0	1	20	533	514	7.3	37.4
Query_44305	XM_035403064.1	100.000	20	0	0	1	20	504	485	7.3	37.4
Query_44305	AF326742.1	100.000	20	0	0	2	21	296	277	7.3	37.4


