# blastn
# Iteration: 0
# Query: 
# RID: 6ZJTWZ4X013
# Database: nt
# Fields: query acc.ver, subject acc.ver, % identity, alignment length, mismatches, gap opens, q. start, q. end, s. start, s. end, evalue, bit score
# 25 hits found
Query_36581	XM_032915907.1	100.000	21	0	0	1	21	1546	1526	2.1	39.2
Query_36581	XM_021210658.2	100.000	21	0	0	1	21	1534	1514	2.1	39.2
Query_36581	XM_021163845.2	100.000	21	0	0	1	21	1539	1519	2.1	39.2
Query_36581	FQ214550.1	100.000	21	0	0	1	21	1501	1481	2.1	39.2
Query_36581	FQ225334.1	100.000	21	0	0	1	21	1503	1483	2.1	39.2
Query_36581	FQ228750.1	100.000	21	0	0	1	21	1501	1481	2.1	39.2
Query_36581	NG_006685.3	100.000	21	0	0	1	21	1586	1566	2.1	39.2
Query_36581	NM_026242.3	100.000	21	0	0	1	21	1534	1514	2.1	39.2
Query_36581	AC169036.3	100.000	21	0	0	1	21	131177	131197	2.1	39.2
Query_36581	BC085488.1	100.000	21	0	0	1	21	1379	1359	2.1	39.2
Query_36581	AC114605.11	100.000	21	0	0	1	21	110655	110635	2.1	39.2
Query_36581	AC112683.10	100.000	21	0	0	1	21	195076	195056	2.1	39.2
Query_36581	AC139214.12	100.000	21	0	0	1	21	2108	2088	2.1	39.2
Query_36581	AK170984.1	100.000	21	0	0	1	21	1516	1496	2.1	39.2
Query_36581	AK170909.1	100.000	21	0	0	1	21	1512	1492	2.1	39.2
Query_36581	AK170789.1	100.000	21	0	0	1	21	1484	1464	2.1	39.2
Query_36581	AK018675.1	100.000	21	0	0	1	21	1484	1464	2.1	39.2
Query_36581	AK017832.1	100.000	21	0	0	1	21	1516	1496	2.1	39.2
Query_36581	AK005313.1	100.000	21	0	0	1	21	1526	1506	2.1	39.2
Query_36581	AK211332.1	100.000	21	0	0	1	21	338	318	2.1	39.2
Query_36581	AK206883.1	100.000	21	0	0	1	21	333	313	2.1	39.2
Query_36581	AC154476.2	100.000	21	0	0	1	21	77692	77712	2.1	39.2
Query_36581	NM_001009264.1	100.000	21	0	0	1	21	1481	1461	2.1	39.2
Query_36581	BC010209.1	100.000	21	0	0	1	21	1503	1483	2.1	39.2
Query_36581	AB041651.1	100.000	21	0	0	1	21	1514	1494	2.1	39.2


