# blastn
# Iteration: 0
# Query: 
# RID: 6RNZAXYE016
# Database: nt
# Fields: query acc.ver, subject acc.ver, % identity, alignment length, mismatches, gap opens, q. start, q. end, s. start, s. end, evalue, bit score
# 104 hits found
Query_8857	XM_034986414.1	100.000	21	0	0	1	21	423	403	2.1	39.2
Query_8857	XM_003807100.4	100.000	21	0	0	1	21	441	421	2.1	39.2
Query_8857	XM_034942333.1	100.000	21	0	0	1	21	425	405	2.1	39.2
Query_8857	AP023166.1	100.000	21	0	0	1	21	2455831	2455851	2.1	39.2
Query_8857	XM_002926382.4	100.000	21	0	0	1	21	471	451	2.1	39.2
Query_8857	XM_027921270.2	100.000	21	0	0	1	21	421	401	2.1	39.2
Query_8857	XM_033845996.1	100.000	21	0	0	1	21	479	459	2.1	39.2
Query_8857	XM_004283290.2	100.000	21	0	0	1	21	479	459	2.1	39.2
Query_8857	XM_033224473.1	100.000	21	0	0	1	21	809	789	2.1	39.2
Query_8857	XM_033128210.1	100.000	21	0	0	1	21	650	630	2.1	39.2
Query_8857	XM_032612932.1	100.000	21	0	0	1	21	479	459	2.1	39.2
Query_8857	XM_032487927.1	100.000	21	0	0	1	21	677	657	2.1	39.2
Query_8857	XM_032388830.1	100.000	21	0	0	1	21	451	431	2.1	39.2
Query_8857	XM_032325507.1	100.000	21	0	0	1	21	470	450	2.1	39.2
Query_8857	XM_032171207.1	100.000	21	0	0	1	21	712	692	2.1	39.2
Query_8857	LR738628.1	100.000	21	0	0	1	21	71680135	71680155	2.1	39.2
Query_8857	LR738606.1	100.000	21	0	0	1	21	65127647	65127667	2.1	39.2
Query_8857	XM_003916130.3	100.000	21	0	0	1	21	816	796	2.1	39.2
Query_8857	XM_010991537.2	100.000	21	0	0	1	21	481	461	2.1	39.2
Query_8857	XM_006748596.2	100.000	21	0	0	1	21	442	422	2.1	39.2
Query_8857	XR_004067781.1	100.000	21	0	0	1	21	425	405	2.1	39.2
Query_8857	XM_019015478.2	100.000	21	0	0	1	21	96	76	2.1	39.2
Query_8857	XR_176607.3	100.000	21	0	0	1	21	441	421	2.1	39.2
Query_8857	XM_010379192.2	100.000	21	0	0	1	21	806	786	2.1	39.2
Query_8857	XM_030886267.1	100.000	21	0	0	1	21	478	458	2.1	39.2
Query_8857	XM_030851183.1	100.000	21	0	0	1	21	479	459	2.1	39.2
Query_8857	XM_003277335.4	100.000	21	0	0	1	21	718	698	2.1	39.2
Query_8857	XM_022586052.2	100.000	21	0	0	1	21	502	482	2.1	39.2
Query_8857	XM_030370561.1	100.000	21	0	0	1	21	541	521	2.1	39.2
Query_8857	LR633953.1	100.000	21	0	0	1	21	6707845	6707865	2.1	39.2
Query_8857	XM_029245354.1	100.000	21	0	0	1	21	479	459	2.1	39.2
Query_8857	XM_028486348.1	100.000	21	0	0	1	21	109	89	2.1	39.2
Query_8857	XM_028486348.1	100.000	21	0	0	1	21	523	503	2.1	39.2
Query_8857	NM_014501.3	100.000	21	0	0	1	21	446	426	2.1	39.2
Query_8857	XM_027097427.1	100.000	21	0	0	1	21	610	590	2.1	39.2
Query_8857	XM_027037387.1	100.000	21	0	0	1	21	454	434	2.1	39.2
Query_8857	XM_005355892.2	100.000	21	0	0	1	21	318	298	2.1	39.2
Query_8857	XM_005362643.3	100.000	21	0	0	1	21	169	149	2.1	39.2
Query_8857	XM_013354512.2	100.000	21	0	0	1	21	655	635	2.1	39.2
Query_8857	XM_026488514.1	100.000	21	0	0	1	21	436	416	2.1	39.2
Query_8857	XM_026381215.1	100.000	21	0	0	1	21	430	410	2.1	39.2
Query_8857	XM_028138416.1	100.000	21	0	0	1	21	721	701	2.1	39.2
Query_8857	XM_028095116.1	100.000	21	0	0	1	21	431	411	2.1	39.2
Query_8857	XR_003607984.1	100.000	21	0	0	1	21	382	362	2.1	39.2
Query_8857	XM_006150358.3	100.000	21	0	0	1	21	257	237	2.1	39.2
Query_8857	CP034522.1	100.000	21	0	0	1	21	55855751	55855771	2.1	39.2
Query_8857	CP034497.1	100.000	21	0	0	1	21	55855751	55855771	2.1	39.2
Query_8857	CP034495.1	100.000	21	0	0	1	21	15607968	15607988	2.1	39.2
Query_8857	CP034495.1	100.000	21	0	0	1	21	18580650	18580630	2.1	39.2
Query_8857	XM_025985268.1	100.000	21	0	0	1	21	673	653	2.1	39.2
Query_8857	XM_025914682.1	100.000	21	0	0	1	21	442	422	2.1	39.2
Query_8857	XM_025849232.1	100.000	21	0	0	1	21	431	411	2.1	39.2
Query_8857	XM_025848961.1	100.000	21	0	0	1	21	431	411	2.1	39.2
Query_8857	AC277988.1	100.000	21	0	0	1	21	97138	97118	2.1	39.2
Query_8857	AC277977.1	100.000	21	0	0	1	21	166485	166505	2.1	39.2
Query_8857	XM_006915944.3	100.000	21	0	0	1	21	465	445	2.1	39.2
Query_8857	XM_011752020.2	100.000	21	0	0	1	21	809	789	2.1	39.2
Query_8857	XM_024755169.1	100.000	21	0	0	1	21	479	459	2.1	39.2
Query_8857	XM_024570361.1	100.000	21	0	0	1	21	446	426	2.1	39.2
Query_8857	XM_011526752.2	100.000	21	0	0	1	21	1097	1077	2.1	39.2
Query_8857	XM_016936881.2	100.000	21	0	0	1	21	1989	1969	2.1	39.2
Query_8857	XM_016936880.2	100.000	21	0	0	1	21	509	489	2.1	39.2
Query_8857	XR_002942167.1	100.000	21	0	0	1	21	385	365	2.1	39.2
Query_8857	XM_024236634.1	100.000	21	0	0	1	21	711	691	2.1	39.2
Query_8857	XM_024123229.1	100.000	21	0	0	1	21	247	227	2.1	39.2
Query_8857	XM_006109010.3	100.000	21	0	0	1	21	500	480	2.1	39.2
Query_8857	XM_023736180.1	100.000	21	0	0	1	21	335	315	2.1	39.2
Query_8857	XM_004647677.3	100.000	21	0	0	1	21	768	748	2.1	39.2
Query_8857	XM_004455465.3	100.000	21	0	0	1	21	481	461	2.1	39.2
Query_8857	XM_010586620.2	100.000	21	0	0	1	21	421	401	2.1	39.2
Query_8857	XM_019819105.2	100.000	21	0	0	1	21	400	380	2.1	39.2
Query_8857	XM_023184255.1	100.000	21	0	0	1	21	827	807	2.1	39.2
Query_8857	XM_021673446.1	100.000	21	0	0	1	21	613	593	2.1	39.2
Query_8857	XM_012465289.2	100.000	21	0	0	1	21	387	367	2.1	39.2
Query_8857	XM_040465326.1	100.000	21	0	0	1	21	411	391	2.1	39.2
Query_8857	XM_005341577.4	100.000	21	0	0	1	21	403	383	2.1	39.2
Query_8857	XM_039857071.1	100.000	21	0	0	1	21	510	490	2.1	39.2
Query_8857	CP070223.1	100.000	21	0	0	1	21	2734656	2734676	2.1	39.2
Query_8857	XM_039244041.1	100.000	21	0	0	1	21	754	734	2.1	39.2
Query_8857	CP068261.1	100.000	21	0	0	1	21	15611184	15611204	2.1	39.2
Query_8857	CP068261.1	100.000	21	0	0	1	21	18624450	18624430	2.1	39.2
Query_8857	CP068259.1	100.000	21	0	0	1	21	58499831	58499851	2.1	39.2
Query_8857	XM_038339564.1	100.000	21	0	0	1	21	426	406	2.1	39.2
Query_8857	XM_007998158.2	100.000	21	0	0	1	21	812	792	2.1	39.2
Query_8857	XM_037820403.1	100.000	21	0	0	1	21	384	364	2.1	39.2
Query_8857	XM_037159833.1	100.000	21	0	0	1	21	661	641	2.1	39.2
Query_8857	XM_037038096.1	100.000	21	0	0	1	21	844	824	2.1	39.2
Query_8857	XM_017647228.2	100.000	21	0	0	1	21	442	422	2.1	39.2
Query_8857	XM_036909194.1	100.000	21	0	0	1	21	443	423	2.1	39.2
Query_8857	XM_036833875.1	100.000	21	0	0	1	21	673	653	2.1	39.2
Query_8857	XM_036832179.1	100.000	21	0	0	1	21	441	421	2.1	39.2
Query_8857	XM_036436419.1	100.000	21	0	0	1	21	651	631	2.1	39.2
Query_8857	XM_036306722.1	100.000	21	0	0	1	21	455	435	2.1	39.2
Query_8857	XM_036274493.1	100.000	21	0	0	1	21	401	381	2.1	39.2
Query_8857	AP023479.1	100.000	21	0	0	1	21	55882175	55882195	2.1	39.2
Query_8857	AP023477.1	100.000	21	0	0	1	21	15790930	15790950	2.1	39.2
Query_8857	AP023477.1	100.000	21	0	0	1	21	18786030	18786010	2.1	39.2
Query_8857	XM_036096860.1	100.000	21	0	0	1	21	440	420	2.1	39.2
Query_8857	XM_036096859.1	100.000	21	0	0	1	21	440	420	2.1	39.2
Query_8857	XM_036096857.1	100.000	21	0	0	1	21	440	420	2.1	39.2
Query_8857	XM_036096856.1	100.000	21	0	0	1	21	440	420	2.1	39.2
Query_8857	XM_028529479.2	100.000	21	0	0	1	21	599	579	2.1	39.2
Query_8857	XM_025423880.2	100.000	21	0	0	1	21	466	446	2.1	39.2
Query_8857	XM_027618492.2	100.000	21	0	0	1	21	464	444	2.1	39.2


