# blastn
# Iteration: 0
# Query: 
# RID: 7J9PN8VE01R
# Database: nt
# Fields: query acc.ver, subject acc.ver, % identity, alignment length, mismatches, gap opens, q. start, q. end, s. start, s. end, evalue, bit score
# 100 hits found
Query_177863	XM_034991888.1	100.000	21	0	0	1	21	1870	1850	2.1	39.2
Query_177863	XM_034991887.1	100.000	21	0	0	1	21	1954	1934	2.1	39.2
Query_177863	XM_034991886.1	100.000	21	0	0	1	21	1912	1892	2.1	39.2
Query_177863	XM_034962171.1	100.000	21	0	0	1	21	1771	1751	2.1	39.2
Query_177863	XM_008958732.2	100.000	21	0	0	1	21	1973	1953	2.1	39.2
Query_177863	XM_003833230.2	100.000	21	0	0	1	21	1944	1924	2.1	39.2
Query_177863	XM_010617711.3	100.000	21	0	0	1	21	1786	1766	2.1	39.2
Query_177863	XM_019206578.2	100.000	21	0	0	1	21	1825	1805	2.1	39.2
Query_177863	CP050578.1	100.000	21	0	0	1	21	12593654	12593634	2.1	39.2
Query_177863	CP050616.1	100.000	21	0	0	1	21	12605765	12605745	2.1	39.2
Query_177863	XM_033217305.1	100.000	21	0	0	1	21	2135	2115	2.1	39.2
Query_177863	XM_040473640.1	100.000	21	0	0	1	21	1894	1874	2.1	39.2
Query_177863	XM_040473639.1	100.000	21	0	0	1	21	1833	1813	2.1	39.2
Query_177863	XM_040473638.1	100.000	21	0	0	1	21	1936	1916	2.1	39.2
Query_177863	XM_013355738.3	100.000	21	0	0	1	21	2022	2002	2.1	39.2
Query_177863	XM_021721854.2	100.000	21	0	0	1	21	2070	2050	2.1	39.2
Query_177863	XR_005722721.1	100.000	21	0	0	1	21	1930	1910	2.1	39.2
Query_177863	XM_040249572.1	100.000	21	0	0	1	21	1890	1870	2.1	39.2
Query_177863	XM_040249571.1	100.000	21	0	0	1	21	1929	1909	2.1	39.2
Query_177863	XM_040249570.1	100.000	21	0	0	1	21	1893	1873	2.1	39.2
Query_177863	HG994392.1	100.000	21	0	0	1	21	13809610	13809590	2.1	39.2
Query_177863	XM_039854831.1	100.000	21	0	0	1	21	1850	1830	2.1	39.2
Query_177863	XM_039854830.1	100.000	21	0	0	1	21	2254	2234	2.1	39.2
Query_177863	XM_039854829.1	100.000	21	0	0	1	21	2148	2128	2.1	39.2
Query_177863	XM_039854828.1	100.000	21	0	0	1	21	1933	1913	2.1	39.2
Query_177863	XM_039854827.1	100.000	21	0	0	1	21	1992	1972	2.1	39.2
Query_177863	XM_039854826.1	100.000	21	0	0	1	21	2293	2273	2.1	39.2
Query_177863	XM_039466881.1	100.000	21	0	0	1	21	2059	2039	2.1	39.2
Query_177863	XM_010333936.2	100.000	21	0	0	1	21	2109	2089	2.1	39.2
Query_177863	XM_039466875.1	100.000	21	0	0	1	21	1935	1915	2.1	39.2
Query_177863	XM_039231230.1	100.000	21	0	0	1	21	1933	1913	2.1	39.2
Query_177863	XM_038683648.1	100.000	21	0	0	1	21	1885	1865	2.1	39.2
Query_177863	XM_038683647.1	100.000	21	0	0	1	21	1945	1925	2.1	39.2
Query_177863	XM_038683646.1	100.000	21	0	0	1	21	1927	1907	2.1	39.2
Query_177863	XM_005627398.4	100.000	21	0	0	1	21	1885	1865	2.1	39.2
Query_177863	XM_014118472.3	100.000	21	0	0	1	21	1945	1925	2.1	39.2
Query_177863	XM_846912.7	100.000	21	0	0	1	21	1927	1907	2.1	39.2
Query_177863	XM_007972423.2	100.000	21	0	0	1	21	2007	1987	2.1	39.2
Query_177863	XM_038006128.1	100.000	21	0	0	1	21	2032	2012	2.1	39.2
Query_177863	XM_038006127.1	100.000	21	0	0	1	21	1928	1908	2.1	39.2
Query_177863	XM_007972424.2	100.000	21	0	0	1	21	2071	2051	2.1	39.2
Query_177863	XM_007972422.2	100.000	21	0	0	1	21	1967	1947	2.1	39.2
Query_177863	XM_017547408.2	100.000	21	0	0	1	21	1914	1894	2.1	39.2
Query_177863	XM_037745344.1	100.000	21	0	0	1	21	1986	1966	2.1	39.2
Query_177863	XM_017547404.2	100.000	21	0	0	1	21	1955	1935	2.1	39.2
Query_177863	XM_017547403.2	100.000	21	0	0	1	21	2012	1992	2.1	39.2
Query_177863	XM_017547402.2	100.000	21	0	0	1	21	1930	1910	2.1	39.2
Query_177863	XM_037053815.1	100.000	21	0	0	1	21	1900	1880	2.1	39.2
Query_177863	XM_037053808.1	100.000	21	0	0	1	21	2005	1985	2.1	39.2
Query_177863	XM_037053800.1	100.000	21	0	0	1	21	1939	1919	2.1	39.2
Query_177863	XM_037013714.1	100.000	21	0	0	1	21	1771	1751	2.1	39.2
Query_177863	XM_037013669.1	100.000	21	0	0	1	21	1831	1811	2.1	39.2
Query_177863	XM_017676271.2	100.000	21	0	0	1	21	2064	2044	2.1	39.2
Query_177863	XM_017676270.2	100.000	21	0	0	1	21	1922	1902	2.1	39.2
Query_177863	XM_017676269.2	100.000	21	0	0	1	21	1958	1938	2.1	39.2
Query_177863	XM_036927364.1	100.000	21	0	0	1	21	1771	1751	2.1	39.2
Query_177863	XM_036927362.1	100.000	21	0	0	1	21	1829	1809	2.1	39.2
Query_177863	XM_036927361.1	100.000	21	0	0	1	21	1923	1903	2.1	39.2
Query_177863	XM_036927360.1	100.000	21	0	0	1	21	2053	2033	2.1	39.2
Query_177863	XM_036927359.1	100.000	21	0	0	1	21	1956	1936	2.1	39.2
Query_177863	XM_036573640.1	100.000	21	0	0	1	21	2128	2108	2.1	39.2
Query_177863	XM_036573639.1	100.000	21	0	0	1	21	2167	2147	2.1	39.2
Query_177863	XM_036529742.1	100.000	21	0	0	1	21	2073	2053	2.1	39.2
Query_177863	XM_036529733.1	100.000	21	0	0	1	21	2028	2008	2.1	39.2
Query_177863	XM_036529725.1	100.000	21	0	0	1	21	2025	2005	2.1	39.2
Query_177863	XM_036529717.1	100.000	21	0	0	1	21	2028	2008	2.1	39.2
Query_177863	XM_004590404.2	100.000	21	0	0	1	21	1913	1893	2.1	39.2
Query_177863	XM_036316794.1	100.000	21	0	0	1	21	1620	1600	2.1	39.2
Query_177863	XM_036316793.1	100.000	21	0	0	1	21	1659	1639	2.1	39.2
Query_177863	XM_036316792.1	100.000	21	0	0	1	21	1739	1719	2.1	39.2
Query_177863	XM_036316791.1	100.000	21	0	0	1	21	1893	1873	2.1	39.2
Query_177863	XM_036316790.1	100.000	21	0	0	1	21	2100	2080	2.1	39.2
Query_177863	XM_036316789.1	100.000	21	0	0	1	21	1932	1912	2.1	39.2
Query_177863	XM_036248030.1	100.000	21	0	0	1	21	1927	1907	2.1	39.2
Query_177863	XM_036248029.1	100.000	21	0	0	1	21	1958	1938	2.1	39.2
Query_177863	XM_036218441.1	100.000	21	0	0	1	21	1943	1923	2.1	39.2
Query_177863	XM_036218440.1	100.000	21	0	0	1	21	1815	1795	2.1	39.2
Query_177863	XM_036218439.1	100.000	21	0	0	1	21	2064	2044	2.1	39.2
Query_177863	XM_016128649.2	100.000	21	0	0	1	21	1916	1896	2.1	39.2
Query_177863	XM_016128651.2	100.000	21	0	0	1	21	1904	1884	2.1	39.2
Query_177863	XM_016128648.2	100.000	21	0	0	1	21	1943	1923	2.1	39.2
Query_177863	XM_036082770.1	100.000	21	0	0	1	21	1902	1882	2.1	39.2
Query_177863	XM_036082769.1	100.000	21	0	0	1	21	1833	1813	2.1	39.2
Query_177863	XM_036082767.1	100.000	21	0	0	1	21	1944	1924	2.1	39.2
Query_177863	LR877222.1	100.000	21	0	0	1	21	12244186	12244166	2.1	39.2
Query_177863	XM_025418885.2	100.000	21	0	0	1	21	1890	1870	2.1	39.2
Query_177863	XM_035697506.1	100.000	21	0	0	1	21	2073	2053	2.1	39.2
Query_177863	XM_025418884.2	100.000	21	0	0	1	21	1945	1925	2.1	39.2
Query_177863	XM_025418883.2	100.000	21	0	0	1	21	1932	1912	2.1	39.2
Query_177863	XM_027602293.2	100.000	21	0	0	1	21	3193	3173	2.1	39.2
Query_177863	XM_027602292.2	100.000	21	0	0	1	21	3232	3212	2.1	39.2
Query_177863	XM_027602291.2	100.000	21	0	0	1	21	3274	3254	2.1	39.2
Query_177863	XM_035295753.1	100.000	21	0	0	1	21	1992	1972	2.1	39.2
Query_177863	XM_035295752.1	100.000	21	0	0	1	21	1915	1895	2.1	39.2
Query_177863	XM_035295750.1	100.000	21	0	0	1	21	2115	2095	2.1	39.2
Query_177863	XM_035295749.1	100.000	21	0	0	1	21	1945	1925	2.1	39.2
Query_177863	XM_035295748.1	100.000	21	0	0	1	21	1959	1939	2.1	39.2
Query_177863	XM_035295747.1	100.000	21	0	0	1	21	1989	1969	2.1	39.2
Query_177863	XM_035295746.1	100.000	21	0	0	1	21	2114	2094	2.1	39.2
Query_177863	XM_035295745.1	100.000	21	0	0	1	21	1964	1944	2.1	39.2


