# blastn
# Iteration: 0
# Query: 
# RID: 6MX10TJW013
# Database: nt
# Fields: query acc.ver, subject acc.ver, % identity, alignment length, mismatches, gap opens, q. start, q. end, s. start, s. end, evalue, bit score
# 100 hits found
Query_54697	XM_034948809.1	100.000	21	0	0	1	21	470	450	2.0	39.2
Query_54697	XM_034948808.1	100.000	21	0	0	1	21	995	975	2.0	39.2
Query_54697	XM_003807746.2	100.000	21	0	0	1	21	491	471	2.0	39.2
Query_54697	XM_034937214.1	100.000	21	0	0	1	21	416	396	2.0	39.2
Query_54697	XM_034936518.1	100.000	21	0	0	1	21	1557	1537	2.0	39.2
Query_54697	XM_034936517.1	100.000	21	0	0	1	21	1370	1350	2.0	39.2
Query_54697	XM_033234103.1	100.000	21	0	0	1	21	475	455	2.0	39.2
Query_54697	XM_033234102.1	100.000	21	0	0	1	21	571	551	2.0	39.2
Query_54697	XM_033236163.1	100.000	21	0	0	1	21	414	394	2.0	39.2
Query_54697	XM_032138715.1	100.000	21	0	0	1	21	565	545	2.0	39.2
Query_54697	XM_023188654.2	100.000	21	0	0	1	21	613	593	2.0	39.2
Query_54697	XR_642016.3	100.000	21	0	0	1	21	410	390	2.0	39.2
Query_54697	XM_031656471.1	100.000	21	0	0	1	21	305	285	2.0	39.2
Query_54697	XM_003905270.4	100.000	21	0	0	1	21	467	447	2.0	39.2
Query_54697	XM_004063094.2	100.000	21	0	0	1	21	446	426	2.0	39.2
Query_54697	XM_031001374.1	100.000	21	0	0	1	21	1331	1311	2.0	39.2
Query_54697	XM_010367085.2	100.000	21	0	0	1	21	277	257	2.0	39.2
Query_54697	XM_030922320.1	100.000	21	0	0	1	21	1332	1312	2.0	39.2
Query_54697	XR_747840.2	100.000	21	0	0	1	21	398	378	2.0	39.2
Query_54697	XM_030914868.1	100.000	21	0	0	1	21	365	345	2.0	39.2
Query_54697	XM_010381786.2	100.000	21	0	0	1	21	428	408	2.0	39.2
Query_54697	XM_030912894.1	100.000	21	0	0	1	21	383	363	2.0	39.2
Query_54697	XM_010357714.2	100.000	21	0	0	1	21	401	381	2.0	39.2
Query_54697	XM_004088742.3	100.000	21	0	0	1	21	265	245	2.0	39.2
Query_54697	XM_030815897.1	100.000	21	0	0	1	21	565	545	2.0	39.2
Query_54697	XM_030808853.1	100.000	21	0	0	1	21	346	326	2.0	39.2
Query_54697	NR_046082.2	100.000	21	0	0	1	21	1010	990	2.0	39.2
Query_54697	NR_028436.3	100.000	21	0	0	1	21	513	493	2.0	39.2
Query_54697	NM_003347.4	100.000	21	0	0	1	21	404	384	2.0	39.2
Query_54697	NM_001355247.2	100.000	21	0	0	1	21	1336	1316	2.0	39.2
Query_54697	XR_001442034.2	100.000	21	0	0	1	21	383	363	2.0	39.2
Query_54697	XR_092204.3	100.000	21	0	0	1	21	389	369	2.0	39.2
Query_54697	XM_028837637.1	100.000	21	0	0	1	21	601	581	2.0	39.2
Query_54697	XM_015149750.2	100.000	21	0	0	1	21	481	461	2.0	39.2
Query_54697	AC279127.1	100.000	21	0	0	1	21	74245	74225	2.0	39.2
Query_54697	XM_023197943.2	100.000	21	0	0	1	21	547	527	2.0	39.2
Query_54697	XM_023208665.2	100.000	21	0	0	1	21	411	391	2.0	39.2
Query_54697	XR_003613089.1	100.000	21	0	0	1	21	395	375	2.0	39.2
Query_54697	CP034522.1	100.000	21	0	0	1	21	9825545	9825525	2.0	39.2
Query_54697	CP034516.1	100.000	21	0	0	1	21	11982500	11982480	2.0	39.2
Query_54697	CP034501.1	100.000	21	0	0	1	21	5925866	5925846	2.0	39.2
Query_54697	CP034497.1	100.000	21	0	0	1	21	9825545	9825525	2.0	39.2
Query_54697	CP034492.1	100.000	21	0	0	1	21	36696307	36696287	2.0	39.2
Query_54697	CP034491.1	100.000	21	0	0	1	21	11982500	11982480	2.0	39.2
Query_54697	XM_025372533.1	100.000	21	0	0	1	21	277	257	2.0	39.2
Query_54697	XM_025372532.1	100.000	21	0	0	1	21	385	365	2.0	39.2
Query_54697	XM_025364486.1	100.000	21	0	0	1	21	277	257	2.0	39.2
Query_54697	XM_025364485.1	100.000	21	0	0	1	21	444	424	2.0	39.2
Query_54697	XR_003121448.1	100.000	21	0	0	1	21	173	153	2.0	39.2
Query_54697	XM_016939782.2	100.000	21	0	0	1	21	475	455	2.0	39.2
Query_54697	XM_016939781.2	100.000	21	0	0	1	21	984	964	2.0	39.2
Query_54697	XM_016939780.2	100.000	21	0	0	1	21	571	551	2.0	39.2
Query_54697	XR_002939290.1	100.000	21	0	0	1	21	395	375	2.0	39.2
Query_54697	XR_002939130.1	100.000	21	0	0	1	21	997	977	2.0	39.2
Query_54697	XM_006099506.3	100.000	21	0	0	1	21	488	468	2.0	39.2
Query_54697	XM_006099505.3	100.000	21	0	0	1	21	1148	1128	2.0	39.2
Query_54697	XM_023646792.1	100.000	21	0	0	1	21	318	298	2.0	39.2
Query_54697	XM_023646791.1	100.000	21	0	0	1	21	532	512	2.0	39.2
Query_54697	XM_023646790.1	100.000	21	0	0	1	21	447	427	2.0	39.2
Query_54697	XM_001490059.6	100.000	21	0	0	1	21	410	390	2.0	39.2
Query_54697	BC053368.2	100.000	21	0	0	1	21	395	375	2.0	39.2
Query_54697	XM_017882566.1	100.000	21	0	0	1	21	475	455	2.0	39.2
Query_54697	XM_017882565.1	100.000	21	0	0	1	21	435	415	2.0	39.2
Query_54697	XM_017882564.1	100.000	21	0	0	1	21	419	399	2.0	39.2
Query_54697	XM_017882563.1	100.000	21	0	0	1	21	571	551	2.0	39.2
Query_54697	XR_001884129.1	100.000	21	0	0	1	21	379	359	2.0	39.2
Query_54697	XM_005594100.2	100.000	21	0	0	1	21	399	379	2.0	39.2
Query_54697	XR_001487773.1	100.000	21	0	0	1	21	382	362	2.0	39.2
Query_54697	XR_001486306.1	100.000	21	0	0	1	21	605	585	2.0	39.2
Query_54697	XR_001491380.1	100.000	21	0	0	1	21	380	360	2.0	39.2
Query_54697	XM_014868064.1	100.000	21	0	0	1	21	305	285	2.0	39.2
Query_54697	XM_014868063.1	100.000	21	0	0	1	21	422	402	2.0	39.2
Query_54697	XM_014868062.1	100.000	21	0	0	1	21	412	392	2.0	39.2
Query_54697	XM_014796727.1	100.000	21	0	0	1	21	313	293	2.0	39.2
Query_54697	XM_004442382.2	100.000	21	0	0	1	21	409	389	2.0	39.2
Query_54697	XM_014796726.1	100.000	21	0	0	1	21	412	392	2.0	39.2
Query_54697	XM_014465014.1	100.000	21	0	0	1	21	475	455	2.0	39.2
Query_54697	XM_011739751.1	100.000	21	0	0	1	21	565	545	2.0	39.2
Query_54697	XM_012087327.1	100.000	21	0	0	1	21	565	545	2.0	39.2
Query_54697	XR_001017786.1	100.000	21	0	0	1	21	383	363	2.0	39.2
Query_54697	XM_011928925.1	100.000	21	0	0	1	21	277	257	2.0	39.2
Query_54697	XM_011928924.1	100.000	21	0	0	1	21	395	375	2.0	39.2
Query_54697	XR_976834.1	100.000	21	0	0	1	21	387	367	2.0	39.2
Query_54697	XM_011967822.1	100.000	21	0	0	1	21	277	257	2.0	39.2
Query_54697	XM_011967821.1	100.000	21	0	0	1	21	399	379	2.0	39.2
Query_54697	CP068259.1	100.000	21	0	0	1	21	9901004	9900984	2.0	39.2
Query_54697	CP068256.1	100.000	21	0	0	1	21	22063829	22063809	2.0	39.2
Query_54697	XM_007974919.2	100.000	21	0	0	1	21	566	546	2.0	39.2
Query_54697	XM_037986854.1	100.000	21	0	0	1	21	598	578	2.0	39.2
Query_54697	XM_036461254.1	100.000	21	0	0	1	21	397	377	2.0	39.2
Query_54697	XM_036449778.1	100.000	21	0	0	1	21	353	333	2.0	39.2
Query_54697	XM_036449777.1	100.000	21	0	0	1	21	487	467	2.0	39.2
Query_54697	XM_036449776.1	100.000	21	0	0	1	21	492	472	2.0	39.2
Query_54697	XM_036449775.1	100.000	21	0	0	1	21	553	533	2.0	39.2
Query_54697	AP023482.1	100.000	21	0	0	1	21	17288346	17288326	2.0	39.2
Query_54697	AP023479.1	100.000	21	0	0	1	21	9660899	9660879	2.0	39.2
Query_54697	NM_001256356.2	100.000	21	0	0	1	21	308	288	2.0	39.2
Query_54697	LR862375.1	100.000	21	0	0	1	21	8115494	8115514	2.0	39.2
Query_54697	LR862369.1	100.000	21	0	0	1	21	2065354	2065334	2.0	39.2
Query_54697	XM_035302434.1	100.000	21	0	0	1	21	533	513	2.0	39.2


