# blastn
# Iteration: 0
# Query: 
# RID: 6MVPA48R013
# Database: nt
# Fields: query acc.ver, subject acc.ver, % identity, alignment length, mismatches, gap opens, q. start, q. end, s. start, s. end, evalue, bit score
# 100 hits found
Query_8093	XM_034932123.1	100.000	21	0	0	1	21	2357	2337	2.0	39.2
Query_8093	XM_034932122.1	100.000	21	0	0	1	21	2670	2650	2.0	39.2
Query_8093	XR_004664993.1	100.000	21	0	0	1	21	2646	2626	2.0	39.2
Query_8093	XM_034932121.1	100.000	21	0	0	1	21	2712	2692	2.0	39.2
Query_8093	XM_034932120.1	100.000	21	0	0	1	21	2322	2302	2.0	39.2
Query_8093	XM_034932119.1	100.000	21	0	0	1	21	2598	2578	2.0	39.2
Query_8093	XM_034932117.1	100.000	21	0	0	1	21	2408	2388	2.0	39.2
Query_8093	XM_034932116.1	100.000	21	0	0	1	21	2670	2650	2.0	39.2
Query_8093	XM_034932115.1	100.000	21	0	0	1	21	2670	2650	2.0	39.2
Query_8093	XM_033207624.1	100.000	21	0	0	1	21	2655	2635	2.0	39.2
Query_8093	XM_033207623.1	100.000	21	0	0	1	21	2722	2702	2.0	39.2
Query_8093	XR_004436191.1	100.000	21	0	0	1	21	2725	2705	2.0	39.2
Query_8093	XR_004436190.1	100.000	21	0	0	1	21	2660	2640	2.0	39.2
Query_8093	XM_033207622.1	100.000	21	0	0	1	21	2721	2701	2.0	39.2
Query_8093	XM_032166649.2	100.000	21	0	0	1	21	2339	2319	2.0	39.2
Query_8093	XM_032240510.1	100.000	21	0	0	1	21	2547	2527	2.0	39.2
Query_8093	XM_032166651.1	100.000	21	0	0	1	21	2306	2286	2.0	39.2
Query_8093	XR_004250229.1	100.000	21	0	0	1	21	2280	2260	2.0	39.2
Query_8093	XM_031933959.1	100.000	21	0	0	1	21	2672	2652	2.0	39.2
Query_8093	XM_023189815.3	100.000	21	0	0	1	21	2739	2719	2.0	39.2
Query_8093	XM_023189814.3	100.000	21	0	0	1	21	2738	2718	2.0	39.2
Query_8093	XM_031653328.1	100.000	21	0	0	1	21	2726	2706	2.0	39.2
Query_8093	XR_004177484.1	100.000	21	0	0	1	21	2726	2706	2.0	39.2
Query_8093	XR_004177483.1	100.000	21	0	0	1	21	2726	2706	2.0	39.2
Query_8093	XR_004177482.1	100.000	21	0	0	1	21	2668	2648	2.0	39.2
Query_8093	XR_004177481.1	100.000	21	0	0	1	21	2726	2706	2.0	39.2
Query_8093	XM_031653326.1	100.000	21	0	0	1	21	2692	2672	2.0	39.2
Query_8093	XM_021926103.2	100.000	21	0	0	1	21	2726	2706	2.0	39.2
Query_8093	XM_004050666.3	100.000	21	0	0	1	21	2711	2691	2.0	39.2
Query_8093	XM_019037259.2	100.000	21	0	0	1	21	2236	2216	2.0	39.2
Query_8093	XM_019037258.2	100.000	21	0	0	1	21	2598	2578	2.0	39.2
Query_8093	XM_004050664.3	100.000	21	0	0	1	21	2711	2691	2.0	39.2
Query_8093	XM_030917679.1	100.000	21	0	0	1	21	2644	2624	2.0	39.2
Query_8093	XM_030917678.1	100.000	21	0	0	1	21	2716	2696	2.0	39.2
Query_8093	XR_004053563.1	100.000	21	0	0	1	21	2716	2696	2.0	39.2
Query_8093	XM_030917677.1	100.000	21	0	0	1	21	2310	2290	2.0	39.2
Query_8093	XM_010384836.2	100.000	21	0	0	1	21	2716	2696	2.0	39.2
Query_8093	XR_004033591.1	100.000	21	0	0	1	21	2711	2691	2.0	39.2
Query_8093	XR_004033590.1	100.000	21	0	0	1	21	2653	2633	2.0	39.2
Query_8093	XM_030828843.1	100.000	21	0	0	1	21	2677	2657	2.0	39.2
Query_8093	XM_030828842.1	100.000	21	0	0	1	21	2605	2585	2.0	39.2
Query_8093	XM_030828841.1	100.000	21	0	0	1	21	2711	2691	2.0	39.2
Query_8093	NM_001348749.2	100.000	21	0	0	1	21	2604	2584	2.0	39.2
Query_8093	NM_001348750.2	100.000	21	0	0	1	21	2712	2692	2.0	39.2
Query_8093	NM_001243254.2	100.000	21	0	0	1	21	2676	2656	2.0	39.2
Query_8093	XM_028833701.1	100.000	21	0	0	1	21	2384	2364	2.0	39.2
Query_8093	XM_002799642.3	100.000	21	0	0	1	21	2491	2471	2.0	39.2
Query_8093	XR_003722662.1	100.000	21	0	0	1	21	2491	2471	2.0	39.2
Query_8093	XR_003722661.1	100.000	21	0	0	1	21	2491	2471	2.0	39.2
Query_8093	XM_028833700.1	100.000	21	0	0	1	21	2491	2471	2.0	39.2
Query_8093	XM_015114896.2	100.000	21	0	0	1	21	2384	2364	2.0	39.2
Query_8093	XM_002799641.3	100.000	21	0	0	1	21	2491	2471	2.0	39.2
Query_8093	NM_015213.4	100.000	21	0	0	1	21	2676	2656	2.0	39.2
Query_8093	NR_145966.2	100.000	21	0	0	1	21	2652	2632	2.0	39.2
Query_8093	XR_003115626.1	100.000	21	0	0	1	21	2722	2702	2.0	39.2
Query_8093	XM_025356640.1	100.000	21	0	0	1	21	2700	2680	2.0	39.2
Query_8093	XM_025356639.1	100.000	21	0	0	1	21	2658	2638	2.0	39.2
Query_8093	XM_025356638.1	100.000	21	0	0	1	21	2653	2633	2.0	39.2
Query_8093	XM_025356637.1	100.000	21	0	0	1	21	2586	2566	2.0	39.2
Query_8093	XM_025356636.1	100.000	21	0	0	1	21	2658	2638	2.0	39.2
Query_8093	XM_025356635.1	100.000	21	0	0	1	21	2722	2702	2.0	39.2
Query_8093	XM_011753149.2	100.000	21	0	0	1	21	2746	2726	2.0	39.2
Query_8093	XR_991781.2	100.000	21	0	0	1	21	2687	2667	2.0	39.2
Query_8093	XM_011753148.2	100.000	21	0	0	1	21	2615	2595	2.0	39.2
Query_8093	XM_011753147.2	100.000	21	0	0	1	21	2746	2726	2.0	39.2
Query_8093	XM_003312912.4	100.000	21	0	0	1	21	2710	2690	2.0	39.2
Query_8093	XR_002938439.1	100.000	21	0	0	1	21	2710	2690	2.0	39.2
Query_8093	XM_016920357.2	100.000	21	0	0	1	21	2457	2437	2.0	39.2
Query_8093	XM_024346967.1	100.000	21	0	0	1	21	2710	2690	2.0	39.2
Query_8093	XM_024346966.1	100.000	21	0	0	1	21	2710	2690	2.0	39.2
Query_8093	XM_009459922.3	100.000	21	0	0	1	21	2638	2618	2.0	39.2
Query_8093	XM_016920354.2	100.000	21	0	0	1	21	2638	2618	2.0	39.2
Query_8093	XM_508914.6	100.000	21	0	0	1	21	2710	2690	2.0	39.2
Query_8093	XM_016920352.2	100.000	21	0	0	1	21	2710	2690	2.0	39.2
Query_8093	XM_024255110.1	100.000	21	0	0	1	21	2706	2686	2.0	39.2
Query_8093	XM_009246658.2	100.000	21	0	0	1	21	2329	2309	2.0	39.2
Query_8093	XM_024255109.1	100.000	21	0	0	1	21	2706	2686	2.0	39.2
Query_8093	XM_024255108.1	100.000	21	0	0	1	21	2706	2686	2.0	39.2
Query_8093	XM_012803686.2	100.000	21	0	0	1	21	2374	2354	2.0	39.2
Query_8093	XM_023514907.1	100.000	21	0	0	1	21	2242	2222	2.0	39.2
Query_8093	XM_003781086.3	100.000	21	0	0	1	21	2374	2354	2.0	39.2
Query_8093	XM_021675141.1	100.000	21	0	0	1	21	2669	2649	2.0	39.2
Query_8093	XM_021675140.1	100.000	21	0	0	1	21	2597	2577	2.0	39.2
Query_8093	XM_021675139.1	100.000	21	0	0	1	21	2468	2448	2.0	39.2
Query_8093	XM_021675138.1	100.000	21	0	0	1	21	2669	2649	2.0	39.2
Query_8093	XM_039470498.1	100.000	21	0	0	1	21	2415	2395	2.0	39.2
Query_8093	XM_039470497.1	100.000	21	0	0	1	21	2742	2722	2.0	39.2
Query_8093	XM_039470496.1	100.000	21	0	0	1	21	2634	2614	2.0	39.2
Query_8093	XM_039470495.1	100.000	21	0	0	1	21	2742	2722	2.0	39.2
Query_8093	XM_037999738.1	100.000	21	0	0	1	21	2425	2405	2.0	39.2
Query_8093	XM_037999737.1	100.000	21	0	0	1	21	2705	2685	2.0	39.2
Query_8093	XM_037999736.1	100.000	21	0	0	1	21	2633	2613	2.0	39.2
Query_8093	XM_008007293.2	100.000	21	0	0	1	21	2705	2685	2.0	39.2
Query_8093	XM_017500309.2	100.000	21	0	0	1	21	2412	2392	2.0	39.2
Query_8093	XM_036258063.1	100.000	21	0	0	1	21	2673	2653	2.0	39.2
Query_8093	XM_036258062.1	100.000	21	0	0	1	21	2377	2357	2.0	39.2
Query_8093	XM_036258061.1	100.000	21	0	0	1	21	2673	2653	2.0	39.2
Query_8093	XM_017977897.2	100.000	21	0	0	1	21	2705	2685	2.0	39.2
Query_8093	XM_017977895.2	100.000	21	0	0	1	21	2633	2613	2.0	39.2
Query_8093	XM_002755025.4	100.000	21	0	0	1	21	2705	2685	2.0	39.2


