# blastn
# Iteration: 0
# Query: 
# RID: 6X91PNDK01R
# Database: nt
# Fields: query acc.ver, subject acc.ver, % identity, alignment length, mismatches, gap opens, q. start, q. end, s. start, s. end, evalue, bit score
# 46 hits found
Query_346773	XM_034941314.1	100.000	21	0	0	1	21	706	686	2.0	39.2
Query_346773	XM_032271694.1	100.000	21	0	0	1	21	302	282	2.0	39.2
Query_346773	XR_004262992.1	100.000	21	0	0	1	21	366	346	2.0	39.2
Query_346773	XM_032138345.1	100.000	21	0	0	1	21	724	704	2.0	39.2
Query_346773	XM_004058312.3	100.000	21	0	0	1	21	715	695	2.0	39.2
Query_346773	XM_026520690.1	100.000	21	0	0	1	21	344	324	2.0	39.2
Query_346773	XM_026520689.1	100.000	21	0	0	1	21	685	665	2.0	39.2
Query_346773	CP034495.1	100.000	21	0	0	1	21	4192598	4192618	2.0	39.2
Query_346773	CP034495.1	100.000	21	0	0	1	21	84372867	84372887	2.0	39.2
Query_346773	XM_009431600.3	100.000	21	0	0	1	21	341	321	2.0	39.2
Query_346773	XM_016931252.2	100.000	21	0	0	1	21	715	695	2.0	39.2
Query_346773	XM_002826864.4	100.000	21	0	0	1	21	715	695	2.0	39.2
Query_346773	XM_004638297.2	100.000	21	0	0	1	21	683	663	2.0	39.2
Query_346773	XR_001117211.2	100.000	21	0	0	1	21	305	285	2.0	39.2
Query_346773	XM_023584215.1	100.000	21	0	0	1	21	539	519	2.0	39.2
Query_346773	XM_008047888.2	100.000	21	0	0	1	21	720	700	2.0	39.2
Query_346773	XM_021671288.1	100.000	21	0	0	1	21	309	289	2.0	39.2
Query_346773	XR_001157657.2	100.000	21	0	0	1	21	1012	992	2.0	39.2
Query_346773	XR_001157656.2	100.000	21	0	0	1	21	1044	1024	2.0	39.2
Query_346773	XR_001157655.2	100.000	21	0	0	1	21	585	565	2.0	39.2
Query_346773	LT734953.1	100.000	21	0	0	1	21	840	820	2.0	39.2
Query_346773	XM_020163490.1	100.000	21	0	0	1	21	468	448	2.0	39.2
Query_346773	XM_005399692.2	100.000	21	0	0	1	21	663	643	2.0	39.2
Query_346773	XM_013013153.1	100.000	21	0	0	1	21	395	375	2.0	39.2
Query_346773	XR_001157658.1	100.000	21	0	0	1	21	475	455	2.0	39.2
Query_346773	XM_012779190.1	100.000	21	0	0	1	21	707	687	2.0	39.2
Query_346773	XM_012652562.1	100.000	21	0	0	1	21	755	735	2.0	39.2
Query_346773	XM_010611357.1	100.000	21	0	0	1	21	349	329	2.0	39.2
Query_346773	XM_010611356.1	100.000	21	0	0	1	21	349	329	2.0	39.2
Query_346773	XM_008688036.1	100.000	21	0	0	1	21	911	891	2.0	39.2
Query_346773	KJ892344.1	100.000	21	0	0	1	21	418	398	2.0	39.2
Query_346773	XM_039476665.1	100.000	21	0	0	1	21	736	716	2.0	39.2
Query_346773	CP068261.1	100.000	21	0	0	1	21	4178857	4178877	2.0	39.2
Query_346773	XM_017512180.2	100.000	21	0	0	1	21	708	688	2.0	39.2
Query_346773	AP023477.1	100.000	21	0	0	1	21	4362754	4362774	2.0	39.2
Query_346773	NM_003342.5	100.000	21	0	0	1	21	712	692	2.0	39.2
Query_346773	XR_004743113.1	100.000	21	0	0	1	21	804	784	2.0	39.2
Query_346773	XM_002747845.5	100.000	21	0	0	1	21	725	705	2.0	39.2
Query_346773	AK313059.1	100.000	21	0	0	1	21	558	538	2.0	39.2
Query_346773	BC026288.1	100.000	21	0	0	1	21	519	499	2.0	39.2
Query_346773	BT008255.1	100.000	21	0	0	1	21	353	333	2.0	39.2
Query_346773	BT007416.1	100.000	21	0	0	1	21	353	333	2.0	39.2
Query_346773	AC087742.9	100.000	21	0	0	1	21	30567	30547	2.0	39.2
Query_346773	BC002775.2	100.000	21	0	0	1	21	610	590	2.0	39.2
Query_346773	D78514.1	100.000	21	0	0	1	21	371	351	2.0	39.2
Query_346773	LR744049.1	100.000	20	0	0	1	20	63959701	63959720	7.1	37.4


