# blastn
# Iteration: 0
# Query: 
# RID: 8YMYRW2J016
# Database: nt
# Fields: query acc.ver, subject acc.ver, % identity, alignment length, mismatches, gap opens, q. start, q. end, s. start, s. end, evalue, bit score
# 72 hits found
Query_23599	XM_003811844.2	100.000	21	0	0	1	21	349	329	2.1	39.2
Query_23599	XM_033196559.1	100.000	21	0	0	1	21	474	454	2.1	39.2
Query_23599	XM_033233047.1	100.000	21	0	0	1	21	224	204	2.1	39.2
Query_23599	XM_032161224.1	100.000	21	0	0	1	21	484	464	2.1	39.2
Query_23599	XM_023214308.2	100.000	21	0	0	1	21	441	421	2.1	39.2
Query_23599	XR_004184786.1	100.000	21	0	0	1	21	172	152	2.1	39.2
Query_23599	XM_031654823.1	100.000	21	0	0	1	21	331	311	2.1	39.2
Query_23599	XM_031654814.1	100.000	21	0	0	1	21	424	404	2.1	39.2
Query_23599	XM_031011621.1	100.000	21	0	0	1	21	465	445	2.1	39.2
Query_23599	XM_010367119.2	100.000	21	0	0	1	21	577	557	2.1	39.2
Query_23599	XR_749097.2	100.000	21	0	0	1	21	152	132	2.1	39.2
Query_23599	XR_750211.2	100.000	21	0	0	1	21	166	146	2.1	39.2
Query_23599	XM_030824091.1	100.000	21	0	0	1	21	485	465	2.1	39.2
Query_23599	XM_029935768.1	100.000	21	0	0	1	21	315	295	2.1	39.2
Query_23599	XM_028826846.1	100.000	21	0	0	1	21	385	365	2.1	39.2
Query_23599	XM_015113807.2	100.000	21	0	0	1	21	351	331	2.1	39.2
Query_23599	XM_015113815.2	100.000	21	0	0	1	21	305	285	2.1	39.2
Query_23599	NM_016406.4	100.000	21	0	0	1	21	172	152	2.1	39.2
Query_23599	XM_023185092.2	100.000	21	0	0	1	21	182	162	2.1	39.2
Query_23599	XR_003120460.1	100.000	21	0	0	1	21	152	132	2.1	39.2
Query_23599	XM_025359394.1	100.000	21	0	0	1	21	291	271	2.1	39.2
Query_23599	XM_025359307.1	100.000	21	0	0	1	21	467	447	2.1	39.2
Query_23599	XM_011770131.2	100.000	21	0	0	1	21	243	223	2.1	39.2
Query_23599	XM_017001450.2	100.000	21	0	0	1	21	302	282	2.1	39.2
Query_23599	XM_002809897.3	100.000	21	0	0	1	21	462	442	2.1	39.2
Query_23599	XM_023214307.1	100.000	21	0	0	1	21	462	442	2.1	39.2
Query_23599	XM_012449634.2	100.000	21	0	0	1	21	453	433	2.1	39.2
Query_23599	XM_012449633.2	100.000	21	0	0	1	21	463	443	2.1	39.2
Query_23599	LT734974.1	100.000	21	0	0	1	21	639	619	2.1	39.2
Query_23599	XM_018231711.1	100.000	21	0	0	1	21	238	218	2.1	39.2
Query_23599	XR_001884047.1	100.000	21	0	0	1	21	180	160	2.1	39.2
Query_23599	XM_017860834.1	100.000	21	0	0	1	21	467	447	2.1	39.2
Query_23599	XR_001884737.1	100.000	21	0	0	1	21	162	142	2.1	39.2
Query_23599	XM_017001451.1	100.000	21	0	0	1	21	515	495	2.1	39.2
Query_23599	XM_016194436.1	100.000	21	0	0	1	21	265	245	2.1	39.2
Query_23599	XM_007537412.2	100.000	21	0	0	1	21	265	245	2.1	39.2
Query_23599	XM_015452762.1	100.000	21	0	0	1	21	455	435	2.1	39.2
Query_23599	XM_012728863.1	100.000	21	0	0	1	21	216	196	2.1	39.2
Query_23599	XM_004688397.2	100.000	21	0	0	1	21	254	234	2.1	39.2
Query_23599	XM_012449632.1	100.000	21	0	0	1	21	461	441	2.1	39.2
Query_23599	XM_011770130.1	100.000	21	0	0	1	21	313	293	2.1	39.2
Query_23599	XR_001018749.1	100.000	21	0	0	1	21	152	132	2.1	39.2
Query_23599	XM_012067544.1	100.000	21	0	0	1	21	462	442	2.1	39.2
Query_23599	XM_011957583.1	100.000	21	0	0	1	21	467	447	2.1	39.2
Query_23599	XR_001007306.1	100.000	21	0	0	1	21	152	132	2.1	39.2
Query_23599	XM_011976265.1	100.000	21	0	0	1	21	467	447	2.1	39.2
Query_23599	XM_513937.5	100.000	21	0	0	1	21	460	440	2.1	39.2
Query_23599	XM_008984761.1	100.000	21	0	0	1	21	433	413	2.1	39.2
Query_23599	KJ898907.1	100.000	21	0	0	1	21	217	197	2.1	39.2
Query_23599	XM_005245254.1	100.000	21	0	0	1	21	358	338	2.1	39.2
Query_23599	XM_040795438.1	100.000	21	0	0	1	21	1508	1528	2.1	39.2
Query_23599	XM_037984472.1	100.000	21	0	0	1	21	152	132	2.1	39.2
Query_23599	XM_007976437.2	100.000	21	0	0	1	21	359	339	2.1	39.2
Query_23599	XM_035279447.1	100.000	21	0	0	1	21	525	505	2.1	39.2
Query_23599	XM_035279446.1	100.000	21	0	0	1	21	482	462	2.1	39.2
Query_23599	XM_002760186.4	100.000	21	0	0	1	21	369	349	2.1	39.2
Query_23599	XM_035279445.1	100.000	21	0	0	1	21	517	497	2.1	39.2
Query_23599	XM_035279443.1	100.000	21	0	0	1	21	463	443	2.1	39.2
Query_23599	AK311562.1	100.000	21	0	0	1	21	122	102	2.1	39.2
Query_23599	AK292776.1	100.000	21	0	0	1	21	358	338	2.1	39.2
Query_23599	DQ896457.2	100.000	21	0	0	1	21	174	154	2.1	39.2
Query_23599	DQ893161.2	100.000	21	0	0	1	21	174	154	2.1	39.2
Query_23599	BC005187.1	100.000	21	0	0	1	21	398	378	2.1	39.2
Query_23599	AL590714.27	100.000	21	0	0	1	21	12158	12138	2.1	39.2
Query_23599	AB154405.1	100.000	21	0	0	1	21	152	132	2.1	39.2
Query_23599	AF161504.1	100.000	21	0	0	1	21	392	372	2.1	39.2
Query_23599	AF151884.1	100.000	21	0	0	1	21	373	353	2.1	39.2
Query_23599	XR_012770.4	100.000	20	0	0	1	20	153	134	7.4	37.4
Query_23599	XR_001492658.1	100.000	20	0	0	1	20	152	133	7.4	37.4
Query_23599	XR_978895.1	100.000	20	0	0	1	20	152	133	7.4	37.4
Query_23599	LR990592.1	100.000	20	0	0	1	20	2299559	2299578	7.4	37.4
Query_23599	XM_038383510.1	100.000	20	0	0	1	20	190	171	7.4	37.4


