# blastn
# Iteration: 0
# Query: 
# RID: 7PS3V2ZD01R
# Database: nt
# Fields: query acc.ver, subject acc.ver, % identity, alignment length, mismatches, gap opens, q. start, q. end, s. start, s. end, evalue, bit score
# 100 hits found
Query_25601	LR812106.1	100.000	21	0	0	1	21	67945552	67945532	2.1	39.2
Query_25601	XM_035021105.1	100.000	21	0	0	1	21	587	567	2.1	39.2
Query_25601	XM_035021104.1	100.000	21	0	0	1	21	459	439	2.1	39.2
Query_25601	XM_040471984.1	100.000	21	0	0	1	21	686	666	2.1	39.2
Query_25601	XM_040471983.1	100.000	21	0	0	1	21	729	709	2.1	39.2
Query_25601	XM_040471982.1	100.000	21	0	0	1	21	777	757	2.1	39.2
Query_25601	XM_040471981.1	100.000	21	0	0	1	21	378	358	2.1	39.2
Query_25601	XM_040471980.1	100.000	21	0	0	1	21	820	800	2.1	39.2
Query_25601	XM_040259625.1	100.000	21	0	0	1	21	213	193	2.1	39.2
Query_25601	XM_040259624.1	100.000	21	0	0	1	21	371	351	2.1	39.2
Query_25601	XM_040259623.1	100.000	21	0	0	1	21	394	374	2.1	39.2
Query_25601	XM_040259622.1	100.000	21	0	0	1	21	770	750	2.1	39.2
Query_25601	HG994400.1	100.000	21	0	0	1	21	53995376	53995396	2.1	39.2
Query_25601	XM_039860867.1	100.000	21	0	0	1	21	448	428	2.1	39.2
Query_25601	XM_039860866.1	100.000	21	0	0	1	21	681	661	2.1	39.2
Query_25601	XM_039860865.1	100.000	21	0	0	1	21	772	752	2.1	39.2
Query_25601	XM_039242784.1	100.000	21	0	0	1	21	669	649	2.1	39.2
Query_25601	XM_039242778.1	100.000	21	0	0	1	21	761	741	2.1	39.2
Query_25601	XM_038686155.1	100.000	21	0	0	1	21	767	747	2.1	39.2
Query_25601	XM_038686153.1	100.000	21	0	0	1	21	672	652	2.1	39.2
Query_25601	XM_038686152.1	100.000	21	0	0	1	21	410	390	2.1	39.2
Query_25601	XM_038686151.1	100.000	21	0	0	1	21	758	738	2.1	39.2
Query_25601	XM_038433990.1	100.000	21	0	0	1	21	767	747	2.1	39.2
Query_25601	XM_005628390.4	100.000	21	0	0	1	21	672	652	2.1	39.2
Query_25601	XM_022427231.2	100.000	21	0	0	1	21	410	390	2.1	39.2
Query_25601	XM_852326.6	100.000	21	0	0	1	21	758	738	2.1	39.2
Query_25601	XM_007982899.2	100.000	21	0	0	1	21	752	732	2.1	39.2
Query_25601	XM_037836169.1	100.000	21	0	0	1	21	1230	1210	2.1	39.2
Query_25601	XM_037836168.1	100.000	21	0	0	1	21	676	656	2.1	39.2
Query_25601	XM_037836167.1	100.000	21	0	0	1	21	769	749	2.1	39.2
Query_25601	XM_037836166.1	100.000	21	0	0	1	21	866	846	2.1	39.2
Query_25601	XM_037739999.1	100.000	21	0	0	1	21	217	197	2.1	39.2
Query_25601	XM_017532568.2	100.000	21	0	0	1	21	332	312	2.1	39.2
Query_25601	XM_017532567.2	100.000	21	0	0	1	21	654	634	2.1	39.2
Query_25601	XM_017532566.2	100.000	21	0	0	1	21	745	725	2.1	39.2
Query_25601	XM_037513136.1	100.000	21	0	0	1	21	263	243	2.1	39.2
Query_25601	XM_037513130.1	100.000	21	0	0	1	21	216	196	2.1	39.2
Query_25601	XM_037513121.1	100.000	21	0	0	1	21	358	338	2.1	39.2
Query_25601	XM_037513116.1	100.000	21	0	0	1	21	522	502	2.1	39.2
Query_25601	XM_037513112.1	100.000	21	0	0	1	21	1066	1046	2.1	39.2
Query_25601	XM_037513104.1	100.000	21	0	0	1	21	332	312	2.1	39.2
Query_25601	XM_037513099.1	100.000	21	0	0	1	21	323	303	2.1	39.2
Query_25601	XM_037513092.1	100.000	21	0	0	1	21	416	396	2.1	39.2
Query_25601	XM_028866184.2	100.000	21	0	0	1	21	255	235	2.1	39.2
Query_25601	XM_028866182.2	100.000	21	0	0	1	21	348	328	2.1	39.2
Query_25601	XM_037165819.1	100.000	21	0	0	1	21	312	292	2.1	39.2
Query_25601	XM_037165818.1	100.000	21	0	0	1	21	771	751	2.1	39.2
Query_25601	XM_037019485.1	100.000	21	0	0	1	21	309	289	2.1	39.2
Query_25601	XM_036909040.1	100.000	21	0	0	1	21	779	759	2.1	39.2
Query_25601	XM_036862830.1	100.000	21	0	0	1	21	647	627	2.1	39.2
Query_25601	XM_036862829.1	100.000	21	0	0	1	21	336	316	2.1	39.2
Query_25601	XM_036426873.1	100.000	21	0	0	1	21	384	364	2.1	39.2
Query_25601	XM_036426864.1	100.000	21	0	0	1	21	698	678	2.1	39.2
Query_25601	XM_036426854.1	100.000	21	0	0	1	21	787	767	2.1	39.2
Query_25601	XM_036328704.1	100.000	21	0	0	1	21	599	579	2.1	39.2
Query_25601	XM_036328703.1	100.000	21	0	0	1	21	333	313	2.1	39.2
Query_25601	XM_036328702.1	100.000	21	0	0	1	21	583	563	2.1	39.2
Query_25601	XM_036328701.1	100.000	21	0	0	1	21	282	262	2.1	39.2
Query_25601	XM_036328700.1	100.000	21	0	0	1	21	300	280	2.1	39.2
Query_25601	XM_036328699.1	100.000	21	0	0	1	21	669	649	2.1	39.2
Query_25601	XM_036328698.1	100.000	21	0	0	1	21	375	355	2.1	39.2
Query_25601	XM_036246610.1	100.000	21	0	0	1	21	410	390	2.1	39.2
Query_25601	XM_036246609.1	100.000	21	0	0	1	21	545	525	2.1	39.2
Query_25601	XM_036246608.1	100.000	21	0	0	1	21	390	370	2.1	39.2
Query_25601	XM_036246607.1	100.000	21	0	0	1	21	409	389	2.1	39.2
Query_25601	XM_036246606.1	100.000	21	0	0	1	21	327	307	2.1	39.2
Query_25601	XM_036246605.1	100.000	21	0	0	1	21	288	268	2.1	39.2
Query_25601	XM_036246603.1	100.000	21	0	0	1	21	303	283	2.1	39.2
Query_25601	XM_036246602.1	100.000	21	0	0	1	21	309	289	2.1	39.2
Query_25601	XM_036246601.1	100.000	21	0	0	1	21	327	307	2.1	39.2
Query_25601	XM_036246600.1	100.000	21	0	0	1	21	381	361	2.1	39.2
Query_25601	XM_016148712.2	100.000	21	0	0	1	21	674	654	2.1	39.2
Query_25601	XM_016148711.2	100.000	21	0	0	1	21	766	746	2.1	39.2
Query_25601	XM_036181345.1	100.000	21	0	0	1	21	697	677	2.1	39.2
Query_25601	XM_036181344.1	100.000	21	0	0	1	21	790	770	2.1	39.2
Query_25601	XM_036101282.1	100.000	21	0	0	1	21	573	553	2.1	39.2
Query_25601	XM_036101281.1	100.000	21	0	0	1	21	535	515	2.1	39.2
Query_25601	XM_036101280.1	100.000	21	0	0	1	21	688	668	2.1	39.2
Query_25601	XM_036101279.1	100.000	21	0	0	1	21	781	761	2.1	39.2
Query_25601	XM_036101278.1	100.000	21	0	0	1	21	726	706	2.1	39.2
Query_25601	XM_036101277.1	100.000	21	0	0	1	21	778	758	2.1	39.2
Query_25601	XM_028525334.2	100.000	21	0	0	1	21	684	664	2.1	39.2
Query_25601	XM_028525332.2	100.000	21	0	0	1	21	776	756	2.1	39.2
Query_25601	LR877221.1	100.000	21	0	0	1	21	12245041	12245021	2.1	39.2
Query_25601	XM_025471634.2	100.000	21	0	0	1	21	500	480	2.1	39.2
Query_25601	XM_025471633.2	100.000	21	0	0	1	21	543	523	2.1	39.2
Query_25601	XM_025471631.2	100.000	21	0	0	1	21	672	652	2.1	39.2
Query_25601	XM_025471630.2	100.000	21	0	0	1	21	445	425	2.1	39.2
Query_25601	XM_025471629.2	100.000	21	0	0	1	21	758	738	2.1	39.2
Query_25601	XM_027573206.2	100.000	21	0	0	1	21	672	652	2.1	39.2
Query_25601	XM_027573204.2	100.000	21	0	0	1	21	213	193	2.1	39.2
Query_25601	XM_027573203.2	100.000	21	0	0	1	21	765	745	2.1	39.2
Query_25601	LR862366.1	100.000	21	0	0	1	21	17489788	17489808	2.1	39.2
Query_25601	XM_027391395.2	100.000	21	0	0	1	21	749	729	2.1	39.2
Query_25601	XM_027391394.2	100.000	21	0	0	1	21	542	522	2.1	39.2
Query_25601	XM_035441534.1	100.000	21	0	0	1	21	271	251	2.1	39.2
Query_25601	XM_035254744.1	100.000	21	0	0	1	21	336	316	2.1	39.2
Query_25601	XM_035254743.1	100.000	21	0	0	1	21	669	649	2.1	39.2
Query_25601	XM_035254741.1	100.000	21	0	0	1	21	758	738	2.1	39.2
Query_25601	XM_002756944.5	100.000	21	0	0	1	21	708	688	2.1	39.2


