# blastn
# Iteration: 0
# Query: 
# RID: 73UXTWHE01R
# Database: nt
# Fields: query acc.ver, subject acc.ver, % identity, alignment length, mismatches, gap opens, q. start, q. end, s. start, s. end, evalue, bit score
# 100 hits found
Query_202129	XM_034992554.1	100.000	21	0	0	1	21	474	454	2.0	39.2
Query_202129	XM_034992553.1	100.000	21	0	0	1	21	474	454	2.0	39.2
Query_202129	XM_034992551.1	100.000	21	0	0	1	21	474	454	2.0	39.2
Query_202129	XM_035006415.1	100.000	21	0	0	1	21	400	380	2.0	39.2
Query_202129	XM_035006414.1	100.000	21	0	0	1	21	827	807	2.0	39.2
Query_202129	XM_035006413.1	100.000	21	0	0	1	21	912	892	2.0	39.2
Query_202129	XM_033915055.1	100.000	21	0	0	1	21	1255	1235	2.0	39.2
Query_202129	XM_032419882.1	100.000	21	0	0	1	21	423	403	2.0	39.2
Query_202129	XR_004299472.1	100.000	21	0	0	1	21	417	397	2.0	39.2
Query_202129	XM_031353019.1	100.000	21	0	0	1	21	248	228	2.0	39.2
Query_202129	XM_031353018.1	100.000	21	0	0	1	21	320	300	2.0	39.2
Query_202129	XR_004077697.1	100.000	21	0	0	1	21	55	35	2.0	39.2
Query_202129	XM_006735285.2	100.000	21	0	0	1	21	353	333	2.0	39.2
Query_202129	XM_006735284.2	100.000	21	0	0	1	21	465	445	2.0	39.2
Query_202129	XR_004076099.1	100.000	21	0	0	1	21	445	425	2.0	39.2
Query_202129	NR_104037.2	100.000	21	0	0	1	21	238	218	2.0	39.2
Query_202129	NM_181800.3	100.000	21	0	0	1	21	348	328	2.0	39.2
Query_202129	NM_181801.4	100.000	21	0	0	1	21	578	558	2.0	39.2
Query_202129	NM_007019.4	100.000	21	0	0	1	21	435	415	2.0	39.2
Query_202129	XM_028091121.1	100.000	21	0	0	1	21	206	186	2.0	39.2
Query_202129	XM_028091120.1	100.000	21	0	0	1	21	302	282	2.0	39.2
Query_202129	XM_028091119.1	100.000	21	0	0	1	21	311	291	2.0	39.2
Query_202129	XM_028091118.1	100.000	21	0	0	1	21	383	363	2.0	39.2
Query_202129	XM_028125651.1	100.000	21	0	0	1	21	421	401	2.0	39.2
Query_202129	XM_028122002.1	100.000	21	0	0	1	21	555	535	2.0	39.2
Query_202129	XM_028122001.1	100.000	21	0	0	1	21	1215	1195	2.0	39.2
Query_202129	XM_028122000.1	100.000	21	0	0	1	21	642	622	2.0	39.2
Query_202129	XM_028119498.1	100.000	21	0	0	1	21	421	401	2.0	39.2
Query_202129	XM_028102833.1	100.000	21	0	0	1	21	302	282	2.0	39.2
Query_202129	XM_028102832.1	100.000	21	0	0	1	21	311	291	2.0	39.2
Query_202129	XM_028102831.1	100.000	21	0	0	1	21	383	363	2.0	39.2
Query_202129	XM_028097834.1	100.000	21	0	0	1	21	206	186	2.0	39.2
Query_202129	XM_028097833.1	100.000	21	0	0	1	21	302	282	2.0	39.2
Query_202129	XM_028097832.1	100.000	21	0	0	1	21	311	291	2.0	39.2
Query_202129	XM_028097831.1	100.000	21	0	0	1	21	383	363	2.0	39.2
Query_202129	XM_028096653.1	100.000	21	0	0	1	21	206	186	2.0	39.2
Query_202129	CP034499.1	100.000	21	0	0	1	21	44384346	44384326	2.0	39.2
Query_202129	CP034496.1	100.000	21	0	0	1	21	20470603	20470623	2.0	39.2
Query_202129	XM_027603523.1	100.000	21	0	0	1	21	302	282	2.0	39.2
Query_202129	XM_027603522.1	100.000	21	0	0	1	21	311	291	2.0	39.2
Query_202129	XM_027603521.1	100.000	21	0	0	1	21	383	363	2.0	39.2
Query_202129	XM_027603333.1	100.000	21	0	0	1	21	318	298	2.0	39.2
Query_202129	XM_027603332.1	100.000	21	0	0	1	21	414	394	2.0	39.2
Query_202129	XM_027603331.1	100.000	21	0	0	1	21	423	403	2.0	39.2
Query_202129	XM_027603330.1	100.000	21	0	0	1	21	495	475	2.0	39.2
Query_202129	XM_025891126.1	100.000	21	0	0	1	21	206	186	2.0	39.2
Query_202129	XM_025891125.1	100.000	21	0	0	1	21	302	282	2.0	39.2
Query_202129	XM_025891124.1	100.000	21	0	0	1	21	311	291	2.0	39.2
Query_202129	XM_025891123.1	100.000	21	0	0	1	21	383	363	2.0	39.2
Query_202129	XM_025890487.1	100.000	21	0	0	1	21	206	186	2.0	39.2
Query_202129	XM_025890486.1	100.000	21	0	0	1	21	302	282	2.0	39.2
Query_202129	XM_025890485.1	100.000	21	0	0	1	21	311	291	2.0	39.2
Query_202129	XM_025890484.1	100.000	21	0	0	1	21	383	363	2.0	39.2
Query_202129	XM_025876642.1	100.000	21	0	0	1	21	349	329	2.0	39.2
Query_202129	XM_025876641.1	100.000	21	0	0	1	21	358	338	2.0	39.2
Query_202129	XM_025876640.1	100.000	21	0	0	1	21	430	410	2.0	39.2
Query_202129	XM_025876123.1	100.000	21	0	0	1	21	349	329	2.0	39.2
Query_202129	XM_025876122.1	100.000	21	0	0	1	21	358	338	2.0	39.2
Query_202129	XM_025876121.1	100.000	21	0	0	1	21	430	410	2.0	39.2
Query_202129	XM_025875645.1	100.000	21	0	0	1	21	319	299	2.0	39.2
Query_202129	XM_025875644.1	100.000	21	0	0	1	21	405	385	2.0	39.2
Query_202129	XM_025875457.1	100.000	21	0	0	1	21	555	535	2.0	39.2
Query_202129	XM_025875456.1	100.000	21	0	0	1	21	983	963	2.0	39.2
Query_202129	XM_025875455.1	100.000	21	0	0	1	21	642	622	2.0	39.2
Query_202129	XM_025866608.1	100.000	21	0	0	1	21	302	282	2.0	39.2
Query_202129	XM_025866607.1	100.000	21	0	0	1	21	311	291	2.0	39.2
Query_202129	XM_025866606.1	100.000	21	0	0	1	21	383	363	2.0	39.2
Query_202129	XM_039249365.1	100.000	21	0	0	1	21	449	429	2.0	39.2
Query_202129	CP068260.1	100.000	21	0	0	1	21	23093773	23093793	2.0	39.2
Query_202129	CP068258.1	100.000	21	0	0	1	21	47552186	47552166	2.0	39.2
Query_202129	XM_037006216.1	100.000	21	0	0	1	21	745	725	2.0	39.2
Query_202129	AP023480.1	100.000	21	0	0	1	21	43851153	43851133	2.0	39.2
Query_202129	AP023478.1	100.000	21	0	0	1	21	20320788	20320808	2.0	39.2
Query_202129	XM_036081053.1	100.000	21	0	0	1	21	453	433	2.0	39.2
Query_202129	XM_036077501.1	100.000	21	0	0	1	21	383	363	2.0	39.2
Query_202129	XR_004921973.1	100.000	21	0	0	1	21	504	484	2.0	39.2
Query_202129	XM_036107262.1	100.000	21	0	0	1	21	504	484	2.0	39.2
Query_202129	XM_036107261.1	100.000	21	0	0	1	21	502	482	2.0	39.2
Query_202129	XM_036107260.1	100.000	21	0	0	1	21	502	482	2.0	39.2
Query_202129	XM_036107259.1	100.000	21	0	0	1	21	283	263	2.0	39.2
Query_202129	XM_036103858.1	100.000	21	0	0	1	21	628	608	2.0	39.2
Query_202129	XM_036103857.1	100.000	21	0	0	1	21	713	693	2.0	39.2
Query_202129	XM_035729225.1	100.000	21	0	0	1	21	206	186	2.0	39.2
Query_202129	XM_035729224.1	100.000	21	0	0	1	21	302	282	2.0	39.2
Query_202129	XM_035729223.1	100.000	21	0	0	1	21	311	291	2.0	39.2
Query_202129	XM_035729222.1	100.000	21	0	0	1	21	383	363	2.0	39.2
Query_202129	XM_035728935.1	100.000	21	0	0	1	21	483	463	2.0	39.2
Query_202129	XM_035728934.1	100.000	21	0	0	1	21	516	496	2.0	39.2
Query_202129	XM_035728933.1	100.000	21	0	0	1	21	570	550	2.0	39.2
Query_202129	XM_035728227.1	100.000	21	0	0	1	21	206	186	2.0	39.2
Query_202129	XM_035728175.1	100.000	21	0	0	1	21	427	407	2.0	39.2
Query_202129	XM_027606950.2	100.000	21	0	0	1	21	302	282	2.0	39.2
Query_202129	XM_027606949.2	100.000	21	0	0	1	21	311	291	2.0	39.2
Query_202129	XM_027606948.2	100.000	21	0	0	1	21	383	363	2.0	39.2
Query_202129	XM_035724009.1	100.000	21	0	0	1	21	206	186	2.0	39.2
Query_202129	XM_035724008.1	100.000	21	0	0	1	21	302	282	2.0	39.2
Query_202129	XM_035724007.1	100.000	21	0	0	1	21	311	291	2.0	39.2
Query_202129	XM_035724006.1	100.000	21	0	0	1	21	383	363	2.0	39.2
Query_202129	XM_035723407.1	100.000	21	0	0	1	21	419	399	2.0	39.2
Query_202129	XM_035723019.1	100.000	21	0	0	1	21	421	401	2.0	39.2


