# blastn
# Iteration: 0
# Query: 
# RID: 7PGFDVEW016
# Database: nt
# Fields: query acc.ver, subject acc.ver, % identity, alignment length, mismatches, gap opens, q. start, q. end, s. start, s. end, evalue, bit score
# 100 hits found
Query_53403	XM_034995424.1	100.000	21	0	0	1	21	2684	2664	2.1	39.2
Query_53403	XM_034932122.1	100.000	21	0	0	1	21	2889	2869	2.1	39.2
Query_53403	XR_004664993.1	100.000	21	0	0	1	21	2865	2845	2.1	39.2
Query_53403	XM_034932121.1	100.000	21	0	0	1	21	2931	2911	2.1	39.2
Query_53403	XM_034932120.1	100.000	21	0	0	1	21	2541	2521	2.1	39.2
Query_53403	XM_034932119.1	100.000	21	0	0	1	21	2817	2797	2.1	39.2
Query_53403	XM_034932117.1	100.000	21	0	0	1	21	2627	2607	2.1	39.2
Query_53403	XM_034932116.1	100.000	21	0	0	1	21	2889	2869	2.1	39.2
Query_53403	XM_034932115.1	100.000	21	0	0	1	21	2889	2869	2.1	39.2
Query_53403	XM_034666539.1	100.000	21	0	0	1	21	2869	2849	2.1	39.2
Query_53403	XM_034666538.1	100.000	21	0	0	1	21	2869	2849	2.1	39.2
Query_53403	XM_011220930.3	100.000	21	0	0	1	21	2864	2844	2.1	39.2
Query_53403	XM_027942433.2	100.000	21	0	0	1	21	2898	2878	2.1	39.2
Query_53403	XM_034495208.1	100.000	21	0	0	1	21	2827	2807	2.1	39.2
Query_53403	XM_034495199.1	100.000	21	0	0	1	21	2862	2842	2.1	39.2
Query_53403	XM_033862512.1	100.000	21	0	0	1	21	2890	2870	2.1	39.2
Query_53403	XM_033404430.1	100.000	21	0	0	1	21	2831	2811	2.1	39.2
Query_53403	XM_033325050.1	100.000	21	0	0	1	21	2972	2952	2.1	39.2
Query_53403	XM_033120108.1	100.000	21	0	0	1	21	2811	2791	2.1	39.2
Query_53403	XM_033120107.1	100.000	21	0	0	1	21	2883	2863	2.1	39.2
Query_53403	XM_032853438.1	100.000	21	0	0	1	21	2639	2619	2.1	39.2
Query_53403	XR_004382158.1	100.000	21	0	0	1	21	2641	2621	2.1	39.2
Query_53403	XM_032853437.1	100.000	21	0	0	1	21	2640	2620	2.1	39.2
Query_53403	XM_032853436.1	100.000	21	0	0	1	21	2640	2620	2.1	39.2
Query_53403	XM_032853435.1	100.000	21	0	0	1	21	2566	2546	2.1	39.2
Query_53403	XM_032853434.1	100.000	21	0	0	1	21	2638	2618	2.1	39.2
Query_53403	XM_032166649.2	100.000	21	0	0	1	21	2558	2538	2.1	39.2
Query_53403	XM_032641657.1	100.000	21	0	0	1	21	2545	2525	2.1	39.2
Query_53403	XM_032641656.1	100.000	21	0	0	1	21	2920	2900	2.1	39.2
Query_53403	XM_032489050.1	100.000	21	0	0	1	21	2947	2927	2.1	39.2
Query_53403	XM_032489049.1	100.000	21	0	0	1	21	2996	2976	2.1	39.2
Query_53403	XM_032489048.1	100.000	21	0	0	1	21	2946	2926	2.1	39.2
Query_53403	XM_032489047.1	100.000	21	0	0	1	21	2995	2975	2.1	39.2
Query_53403	XM_032427394.1	100.000	21	0	0	1	21	2573	2553	2.1	39.2
Query_53403	XM_032427393.1	100.000	21	0	0	1	21	2645	2625	2.1	39.2
Query_53403	XM_032357951.1	100.000	21	0	0	1	21	2711	2691	2.1	39.2
Query_53403	XM_032357950.1	100.000	21	0	0	1	21	2711	2691	2.1	39.2
Query_53403	XM_032357949.1	100.000	21	0	0	1	21	2711	2691	2.1	39.2
Query_53403	XM_032357948.1	100.000	21	0	0	1	21	2638	2618	2.1	39.2
Query_53403	XM_032357947.1	100.000	21	0	0	1	21	2710	2690	2.1	39.2
Query_53403	XM_032240510.1	100.000	21	0	0	1	21	2766	2746	2.1	39.2
Query_53403	XM_032166651.1	100.000	21	0	0	1	21	2525	2505	2.1	39.2
Query_53403	XR_004250229.1	100.000	21	0	0	1	21	2499	2479	2.1	39.2
Query_53403	XM_023189815.3	100.000	21	0	0	1	21	2958	2938	2.1	39.2
Query_53403	XM_023189814.3	100.000	21	0	0	1	21	2957	2937	2.1	39.2
Query_53403	XM_031681219.1	100.000	21	0	0	1	21	2572	2552	2.1	39.2
Query_53403	XM_031653328.1	100.000	21	0	0	1	21	2945	2925	2.1	39.2
Query_53403	XR_004177484.1	100.000	21	0	0	1	21	2945	2925	2.1	39.2
Query_53403	XR_004177483.1	100.000	21	0	0	1	21	2945	2925	2.1	39.2
Query_53403	XM_040456926.1	100.000	21	0	0	1	21	2617	2597	2.1	39.2
Query_53403	XM_040456925.1	100.000	21	0	0	1	21	2652	2632	2.1	39.2
Query_53403	XM_040456924.1	100.000	21	0	0	1	21	2767	2747	2.1	39.2
Query_53403	XM_040456923.1	100.000	21	0	0	1	21	2754	2734	2.1	39.2
Query_53403	XM_040456922.1	100.000	21	0	0	1	21	2805	2785	2.1	39.2
Query_53403	XM_040284773.1	100.000	21	0	0	1	21	1775	1755	2.1	39.2
Query_53403	XM_040284772.1	100.000	21	0	0	1	21	2536	2516	2.1	39.2
Query_53403	XM_040258410.1	100.000	21	0	0	1	21	2893	2873	2.1	39.2
Query_53403	XM_039863542.1	100.000	21	0	0	1	21	2656	2636	2.1	39.2
Query_53403	XM_039470497.1	100.000	21	0	0	1	21	2961	2941	2.1	39.2
Query_53403	XM_039470496.1	100.000	21	0	0	1	21	2853	2833	2.1	39.2
Query_53403	XM_039470495.1	100.000	21	0	0	1	21	2961	2941	2.1	39.2
Query_53403	XM_039244588.1	100.000	21	0	0	1	21	2648	2628	2.1	39.2
Query_53403	XM_038764361.1	100.000	21	0	0	1	21	2720	2700	2.1	39.2
Query_53403	XM_038341029.1	100.000	21	0	0	1	21	2647	2627	2.1	39.2
Query_53403	XM_038341024.1	100.000	21	0	0	1	21	2647	2627	2.1	39.2
Query_53403	XM_037999737.1	100.000	21	0	0	1	21	2924	2904	2.1	39.2
Query_53403	XM_037999736.1	100.000	21	0	0	1	21	2852	2832	2.1	39.2
Query_53403	XM_008007293.2	100.000	21	0	0	1	21	2924	2904	2.1	39.2
Query_53403	XM_017500309.2	100.000	21	0	0	1	21	2631	2611	2.1	39.2
Query_53403	XM_037522637.1	100.000	21	0	0	1	21	2888	2868	2.1	39.2
Query_53403	XM_028894622.2	100.000	21	0	0	1	21	2855	2835	2.1	39.2
Query_53403	XM_028894620.2	100.000	21	0	0	1	21	2854	2834	2.1	39.2
Query_53403	XM_037026327.1	100.000	21	0	0	1	21	2577	2557	2.1	39.2
Query_53403	XM_037026326.1	100.000	21	0	0	1	21	2649	2629	2.1	39.2
Query_53403	XM_036930928.1	100.000	21	0	0	1	21	2618	2598	2.1	39.2
Query_53403	XM_036930927.1	100.000	21	0	0	1	21	2690	2670	2.1	39.2
Query_53403	XM_036860165.1	100.000	21	0	0	1	21	2594	2574	2.1	39.2
Query_53403	XM_036860164.1	100.000	21	0	0	1	21	2666	2646	2.1	39.2
Query_53403	XM_036428615.1	100.000	21	0	0	1	21	2908	2888	2.1	39.2
Query_53403	XM_036428614.1	100.000	21	0	0	1	21	2897	2877	2.1	39.2
Query_53403	XR_004986364.1	100.000	21	0	0	1	21	2894	2874	2.1	39.2
Query_53403	XM_036428612.1	100.000	21	0	0	1	21	2906	2886	2.1	39.2
Query_53403	XM_036428611.1	100.000	21	0	0	1	21	2567	2547	2.1	39.2
Query_53403	XM_036428610.1	100.000	21	0	0	1	21	2894	2874	2.1	39.2
Query_53403	XM_036428609.1	100.000	21	0	0	1	21	2889	2869	2.1	39.2
Query_53403	XM_036428608.1	100.000	21	0	0	1	21	2888	2868	2.1	39.2
Query_53403	XM_036428607.1	100.000	21	0	0	1	21	2836	2816	2.1	39.2
Query_53403	XM_036428606.1	100.000	21	0	0	1	21	2899	2879	2.1	39.2
Query_53403	XM_036428605.1	100.000	21	0	0	1	21	2908	2888	2.1	39.2
Query_53403	XM_036258063.1	100.000	21	0	0	1	21	2892	2872	2.1	39.2
Query_53403	XM_036258062.1	100.000	21	0	0	1	21	2596	2576	2.1	39.2
Query_53403	XM_036258061.1	100.000	21	0	0	1	21	2892	2872	2.1	39.2
Query_53403	XM_036068907.1	100.000	21	0	0	1	21	2595	2575	2.1	39.2
Query_53403	XM_036068899.1	100.000	21	0	0	1	21	2668	2648	2.1	39.2
Query_53403	XM_027578364.2	100.000	21	0	0	1	21	2755	2735	2.1	39.2
Query_53403	XM_027578363.2	100.000	21	0	0	1	21	2755	2735	2.1	39.2
Query_53403	XM_027578362.2	100.000	21	0	0	1	21	2755	2735	2.1	39.2
Query_53403	XM_035437289.1	100.000	21	0	0	1	21	2661	2641	2.1	39.2
Query_53403	XR_004767501.1	100.000	21	0	0	1	21	2661	2641	2.1	39.2
Query_53403	XM_003513382.4	100.000	21	0	0	1	21	2661	2641	2.1	39.2


