# blastn
# Iteration: 0
# Query: 
# RID: 7JCY6Y2Y016
# Database: nt
# Fields: query acc.ver, subject acc.ver, % identity, alignment length, mismatches, gap opens, q. start, q. end, s. start, s. end, evalue, bit score
# 100 hits found
Query_53711	XM_040473640.1	100.000	21	0	0	1	21	2442	2422	2.1	39.2
Query_53711	XM_040473639.1	100.000	21	0	0	1	21	2381	2361	2.1	39.2
Query_53711	XM_040473638.1	100.000	21	0	0	1	21	2484	2464	2.1	39.2
Query_53711	XM_013355738.3	100.000	21	0	0	1	21	2570	2550	2.1	39.2
Query_53711	XM_021721854.2	100.000	21	0	0	1	21	2618	2598	2.1	39.2
Query_53711	XR_005722721.1	100.000	21	0	0	1	21	3449	3429	2.1	39.2
Query_53711	XM_040249572.1	100.000	21	0	0	1	21	2438	2418	2.1	39.2
Query_53711	XM_040249571.1	100.000	21	0	0	1	21	2477	2457	2.1	39.2
Query_53711	XM_040249570.1	100.000	21	0	0	1	21	2441	2421	2.1	39.2
Query_53711	XM_029047376.2	100.000	21	0	0	1	21	2516	2496	2.1	39.2
Query_53711	XM_029047375.2	100.000	21	0	0	1	21	2531	2511	2.1	39.2
Query_53711	HG994392.1	100.000	21	0	0	1	21	13812442	13812422	2.1	39.2
Query_53711	XM_039854831.1	100.000	21	0	0	1	21	2398	2378	2.1	39.2
Query_53711	XM_039854830.1	100.000	21	0	0	1	21	2802	2782	2.1	39.2
Query_53711	XM_039854829.1	100.000	21	0	0	1	21	2696	2676	2.1	39.2
Query_53711	XM_039854828.1	100.000	21	0	0	1	21	2481	2461	2.1	39.2
Query_53711	XM_039854827.1	100.000	21	0	0	1	21	2540	2520	2.1	39.2
Query_53711	XM_039854826.1	100.000	21	0	0	1	21	2841	2821	2.1	39.2
Query_53711	XM_039466881.1	100.000	21	0	0	1	21	2607	2587	2.1	39.2
Query_53711	XM_010333936.2	100.000	21	0	0	1	21	2657	2637	2.1	39.2
Query_53711	XM_039466875.1	100.000	21	0	0	1	21	2483	2463	2.1	39.2
Query_53711	XM_039231230.1	100.000	21	0	0	1	21	2481	2461	2.1	39.2
Query_53711	XM_039084826.1	100.000	21	0	0	1	21	2527	2507	2.1	39.2
Query_53711	XM_006244582.4	100.000	21	0	0	1	21	2476	2456	2.1	39.2
Query_53711	XM_039084824.1	100.000	21	0	0	1	21	2508	2488	2.1	39.2
Query_53711	XM_003750650.5	100.000	21	0	0	1	21	2515	2495	2.1	39.2
Query_53711	XM_038683648.1	100.000	21	0	0	1	21	2433	2413	2.1	39.2
Query_53711	XM_038683647.1	100.000	21	0	0	1	21	2493	2473	2.1	39.2
Query_53711	XM_038683646.1	100.000	21	0	0	1	21	2475	2455	2.1	39.2
Query_53711	XM_005627398.4	100.000	21	0	0	1	21	2433	2413	2.1	39.2
Query_53711	XM_014118472.3	100.000	21	0	0	1	21	2493	2473	2.1	39.2
Query_53711	XM_846912.7	100.000	21	0	0	1	21	2475	2455	2.1	39.2
Query_53711	XM_038761004.1	100.000	21	0	0	1	21	2695	2675	2.1	39.2
Query_53711	XM_038761003.1	100.000	21	0	0	1	21	2367	2347	2.1	39.2
Query_53711	XM_038761002.1	100.000	21	0	0	1	21	2734	2714	2.1	39.2
Query_53711	XM_038341152.1	100.000	21	0	0	1	21	2334	2314	2.1	39.2
Query_53711	XM_038341151.1	100.000	21	0	0	1	21	2534	2514	2.1	39.2
Query_53711	XM_038341149.1	100.000	21	0	0	1	21	2585	2565	2.1	39.2
Query_53711	XM_007972423.2	100.000	21	0	0	1	21	2555	2535	2.1	39.2
Query_53711	XM_038006128.1	100.000	21	0	0	1	21	2580	2560	2.1	39.2
Query_53711	XM_038006127.1	100.000	21	0	0	1	21	2476	2456	2.1	39.2
Query_53711	XM_007972424.2	100.000	21	0	0	1	21	2619	2599	2.1	39.2
Query_53711	XM_007972422.2	100.000	21	0	0	1	21	2515	2495	2.1	39.2
Query_53711	XM_037843300.1	100.000	21	0	0	1	21	2380	2360	2.1	39.2
Query_53711	XM_037843299.1	100.000	21	0	0	1	21	2431	2411	2.1	39.2
Query_53711	XM_037843298.1	100.000	21	0	0	1	21	2483	2463	2.1	39.2
Query_53711	XM_037843297.1	100.000	21	0	0	1	21	2470	2450	2.1	39.2
Query_53711	XM_017547408.2	100.000	21	0	0	1	21	2462	2442	2.1	39.2
Query_53711	XM_037745344.1	100.000	21	0	0	1	21	2534	2514	2.1	39.2
Query_53711	XM_017547404.2	100.000	21	0	0	1	21	2503	2483	2.1	39.2
Query_53711	XM_017547403.2	100.000	21	0	0	1	21	2560	2540	2.1	39.2
Query_53711	XM_017547402.2	100.000	21	0	0	1	21	2478	2458	2.1	39.2
Query_53711	XM_037519798.1	100.000	21	0	0	1	21	2473	2453	2.1	39.2
Query_53711	XM_037519797.1	100.000	21	0	0	1	21	2406	2386	2.1	39.2
Query_53711	XM_028887108.2	100.000	21	0	0	1	21	2426	2406	2.1	39.2
Query_53711	XM_037142609.1	100.000	21	0	0	1	21	2439	2419	2.1	39.2
Query_53711	XM_037142608.1	100.000	21	0	0	1	21	2532	2512	2.1	39.2
Query_53711	XM_037142607.1	100.000	21	0	0	1	21	2478	2458	2.1	39.2
Query_53711	XM_037053815.1	100.000	21	0	0	1	21	2448	2428	2.1	39.2
Query_53711	XM_037053808.1	100.000	21	0	0	1	21	2553	2533	2.1	39.2
Query_53711	XM_037053800.1	100.000	21	0	0	1	21	2487	2467	2.1	39.2
Query_53711	XM_037013714.1	100.000	21	0	0	1	21	2319	2299	2.1	39.2
Query_53711	XM_037013669.1	100.000	21	0	0	1	21	2379	2359	2.1	39.2
Query_53711	XM_017676271.2	100.000	21	0	0	1	21	2612	2592	2.1	39.2
Query_53711	XM_017676270.2	100.000	21	0	0	1	21	2470	2450	2.1	39.2
Query_53711	XM_017676269.2	100.000	21	0	0	1	21	2506	2486	2.1	39.2
Query_53711	XM_036927364.1	100.000	21	0	0	1	21	2319	2299	2.1	39.2
Query_53711	XM_036927362.1	100.000	21	0	0	1	21	2377	2357	2.1	39.2
Query_53711	XM_036927361.1	100.000	21	0	0	1	21	2471	2451	2.1	39.2
Query_53711	XM_036927360.1	100.000	21	0	0	1	21	2601	2581	2.1	39.2
Query_53711	XM_036927359.1	100.000	21	0	0	1	21	2504	2484	2.1	39.2
Query_53711	XM_004590404.2	100.000	21	0	0	1	21	2461	2441	2.1	39.2
Query_53711	XM_036414074.1	100.000	21	0	0	1	21	2461	2441	2.1	39.2
Query_53711	XM_036414072.1	100.000	21	0	0	1	21	2562	2542	2.1	39.2
Query_53711	XM_036414071.1	100.000	21	0	0	1	21	2500	2480	2.1	39.2
Query_53711	XM_036316794.1	100.000	21	0	0	1	21	2168	2148	2.1	39.2
Query_53711	XM_036316793.1	100.000	21	0	0	1	21	2207	2187	2.1	39.2
Query_53711	XM_036316792.1	100.000	21	0	0	1	21	2287	2267	2.1	39.2
Query_53711	XM_036316791.1	100.000	21	0	0	1	21	2441	2421	2.1	39.2
Query_53711	XM_036316790.1	100.000	21	0	0	1	21	2648	2628	2.1	39.2
Query_53711	XM_036316789.1	100.000	21	0	0	1	21	2480	2460	2.1	39.2
Query_53711	XM_036248030.1	100.000	21	0	0	1	21	2475	2455	2.1	39.2
Query_53711	XM_036248029.1	100.000	21	0	0	1	21	2506	2486	2.1	39.2
Query_53711	XM_036218440.1	100.000	21	0	0	1	21	2363	2343	2.1	39.2
Query_53711	XM_036218439.1	100.000	21	0	0	1	21	2612	2592	2.1	39.2
Query_53711	XM_016128649.2	100.000	21	0	0	1	21	2464	2444	2.1	39.2
Query_53711	XM_016128651.2	100.000	21	0	0	1	21	2452	2432	2.1	39.2
Query_53711	XM_016128648.2	100.000	21	0	0	1	21	2491	2471	2.1	39.2
Query_53711	XM_036167119.1	100.000	21	0	0	1	21	2467	2447	2.1	39.2
Query_53711	XM_036167118.1	100.000	21	0	0	1	21	2506	2486	2.1	39.2
Query_53711	XR_001782067.3	100.000	21	0	0	1	21	2422	2402	2.1	39.2
Query_53711	XM_030249734.2	100.000	21	0	0	1	21	2543	2523	2.1	39.2
Query_53711	XM_006524139.3	100.000	21	0	0	1	21	2690	2670	2.1	39.2
Query_53711	XM_006524138.5	100.000	21	0	0	1	21	2512	2492	2.1	39.2
Query_53711	XM_006524136.3	100.000	21	0	0	1	21	2729	2709	2.1	39.2
Query_53711	XM_036082770.1	100.000	21	0	0	1	21	2450	2430	2.1	39.2
Query_53711	XM_036082769.1	100.000	21	0	0	1	21	2381	2361	2.1	39.2
Query_53711	XM_036082767.1	100.000	21	0	0	1	21	2492	2472	2.1	39.2
Query_53711	XM_028508568.2	100.000	21	0	0	1	21	2604	2584	2.1	39.2
Query_53711	XM_028508566.2	100.000	21	0	0	1	21	2467	2447	2.1	39.2


