# blastn
# Iteration: 0
# Query: 
# RID: 6ZVAXZEJ013
# Database: nt
# Fields: query acc.ver, subject acc.ver, % identity, alignment length, mismatches, gap opens, q. start, q. end, s. start, s. end, evalue, bit score
# 100 hits found
Query_14159	XM_008969525.2	100.000	21	0	0	1	21	775	755	2.1	39.2
Query_14159	XM_003816463.3	100.000	21	0	0	1	21	894	874	2.1	39.2
Query_14159	XM_034509418.1	100.000	21	0	0	1	21	310	290	2.1	39.2
Query_14159	XM_033213693.1	100.000	21	0	0	1	21	303	283	2.1	39.2
Query_14159	XM_033213692.1	100.000	21	0	0	1	21	409	389	2.1	39.2
Query_14159	XM_032915907.1	100.000	21	0	0	1	21	313	293	2.1	39.2
Query_14159	XM_032254143.1	100.000	21	0	0	1	21	268	248	2.1	39.2
Query_14159	XM_032254142.1	100.000	21	0	0	1	21	883	863	2.1	39.2
Query_14159	XM_032135907.1	100.000	21	0	0	1	21	774	754	2.1	39.2
Query_14159	XM_032135906.1	100.000	21	0	0	1	21	893	873	2.1	39.2
Query_14159	NM_001193938.2	100.000	21	0	0	1	21	249	229	2.1	39.2
Query_14159	XM_009206489.4	100.000	21	0	0	1	21	270	250	2.1	39.2
Query_14159	XM_017958555.2	100.000	21	0	0	1	21	306	286	2.1	39.2
Query_14159	XM_031341898.1	100.000	21	0	0	1	21	295	275	2.1	39.2
Query_14159	XM_019025423.2	100.000	21	0	0	1	21	781	761	2.1	39.2
Query_14159	XM_031009952.1	100.000	21	0	0	1	21	900	880	2.1	39.2
Query_14159	XM_010370043.2	100.000	21	0	0	1	21	219	199	2.1	39.2
Query_14159	XM_012499717.2	100.000	21	0	0	1	21	898	878	2.1	39.2
Query_14159	XM_012499712.2	100.000	21	0	0	1	21	779	759	2.1	39.2
Query_14159	XM_030801281.1	100.000	21	0	0	1	21	898	878	2.1	39.2
Query_14159	XM_029556492.1	100.000	21	0	0	1	21	271	251	2.1	39.2
Query_14159	XM_008853801.3	100.000	21	0	0	1	21	271	251	2.1	39.2
Query_14159	XM_021210658.2	100.000	21	0	0	1	21	285	265	2.1	39.2
Query_14159	XM_021163845.2	100.000	21	0	0	1	21	283	263	2.1	39.2
Query_14159	XM_015140055.2	100.000	21	0	0	1	21	181	161	2.1	39.2
Query_14159	XM_015137938.2	100.000	21	0	0	1	21	273	253	2.1	39.2
Query_14159	XM_015137937.2	100.000	21	0	0	1	21	333	313	2.1	39.2
Query_14159	XM_028758232.1	100.000	21	0	0	1	21	282	262	2.1	39.2
Query_14159	XM_005365945.3	100.000	21	0	0	1	21	281	261	2.1	39.2
Query_14159	CP032221.1	100.000	21	0	0	1	21	1331026	1331046	2.1	39.2
Query_14159	XM_025384785.1	100.000	21	0	0	1	21	405	385	2.1	39.2
Query_14159	XM_025384784.1	100.000	21	0	0	1	21	405	385	2.1	39.2
Query_14159	XM_025384782.1	100.000	21	0	0	1	21	232	212	2.1	39.2
Query_14159	XM_025384781.1	100.000	21	0	0	1	21	223	203	2.1	39.2
Query_14159	XM_016951263.2	100.000	21	0	0	1	21	775	755	2.1	39.2
Query_14159	XM_016951262.2	100.000	21	0	0	1	21	894	874	2.1	39.2
Query_14159	XM_002814555.4	100.000	21	0	0	1	21	893	873	2.1	39.2
Query_14159	XM_023206875.1	100.000	21	0	0	1	21	304	284	2.1	39.2
Query_14159	XM_023206874.1	100.000	21	0	0	1	21	303	283	2.1	39.2
Query_14159	XM_012434985.2	100.000	21	0	0	1	21	761	741	2.1	39.2
Query_14159	XM_012434983.2	100.000	21	0	0	1	21	267	247	2.1	39.2
Query_14159	XM_021630388.1	100.000	21	0	0	1	21	304	284	2.1	39.2
Query_14159	XM_005068842.3	100.000	21	0	0	1	21	302	282	2.1	39.2
Query_14159	LT735673.1	100.000	21	0	0	1	21	614	594	2.1	39.2
Query_14159	XM_017853391.1	100.000	21	0	0	1	21	261	241	2.1	39.2
Query_14159	XM_017853390.1	100.000	21	0	0	1	21	411	391	2.1	39.2
Query_14159	XM_006985601.2	100.000	21	0	0	1	21	301	281	2.1	39.2
Query_14159	XM_015450070.1	100.000	21	0	0	1	21	255	235	2.1	39.2
Query_14159	XM_011744985.1	100.000	21	0	0	1	21	255	235	2.1	39.2
Query_14159	XM_011744984.1	100.000	21	0	0	1	21	301	281	2.1	39.2
Query_14159	XM_012059090.1	100.000	21	0	0	1	21	260	240	2.1	39.2
Query_14159	XM_012059089.1	100.000	21	0	0	1	21	301	281	2.1	39.2
Query_14159	XM_011771967.1	100.000	21	0	0	1	21	183	163	2.1	39.2
Query_14159	XM_012002151.1	100.000	21	0	0	1	21	405	385	2.1	39.2
Query_14159	XM_012002150.1	100.000	21	0	0	1	21	405	385	2.1	39.2
Query_14159	XM_012002149.1	100.000	21	0	0	1	21	199	179	2.1	39.2
Query_14159	XM_012002148.1	100.000	21	0	0	1	21	232	212	2.1	39.2
Query_14159	XM_012002147.1	100.000	21	0	0	1	21	213	193	2.1	39.2
Query_14159	XM_012002146.1	100.000	21	0	0	1	21	405	385	2.1	39.2
Query_14159	XM_011935413.1	100.000	21	0	0	1	21	409	389	2.1	39.2
Query_14159	XM_011935412.1	100.000	21	0	0	1	21	409	389	2.1	39.2
Query_14159	XM_011935411.1	100.000	21	0	0	1	21	199	179	2.1	39.2
Query_14159	XM_011935410.1	100.000	21	0	0	1	21	232	212	2.1	39.2
Query_14159	XM_011935409.1	100.000	21	0	0	1	21	213	193	2.1	39.2
Query_14159	XM_011935408.1	100.000	21	0	0	1	21	409	389	2.1	39.2
Query_14159	XM_010370042.1	100.000	21	0	0	1	21	306	286	2.1	39.2
Query_14159	KJ895211.1	100.000	21	0	0	1	21	192	172	2.1	39.2
Query_14159	XM_039468391.1	100.000	21	0	0	1	21	249	229	2.1	39.2
Query_14159	XM_039468390.1	100.000	21	0	0	1	21	407	387	2.1	39.2
Query_14159	XM_038339243.1	100.000	21	0	0	1	21	313	293	2.1	39.2
Query_14159	XM_008017973.2	100.000	21	0	0	1	21	304	284	2.1	39.2
Query_14159	XM_008017972.2	100.000	21	0	0	1	21	301	281	2.1	39.2
Query_14159	XM_037742216.1	100.000	21	0	0	1	21	767	747	2.1	39.2
Query_14159	XM_017539121.2	100.000	21	0	0	1	21	269	249	2.1	39.2
Query_14159	XM_017539120.2	100.000	21	0	0	1	21	407	387	2.1	39.2
Query_14159	XM_028882342.2	100.000	21	0	0	1	21	309	289	2.1	39.2
Query_14159	JN960283.1	100.000	21	0	0	1	21	695	715	2.1	39.2
Query_14159	XM_036200873.1	100.000	21	0	0	1	21	305	285	2.1	39.2
Query_14159	LR877233.1	100.000	21	0	0	1	21	28303094	28303114	2.1	39.2
Query_14159	LR877197.1	100.000	21	0	0	1	21	31004269	31004289	2.1	39.2
Query_14159	NM_001272053.2	100.000	21	0	0	1	21	186	166	2.1	39.2
Query_14159	NM_033296.3	100.000	21	0	0	1	21	305	285	2.1	39.2
Query_14159	XM_027387082.2	100.000	21	0	0	1	21	286	266	2.1	39.2
Query_14159	XM_003496616.5	100.000	21	0	0	1	21	286	266	2.1	39.2
Query_14159	XM_035294127.1	100.000	21	0	0	1	21	281	261	2.1	39.2
Query_14159	XM_008993623.3	100.000	21	0	0	1	21	316	296	2.1	39.2
Query_14159	XM_008993622.3	100.000	21	0	0	1	21	407	387	2.1	39.2
Query_14159	JN956630.1	100.000	21	0	0	1	21	695	715	2.1	39.2
Query_14159	AK306711.1	100.000	21	0	0	1	21	305	285	2.1	39.2
Query_14159	FQ214550.1	100.000	21	0	0	1	21	269	249	2.1	39.2
Query_14159	FQ216757.1	100.000	21	0	0	1	21	269	249	2.1	39.2
Query_14159	FQ213111.1	100.000	21	0	0	1	21	270	250	2.1	39.2
Query_14159	FQ225334.1	100.000	21	0	0	1	21	270	250	2.1	39.2
Query_14159	FQ228750.1	100.000	21	0	0	1	21	269	249	2.1	39.2
Query_14159	AP010947.1	100.000	21	0	0	1	21	1295189	1295169	2.1	39.2
Query_14159	NG_006685.3	100.000	21	0	0	1	21	342	322	2.1	39.2
Query_14159	NM_026242.3	100.000	21	0	0	1	21	288	268	2.1	39.2
Query_14159	AK300242.1	100.000	21	0	0	1	21	305	285	2.1	39.2
Query_14159	AK303974.1	100.000	21	0	0	1	21	304	284	2.1	39.2
Query_14159	CU692720.1	100.000	21	0	0	1	21	143	123	2.1	39.2


