# blastn
# Iteration: 0
# Query: 
# RID: 6RTMP142016
# Database: nt
# Fields: query acc.ver, subject acc.ver, % identity, alignment length, mismatches, gap opens, q. start, q. end, s. start, s. end, evalue, bit score
# 50 hits found
Query_38163	XM_008951835.2	100.000	21	0	0	1	21	769	749	2.1	39.2
Query_38163	XM_003826427.2	100.000	21	0	0	1	21	416	396	2.1	39.2
Query_38163	XM_033203867.1	100.000	21	0	0	1	21	579	559	2.1	39.2
Query_38163	XR_004435622.1	100.000	21	0	0	1	21	503	483	2.1	39.2
Query_38163	XM_033203866.1	100.000	21	0	0	1	21	503	483	2.1	39.2
Query_38163	CP049037.1	100.000	21	0	0	1	21	973870	973850	2.1	39.2
Query_38163	XM_032152921.1	100.000	21	0	0	1	21	779	759	2.1	39.2
Query_38163	XM_032152920.1	100.000	21	0	0	1	21	545	525	2.1	39.2
Query_38163	XM_003909852.4	100.000	21	0	0	1	21	409	389	2.1	39.2
Query_38163	XM_030918055.1	100.000	21	0	0	1	21	580	560	2.1	39.2
Query_38163	XM_010353396.2	100.000	21	0	0	1	21	475	455	2.1	39.2
Query_38163	XM_003275313.3	100.000	21	0	0	1	21	545	525	2.1	39.2
Query_38163	XM_015114154.2	100.000	21	0	0	1	21	779	759	2.1	39.2
Query_38163	XM_015114153.2	100.000	21	0	0	1	21	502	482	2.1	39.2
Query_38163	NM_004223.5	100.000	21	0	0	1	21	380	360	2.1	39.2
Query_38163	XM_025357070.1	100.000	21	0	0	1	21	407	387	2.1	39.2
Query_38163	XM_011766099.2	100.000	21	0	0	1	21	502	482	2.1	39.2
Query_38163	XM_521987.5	100.000	21	0	0	1	21	415	395	2.1	39.2
Query_38163	XM_009246347.2	100.000	21	0	0	1	21	233	213	2.1	39.2
Query_38163	XM_009246345.2	100.000	21	0	0	1	21	774	754	2.1	39.2
Query_38163	XM_003777762.3	100.000	21	0	0	1	21	417	397	2.1	39.2
Query_38163	XM_009246344.2	100.000	21	0	0	1	21	581	561	2.1	39.2
Query_38163	LT736766.1	100.000	21	0	0	1	21	806	786	2.1	39.2
Query_38163	XM_004051168.2	100.000	21	0	0	1	21	776	756	2.1	39.2
Query_38163	XM_004051167.2	100.000	21	0	0	1	21	409	389	2.1	39.2
Query_38163	XM_017851370.1	100.000	21	0	0	1	21	502	482	2.1	39.2
Query_38163	XM_003317981.4	100.000	21	0	0	1	21	772	752	2.1	39.2
Query_38163	XM_015434702.1	100.000	21	0	0	1	21	773	753	2.1	39.2
Query_38163	XM_005577852.2	100.000	21	0	0	1	21	502	482	2.1	39.2
Query_38163	XM_003275314.3	100.000	21	0	0	1	21	773	753	2.1	39.2
Query_38163	XM_012092325.1	100.000	21	0	0	1	21	502	482	2.1	39.2
Query_38163	XR_001004203.1	100.000	21	0	0	1	21	350	330	2.1	39.2
Query_38163	XM_011963414.1	100.000	21	0	0	1	21	350	330	2.1	39.2
Query_38163	XM_011998681.1	100.000	21	0	0	1	21	507	487	2.1	39.2
Query_38163	XM_011998680.1	100.000	21	0	0	1	21	945	925	2.1	39.2
Query_38163	KJ892727.1	100.000	21	0	0	1	21	384	364	2.1	39.2
Query_38163	XM_007998290.2	100.000	21	0	0	1	21	414	394	2.1	39.2
Query_38163	NM_198183.3	100.000	21	0	0	1	21	379	359	2.1	39.2
Query_38163	CU689397.1	100.000	21	0	0	1	21	159	179	2.1	39.2
Query_38163	CU689396.1	100.000	21	0	0	1	21	335	315	2.1	39.2
Query_38163	AK315755.1	100.000	21	0	0	1	21	334	314	2.1	39.2
Query_38163	DQ894475.2	100.000	21	0	0	1	21	341	321	2.1	39.2
Query_38163	DQ891291.2	100.000	21	0	0	1	21	341	321	2.1	39.2
Query_38163	AK226165.1	100.000	21	0	0	1	21	469	449	2.1	39.2
Query_38163	AK093462.1	100.000	21	0	0	1	21	728	708	2.1	39.2
Query_38163	CR457126.1	100.000	21	0	0	1	21	319	299	2.1	39.2
Query_38163	AK129621.1	100.000	21	0	0	1	21	286	266	2.1	39.2
Query_38163	BC032491.1	100.000	21	0	0	1	21	415	395	2.1	39.2
Query_38163	AF061736.1	100.000	21	0	0	1	21	366	346	2.1	39.2
Query_38163	AF031141.1	100.000	21	0	0	1	21	316	296	2.1	39.2


