# blastn
# Iteration: 0
# Query: 
# RID: 7R16N86G013
# Database: nt
# Fields: query acc.ver, subject acc.ver, % identity, alignment length, mismatches, gap opens, q. start, q. end, s. start, s. end, evalue, bit score
# 49 hits found
Query_8509	XM_008976634.2	100.000	21	0	0	1	21	754	734	2.1	39.2
Query_8509	XM_003823013.3	100.000	21	0	0	1	21	736	716	2.1	39.2
Query_8509	XM_033198362.1	100.000	21	0	0	1	21	707	687	2.1	39.2
Query_8509	XM_033198361.1	100.000	21	0	0	1	21	729	709	2.1	39.2
Query_8509	XM_033198360.1	100.000	21	0	0	1	21	729	709	2.1	39.2
Query_8509	XM_033198359.1	100.000	21	0	0	1	21	729	709	2.1	39.2
Query_8509	XM_032288776.1	100.000	21	0	0	1	21	726	706	2.1	39.2
Query_8509	XM_032136927.1	100.000	21	0	0	1	21	712	692	2.1	39.2
Query_8509	XM_032136926.1	100.000	21	0	0	1	21	708	688	2.1	39.2
Query_8509	XM_019037287.2	100.000	21	0	0	1	21	712	692	2.1	39.2
Query_8509	XM_030930251.1	100.000	21	0	0	1	21	713	693	2.1	39.2
Query_8509	XM_010378845.2	100.000	21	0	0	1	21	736	716	2.1	39.2
Query_8509	XM_012502075.2	100.000	21	0	0	1	21	708	688	2.1	39.2
Query_8509	NM_014176.4	100.000	21	0	0	1	21	679	659	2.1	39.2
Query_8509	XM_009440790.2	100.000	21	0	0	1	21	728	708	2.1	39.2
Query_8509	XM_024350983.1	100.000	21	0	0	1	21	1048	1028	2.1	39.2
Query_8509	XM_514102.6	100.000	21	0	0	1	21	739	719	2.1	39.2
Query_8509	XM_024239242.1	100.000	21	0	0	1	21	1077	1057	2.1	39.2
Query_8509	XM_002809603.4	100.000	21	0	0	1	21	724	704	2.1	39.2
Query_8509	LT735351.1	100.000	21	0	0	1	21	1060	1040	2.1	39.2
Query_8509	XM_004028164.2	100.000	21	0	0	1	21	708	688	2.1	39.2
Query_8509	XM_017896496.1	100.000	21	0	0	1	21	708	688	2.1	39.2
Query_8509	XM_017896495.1	100.000	21	0	0	1	21	750	730	2.1	39.2
Query_8509	XM_017896494.1	100.000	21	0	0	1	21	750	730	2.1	39.2
Query_8509	XM_017896493.1	100.000	21	0	0	1	21	750	730	2.1	39.2
Query_8509	NG_042230.1	100.000	21	0	0	1	21	15111	15091	2.1	39.2
Query_8509	XM_012459475.1	100.000	21	0	0	1	21	620	600	2.1	39.2
Query_8509	XM_012459474.1	100.000	21	0	0	1	21	719	699	2.1	39.2
Query_8509	XM_011931764.1	100.000	21	0	0	1	21	708	688	2.1	39.2
Query_8509	XM_003938286.2	100.000	21	0	0	1	21	705	685	2.1	39.2
Query_8509	KJ893680.1	100.000	21	0	0	1	21	638	618	2.1	39.2
Query_8509	XM_017520112.2	100.000	21	0	0	1	21	699	679	2.1	39.2
Query_8509	XM_037727245.1	100.000	21	0	0	1	21	670	650	2.1	39.2
Query_8509	NM_001310326.2	100.000	21	0	0	1	21	683	663	2.1	39.2
Query_8509	DQ895975.2	100.000	21	0	0	1	21	595	575	2.1	39.2
Query_8509	DQ892729.2	100.000	21	0	0	1	21	595	575	2.1	39.2
Query_8509	BC019284.1	100.000	21	0	0	1	21	671	651	2.1	39.2
Query_8509	AL356953.17	100.000	21	0	0	1	21	148875	148895	2.1	39.2
Query_8509	BC004152.2	100.000	21	0	0	1	21	671	651	2.1	39.2
Query_8509	AF160215.1	100.000	21	0	0	1	21	666	646	2.1	39.2
Query_8509	AK000504.1	100.000	21	0	0	1	21	664	644	2.1	39.2
Query_8509	AF161499.1	100.000	21	0	0	1	21	699	679	2.1	39.2
Query_8509	AY542309.1	100.000	21	0	0	1	21	574	554	2.1	39.2
Query_8509	AB032931.1	100.000	21	0	0	1	21	615	595	2.1	39.2
Query_8509	CP050595.1	100.000	20	0	0	1	20	8300860	8300841	7.3	37.4
Query_8509	CP050642.1	100.000	20	0	0	1	20	8299858	8299839	7.3	37.4
Query_8509	CP035800.1	100.000	20	0	0	2	21	40623403	40623384	7.3	37.4
Query_8509	LS997567.1	100.000	20	0	0	2	21	44537986	44537967	7.3	37.4
Query_8509	HG994385.1	100.000	20	0	0	1	20	8906447	8906428	7.3	37.4


