# blastn
# Iteration: 0
# Query: 
# RID: 9PT0N1YW016
# Database: nt
# Fields: query acc.ver, subject acc.ver, % identity, alignment length, mismatches, gap opens, q. start, q. end, s. start, s. end, evalue, bit score
# 85 hits found
Query_27773	XM_003811844.2	100.000	21	0	0	1	21	304	284	2.1	39.2
Query_27773	XM_033925360.1	100.000	21	0	0	1	21	107	87	2.1	39.2
Query_27773	XM_033196559.1	100.000	21	0	0	1	21	429	409	2.1	39.2
Query_27773	XM_033233047.1	100.000	21	0	0	1	21	179	159	2.1	39.2
Query_27773	XM_032260946.1	100.000	21	0	0	1	21	261	241	2.1	39.2
Query_27773	XM_032260945.1	100.000	21	0	0	1	21	337	317	2.1	39.2
Query_27773	XM_032161224.1	100.000	21	0	0	1	21	439	419	2.1	39.2
Query_27773	XM_023214308.2	100.000	21	0	0	1	21	396	376	2.1	39.2
Query_27773	XR_004184786.1	100.000	21	0	0	1	21	127	107	2.1	39.2
Query_27773	XM_031654823.1	100.000	21	0	0	1	21	286	266	2.1	39.2
Query_27773	XM_031654814.1	100.000	21	0	0	1	21	379	359	2.1	39.2
Query_27773	XM_031389331.1	100.000	21	0	0	1	21	245	225	2.1	39.2
Query_27773	XM_031011621.1	100.000	21	0	0	1	21	420	400	2.1	39.2
Query_27773	XM_010367119.2	100.000	21	0	0	1	21	532	512	2.1	39.2
Query_27773	XR_749097.2	100.000	21	0	0	1	21	107	87	2.1	39.2
Query_27773	XR_750211.2	100.000	21	0	0	1	21	121	101	2.1	39.2
Query_27773	XM_030824091.1	100.000	21	0	0	1	21	440	420	2.1	39.2
Query_27773	XR_012770.4	100.000	21	0	0	1	21	108	88	2.1	39.2
Query_27773	XM_028826846.1	100.000	21	0	0	1	21	340	320	2.1	39.2
Query_27773	XM_015113807.2	100.000	21	0	0	1	21	306	286	2.1	39.2
Query_27773	XM_015113815.2	100.000	21	0	0	1	21	260	240	2.1	39.2
Query_27773	NM_016406.4	100.000	21	0	0	1	21	127	107	2.1	39.2
Query_27773	XM_026780011.1	100.000	21	0	0	1	21	340	320	2.1	39.2
Query_27773	XM_005348804.2	100.000	21	0	0	1	21	340	320	2.1	39.2
Query_27773	XM_023185092.2	100.000	21	0	0	1	21	137	117	2.1	39.2
Query_27773	XM_014581955.2	100.000	21	0	0	1	21	375	355	2.1	39.2
Query_27773	XR_003120460.1	100.000	21	0	0	1	21	107	87	2.1	39.2
Query_27773	XM_025359394.1	100.000	21	0	0	1	21	246	226	2.1	39.2
Query_27773	XM_025359307.1	100.000	21	0	0	1	21	422	402	2.1	39.2
Query_27773	XM_011770131.2	100.000	21	0	0	1	21	198	178	2.1	39.2
Query_27773	XM_017001450.2	100.000	21	0	0	1	21	257	237	2.1	39.2
Query_27773	XM_002809897.3	100.000	21	0	0	1	21	417	397	2.1	39.2
Query_27773	XR_002771477.1	100.000	21	0	0	1	21	121	101	2.1	39.2
Query_27773	XM_023214307.1	100.000	21	0	0	1	21	417	397	2.1	39.2
Query_27773	XM_012449634.2	100.000	21	0	0	1	21	408	388	2.1	39.2
Query_27773	XM_012449633.2	100.000	21	0	0	1	21	418	398	2.1	39.2
Query_27773	LT734974.1	100.000	21	0	0	1	21	594	574	2.1	39.2
Query_27773	XR_001884047.1	100.000	21	0	0	1	21	135	115	2.1	39.2
Query_27773	XM_017860834.1	100.000	21	0	0	1	21	422	402	2.1	39.2
Query_27773	XR_001884737.1	100.000	21	0	0	1	21	117	97	2.1	39.2
Query_27773	XM_008264195.2	100.000	21	0	0	1	21	280	260	2.1	39.2
Query_27773	XM_002715200.3	100.000	21	0	0	1	21	269	249	2.1	39.2
Query_27773	XM_008264194.2	100.000	21	0	0	1	21	305	285	2.1	39.2
Query_27773	XM_017001451.1	100.000	21	0	0	1	21	470	450	2.1	39.2
Query_27773	XR_001492658.1	100.000	21	0	0	1	21	107	87	2.1	39.2
Query_27773	XM_013149230.1	100.000	21	0	0	1	21	305	285	2.1	39.2
Query_27773	XM_013149228.1	100.000	21	0	0	1	21	414	394	2.1	39.2
Query_27773	XM_005002280.2	100.000	21	0	0	1	21	345	325	2.1	39.2
Query_27773	XM_005002281.2	100.000	21	0	0	1	21	378	358	2.1	39.2
Query_27773	XM_003785776.2	100.000	21	0	0	1	21	225	205	2.1	39.2
Query_27773	XM_012639554.1	100.000	21	0	0	1	21	421	401	2.1	39.2
Query_27773	XM_012449632.1	100.000	21	0	0	1	21	416	396	2.1	39.2
Query_27773	XR_978895.1	100.000	21	0	0	1	21	107	87	2.1	39.2
Query_27773	XM_011770130.1	100.000	21	0	0	1	21	268	248	2.1	39.2
Query_27773	XR_001018749.1	100.000	21	0	0	1	21	107	87	2.1	39.2
Query_27773	XM_012067544.1	100.000	21	0	0	1	21	417	397	2.1	39.2
Query_27773	XM_011957583.1	100.000	21	0	0	1	21	422	402	2.1	39.2
Query_27773	XR_001007306.1	100.000	21	0	0	1	21	107	87	2.1	39.2
Query_27773	XM_011976265.1	100.000	21	0	0	1	21	422	402	2.1	39.2
Query_27773	XM_513937.5	100.000	21	0	0	1	21	415	395	2.1	39.2
Query_27773	XM_008984761.1	100.000	21	0	0	1	21	388	368	2.1	39.2
Query_27773	KJ898907.1	100.000	21	0	0	1	21	172	152	2.1	39.2
Query_27773	XM_005245254.1	100.000	21	0	0	1	21	313	293	2.1	39.2
Query_27773	XM_041003356.1	100.000	21	0	0	1	21	186	166	2.1	39.2
Query_27773	XM_039480650.1	100.000	21	0	0	1	21	421	401	2.1	39.2
Query_27773	XR_005581184.1	100.000	21	0	0	1	21	110	90	2.1	39.2
Query_27773	XM_007976437.2	100.000	21	0	0	1	21	314	294	2.1	39.2
Query_27773	XM_017515076.2	100.000	21	0	0	1	21	261	241	2.1	39.2
Query_27773	XM_037733647.1	100.000	21	0	0	1	21	345	325	2.1	39.2
Query_27773	XM_017515075.2	100.000	21	0	0	1	21	414	394	2.1	39.2
Query_27773	XM_004589102.3	100.000	21	0	0	1	21	193	173	2.1	39.2
Query_27773	XM_035279447.1	100.000	21	0	0	1	21	480	460	2.1	39.2
Query_27773	XM_035279446.1	100.000	21	0	0	1	21	437	417	2.1	39.2
Query_27773	XM_002760186.4	100.000	21	0	0	1	21	324	304	2.1	39.2
Query_27773	XM_035279445.1	100.000	21	0	0	1	21	472	452	2.1	39.2
Query_27773	XM_035279443.1	100.000	21	0	0	1	21	418	398	2.1	39.2
Query_27773	AK292776.1	100.000	21	0	0	1	21	313	293	2.1	39.2
Query_27773	DQ896457.2	100.000	21	0	0	1	21	129	109	2.1	39.2
Query_27773	DQ893161.2	100.000	21	0	0	1	21	129	109	2.1	39.2
Query_27773	BC005187.1	100.000	21	0	0	1	21	353	333	2.1	39.2
Query_27773	AL590714.27	100.000	21	0	0	1	21	9284	9264	2.1	39.2
Query_27773	AB154405.1	100.000	21	0	0	1	21	107	87	2.1	39.2
Query_27773	AF161504.1	100.000	21	0	0	1	21	347	327	2.1	39.2
Query_27773	AF151884.1	100.000	21	0	0	1	21	328	308	2.1	39.2
Query_27773	L77117.1	100.000	21	0	0	1	21	1566452	1566432	2.1	39.2


