# blastn
# Iteration: 0
# Query: 
# RID: 7RWK1M57013
# Database: nt
# Fields: query acc.ver, subject acc.ver, % identity, alignment length, mismatches, gap opens, q. start, q. end, s. start, s. end, evalue, bit score
# 31 hits found
Query_16177	XM_034504298.1	100.000	21	0	0	1	21	731	711	2.1	39.2
Query_16177	XM_032913970.1	100.000	21	0	0	1	21	711	691	2.1	39.2
Query_16177	XM_031351580.1	100.000	21	0	0	1	21	1008	988	2.1	39.2
Query_16177	NM_005450.6	100.000	21	0	0	1	21	652	632	2.1	39.2
Query_16177	XM_021212898.2	100.000	21	0	0	1	21	721	701	2.1	39.2
Query_16177	XM_021178260.2	100.000	21	0	0	1	21	320	300	2.1	39.2
Query_16177	XM_028772481.1	100.000	21	0	0	1	21	660	640	2.1	39.2
Query_16177	CP034495.1	100.000	21	0	0	1	21	54671711	54671691	2.1	39.2
Query_16177	LT744950.1	100.000	21	0	0	1	21	614	594	2.1	39.2
Query_16177	KJ892724.1	100.000	21	0	0	1	21	192	172	2.1	39.2
Query_16177	CP068261.1	100.000	21	0	0	1	21	57470763	57470743	2.1	39.2
Query_16177	AP023477.1	100.000	21	0	0	1	21	54043563	54043543	2.1	39.2
Query_16177	NG_011958.1	100.000	21	0	0	1	21	5652	5632	2.1	39.2
Query_16177	CU689812.1	100.000	21	0	0	1	21	143	123	2.1	39.2
Query_16177	AK314080.1	100.000	21	0	0	1	21	652	632	2.1	39.2
Query_16177	NM_012990.1	100.000	21	0	0	1	21	376	356	2.1	39.2
Query_16177	NM_008711.2	100.000	21	0	0	1	21	666	646	2.1	39.2
Query_16177	BC132527.1	100.000	21	0	0	1	21	192	172	2.1	39.2
Query_16177	AK146488.1	100.000	21	0	0	1	21	669	649	2.1	39.2
Query_16177	BC034027.1	100.000	21	0	0	1	21	437	417	2.1	39.2
Query_16177	AC015724.9	100.000	21	0	0	1	21	61453	61473	2.1	39.2
Query_16177	AL672175.7	100.000	21	0	0	1	21	110852	110872	2.1	39.2
Query_16177	AY893078.1	100.000	21	0	0	1	21	127	107	2.1	39.2
Query_16177	AC005553.1	100.000	21	0	0	1	21	146076	146096	2.1	39.2
Query_16177	U31202.1	100.000	21	0	0	1	21	938	918	2.1	39.2
Query_16177	XM_032126354.1	100.000	20	0	0	2	21	661	642	7.3	37.4
Query_16177	XM_010392548.3	100.000	20	0	0	2	21	655	636	7.3	37.4
Query_16177	AP014546.1	100.000	20	0	0	2	21	1573372	1573391	7.3	37.4
Query_16177	BC138148.1	100.000	20	0	0	2	21	191	172	7.3	37.4
Query_16177	CU392839.9	100.000	20	0	0	2	21	41349	41368	7.3	37.4
Query_16177	U79163.1	100.000	20	0	0	2	21	372	353	7.3	37.4


