# blastn
# Iteration: 0
# Query: 
# RID: 73PKD5JS01R
# Database: nt
# Fields: query acc.ver, subject acc.ver, % identity, alignment length, mismatches, gap opens, q. start, q. end, s. start, s. end, evalue, bit score
# 100 hits found
Query_489021	XM_003817410.4	100.000	21	0	0	1	21	969	949	2.0	39.2
Query_489021	XM_032162573.1	100.000	21	0	0	1	21	978	958	2.0	39.2
Query_489021	XM_019026567.2	100.000	21	0	0	1	21	1028	1008	2.0	39.2
Query_489021	XM_003272285.3	100.000	21	0	0	1	21	1330	1310	2.0	39.2
Query_489021	NM_005450.6	100.000	21	0	0	1	21	984	964	2.0	39.2
Query_489021	CP034495.1	100.000	21	0	0	1	21	54672043	54672023	2.0	39.2
Query_489021	XM_523802.6	100.000	21	0	0	1	21	1039	1019	2.0	39.2
Query_489021	XM_002827353.4	100.000	21	0	0	1	21	978	958	2.0	39.2
Query_489021	LT744950.1	100.000	21	0	0	1	21	946	926	2.0	39.2
Query_489021	KJ892724.1	100.000	21	0	0	1	21	524	504	2.0	39.2
Query_489021	CP068261.1	100.000	21	0	0	1	21	57471095	57471075	2.0	39.2
Query_489021	AP023477.1	100.000	21	0	0	1	21	54043895	54043875	2.0	39.2
Query_489021	NG_011958.1	100.000	21	0	0	1	21	5984	5964	2.0	39.2
Query_489021	AK314080.1	100.000	21	0	0	1	21	984	964	2.0	39.2
Query_489021	BC034027.1	100.000	21	0	0	1	21	769	749	2.0	39.2
Query_489021	AC015724.9	100.000	21	0	0	1	21	61121	61141	2.0	39.2
Query_489021	AY890603.1	100.000	21	0	0	1	21	459	439	2.0	39.2
Query_489021	AY893078.1	100.000	21	0	0	1	21	459	439	2.0	39.2
Query_489021	AC005553.1	100.000	21	0	0	1	21	145744	145764	2.0	39.2
Query_489021	U31202.1	100.000	21	0	0	1	21	1270	1250	2.0	39.2
Query_489021	XM_035027375.1	100.000	20	0	0	2	21	1041	1022	7.1	37.4
Query_489021	AP023165.1	100.000	20	0	0	2	21	32209356	32209375	7.1	37.4
Query_489021	XM_019795727.2	100.000	20	0	0	2	21	1063	1044	7.1	37.4
Query_489021	XM_019945282.2	100.000	20	0	0	2	21	1050	1031	7.1	37.4
Query_489021	XM_010620341.3	100.000	20	0	0	2	21	95	76	7.1	37.4
Query_489021	XM_004271794.3	100.000	20	0	0	2	21	1070	1051	7.1	37.4
Query_489021	CP050593.1	100.000	20	0	0	2	21	31020486	31020467	7.1	37.4
Query_489021	CP050635.1	100.000	20	0	0	2	21	31022193	31022174	7.1	37.4
Query_489021	XM_033183585.1	100.000	20	0	0	2	21	977	958	7.1	37.4
Query_489021	XM_033089132.1	100.000	20	0	0	2	21	993	974	7.1	37.4
Query_489021	XR_004384313.1	100.000	20	0	0	2	21	1290	1271	7.1	37.4
Query_489021	XM_032872008.1	100.000	20	0	0	2	21	1290	1271	7.1	37.4
Query_489021	XM_032615033.1	100.000	20	0	0	2	21	1055	1036	7.1	37.4
Query_489021	XM_006181400.3	100.000	20	0	0	2	21	1066	1047	7.1	37.4
Query_489021	XM_032428988.1	100.000	20	0	0	2	21	1048	1029	7.1	37.4
Query_489021	XM_032321978.1	100.000	20	0	0	2	21	1418	1399	7.1	37.4
Query_489021	XM_032280103.1	100.000	20	0	0	2	21	1067	1048	7.1	37.4
Query_489021	LR738418.1	100.000	20	0	0	2	21	31285959	31285940	7.1	37.4
Query_489021	XM_023203969.3	100.000	20	0	0	2	21	976	957	7.1	37.4
Query_489021	XM_006216420.2	100.000	20	0	0	2	21	124	105	7.1	37.4
Query_489021	XM_003912784.4	100.000	20	0	0	2	21	1053	1034	7.1	37.4
Query_489021	XM_031468094.1	100.000	20	0	0	2	21	951	932	7.1	37.4
Query_489021	XM_010380650.2	100.000	20	0	0	2	21	977	958	7.1	37.4
Query_489021	XM_030881597.1	100.000	20	0	0	2	21	1047	1028	7.1	37.4
Query_489021	MH729718.1	100.000	20	0	0	2	21	458	439	7.1	37.4
Query_489021	MH729717.1	100.000	20	0	0	2	21	458	439	7.1	37.4
Query_489021	MH729716.1	100.000	20	0	0	2	21	458	439	7.1	37.4
Query_489021	MH729715.1	100.000	20	0	0	2	21	458	439	7.1	37.4
Query_489021	MH729714.1	100.000	20	0	0	2	21	458	439	7.1	37.4
Query_489021	MH729713.1	100.000	20	0	0	2	21	458	439	7.1	37.4
Query_489021	XM_030296487.1	100.000	20	0	0	2	21	1089	1070	7.1	37.4
Query_489021	XM_029928309.1	100.000	20	0	0	2	21	672	653	7.1	37.4
Query_489021	XM_029212779.1	100.000	20	0	0	2	21	978	959	7.1	37.4
Query_489021	XM_027087081.1	100.000	20	0	0	2	21	1047	1028	7.1	37.4
Query_489021	XM_027034179.1	100.000	20	0	0	2	21	1089	1070	7.1	37.4
Query_489021	XM_026517916.1	100.000	20	0	0	2	21	924	905	7.1	37.4
Query_489021	XM_026407803.1	100.000	20	0	0	2	21	1040	1021	7.1	37.4
Query_489021	XM_008147742.2	100.000	20	0	0	2	21	1107	1088	7.1	37.4
Query_489021	XM_028164964.1	100.000	20	0	0	2	21	482	463	7.1	37.4
Query_489021	XM_028092977.1	100.000	20	0	0	2	21	458	439	7.1	37.4
Query_489021	XM_027950363.1	100.000	20	0	0	2	21	981	962	7.1	37.4
Query_489021	XM_006172059.3	100.000	20	0	0	2	21	699	680	7.1	37.4
Query_489021	XM_027519023.1	100.000	20	0	0	2	21	686	667	7.1	37.4
Query_489021	XM_025996239.1	100.000	20	0	0	2	21	410	391	7.1	37.4
Query_489021	XM_025851038.1	100.000	20	0	0	2	21	458	439	7.1	37.4
Query_489021	XM_025362689.1	100.000	20	0	0	2	21	1032	1013	7.1	37.4
Query_489021	MF480653.1	100.000	20	0	0	2	21	485	466	7.1	37.4
Query_489021	XM_006076220.2	100.000	20	0	0	2	21	658	639	7.1	37.4
Query_489021	XM_006924856.3	100.000	20	0	0	2	21	802	783	7.1	37.4
Query_489021	XM_002695554.6	100.000	20	0	0	2	21	1053	1034	7.1	37.4
Query_489021	XM_011732968.2	100.000	20	0	0	2	21	1088	1069	7.1	37.4
Query_489021	XM_024757637.1	100.000	20	0	0	2	21	797	778	7.1	37.4
Query_489021	XM_024573455.1	100.000	20	0	0	2	21	967	948	7.1	37.4
Query_489021	CP027087.1	100.000	20	0	0	2	21	7101634	7101615	7.1	37.4
Query_489021	XM_007109681.2	100.000	20	0	0	2	21	801	782	7.1	37.4
Query_489021	XM_024127830.1	100.000	20	0	0	2	21	801	782	7.1	37.4
Query_489021	XM_005321598.3	100.000	20	0	0	2	21	1074	1055	7.1	37.4
Query_489021	XM_040244285.1	100.000	20	0	0	2	21	1111	1092	7.1	37.4
Query_489021	HG994394.1	100.000	20	0	0	2	21	29720491	29720510	7.1	37.4
Query_489021	XM_039885709.1	100.000	20	0	0	2	21	977	958	7.1	37.4
Query_489021	XM_003931333.3	100.000	20	0	0	2	21	1638	1619	7.1	37.4
Query_489021	XM_039241125.1	100.000	20	0	0	2	21	1046	1027	7.1	37.4
Query_489021	XM_038675217.1	100.000	20	0	0	2	21	567	548	7.1	37.4
Query_489021	XM_005624988.2	100.000	20	0	0	2	21	561	542	7.1	37.4
Query_489021	XM_008011393.2	100.000	20	0	0	2	21	1044	1025	7.1	37.4
Query_489021	XM_037809573.1	100.000	20	0	0	2	21	1043	1024	7.1	37.4
Query_489021	XM_017538823.2	100.000	20	0	0	2	21	976	957	7.1	37.4
Query_489021	XM_037493704.1	100.000	20	0	0	2	21	952	933	7.1	37.4
Query_489021	XM_017654997.2	100.000	20	0	0	2	21	1066	1047	7.1	37.4
Query_489021	XM_036879834.1	100.000	20	0	0	2	21	1059	1040	7.1	37.4
Query_489021	XM_036454376.1	100.000	20	0	0	2	21	862	843	7.1	37.4
Query_489021	XM_036342124.1	100.000	20	0	0	2	21	491	472	7.1	37.4
Query_489021	XM_036269265.1	100.000	20	0	0	2	21	990	971	7.1	37.4
Query_489021	XM_016155130.2	100.000	20	0	0	2	21	1047	1028	7.1	37.4
Query_489021	XM_036106165.1	100.000	20	0	0	2	21	1058	1039	7.1	37.4
Query_489021	XM_028520706.2	100.000	20	0	0	2	21	1049	1030	7.1	37.4
Query_489021	XM_025440587.2	100.000	20	0	0	2	21	573	554	7.1	37.4
Query_489021	XM_027626595.2	100.000	20	0	0	2	21	1042	1023	7.1	37.4
Query_489021	LR862372.1	100.000	20	0	0	2	21	24407130	24407111	7.1	37.4
Query_489021	XM_002748399.4	100.000	20	0	0	2	21	978	959	7.1	37.4


