# blastn
# Iteration: 0
# Query: 
# RID: 7RPY2H0P016
# Database: nt
# Fields: query acc.ver, subject acc.ver, % identity, alignment length, mismatches, gap opens, q. start, q. end, s. start, s. end, evalue, bit score
# 103 hits found
Query_57409	XM_034993892.1	100.000	21	0	0	1	21	399	379	2.1	39.2
Query_57409	XM_035025393.1	100.000	21	0	0	1	21	359	339	2.1	39.2
Query_57409	XM_008698019.2	100.000	21	0	0	1	21	348	328	2.1	39.2
Query_57409	XM_008698018.2	100.000	21	0	0	1	21	326	306	2.1	39.2
Query_57409	XM_008698017.2	100.000	21	0	0	1	21	266	246	2.1	39.2
Query_57409	XM_008698016.2	100.000	21	0	0	1	21	392	372	2.1	39.2
Query_57409	XM_040459768.1	100.000	21	0	0	1	21	198	178	2.1	39.2
Query_57409	XM_040459767.1	100.000	21	0	0	1	21	201	181	2.1	39.2
Query_57409	XM_040459766.1	100.000	21	0	0	1	21	222	202	2.1	39.2
Query_57409	XM_040459764.1	100.000	21	0	0	1	21	438	418	2.1	39.2
Query_57409	XM_040459763.1	100.000	21	0	0	1	21	375	355	2.1	39.2
Query_57409	XM_040453115.1	100.000	21	0	0	1	21	363	343	2.1	39.2
Query_57409	XM_040483671.1	100.000	21	0	0	1	21	374	354	2.1	39.2
Query_57409	XM_040260091.1	100.000	21	0	0	1	21	291	271	2.1	39.2
Query_57409	XM_029070229.2	100.000	21	0	0	1	21	391	371	2.1	39.2
Query_57409	XM_016228206.3	100.000	21	0	0	1	21	465	445	2.1	39.2
Query_57409	HG994412.1	100.000	21	0	0	1	21	4440707	4440727	2.1	39.2
Query_57409	HG994407.1	100.000	21	0	0	1	21	38717990	38718010	2.1	39.2
Query_57409	HG994399.1	100.000	21	0	0	1	21	14112763	14112783	2.1	39.2
Query_57409	HG994399.1	100.000	21	0	0	1	21	55249701	55249681	2.1	39.2
Query_57409	HG994388.1	100.000	21	0	0	1	21	62871585	62871605	2.1	39.2
Query_57409	XM_039864588.1	100.000	21	0	0	1	21	556	536	2.1	39.2
Query_57409	XM_039864587.1	100.000	21	0	0	1	21	420	400	2.1	39.2
Query_57409	XM_039864586.1	100.000	21	0	0	1	21	2053	2033	2.1	39.2
Query_57409	XM_039864584.1	100.000	21	0	0	1	21	436	416	2.1	39.2
Query_57409	XM_039469929.1	100.000	21	0	0	1	21	252	232	2.1	39.2
Query_57409	CP068258.1	100.000	21	0	0	1	21	3392914	3392934	2.1	39.2
Query_57409	CP068258.1	100.000	21	0	0	1	21	51852494	51852514	2.1	39.2
Query_57409	XM_038432768.1	100.000	21	0	0	1	21	307	287	2.1	39.2
Query_57409	XM_038432767.1	100.000	21	0	0	1	21	411	391	2.1	39.2
Query_57409	XM_038687102.1	100.000	21	0	0	1	21	363	343	2.1	39.2
Query_57409	XM_038750001.1	100.000	21	0	0	1	21	455	435	2.1	39.2
Query_57409	XM_037988979.1	100.000	21	0	0	1	21	385	365	2.1	39.2
Query_57409	XM_037983802.1	100.000	21	0	0	1	21	370	350	2.1	39.2
Query_57409	XM_008014329.2	100.000	21	0	0	1	21	563	543	2.1	39.2
Query_57409	XM_037982646.1	100.000	21	0	0	1	21	346	326	2.1	39.2
Query_57409	XM_008014322.2	100.000	21	0	0	1	21	642	622	2.1	39.2
Query_57409	XM_037982645.1	100.000	21	0	0	1	21	347	327	2.1	39.2
Query_57409	XM_008014318.2	100.000	21	0	0	1	21	502	482	2.1	39.2
Query_57409	XM_008014312.2	100.000	21	0	0	1	21	436	416	2.1	39.2
Query_57409	XM_037996789.1	100.000	21	0	0	1	21	368	348	2.1	39.2
Query_57409	XM_037821188.1	100.000	21	0	0	1	21	372	352	2.1	39.2
Query_57409	XM_037844644.1	100.000	21	0	0	1	21	288	268	2.1	39.2
Query_57409	XM_037841024.1	100.000	21	0	0	1	21	225	205	2.1	39.2
Query_57409	XM_037841023.1	100.000	21	0	0	1	21	351	331	2.1	39.2
Query_57409	XM_037810938.1	100.000	21	0	0	1	21	388	368	2.1	39.2
Query_57409	XM_037808029.1	100.000	21	0	0	1	21	177	157	2.1	39.2
Query_57409	XM_037808017.1	100.000	21	0	0	1	21	124	144	2.1	39.2
Query_57409	XM_037799127.1	100.000	21	0	0	1	21	351	331	2.1	39.2
Query_57409	XM_037734717.1	100.000	21	0	0	1	21	364	344	2.1	39.2
Query_57409	XM_037743277.1	100.000	21	0	0	1	21	333	313	2.1	39.2
Query_57409	XR_005202231.1	100.000	21	0	0	1	21	366	346	2.1	39.2
Query_57409	XM_037739054.1	100.000	21	0	0	1	21	812	792	2.1	39.2
Query_57409	XR_005200512.1	100.000	21	0	0	1	21	648	628	2.1	39.2
Query_57409	XR_005200511.1	100.000	21	0	0	1	21	472	452	2.1	39.2
Query_57409	XR_005200510.1	100.000	21	0	0	1	21	700	680	2.1	39.2
Query_57409	XR_005200509.1	100.000	21	0	0	1	21	524	504	2.1	39.2
Query_57409	XM_017529922.2	100.000	21	0	0	1	21	439	419	2.1	39.2
Query_57409	XM_017529921.2	100.000	21	0	0	1	21	439	419	2.1	39.2
Query_57409	XM_037500285.1	100.000	21	0	0	1	21	400	380	2.1	39.2
Query_57409	XM_017651907.2	100.000	21	0	0	1	21	470	450	2.1	39.2
Query_57409	XM_017651906.2	100.000	21	0	0	1	21	566	546	2.1	39.2
Query_57409	XM_017651904.2	100.000	21	0	0	1	21	458	438	2.1	39.2
Query_57409	XM_017651903.2	100.000	21	0	0	1	21	436	416	2.1	39.2
Query_57409	XM_036901999.1	100.000	21	0	0	1	21	459	439	2.1	39.2
Query_57409	XM_036901998.1	100.000	21	0	0	1	21	562	542	2.1	39.2
Query_57409	XM_036901997.1	100.000	21	0	0	1	21	348	328	2.1	39.2
Query_57409	XM_036901996.1	100.000	21	0	0	1	21	436	416	2.1	39.2
Query_57409	XM_036246753.1	100.000	21	0	0	1	21	225	205	2.1	39.2
Query_57409	XM_036229301.1	100.000	21	0	0	1	21	556	536	2.1	39.2
Query_57409	XM_016143743.2	100.000	21	0	0	1	21	420	400	2.1	39.2
Query_57409	XM_036229300.1	100.000	21	0	0	1	21	3199	3179	2.1	39.2
Query_57409	XM_016143742.2	100.000	21	0	0	1	21	427	407	2.1	39.2
Query_57409	AP023480.1	100.000	21	0	0	1	21	3287700	3287720	2.1	39.2
Query_57409	AP023480.1	100.000	21	0	0	1	21	48145312	48145332	2.1	39.2
Query_57409	XM_036064668.1	100.000	21	0	0	1	21	349	329	2.1	39.2
Query_57409	XM_036064667.1	100.000	21	0	0	1	21	557	537	2.1	39.2
Query_57409	XM_036064666.1	100.000	21	0	0	1	21	400	380	2.1	39.2
Query_57409	XM_036064665.1	100.000	21	0	0	1	21	349	329	2.1	39.2
Query_57409	XM_036078322.1	100.000	21	0	0	1	21	831	811	2.1	39.2
Query_57409	XM_036077669.1	100.000	21	0	0	1	21	2167	2147	2.1	39.2
Query_57409	NM_001257398.2	100.000	21	0	0	1	21	512	492	2.1	39.2
Query_57409	NM_001282579.2	100.000	21	0	0	1	21	473	453	2.1	39.2
Query_57409	NM_001282576.2	100.000	21	0	0	1	21	647	627	2.1	39.2
Query_57409	XM_025470388.2	100.000	21	0	0	1	21	305	285	2.1	39.2
Query_57409	XM_035705783.1	100.000	21	0	0	1	21	472	452	2.1	39.2
Query_57409	XM_025470385.2	100.000	21	0	0	1	21	436	416	2.1	39.2
Query_57409	XM_035725421.1	100.000	21	0	0	1	21	228	208	2.1	39.2
Query_57409	XM_027621509.2	100.000	21	0	0	1	21	278	258	2.1	39.2
Query_57409	XM_027621508.2	100.000	21	0	0	1	21	404	384	2.1	39.2
Query_57409	XM_035728383.1	100.000	21	0	0	1	21	351	331	2.1	39.2
Query_57409	XM_027606759.2	100.000	21	0	0	1	21	6493	6473	2.1	39.2
Query_57409	XM_035726584.1	100.000	21	0	0	1	21	336	316	2.1	39.2
Query_57409	XM_027610880.2	100.000	21	0	0	1	21	225	205	2.1	39.2
Query_57409	XM_027610879.2	100.000	21	0	0	1	21	351	331	2.1	39.2
Query_57409	XM_035721995.1	100.000	21	0	0	1	21	234	214	2.1	39.2
Query_57409	XM_017971642.2	100.000	21	0	0	1	21	785	765	2.1	39.2
Query_57409	XR_088662.5	100.000	21	0	0	1	21	367	347	2.1	39.2
Query_57409	XM_035303442.1	100.000	21	0	0	1	21	285	265	2.1	39.2
Query_57409	XM_035297863.1	100.000	21	0	0	1	21	606	586	2.1	39.2
Query_57409	XM_017971646.2	100.000	21	0	0	1	21	435	415	2.1	39.2
Query_57409	XM_035297862.1	100.000	21	0	0	1	21	837	817	2.1	39.2
Query_57409	XM_017971644.2	100.000	21	0	0	1	21	347	327	2.1	39.2


