# blastn
# Iteration: 0
# Query: 
# RID: 6UKM7UUG013
# Database: nt
# Fields: query acc.ver, subject acc.ver, % identity, alignment length, mismatches, gap opens, q. start, q. end, s. start, s. end, evalue, bit score
# 100 hits found
Query_62933	XM_035005109.1	100.000	21	0	0	1	21	388	368	2.1	39.2
Query_62933	XM_035005108.1	100.000	21	0	0	1	21	892	872	2.1	39.2
Query_62933	XM_034958464.1	100.000	21	0	0	1	21	364	344	2.1	39.2
Query_62933	XM_002925166.4	100.000	21	0	0	1	21	337	317	2.1	39.2
Query_62933	XM_034671927.1	100.000	21	0	0	1	21	388	368	2.1	39.2
Query_62933	XM_034424812.1	100.000	21	0	0	1	21	254	234	2.1	39.2
Query_62933	XM_033856950.1	100.000	21	0	0	1	21	364	344	2.1	39.2
Query_62933	XM_033856948.1	100.000	21	0	0	1	21	389	369	2.1	39.2
Query_62933	XM_010625119.3	100.000	21	0	0	1	21	130	110	2.1	39.2
Query_62933	XM_033484513.1	100.000	21	0	0	1	21	504	484	2.1	39.2
Query_62933	XM_033484512.1	100.000	21	0	0	1	21	545	525	2.1	39.2
Query_62933	XM_004266248.3	100.000	21	0	0	1	21	364	344	2.1	39.2
Query_62933	XM_033421680.1	100.000	21	0	0	1	21	401	381	2.1	39.2
Query_62933	XM_033214023.1	100.000	21	0	0	1	21	442	422	2.1	39.2
Query_62933	XM_033105654.1	100.000	21	0	0	1	21	364	344	2.1	39.2
Query_62933	XM_032853039.1	100.000	21	0	0	1	21	490	470	2.1	39.2
Query_62933	XM_032633307.1	100.000	21	0	0	1	21	204	184	2.1	39.2
Query_62933	XM_032632479.1	100.000	21	0	0	1	21	2269	2249	2.1	39.2
Query_62933	XM_032632478.1	100.000	21	0	0	1	21	365	345	2.1	39.2
Query_62933	XM_032632477.1	100.000	21	0	0	1	21	4200	4180	2.1	39.2
Query_62933	XM_032640149.1	100.000	21	0	0	1	21	226	206	2.1	39.2
Query_62933	XM_032496093.1	100.000	21	0	0	1	21	344	324	2.1	39.2
Query_62933	XM_032400221.1	100.000	21	0	0	1	21	373	353	2.1	39.2
Query_62933	XM_032334119.1	100.000	21	0	0	1	21	572	552	2.1	39.2
Query_62933	XM_032273986.1	100.000	21	0	0	1	21	442	422	2.1	39.2
Query_62933	XM_032273985.1	100.000	21	0	0	1	21	442	422	2.1	39.2
Query_62933	XM_032224429.1	100.000	21	0	0	1	21	314	294	2.1	39.2
Query_62933	XM_032136191.1	100.000	21	0	0	1	21	446	426	2.1	39.2
Query_62933	XM_023224699.3	100.000	21	0	0	1	21	442	422	2.1	39.2
Query_62933	XM_021938380.2	100.000	21	0	0	1	21	442	422	2.1	39.2
Query_62933	XM_003898597.4	100.000	21	0	0	1	21	442	422	2.1	39.2
Query_62933	XM_010980378.2	100.000	21	0	0	1	21	344	324	2.1	39.2
Query_62933	XM_031027020.1	100.000	21	0	0	1	21	406	386	2.1	39.2
Query_62933	XM_006732317.2	100.000	21	0	0	1	21	364	344	2.1	39.2
Query_62933	XM_010384547.2	100.000	21	0	0	1	21	442	422	2.1	39.2
Query_62933	XM_030888585.1	100.000	21	0	0	1	21	261	241	2.1	39.2
Query_62933	XM_030888584.1	100.000	21	0	0	1	21	372	352	2.1	39.2
Query_62933	XM_030881082.1	100.000	21	0	0	1	21	364	344	2.1	39.2
Query_62933	XM_030881081.1	100.000	21	0	0	1	21	402	382	2.1	39.2
Query_62933	XM_030800871.1	100.000	21	0	0	1	21	446	426	2.1	39.2
Query_62933	XM_022565671.2	100.000	21	0	0	1	21	229	209	2.1	39.2
Query_62933	XR_002643551.2	100.000	21	0	0	1	21	289	269	2.1	39.2
Query_62933	XM_040485326.1	100.000	21	0	0	1	21	287	267	2.1	39.2
Query_62933	FR989898.1	100.000	21	0	0	1	21	7771186	7771206	2.1	39.2
Query_62933	XM_005319928.3	100.000	21	0	0	1	21	388	368	2.1	39.2
Query_62933	XM_040238046.1	100.000	21	0	0	1	21	245	225	2.1	39.2
Query_62933	XM_040238044.1	100.000	21	0	0	1	21	479	459	2.1	39.2
Query_62933	XM_039844998.1	100.000	21	0	0	1	21	423	403	2.1	39.2
Query_62933	XM_039844997.1	100.000	21	0	0	1	21	261	241	2.1	39.2
Query_62933	XM_039844995.1	100.000	21	0	0	1	21	368	348	2.1	39.2
Query_62933	XM_003940989.2	100.000	21	0	0	1	21	239	219	2.1	39.2
Query_62933	XM_039226965.1	100.000	21	0	0	1	21	139	119	2.1	39.2
Query_62933	XM_039226963.1	100.000	21	0	0	1	21	382	362	2.1	39.2
Query_62933	XM_038661950.1	100.000	21	0	0	1	21	393	373	2.1	39.2
Query_62933	XM_003434394.5	100.000	21	0	0	1	21	393	373	2.1	39.2
Query_62933	XM_008017600.2	100.000	21	0	0	1	21	442	422	2.1	39.2
Query_62933	XM_037829623.1	100.000	21	0	0	1	21	320	300	2.1	39.2
Query_62933	XR_001826530.2	100.000	21	0	0	1	21	311	291	2.1	39.2
Query_62933	XM_017527247.2	100.000	21	0	0	1	21	442	422	2.1	39.2
Query_62933	XM_017527245.2	100.000	21	0	0	1	21	442	422	2.1	39.2
Query_62933	XM_037530493.1	100.000	21	0	0	1	21	369	349	2.1	39.2
Query_62933	XM_037138033.1	100.000	21	0	0	1	21	384	364	2.1	39.2
Query_62933	XM_037064306.1	100.000	21	0	0	1	21	368	348	2.1	39.2
Query_62933	XM_017662459.2	100.000	21	0	0	1	21	310	290	2.1	39.2
Query_62933	XM_036908505.1	100.000	21	0	0	1	21	312	292	2.1	39.2
Query_62933	XM_036852348.1	100.000	21	0	0	1	21	362	342	2.1	39.2
Query_62933	XM_036852347.1	100.000	21	0	0	1	21	405	385	2.1	39.2
Query_62933	XM_036496827.1	100.000	21	0	0	1	21	275	255	2.1	39.2
Query_62933	XM_036496826.1	100.000	21	0	0	1	21	378	358	2.1	39.2
Query_62933	XM_004579145.3	100.000	21	0	0	1	21	334	314	2.1	39.2
Query_62933	XM_036418282.1	100.000	21	0	0	1	21	390	370	2.1	39.2
Query_62933	XM_036331571.1	100.000	21	0	0	1	21	539	519	2.1	39.2
Query_62933	XM_036331560.1	100.000	21	0	0	1	21	157	137	2.1	39.2
Query_62933	XM_036331552.1	100.000	21	0	0	1	21	160	140	2.1	39.2
Query_62933	XM_036331544.1	100.000	21	0	0	1	21	221	201	2.1	39.2
Query_62933	XM_036258045.1	100.000	21	0	0	1	21	146	126	2.1	39.2
Query_62933	XM_036258037.1	100.000	21	0	0	1	21	212	192	2.1	39.2
Query_62933	XM_036258027.1	100.000	21	0	0	1	21	282	262	2.1	39.2
Query_62933	XM_036258018.1	100.000	21	0	0	1	21	317	297	2.1	39.2
Query_62933	XM_036258009.1	100.000	21	0	0	1	21	370	350	2.1	39.2
Query_62933	XM_036258001.1	100.000	21	0	0	1	21	369	349	2.1	39.2
Query_62933	XM_036228034.1	100.000	21	0	0	1	21	422	402	2.1	39.2
Query_62933	XM_036228032.1	100.000	21	0	0	1	21	116	96	2.1	39.2
Query_62933	XM_036228031.1	100.000	21	0	0	1	21	263	243	2.1	39.2
Query_62933	XM_016119953.2	100.000	21	0	0	1	21	370	350	2.1	39.2
Query_62933	XM_036228030.1	100.000	21	0	0	1	21	383	363	2.1	39.2
Query_62933	XM_036112050.1	100.000	21	0	0	1	21	235	215	2.1	39.2
Query_62933	XM_036112045.1	100.000	21	0	0	1	21	367	347	2.1	39.2
Query_62933	XM_036112039.1	100.000	21	0	0	1	21	193	173	2.1	39.2
Query_62933	XM_036112035.1	100.000	21	0	0	1	21	226	206	2.1	39.2
Query_62933	XM_036112026.1	100.000	21	0	0	1	21	309	289	2.1	39.2
Query_62933	XM_030314001.3	100.000	21	0	0	1	21	348	328	2.1	39.2
Query_62933	XM_028507668.2	100.000	21	0	0	1	21	377	357	2.1	39.2
Query_62933	XM_035714480.1	100.000	21	0	0	1	21	117	97	2.1	39.2
Query_62933	XM_035714479.1	100.000	21	0	0	1	21	120	100	2.1	39.2
Query_62933	XM_025437022.2	100.000	21	0	0	1	21	392	372	2.1	39.2
Query_62933	XM_027599485.2	100.000	21	0	0	1	21	392	372	2.1	39.2
Query_62933	XM_008993465.3	100.000	21	0	0	1	21	564	544	2.1	39.2
Query_62933	XM_035293864.1	100.000	21	0	0	1	21	157	137	2.1	39.2
Query_62933	XM_002745900.5	100.000	21	0	0	1	21	549	529	2.1	39.2


