# blastn
# Iteration: 0
# Query: 
# RID: 6WXB1C4R016
# Database: nt
# Fields: query acc.ver, subject acc.ver, % identity, alignment length, mismatches, gap opens, q. start, q. end, s. start, s. end, evalue, bit score
# 45 hits found
Query_635	XM_034489571.1	100.000	21	0	0	1	21	1519	1499	2.1	39.2
Query_635	XM_034489570.1	100.000	21	0	0	1	21	1358	1338	2.1	39.2
Query_635	XM_032887115.1	100.000	21	0	0	1	21	1066	1046	2.1	39.2
Query_635	XM_032887114.1	100.000	21	0	0	1	21	1318	1298	2.1	39.2
Query_635	XM_032887110.1	100.000	21	0	0	1	21	1282	1262	2.1	39.2
Query_635	XM_031337322.1	100.000	21	0	0	1	21	1176	1156	2.1	39.2
Query_635	XM_031337320.1	100.000	21	0	0	1	21	1277	1257	2.1	39.2
Query_635	XM_031337318.1	100.000	21	0	0	1	21	1208	1188	2.1	39.2
Query_635	XM_031337317.1	100.000	21	0	0	1	21	1482	1462	2.1	39.2
Query_635	XM_028777389.1	100.000	21	0	0	1	21	1322	1302	2.1	39.2
Query_635	XM_028777387.1	100.000	21	0	0	1	21	1358	1338	2.1	39.2
Query_635	XM_005344491.2	100.000	21	0	0	1	21	1248	1228	2.1	39.2
Query_635	XM_021644942.1	100.000	21	0	0	1	21	1493	1473	2.1	39.2
Query_635	XM_021644941.1	100.000	21	0	0	1	21	1279	1259	2.1	39.2
Query_635	XM_016002596.1	100.000	21	0	0	1	21	1279	1259	2.1	39.2
Query_635	XM_006984094.2	100.000	21	0	0	1	21	1243	1223	2.1	39.2
Query_635	XR_005491585.1	100.000	21	0	0	1	21	1581	1561	2.1	39.2
Query_635	XM_039089009.1	100.000	21	0	0	1	21	1110	1090	2.1	39.2
Query_635	XM_039089008.1	100.000	21	0	0	1	21	1247	1227	2.1	39.2
Query_635	XM_039089007.1	100.000	21	0	0	1	21	1226	1206	2.1	39.2
Query_635	XM_008769306.3	100.000	21	0	0	1	21	1191	1171	2.1	39.2
Query_635	XM_039089005.1	100.000	21	0	0	1	21	1384	1364	2.1	39.2
Query_635	XM_017598235.2	100.000	21	0	0	1	21	1417	1397	2.1	39.2
Query_635	XM_008769305.3	100.000	21	0	0	1	21	1432	1412	2.1	39.2
Query_635	XM_017598234.2	100.000	21	0	0	1	21	1468	1448	2.1	39.2
Query_635	XM_006249515.4	100.000	21	0	0	1	21	1549	1529	2.1	39.2
Query_635	XM_038346063.1	100.000	21	0	0	1	21	1183	1163	2.1	39.2
Query_635	XM_038346062.1	100.000	21	0	0	1	21	1240	1220	2.1	39.2
Query_635	XM_038346061.1	100.000	21	0	0	1	21	1282	1262	2.1	39.2
Query_635	NM_053656.3	100.000	21	0	0	1	21	1240	1220	2.1	39.2
Query_635	XM_028857030.2	100.000	21	0	0	1	21	1310	1290	2.1	39.2
Query_635	XM_037198543.1	100.000	21	0	0	1	21	1274	1254	2.1	39.2
Query_635	XM_036172222.1	100.000	21	0	0	1	21	1323	1303	2.1	39.2
Query_635	LR877209.1	100.000	21	0	0	1	21	42557658	42557638	2.1	39.2
Query_635	AF062035.1	100.000	21	0	0	1	21	160	140	2.1	39.2
Query_635	AF064549.1	100.000	21	0	0	1	21	1277	1257	2.1	39.2
Query_635	AF020759.1	100.000	21	0	0	1	21	1202	1182	2.1	39.2
Query_635	AF020758.1	100.000	21	0	0	1	21	1365	1345	2.1	39.2
Query_635	AF020756.1	100.000	21	0	0	1	21	1140	1120	2.1	39.2
Query_635	AF013241.1	100.000	21	0	0	1	21	465	445	2.1	39.2
Query_635	Y10475.1	100.000	21	0	0	1	21	1276	1256	2.1	39.2
Query_635	Y10474.1	100.000	21	0	0	1	21	1222	1202	2.1	39.2
Query_635	Y09910.1	100.000	21	0	0	1	21	2554	2534	2.1	39.2
Query_635	L43511.1	100.000	21	0	0	1	21	313	293	2.1	39.2
Query_635	U14414.1	100.000	21	0	0	1	21	1240	1220	2.1	39.2


