# blastn
# Iteration: 0
# Query: 
# RID: 7RFW5297016
# Database: nt
# Fields: query acc.ver, subject acc.ver, % identity, alignment length, mismatches, gap opens, q. start, q. end, s. start, s. end, evalue, bit score
# 100 hits found
Query_45823	XM_034934228.1	100.000	21	0	0	1	21	211	191	2.1	39.2
Query_45823	CP050595.1	100.000	21	0	0	1	21	51930390	51930370	2.1	39.2
Query_45823	CP050642.1	100.000	21	0	0	1	21	51928992	51928972	2.1	39.2
Query_45823	XM_033198009.1	100.000	21	0	0	1	21	121	101	2.1	39.2
Query_45823	XM_033180359.1	100.000	21	0	0	1	21	88	68	2.1	39.2
Query_45823	XM_033221080.1	100.000	21	0	0	1	21	432	412	2.1	39.2
Query_45823	XM_033219776.1	100.000	21	0	0	1	21	121	101	2.1	39.2
Query_45823	XM_033215697.1	100.000	21	0	0	1	21	70	50	2.1	39.2
Query_45823	XM_033214565.1	100.000	21	0	0	1	21	102	82	2.1	39.2
Query_45823	XM_033211739.1	100.000	21	0	0	1	21	102	82	2.1	39.2
Query_45823	XM_032266981.1	100.000	21	0	0	1	21	75	55	2.1	39.2
Query_45823	XM_032247205.1	100.000	21	0	0	1	21	102	82	2.1	39.2
Query_45823	XM_032239288.1	100.000	21	0	0	1	21	105	85	2.1	39.2
Query_45823	XR_004273138.1	100.000	21	0	0	1	21	109	89	2.1	39.2
Query_45823	XM_032281132.1	100.000	21	0	0	1	21	154	134	2.1	39.2
Query_45823	XM_032297803.1	100.000	21	0	0	1	21	146	126	2.1	39.2
Query_45823	XM_032297792.1	100.000	21	0	0	1	21	429	409	2.1	39.2
Query_45823	XM_032279900.1	100.000	21	0	0	1	21	129	109	2.1	39.2
Query_45823	XM_032140999.1	100.000	21	0	0	1	21	95	75	2.1	39.2
Query_45823	XM_032170900.1	100.000	21	0	0	1	21	447	427	2.1	39.2
Query_45823	XM_023210243.2	100.000	21	0	0	1	21	106	86	2.1	39.2
Query_45823	XM_026449654.2	100.000	21	0	0	1	21	135	115	2.1	39.2
Query_45823	XM_003906952.4	100.000	21	0	0	1	21	432	412	2.1	39.2
Query_45823	XM_017960125.3	100.000	21	0	0	1	21	110	90	2.1	39.2
Query_45823	XM_031663982.1	100.000	21	0	0	1	21	70	50	2.1	39.2
Query_45823	XM_021932049.2	100.000	21	0	0	1	21	1048	1028	2.1	39.2
Query_45823	XR_004179373.1	100.000	21	0	0	1	21	95	75	2.1	39.2
Query_45823	XM_031016537.1	100.000	21	0	0	1	21	448	428	2.1	39.2
Query_45823	XM_030937065.1	100.000	21	0	0	1	21	113	93	2.1	39.2
Query_45823	XM_010386804.2	100.000	21	0	0	1	21	103	83	2.1	39.2
Query_45823	XM_010367358.2	100.000	21	0	0	1	21	70	50	2.1	39.2
Query_45823	XM_030925392.1	100.000	21	0	0	1	21	75	55	2.1	39.2
Query_45823	XM_030924654.1	100.000	21	0	0	1	21	70	50	2.1	39.2
Query_45823	XM_010383933.2	100.000	21	0	0	1	21	437	417	2.1	39.2
Query_45823	XM_003259664.3	100.000	21	0	0	1	21	450	430	2.1	39.2
Query_45823	XM_028840740.1	100.000	21	0	0	1	21	86	66	2.1	39.2
Query_45823	XM_028829000.1	100.000	21	0	0	1	21	432	412	2.1	39.2
Query_45823	NG_030251.3	100.000	21	0	0	1	21	233	213	2.1	39.2
Query_45823	NM_003348.4	100.000	21	0	0	1	21	133	113	2.1	39.2
Query_45823	XM_023224645.2	100.000	21	0	0	1	21	429	409	2.1	39.2
Query_45823	XM_025629443.1	100.000	21	0	0	1	21	158	138	2.1	39.2
Query_45823	XM_025385426.1	100.000	21	0	0	1	21	70	50	2.1	39.2
Query_45823	XM_025371196.1	100.000	21	0	0	1	21	70	50	2.1	39.2
Query_45823	XM_025360329.1	100.000	21	0	0	1	21	112	92	2.1	39.2
Query_45823	XM_025401796.1	100.000	21	0	0	1	21	437	417	2.1	39.2
Query_45823	XM_025401795.1	100.000	21	0	0	1	21	383	363	2.1	39.2
Query_45823	XM_025401794.1	100.000	21	0	0	1	21	437	417	2.1	39.2
Query_45823	XR_002957379.1	100.000	21	0	0	1	21	522	502	2.1	39.2
Query_45823	XM_016943003.2	100.000	21	0	0	1	21	131	111	2.1	39.2
Query_45823	XM_001139171.5	100.000	21	0	0	1	21	448	428	2.1	39.2
Query_45823	XM_016923983.2	100.000	21	0	0	1	21	546	526	2.1	39.2
Query_45823	XM_016923982.2	100.000	21	0	0	1	21	643	623	2.1	39.2
Query_45823	XM_024246079.1	100.000	21	0	0	1	21	70	50	2.1	39.2
Query_45823	XM_023184838.1	100.000	21	0	0	1	21	70	50	2.1	39.2
Query_45823	XM_023230313.1	100.000	21	0	0	1	21	102	82	2.1	39.2
Query_45823	XM_023209859.1	100.000	21	0	0	1	21	70	50	2.1	39.2
Query_45823	XM_023229057.1	100.000	21	0	0	1	21	70	50	2.1	39.2
Query_45823	XM_012473037.2	100.000	21	0	0	1	21	126	106	2.1	39.2
Query_45823	XM_012469335.2	100.000	21	0	0	1	21	283	263	2.1	39.2
Query_45823	XM_021673631.1	100.000	21	0	0	1	21	70	50	2.1	39.2
Query_45823	XM_021672805.1	100.000	21	0	0	1	21	110	90	2.1	39.2
Query_45823	XM_019651755.1	100.000	21	0	0	1	21	70	50	2.1	39.2
Query_45823	XM_017866600.1	100.000	21	0	0	1	21	70	50	2.1	39.2
Query_45823	XM_017889027.1	100.000	21	0	0	1	21	88	68	2.1	39.2
Query_45823	XM_017864188.1	100.000	21	0	0	1	21	103	83	2.1	39.2
Query_45823	XM_017860084.1	100.000	21	0	0	1	21	98	78	2.1	39.2
Query_45823	XM_017866843.1	100.000	21	0	0	1	21	70	50	2.1	39.2
Query_45823	XM_017548627.1	100.000	21	0	0	1	21	427	407	2.1	39.2
Query_45823	XM_015442761.1	100.000	21	0	0	1	21	94	74	2.1	39.2
Query_45823	XM_011744704.1	100.000	21	0	0	1	21	429	409	2.1	39.2
Query_45823	XM_012049889.1	100.000	21	0	0	1	21	168	148	2.1	39.2
Query_45823	XM_012032899.1	100.000	21	0	0	1	21	420	400	2.1	39.2
Query_45823	XM_011757978.1	100.000	21	0	0	1	21	94	74	2.1	39.2
Query_45823	XM_012087027.1	100.000	21	0	0	1	21	93	73	2.1	39.2
Query_45823	XM_012086378.1	100.000	21	0	0	1	21	432	412	2.1	39.2
Query_45823	XM_011932042.1	100.000	21	0	0	1	21	114	94	2.1	39.2
Query_45823	XM_011969790.1	100.000	21	0	0	1	21	104	84	2.1	39.2
Query_45823	XM_011961487.1	100.000	21	0	0	1	21	46	26	2.1	39.2
Query_45823	XM_011994006.1	100.000	21	0	0	1	21	121	101	2.1	39.2
Query_45823	XM_011993173.1	100.000	21	0	0	1	21	141	121	2.1	39.2
Query_45823	HG994385.1	100.000	21	0	0	1	21	54981796	54981776	2.1	39.2
Query_45823	XM_039475258.1	100.000	21	0	0	1	21	70	50	2.1	39.2
Query_45823	XM_039471644.1	100.000	21	0	0	1	21	430	410	2.1	39.2
Query_45823	XM_039471344.1	100.000	21	0	0	1	21	70	50	2.1	39.2
Query_45823	XM_039471339.1	100.000	21	0	0	1	21	102	82	2.1	39.2
Query_45823	XM_038008386.1	100.000	21	0	0	1	21	104	84	2.1	39.2
Query_45823	XM_008004246.2	100.000	21	0	0	1	21	431	411	2.1	39.2
Query_45823	XM_038005196.1	100.000	21	0	0	1	21	114	94	2.1	39.2
Query_45823	XM_017502871.2	100.000	21	0	0	1	21	101	81	2.1	39.2
Query_45823	XM_017541827.2	100.000	21	0	0	1	21	96	76	2.1	39.2
Query_45823	XM_017537894.2	100.000	21	0	0	1	21	128	108	2.1	39.2
Query_45823	XM_017534874.2	100.000	21	0	0	1	21	105	85	2.1	39.2
Query_45823	XM_009004044.4	100.000	21	0	0	1	21	141	121	2.1	39.2
Query_45823	XM_035257336.1	100.000	21	0	0	1	21	70	50	2.1	39.2
Query_45823	XM_035258513.1	100.000	21	0	0	1	21	122	102	2.1	39.2
Query_45823	XM_009004364.3	100.000	21	0	0	1	21	149	129	2.1	39.2
Query_45823	XM_002751685.5	100.000	21	0	0	1	21	134	114	2.1	39.2
Query_45823	XM_035280129.1	100.000	21	0	0	1	21	99	79	2.1	39.2
Query_45823	XM_008981865.2	100.000	21	0	0	1	21	200	180	2.1	39.2
Query_45823	XM_035300807.1	100.000	21	0	0	1	21	70	50	2.1	39.2


