# blastn
# Iteration: 0
# Query: 
# RID: 9PMBVWJH016
# Database: nt
# Fields: query acc.ver, subject acc.ver, % identity, alignment length, mismatches, gap opens, q. start, q. end, s. start, s. end, evalue, bit score
# 100 hits found
Query_44069	XM_034986442.1	100.000	21	0	0	1	21	365	345	2.1	39.2
Query_44069	XM_034945734.1	100.000	21	0	0	1	21	288	268	2.1	39.2
Query_44069	AP023166.1	100.000	21	0	0	1	21	5449941	5449961	2.1	39.2
Query_44069	XM_033844831.1	100.000	21	0	0	1	21	577	557	2.1	39.2
Query_44069	XM_004283250.2	100.000	21	0	0	1	21	577	557	2.1	39.2
Query_44069	XM_033224775.1	100.000	21	0	0	1	21	633	613	2.1	39.2
Query_44069	XM_033127806.1	100.000	21	0	0	1	21	568	548	2.1	39.2
Query_44069	XM_032847714.1	100.000	21	0	0	1	21	111	91	2.1	39.2
Query_44069	XM_032614966.1	100.000	21	0	0	1	21	577	557	2.1	39.2
Query_44069	XM_032487481.1	100.000	21	0	0	1	21	577	557	2.1	39.2
Query_44069	XM_032388640.1	100.000	21	0	0	1	21	706	686	2.1	39.2
Query_44069	XM_032324808.1	100.000	21	0	0	1	21	517	497	2.1	39.2
Query_44069	XM_032171460.1	100.000	21	0	0	1	21	348	328	2.1	39.2
Query_44069	LR738419.1	100.000	21	0	0	1	21	60208426	60208446	2.1	39.2
Query_44069	XM_031964148.1	100.000	21	0	0	1	21	588	568	2.1	39.2
Query_44069	XM_023197562.3	100.000	21	0	0	1	21	629	609	2.1	39.2
Query_44069	NM_001194143.2	100.000	21	0	0	1	21	711	691	2.1	39.2
Query_44069	XM_031659367.1	100.000	21	0	0	1	21	702	682	2.1	39.2
Query_44069	XM_010989212.2	100.000	21	0	0	1	21	570	550	2.1	39.2
Query_44069	XM_006747778.2	100.000	21	0	0	1	21	606	586	2.1	39.2
Query_44069	XM_004061618.3	100.000	21	0	0	1	21	640	620	2.1	39.2
Query_44069	XR_002003000.2	100.000	21	0	0	1	21	224	204	2.1	39.2
Query_44069	XM_010361181.2	100.000	21	0	0	1	21	607	587	2.1	39.2
Query_44069	XM_030848376.1	100.000	21	0	0	1	21	577	557	2.1	39.2
Query_44069	XM_030819428.1	100.000	21	0	0	1	21	936	916	2.1	39.2
Query_44069	XM_022564888.2	100.000	21	0	0	1	21	598	578	2.1	39.2
Query_44069	XM_030297580.1	100.000	21	0	0	1	21	123	103	2.1	39.2
Query_44069	XM_029926448.1	100.000	21	0	0	1	21	101	81	2.1	39.2
Query_44069	XM_029240889.1	100.000	21	0	0	1	21	640	620	2.1	39.2
Query_44069	NM_003969.4	100.000	21	0	0	1	21	291	271	2.1	39.2
Query_44069	XM_007123110.3	100.000	21	0	0	1	21	632	612	2.1	39.2
Query_44069	XM_027097413.1	100.000	21	0	0	1	21	640	620	2.1	39.2
Query_44069	XM_027037588.1	100.000	21	0	0	1	21	151	131	2.1	39.2
Query_44069	XM_026489448.1	100.000	21	0	0	1	21	118	98	2.1	39.2
Query_44069	XM_027978947.1	100.000	21	0	0	1	21	110	90	2.1	39.2
Query_44069	XM_027978945.1	100.000	21	0	0	1	21	110	90	2.1	39.2
Query_44069	XM_027859172.1	100.000	21	0	0	1	21	108	88	2.1	39.2
Query_44069	CP034522.1	100.000	21	0	0	1	21	59009688	59009708	2.1	39.2
Query_44069	CP034497.1	100.000	21	0	0	1	21	59009688	59009708	2.1	39.2
Query_44069	XM_027619724.1	100.000	21	0	0	1	21	320	300	2.1	39.2
Query_44069	XM_027514594.1	100.000	21	0	0	1	21	624	604	2.1	39.2
Query_44069	XM_025849383.1	100.000	21	0	0	1	21	320	300	2.1	39.2
Query_44069	XM_025848705.1	100.000	21	0	0	1	21	320	300	2.1	39.2
Query_44069	XM_025367066.1	100.000	21	0	0	1	21	903	883	2.1	39.2
Query_44069	XM_025367065.1	100.000	21	0	0	1	21	903	883	2.1	39.2
Query_44069	XM_025270420.1	100.000	21	0	0	1	21	165	145	2.1	39.2
Query_44069	XM_006067295.2	100.000	21	0	0	1	21	147	127	2.1	39.2
Query_44069	XM_015458446.2	100.000	21	0	0	1	21	624	604	2.1	39.2
Query_44069	XM_011751675.2	100.000	21	0	0	1	21	712	692	2.1	39.2
Query_44069	XM_024740917.1	100.000	21	0	0	1	21	61	41	2.1	39.2
Query_44069	XM_024570231.1	100.000	21	0	0	1	21	106	86	2.1	39.2
Query_44069	XM_016937020.2	100.000	21	0	0	1	21	746	726	2.1	39.2
Query_44069	XM_024237018.1	100.000	21	0	0	1	21	656	636	2.1	39.2
Query_44069	XM_001495644.6	100.000	21	0	0	1	21	638	618	2.1	39.2
Query_44069	XM_011384637.2	100.000	21	0	0	1	21	625	605	2.1	39.2
Query_44069	XM_004472716.3	100.000	21	0	0	1	21	181	161	2.1	39.2
Query_44069	XM_023245780.1	100.000	21	0	0	1	21	142	122	2.1	39.2
Query_44069	XM_022492304.1	100.000	21	0	0	1	21	320	300	2.1	39.2
Query_44069	XM_022492267.1	100.000	21	0	0	1	21	159	139	2.1	39.2
Query_44069	XM_021708408.1	100.000	21	0	0	1	21	358	338	2.1	39.2
Query_44069	XM_021691852.1	100.000	21	0	0	1	21	664	644	2.1	39.2
Query_44069	XM_021691850.1	100.000	21	0	0	1	21	663	643	2.1	39.2
Query_44069	XM_021097419.1	100.000	21	0	0	1	21	497	477	2.1	39.2
Query_44069	XM_020971922.1	100.000	21	0	0	1	21	140	120	2.1	39.2
Query_44069	XM_012752406.2	100.000	21	0	0	1	21	689	669	2.1	39.2
Query_44069	LT735850.1	100.000	21	0	0	1	21	548	528	2.1	39.2
Query_44069	XM_019978166.1	100.000	21	0	0	1	21	110	90	2.1	39.2
Query_44069	XM_019633350.1	100.000	21	0	0	1	21	657	637	2.1	39.2
Query_44069	XM_019438696.1	100.000	21	0	0	1	21	564	544	2.1	39.2
Query_44069	XM_019438694.1	100.000	21	0	0	1	21	564	544	2.1	39.2
Query_44069	XM_018063555.1	100.000	21	0	0	1	21	626	606	2.1	39.2
Query_44069	XM_017850506.1	100.000	21	0	0	1	21	641	621	2.1	39.2
Query_44069	XM_002721900.3	100.000	21	0	0	1	21	594	574	2.1	39.2
Query_44069	CP068259.2	100.000	21	0	0	1	21	61655998	61656018	2.1	39.2
Query_44069	XM_040978181.1	100.000	21	0	0	1	21	316	296	2.1	39.2
Query_44069	XM_040632897.1	100.000	21	0	0	1	21	111	91	2.1	39.2
Query_44069	XM_040465311.1	100.000	21	0	0	1	21	144	124	2.1	39.2
Query_44069	FR990136.1	100.000	21	0	0	1	21	12235786	12235806	2.1	39.2
Query_44069	XM_040251830.1	100.000	21	0	0	1	21	582	562	2.1	39.2
Query_44069	XM_040251829.1	100.000	21	0	0	1	21	582	562	2.1	39.2
Query_44069	XM_039868785.1	100.000	21	0	0	1	21	621	601	2.1	39.2
Query_44069	XM_039225255.1	100.000	21	0	0	1	21	611	591	2.1	39.2
Query_44069	XM_038655543.1	100.000	21	0	0	1	21	606	586	2.1	39.2
Query_44069	XM_541337.6	100.000	21	0	0	1	21	606	586	2.1	39.2
Query_44069	XM_007998466.2	100.000	21	0	0	1	21	815	795	2.1	39.2
Query_44069	XM_037517301.1	100.000	21	0	0	1	21	163	143	2.1	39.2
Query_44069	XM_037148485.1	100.000	21	0	0	1	21	239	219	2.1	39.2
Query_44069	XM_037047667.1	100.000	21	0	0	1	21	157	137	2.1	39.2
Query_44069	XM_017678136.2	100.000	21	0	0	1	21	107	87	2.1	39.2
Query_44069	XM_036901378.1	100.000	21	0	0	1	21	1101	1081	2.1	39.2
Query_44069	XM_036833162.1	100.000	21	0	0	1	21	580	560	2.1	39.2
Query_44069	XM_036743213.1	100.000	21	0	0	1	21	563	543	2.1	39.2
Query_44069	XM_036426083.1	100.000	21	0	0	1	21	269	249	2.1	39.2
Query_44069	XM_036311451.1	100.000	21	0	0	1	21	619	599	2.1	39.2
Query_44069	XM_036273895.1	100.000	21	0	0	1	21	269	249	2.1	39.2
Query_44069	XM_016125757.2	100.000	21	0	0	1	21	296	276	2.1	39.2
Query_44069	AP023479.1	100.000	21	0	0	1	21	59041128	59041148	2.1	39.2
Query_44069	XM_036079788.1	100.000	21	0	0	1	21	320	300	2.1	39.2
Query_44069	XM_028530497.2	100.000	21	0	0	1	21	203	183	2.1	39.2
Query_44069	XM_025421358.2	100.000	21	0	0	1	21	134	114	2.1	39.2


