# blastn
# Iteration: 0
# Query: 
# RID: 8YSD5J8Z013
# Database: nt
# Fields: query acc.ver, subject acc.ver, % identity, alignment length, mismatches, gap opens, q. start, q. end, s. start, s. end, evalue, bit score
# 100 hits found
Query_28473	XM_040741411.1	100.000	21	0	0	1	21	392	372	2.1	39.2
Query_28473	XM_008710808.2	100.000	21	0	0	1	21	415	395	2.1	39.2
Query_28473	XM_008710807.2	100.000	21	0	0	1	21	414	394	2.1	39.2
Query_28473	XM_040625540.1	100.000	21	0	0	1	21	416	396	2.1	39.2
Query_28473	XR_005833614.1	100.000	21	0	0	1	21	416	396	2.1	39.2
Query_28473	XM_040625539.1	100.000	21	0	0	1	21	416	396	2.1	39.2
Query_28473	XM_040585629.1	100.000	21	0	0	1	21	415	395	2.1	39.2
Query_28473	XM_040585628.1	100.000	21	0	0	1	21	578	558	2.1	39.2
Query_28473	XR_005826679.1	100.000	21	0	0	1	21	401	381	2.1	39.2
Query_28473	XM_040585626.1	100.000	21	0	0	1	21	401	381	2.1	39.2
Query_28473	XM_040487575.1	100.000	21	0	0	1	21	373	353	2.1	39.2
Query_28473	XM_040293935.1	100.000	21	0	0	1	21	352	332	2.1	39.2
Query_28473	XM_005335831.3	100.000	21	0	0	1	21	380	360	2.1	39.2
Query_28473	XM_040262050.1	100.000	21	0	0	1	21	373	353	2.1	39.2
Query_28473	XR_005701571.1	100.000	21	0	0	1	21	331	311	2.1	39.2
Query_28473	XM_040068808.1	100.000	21	0	0	1	21	360	340	2.1	39.2
Query_28473	XM_040068806.1	100.000	21	0	0	1	21	330	310	2.1	39.2
Query_28473	HG994412.1	100.000	21	0	0	1	21	24627094	24627114	2.1	39.2
Query_28473	XR_005626829.1	100.000	21	0	0	1	21	337	317	2.1	39.2
Query_28473	XM_039702821.1	100.000	21	0	0	1	21	337	317	2.1	39.2
Query_28473	XR_005626828.1	100.000	21	0	0	1	21	337	317	2.1	39.2
Query_28473	XR_005626827.1	100.000	21	0	0	1	21	337	317	2.1	39.2
Query_28473	XM_039702820.1	100.000	21	0	0	1	21	336	316	2.1	39.2
Query_28473	XM_039702819.1	100.000	21	0	0	1	21	693	673	2.1	39.2
Query_28473	XM_039702818.1	100.000	21	0	0	1	21	294	274	2.1	39.2
Query_28473	XM_039702817.1	100.000	21	0	0	1	21	337	317	2.1	39.2
Query_28473	XM_039571522.1	100.000	21	0	0	1	21	366	346	2.1	39.2
Query_28473	XM_039571520.1	100.000	21	0	0	1	21	313	293	2.1	39.2
Query_28473	XM_039571516.1	100.000	21	0	0	1	21	316	296	2.1	39.2
Query_28473	XM_039524425.1	100.000	21	0	0	1	21	392	372	2.1	39.2
Query_28473	XM_039524424.1	100.000	21	0	0	1	21	391	371	2.1	39.2
Query_28473	XM_039524423.1	100.000	21	0	0	1	21	393	373	2.1	39.2
Query_28473	XM_039524422.1	100.000	21	0	0	1	21	393	373	2.1	39.2
Query_28473	XM_003940686.2	100.000	21	0	0	1	21	374	354	2.1	39.2
Query_28473	XM_039379837.1	100.000	21	0	0	1	21	324	304	2.1	39.2
Query_28473	XM_039379836.1	100.000	21	0	0	1	21	356	336	2.1	39.2
Query_28473	XM_039379835.1	100.000	21	0	0	1	21	371	351	2.1	39.2
Query_28473	XM_027722050.2	100.000	21	0	0	1	21	371	351	2.1	39.2
Query_28473	XM_039238384.1	100.000	21	0	0	1	21	289	269	2.1	39.2
Query_28473	XM_039238383.1	100.000	21	0	0	1	21	373	353	2.1	39.2
Query_28473	LR991036.1	100.000	21	0	0	1	21	19028089	19028069	2.1	39.2
Query_28473	XM_038441410.1	100.000	21	0	0	1	21	446	426	2.1	39.2
Query_28473	XM_038441409.1	100.000	21	0	0	1	21	380	360	2.1	39.2
Query_28473	XM_038441408.1	100.000	21	0	0	1	21	380	360	2.1	39.2
Query_28473	XM_038441407.1	100.000	21	0	0	1	21	380	360	2.1	39.2
Query_28473	XM_038460825.1	100.000	21	0	0	1	21	446	426	2.1	39.2
Query_28473	XM_544128.6	100.000	21	0	0	1	21	380	360	2.1	39.2
Query_28473	XM_022412442.2	100.000	21	0	0	1	21	380	360	2.1	39.2
Query_28473	XM_022412441.2	100.000	21	0	0	1	21	380	360	2.1	39.2
Query_28473	XM_038347775.1	100.000	21	0	0	1	21	326	306	2.1	39.2
Query_28473	XR_005255694.1	100.000	21	0	0	1	21	339	319	2.1	39.2
Query_28473	XM_038126984.1	100.000	21	0	0	1	21	256	236	2.1	39.2
Query_28473	XM_038126983.1	100.000	21	0	0	1	21	339	319	2.1	39.2
Query_28473	XM_038126982.1	100.000	21	0	0	1	21	301	281	2.1	39.2
Query_28473	XM_038126981.1	100.000	21	0	0	1	21	340	320	2.1	39.2
Query_28473	XM_008000897.2	100.000	21	0	0	1	21	421	401	2.1	39.2
Query_28473	XM_038000381.1	100.000	21	0	0	1	21	472	452	2.1	39.2
Query_28473	XM_008000899.2	100.000	21	0	0	1	21	394	374	2.1	39.2
Query_28473	XM_037892427.1	100.000	21	0	0	1	21	405	385	2.1	39.2
Query_28473	XM_037892426.1	100.000	21	0	0	1	21	375	355	2.1	39.2
Query_28473	XM_037892425.1	100.000	21	0	0	1	21	405	385	2.1	39.2
Query_28473	XM_037892424.1	100.000	21	0	0	1	21	405	385	2.1	39.2
Query_28473	XM_037892423.1	100.000	21	0	0	1	21	405	385	2.1	39.2
Query_28473	XM_037830081.1	100.000	21	0	0	1	21	310	290	2.1	39.2
Query_28473	XM_037802819.1	100.000	21	0	0	1	21	301	281	2.1	39.2
Query_28473	XM_037802818.1	100.000	21	0	0	1	21	311	291	2.1	39.2
Query_28473	XM_037735437.1	100.000	21	0	0	1	21	327	307	2.1	39.2
Query_28473	XM_017520170.2	100.000	21	0	0	1	21	367	347	2.1	39.2
Query_28473	XM_017520171.2	100.000	21	0	0	1	21	374	354	2.1	39.2
Query_28473	XM_037505287.1	100.000	21	0	0	1	21	655	635	2.1	39.2
Query_28473	XM_037505278.1	100.000	21	0	0	1	21	387	367	2.1	39.2
Query_28473	XM_037505272.1	100.000	21	0	0	1	21	374	354	2.1	39.2
Query_28473	XM_037379052.1	100.000	21	0	0	1	21	417	397	2.1	39.2
Query_28473	XM_037379051.1	100.000	21	0	0	1	21	577	557	2.1	39.2
Query_28473	XR_005102966.1	100.000	21	0	0	1	21	401	381	2.1	39.2
Query_28473	XM_037379050.1	100.000	21	0	0	1	21	401	381	2.1	39.2
Query_28473	XM_037206429.1	100.000	21	0	0	1	21	379	359	2.1	39.2
Query_28473	XM_028864631.2	100.000	21	0	0	1	21	378	358	2.1	39.2
Query_28473	XM_037150958.1	100.000	21	0	0	1	21	360	340	2.1	39.2
Query_28473	XM_037150957.1	100.000	21	0	0	1	21	360	340	2.1	39.2
Query_28473	XM_037150956.1	100.000	21	0	0	1	21	360	340	2.1	39.2
Query_28473	XM_037150955.1	100.000	21	0	0	1	21	486	466	2.1	39.2
Query_28473	XM_037150954.1	100.000	21	0	0	1	21	529	509	2.1	39.2
Query_28473	XM_037150953.1	100.000	21	0	0	1	21	1209	1189	2.1	39.2
Query_28473	XM_037150952.1	100.000	21	0	0	1	21	393	373	2.1	39.2
Query_28473	XM_037150950.1	100.000	21	0	0	1	21	360	340	2.1	39.2
Query_28473	XM_037039733.1	100.000	21	0	0	1	21	500	480	2.1	39.2
Query_28473	XM_037039732.1	100.000	21	0	0	1	21	407	387	2.1	39.2
Query_28473	XM_037039731.1	100.000	21	0	0	1	21	388	368	2.1	39.2
Query_28473	XM_037039730.1	100.000	21	0	0	1	21	388	368	2.1	39.2
Query_28473	XM_037039729.1	100.000	21	0	0	1	21	388	368	2.1	39.2
Query_28473	XM_037039728.1	100.000	21	0	0	1	21	388	368	2.1	39.2
Query_28473	XM_037039727.1	100.000	21	0	0	1	21	388	368	2.1	39.2
Query_28473	XM_036997962.1	100.000	21	0	0	1	21	417	397	2.1	39.2
Query_28473	XM_036997961.1	100.000	21	0	0	1	21	379	359	2.1	39.2
Query_28473	XM_036887525.1	100.000	21	0	0	1	21	417	397	2.1	39.2
Query_28473	XM_036887524.1	100.000	21	0	0	1	21	376	356	2.1	39.2
Query_28473	XM_036437154.1	100.000	21	0	0	1	21	379	359	2.1	39.2
Query_28473	XM_036401219.1	100.000	21	0	0	1	21	317	297	2.1	39.2
Query_28473	XM_036338550.1	100.000	21	0	0	1	21	355	335	2.1	39.2


