# blastn
# Iteration: 0
# Query: 
# RID: 6MBJZRV1016
# Database: nt
# Fields: query acc.ver, subject acc.ver, % identity, alignment length, mismatches, gap opens, q. start, q. end, s. start, s. end, evalue, bit score
# 55 hits found
Query_46537	XM_034944208.1	100.000	21	0	0	1	21	289	269	2.0	39.2
Query_46537	XM_034944207.1	100.000	21	0	0	1	21	302	282	2.0	39.2
Query_46537	XM_034944206.1	100.000	21	0	0	1	21	222	202	2.0	39.2
Query_46537	XM_033199911.1	100.000	21	0	0	1	21	301	281	2.0	39.2
Query_46537	XM_032147985.1	100.000	21	0	0	1	21	233	213	2.0	39.2
Query_46537	XM_019016478.2	100.000	21	0	0	1	21	289	269	2.0	39.2
Query_46537	XM_030798515.1	100.000	21	0	0	1	21	320	300	2.0	39.2
Query_46537	XM_015122268.2	100.000	21	0	0	1	21	296	276	2.0	39.2
Query_46537	NM_004359.2	100.000	21	0	0	1	21	252	232	2.0	39.2
Query_46537	XM_015157568.2	100.000	21	0	0	1	21	357	337	2.0	39.2
Query_46537	XM_026978036.1	100.000	21	0	0	1	21	238	218	2.0	39.2
Query_46537	XM_001973070.3	100.000	21	0	0	1	21	357	337	2.0	39.2
Query_46537	XM_026457267.1	100.000	21	0	0	1	21	174	154	2.0	39.2
Query_46537	CP032402.1	100.000	21	0	0	1	21	6162291	6162311	2.0	39.2
Query_46537	CP031842.1	100.000	21	0	0	1	21	477852	477832	2.0	39.2
Query_46537	CP034522.1	100.000	21	0	0	1	21	472011	471991	2.0	39.2
Query_46537	CP034497.1	100.000	21	0	0	1	21	472011	471991	2.0	39.2
Query_46537	XM_025374679.1	100.000	21	0	0	1	21	296	276	2.0	39.2
Query_46537	XM_011749512.2	100.000	21	0	0	1	21	294	274	2.0	39.2
Query_46537	XM_009434229.3	100.000	21	0	0	1	21	293	273	2.0	39.2
Query_46537	LT744874.1	100.000	21	0	0	1	21	567	547	2.0	39.2
Query_46537	XM_005259690.3	100.000	21	0	0	1	21	292	272	2.0	39.2
Query_46537	CP012154.1	100.000	21	0	0	1	21	1585589	1585609	2.0	39.2
Query_46537	XM_012645352.1	100.000	21	0	0	1	21	272	252	2.0	39.2
Query_46537	XM_012072747.1	100.000	21	0	0	1	21	295	275	2.0	39.2
Query_46537	XM_011963970.1	100.000	21	0	0	1	21	90	70	2.0	39.2
Query_46537	XM_011963969.1	100.000	21	0	0	1	21	90	70	2.0	39.2
Query_46537	XM_006722952.2	100.000	21	0	0	1	21	292	272	2.0	39.2
Query_46537	KJ890880.1	100.000	21	0	0	1	21	145	125	2.0	39.2
Query_46537	XM_020318349.2	100.000	21	0	0	1	21	343	363	2.0	39.2
Query_46537	CP068259.1	100.000	21	0	0	1	21	485409	485389	2.0	39.2
Query_46537	XM_007994557.2	100.000	21	0	0	1	21	298	278	2.0	39.2
Query_46537	XM_037558063.1	100.000	21	0	0	1	21	346	366	2.0	39.2
Query_46537	XM_037504886.1	100.000	21	0	0	1	21	90	70	2.0	39.2
Query_46537	XM_037504885.1	100.000	21	0	0	1	21	283	263	2.0	39.2
Query_46537	AP023479.1	100.000	21	0	0	1	21	293349	293329	2.0	39.2
Query_46537	AP023479.1	100.000	21	0	0	1	21	370043	370023	2.0	39.2
Query_46537	AB590273.1	100.000	21	0	0	1	21	89	69	2.0	39.2
Query_46537	CU676208.1	100.000	21	0	0	1	21	96	76	2.0	39.2
Query_46537	AK291554.1	100.000	21	0	0	1	21	281	261	2.0	39.2
Query_46537	DQ893910.2	100.000	21	0	0	1	21	102	82	2.0	39.2
Query_46537	DQ890738.2	100.000	21	0	0	1	21	102	82	2.0	39.2
Query_46537	AY650399.1	100.000	21	0	0	1	21	2279	2259	2.0	39.2
Query_46537	BC023979.1	100.000	21	0	0	1	21	256	236	2.0	39.2
Query_46537	BT008039.1	100.000	21	0	0	1	21	80	60	2.0	39.2
Query_46537	BT006659.1	100.000	21	0	0	1	21	80	60	2.0	39.2
Query_46537	AC011556.9	100.000	21	0	0	1	21	493	473	2.0	39.2
Query_46537	AC011531.7	100.000	21	0	0	1	21	21500	21480	2.0	39.2
Query_46537	BC018143.2	100.000	21	0	0	1	21	282	262	2.0	39.2
Query_46537	BC009850.2	100.000	21	0	0	1	21	279	259	2.0	39.2
Query_46537	L22005.1	100.000	21	0	0	1	21	266	246	2.0	39.2
Query_46537	XM_029111013.1	100.000	20	0	0	2	21	1636	1617	7.1	37.4
Query_46537	XM_023843893.1	100.000	20	0	0	1	20	735	716	7.1	37.4
Query_46537	CP017780.1	100.000	20	0	0	2	21	7106722	7106741	7.1	37.4
Query_46537	CP017113.1	100.000	20	0	0	1	20	553844	553825	7.1	37.4


