# blastn
# Iteration: 0
# Query: 
# RID: 9PNF6CPZ013
# Database: nt
# Fields: query acc.ver, subject acc.ver, % identity, alignment length, mismatches, gap opens, q. start, q. end, s. start, s. end, evalue, bit score
# 100 hits found
Query_23889	XM_034991888.1	100.000	21	0	0	1	21	2251	2231	2.1	39.2
Query_23889	XM_034991887.1	100.000	21	0	0	1	21	2335	2315	2.1	39.2
Query_23889	XM_034991886.1	100.000	21	0	0	1	21	2293	2273	2.1	39.2
Query_23889	XM_034962171.1	100.000	21	0	0	1	21	2152	2132	2.1	39.2
Query_23889	XM_008958732.2	100.000	21	0	0	1	21	2354	2334	2.1	39.2
Query_23889	XM_003833230.2	100.000	21	0	0	1	21	2325	2305	2.1	39.2
Query_23889	XM_034647925.1	100.000	21	0	0	1	21	2231	2211	2.1	39.2
Query_23889	XM_034647924.1	100.000	21	0	0	1	21	2237	2217	2.1	39.2
Query_23889	XM_034647923.1	100.000	21	0	0	1	21	2246	2226	2.1	39.2
Query_23889	XM_034647922.1	100.000	21	0	0	1	21	2264	2244	2.1	39.2
Query_23889	XM_034647921.1	100.000	21	0	0	1	21	2342	2322	2.1	39.2
Query_23889	XM_034647919.1	100.000	21	0	0	1	21	2410	2390	2.1	39.2
Query_23889	XM_034647918.1	100.000	21	0	0	1	21	2483	2463	2.1	39.2
Query_23889	XM_034647917.1	100.000	21	0	0	1	21	2279	2259	2.1	39.2
Query_23889	CP050578.1	100.000	21	0	0	1	21	12595898	12595878	2.1	39.2
Query_23889	CP050616.1	100.000	21	0	0	1	21	12608009	12607989	2.1	39.2
Query_23889	XM_033217305.1	100.000	21	0	0	1	21	2516	2496	2.1	39.2
Query_23889	XM_033217304.1	100.000	21	0	0	1	21	2413	2393	2.1	39.2
Query_23889	XM_033217303.1	100.000	21	0	0	1	21	2288	2268	2.1	39.2
Query_23889	XM_033217302.1	100.000	21	0	0	1	21	2452	2432	2.1	39.2
Query_23889	XM_033217301.1	100.000	21	0	0	1	21	2327	2307	2.1	39.2
Query_23889	XM_032862065.1	100.000	21	0	0	1	21	2275	2255	2.1	39.2
Query_23889	XM_032862064.1	100.000	21	0	0	1	21	2317	2297	2.1	39.2
Query_23889	XM_030315606.2	100.000	21	0	0	1	21	2313	2293	2.1	39.2
Query_23889	XM_032463165.1	100.000	21	0	0	1	21	2288	2268	2.1	39.2
Query_23889	XM_032463164.1	100.000	21	0	0	1	21	2442	2422	2.1	39.2
Query_23889	XM_032463163.1	100.000	21	0	0	1	21	2327	2307	2.1	39.2
Query_23889	XM_032409747.1	100.000	21	0	0	1	21	2260	2240	2.1	39.2
Query_23889	XM_032409745.1	100.000	21	0	0	1	21	2302	2282	2.1	39.2
Query_23889	XM_032340102.1	100.000	21	0	0	1	21	2297	2277	2.1	39.2
Query_23889	XM_032340101.1	100.000	21	0	0	1	21	2336	2316	2.1	39.2
Query_23889	XM_032299538.1	100.000	21	0	0	1	21	2233	2213	2.1	39.2
Query_23889	XM_032299537.1	100.000	21	0	0	1	21	2367	2347	2.1	39.2
Query_23889	XM_032299536.1	100.000	21	0	0	1	21	2399	2379	2.1	39.2
Query_23889	XM_032299535.1	100.000	21	0	0	1	21	2393	2373	2.1	39.2
Query_23889	XM_032299534.1	100.000	21	0	0	1	21	2316	2296	2.1	39.2
Query_23889	XM_040983458.1	100.000	21	0	0	1	21	2309	2289	2.1	39.2
Query_23889	XM_040643530.1	100.000	21	0	0	1	21	2377	2357	2.1	39.2
Query_23889	XM_040643528.1	100.000	21	0	0	1	21	2516	2496	2.1	39.2
Query_23889	XM_040643527.1	100.000	21	0	0	1	21	2572	2552	2.1	39.2
Query_23889	XM_040473640.1	100.000	21	0	0	1	21	2275	2255	2.1	39.2
Query_23889	XM_040473639.1	100.000	21	0	0	1	21	2214	2194	2.1	39.2
Query_23889	XM_040473638.1	100.000	21	0	0	1	21	2317	2297	2.1	39.2
Query_23889	XM_013355738.3	100.000	21	0	0	1	21	2403	2383	2.1	39.2
Query_23889	XM_021721854.2	100.000	21	0	0	1	21	2451	2431	2.1	39.2
Query_23889	HG994392.1	100.000	21	0	0	1	21	13811838	13811818	2.1	39.2
Query_23889	XM_039466881.1	100.000	21	0	0	1	21	2440	2420	2.1	39.2
Query_23889	XM_010333936.2	100.000	21	0	0	1	21	2490	2470	2.1	39.2
Query_23889	XM_039466875.1	100.000	21	0	0	1	21	2316	2296	2.1	39.2
Query_23889	XM_039231230.1	100.000	21	0	0	1	21	2314	2294	2.1	39.2
Query_23889	XM_038683648.1	100.000	21	0	0	1	21	2266	2246	2.1	39.2
Query_23889	XM_038683647.1	100.000	21	0	0	1	21	2326	2306	2.1	39.2
Query_23889	XM_038683646.1	100.000	21	0	0	1	21	2308	2288	2.1	39.2
Query_23889	XM_005627398.4	100.000	21	0	0	1	21	2266	2246	2.1	39.2
Query_23889	XM_014118472.3	100.000	21	0	0	1	21	2326	2306	2.1	39.2
Query_23889	XM_846912.7	100.000	21	0	0	1	21	2308	2288	2.1	39.2
Query_23889	XM_007972423.2	100.000	21	0	0	1	21	2388	2368	2.1	39.2
Query_23889	XM_038006128.1	100.000	21	0	0	1	21	2413	2393	2.1	39.2
Query_23889	XM_038006127.1	100.000	21	0	0	1	21	2309	2289	2.1	39.2
Query_23889	XM_007972424.2	100.000	21	0	0	1	21	2452	2432	2.1	39.2
Query_23889	XM_007972422.2	100.000	21	0	0	1	21	2348	2328	2.1	39.2
Query_23889	XM_037843300.1	100.000	21	0	0	1	21	2213	2193	2.1	39.2
Query_23889	XM_037843299.1	100.000	21	0	0	1	21	2264	2244	2.1	39.2
Query_23889	XM_037843298.1	100.000	21	0	0	1	21	2316	2296	2.1	39.2
Query_23889	XM_037843297.1	100.000	21	0	0	1	21	2303	2283	2.1	39.2
Query_23889	XM_017547408.2	100.000	21	0	0	1	21	2295	2275	2.1	39.2
Query_23889	XM_037745344.1	100.000	21	0	0	1	21	2367	2347	2.1	39.2
Query_23889	XM_017547404.2	100.000	21	0	0	1	21	2336	2316	2.1	39.2
Query_23889	XM_017547403.2	100.000	21	0	0	1	21	2393	2373	2.1	39.2
Query_23889	XM_017547402.2	100.000	21	0	0	1	21	2311	2291	2.1	39.2
Query_23889	XM_037519798.1	100.000	21	0	0	1	21	2306	2286	2.1	39.2
Query_23889	XM_037519797.1	100.000	21	0	0	1	21	2239	2219	2.1	39.2
Query_23889	XM_028887108.2	100.000	21	0	0	1	21	2259	2239	2.1	39.2
Query_23889	XM_036868838.1	100.000	21	0	0	1	21	1931	1911	2.1	39.2
Query_23889	XM_036868837.1	100.000	21	0	0	1	21	2254	2234	2.1	39.2
Query_23889	XM_036868836.1	100.000	21	0	0	1	21	2275	2255	2.1	39.2
Query_23889	XM_036868835.1	100.000	21	0	0	1	21	2292	2272	2.1	39.2
Query_23889	XM_036868834.1	100.000	21	0	0	1	21	2451	2431	2.1	39.2
Query_23889	XM_036868833.1	100.000	21	0	0	1	21	2386	2366	2.1	39.2
Query_23889	XM_036868832.1	100.000	21	0	0	1	21	2469	2449	2.1	39.2
Query_23889	XM_036868831.1	100.000	21	0	0	1	21	2314	2294	2.1	39.2
Query_23889	XM_004590404.2	100.000	21	0	0	1	21	2294	2274	2.1	39.2
Query_23889	XM_036082770.1	100.000	21	0	0	1	21	2283	2263	2.1	39.2
Query_23889	XM_036082769.1	100.000	21	0	0	1	21	2214	2194	2.1	39.2
Query_23889	XM_036082767.1	100.000	21	0	0	1	21	2325	2305	2.1	39.2
Query_23889	XM_025418885.2	100.000	21	0	0	1	21	2271	2251	2.1	39.2
Query_23889	XM_035697506.1	100.000	21	0	0	1	21	2454	2434	2.1	39.2
Query_23889	XM_025418884.2	100.000	21	0	0	1	21	2326	2306	2.1	39.2
Query_23889	XM_025418883.2	100.000	21	0	0	1	21	2313	2293	2.1	39.2
Query_23889	XM_027602293.2	100.000	21	0	0	1	21	3574	3554	2.1	39.2
Query_23889	XM_027602292.2	100.000	21	0	0	1	21	3613	3593	2.1	39.2
Query_23889	XM_027602291.2	100.000	21	0	0	1	21	3655	3635	2.1	39.2
Query_23889	XM_035295753.1	100.000	21	0	0	1	21	2373	2353	2.1	39.2
Query_23889	XM_035295752.1	100.000	21	0	0	1	21	2296	2276	2.1	39.2
Query_23889	XM_035295750.1	100.000	21	0	0	1	21	2496	2476	2.1	39.2
Query_23889	XM_035295749.1	100.000	21	0	0	1	21	2326	2306	2.1	39.2
Query_23889	XM_035295748.1	100.000	21	0	0	1	21	2340	2320	2.1	39.2
Query_23889	XM_035295747.1	100.000	21	0	0	1	21	2370	2350	2.1	39.2
Query_23889	XM_035295746.1	100.000	21	0	0	1	21	2495	2475	2.1	39.2
Query_23889	XM_035295745.1	100.000	21	0	0	1	21	2345	2325	2.1	39.2


