# blastn
# Iteration: 0
# Query: 
# RID: 73V45CVJ013
# Database: nt
# Fields: query acc.ver, subject acc.ver, % identity, alignment length, mismatches, gap opens, q. start, q. end, s. start, s. end, evalue, bit score
# 35 hits found
Query_65505	XM_003825980.3	100.000	21	0	0	1	21	468	448	2.1	39.2
Query_65505	XM_032142236.1	100.000	21	0	0	1	21	486	466	2.1	39.2
Query_65505	XM_012497292.2	100.000	21	0	0	1	21	195	175	2.1	39.2
Query_65505	XM_012497291.2	100.000	21	0	0	1	21	291	271	2.1	39.2
Query_65505	XM_003253656.3	100.000	21	0	0	1	21	567	547	2.1	39.2
Query_65505	XM_030825546.1	100.000	21	0	0	1	21	331	311	2.1	39.2
Query_65505	XM_030825544.1	100.000	21	0	0	1	21	453	433	2.1	39.2
Query_65505	NR_104037.2	100.000	21	0	0	1	21	227	207	2.1	39.2
Query_65505	NM_181800.3	100.000	21	0	0	1	21	337	317	2.1	39.2
Query_65505	NM_181801.4	100.000	21	0	0	1	21	567	547	2.1	39.2
Query_65505	NM_007019.4	100.000	21	0	0	1	21	424	404	2.1	39.2
Query_65505	CP034499.1	100.000	21	0	0	1	21	44384335	44384315	2.1	39.2
Query_65505	XM_009443484.3	100.000	21	0	0	1	21	466	446	2.1	39.2
Query_65505	XM_001156993.5	100.000	21	0	0	1	21	728	708	2.1	39.2
Query_65505	XM_004062268.2	100.000	21	0	0	1	21	486	466	2.1	39.2
Query_65505	XM_514682.6	100.000	21	0	0	1	21	487	467	2.1	39.2
Query_65505	XM_002830362.3	100.000	21	0	0	1	21	486	466	2.1	39.2
Query_65505	CP068258.1	100.000	21	0	0	1	21	47552175	47552155	2.1	39.2
Query_65505	AP023480.1	100.000	21	0	0	1	21	43851142	43851122	2.1	39.2
Query_65505	AL050348.22	100.000	21	0	0	1	21	85355	85335	2.1	39.2
Query_65505	EU831629.1	100.000	21	0	0	1	21	394	374	2.1	39.2
Query_65505	EU831714.1	100.000	21	0	0	1	21	394	374	2.1	39.2
Query_65505	AK311949.1	100.000	21	0	0	1	21	459	439	2.1	39.2
Query_65505	DQ895630.2	100.000	21	0	0	1	21	394	374	2.1	39.2
Query_65505	DQ892416.2	100.000	21	0	0	1	21	394	374	2.1	39.2
Query_65505	BC028161.1	100.000	21	0	0	1	21	1031	1011	2.1	39.2
Query_65505	BC016292.1	100.000	21	0	0	1	21	421	401	2.1	39.2
Query_65505	BC007656.2	100.000	21	0	0	1	21	415	395	2.1	39.2
Query_65505	BC032677.2	100.000	21	0	0	1	21	1203	1183	2.1	39.2
Query_65505	BT007300.1	100.000	21	0	0	1	21	372	352	2.1	39.2
Query_65505	BT007515.1	100.000	21	0	0	1	21	372	352	2.1	39.2
Query_65505	CR456988.1	100.000	21	0	0	1	21	372	352	2.1	39.2
Query_65505	BC050736.1	100.000	21	0	0	1	21	442	422	2.1	39.2
Query_65505	U73379.1	100.000	21	0	0	1	21	412	392	2.1	39.2
Query_65505	LR877159.1	100.000	20	0	0	2	21	71801	71782	7.3	37.4


