# blastn
# Iteration: 0
# Query: 
# RID: 6M5ZJ5Z4016
# Database: nt
# Fields: query acc.ver, subject acc.ver, % identity, alignment length, mismatches, gap opens, q. start, q. end, s. start, s. end, evalue, bit score
# 100 hits found
Query_14309	MK280312.1	100.000	21	0	0	1	21	1282	1262	2.0	39.2
Query_14309	XM_035001636.1	100.000	21	0	0	1	21	2388	2368	2.0	39.2
Query_14309	XM_003822660.3	100.000	21	0	0	1	21	3038	3018	2.0	39.2
Query_14309	XM_019793495.2	100.000	21	0	0	1	21	2403	2383	2.0	39.2
Query_14309	XM_033838592.1	100.000	21	0	0	1	21	2637	2617	2.0	39.2
Query_14309	XM_033838591.1	100.000	21	0	0	1	21	2387	2367	2.0	39.2
Query_14309	XM_033838590.1	100.000	21	0	0	1	21	2380	2360	2.0	39.2
Query_14309	XM_010615898.3	100.000	21	0	0	1	21	2614	2594	2.0	39.2
Query_14309	XM_004265074.2	100.000	21	0	0	1	21	2630	2610	2.0	39.2
Query_14309	CP050591.1	100.000	21	0	0	1	21	49273219	49273199	2.0	39.2
Query_14309	CP050611.1	100.000	21	0	0	1	21	49280639	49280619	2.0	39.2
Query_14309	XM_033175808.1	100.000	21	0	0	1	21	2679	2659	2.0	39.2
Query_14309	XM_033124372.1	100.000	21	0	0	1	21	2390	2370	2.0	39.2
Query_14309	XM_032239463.1	100.000	21	0	0	1	21	2569	2549	2.0	39.2
Query_14309	XM_032239461.1	100.000	21	0	0	1	21	2524	2504	2.0	39.2
Query_14309	XM_032178589.1	100.000	21	0	0	1	21	2236	2216	2.0	39.2
Query_14309	XM_023223830.2	100.000	21	0	0	1	21	2823	2803	2.0	39.2
Query_14309	XM_023223828.2	100.000	21	0	0	1	21	1056	1076	2.0	39.2
Query_14309	LR738603.1	100.000	21	0	0	1	21	1947806	1947786	2.0	39.2
Query_14309	XM_003908598.4	100.000	21	0	0	1	21	2815	2795	2.0	39.2
Query_14309	XM_031018563.1	100.000	21	0	0	1	21	2329	2309	2.0	39.2
Query_14309	XM_031007930.1	100.000	21	0	0	1	21	2834	2814	2.0	39.2
Query_14309	XM_030920698.1	100.000	21	0	0	1	21	2673	2653	2.0	39.2
Query_14309	XM_030857768.1	100.000	21	0	0	1	21	2636	2616	2.0	39.2
Query_14309	XM_030799595.1	100.000	21	0	0	1	21	2831	2811	2.0	39.2
Query_14309	XM_029937302.1	100.000	21	0	0	1	21	2220	2200	2.0	39.2
Query_14309	XM_029937301.1	100.000	21	0	0	1	21	2316	2296	2.0	39.2
Query_14309	XM_015112284.2	100.000	21	0	0	1	21	3223	3203	2.0	39.2
Query_14309	XM_024118804.2	100.000	21	0	0	1	21	2637	2617	2.0	39.2
Query_14309	NM_012249.4	100.000	21	0	0	1	21	2842	2822	2.0	39.2
Query_14309	XM_027113209.1	100.000	21	0	0	1	21	1980	1960	2.0	39.2
Query_14309	XM_027113208.1	100.000	21	0	0	1	21	1976	1956	2.0	39.2
Query_14309	XM_027113207.1	100.000	21	0	0	1	21	2676	2656	2.0	39.2
Query_14309	XM_027072534.1	100.000	21	0	0	1	21	2290	2270	2.0	39.2
Query_14309	XM_027072533.1	100.000	21	0	0	1	21	2387	2367	2.0	39.2
Query_14309	XM_015094399.2	100.000	21	0	0	1	21	2502	2482	2.0	39.2
Query_14309	XM_027966877.1	100.000	21	0	0	1	21	2334	2314	2.0	39.2
Query_14309	XM_027555181.1	100.000	21	0	0	1	21	2567	2547	2.0	39.2
Query_14309	XM_025992592.1	100.000	21	0	0	1	21	2315	2295	2.0	39.2
Query_14309	XM_025868893.1	100.000	21	0	0	1	21	2384	2364	2.0	39.2
Query_14309	XM_025353647.1	100.000	21	0	0	1	21	2594	2574	2.0	39.2
Query_14309	XM_025260972.1	100.000	21	0	0	1	21	2387	2367	2.0	39.2
Query_14309	AC277863.1	100.000	21	0	0	1	21	187844	187864	2.0	39.2
Query_14309	XM_015587546.2	100.000	21	0	0	1	21	2303	2283	2.0	39.2
Query_14309	XM_006909624.3	100.000	21	0	0	1	21	2307	2287	2.0	39.2
Query_14309	XM_024998248.1	100.000	21	0	0	1	21	2492	2472	2.0	39.2
Query_14309	XM_011713140.2	100.000	21	0	0	1	21	2785	2765	2.0	39.2
Query_14309	XM_016948475.2	100.000	21	0	0	1	21	2812	2792	2.0	39.2
Query_14309	XM_016948474.2	100.000	21	0	0	1	21	2673	2653	2.0	39.2
Query_14309	XM_002812061.4	100.000	21	0	0	1	21	2585	2565	2.0	39.2
Query_14309	XM_023619138.1	100.000	21	0	0	1	21	2593	2573	2.0	39.2
Query_14309	XM_023531285.1	100.000	21	0	0	1	21	2385	2365	2.0	39.2
Query_14309	XM_011361329.2	100.000	21	0	0	1	21	2384	2364	2.0	39.2
Query_14309	XM_023251654.1	100.000	21	0	0	1	21	2377	2357	2.0	39.2
Query_14309	XM_021719398.1	100.000	21	0	0	1	21	2559	2539	2.0	39.2
Query_14309	XM_012473755.2	100.000	21	0	0	1	21	2571	2551	2.0	39.2
Query_14309	XM_020876169.1	100.000	21	0	0	1	21	2563	2543	2.0	39.2
Query_14309	XM_020876165.1	100.000	21	0	0	1	21	6191	6211	2.0	39.2
Query_14309	XM_012755841.2	100.000	21	0	0	1	21	2578	2558	2.0	39.2
Query_14309	XM_019970101.1	100.000	21	0	0	1	21	2383	2363	2.0	39.2
Query_14309	XM_018055194.1	100.000	21	0	0	1	21	2618	2598	2.0	39.2
Query_14309	XM_017862694.1	100.000	21	0	0	1	21	2663	2643	2.0	39.2
Query_14309	XM_011532728.2	100.000	21	0	0	1	21	2170	2150	2.0	39.2
Query_14309	XM_017003716.1	100.000	21	0	0	1	21	3054	3034	2.0	39.2
Query_14309	XM_011532726.2	100.000	21	0	0	1	21	2897	2877	2.0	39.2
Query_14309	XM_015433694.1	100.000	21	0	0	1	21	3119	3099	2.0	39.2
Query_14309	XM_005575962.2	100.000	21	0	0	1	21	2433	2413	2.0	39.2
Query_14309	XM_014833243.1	100.000	21	0	0	1	21	2277	2257	2.0	39.2
Query_14309	XM_004436685.2	100.000	21	0	0	1	21	2303	2283	2.0	39.2
Query_14309	XM_005895614.2	100.000	21	0	0	1	21	2411	2391	2.0	39.2
Query_14309	XM_004686230.2	100.000	21	0	0	1	21	2278	2258	2.0	39.2
Query_14309	XM_012653848.1	100.000	21	0	0	1	21	2594	2574	2.0	39.2
Query_14309	XM_004403372.2	100.000	21	0	0	1	21	2640	2620	2.0	39.2
Query_14309	XM_012070312.1	100.000	21	0	0	1	21	3132	3112	2.0	39.2
Query_14309	XM_012070311.1	100.000	21	0	0	1	21	2600	2580	2.0	39.2
Query_14309	XM_012070310.1	100.000	21	0	0	1	21	884	904	2.0	39.2
Query_14309	XM_011965779.1	100.000	21	0	0	1	21	2617	2597	2.0	39.2
Query_14309	XM_011936021.1	100.000	21	0	0	1	21	2344	2324	2.0	39.2
Query_14309	XM_005264229.2	100.000	21	0	0	1	21	2306	2286	2.0	39.2
Query_14309	XM_040224753.1	100.000	21	0	0	1	21	2476	2456	2.0	39.2
Query_14309	HG994393.1	100.000	21	0	0	1	21	51299573	51299553	2.0	39.2
Query_14309	XM_003926747.3	100.000	21	0	0	1	21	2809	2789	2.0	39.2
Query_14309	XM_038680494.1	100.000	21	0	0	1	21	2387	2367	2.0	39.2
Query_14309	XM_038646699.1	100.000	21	0	0	1	21	2387	2367	2.0	39.2
Query_14309	XM_038006892.1	100.000	21	0	0	1	21	898	918	2.0	39.2
Query_14309	XM_038006891.1	100.000	21	0	0	1	21	875	895	2.0	39.2
Query_14309	XM_038006885.1	100.000	21	0	0	1	21	2308	2288	2.0	39.2
Query_14309	XM_007970741.2	100.000	21	0	0	1	21	2813	2793	2.0	39.2
Query_14309	XM_037732867.1	100.000	21	0	0	1	21	2434	2414	2.0	39.2
Query_14309	XM_017512722.2	100.000	21	0	0	1	21	2815	2795	2.0	39.2
Query_14309	XM_036872442.1	100.000	21	0	0	1	21	2634	2614	2.0	39.2
Query_14309	XM_036872440.1	100.000	21	0	0	1	21	2256	2276	2.0	39.2
Query_14309	XM_016142202.2	100.000	21	0	0	1	21	2681	2661	2.0	39.2
Query_14309	XM_036121674.1	100.000	21	0	0	1	21	2466	2446	2.0	39.2
Query_14309	XM_036121672.1	100.000	21	0	0	1	21	2287	2267	2.0	39.2
Query_14309	XM_036121671.1	100.000	21	0	0	1	21	2383	2363	2.0	39.2
Query_14309	XM_025465898.2	100.000	21	0	0	1	21	2386	2366	2.0	39.2
Query_14309	XM_027620825.2	100.000	21	0	0	1	21	2455	2435	2.0	39.2
Query_14309	XR_004733630.1	100.000	21	0	0	1	21	3465	3445	2.0	39.2
Query_14309	XM_002757794.5	100.000	21	0	0	1	21	3301	3281	2.0	39.2


