# blastn
# Iteration: 0
# Query: 
# RID: 7RJPG4XP016
# Database: nt
# Fields: query acc.ver, subject acc.ver, % identity, alignment length, mismatches, gap opens, q. start, q. end, s. start, s. end, evalue, bit score
# 100 hits found
Query_6935	XM_034950155.1	100.000	21	0	0	1	21	648	628	2.1	39.2
Query_6935	XM_003823547.3	100.000	21	0	0	1	21	836	816	2.1	39.2
Query_6935	XM_003823548.3	100.000	21	0	0	1	21	974	954	2.1	39.2
Query_6935	XM_034954600.1	100.000	21	0	0	1	21	990	970	2.1	39.2
Query_6935	XM_033230979.1	100.000	21	0	0	1	21	993	973	2.1	39.2
Query_6935	XM_033230978.1	100.000	21	0	0	1	21	787	767	2.1	39.2
Query_6935	XM_033230977.1	100.000	21	0	0	1	21	869	849	2.1	39.2
Query_6935	XM_033230976.1	100.000	21	0	0	1	21	1038	1018	2.1	39.2
Query_6935	XM_032903553.1	100.000	21	0	0	1	21	892	872	2.1	39.2
Query_6935	XM_032903552.1	100.000	21	0	0	1	21	1233	1213	2.1	39.2
Query_6935	XM_032755250.1	100.000	21	0	0	1	21	993	973	2.1	39.2
Query_6935	XM_032755249.1	100.000	21	0	0	1	21	975	955	2.1	39.2
Query_6935	XM_032755248.1	100.000	21	0	0	1	21	694	674	2.1	39.2
Query_6935	XM_032292780.1	100.000	21	0	0	1	21	641	621	2.1	39.2
Query_6935	XM_032292779.1	100.000	21	0	0	1	21	641	621	2.1	39.2
Query_6935	XM_032292777.1	100.000	21	0	0	1	21	975	955	2.1	39.2
Query_6935	XM_032292776.1	100.000	21	0	0	1	21	976	956	2.1	39.2
Query_6935	XM_023212355.2	100.000	21	0	0	1	21	1245	1225	2.1	39.2
Query_6935	XM_003907679.3	100.000	21	0	0	1	21	974	954	2.1	39.2
Query_6935	XM_009182552.3	100.000	21	0	0	1	21	980	960	2.1	39.2
Query_6935	XR_002004173.2	100.000	21	0	0	1	21	714	694	2.1	39.2
Query_6935	XM_019022682.2	100.000	21	0	0	1	21	979	959	2.1	39.2
Query_6935	XM_019022681.2	100.000	21	0	0	1	21	975	955	2.1	39.2
Query_6935	XM_031008716.1	100.000	21	0	0	1	21	1053	1033	2.1	39.2
Query_6935	XM_010368677.2	100.000	21	0	0	1	21	975	955	2.1	39.2
Query_6935	XM_030916695.1	100.000	21	0	0	1	21	1151	1131	2.1	39.2
Query_6935	XM_003253799.3	100.000	21	0	0	1	21	996	976	2.1	39.2
Query_6935	XM_030802719.1	100.000	21	0	0	1	21	869	849	2.1	39.2
Query_6935	XM_030802718.1	100.000	21	0	0	1	21	1059	1039	2.1	39.2
Query_6935	XM_015110367.2	100.000	21	0	0	1	21	696	676	2.1	39.2
Query_6935	XM_015110366.2	100.000	21	0	0	1	21	975	955	2.1	39.2
Query_6935	NM_006357.4	100.000	21	0	0	1	21	994	974	2.1	39.2
Query_6935	XM_023212356.2	100.000	21	0	0	1	21	893	873	2.1	39.2
Query_6935	XM_025404907.1	100.000	21	0	0	1	21	790	770	2.1	39.2
Query_6935	XM_025404906.1	100.000	21	0	0	1	21	977	957	2.1	39.2
Query_6935	XM_025404905.1	100.000	21	0	0	1	21	822	802	2.1	39.2
Query_6935	XM_025404904.1	100.000	21	0	0	1	21	885	865	2.1	39.2
Query_6935	XR_676614.3	100.000	21	0	0	1	21	801	781	2.1	39.2
Query_6935	XM_016950121.2	100.000	21	0	0	1	21	1016	996	2.1	39.2
Query_6935	XM_024243530.1	100.000	21	0	0	1	21	675	655	2.1	39.2
Query_6935	XM_002812643.4	100.000	21	0	0	1	21	974	954	2.1	39.2
Query_6935	XM_002812644.4	100.000	21	0	0	1	21	975	955	2.1	39.2
Query_6935	XM_024243529.1	100.000	21	0	0	1	21	1053	1033	2.1	39.2
Query_6935	XM_023514163.1	100.000	21	0	0	1	21	676	656	2.1	39.2
Query_6935	XM_012806204.2	100.000	21	0	0	1	21	810	790	2.1	39.2
Query_6935	XM_012471453.2	100.000	21	0	0	1	21	977	957	2.1	39.2
Query_6935	XM_012471452.2	100.000	21	0	0	1	21	867	847	2.1	39.2
Query_6935	XM_021668948.1	100.000	21	0	0	1	21	1015	995	2.1	39.2
Query_6935	LT735466.1	100.000	21	0	0	1	21	1087	1067	2.1	39.2
Query_6935	XM_002749257.3	100.000	21	0	0	1	21	978	958	2.1	39.2
Query_6935	XM_017884055.1	100.000	21	0	0	1	21	942	922	2.1	39.2
Query_6935	XM_017884054.1	100.000	21	0	0	1	21	850	830	2.1	39.2
Query_6935	XM_515954.5	100.000	21	0	0	1	21	974	954	2.1	39.2
Query_6935	XM_016950122.1	100.000	21	0	0	1	21	715	695	2.1	39.2
Query_6935	XM_012047169.1	100.000	21	0	0	1	21	640	620	2.1	39.2
Query_6935	XM_012047168.1	100.000	21	0	0	1	21	955	935	2.1	39.2
Query_6935	XM_012047167.1	100.000	21	0	0	1	21	863	843	2.1	39.2
Query_6935	XM_011772131.1	100.000	21	0	0	1	21	975	955	2.1	39.2
Query_6935	XM_011772130.1	100.000	21	0	0	1	21	980	960	2.1	39.2
Query_6935	XM_011966304.1	100.000	21	0	0	1	21	791	771	2.1	39.2
Query_6935	XM_011966303.1	100.000	21	0	0	1	21	883	863	2.1	39.2
Query_6935	XM_011966302.1	100.000	21	0	0	1	21	787	767	2.1	39.2
Query_6935	XM_011959436.1	100.000	21	0	0	1	21	773	753	2.1	39.2
Query_6935	XM_011959435.1	100.000	21	0	0	1	21	865	845	2.1	39.2
Query_6935	XM_011959434.1	100.000	21	0	0	1	21	769	749	2.1	39.2
Query_6935	XR_001002230.1	100.000	21	0	0	1	21	795	775	2.1	39.2
Query_6935	XR_001006059.1	100.000	21	0	0	1	21	797	777	2.1	39.2
Query_6935	KJ893054.1	100.000	21	0	0	1	21	665	645	2.1	39.2
Query_6935	XM_005246244.2	100.000	21	0	0	1	21	975	955	2.1	39.2
Query_6935	XM_040227739.1	100.000	21	0	0	1	21	844	824	2.1	39.2
Query_6935	XM_040227738.1	100.000	21	0	0	1	21	764	744	2.1	39.2
Query_6935	XM_040227737.1	100.000	21	0	0	1	21	948	928	2.1	39.2
Query_6935	XM_029072554.2	100.000	21	0	0	1	21	827	807	2.1	39.2
Query_6935	XM_029072553.2	100.000	21	0	0	1	21	714	694	2.1	39.2
Query_6935	XM_010351541.2	100.000	21	0	0	1	21	976	956	2.1	39.2
Query_6935	XM_039469988.1	100.000	21	0	0	1	21	1056	1036	2.1	39.2
Query_6935	NM_001047857.4	100.000	21	0	0	1	21	980	960	2.1	39.2
Query_6935	XM_006234405.4	100.000	21	0	0	1	21	923	903	2.1	39.2
Query_6935	XM_038751298.1	100.000	21	0	0	1	21	715	695	2.1	39.2
Query_6935	XM_007965532.2	100.000	21	0	0	1	21	1040	1020	2.1	39.2
Query_6935	XM_007965531.2	100.000	21	0	0	1	21	970	950	2.1	39.2
Query_6935	XM_007965530.2	100.000	21	0	0	1	21	993	973	2.1	39.2
Query_6935	XM_017532745.2	100.000	21	0	0	1	21	1046	1026	2.1	39.2
Query_6935	XM_017532744.2	100.000	21	0	0	1	21	976	956	2.1	39.2
Query_6935	XM_017532743.2	100.000	21	0	0	1	21	1055	1035	2.1	39.2
Query_6935	NM_001257571.1	100.000	21	0	0	1	21	688	668	2.1	39.2
Query_6935	NM_182678.3	100.000	21	0	0	1	21	844	824	2.1	39.2
Query_6935	NM_001278554.2	100.000	21	0	0	1	21	1045	1025	2.1	39.2
Query_6935	NM_001278555.2	100.000	21	0	0	1	21	812	792	2.1	39.2
Query_6935	XM_003733157.3	100.000	21	0	0	1	21	971	951	2.1	39.2
Query_6935	XM_035304362.1	100.000	21	0	0	1	21	1113	1093	2.1	39.2
Query_6935	AB528700.1	100.000	21	0	0	1	21	609	589	2.1	39.2
Query_6935	AK314145.1	100.000	21	0	0	1	21	989	969	2.1	39.2
Query_6935	AC195077.3	100.000	21	0	0	1	21	54110	54130	2.1	39.2
Query_6935	NM_001284840.1	100.000	21	0	0	1	21	937	917	2.1	39.2
Query_6935	DQ480743.1	100.000	21	0	0	1	21	983	963	2.1	39.2
Query_6935	BT019345.1	100.000	21	0	0	1	21	600	580	2.1	39.2
Query_6935	BT019344.1	100.000	21	0	0	1	21	600	580	2.1	39.2
Query_6935	AC104076.5	100.000	21	0	0	1	21	162393	162373	2.1	39.2
Query_6935	AC068196.4	100.000	21	0	0	1	21	56124	56104	2.1	39.2


