# blastn
# Iteration: 0
# Query: 
# RID: 7J8E29K9013
# Database: nt
# Fields: query acc.ver, subject acc.ver, % identity, alignment length, mismatches, gap opens, q. start, q. end, s. start, s. end, evalue, bit score
# 100 hits found
Query_52341	XM_034962171.1	100.000	21	0	0	1	21	2374	2354	2.1	39.2
Query_52341	XM_008958732.2	100.000	21	0	0	1	21	2576	2556	2.1	39.2
Query_52341	XM_003833230.2	100.000	21	0	0	1	21	2547	2527	2.1	39.2
Query_52341	XM_033217305.1	100.000	21	0	0	1	21	2738	2718	2.1	39.2
Query_52341	XM_033217304.1	100.000	21	0	0	1	21	2635	2615	2.1	39.2
Query_52341	XM_033217303.1	100.000	21	0	0	1	21	2510	2490	2.1	39.2
Query_52341	XM_033217302.1	100.000	21	0	0	1	21	2674	2654	2.1	39.2
Query_52341	XM_033217301.1	100.000	21	0	0	1	21	2549	2529	2.1	39.2
Query_52341	XM_032340102.1	100.000	21	0	0	1	21	2519	2499	2.1	39.2
Query_52341	XM_032340101.1	100.000	21	0	0	1	21	2558	2538	2.1	39.2
Query_52341	XM_023212910.2	100.000	21	0	0	1	21	2734	2714	2.1	39.2
Query_52341	XM_009205268.3	100.000	21	0	0	1	21	2635	2615	2.1	39.2
Query_52341	XM_009205267.4	100.000	21	0	0	1	21	2479	2459	2.1	39.2
Query_52341	XM_017957888.2	100.000	21	0	0	1	21	2674	2654	2.1	39.2
Query_52341	XM_009205270.2	100.000	21	0	0	1	21	2589	2569	2.1	39.2
Query_52341	XM_003897656.2	100.000	21	0	0	1	21	2532	2512	2.1	39.2
Query_52341	XM_019029654.2	100.000	21	0	0	1	21	2636	2616	2.1	39.2
Query_52341	XM_031012164.1	100.000	21	0	0	1	21	2466	2446	2.1	39.2
Query_52341	XM_031012163.1	100.000	21	0	0	1	21	2609	2589	2.1	39.2
Query_52341	XM_019029653.2	100.000	21	0	0	1	21	2675	2655	2.1	39.2
Query_52341	XM_031012162.1	100.000	21	0	0	1	21	2532	2512	2.1	39.2
Query_52341	XM_030928592.1	100.000	21	0	0	1	21	2610	2590	2.1	39.2
Query_52341	XM_010369756.2	100.000	21	0	0	1	21	2633	2613	2.1	39.2
Query_52341	XM_010369755.2	100.000	21	0	0	1	21	2492	2472	2.1	39.2
Query_52341	XM_010369754.2	100.000	21	0	0	1	21	2672	2652	2.1	39.2
Query_52341	XM_010369752.2	100.000	21	0	0	1	21	2531	2511	2.1	39.2
Query_52341	XM_030926553.1	100.000	21	0	0	1	21	758	738	2.1	39.2
Query_52341	XR_003728968.1	100.000	21	0	0	1	21	31	51	2.1	39.2
Query_52341	XM_028847511.1	100.000	21	0	0	1	21	2424	2404	2.1	39.2
Query_52341	XM_028847510.1	100.000	21	0	0	1	21	2603	2583	2.1	39.2
Query_52341	XM_028847509.1	100.000	21	0	0	1	21	2567	2547	2.1	39.2
Query_52341	XM_015136438.2	100.000	21	0	0	1	21	2539	2519	2.1	39.2
Query_52341	XM_015136440.2	100.000	21	0	0	1	21	2643	2623	2.1	39.2
Query_52341	NM_018426.3	100.000	21	0	0	1	21	2538	2518	2.1	39.2
Query_52341	XM_028097720.1	100.000	21	0	0	1	21	2430	2410	2.1	39.2
Query_52341	XM_028097719.1	100.000	21	0	0	1	21	2557	2537	2.1	39.2
Query_52341	XM_028097718.1	100.000	21	0	0	1	21	2472	2452	2.1	39.2
Query_52341	XM_025890479.1	100.000	21	0	0	1	21	2430	2410	2.1	39.2
Query_52341	XM_025890478.1	100.000	21	0	0	1	21	2554	2534	2.1	39.2
Query_52341	XM_025890477.1	100.000	21	0	0	1	21	2472	2452	2.1	39.2
Query_52341	XM_025383334.1	100.000	21	0	0	1	21	2585	2565	2.1	39.2
Query_52341	XM_025383333.1	100.000	21	0	0	1	21	2572	2552	2.1	39.2
Query_52341	XM_025383332.1	100.000	21	0	0	1	21	2532	2512	2.1	39.2
Query_52341	XM_011754408.2	100.000	21	0	0	1	21	2610	2590	2.1	39.2
Query_52341	XM_011754410.2	100.000	21	0	0	1	21	2468	2448	2.1	39.2
Query_52341	XM_011754409.2	100.000	21	0	0	1	21	2461	2441	2.1	39.2
Query_52341	XM_024795278.1	100.000	21	0	0	1	21	2567	2547	2.1	39.2
Query_52341	XM_011754407.2	100.000	21	0	0	1	21	2533	2513	2.1	39.2
Query_52341	XM_024446482.1	100.000	21	0	0	1	21	2806	2786	2.1	39.2
Query_52341	XM_009451354.3	100.000	21	0	0	1	21	2610	2590	2.1	39.2
Query_52341	XM_016955600.2	100.000	21	0	0	1	21	2579	2559	2.1	39.2
Query_52341	XM_016955605.2	100.000	21	0	0	1	21	2759	2739	2.1	39.2
Query_52341	XM_024357229.1	100.000	21	0	0	1	21	2476	2456	2.1	39.2
Query_52341	XM_016955604.2	100.000	21	0	0	1	21	2589	2569	2.1	39.2
Query_52341	XM_016955603.2	100.000	21	0	0	1	21	2799	2779	2.1	39.2
Query_52341	XM_016955602.2	100.000	21	0	0	1	21	2532	2512	2.1	39.2
Query_52341	XM_016955601.2	100.000	21	0	0	1	21	2868	2848	2.1	39.2
Query_52341	XM_024248597.1	100.000	21	0	0	1	21	2606	2586	2.1	39.2
Query_52341	XM_024248596.1	100.000	21	0	0	1	21	2447	2427	2.1	39.2
Query_52341	XM_024248595.1	100.000	21	0	0	1	21	2609	2589	2.1	39.2
Query_52341	XM_024248594.1	100.000	21	0	0	1	21	2890	2870	2.1	39.2
Query_52341	XM_024248593.1	100.000	21	0	0	1	21	2530	2510	2.1	39.2
Query_52341	XM_023212909.1	100.000	21	0	0	1	21	2547	2527	2.1	39.2
Query_52341	XM_017878129.1	100.000	21	0	0	1	21	2731	2711	2.1	39.2
Query_52341	XM_017878128.1	100.000	21	0	0	1	21	2544	2524	2.1	39.2
Query_52341	XM_017878127.1	100.000	21	0	0	1	21	2504	2484	2.1	39.2
Query_52341	XM_017878126.1	100.000	21	0	0	1	21	2583	2563	2.1	39.2
Query_52341	XM_017878124.1	100.000	21	0	0	1	21	2543	2523	2.1	39.2
Query_52341	XM_017011002.1	100.000	21	0	0	1	21	2579	2559	2.1	39.2
Query_52341	XM_017011001.1	100.000	21	0	0	1	21	2476	2456	2.1	39.2
Query_52341	XM_005249215.4	100.000	21	0	0	1	21	2737	2717	2.1	39.2
Query_52341	XM_005249214.4	100.000	21	0	0	1	21	2432	2412	2.1	39.2
Query_52341	XM_017011000.1	100.000	21	0	0	1	21	2776	2756	2.1	39.2
Query_52341	XM_005249213.4	100.000	21	0	0	1	21	2845	2825	2.1	39.2
Query_52341	XM_017010999.1	100.000	21	0	0	1	21	2795	2775	2.1	39.2
Query_52341	XM_005249211.3	100.000	21	0	0	1	21	2918	2898	2.1	39.2
Query_52341	XM_015449363.1	100.000	21	0	0	1	21	2424	2404	2.1	39.2
Query_52341	XM_005552879.2	100.000	21	0	0	1	21	2426	2406	2.1	39.2
Query_52341	XM_015449362.1	100.000	21	0	0	1	21	2431	2411	2.1	39.2
Query_52341	XM_005552878.2	100.000	21	0	0	1	21	2612	2592	2.1	39.2
Query_52341	NM_001318792.1	100.000	21	0	0	1	21	2572	2552	2.1	39.2
Query_52341	XM_013061890.1	100.000	21	0	0	1	21	2012	1992	2.1	39.2
Query_52341	XM_013061889.1	100.000	21	0	0	1	21	5948	5928	2.1	39.2
Query_52341	XM_004739808.2	100.000	21	0	0	1	21	5990	5970	2.1	39.2
Query_52341	XM_004408140.2	100.000	21	0	0	1	21	2286	2266	2.1	39.2
Query_52341	XM_011960338.1	100.000	21	0	0	1	21	2459	2439	2.1	39.2
Query_52341	XM_012071673.1	100.000	21	0	0	1	21	2451	2431	2.1	39.2
Query_52341	XM_012071671.1	100.000	21	0	0	1	21	3799	3779	2.1	39.2
Query_52341	XM_012071667.1	100.000	21	0	0	1	21	2467	2447	2.1	39.2
Query_52341	XM_012071660.1	100.000	21	0	0	1	21	3838	3818	2.1	39.2
Query_52341	XM_012071649.1	100.000	21	0	0	1	21	2557	2537	2.1	39.2
Query_52341	XM_012071640.1	100.000	21	0	0	1	21	2532	2512	2.1	39.2
Query_52341	XM_007972423.2	100.000	21	0	0	1	21	2610	2590	2.1	39.2
Query_52341	XM_038006128.1	100.000	21	0	0	1	21	2635	2615	2.1	39.2
Query_52341	XM_038006127.1	100.000	21	0	0	1	21	2531	2511	2.1	39.2
Query_52341	XM_007972424.2	100.000	21	0	0	1	21	2674	2654	2.1	39.2
Query_52341	XM_007972422.2	100.000	21	0	0	1	21	2570	2550	2.1	39.2
Query_52341	XM_027602293.2	100.000	21	0	0	1	21	3796	3776	2.1	39.2
Query_52341	XM_027602292.2	100.000	21	0	0	1	21	3835	3815	2.1	39.2
Query_52341	XM_027602291.2	100.000	21	0	0	1	21	3877	3857	2.1	39.2


