# blastn
# Iteration: 0
# Query: 
# RID: 7R3334FD013
# Database: nt
# Fields: query acc.ver, subject acc.ver, % identity, alignment length, mismatches, gap opens, q. start, q. end, s. start, s. end, evalue, bit score
# 37 hits found
Query_35133	XM_032887115.1	100.000	21	0	0	1	21	255	235	2.1	39.2
Query_35133	XM_032887114.1	100.000	21	0	0	1	21	359	339	2.1	39.2
Query_35133	XM_032887113.1	100.000	21	0	0	1	21	323	303	2.1	39.2
Query_35133	XM_032887111.1	100.000	21	0	0	1	21	323	303	2.1	39.2
Query_35133	XM_032887110.1	100.000	21	0	0	1	21	323	303	2.1	39.2
Query_35133	XM_021644944.1	100.000	21	0	0	1	21	363	343	2.1	39.2
Query_35133	XM_021644943.1	100.000	21	0	0	1	21	363	343	2.1	39.2
Query_35133	XM_021644942.1	100.000	21	0	0	1	21	534	514	2.1	39.2
Query_35133	XM_021644941.1	100.000	21	0	0	1	21	320	300	2.1	39.2
Query_35133	XR_005491585.1	100.000	21	0	0	1	21	590	570	2.1	39.2
Query_35133	XM_039089009.1	100.000	21	0	0	1	21	151	131	2.1	39.2
Query_35133	XM_039089008.1	100.000	21	0	0	1	21	288	268	2.1	39.2
Query_35133	XM_039089007.1	100.000	21	0	0	1	21	267	247	2.1	39.2
Query_35133	XM_008769306.3	100.000	21	0	0	1	21	232	212	2.1	39.2
Query_35133	XM_017598236.2	100.000	21	0	0	1	21	590	570	2.1	39.2
Query_35133	XM_006249517.4	100.000	21	0	0	1	21	554	534	2.1	39.2
Query_35133	XM_006249516.4	100.000	21	0	0	1	21	590	570	2.1	39.2
Query_35133	XM_039089005.1	100.000	21	0	0	1	21	590	570	2.1	39.2
Query_35133	XM_017598235.2	100.000	21	0	0	1	21	458	438	2.1	39.2
Query_35133	XM_008769305.3	100.000	21	0	0	1	21	554	534	2.1	39.2
Query_35133	XM_017598234.2	100.000	21	0	0	1	21	590	570	2.1	39.2
Query_35133	XM_006249515.4	100.000	21	0	0	1	21	590	570	2.1	39.2
Query_35133	NM_053656.3	100.000	21	0	0	1	21	281	261	2.1	39.2
Query_35133	AF064549.1	100.000	21	0	0	1	21	224	204	2.1	39.2
Query_35133	AF020759.1	100.000	21	0	0	1	21	243	223	2.1	39.2
Query_35133	AF020758.1	100.000	21	0	0	1	21	402	382	2.1	39.2
Query_35133	AF020757.1	100.000	21	0	0	1	21	308	288	2.1	39.2
Query_35133	AF020756.1	100.000	21	0	0	1	21	262	242	2.1	39.2
Query_35133	Y10475.1	100.000	21	0	0	1	21	317	297	2.1	39.2
Query_35133	Y10474.1	100.000	21	0	0	1	21	263	243	2.1	39.2
Query_35133	Y10473.1	100.000	21	0	0	1	21	281	261	2.1	39.2
Query_35133	Y09910.1	100.000	21	0	0	1	21	382	362	2.1	39.2
Query_35133	U14414.1	100.000	21	0	0	1	21	281	261	2.1	39.2
Query_35133	XR_004585741.1	100.000	20	0	0	1	20	2555	2574	7.3	37.4
Query_35133	XM_034359097.1	100.000	20	0	0	1	20	186	205	7.3	37.4
Query_35133	AP019301.1	100.000	20	0	0	1	20	16001634	16001653	7.3	37.4
Query_35133	XM_007209478.2	100.000	20	0	0	1	20	203	222	7.3	37.4


