# blastn
# Iteration: 0
# Query: 
# RID: 6RJCSNAR013
# Database: nt
# Fields: query acc.ver, subject acc.ver, % identity, alignment length, mismatches, gap opens, q. start, q. end, s. start, s. end, evalue, bit score
# 101 hits found
Query_110027	XM_034951639.1	100.000	21	0	0	1	21	386	366	2.1	39.2
Query_110027	XM_034951638.1	100.000	21	0	0	1	21	238	218	2.1	39.2
Query_110027	XM_034951637.1	100.000	21	0	0	1	21	515	495	2.1	39.2
Query_110027	XM_034951636.1	100.000	21	0	0	1	21	279	259	2.1	39.2
Query_110027	XM_034951635.1	100.000	21	0	0	1	21	236	216	2.1	39.2
Query_110027	XM_034951634.1	100.000	21	0	0	1	21	239	219	2.1	39.2
Query_110027	XM_034951633.1	100.000	21	0	0	1	21	522	502	2.1	39.2
Query_110027	XM_034951632.1	100.000	21	0	0	1	21	280	260	2.1	39.2
Query_110027	XM_033236300.1	100.000	21	0	0	1	21	382	362	2.1	39.2
Query_110027	XM_033236299.1	100.000	21	0	0	1	21	657	637	2.1	39.2
Query_110027	XM_033236298.1	100.000	21	0	0	1	21	357	337	2.1	39.2
Query_110027	XM_032268238.1	100.000	21	0	0	1	21	276	256	2.1	39.2
Query_110027	XM_032268236.1	100.000	21	0	0	1	21	237	217	2.1	39.2
Query_110027	XM_032268235.1	100.000	21	0	0	1	21	341	321	2.1	39.2
Query_110027	XR_004274519.1	100.000	21	0	0	1	21	369	349	2.1	39.2
Query_110027	XR_004257690.1	100.000	21	0	0	1	21	216	196	2.1	39.2
Query_110027	XM_032754107.1	100.000	21	0	0	1	21	293	273	2.1	39.2
Query_110027	XM_032144947.1	100.000	21	0	0	1	21	675	655	2.1	39.2
Query_110027	XM_032144946.1	100.000	21	0	0	1	21	138	118	2.1	39.2
Query_110027	XM_032144945.1	100.000	21	0	0	1	21	780	760	2.1	39.2
Query_110027	XM_023195766.3	100.000	21	0	0	1	21	257	237	2.1	39.2
Query_110027	NM_001194836.2	100.000	21	0	0	1	21	293	273	2.1	39.2
Query_110027	XM_009195636.2	100.000	21	0	0	1	21	238	218	2.1	39.2
Query_110027	XM_031002695.1	100.000	21	0	0	1	21	270	250	2.1	39.2
Query_110027	XM_031002694.1	100.000	21	0	0	1	21	270	250	2.1	39.2
Query_110027	XM_004056937.3	100.000	21	0	0	1	21	237	217	2.1	39.2
Query_110027	XM_004056936.3	100.000	21	0	0	1	21	391	371	2.1	39.2
Query_110027	XM_004056938.3	100.000	21	0	0	1	21	235	215	2.1	39.2
Query_110027	XM_019012582.2	100.000	21	0	0	1	21	235	215	2.1	39.2
Query_110027	XM_030924821.1	100.000	21	0	0	1	21	382	362	2.1	39.2
Query_110027	XM_030798768.1	100.000	21	0	0	1	21	266	246	2.1	39.2
Query_110027	XM_030798767.1	100.000	21	0	0	1	21	266	246	2.1	39.2
Query_110027	XM_030798766.1	100.000	21	0	0	1	21	255	235	2.1	39.2
Query_110027	XM_030798765.1	100.000	21	0	0	1	21	372	352	2.1	39.2
Query_110027	XM_030798764.1	100.000	21	0	0	1	21	675	655	2.1	39.2
Query_110027	XM_030798763.1	100.000	21	0	0	1	21	372	352	2.1	39.2
Query_110027	XM_030798762.1	100.000	21	0	0	1	21	769	749	2.1	39.2
Query_110027	NM_194260.3	100.000	21	0	0	1	21	391	371	2.1	39.2
Query_110027	NM_194261.3	100.000	21	0	0	1	21	243	223	2.1	39.2
Query_110027	NM_194259.3	100.000	21	0	0	1	21	518	498	2.1	39.2
Query_110027	XM_028840603.1	100.000	21	0	0	1	21	288	268	2.1	39.2
Query_110027	XM_028840602.1	100.000	21	0	0	1	21	292	272	2.1	39.2
Query_110027	XM_001118584.4	100.000	21	0	0	1	21	237	217	2.1	39.2
Query_110027	XM_028840601.1	100.000	21	0	0	1	21	227	207	2.1	39.2
Query_110027	NM_003345.5	100.000	21	0	0	1	21	261	241	2.1	39.2
Query_110027	XM_026451033.1	100.000	21	0	0	1	21	173	153	2.1	39.2
Query_110027	XM_026451032.1	100.000	21	0	0	1	21	520	500	2.1	39.2
Query_110027	CP034494.1	100.000	21	0	0	1	21	1304339	1304319	2.1	39.2
Query_110027	CP034494.1	100.000	21	0	0	1	21	90529657	90529637	2.1	39.2
Query_110027	XM_025370151.1	100.000	21	0	0	1	21	380	360	2.1	39.2
Query_110027	XM_025370150.1	100.000	21	0	0	1	21	384	364	2.1	39.2
Query_110027	XM_025370148.1	100.000	21	0	0	1	21	236	216	2.1	39.2
Query_110027	XM_025370147.1	100.000	21	0	0	1	21	524	504	2.1	39.2
Query_110027	XM_025370146.1	100.000	21	0	0	1	21	662	642	2.1	39.2
Query_110027	XM_011748436.2	100.000	21	0	0	1	21	538	518	2.1	39.2
Query_110027	XM_024794102.1	100.000	21	0	0	1	21	209	189	2.1	39.2
Query_110027	XM_024794101.1	100.000	21	0	0	1	21	2376	2356	2.1	39.2
Query_110027	XM_024450432.1	100.000	21	0	0	1	21	419	399	2.1	39.2
Query_110027	XM_016929130.2	100.000	21	0	0	1	21	382	362	2.1	39.2
Query_110027	XM_003314907.5	100.000	21	0	0	1	21	569	549	2.1	39.2
Query_110027	XM_003314906.4	100.000	21	0	0	1	21	285	265	2.1	39.2
Query_110027	XM_003314905.4	100.000	21	0	0	1	21	385	365	2.1	39.2
Query_110027	XM_016929129.2	100.000	21	0	0	1	21	639	619	2.1	39.2
Query_110027	XM_016929128.2	100.000	21	0	0	1	21	382	362	2.1	39.2
Query_110027	XM_009430052.3	100.000	21	0	0	1	21	569	549	2.1	39.2
Query_110027	XM_009430055.3	100.000	21	0	0	1	21	230	210	2.1	39.2
Query_110027	XM_009430053.3	100.000	21	0	0	1	21	372	352	2.1	39.2
Query_110027	XM_016929126.2	100.000	21	0	0	1	21	639	619	2.1	39.2
Query_110027	XM_016929125.2	100.000	21	0	0	1	21	382	362	2.1	39.2
Query_110027	XM_024233921.1	100.000	21	0	0	1	21	236	216	2.1	39.2
Query_110027	XM_002825946.4	100.000	21	0	0	1	21	380	360	2.1	39.2
Query_110027	XM_024233920.1	100.000	21	0	0	1	21	390	370	2.1	39.2
Query_110027	XM_024233919.1	100.000	21	0	0	1	21	264	244	2.1	39.2
Query_110027	XM_024233918.1	100.000	21	0	0	1	21	273	253	2.1	39.2
Query_110027	XM_012441957.2	100.000	21	0	0	1	21	2085	2065	2.1	39.2
Query_110027	XR_001108396.2	100.000	21	0	0	1	21	149	129	2.1	39.2
Query_110027	XM_012743567.2	100.000	21	0	0	1	21	260	240	2.1	39.2
Query_110027	XM_020281441.1	100.000	21	0	0	1	21	148	128	2.1	39.2
Query_110027	XM_020281440.1	100.000	21	0	0	1	21	144	124	2.1	39.2
Query_110027	XM_020281439.1	100.000	21	0	0	1	21	144	124	2.1	39.2
Query_110027	XM_020281438.1	100.000	21	0	0	1	21	583	563	2.1	39.2
Query_110027	LT733828.1	100.000	21	0	0	1	21	599	579	2.1	39.2
Query_110027	U45328.2	100.000	21	0	0	1	21	235	215	2.1	39.2
Query_110027	XM_019012585.1	100.000	21	0	0	1	21	377	357	2.1	39.2
Query_110027	XM_019012583.1	100.000	21	0	0	1	21	213	193	2.1	39.2
Query_110027	XM_017858483.1	100.000	21	0	0	1	21	142	122	2.1	39.2
Query_110027	XM_017858482.1	100.000	21	0	0	1	21	142	122	2.1	39.2
Query_110027	XM_017858481.1	100.000	21	0	0	1	21	563	543	2.1	39.2
Query_110027	XM_017858480.1	100.000	21	0	0	1	21	499	479	2.1	39.2
Query_110027	XM_017858479.1	100.000	21	0	0	1	21	390	370	2.1	39.2
Query_110027	XM_017023640.1	100.000	21	0	0	1	21	667	647	2.1	39.2
Query_110027	XM_005255541.4	100.000	21	0	0	1	21	667	647	2.1	39.2
Query_110027	XM_011522644.2	100.000	21	0	0	1	21	507	487	2.1	39.2
Query_110027	XM_039478291.1	100.000	21	0	0	1	21	267	247	2.1	39.2
Query_110027	XM_039478290.1	100.000	21	0	0	1	21	140	120	2.1	39.2
Query_110027	XR_744805.2	100.000	21	0	0	1	21	126	106	2.1	39.2
Query_110027	CP068262.1	100.000	21	0	0	1	21	1330521	1330501	2.1	39.2
Query_110027	XM_037990067.1	100.000	21	0	0	1	21	258	238	2.1	39.2
Query_110027	XM_017510963.2	100.000	21	0	0	1	21	270	250	2.1	39.2
Query_110027	XM_017539359.2	100.000	21	0	0	1	21	239	219	2.1	39.2
Query_110027	AP023476.1	100.000	21	0	0	1	21	1328167	1328147	2.1	39.2


