# blastn
# Iteration: 0
# Query: 
# RID: 7JAXXKEH016
# Database: nt
# Fields: query acc.ver, subject acc.ver, % identity, alignment length, mismatches, gap opens, q. start, q. end, s. start, s. end, evalue, bit score
# 63 hits found
Query_42937	XM_034962171.1	100.000	21	0	0	1	21	1097	1077	2.1	39.2
Query_42937	XM_008958732.2	100.000	21	0	0	1	21	1299	1279	2.1	39.2
Query_42937	XM_003833230.2	100.000	21	0	0	1	21	1270	1250	2.1	39.2
Query_42937	XM_033054520.1	100.000	21	0	0	1	21	1257	1237	2.1	39.2
Query_42937	XM_033054519.1	100.000	21	0	0	1	21	1119	1099	2.1	39.2
Query_42937	XM_033054518.1	100.000	21	0	0	1	21	1158	1138	2.1	39.2
Query_42937	XM_015237396.2	100.000	21	0	0	1	21	1198	1178	2.1	39.2
Query_42937	XM_015237394.2	100.000	21	0	0	1	21	1237	1217	2.1	39.2
Query_42937	XM_019029654.2	100.000	21	0	0	1	21	1359	1339	2.1	39.2
Query_42937	XM_031012164.1	100.000	21	0	0	1	21	1189	1169	2.1	39.2
Query_42937	XM_031012163.1	100.000	21	0	0	1	21	1332	1312	2.1	39.2
Query_42937	XM_019029653.2	100.000	21	0	0	1	21	1398	1378	2.1	39.2
Query_42937	XM_031012162.1	100.000	21	0	0	1	21	1255	1235	2.1	39.2
Query_42937	NM_018426.3	100.000	21	0	0	1	21	1261	1241	2.1	39.2
Query_42937	XM_026122960.1	100.000	21	0	0	1	21	1213	1193	2.1	39.2
Query_42937	XM_026122958.1	100.000	21	0	0	1	21	1247	1227	2.1	39.2
Query_42937	XM_026122957.1	100.000	21	0	0	1	21	1251	1231	2.1	39.2
Query_42937	XM_026081246.1	100.000	21	0	0	1	21	1226	1206	2.1	39.2
Query_42937	XM_026081245.1	100.000	21	0	0	1	21	1161	1141	2.1	39.2
Query_42937	XM_026081244.1	100.000	21	0	0	1	21	1205	1185	2.1	39.2
Query_42937	XM_026081243.1	100.000	21	0	0	1	21	1227	1207	2.1	39.2
Query_42937	XR_001743506.2	100.000	21	0	0	1	21	1641	1621	2.1	39.2
Query_42937	XM_024446482.1	100.000	21	0	0	1	21	1529	1509	2.1	39.2
Query_42937	XM_009451354.3	100.000	21	0	0	1	21	1333	1313	2.1	39.2
Query_42937	XM_016955600.2	100.000	21	0	0	1	21	1302	1282	2.1	39.2
Query_42937	XM_016955605.2	100.000	21	0	0	1	21	1482	1462	2.1	39.2
Query_42937	XM_024357229.1	100.000	21	0	0	1	21	1199	1179	2.1	39.2
Query_42937	XM_016955604.2	100.000	21	0	0	1	21	1312	1292	2.1	39.2
Query_42937	XM_016955603.2	100.000	21	0	0	1	21	1522	1502	2.1	39.2
Query_42937	XM_016955602.2	100.000	21	0	0	1	21	1255	1235	2.1	39.2
Query_42937	XM_016955601.2	100.000	21	0	0	1	21	1591	1571	2.1	39.2
Query_42937	XM_021389639.1	100.000	21	0	0	1	21	1300	1280	2.1	39.2
Query_42937	XM_021389638.1	100.000	21	0	0	1	21	1300	1280	2.1	39.2
Query_42937	XM_008932787.2	100.000	21	0	0	1	21	1151	1131	2.1	39.2
Query_42937	XM_018085244.1	100.000	21	0	0	1	21	1146	1126	2.1	39.2
Query_42937	XM_018085243.1	100.000	21	0	0	1	21	1107	1087	2.1	39.2
Query_42937	XM_017806683.1	100.000	21	0	0	1	21	1158	1138	2.1	39.2
Query_42937	XM_017806682.1	100.000	21	0	0	1	21	1198	1178	2.1	39.2
Query_42937	XM_017011002.1	100.000	21	0	0	1	21	1302	1282	2.1	39.2
Query_42937	XM_017011001.1	100.000	21	0	0	1	21	1199	1179	2.1	39.2
Query_42937	XM_005249215.4	100.000	21	0	0	1	21	1460	1440	2.1	39.2
Query_42937	XM_005249214.4	100.000	21	0	0	1	21	1155	1135	2.1	39.2
Query_42937	XM_017011000.1	100.000	21	0	0	1	21	1499	1479	2.1	39.2
Query_42937	XM_005249213.4	100.000	21	0	0	1	21	1568	1548	2.1	39.2
Query_42937	XM_017010999.1	100.000	21	0	0	1	21	1518	1498	2.1	39.2
Query_42937	XM_005249211.3	100.000	21	0	0	1	21	1641	1621	2.1	39.2
Query_42937	NM_001318792.1	100.000	21	0	0	1	21	1295	1275	2.1	39.2
Query_42937	XM_015237395.1	100.000	21	0	0	1	21	1387	1367	2.1	39.2
Query_42937	XM_013943858.1	100.000	21	0	0	1	21	1185	1165	2.1	39.2
Query_42937	LK064669.1	100.000	21	0	0	1	21	10340388	10340368	2.1	39.2
Query_42937	XM_006715135.1	100.000	21	0	0	1	21	1317	1297	2.1	39.2
Query_42937	XM_005249217.1	100.000	21	0	0	1	21	1333	1313	2.1	39.2
Query_42937	XM_027735001.2	100.000	21	0	0	1	21	1272	1252	2.1	39.2
Query_42937	XM_027735000.2	100.000	21	0	0	1	21	1312	1292	2.1	39.2
Query_42937	AB587502.1	100.000	21	0	0	1	21	1121	1101	2.1	39.2
Query_42937	BC136769.1	100.000	21	0	0	1	21	1137	1117	2.1	39.2
Query_42937	AK093629.1	100.000	21	0	0	1	21	1317	1297	2.1	39.2
Query_42937	BC062989.1	100.000	21	0	0	1	21	87	67	2.1	39.2
Query_42937	BC022095.1	100.000	21	0	0	1	21	898	878	2.1	39.2
Query_42937	AL365192.22	100.000	21	0	0	1	21	28657	28637	2.1	39.2
Query_42937	CR627460.1	100.000	21	0	0	1	21	1298	1278	2.1	39.2
Query_42937	AL834238.1	100.000	21	0	0	1	21	559	539	2.1	39.2
Query_42937	BC093086.1	100.000	21	0	0	1	21	942	922	2.1	39.2


