# blastn
# Iteration: 0
# Query: 
# RID: 7RKVAG5J01R
# Database: nt
# Fields: query acc.ver, subject acc.ver, % identity, alignment length, mismatches, gap opens, q. start, q. end, s. start, s. end, evalue, bit score
# 100 hits found
Query_381907	XM_035007611.1	100.000	21	0	0	1	21	588	568	2.1	39.2
Query_381907	XM_035007610.1	100.000	21	0	0	1	21	840	820	2.1	39.2
Query_381907	XM_035007609.1	100.000	21	0	0	1	21	651	631	2.1	39.2
Query_381907	XM_035007607.1	100.000	21	0	0	1	21	777	757	2.1	39.2
Query_381907	XM_034950155.1	100.000	21	0	0	1	21	444	424	2.1	39.2
Query_381907	XM_003823547.3	100.000	21	0	0	1	21	632	612	2.1	39.2
Query_381907	XM_003823548.3	100.000	21	0	0	1	21	770	750	2.1	39.2
Query_381907	XM_034954600.1	100.000	21	0	0	1	21	786	766	2.1	39.2
Query_381907	XM_019931590.2	100.000	21	0	0	1	21	768	748	2.1	39.2
Query_381907	XM_040475549.1	100.000	21	0	0	1	21	445	425	2.1	39.2
Query_381907	XM_040475548.1	100.000	21	0	0	1	21	536	516	2.1	39.2
Query_381907	XM_040227739.1	100.000	21	0	0	1	21	640	620	2.1	39.2
Query_381907	XM_040227738.1	100.000	21	0	0	1	21	560	540	2.1	39.2
Query_381907	XM_040227737.1	100.000	21	0	0	1	21	744	724	2.1	39.2
Query_381907	XM_040256951.1	100.000	21	0	0	1	21	484	464	2.1	39.2
Query_381907	XM_040069867.1	100.000	21	0	0	1	21	342	322	2.1	39.2
Query_381907	XM_040069866.1	100.000	21	0	0	1	21	299	279	2.1	39.2
Query_381907	XM_040069865.1	100.000	21	0	0	1	21	330	310	2.1	39.2
Query_381907	XM_040069863.1	100.000	21	0	0	1	21	539	519	2.1	39.2
Query_381907	XM_039855835.1	100.000	21	0	0	1	21	531	511	2.1	39.2
Query_381907	XM_039855834.1	100.000	21	0	0	1	21	825	805	2.1	39.2
Query_381907	XM_039855833.1	100.000	21	0	0	1	21	547	527	2.1	39.2
Query_381907	XM_039855832.1	100.000	21	0	0	1	21	694	674	2.1	39.2
Query_381907	XM_039855830.1	100.000	21	0	0	1	21	560	540	2.1	39.2
Query_381907	XM_039855829.1	100.000	21	0	0	1	21	781	761	2.1	39.2
Query_381907	XM_039855828.1	100.000	21	0	0	1	21	602	582	2.1	39.2
Query_381907	XM_039696834.1	100.000	21	0	0	1	21	234	214	2.1	39.2
Query_381907	XM_039696825.1	100.000	21	0	0	1	21	550	530	2.1	39.2
Query_381907	XM_019290592.3	100.000	21	0	0	1	21	234	214	2.1	39.2
Query_381907	XM_019290591.3	100.000	21	0	0	1	21	285	265	2.1	39.2
Query_381907	XM_039555277.1	100.000	21	0	0	1	21	426	406	2.1	39.2
Query_381907	XM_039555276.1	100.000	21	0	0	1	21	585	565	2.1	39.2
Query_381907	XM_010351541.2	100.000	21	0	0	1	21	772	752	2.1	39.2
Query_381907	XM_039469988.1	100.000	21	0	0	1	21	852	832	2.1	39.2
Query_381907	XM_038447236.1	100.000	21	0	0	1	21	443	423	2.1	39.2
Query_381907	XM_038447235.1	100.000	21	0	0	1	21	749	729	2.1	39.2
Query_381907	XM_038463393.1	100.000	21	0	0	1	21	443	423	2.1	39.2
Query_381907	XM_038463392.1	100.000	21	0	0	1	21	749	729	2.1	39.2
Query_381907	XM_038142540.1	100.000	21	0	0	1	21	283	263	2.1	39.2
Query_381907	XM_038142539.1	100.000	21	0	0	1	21	781	761	2.1	39.2
Query_381907	XM_038142538.1	100.000	21	0	0	1	21	572	552	2.1	39.2
Query_381907	XM_007965532.2	100.000	21	0	0	1	21	836	816	2.1	39.2
Query_381907	XM_007965531.2	100.000	21	0	0	1	21	766	746	2.1	39.2
Query_381907	XM_007965530.2	100.000	21	0	0	1	21	789	769	2.1	39.2
Query_381907	XM_037735836.1	100.000	21	0	0	1	21	411	391	2.1	39.2
Query_381907	XM_017532745.2	100.000	21	0	0	1	21	842	822	2.1	39.2
Query_381907	XM_017532744.2	100.000	21	0	0	1	21	772	752	2.1	39.2
Query_381907	XM_017532743.2	100.000	21	0	0	1	21	851	831	2.1	39.2
Query_381907	XM_037523656.1	100.000	21	0	0	1	21	504	484	2.1	39.2
Query_381907	XM_037523655.1	100.000	21	0	0	1	21	595	575	2.1	39.2
Query_381907	XM_037523654.1	100.000	21	0	0	1	21	494	474	2.1	39.2
Query_381907	XM_037523653.1	100.000	21	0	0	1	21	789	769	2.1	39.2
Query_381907	XM_037130039.1	100.000	21	0	0	1	21	500	480	2.1	39.2
Query_381907	XM_037130038.1	100.000	21	0	0	1	21	507	487	2.1	39.2
Query_381907	XM_037130037.1	100.000	21	0	0	1	21	669	649	2.1	39.2
Query_381907	XM_037130036.1	100.000	21	0	0	1	21	769	749	2.1	39.2
Query_381907	XM_037044351.1	100.000	21	0	0	1	21	700	680	2.1	39.2
Query_381907	XM_037044350.1	100.000	21	0	0	1	21	507	487	2.1	39.2
Query_381907	XM_037044349.1	100.000	21	0	0	1	21	500	480	2.1	39.2
Query_381907	XM_037044348.1	100.000	21	0	0	1	21	633	613	2.1	39.2
Query_381907	XM_037044347.1	100.000	21	0	0	1	21	749	729	2.1	39.2
Query_381907	XM_037000303.1	100.000	21	0	0	1	21	560	540	2.1	39.2
Query_381907	XM_037000302.1	100.000	21	0	0	1	21	555	535	2.1	39.2
Query_381907	XM_037000301.1	100.000	21	0	0	1	21	442	422	2.1	39.2
Query_381907	XM_017668147.2	100.000	21	0	0	1	21	576	556	2.1	39.2
Query_381907	XM_017668146.2	100.000	21	0	0	1	21	697	677	2.1	39.2
Query_381907	XM_037000299.1	100.000	21	0	0	1	21	560	540	2.1	39.2
Query_381907	XM_036879408.1	100.000	21	0	0	1	21	554	534	2.1	39.2
Query_381907	XM_036879407.1	100.000	21	0	0	1	21	442	422	2.1	39.2
Query_381907	XM_036879406.1	100.000	21	0	0	1	21	574	554	2.1	39.2
Query_381907	XM_036879404.1	100.000	21	0	0	1	21	693	673	2.1	39.2
Query_381907	XM_036879403.1	100.000	21	0	0	1	21	744	724	2.1	39.2
Query_381907	XM_036386778.1	100.000	21	0	0	1	21	573	553	2.1	39.2
Query_381907	XM_036236019.1	100.000	21	0	0	1	21	602	582	2.1	39.2
Query_381907	XM_016164614.2	100.000	21	0	0	1	21	838	818	2.1	39.2
Query_381907	XM_016164616.2	100.000	21	0	0	1	21	442	422	2.1	39.2
Query_381907	XM_016164613.2	100.000	21	0	0	1	21	563	543	2.1	39.2
Query_381907	XM_016164615.2	100.000	21	0	0	1	21	727	707	2.1	39.2
Query_381907	XM_016164612.2	100.000	21	0	0	1	21	798	778	2.1	39.2
Query_381907	XM_036079912.1	100.000	21	0	0	1	21	605	585	2.1	39.2
Query_381907	XM_036079911.1	100.000	21	0	0	1	21	805	785	2.1	39.2
Query_381907	XM_036079910.1	100.000	21	0	0	1	21	615	595	2.1	39.2
Query_381907	XM_036079909.1	100.000	21	0	0	1	21	790	770	2.1	39.2
Query_381907	XM_036070133.1	100.000	21	0	0	1	21	522	502	2.1	39.2
Query_381907	XM_036023225.1	100.000	21	0	0	1	21	555	535	2.1	39.2
Query_381907	XM_028508977.2	100.000	21	0	0	1	21	563	543	2.1	39.2
Query_381907	XM_028508979.2	100.000	21	0	0	1	21	492	472	2.1	39.2
Query_381907	XM_028508978.2	100.000	21	0	0	1	21	642	622	2.1	39.2
Query_381907	NM_182678.3	100.000	21	0	0	1	21	640	620	2.1	39.2
Query_381907	NM_001278554.2	100.000	21	0	0	1	21	841	821	2.1	39.2
Query_381907	NM_001278555.2	100.000	21	0	0	1	21	608	588	2.1	39.2
Query_381907	XM_035696433.1	100.000	21	0	0	1	21	436	416	2.1	39.2
Query_381907	XM_035696430.1	100.000	21	0	0	1	21	437	417	2.1	39.2
Query_381907	XM_035696428.1	100.000	21	0	0	1	21	439	419	2.1	39.2
Query_381907	XM_035696425.1	100.000	21	0	0	1	21	443	423	2.1	39.2
Query_381907	XM_025460381.2	100.000	21	0	0	1	21	920	900	2.1	39.2
Query_381907	XM_027591007.2	100.000	21	0	0	1	21	753	733	2.1	39.2
Query_381907	XM_027591006.2	100.000	21	0	0	1	21	603	583	2.1	39.2
Query_381907	XM_027591004.2	100.000	21	0	0	1	21	660	640	2.1	39.2
Query_381907	XM_027591003.2	100.000	21	0	0	1	21	794	774	2.1	39.2


