# blastn
# Iteration: 0
# Query: 
# RID: 6M756W4T016
# Database: nt
# Fields: query acc.ver, subject acc.ver, % identity, alignment length, mismatches, gap opens, q. start, q. end, s. start, s. end, evalue, bit score
# 47 hits found
Query_12585	MK280312.1	100.000	21	0	0	1	21	1082	1062	2.0	39.2
Query_12585	XM_003822660.3	100.000	21	0	0	1	21	2840	2820	2.0	39.2
Query_12585	XM_033175808.1	100.000	21	0	0	1	21	2479	2459	2.0	39.2
Query_12585	XM_032178589.1	100.000	21	0	0	1	21	2036	2016	2.0	39.2
Query_12585	XM_023223830.2	100.000	21	0	0	1	21	2623	2603	2.0	39.2
Query_12585	XM_023223828.2	100.000	21	0	0	1	21	1256	1276	2.0	39.2
Query_12585	XM_003908598.4	100.000	21	0	0	1	21	2615	2595	2.0	39.2
Query_12585	XM_031007930.1	100.000	21	0	0	1	21	2635	2615	2.0	39.2
Query_12585	XM_030920698.1	100.000	21	0	0	1	21	2473	2453	2.0	39.2
Query_12585	XM_015112284.2	100.000	21	0	0	1	21	3023	3003	2.0	39.2
Query_12585	NM_012249.4	100.000	21	0	0	1	21	2646	2626	2.0	39.2
Query_12585	XM_025353647.1	100.000	21	0	0	1	21	2394	2374	2.0	39.2
Query_12585	AC277863.1	100.000	21	0	0	1	21	188044	188064	2.0	39.2
Query_12585	XM_011713140.2	100.000	21	0	0	1	21	2585	2565	2.0	39.2
Query_12585	XM_016948475.2	100.000	21	0	0	1	21	2614	2594	2.0	39.2
Query_12585	XM_016948474.2	100.000	21	0	0	1	21	2475	2455	2.0	39.2
Query_12585	XM_002812061.4	100.000	21	0	0	1	21	2385	2365	2.0	39.2
Query_12585	XM_017862694.1	100.000	21	0	0	1	21	2463	2443	2.0	39.2
Query_12585	XM_011532728.2	100.000	21	0	0	1	21	1974	1954	2.0	39.2
Query_12585	XM_017003716.1	100.000	21	0	0	1	21	2858	2838	2.0	39.2
Query_12585	XM_011532726.2	100.000	21	0	0	1	21	2701	2681	2.0	39.2
Query_12585	XM_015433694.1	100.000	21	0	0	1	21	2919	2899	2.0	39.2
Query_12585	XM_005575962.2	100.000	21	0	0	1	21	2233	2213	2.0	39.2
Query_12585	XM_012070312.1	100.000	21	0	0	1	21	2932	2912	2.0	39.2
Query_12585	XM_012070311.1	100.000	21	0	0	1	21	2400	2380	2.0	39.2
Query_12585	XM_012070310.1	100.000	21	0	0	1	21	1084	1104	2.0	39.2
Query_12585	XM_011965779.1	100.000	21	0	0	1	21	2417	2397	2.0	39.2
Query_12585	XM_011936021.1	100.000	21	0	0	1	21	2144	2124	2.0	39.2
Query_12585	XM_005264229.2	100.000	21	0	0	1	21	2110	2090	2.0	39.2
Query_12585	NG_023007.2	100.000	21	0	0	1	21	2479	2459	2.0	39.2
Query_12585	NG_022969.2	100.000	21	0	0	1	21	2476	2456	2.0	39.2
Query_12585	XM_038006892.1	100.000	21	0	0	1	21	1099	1119	2.0	39.2
Query_12585	XM_038006891.1	100.000	21	0	0	1	21	1076	1096	2.0	39.2
Query_12585	XM_038006885.1	100.000	21	0	0	1	21	2107	2087	2.0	39.2
Query_12585	XM_007970741.2	100.000	21	0	0	1	21	2612	2592	2.0	39.2
Query_12585	AC280214.1	100.000	21	0	0	1	21	182215	182235	2.0	39.2
Query_12585	AC185240.2	100.000	21	0	0	1	21	185708	185728	2.0	39.2
Query_12585	EU794657.1	100.000	21	0	0	1	21	2408	2388	2.0	39.2
Query_12585	BC013135.1	100.000	21	0	0	1	21	2568	2548	2.0	39.2
Query_12585	AC185990.2	100.000	21	0	0	1	21	124443	124463	2.0	39.2
Query_12585	AC183985.2	100.000	21	0	0	1	21	124700	124720	2.0	39.2
Query_12585	AC182490.3	100.000	21	0	0	1	21	102045	102065	2.0	39.2
Query_12585	AC120782.25	100.000	21	0	0	1	21	42420	42400	2.0	39.2
Query_12585	AC018804.9	100.000	21	0	0	1	21	26994	26974	2.0	39.2
Query_12585	AC073869.5	100.000	21	0	0	1	21	137327	137307	2.0	39.2
Query_12585	AC018682.4	100.000	21	0	0	1	21	116947	116927	2.0	39.2
Query_12585	XM_030799595.1	100.000	20	0	0	1	20	2631	2612	7.1	37.4


