# blastn
# Iteration: 0
# Query: 
# RID: 72C89UUP01R
# Database: nt
# Fields: query acc.ver, subject acc.ver, % identity, alignment length, mismatches, gap opens, q. start, q. end, s. start, s. end, evalue, bit score
# 20 hits found
Query_253241	XM_032910158.1	100.000	21	0	0	1	21	294	274	2.0	39.2
Query_253241	XM_032780488.1	100.000	21	0	0	1	21	916	896	2.0	39.2
Query_253241	XM_032220075.1	100.000	21	0	0	1	21	152	132	2.0	39.2
Query_253241	XM_017797301.2	100.000	21	0	0	1	21	344	324	2.0	39.2
Query_253241	XM_020168004.1	100.000	21	0	0	1	21	272	252	2.0	39.2
Query_253241	KX150940.1	100.000	21	0	0	1	21	378	358	2.0	39.2
Query_253241	XM_013009627.1	100.000	21	0	0	1	21	287	267	2.0	39.2
Query_253241	XM_008579627.1	100.000	21	0	0	1	21	314	294	2.0	39.2
Query_253241	NM_012864.2	100.000	21	0	0	1	21	300	280	2.0	39.2
Query_253241	L24374.1	100.000	21	0	0	1	21	314	294	2.0	39.2
Query_253241	X07821.1	100.000	21	0	0	1	21	189	169	2.0	39.2
Query_253241	XM_034763969.1	100.000	20	0	0	2	21	453	434	7.1	37.4
Query_253241	XM_030558202.1	100.000	20	0	0	2	21	423	404	7.1	37.4
Query_253241	XM_024213953.3	100.000	20	0	0	2	21	827	808	7.1	37.4
Query_253241	XM_008167040.2	100.000	20	0	0	2	21	421	402	7.1	37.4
Query_253241	XM_039532477.1	100.000	20	0	0	2	21	732	713	7.1	37.4
Query_253241	XR_005292047.1	100.000	20	0	0	2	21	2896	2915	7.1	37.4
Query_253241	XR_005292046.1	100.000	20	0	0	2	21	2541	2560	7.1	37.4
Query_253241	XM_038396299.1	100.000	20	0	0	2	21	819	800	7.1	37.4
Query_253241	XM_037896308.1	100.000	20	0	0	2	21	1824	1805	7.1	37.4


