# blastn
# Iteration: 0
# Query: 
# RID: 73NZXHBY01R
# Database: nt
# Fields: query acc.ver, subject acc.ver, % identity, alignment length, mismatches, gap opens, q. start, q. end, s. start, s. end, evalue, bit score
# 100 hits found
Query_272237	XM_003817410.4	100.000	21	0	0	1	21	998	978	2.0	39.2
Query_272237	XM_010620341.3	100.000	21	0	0	1	21	125	105	2.0	39.2
Query_272237	XM_033183585.1	100.000	21	0	0	1	21	1007	987	2.0	39.2
Query_272237	XM_032280103.1	100.000	21	0	0	1	21	1097	1077	2.0	39.2
Query_272237	XM_003912784.4	100.000	21	0	0	1	21	1083	1063	2.0	39.2
Query_272237	XM_019026567.2	100.000	21	0	0	1	21	1057	1037	2.0	39.2
Query_272237	XM_010380650.2	100.000	21	0	0	1	21	1007	987	2.0	39.2
Query_272237	XM_003272285.3	100.000	21	0	0	1	21	1359	1339	2.0	39.2
Query_272237	NM_005450.6	100.000	21	0	0	1	21	1013	993	2.0	39.2
Query_272237	CP034495.1	100.000	21	0	0	1	21	54672072	54672052	2.0	39.2
Query_272237	XM_025362689.1	100.000	21	0	0	1	21	1062	1042	2.0	39.2
Query_272237	XM_011732968.2	100.000	21	0	0	1	21	1118	1098	2.0	39.2
Query_272237	XM_523802.6	100.000	21	0	0	1	21	1068	1048	2.0	39.2
Query_272237	XM_012460453.2	100.000	21	0	0	1	21	1099	1079	2.0	39.2
Query_272237	LT744950.1	100.000	21	0	0	1	21	975	955	2.0	39.2
Query_272237	XM_017866509.1	100.000	21	0	0	1	21	1084	1064	2.0	39.2
Query_272237	XM_005583787.2	100.000	21	0	0	1	21	1007	987	2.0	39.2
Query_272237	XM_005394073.2	100.000	21	0	0	1	21	794	774	2.0	39.2
Query_272237	XM_003795558.2	100.000	21	0	0	1	21	1009	989	2.0	39.2
Query_272237	XM_004377901.2	100.000	21	0	0	1	21	1017	997	2.0	39.2
Query_272237	XM_011953737.1	100.000	21	0	0	1	21	496	476	2.0	39.2
Query_272237	XM_011979238.1	100.000	21	0	0	1	21	451	431	2.0	39.2
Query_272237	XM_003414604.2	100.000	21	0	0	1	21	750	730	2.0	39.2
Query_272237	XM_008580859.1	100.000	21	0	0	1	21	96	76	2.0	39.2
Query_272237	KJ892724.1	100.000	21	0	0	1	21	553	533	2.0	39.2
Query_272237	XM_008072012.1	100.000	21	0	0	1	21	718	698	2.0	39.2
Query_272237	XM_006889263.1	100.000	21	0	0	1	21	1011	991	2.0	39.2
Query_272237	CP068261.1	100.000	21	0	0	1	21	57471124	57471104	2.0	39.2
Query_272237	XM_017538823.2	100.000	21	0	0	1	21	1006	986	2.0	39.2
Query_272237	NM_001265629.1	100.000	21	0	0	1	21	498	478	2.0	39.2
Query_272237	AP023477.1	100.000	21	0	0	1	21	54043924	54043904	2.0	39.2
Query_272237	LR877227.1	100.000	21	0	0	1	21	16109969	16109989	2.0	39.2
Query_272237	XM_002748399.4	100.000	21	0	0	1	21	1008	988	2.0	39.2
Query_272237	NG_011958.1	100.000	21	0	0	1	21	6013	5993	2.0	39.2
Query_272237	CU689813.1	100.000	21	0	0	1	21	227	247	2.0	39.2
Query_272237	AK314080.1	100.000	21	0	0	1	21	1013	993	2.0	39.2
Query_272237	AY650332.1	100.000	21	0	0	1	21	224	204	2.0	39.2
Query_272237	BC034027.1	100.000	21	0	0	1	21	798	778	2.0	39.2
Query_272237	AC015724.9	100.000	21	0	0	1	21	61092	61112	2.0	39.2
Query_272237	AY890603.1	100.000	21	0	0	1	21	488	468	2.0	39.2
Query_272237	AY893078.1	100.000	21	0	0	1	21	488	468	2.0	39.2
Query_272237	AC005553.1	100.000	21	0	0	1	21	145715	145735	2.0	39.2
Query_272237	U31202.1	100.000	21	0	0	1	21	1299	1279	2.0	39.2
Query_272237	XM_034504298.1	100.000	20	0	0	1	20	1092	1073	7.1	37.4
Query_272237	XM_033089132.1	100.000	20	0	0	1	20	1023	1004	7.1	37.4
Query_272237	XM_032913970.1	100.000	20	0	0	1	20	1072	1053	7.1	37.4
Query_272237	XM_006181400.3	100.000	20	0	0	1	20	1096	1077	7.1	37.4
Query_272237	XM_023203969.3	100.000	20	0	0	1	20	1006	987	7.1	37.4
Query_272237	XM_006216420.2	100.000	20	0	0	1	20	154	135	7.1	37.4
Query_272237	XM_031468094.1	100.000	20	0	0	1	20	981	962	7.1	37.4
Query_272237	XM_031351580.1	100.000	20	0	0	1	20	1369	1350	7.1	37.4
Query_272237	XM_008838436.3	100.000	20	0	0	1	20	1115	1096	7.1	37.4
Query_272237	XM_021212898.2	100.000	20	0	0	1	20	1082	1063	7.1	37.4
Query_272237	XM_021178260.2	100.000	20	0	0	1	20	681	662	7.1	37.4
Query_272237	CP039340.1	100.000	20	0	0	1	20	1801328	1801347	7.1	37.4
Query_272237	XM_028772481.1	100.000	20	0	0	1	20	1021	1002	7.1	37.4
Query_272237	XM_005350519.2	100.000	20	0	0	1	20	502	483	7.1	37.4
Query_272237	CP032568.1	100.000	20	0	0	1	20	3199969	3199950	7.1	37.4
Query_272237	XM_026407803.1	100.000	20	0	0	1	20	1070	1051	7.1	37.4
Query_272237	XM_026221882.1	100.000	20	0	0	1	20	735	716	7.1	37.4
Query_272237	XM_026240307.1	100.000	20	0	0	1	20	771	752	7.1	37.4
Query_272237	XM_026239880.1	100.000	20	0	0	1	20	671	652	7.1	37.4
Query_272237	XM_027950363.1	100.000	20	0	0	1	20	1011	992	7.1	37.4
Query_272237	XM_027519023.1	100.000	20	0	0	1	20	716	697	7.1	37.4
Query_272237	XM_025996239.1	100.000	20	0	0	1	20	440	421	7.1	37.4
Query_272237	MF480653.1	100.000	20	0	0	1	20	515	496	7.1	37.4
Query_272237	XM_006076220.2	100.000	20	0	0	1	20	688	669	7.1	37.4
Query_272237	XM_006924856.3	100.000	20	0	0	1	20	832	813	7.1	37.4
Query_272237	XM_002695554.6	100.000	20	0	0	1	20	1083	1064	7.1	37.4
Query_272237	CP027087.1	100.000	20	0	0	1	20	7101664	7101645	7.1	37.4
Query_272237	XM_002827353.4	100.000	20	0	0	1	20	1007	988	7.1	37.4
Query_272237	KY888941.1	100.000	20	0	0	1	20	302	283	7.1	37.4
Query_272237	XM_006095589.3	100.000	20	0	0	1	20	1098	1079	7.1	37.4
Query_272237	XM_004645279.2	100.000	20	0	0	1	20	693	674	7.1	37.4
Query_272237	XM_023652827.1	100.000	20	0	0	1	20	1090	1071	7.1	37.4
Query_272237	XM_011365003.2	100.000	20	0	0	1	20	1007	988	7.1	37.4
Query_272237	XM_021648808.1	100.000	20	0	0	1	20	1114	1095	7.1	37.4
Query_272237	XM_005075810.3	100.000	20	0	0	1	20	1113	1094	7.1	37.4
Query_272237	XM_020898946.1	100.000	20	0	0	1	20	1017	998	7.1	37.4
Query_272237	XM_020186020.1	100.000	20	0	0	1	20	1006	987	7.1	37.4
Query_272237	KY286086.1	100.000	20	0	0	1	20	488	469	7.1	37.4
Query_272237	XM_019982609.1	100.000	20	0	0	1	20	776	757	7.1	37.4
Query_272237	XM_019636610.1	100.000	20	0	0	1	20	1103	1084	7.1	37.4
Query_272237	XM_019099621.1	100.000	20	0	0	1	20	692	673	7.1	37.4
Query_272237	XM_013971792.2	100.000	20	0	0	1	20	1091	1072	7.1	37.4
Query_272237	XM_005321598.3	100.000	20	0	0	1	20	1104	1085	7.1	37.4
Query_272237	XM_040244285.1	100.000	20	0	0	1	20	1141	1122	7.1	37.4
Query_272237	XM_039885709.1	100.000	20	0	0	1	20	1007	988	7.1	37.4
Query_272237	XM_003931333.3	100.000	20	0	0	1	20	1668	1649	7.1	37.4
Query_272237	XM_039241125.1	100.000	20	0	0	1	20	1076	1057	7.1	37.4
Query_272237	XM_038329121.1	100.000	20	0	0	1	20	488	469	7.1	37.4
Query_272237	XM_008011393.2	100.000	20	0	0	1	20	1074	1055	7.1	37.4
Query_272237	XM_037809573.1	100.000	20	0	0	1	20	1073	1054	7.1	37.4
Query_272237	XM_037493704.1	100.000	20	0	0	1	20	982	963	7.1	37.4
Query_272237	XM_028878202.2	100.000	20	0	0	1	20	1024	1005	7.1	37.4
Query_272237	XM_017654997.2	100.000	20	0	0	1	20	1096	1077	7.1	37.4
Query_272237	XM_036879834.1	100.000	20	0	0	1	20	1089	1070	7.1	37.4
Query_272237	XM_036342124.1	100.000	20	0	0	1	20	521	502	7.1	37.4
Query_272237	XM_016155130.2	100.000	20	0	0	1	20	1077	1058	7.1	37.4
Query_272237	XM_036198140.1	100.000	20	0	0	1	20	1021	1002	7.1	37.4


