# blastn
# Iteration: 0
# Query: 
# RID: 9PSWGBCY016
# Database: nt
# Fields: query acc.ver, subject acc.ver, % identity, alignment length, mismatches, gap opens, q. start, q. end, s. start, s. end, evalue, bit score
# 100 hits found
Query_23415	XM_035009990.1	100.000	21	0	0	1	21	346	326	2.1	39.2
Query_23415	XM_003811844.2	100.000	21	0	0	1	21	335	315	2.1	39.2
Query_23415	XM_002928742.4	100.000	21	0	0	1	21	299	279	2.1	39.2
Query_23415	XM_034520201.1	100.000	21	0	0	1	21	305	285	2.1	39.2
Query_23415	XM_034520200.1	100.000	21	0	0	1	21	335	315	2.1	39.2
Query_23415	XM_034520199.1	100.000	21	0	0	1	21	276	256	2.1	39.2
Query_23415	XM_034520198.1	100.000	21	0	0	1	21	334	314	2.1	39.2
Query_23415	XM_034520197.1	100.000	21	0	0	1	21	421	401	2.1	39.2
Query_23415	XM_033196559.1	100.000	21	0	0	1	21	460	440	2.1	39.2
Query_23415	XM_033233047.1	100.000	21	0	0	1	21	210	190	2.1	39.2
Query_23415	XM_032849507.1	100.000	21	0	0	1	21	229	209	2.1	39.2
Query_23415	XM_030302021.2	100.000	21	0	0	1	21	624	604	2.1	39.2
Query_23415	XM_006173963.3	100.000	21	0	0	1	21	297	277	2.1	39.2
Query_23415	XM_032397263.1	100.000	21	0	0	1	21	359	339	2.1	39.2
Query_23415	XM_032318008.1	100.000	21	0	0	1	21	335	315	2.1	39.2
Query_23415	XM_032161224.1	100.000	21	0	0	1	21	470	450	2.1	39.2
Query_23415	XM_023214308.2	100.000	21	0	0	1	21	427	407	2.1	39.2
Query_23415	XM_006215678.3	100.000	21	0	0	1	21	348	328	2.1	39.2
Query_23415	XR_004184786.1	100.000	21	0	0	1	21	158	138	2.1	39.2
Query_23415	XM_031654823.1	100.000	21	0	0	1	21	317	297	2.1	39.2
Query_23415	XM_031654814.1	100.000	21	0	0	1	21	410	390	2.1	39.2
Query_23415	XM_010993054.2	100.000	21	0	0	1	21	291	271	2.1	39.2
Query_23415	XM_031389331.1	100.000	21	0	0	1	21	276	256	2.1	39.2
Query_23415	XM_006747389.2	100.000	21	0	0	1	21	214	194	2.1	39.2
Query_23415	XM_031011621.1	100.000	21	0	0	1	21	451	431	2.1	39.2
Query_23415	XM_010367119.2	100.000	21	0	0	1	21	563	543	2.1	39.2
Query_23415	XR_749097.2	100.000	21	0	0	1	21	138	118	2.1	39.2
Query_23415	XR_750211.2	100.000	21	0	0	1	21	152	132	2.1	39.2
Query_23415	XM_030824091.1	100.000	21	0	0	1	21	471	451	2.1	39.2
Query_23415	XM_008848012.3	100.000	21	0	0	1	21	227	207	2.1	39.2
Query_23415	XM_029570877.1	100.000	21	0	0	1	21	387	367	2.1	39.2
Query_23415	XM_021198362.2	100.000	21	0	0	1	21	300	280	2.1	39.2
Query_23415	XM_029477793.1	100.000	21	0	0	1	21	290	270	2.1	39.2
Query_23415	XM_021163238.2	100.000	21	0	0	1	21	313	293	2.1	39.2
Query_23415	XM_028826846.1	100.000	21	0	0	1	21	371	351	2.1	39.2
Query_23415	XM_015113807.2	100.000	21	0	0	1	21	337	317	2.1	39.2
Query_23415	XM_015113815.2	100.000	21	0	0	1	21	291	271	2.1	39.2
Query_23415	XM_028787765.1	100.000	21	0	0	1	21	348	328	2.1	39.2
Query_23415	NM_016406.4	100.000	21	0	0	1	21	158	138	2.1	39.2
Query_23415	XM_026780011.1	100.000	21	0	0	1	21	371	351	2.1	39.2
Query_23415	XM_005348804.2	100.000	21	0	0	1	21	371	351	2.1	39.2
Query_23415	XM_026487420.1	100.000	21	0	0	1	21	162	142	2.1	39.2
Query_23415	XM_023185092.2	100.000	21	0	0	1	21	168	148	2.1	39.2
Query_23415	XM_026380604.1	100.000	21	0	0	1	21	205	185	2.1	39.2
Query_23415	XM_008153149.2	100.000	21	0	0	1	21	330	310	2.1	39.2
Query_23415	XM_028090946.1	100.000	21	0	0	1	21	359	339	2.1	39.2
Query_23415	XM_027950719.1	100.000	21	0	0	1	21	205	185	2.1	39.2
Query_23415	XM_025986272.1	100.000	21	0	0	1	21	475	455	2.1	39.2
Query_23415	XM_025860682.1	100.000	21	0	0	1	21	359	339	2.1	39.2
Query_23415	XR_003120460.1	100.000	21	0	0	1	21	138	118	2.1	39.2
Query_23415	XM_025359394.1	100.000	21	0	0	1	21	277	257	2.1	39.2
Query_23415	XM_025359307.1	100.000	21	0	0	1	21	453	433	2.1	39.2
Query_23415	XM_006907869.3	100.000	21	0	0	1	21	381	361	2.1	39.2
Query_23415	XM_011770131.2	100.000	21	0	0	1	21	229	209	2.1	39.2
Query_23415	XM_017001450.2	100.000	21	0	0	1	21	288	268	2.1	39.2
Query_23415	XM_002809897.3	100.000	21	0	0	1	21	448	428	2.1	39.2
Query_23415	NM_025388.3	100.000	21	0	0	1	21	291	271	2.1	39.2
Query_23415	NM_001360932.1	100.000	21	0	0	1	21	286	266	2.1	39.2
Query_23415	NM_001360931.1	100.000	21	0	0	1	21	295	275	2.1	39.2
Query_23415	NM_001360933.1	100.000	21	0	0	1	21	291	271	2.1	39.2
Query_23415	XM_006103261.3	100.000	21	0	0	1	21	334	314	2.1	39.2
Query_23415	XM_001503835.4	100.000	21	0	0	1	21	539	519	2.1	39.2
Query_23415	XM_011377001.2	100.000	21	0	0	1	21	378	358	2.1	39.2
Query_23415	XM_012528753.2	100.000	21	0	0	1	21	344	324	2.1	39.2
Query_23415	XM_023214307.1	100.000	21	0	0	1	21	448	428	2.1	39.2
Query_23415	XM_022490810.1	100.000	21	0	0	1	21	769	749	2.1	39.2
Query_23415	XM_012449634.2	100.000	21	0	0	1	21	439	419	2.1	39.2
Query_23415	XM_012449633.2	100.000	21	0	0	1	21	449	429	2.1	39.2
Query_23415	XM_021682047.1	100.000	21	0	0	1	21	388	368	2.1	39.2
Query_23415	XM_021647142.1	100.000	21	0	0	1	21	406	386	2.1	39.2
Query_23415	XM_021089535.1	100.000	21	0	0	1	21	140	120	2.1	39.2
Query_23415	XM_041003356.1	100.000	21	0	0	1	21	217	197	2.1	39.2
Query_23415	XM_005087769.4	100.000	21	0	0	1	21	374	354	2.1	39.2
Query_23415	XM_008700659.2	100.000	21	0	0	1	21	174	154	2.1	39.2
Query_23415	XM_039839892.1	100.000	21	0	0	1	21	372	352	2.1	39.2
Query_23415	XM_038448650.1	100.000	21	0	0	1	21	1067	1047	2.1	39.2
Query_23415	XM_536135.6	100.000	21	0	0	1	21	1065	1045	2.1	39.2
Query_23415	XM_038349260.1	100.000	21	0	0	1	21	386	366	2.1	39.2
Query_23415	XM_037984472.1	100.000	21	0	0	1	21	138	118	2.1	39.2
Query_23415	XM_037813365.1	100.000	21	0	0	1	21	330	310	2.1	39.2
Query_23415	XM_028860122.2	100.000	21	0	0	1	21	699	679	2.1	39.2
Query_23415	XM_037211262.1	100.000	21	0	0	1	21	538	518	2.1	39.2
Query_23415	XM_028860121.2	100.000	21	0	0	1	21	609	589	2.1	39.2
Query_23415	XM_037150062.1	100.000	21	0	0	1	21	305	285	2.1	39.2
Query_23415	XM_037150054.1	100.000	21	0	0	1	21	358	338	2.1	39.2
Query_23415	XM_037035026.1	100.000	21	0	0	1	21	390	370	2.1	39.2
Query_23415	XM_017656200.2	100.000	21	0	0	1	21	180	160	2.1	39.2
Query_23415	XM_036922785.1	100.000	21	0	0	1	21	183	163	2.1	39.2
Query_23415	XM_004589102.3	100.000	21	0	0	1	21	224	204	2.1	39.2
Query_23415	XM_036434398.1	100.000	21	0	0	1	21	323	303	2.1	39.2
Query_23415	XM_036344036.1	100.000	21	0	0	1	21	369	349	2.1	39.2
Query_23415	XM_036273390.1	100.000	21	0	0	1	21	396	376	2.1	39.2
Query_23415	XM_016134057.2	100.000	21	0	0	1	21	172	152	2.1	39.2
Query_23415	XM_036202638.1	100.000	21	0	0	1	21	246	226	2.1	39.2
Query_23415	XM_036101456.1	100.000	21	0	0	1	21	359	339	2.1	39.2
Query_23415	XM_028503352.2	100.000	21	0	0	1	21	414	394	2.1	39.2
Query_23415	XM_025420819.2	100.000	21	0	0	1	21	1634	1614	2.1	39.2
Query_23415	XM_027610910.2	100.000	21	0	0	1	21	383	363	2.1	39.2
Query_23415	XM_027419018.2	100.000	21	0	0	1	21	371	351	2.1	39.2
Query_23415	XM_003506861.4	100.000	21	0	0	1	21	371	351	2.1	39.2


