# blastn
# Iteration: 0
# Query: 
# RID: 6MV0MZRD01R
# Database: nt
# Fields: query acc.ver, subject acc.ver, % identity, alignment length, mismatches, gap opens, q. start, q. end, s. start, s. end, evalue, bit score
# 100 hits found
Query_199789	XM_034995424.1	100.000	21	0	0	1	21	1225	1205	2.0	39.2
Query_199789	XM_034932123.1	100.000	21	0	0	1	21	1117	1097	2.0	39.2
Query_199789	XM_034932122.1	100.000	21	0	0	1	21	1430	1410	2.0	39.2
Query_199789	XR_004664993.1	100.000	21	0	0	1	21	1406	1386	2.0	39.2
Query_199789	XM_034932121.1	100.000	21	0	0	1	21	1472	1452	2.0	39.2
Query_199789	XM_034932120.1	100.000	21	0	0	1	21	1082	1062	2.0	39.2
Query_199789	XM_034932119.1	100.000	21	0	0	1	21	1358	1338	2.0	39.2
Query_199789	XM_034932117.1	100.000	21	0	0	1	21	1168	1148	2.0	39.2
Query_199789	XM_034932116.1	100.000	21	0	0	1	21	1430	1410	2.0	39.2
Query_199789	XM_034932115.1	100.000	21	0	0	1	21	1430	1410	2.0	39.2
Query_199789	XM_034666539.1	100.000	21	0	0	1	21	1410	1390	2.0	39.2
Query_199789	XM_034666538.1	100.000	21	0	0	1	21	1410	1390	2.0	39.2
Query_199789	XM_011220930.3	100.000	21	0	0	1	21	1405	1385	2.0	39.2
Query_199789	XM_027942433.2	100.000	21	0	0	1	21	1439	1419	2.0	39.2
Query_199789	XM_033862515.1	100.000	21	0	0	1	21	1395	1375	2.0	39.2
Query_199789	XM_033862513.1	100.000	21	0	0	1	21	1394	1374	2.0	39.2
Query_199789	XM_033862512.1	100.000	21	0	0	1	21	1431	1411	2.0	39.2
Query_199789	XM_033207624.1	100.000	21	0	0	1	21	1415	1395	2.0	39.2
Query_199789	XM_033207623.1	100.000	21	0	0	1	21	1482	1462	2.0	39.2
Query_199789	XR_004436191.1	100.000	21	0	0	1	21	1485	1465	2.0	39.2
Query_199789	XR_004436190.1	100.000	21	0	0	1	21	1420	1400	2.0	39.2
Query_199789	XM_033207622.1	100.000	21	0	0	1	21	1481	1461	2.0	39.2
Query_199789	XM_033120108.1	100.000	21	0	0	1	21	1352	1332	2.0	39.2
Query_199789	XM_033120107.1	100.000	21	0	0	1	21	1424	1404	2.0	39.2
Query_199789	XM_032892923.1	100.000	21	0	0	1	21	1155	1135	2.0	39.2
Query_199789	XM_032853438.1	100.000	21	0	0	1	21	1180	1160	2.0	39.2
Query_199789	XR_004382158.1	100.000	21	0	0	1	21	1182	1162	2.0	39.2
Query_199789	XM_032853437.1	100.000	21	0	0	1	21	1181	1161	2.0	39.2
Query_199789	XM_032853436.1	100.000	21	0	0	1	21	1181	1161	2.0	39.2
Query_199789	XM_032853435.1	100.000	21	0	0	1	21	1107	1087	2.0	39.2
Query_199789	XM_032853434.1	100.000	21	0	0	1	21	1179	1159	2.0	39.2
Query_199789	XM_032166649.2	100.000	21	0	0	1	21	1099	1079	2.0	39.2
Query_199789	XM_032641658.1	100.000	21	0	0	1	21	1465	1445	2.0	39.2
Query_199789	XM_032641657.1	100.000	21	0	0	1	21	1086	1066	2.0	39.2
Query_199789	XM_032641656.1	100.000	21	0	0	1	21	1461	1441	2.0	39.2
Query_199789	XM_032489050.1	100.000	21	0	0	1	21	1488	1468	2.0	39.2
Query_199789	XM_032489049.1	100.000	21	0	0	1	21	1537	1517	2.0	39.2
Query_199789	XM_032489048.1	100.000	21	0	0	1	21	1487	1467	2.0	39.2
Query_199789	XM_032489047.1	100.000	21	0	0	1	21	1536	1516	2.0	39.2
Query_199789	XM_040284773.1	100.000	21	0	0	1	21	316	296	2.0	39.2
Query_199789	XM_040284772.1	100.000	21	0	0	1	21	1077	1057	2.0	39.2
Query_199789	XM_040258410.1	100.000	21	0	0	1	21	1434	1414	2.0	39.2
Query_199789	XM_039470498.1	100.000	21	0	0	1	21	1175	1155	2.0	39.2
Query_199789	XM_039470497.1	100.000	21	0	0	1	21	1502	1482	2.0	39.2
Query_199789	XM_039470496.1	100.000	21	0	0	1	21	1394	1374	2.0	39.2
Query_199789	XM_039470495.1	100.000	21	0	0	1	21	1502	1482	2.0	39.2
Query_199789	XM_039244588.1	100.000	21	0	0	1	21	1189	1169	2.0	39.2
Query_199789	XM_039078190.1	100.000	21	0	0	1	21	1444	1424	2.0	39.2
Query_199789	XM_039078189.1	100.000	21	0	0	1	21	600	580	2.0	39.2
Query_199789	XM_017589204.2	100.000	21	0	0	1	21	1369	1349	2.0	39.2
Query_199789	XM_038430473.1	100.000	21	0	0	1	21	1197	1177	2.0	39.2
Query_199789	XM_038430472.1	100.000	21	0	0	1	21	1197	1177	2.0	39.2
Query_199789	XM_038341029.1	100.000	21	0	0	1	21	1188	1168	2.0	39.2
Query_199789	XM_038341024.1	100.000	21	0	0	1	21	1188	1168	2.0	39.2
Query_199789	XM_037999738.1	100.000	21	0	0	1	21	1185	1165	2.0	39.2
Query_199789	XM_037999737.1	100.000	21	0	0	1	21	1465	1445	2.0	39.2
Query_199789	XM_037999736.1	100.000	21	0	0	1	21	1393	1373	2.0	39.2
Query_199789	XM_008007293.2	100.000	21	0	0	1	21	1465	1445	2.0	39.2
Query_199789	XM_017500309.2	100.000	21	0	0	1	21	1172	1152	2.0	39.2
Query_199789	XM_036860165.1	100.000	21	0	0	1	21	1135	1115	2.0	39.2
Query_199789	XM_036860164.1	100.000	21	0	0	1	21	1207	1187	2.0	39.2
Query_199789	XM_036428615.1	100.000	21	0	0	1	21	1449	1429	2.0	39.2
Query_199789	XM_036428614.1	100.000	21	0	0	1	21	1438	1418	2.0	39.2
Query_199789	XR_004986364.1	100.000	21	0	0	1	21	1435	1415	2.0	39.2
Query_199789	XM_036428612.1	100.000	21	0	0	1	21	1447	1427	2.0	39.2
Query_199789	XM_036428610.1	100.000	21	0	0	1	21	1435	1415	2.0	39.2
Query_199789	XM_036428609.1	100.000	21	0	0	1	21	1430	1410	2.0	39.2
Query_199789	XM_036428608.1	100.000	21	0	0	1	21	1429	1409	2.0	39.2
Query_199789	XM_036428607.1	100.000	21	0	0	1	21	1377	1357	2.0	39.2
Query_199789	XM_036428606.1	100.000	21	0	0	1	21	1440	1420	2.0	39.2
Query_199789	XM_036428605.1	100.000	21	0	0	1	21	1449	1429	2.0	39.2
Query_199789	XM_036325330.1	100.000	21	0	0	1	21	1420	1400	2.0	39.2
Query_199789	XM_036325329.1	100.000	21	0	0	1	21	1424	1404	2.0	39.2
Query_199789	XM_036325328.1	100.000	21	0	0	1	21	1424	1404	2.0	39.2
Query_199789	XM_036325327.1	100.000	21	0	0	1	21	1422	1402	2.0	39.2
Query_199789	XM_036325326.1	100.000	21	0	0	1	21	1423	1403	2.0	39.2
Query_199789	XM_036325325.1	100.000	21	0	0	1	21	1422	1402	2.0	39.2
Query_199789	XM_036325324.1	100.000	21	0	0	1	21	1422	1402	2.0	39.2
Query_199789	XM_036325323.1	100.000	21	0	0	1	21	1125	1105	2.0	39.2
Query_199789	XM_036325322.1	100.000	21	0	0	1	21	1422	1402	2.0	39.2
Query_199789	XM_036325321.1	100.000	21	0	0	1	21	1421	1401	2.0	39.2
Query_199789	XM_036325320.1	100.000	21	0	0	1	21	1423	1403	2.0	39.2
Query_199789	XM_036325319.1	100.000	21	0	0	1	21	1421	1401	2.0	39.2
Query_199789	XM_036258063.1	100.000	21	0	0	1	21	1433	1413	2.0	39.2
Query_199789	XM_036258062.1	100.000	21	0	0	1	21	1137	1117	2.0	39.2
Query_199789	XM_036258061.1	100.000	21	0	0	1	21	1433	1413	2.0	39.2
Query_199789	XM_036130788.1	100.000	21	0	0	1	21	1235	1215	2.0	39.2
Query_199789	XM_036130787.1	100.000	21	0	0	1	21	1307	1287	2.0	39.2
Query_199789	XM_036130786.1	100.000	21	0	0	1	21	1236	1216	2.0	39.2
Query_199789	XM_036130785.1	100.000	21	0	0	1	21	1308	1288	2.0	39.2
Query_199789	XM_036068907.1	100.000	21	0	0	1	21	1136	1116	2.0	39.2
Query_199789	XM_036068899.1	100.000	21	0	0	1	21	1209	1189	2.0	39.2
Query_199789	XM_027578364.2	100.000	21	0	0	1	21	1296	1276	2.0	39.2
Query_199789	XM_027578363.2	100.000	21	0	0	1	21	1296	1276	2.0	39.2
Query_199789	XM_027578362.2	100.000	21	0	0	1	21	1296	1276	2.0	39.2
Query_199789	XM_035550091.1	100.000	21	0	0	1	21	1308	1288	2.0	39.2
Query_199789	XM_035550090.1	100.000	21	0	0	1	21	1308	1288	2.0	39.2
Query_199789	XM_017977897.2	100.000	21	0	0	1	21	1465	1445	2.0	39.2
Query_199789	XM_017977895.2	100.000	21	0	0	1	21	1393	1373	2.0	39.2
Query_199789	XM_002755025.4	100.000	21	0	0	1	21	1465	1445	2.0	39.2


