# blastn
# Iteration: 0
# Query: 
# RID: 7PSZNK2W013
# Database: nt
# Fields: query acc.ver, subject acc.ver, % identity, alignment length, mismatches, gap opens, q. start, q. end, s. start, s. end, evalue, bit score
# 100 hits found
Query_31445	XM_035021104.1	100.000	21	0	0	1	21	69	49	2.1	39.2
Query_31445	XM_035021103.1	100.000	21	0	0	1	21	649	629	2.1	39.2
Query_31445	XM_035021102.1	100.000	21	0	0	1	21	646	626	2.1	39.2
Query_31445	XM_008966038.2	100.000	21	0	0	1	21	621	601	2.1	39.2
Query_31445	XM_003813487.3	100.000	21	0	0	1	21	618	598	2.1	39.2
Query_31445	XM_011230345.3	100.000	21	0	0	1	21	646	626	2.1	39.2
Query_31445	XM_019924064.2	100.000	21	0	0	1	21	626	606	2.1	39.2
Query_31445	XM_019924049.2	100.000	21	0	0	1	21	630	610	2.1	39.2
Query_31445	XM_004272203.3	100.000	21	0	0	1	21	633	613	2.1	39.2
Query_31445	XM_033432469.1	100.000	21	0	0	1	21	638	618	2.1	39.2
Query_31445	XM_040471984.1	100.000	21	0	0	1	21	653	633	2.1	39.2
Query_31445	XM_040471983.1	100.000	21	0	0	1	21	696	676	2.1	39.2
Query_31445	XM_040471982.1	100.000	21	0	0	1	21	651	631	2.1	39.2
Query_31445	XM_040471981.1	100.000	21	0	0	1	21	252	232	2.1	39.2
Query_31445	XM_040471980.1	100.000	21	0	0	1	21	694	674	2.1	39.2
Query_31445	XM_021730378.2	100.000	21	0	0	1	21	68	48	2.1	39.2
Query_31445	XM_021730377.2	100.000	21	0	0	1	21	669	649	2.1	39.2
Query_31445	XM_005331109.4	100.000	21	0	0	1	21	664	644	2.1	39.2
Query_31445	XM_029074222.2	100.000	21	0	0	1	21	253	233	2.1	39.2
Query_31445	XM_029074221.2	100.000	21	0	0	1	21	273	253	2.1	39.2
Query_31445	HG994400.1	100.000	21	0	0	1	21	54030114	54030134	2.1	39.2
Query_31445	XM_039860867.1	100.000	21	0	0	1	21	322	302	2.1	39.2
Query_31445	XM_039860866.1	100.000	21	0	0	1	21	648	628	2.1	39.2
Query_31445	XM_039860865.1	100.000	21	0	0	1	21	646	626	2.1	39.2
Query_31445	XM_003921004.3	100.000	21	0	0	1	21	621	601	2.1	39.2
Query_31445	XM_038686155.1	100.000	21	0	0	1	21	641	621	2.1	39.2
Query_31445	XM_038686154.1	100.000	21	0	0	1	21	656	636	2.1	39.2
Query_31445	XM_038686153.1	100.000	21	0	0	1	21	639	619	2.1	39.2
Query_31445	XM_038686152.1	100.000	21	0	0	1	21	284	264	2.1	39.2
Query_31445	XM_038686151.1	100.000	21	0	0	1	21	632	612	2.1	39.2
Query_31445	XM_038433990.1	100.000	21	0	0	1	21	641	621	2.1	39.2
Query_31445	XM_022427233.2	100.000	21	0	0	1	21	656	636	2.1	39.2
Query_31445	XM_005628390.4	100.000	21	0	0	1	21	639	619	2.1	39.2
Query_31445	XM_022427231.2	100.000	21	0	0	1	21	284	264	2.1	39.2
Query_31445	XM_852326.6	100.000	21	0	0	1	21	632	612	2.1	39.2
Query_31445	XM_038318476.1	100.000	21	0	0	1	21	587	567	2.1	39.2
Query_31445	XM_037836169.1	100.000	21	0	0	1	21	1104	1084	2.1	39.2
Query_31445	XM_037836168.1	100.000	21	0	0	1	21	643	623	2.1	39.2
Query_31445	XM_037836167.1	100.000	21	0	0	1	21	643	623	2.1	39.2
Query_31445	XM_037836166.1	100.000	21	0	0	1	21	740	720	2.1	39.2
Query_31445	XM_037739999.1	100.000	21	0	0	1	21	91	71	2.1	39.2
Query_31445	XM_017532568.2	100.000	21	0	0	1	21	206	186	2.1	39.2
Query_31445	XM_017532567.2	100.000	21	0	0	1	21	621	601	2.1	39.2
Query_31445	XM_017532566.2	100.000	21	0	0	1	21	619	599	2.1	39.2
Query_31445	XM_037513116.1	100.000	21	0	0	1	21	396	376	2.1	39.2
Query_31445	XM_037513112.1	100.000	21	0	0	1	21	940	920	2.1	39.2
Query_31445	XM_037513104.1	100.000	21	0	0	1	21	206	186	2.1	39.2
Query_31445	XM_037513099.1	100.000	21	0	0	1	21	290	270	2.1	39.2
Query_31445	XM_037513092.1	100.000	21	0	0	1	21	290	270	2.1	39.2
Query_31445	XM_028866184.2	100.000	21	0	0	1	21	222	202	2.1	39.2
Query_31445	XM_028866182.2	100.000	21	0	0	1	21	222	202	2.1	39.2
Query_31445	XM_037165819.1	100.000	21	0	0	1	21	186	166	2.1	39.2
Query_31445	XM_037165818.1	100.000	21	0	0	1	21	645	625	2.1	39.2
Query_31445	XM_037019485.1	100.000	21	0	0	1	21	183	163	2.1	39.2
Query_31445	XM_036909040.1	100.000	21	0	0	1	21	653	633	2.1	39.2
Query_31445	XM_036862830.1	100.000	21	0	0	1	21	521	501	2.1	39.2
Query_31445	XM_036517921.1	100.000	21	0	0	1	21	395	375	2.1	39.2
Query_31445	XM_036426864.1	100.000	21	0	0	1	21	665	645	2.1	39.2
Query_31445	XM_036426854.1	100.000	21	0	0	1	21	661	641	2.1	39.2
Query_31445	XM_036328704.1	100.000	21	0	0	1	21	207	187	2.1	39.2
Query_31445	XM_036328703.1	100.000	21	0	0	1	21	207	187	2.1	39.2
Query_31445	XM_036328702.1	100.000	21	0	0	1	21	550	530	2.1	39.2
Query_31445	XM_036328701.1	100.000	21	0	0	1	21	249	229	2.1	39.2
Query_31445	XM_036328700.1	100.000	21	0	0	1	21	174	154	2.1	39.2
Query_31445	XM_036328699.1	100.000	21	0	0	1	21	543	523	2.1	39.2
Query_31445	XM_036328698.1	100.000	21	0	0	1	21	249	229	2.1	39.2
Query_31445	XM_036246610.1	100.000	21	0	0	1	21	284	264	2.1	39.2
Query_31445	XM_036246609.1	100.000	21	0	0	1	21	187	167	2.1	39.2
Query_31445	XM_036246608.1	100.000	21	0	0	1	21	264	244	2.1	39.2
Query_31445	XM_036246607.1	100.000	21	0	0	1	21	283	263	2.1	39.2
Query_31445	XM_036246606.1	100.000	21	0	0	1	21	294	274	2.1	39.2
Query_31445	XM_036246605.1	100.000	21	0	0	1	21	255	235	2.1	39.2
Query_31445	XM_036246603.1	100.000	21	0	0	1	21	177	157	2.1	39.2
Query_31445	XM_036246602.1	100.000	21	0	0	1	21	183	163	2.1	39.2
Query_31445	XM_036246601.1	100.000	21	0	0	1	21	201	181	2.1	39.2
Query_31445	XM_036246600.1	100.000	21	0	0	1	21	255	235	2.1	39.2
Query_31445	XM_016148712.2	100.000	21	0	0	1	21	641	621	2.1	39.2
Query_31445	XM_016148711.2	100.000	21	0	0	1	21	640	620	2.1	39.2
Query_31445	XM_036181345.1	100.000	21	0	0	1	21	664	644	2.1	39.2
Query_31445	XM_036181344.1	100.000	21	0	0	1	21	664	644	2.1	39.2
Query_31445	XM_036101281.1	100.000	21	0	0	1	21	145	125	2.1	39.2
Query_31445	XM_036101280.1	100.000	21	0	0	1	21	655	635	2.1	39.2
Query_31445	XM_036101279.1	100.000	21	0	0	1	21	655	635	2.1	39.2
Query_31445	XM_036101278.1	100.000	21	0	0	1	21	600	580	2.1	39.2
Query_31445	XM_036101277.1	100.000	21	0	0	1	21	652	632	2.1	39.2
Query_31445	XM_025471634.2	100.000	21	0	0	1	21	111	91	2.1	39.2
Query_31445	XM_025471633.2	100.000	21	0	0	1	21	111	91	2.1	39.2
Query_31445	XM_025471632.2	100.000	21	0	0	1	21	656	636	2.1	39.2
Query_31445	XM_025471631.2	100.000	21	0	0	1	21	639	619	2.1	39.2
Query_31445	XM_025471630.2	100.000	21	0	0	1	21	319	299	2.1	39.2
Query_31445	XM_025471629.2	100.000	21	0	0	1	21	632	612	2.1	39.2
Query_31445	XM_027573206.2	100.000	21	0	0	1	21	639	619	2.1	39.2
Query_31445	XM_027573204.2	100.000	21	0	0	1	21	87	67	2.1	39.2
Query_31445	XM_027573203.2	100.000	21	0	0	1	21	639	619	2.1	39.2
Query_31445	LR862366.1	100.000	21	0	0	1	21	17524489	17524509	2.1	39.2
Query_31445	XM_035425757.1	100.000	21	0	0	1	21	419	399	2.1	39.2
Query_31445	XM_035254744.1	100.000	21	0	0	1	21	210	190	2.1	39.2
Query_31445	XM_035254743.1	100.000	21	0	0	1	21	636	616	2.1	39.2
Query_31445	XM_035254741.1	100.000	21	0	0	1	21	632	612	2.1	39.2
Query_31445	XM_002756944.5	100.000	21	0	0	1	21	582	562	2.1	39.2


