# blastn
# Iteration: 0
# Query: 
# RID: 7RNS2YVX016
# Database: nt
# Fields: query acc.ver, subject acc.ver, % identity, alignment length, mismatches, gap opens, q. start, q. end, s. start, s. end, evalue, bit score
# 100 hits found
Query_36397	XM_035025314.1	100.000	21	0	0	1	21	162	142	2.1	39.2
Query_36397	XM_035007611.1	100.000	21	0	0	1	21	324	304	2.1	39.2
Query_36397	XM_035007610.1	100.000	21	0	0	1	21	576	556	2.1	39.2
Query_36397	XM_035007609.1	100.000	21	0	0	1	21	387	367	2.1	39.2
Query_36397	XM_035007607.1	100.000	21	0	0	1	21	513	493	2.1	39.2
Query_36397	XM_034950155.1	100.000	21	0	0	1	21	180	160	2.1	39.2
Query_36397	XM_003823547.3	100.000	21	0	0	1	21	368	348	2.1	39.2
Query_36397	XM_003823548.3	100.000	21	0	0	1	21	506	486	2.1	39.2
Query_36397	XM_034954600.1	100.000	21	0	0	1	21	522	502	2.1	39.2
Query_36397	AP023164.1	100.000	21	0	0	1	21	45360988	45360968	2.1	39.2
Query_36397	XM_034654813.1	100.000	21	0	0	1	21	336	316	2.1	39.2
Query_36397	XM_034654812.1	100.000	21	0	0	1	21	329	309	2.1	39.2
Query_36397	XM_034637349.1	100.000	21	0	0	1	21	152	132	2.1	39.2
Query_36397	XM_034495140.1	100.000	21	0	0	1	21	257	237	2.1	39.2
Query_36397	XM_019931590.2	100.000	21	0	0	1	21	504	484	2.1	39.2
Query_36397	XM_019931589.2	100.000	21	0	0	1	21	412	392	2.1	39.2
Query_36397	XM_019931588.2	100.000	21	0	0	1	21	522	502	2.1	39.2
Query_36397	XM_019931587.2	100.000	21	0	0	1	21	239	219	2.1	39.2
Query_36397	XM_019931586.2	100.000	21	0	0	1	21	1190	1170	2.1	39.2
Query_36397	XM_019931584.2	100.000	21	0	0	1	21	425	405	2.1	39.2
Query_36397	XM_019931583.2	100.000	21	0	0	1	21	437	417	2.1	39.2
Query_36397	XM_019931582.2	100.000	21	0	0	1	21	157	137	2.1	39.2
Query_36397	XM_019931581.2	100.000	21	0	0	1	21	157	137	2.1	39.2
Query_36397	XM_004267384.3	100.000	21	0	0	1	21	502	482	2.1	39.2
Query_36397	XM_004267385.2	100.000	21	0	0	1	21	410	390	2.1	39.2
Query_36397	XM_040475549.1	100.000	21	0	0	1	21	181	161	2.1	39.2
Query_36397	XM_040475548.1	100.000	21	0	0	1	21	272	252	2.1	39.2
Query_36397	XM_040294550.1	100.000	21	0	0	1	21	159	139	2.1	39.2
Query_36397	XM_021725967.2	100.000	21	0	0	1	21	489	469	2.1	39.2
Query_36397	XM_040294549.1	100.000	21	0	0	1	21	308	288	2.1	39.2
Query_36397	XM_040294548.1	100.000	21	0	0	1	21	494	474	2.1	39.2
Query_36397	XM_040227739.1	100.000	21	0	0	1	21	376	356	2.1	39.2
Query_36397	XM_040227738.1	100.000	21	0	0	1	21	296	276	2.1	39.2
Query_36397	XM_040227737.1	100.000	21	0	0	1	21	480	460	2.1	39.2
Query_36397	XM_040256951.1	100.000	21	0	0	1	21	220	200	2.1	39.2
Query_36397	HG994416.1	100.000	21	0	0	1	21	26811388	26811368	2.1	39.2
Query_36397	XM_010351541.2	100.000	21	0	0	1	21	508	488	2.1	39.2
Query_36397	XM_039469988.1	100.000	21	0	0	1	21	588	568	2.1	39.2
Query_36397	NM_001047857.4	100.000	21	0	0	1	21	512	492	2.1	39.2
Query_36397	XM_039254350.1	100.000	21	0	0	1	21	250	230	2.1	39.2
Query_36397	XM_039239646.1	100.000	21	0	0	1	21	300	280	2.1	39.2
Query_36397	XM_039239644.1	100.000	21	0	0	1	21	259	239	2.1	39.2
Query_36397	XM_039239643.1	100.000	21	0	0	1	21	473	453	2.1	39.2
Query_36397	XM_039104497.1	100.000	21	0	0	1	21	790	770	2.1	39.2
Query_36397	XM_006234405.4	100.000	21	0	0	1	21	455	435	2.1	39.2
Query_36397	XM_038447236.1	100.000	21	0	0	1	21	179	159	2.1	39.2
Query_36397	XM_038447235.1	100.000	21	0	0	1	21	485	465	2.1	39.2
Query_36397	XM_038463393.1	100.000	21	0	0	1	21	179	159	2.1	39.2
Query_36397	XM_038463392.1	100.000	21	0	0	1	21	485	465	2.1	39.2
Query_36397	XM_037849091.1	100.000	21	0	0	1	21	338	318	2.1	39.2
Query_36397	XM_037849090.1	100.000	21	0	0	1	21	300	280	2.1	39.2
Query_36397	XM_037849089.1	100.000	21	0	0	1	21	538	518	2.1	39.2
Query_36397	XM_037844356.1	100.000	21	0	0	1	21	132	112	2.1	39.2
Query_36397	XM_037839205.1	100.000	21	0	0	1	21	162	142	2.1	39.2
Query_36397	XM_037735836.1	100.000	21	0	0	1	21	147	127	2.1	39.2
Query_36397	XM_028884602.2	100.000	21	0	0	1	21	509	489	2.1	39.2
Query_36397	XM_028884601.2	100.000	21	0	0	1	21	582	562	2.1	39.2
Query_36397	XM_037044351.1	100.000	21	0	0	1	21	487	467	2.1	39.2
Query_36397	XM_037044350.1	100.000	21	0	0	1	21	243	223	2.1	39.2
Query_36397	XM_037044349.1	100.000	21	0	0	1	21	236	216	2.1	39.2
Query_36397	XM_037044348.1	100.000	21	0	0	1	21	369	349	2.1	39.2
Query_36397	XM_037044347.1	100.000	21	0	0	1	21	485	465	2.1	39.2
Query_36397	XM_036497857.1	100.000	21	0	0	1	21	132	112	2.1	39.2
Query_36397	XM_036268012.1	100.000	21	0	0	1	21	186	166	2.1	39.2
Query_36397	XR_004958629.1	100.000	21	0	0	1	21	247	227	2.1	39.2
Query_36397	XM_036253507.1	100.000	21	0	0	1	21	524	504	2.1	39.2
Query_36397	XR_004958628.1	100.000	21	0	0	1	21	247	227	2.1	39.2
Query_36397	XR_004958627.1	100.000	21	0	0	1	21	247	227	2.1	39.2
Query_36397	XM_036253506.1	100.000	21	0	0	1	21	247	227	2.1	39.2
Query_36397	XR_004958626.1	100.000	21	0	0	1	21	266	246	2.1	39.2
Query_36397	XR_004958625.1	100.000	21	0	0	1	21	247	227	2.1	39.2
Query_36397	XM_006499162.5	100.000	21	0	0	1	21	330	310	2.1	39.2
Query_36397	XM_036079912.1	100.000	21	0	0	1	21	341	321	2.1	39.2
Query_36397	XM_036079911.1	100.000	21	0	0	1	21	541	521	2.1	39.2
Query_36397	XM_036079910.1	100.000	21	0	0	1	21	351	331	2.1	39.2
Query_36397	XM_036079909.1	100.000	21	0	0	1	21	526	506	2.1	39.2
Query_36397	XM_036023225.1	100.000	21	0	0	1	21	291	271	2.1	39.2
Query_36397	XM_028508977.2	100.000	21	0	0	1	21	299	279	2.1	39.2
Query_36397	XM_028508979.2	100.000	21	0	0	1	21	228	208	2.1	39.2
Query_36397	XM_028508978.2	100.000	21	0	0	1	21	378	358	2.1	39.2
Query_36397	LR877235.1	100.000	21	0	0	1	21	7855585	7855605	2.1	39.2
Query_36397	NM_182678.3	100.000	21	0	0	1	21	376	356	2.1	39.2
Query_36397	NM_001278554.2	100.000	21	0	0	1	21	577	557	2.1	39.2
Query_36397	NM_001278555.2	100.000	21	0	0	1	21	344	324	2.1	39.2
Query_36397	XM_035696433.1	100.000	21	0	0	1	21	172	152	2.1	39.2
Query_36397	XM_035696430.1	100.000	21	0	0	1	21	173	153	2.1	39.2
Query_36397	XM_035696428.1	100.000	21	0	0	1	21	175	155	2.1	39.2
Query_36397	XM_035696425.1	100.000	21	0	0	1	21	179	159	2.1	39.2
Query_36397	XM_025460381.2	100.000	21	0	0	1	21	656	636	2.1	39.2
Query_36397	XM_035729154.1	100.000	21	0	0	1	21	163	143	2.1	39.2
Query_36397	XM_035726993.1	100.000	21	0	0	1	21	132	112	2.1	39.2
Query_36397	XM_027591007.2	100.000	21	0	0	1	21	489	469	2.1	39.2
Query_36397	XM_027591006.2	100.000	21	0	0	1	21	339	319	2.1	39.2
Query_36397	XM_027591004.2	100.000	21	0	0	1	21	396	376	2.1	39.2
Query_36397	XM_027591003.2	100.000	21	0	0	1	21	530	510	2.1	39.2
Query_36397	XM_027420087.2	100.000	21	0	0	1	21	181	161	2.1	39.2
Query_36397	XM_027420086.2	100.000	21	0	0	1	21	297	277	2.1	39.2
Query_36397	XM_003502136.5	100.000	21	0	0	1	21	180	160	2.1	39.2
Query_36397	XM_003733157.3	100.000	21	0	0	1	21	503	483	2.1	39.2
Query_36397	XM_035304362.1	100.000	21	0	0	1	21	645	625	2.1	39.2


