# blastn
# Iteration: 0
# Query: 
# RID: 6N04G78D013
# Database: nt
# Fields: query acc.ver, subject acc.ver, % identity, alignment length, mismatches, gap opens, q. start, q. end, s. start, s. end, evalue, bit score
# 101 hits found
Query_63275	XM_034951639.1	100.000	21	0	0	1	21	564	544	2.0	39.2
Query_63275	XM_034951638.1	100.000	21	0	0	1	21	416	396	2.0	39.2
Query_63275	XM_034951637.1	100.000	21	0	0	1	21	693	673	2.0	39.2
Query_63275	XM_034951636.1	100.000	21	0	0	1	21	457	437	2.0	39.2
Query_63275	XM_034951635.1	100.000	21	0	0	1	21	414	394	2.0	39.2
Query_63275	XM_034951634.1	100.000	21	0	0	1	21	417	397	2.0	39.2
Query_63275	XM_034951633.1	100.000	21	0	0	1	21	700	680	2.0	39.2
Query_63275	XM_034951632.1	100.000	21	0	0	1	21	458	438	2.0	39.2
Query_63275	XM_033236300.1	100.000	21	0	0	1	21	560	540	2.0	39.2
Query_63275	XM_033236299.1	100.000	21	0	0	1	21	835	815	2.0	39.2
Query_63275	XM_033236298.1	100.000	21	0	0	1	21	535	515	2.0	39.2
Query_63275	XM_032268238.1	100.000	21	0	0	1	21	454	434	2.0	39.2
Query_63275	XM_032268236.1	100.000	21	0	0	1	21	415	395	2.0	39.2
Query_63275	XM_032268235.1	100.000	21	0	0	1	21	519	499	2.0	39.2
Query_63275	XR_004257690.1	100.000	21	0	0	1	21	394	374	2.0	39.2
Query_63275	XM_032754107.1	100.000	21	0	0	1	21	471	451	2.0	39.2
Query_63275	XM_023195766.3	100.000	21	0	0	1	21	435	415	2.0	39.2
Query_63275	NM_001194836.2	100.000	21	0	0	1	21	471	451	2.0	39.2
Query_63275	XM_009195636.2	100.000	21	0	0	1	21	416	396	2.0	39.2
Query_63275	XM_031002695.1	100.000	21	0	0	1	21	448	428	2.0	39.2
Query_63275	XM_031002694.1	100.000	21	0	0	1	21	448	428	2.0	39.2
Query_63275	XM_004056937.3	100.000	21	0	0	1	21	415	395	2.0	39.2
Query_63275	XM_004056936.3	100.000	21	0	0	1	21	569	549	2.0	39.2
Query_63275	XM_004056938.3	100.000	21	0	0	1	21	413	393	2.0	39.2
Query_63275	XM_019012582.2	100.000	21	0	0	1	21	413	393	2.0	39.2
Query_63275	XM_030798768.1	100.000	21	0	0	1	21	444	424	2.0	39.2
Query_63275	XM_030798767.1	100.000	21	0	0	1	21	444	424	2.0	39.2
Query_63275	XM_030798766.1	100.000	21	0	0	1	21	433	413	2.0	39.2
Query_63275	XM_030798765.1	100.000	21	0	0	1	21	550	530	2.0	39.2
Query_63275	XM_030798764.1	100.000	21	0	0	1	21	853	833	2.0	39.2
Query_63275	XM_030798763.1	100.000	21	0	0	1	21	550	530	2.0	39.2
Query_63275	XM_030798762.1	100.000	21	0	0	1	21	947	927	2.0	39.2
Query_63275	NM_194260.3	100.000	21	0	0	1	21	569	549	2.0	39.2
Query_63275	NM_194261.3	100.000	21	0	0	1	21	421	401	2.0	39.2
Query_63275	NM_194259.3	100.000	21	0	0	1	21	696	676	2.0	39.2
Query_63275	XM_028840603.1	100.000	21	0	0	1	21	466	446	2.0	39.2
Query_63275	XM_028840602.1	100.000	21	0	0	1	21	470	450	2.0	39.2
Query_63275	XM_001118584.4	100.000	21	0	0	1	21	415	395	2.0	39.2
Query_63275	XM_028840601.1	100.000	21	0	0	1	21	405	385	2.0	39.2
Query_63275	NM_003345.5	100.000	21	0	0	1	21	439	419	2.0	39.2
Query_63275	XM_026451033.1	100.000	21	0	0	1	21	351	331	2.0	39.2
Query_63275	XM_026451032.1	100.000	21	0	0	1	21	698	678	2.0	39.2
Query_63275	CP034494.1	100.000	21	0	0	1	21	1310241	1310221	2.0	39.2
Query_63275	CP034494.1	100.000	21	0	0	1	21	90535559	90535539	2.0	39.2
Query_63275	XM_025370151.1	100.000	21	0	0	1	21	558	538	2.0	39.2
Query_63275	XM_025370150.1	100.000	21	0	0	1	21	562	542	2.0	39.2
Query_63275	XM_025370148.1	100.000	21	0	0	1	21	414	394	2.0	39.2
Query_63275	XM_025370147.1	100.000	21	0	0	1	21	702	682	2.0	39.2
Query_63275	XM_025370146.1	100.000	21	0	0	1	21	840	820	2.0	39.2
Query_63275	XM_011748436.2	100.000	21	0	0	1	21	716	696	2.0	39.2
Query_63275	XM_024794102.1	100.000	21	0	0	1	21	387	367	2.0	39.2
Query_63275	XM_024794101.1	100.000	21	0	0	1	21	2554	2534	2.0	39.2
Query_63275	XM_024450432.1	100.000	21	0	0	1	21	597	577	2.0	39.2
Query_63275	XM_016929130.2	100.000	21	0	0	1	21	560	540	2.0	39.2
Query_63275	XM_003314907.5	100.000	21	0	0	1	21	747	727	2.0	39.2
Query_63275	XM_003314906.4	100.000	21	0	0	1	21	463	443	2.0	39.2
Query_63275	XM_003314905.4	100.000	21	0	0	1	21	563	543	2.0	39.2
Query_63275	XM_016929129.2	100.000	21	0	0	1	21	817	797	2.0	39.2
Query_63275	XM_016929128.2	100.000	21	0	0	1	21	560	540	2.0	39.2
Query_63275	XM_009430052.3	100.000	21	0	0	1	21	747	727	2.0	39.2
Query_63275	XM_009430055.3	100.000	21	0	0	1	21	408	388	2.0	39.2
Query_63275	XM_009430053.3	100.000	21	0	0	1	21	550	530	2.0	39.2
Query_63275	XM_016929126.2	100.000	21	0	0	1	21	817	797	2.0	39.2
Query_63275	XM_016929125.2	100.000	21	0	0	1	21	560	540	2.0	39.2
Query_63275	XM_024233921.1	100.000	21	0	0	1	21	414	394	2.0	39.2
Query_63275	XM_002825946.4	100.000	21	0	0	1	21	558	538	2.0	39.2
Query_63275	XM_024233920.1	100.000	21	0	0	1	21	568	548	2.0	39.2
Query_63275	XM_024233919.1	100.000	21	0	0	1	21	442	422	2.0	39.2
Query_63275	XM_024233918.1	100.000	21	0	0	1	21	451	431	2.0	39.2
Query_63275	XM_012441957.2	100.000	21	0	0	1	21	2263	2243	2.0	39.2
Query_63275	XR_001108396.2	100.000	21	0	0	1	21	327	307	2.0	39.2
Query_63275	LT733828.1	100.000	21	0	0	1	21	777	757	2.0	39.2
Query_63275	U45328.2	100.000	21	0	0	1	21	413	393	2.0	39.2
Query_63275	XM_019012585.1	100.000	21	0	0	1	21	555	535	2.0	39.2
Query_63275	XM_019012583.1	100.000	21	0	0	1	21	391	371	2.0	39.2
Query_63275	XM_017023640.1	100.000	21	0	0	1	21	845	825	2.0	39.2
Query_63275	XM_005255541.4	100.000	21	0	0	1	21	845	825	2.0	39.2
Query_63275	XM_011522644.2	100.000	21	0	0	1	21	685	665	2.0	39.2
Query_63275	XM_015442656.1	100.000	21	0	0	1	21	325	305	2.0	39.2
Query_63275	XM_015442655.1	100.000	21	0	0	1	21	570	550	2.0	39.2
Query_63275	XM_015442654.1	100.000	21	0	0	1	21	320	300	2.0	39.2
Query_63275	XM_015442653.1	100.000	21	0	0	1	21	415	395	2.0	39.2
Query_63275	XM_005590842.2	100.000	21	0	0	1	21	550	530	2.0	39.2
Query_63275	XR_001104821.1	100.000	21	0	0	1	21	385	365	2.0	39.2
Query_63275	XM_011748438.1	100.000	21	0	0	1	21	317	297	2.0	39.2
Query_63275	XM_039478291.1	100.000	21	0	0	1	21	445	425	2.0	39.2
Query_63275	XM_039478290.1	100.000	21	0	0	1	21	318	298	2.0	39.2
Query_63275	XR_744805.2	100.000	21	0	0	1	21	304	284	2.0	39.2
Query_63275	CP068262.1	100.000	21	0	0	1	21	1336424	1336404	2.0	39.2
Query_63275	XM_037990067.1	100.000	21	0	0	1	21	436	416	2.0	39.2
Query_63275	XM_017510963.2	100.000	21	0	0	1	21	448	428	2.0	39.2
Query_63275	XM_017539359.2	100.000	21	0	0	1	21	417	397	2.0	39.2
Query_63275	AP023476.1	100.000	21	0	0	1	21	1334070	1334050	2.0	39.2
Query_63275	XM_009008883.2	100.000	21	0	0	1	21	559	539	2.0	39.2
Query_63275	XM_035266442.1	100.000	21	0	0	1	21	389	369	2.0	39.2
Query_63275	XM_035266441.1	100.000	21	0	0	1	21	550	530	2.0	39.2
Query_63275	XM_035266439.1	100.000	21	0	0	1	21	448	428	2.0	39.2
Query_63275	XM_035266438.1	100.000	21	0	0	1	21	437	417	2.0	39.2
Query_63275	XM_035266440.1	100.000	21	0	0	1	21	831	811	2.0	39.2
Query_63275	XM_035266437.1	100.000	21	0	0	1	21	2826	2806	2.0	39.2
Query_63275	XM_009008885.2	100.000	21	0	0	1	21	572	552	2.0	39.2


