# blastn
# Iteration: 0
# Query: 
# RID: 6MEHEGZB013
# Database: nt
# Fields: query acc.ver, subject acc.ver, % identity, alignment length, mismatches, gap opens, q. start, q. end, s. start, s. end, evalue, bit score
# 100 hits found
Query_36397	XM_005325742.4	100.000	21	0	0	1	21	459	439	2.0	39.2
Query_36397	XM_040293037.1	100.000	21	0	0	1	21	350	330	2.0	39.2
Query_36397	XM_005325741.4	100.000	21	0	0	1	21	487	467	2.0	39.2
Query_36397	XM_040266533.1	100.000	21	0	0	1	21	398	378	2.0	39.2
Query_36397	XM_040239983.1	100.000	21	0	0	1	21	681	661	2.0	39.2
Query_36397	XM_040237783.1	100.000	21	0	0	1	21	207	187	2.0	39.2
Query_36397	XM_040237782.1	100.000	21	0	0	1	21	192	172	2.0	39.2
Query_36397	XR_005720632.1	100.000	21	0	0	1	21	483	463	2.0	39.2
Query_36397	XM_040237780.1	100.000	21	0	0	1	21	579	559	2.0	39.2
Query_36397	XM_040237779.1	100.000	21	0	0	1	21	458	438	2.0	39.2
Query_36397	XM_040237778.1	100.000	21	0	0	1	21	483	463	2.0	39.2
Query_36397	XM_040237777.1	100.000	21	0	0	1	21	594	574	2.0	39.2
Query_36397	XM_040237776.1	100.000	21	0	0	1	21	582	562	2.0	39.2
Query_36397	XM_040237775.1	100.000	21	0	0	1	21	496	476	2.0	39.2
Query_36397	XM_040237774.1	100.000	21	0	0	1	21	472	452	2.0	39.2
Query_36397	XM_040237773.1	100.000	21	0	0	1	21	495	475	2.0	39.2
Query_36397	XM_040237772.1	100.000	21	0	0	1	21	358	338	2.0	39.2
Query_36397	XM_040237771.1	100.000	21	0	0	1	21	417	397	2.0	39.2
Query_36397	XM_040237769.1	100.000	21	0	0	1	21	496	476	2.0	39.2
Query_36397	XM_040237768.1	100.000	21	0	0	1	21	470	450	2.0	39.2
Query_36397	XM_040237767.1	100.000	21	0	0	1	21	483	463	2.0	39.2
Query_36397	HG994405.1	100.000	21	0	0	1	21	6085588	6085568	2.0	39.2
Query_36397	HG994404.1	100.000	21	0	0	1	21	45910528	45910548	2.0	39.2
Query_36397	HG994396.1	100.000	21	0	0	1	21	7275669	7275649	2.0	39.2
Query_36397	XM_039848730.1	100.000	21	0	0	1	21	541	521	2.0	39.2
Query_36397	XM_039848729.1	100.000	21	0	0	1	21	473	453	2.0	39.2
Query_36397	XM_039848728.1	100.000	21	0	0	1	21	457	437	2.0	39.2
Query_36397	XM_039848727.1	100.000	21	0	0	1	21	468	448	2.0	39.2
Query_36397	XM_039848726.1	100.000	21	0	0	1	21	650	630	2.0	39.2
Query_36397	XM_039848725.1	100.000	21	0	0	1	21	484	464	2.0	39.2
Query_36397	XM_039484751.1	100.000	21	0	0	1	21	525	505	2.0	39.2
Query_36397	XM_039484750.1	100.000	21	0	0	1	21	511	491	2.0	39.2
Query_36397	XM_039484749.1	100.000	21	0	0	1	21	525	505	2.0	39.2
Query_36397	XR_005583690.1	100.000	21	0	0	1	21	531	511	2.0	39.2
Query_36397	XM_039484748.1	100.000	21	0	0	1	21	276	256	2.0	39.2
Query_36397	XM_039484747.1	100.000	21	0	0	1	21	564	544	2.0	39.2
Query_36397	XM_039472325.1	100.000	21	0	0	1	21	367	347	2.0	39.2
Query_36397	XM_003929504.3	100.000	21	0	0	1	21	559	539	2.0	39.2
Query_36397	XM_003929505.3	100.000	21	0	0	1	21	686	666	2.0	39.2
Query_36397	XM_003929502.3	100.000	21	0	0	1	21	494	474	2.0	39.2
Query_36397	XM_010340110.2	100.000	21	0	0	1	21	559	539	2.0	39.2
Query_36397	XM_010340111.2	100.000	21	0	0	1	21	686	666	2.0	39.2
Query_36397	XM_010340109.2	100.000	21	0	0	1	21	494	474	2.0	39.2
Query_36397	XM_039468319.1	100.000	21	0	0	1	21	830	810	2.0	39.2
Query_36397	XM_039220817.1	100.000	21	0	0	1	21	403	383	2.0	39.2
Query_36397	XM_039220816.1	100.000	21	0	0	1	21	455	435	2.0	39.2
Query_36397	XM_039220815.1	100.000	21	0	0	1	21	434	414	2.0	39.2
Query_36397	LR990074.1	100.000	21	0	0	1	21	2394442	2394422	2.0	39.2
Query_36397	XM_006233338.3	100.000	21	0	0	1	21	468	448	2.0	39.2
Query_36397	XM_006233337.3	100.000	21	0	0	1	21	642	622	2.0	39.2
Query_36397	XM_006233336.4	100.000	21	0	0	1	21	489	469	2.0	39.2
Query_36397	XM_006233335.3	100.000	21	0	0	1	21	468	448	2.0	39.2
Query_36397	XM_006233334.3	100.000	21	0	0	1	21	612	592	2.0	39.2
Query_36397	XM_006233333.3	100.000	21	0	0	1	21	489	469	2.0	39.2
Query_36397	XM_038444267.1	100.000	21	0	0	1	21	472	452	2.0	39.2
Query_36397	XM_038444266.1	100.000	21	0	0	1	21	491	471	2.0	39.2
Query_36397	XM_038444265.1	100.000	21	0	0	1	21	468	448	2.0	39.2
Query_36397	XM_038444264.1	100.000	21	0	0	1	21	460	440	2.0	39.2
Query_36397	XM_038444263.1	100.000	21	0	0	1	21	474	454	2.0	39.2
Query_36397	XM_038444262.1	100.000	21	0	0	1	21	499	479	2.0	39.2
Query_36397	XM_038444261.1	100.000	21	0	0	1	21	491	471	2.0	39.2
Query_36397	XM_038462042.1	100.000	21	0	0	1	21	472	452	2.0	39.2
Query_36397	XM_005642458.4	100.000	21	0	0	1	21	491	471	2.0	39.2
Query_36397	XM_038462041.1	100.000	21	0	0	1	21	468	448	2.0	39.2
Query_36397	XM_038462040.1	100.000	21	0	0	1	21	461	441	2.0	39.2
Query_36397	XM_038462039.1	100.000	21	0	0	1	21	474	454	2.0	39.2
Query_36397	XM_038462038.1	100.000	21	0	0	1	21	495	475	2.0	39.2
Query_36397	XM_038462037.1	100.000	21	0	0	1	21	491	471	2.0	39.2
Query_36397	XM_038329858.1	100.000	21	0	0	1	21	605	585	2.0	39.2
Query_36397	XM_038310764.1	100.000	21	0	0	1	21	442	422	2.0	39.2
Query_36397	XM_038310763.1	100.000	21	0	0	1	21	486	466	2.0	39.2
Query_36397	XM_038310762.1	100.000	21	0	0	1	21	515	495	2.0	39.2
Query_36397	XM_038276371.1	100.000	21	0	0	1	21	215	195	2.0	39.2
Query_36397	XM_037990392.1	100.000	21	0	0	1	21	667	647	2.0	39.2
Query_36397	XM_037990386.1	100.000	21	0	0	1	21	507	487	2.0	39.2
Query_36397	XM_037990381.1	100.000	21	0	0	1	21	347	327	2.0	39.2
Query_36397	XM_007999423.2	100.000	21	0	0	1	21	564	544	2.0	39.2
Query_36397	XM_037990373.1	100.000	21	0	0	1	21	562	542	2.0	39.2
Query_36397	XM_037990369.1	100.000	21	0	0	1	21	651	631	2.0	39.2
Query_36397	XM_037990364.1	100.000	21	0	0	1	21	825	805	2.0	39.2
Query_36397	XM_007999419.2	100.000	21	0	0	1	21	667	647	2.0	39.2
Query_36397	XM_007999418.2	100.000	21	0	0	1	21	745	725	2.0	39.2
Query_36397	XM_038009536.1	100.000	21	0	0	1	21	1667	1647	2.0	39.2
Query_36397	XM_008014637.2	100.000	21	0	0	1	21	1426	1406	2.0	39.2
Query_36397	XM_038009531.1	100.000	21	0	0	1	21	1426	1406	2.0	39.2
Query_36397	XM_038009527.1	100.000	21	0	0	1	21	1504	1484	2.0	39.2
Query_36397	XM_037821592.1	100.000	21	0	0	1	21	197	177	2.0	39.2
Query_36397	XM_037830359.1	100.000	21	0	0	1	21	431	411	2.0	39.2
Query_36397	XM_037830358.1	100.000	21	0	0	1	21	442	422	2.0	39.2
Query_36397	XM_037830357.1	100.000	21	0	0	1	21	404	384	2.0	39.2
Query_36397	XM_037830356.1	100.000	21	0	0	1	21	456	436	2.0	39.2
Query_36397	XM_037830355.1	100.000	21	0	0	1	21	475	455	2.0	39.2
Query_36397	XM_037801865.1	100.000	21	0	0	1	21	651	631	2.0	39.2
Query_36397	XM_037801864.1	100.000	21	0	0	1	21	281	261	2.0	39.2
Query_36397	XM_037801863.1	100.000	21	0	0	1	21	251	231	2.0	39.2
Query_36397	XM_037801861.1	100.000	21	0	0	1	21	744	724	2.0	39.2
Query_36397	XR_001821389.2	100.000	21	0	0	1	21	435	415	2.0	39.2
Query_36397	XM_017508657.2	100.000	21	0	0	1	21	559	539	2.0	39.2
Query_36397	XM_017508656.2	100.000	21	0	0	1	21	689	669	2.0	39.2
Query_36397	XM_017508655.2	100.000	21	0	0	1	21	463	443	2.0	39.2


