# blastn
# Iteration: 0
# Query: 
# RID: 7PGDB2K3016
# Database: nt
# Fields: query acc.ver, subject acc.ver, % identity, alignment length, mismatches, gap opens, q. start, q. end, s. start, s. end, evalue, bit score
# 100 hits found
Query_36241	XM_034932122.1	100.000	21	0	0	1	21	3086	3066	2.1	39.2
Query_36241	XR_004664993.1	100.000	21	0	0	1	21	3062	3042	2.1	39.2
Query_36241	XM_034932121.1	100.000	21	0	0	1	21	3128	3108	2.1	39.2
Query_36241	XM_034932120.1	100.000	21	0	0	1	21	2738	2718	2.1	39.2
Query_36241	XM_034932119.1	100.000	21	0	0	1	21	3014	2994	2.1	39.2
Query_36241	XM_034932117.1	100.000	21	0	0	1	21	2824	2804	2.1	39.2
Query_36241	XM_034932116.1	100.000	21	0	0	1	21	3086	3066	2.1	39.2
Query_36241	XM_034932115.1	100.000	21	0	0	1	21	3086	3066	2.1	39.2
Query_36241	XM_032166649.2	100.000	21	0	0	1	21	2755	2735	2.1	39.2
Query_36241	XM_032240510.1	100.000	21	0	0	1	21	2963	2943	2.1	39.2
Query_36241	XM_032166651.1	100.000	21	0	0	1	21	2722	2702	2.1	39.2
Query_36241	XR_004250229.1	100.000	21	0	0	1	21	2696	2676	2.1	39.2
Query_36241	XM_004050666.3	100.000	21	0	0	1	21	3127	3107	2.1	39.2
Query_36241	XM_019037259.2	100.000	21	0	0	1	21	2652	2632	2.1	39.2
Query_36241	XM_019037258.2	100.000	21	0	0	1	21	3014	2994	2.1	39.2
Query_36241	XM_004050664.3	100.000	21	0	0	1	21	3127	3107	2.1	39.2
Query_36241	XR_004033591.1	100.000	21	0	0	1	21	3127	3107	2.1	39.2
Query_36241	XR_004033590.1	100.000	21	0	0	1	21	3069	3049	2.1	39.2
Query_36241	XM_030828843.1	100.000	21	0	0	1	21	3093	3073	2.1	39.2
Query_36241	XM_030828842.1	100.000	21	0	0	1	21	3021	3001	2.1	39.2
Query_36241	XM_030828841.1	100.000	21	0	0	1	21	3127	3107	2.1	39.2
Query_36241	NM_001348749.2	100.000	21	0	0	1	21	3020	3000	2.1	39.2
Query_36241	NM_001348750.2	100.000	21	0	0	1	21	3128	3108	2.1	39.2
Query_36241	NM_001243254.2	100.000	21	0	0	1	21	3092	3072	2.1	39.2
Query_36241	NM_015213.4	100.000	21	0	0	1	21	3092	3072	2.1	39.2
Query_36241	NR_145966.2	100.000	21	0	0	1	21	3068	3048	2.1	39.2
Query_36241	XM_003312912.4	100.000	21	0	0	1	21	3126	3106	2.1	39.2
Query_36241	XR_002938439.1	100.000	21	0	0	1	21	3126	3106	2.1	39.2
Query_36241	XM_016920357.2	100.000	21	0	0	1	21	2873	2853	2.1	39.2
Query_36241	XM_024346967.1	100.000	21	0	0	1	21	3126	3106	2.1	39.2
Query_36241	XM_024346966.1	100.000	21	0	0	1	21	3126	3106	2.1	39.2
Query_36241	XM_009459922.3	100.000	21	0	0	1	21	3054	3034	2.1	39.2
Query_36241	XM_016920354.2	100.000	21	0	0	1	21	3054	3034	2.1	39.2
Query_36241	XM_508914.6	100.000	21	0	0	1	21	3126	3106	2.1	39.2
Query_36241	XM_016920352.2	100.000	21	0	0	1	21	3126	3106	2.1	39.2
Query_36241	XM_024255110.1	100.000	21	0	0	1	21	3122	3102	2.1	39.2
Query_36241	XM_009246658.2	100.000	21	0	0	1	21	2745	2725	2.1	39.2
Query_36241	XM_024255109.1	100.000	21	0	0	1	21	3122	3102	2.1	39.2
Query_36241	XM_024255108.1	100.000	21	0	0	1	21	3122	3102	2.1	39.2
Query_36241	XM_021675141.1	100.000	21	0	0	1	21	3085	3065	2.1	39.2
Query_36241	XM_021675140.1	100.000	21	0	0	1	21	3013	2993	2.1	39.2
Query_36241	XM_021675139.1	100.000	21	0	0	1	21	2884	2864	2.1	39.2
Query_36241	XM_021675138.1	100.000	21	0	0	1	21	3085	3065	2.1	39.2
Query_36241	NG_053019.1	100.000	21	0	0	1	21	123260	123240	2.1	39.2
Query_36241	LT734349.1	100.000	21	0	0	1	21	2053	2033	2.1	39.2
Query_36241	XM_017500308.1	100.000	21	0	0	1	21	2797	2777	2.1	39.2
Query_36241	XM_017500307.1	100.000	21	0	0	1	21	2900	2880	2.1	39.2
Query_36241	XM_016920351.1	100.000	21	0	0	1	21	2883	2863	2.1	39.2
Query_36241	KJ902312.1	100.000	21	0	0	1	21	1631	1611	2.1	39.2
Query_36241	XM_039470497.1	100.000	21	0	0	1	21	3158	3138	2.1	39.2
Query_36241	XM_039470496.1	100.000	21	0	0	1	21	3050	3030	2.1	39.2
Query_36241	XM_039470495.1	100.000	21	0	0	1	21	3158	3138	2.1	39.2
Query_36241	XM_017500309.2	100.000	21	0	0	1	21	2828	2808	2.1	39.2
Query_36241	XM_037133802.1	100.000	21	0	0	1	21	3148	3128	2.1	39.2
Query_36241	XM_036258063.1	100.000	21	0	0	1	21	3089	3069	2.1	39.2
Query_36241	XM_036258062.1	100.000	21	0	0	1	21	2793	2773	2.1	39.2
Query_36241	XM_036258061.1	100.000	21	0	0	1	21	3089	3069	2.1	39.2
Query_36241	XM_017977897.2	100.000	21	0	0	1	21	3121	3101	2.1	39.2
Query_36241	XM_017977895.2	100.000	21	0	0	1	21	3049	3029	2.1	39.2
Query_36241	XM_002755025.4	100.000	21	0	0	1	21	3121	3101	2.1	39.2
Query_36241	AB463207.1	100.000	21	0	0	1	21	2820	2800	2.1	39.2
Query_36241	AK295881.1	100.000	21	0	0	1	21	2829	2809	2.1	39.2
Query_36241	AK302478.1	100.000	21	0	0	1	21	2529	2509	2.1	39.2
Query_36241	AK294016.1	100.000	21	0	0	1	21	2712	2692	2.1	39.2
Query_36241	AC191648.1	100.000	21	0	0	1	21	33852	33832	2.1	39.2
Query_36241	BC009354.2	100.000	21	0	0	1	21	1796	1776	2.1	39.2
Query_36241	AB029014.1	100.000	21	0	0	1	21	3028	3008	2.1	39.2
Query_36241	AK125444.1	100.000	21	0	0	1	21	2373	2353	2.1	39.2
Query_36241	BC071596.1	100.000	21	0	0	1	21	2873	2853	2.1	39.2
Query_36241	AC079296.5	100.000	21	0	0	1	21	33546	33526	2.1	39.2
Query_36241	BC005100.1	100.000	21	0	0	1	21	263	243	2.1	39.2
Query_36241	AK026007.1	100.000	21	0	0	1	21	1142	1122	2.1	39.2
Query_36241	AK025499.1	100.000	21	0	0	1	21	1679	1659	2.1	39.2
Query_36241	AL117448.1	100.000	21	0	0	1	21	2824	2804	2.1	39.2
Query_36241	XM_033207623.1	100.000	20	0	0	2	21	3137	3118	7.3	37.4
Query_36241	XR_004436190.1	100.000	20	0	0	2	21	3075	3056	7.3	37.4
Query_36241	XM_033207622.1	100.000	20	0	0	2	21	3136	3117	7.3	37.4
Query_36241	XM_023189815.3	100.000	20	0	0	2	21	3154	3135	7.3	37.4
Query_36241	XM_023189814.3	100.000	20	0	0	2	21	3153	3134	7.3	37.4
Query_36241	XM_031653328.1	100.000	20	0	0	2	21	3141	3122	7.3	37.4
Query_36241	XR_004177483.1	100.000	20	0	0	2	21	3141	3122	7.3	37.4
Query_36241	XR_004177482.1	100.000	20	0	0	2	21	3083	3064	7.3	37.4
Query_36241	XR_004177481.1	100.000	20	0	0	2	21	3141	3122	7.3	37.4
Query_36241	XM_031653326.1	100.000	20	0	0	2	21	3107	3088	7.3	37.4
Query_36241	XM_021926103.2	100.000	20	0	0	2	21	3141	3122	7.3	37.4
Query_36241	XM_030956813.1	100.000	20	0	0	1	20	5782	5763	7.3	37.4
Query_36241	XM_030956811.1	100.000	20	0	0	1	20	3980	3961	7.3	37.4
Query_36241	XM_030917678.1	100.000	20	0	0	2	21	3131	3112	7.3	37.4
Query_36241	XM_030917677.1	100.000	20	0	0	2	21	2725	2706	7.3	37.4
Query_36241	XM_010384836.2	100.000	20	0	0	2	21	3131	3112	7.3	37.4
Query_36241	XM_002799642.3	100.000	20	0	0	2	21	2906	2887	7.3	37.4
Query_36241	XR_003722661.1	100.000	20	0	0	2	21	2906	2887	7.3	37.4
Query_36241	XM_028833700.1	100.000	20	0	0	2	21	2906	2887	7.3	37.4
Query_36241	XM_015114896.2	100.000	20	0	0	2	21	2799	2780	7.3	37.4
Query_36241	XM_002799641.3	100.000	20	0	0	2	21	2906	2887	7.3	37.4
Query_36241	XR_003115626.1	100.000	20	0	0	2	21	3137	3118	7.3	37.4
Query_36241	XM_025356640.1	100.000	20	0	0	2	21	3115	3096	7.3	37.4
Query_36241	XM_037999737.1	100.000	20	0	0	2	21	3120	3101	7.3	37.4
Query_36241	XM_037999736.1	100.000	20	0	0	2	21	3048	3029	7.3	37.4
Query_36241	XM_008007293.2	100.000	20	0	0	2	21	3120	3101	7.3	37.4


