# blastn
# Iteration: 0
# Query: 
# RID: 6WZJC38J016
# Database: nt
# Fields: query acc.ver, subject acc.ver, % identity, alignment length, mismatches, gap opens, q. start, q. end, s. start, s. end, evalue, bit score
# 58 hits found
Query_10431	XM_032887115.1	100.000	21	0	0	1	21	456	436	2.1	39.2
Query_10431	XM_032887114.1	100.000	21	0	0	1	21	708	688	2.1	39.2
Query_10431	XM_032887113.1	100.000	21	0	0	1	21	672	652	2.1	39.2
Query_10431	XM_032887111.1	100.000	21	0	0	1	21	672	652	2.1	39.2
Query_10431	XM_032887110.1	100.000	21	0	0	1	21	672	652	2.1	39.2
Query_10431	XM_028777391.1	100.000	21	0	0	1	21	712	692	2.1	39.2
Query_10431	XM_028777390.1	100.000	21	0	0	1	21	712	692	2.1	39.2
Query_10431	XM_028777389.1	100.000	21	0	0	1	21	712	692	2.1	39.2
Query_10431	XM_028777387.1	100.000	21	0	0	1	21	748	728	2.1	39.2
Query_10431	XM_005344492.2	100.000	21	0	0	1	21	641	621	2.1	39.2
Query_10431	XM_005344491.2	100.000	21	0	0	1	21	641	621	2.1	39.2
Query_10431	XM_021644944.1	100.000	21	0	0	1	21	712	692	2.1	39.2
Query_10431	XM_021644943.1	100.000	21	0	0	1	21	712	692	2.1	39.2
Query_10431	XM_021644942.1	100.000	21	0	0	1	21	883	863	2.1	39.2
Query_10431	XM_021644941.1	100.000	21	0	0	1	21	669	649	2.1	39.2
Query_10431	XM_017803360.1	100.000	21	0	0	1	21	669	649	2.1	39.2
Query_10431	XM_008853728.2	100.000	21	0	0	1	21	737	717	2.1	39.2
Query_10431	XM_016002596.1	100.000	21	0	0	1	21	669	649	2.1	39.2
Query_10431	XM_006984095.2	100.000	21	0	0	1	21	633	613	2.1	39.2
Query_10431	XM_006984094.2	100.000	21	0	0	1	21	633	613	2.1	39.2
Query_10431	XM_008853737.1	100.000	21	0	0	1	21	357	337	2.1	39.2
Query_10431	XM_008853736.1	100.000	21	0	0	1	21	633	613	2.1	39.2
Query_10431	XM_008853735.1	100.000	21	0	0	1	21	701	681	2.1	39.2
Query_10431	XM_008853734.1	100.000	21	0	0	1	21	633	613	2.1	39.2
Query_10431	XM_008853733.1	100.000	21	0	0	1	21	701	681	2.1	39.2
Query_10431	XM_008853732.1	100.000	21	0	0	1	21	561	541	2.1	39.2
Query_10431	XM_008853730.1	100.000	21	0	0	1	21	633	613	2.1	39.2
Query_10431	XM_008853729.1	100.000	21	0	0	1	21	713	693	2.1	39.2
Query_10431	XM_004668875.1	100.000	21	0	0	1	21	651	631	2.1	39.2
Query_10431	XM_004668874.1	100.000	21	0	0	1	21	651	631	2.1	39.2
Query_10431	XR_005491585.1	100.000	21	0	0	1	21	939	919	2.1	39.2
Query_10431	XM_039089009.1	100.000	21	0	0	1	21	500	480	2.1	39.2
Query_10431	XM_039089008.1	100.000	21	0	0	1	21	637	617	2.1	39.2
Query_10431	XM_039089007.1	100.000	21	0	0	1	21	616	596	2.1	39.2
Query_10431	XM_008769306.3	100.000	21	0	0	1	21	581	561	2.1	39.2
Query_10431	XM_006249517.4	100.000	21	0	0	1	21	903	883	2.1	39.2
Query_10431	XM_006249516.4	100.000	21	0	0	1	21	939	919	2.1	39.2
Query_10431	XM_017598235.2	100.000	21	0	0	1	21	807	787	2.1	39.2
Query_10431	XM_006249515.4	100.000	21	0	0	1	21	939	919	2.1	39.2
Query_10431	XM_038346066.1	100.000	21	0	0	1	21	633	613	2.1	39.2
Query_10431	XM_038346064.1	100.000	21	0	0	1	21	633	613	2.1	39.2
Query_10431	XM_038346063.1	100.000	21	0	0	1	21	576	556	2.1	39.2
Query_10431	XM_038346062.1	100.000	21	0	0	1	21	633	613	2.1	39.2
Query_10431	XM_038346061.1	100.000	21	0	0	1	21	675	655	2.1	39.2
Query_10431	NM_053656.3	100.000	21	0	0	1	21	630	610	2.1	39.2
Query_10431	XM_028857030.2	100.000	21	0	0	1	21	700	680	2.1	39.2
Query_10431	XM_037198543.1	100.000	21	0	0	1	21	664	644	2.1	39.2
Query_10431	XM_036172224.1	100.000	21	0	0	1	21	713	693	2.1	39.2
Query_10431	XM_036172222.1	100.000	21	0	0	1	21	713	693	2.1	39.2
Query_10431	LR877230.1	100.000	21	0	0	1	21	65621276	65621256	2.1	39.2
Query_10431	LR877209.1	100.000	21	0	0	1	21	42555908	42555888	2.1	39.2
Query_10431	AF064549.1	100.000	21	0	0	1	21	667	647	2.1	39.2
Query_10431	AF020759.1	100.000	21	0	0	1	21	592	572	2.1	39.2
Query_10431	Y10475.1	100.000	21	0	0	1	21	666	646	2.1	39.2
Query_10431	Y10474.1	100.000	21	0	0	1	21	612	592	2.1	39.2
Query_10431	Y10473.1	100.000	21	0	0	1	21	630	610	2.1	39.2
Query_10431	Y09910.1	100.000	21	0	0	1	21	1136	1116	2.1	39.2
Query_10431	U14414.1	100.000	21	0	0	1	21	630	610	2.1	39.2


