# blastn
# Iteration: 0
# Query: 
# RID: 6M63RM1X016
# Database: nt
# Fields: query acc.ver, subject acc.ver, % identity, alignment length, mismatches, gap opens, q. start, q. end, s. start, s. end, evalue, bit score
# 100 hits found
Query_30817	MK280312.1	100.000	21	0	0	1	21	1278	1258	2.0	39.2
Query_30817	XM_035001636.1	100.000	21	0	0	1	21	2384	2364	2.0	39.2
Query_30817	XM_003822660.3	100.000	21	0	0	1	21	3034	3014	2.0	39.2
Query_30817	XM_019793495.2	100.000	21	0	0	1	21	2399	2379	2.0	39.2
Query_30817	XM_034514614.1	100.000	21	0	0	1	21	2712	2692	2.0	39.2
Query_30817	XM_033838592.1	100.000	21	0	0	1	21	2633	2613	2.0	39.2
Query_30817	XM_033838591.1	100.000	21	0	0	1	21	2383	2363	2.0	39.2
Query_30817	XM_033838590.1	100.000	21	0	0	1	21	2376	2356	2.0	39.2
Query_30817	XM_010615898.3	100.000	21	0	0	1	21	2610	2590	2.0	39.2
Query_30817	XM_004265074.2	100.000	21	0	0	1	21	2626	2606	2.0	39.2
Query_30817	CP050591.1	100.000	21	0	0	1	21	49273215	49273195	2.0	39.2
Query_30817	CP050611.1	100.000	21	0	0	1	21	49280635	49280615	2.0	39.2
Query_30817	XM_033175808.1	100.000	21	0	0	1	21	2675	2655	2.0	39.2
Query_30817	XM_033124372.1	100.000	21	0	0	1	21	2386	2366	2.0	39.2
Query_30817	XM_032908726.1	100.000	21	0	0	1	21	2141	2161	2.0	39.2
Query_30817	XM_032908723.1	100.000	21	0	0	1	21	2667	2647	2.0	39.2
Query_30817	XM_032653249.1	100.000	21	0	0	1	21	2725	2705	2.0	39.2
Query_30817	XM_032497467.1	100.000	21	0	0	1	21	2709	2689	2.0	39.2
Query_30817	XM_032239463.1	100.000	21	0	0	1	21	2565	2545	2.0	39.2
Query_30817	XM_032239461.1	100.000	21	0	0	1	21	2520	2500	2.0	39.2
Query_30817	XM_032178589.1	100.000	21	0	0	1	21	2232	2212	2.0	39.2
Query_30817	XM_023223830.2	100.000	21	0	0	1	21	2819	2799	2.0	39.2
Query_30817	XM_023223828.2	100.000	21	0	0	1	21	1060	1080	2.0	39.2
Query_30817	XM_031672587.1	100.000	21	0	0	1	21	2254	2234	2.0	39.2
Query_30817	LR738603.1	100.000	21	0	0	1	21	1947802	1947782	2.0	39.2
Query_30817	XM_003908598.4	100.000	21	0	0	1	21	2811	2791	2.0	39.2
Query_30817	XM_031466949.1	100.000	21	0	0	1	21	2733	2713	2.0	39.2
Query_30817	XM_031357355.1	100.000	21	0	0	1	21	2415	2395	2.0	39.2
Query_30817	XM_031357354.1	100.000	21	0	0	1	21	2474	2454	2.0	39.2
Query_30817	XM_031357353.1	100.000	21	0	0	1	21	2413	2393	2.0	39.2
Query_30817	XM_031357352.1	100.000	21	0	0	1	21	2691	2671	2.0	39.2
Query_30817	XM_031018563.1	100.000	21	0	0	1	21	2325	2305	2.0	39.2
Query_30817	XM_031007930.1	100.000	21	0	0	1	21	2830	2810	2.0	39.2
Query_30817	XM_030920698.1	100.000	21	0	0	1	21	2669	2649	2.0	39.2
Query_30817	XM_030857768.1	100.000	21	0	0	1	21	2632	2612	2.0	39.2
Query_30817	XM_030799595.1	100.000	21	0	0	1	21	2827	2807	2.0	39.2
Query_30817	XM_029937302.1	100.000	21	0	0	1	21	2216	2196	2.0	39.2
Query_30817	XM_029937301.1	100.000	21	0	0	1	21	2312	2292	2.0	39.2
Query_30817	XM_008823062.3	100.000	21	0	0	1	21	2419	2399	2.0	39.2
Query_30817	XM_017795586.2	100.000	21	0	0	1	21	2446	2426	2.0	39.2
Query_30817	XM_017795588.2	100.000	21	0	0	1	21	2383	2363	2.0	39.2
Query_30817	XM_029558622.1	100.000	21	0	0	1	21	2207	2187	2.0	39.2
Query_30817	XM_017795587.2	100.000	21	0	0	1	21	2410	2390	2.0	39.2
Query_30817	XM_021217857.2	100.000	21	0	0	1	21	2467	2447	2.0	39.2
Query_30817	XM_021149070.2	100.000	21	0	0	1	21	2717	2697	2.0	39.2
Query_30817	XM_015112284.2	100.000	21	0	0	1	21	3219	3199	2.0	39.2
Query_30817	XM_028765062.1	100.000	21	0	0	1	21	2185	2165	2.0	39.2
Query_30817	XM_024118804.2	100.000	21	0	0	1	21	2633	2613	2.0	39.2
Query_30817	NM_012249.4	100.000	21	0	0	1	21	2838	2818	2.0	39.2
Query_30817	XM_027113209.1	100.000	21	0	0	1	21	1976	1956	2.0	39.2
Query_30817	XM_027113208.1	100.000	21	0	0	1	21	1972	1952	2.0	39.2
Query_30817	XM_027113207.1	100.000	21	0	0	1	21	2672	2652	2.0	39.2
Query_30817	XM_027072534.1	100.000	21	0	0	1	21	2286	2266	2.0	39.2
Query_30817	XM_015094399.2	100.000	21	0	0	1	21	2498	2478	2.0	39.2
Query_30817	XM_027966877.1	100.000	21	0	0	1	21	2330	2310	2.0	39.2
Query_30817	XM_027555181.1	100.000	21	0	0	1	21	2563	2543	2.0	39.2
Query_30817	XM_040224753.1	100.000	21	0	0	1	21	2472	2452	2.0	39.2
Query_30817	HG994393.1	100.000	21	0	0	1	21	51299569	51299549	2.0	39.2
Query_30817	XM_003926747.3	100.000	21	0	0	1	21	2805	2785	2.0	39.2
Query_30817	XM_039078106.1	100.000	21	0	0	1	21	2743	2723	2.0	39.2
Query_30817	XM_038680494.1	100.000	21	0	0	1	21	2383	2363	2.0	39.2
Query_30817	XM_038646699.1	100.000	21	0	0	1	21	2383	2363	2.0	39.2
Query_30817	XM_038318898.1	100.000	21	0	0	1	21	2288	2268	2.0	39.2
Query_30817	XM_038006892.1	100.000	21	0	0	1	21	902	922	2.0	39.2
Query_30817	XM_038006891.1	100.000	21	0	0	1	21	879	899	2.0	39.2
Query_30817	XM_038006885.1	100.000	21	0	0	1	21	2304	2284	2.0	39.2
Query_30817	XM_007970741.2	100.000	21	0	0	1	21	2809	2789	2.0	39.2
Query_30817	XM_037732867.1	100.000	21	0	0	1	21	2430	2410	2.0	39.2
Query_30817	XM_017512722.2	100.000	21	0	0	1	21	2811	2791	2.0	39.2
Query_30817	XM_037528120.1	100.000	21	0	0	1	21	2366	2346	2.0	39.2
Query_30817	XM_028892796.2	100.000	21	0	0	1	21	2436	2416	2.0	39.2
Query_30817	XM_037161178.1	100.000	21	0	0	1	21	2787	2767	2.0	39.2
Query_30817	XM_036990802.1	100.000	21	0	0	1	21	2631	2611	2.0	39.2
Query_30817	XM_036872442.1	100.000	21	0	0	1	21	2630	2610	2.0	39.2
Query_30817	XM_036872440.1	100.000	21	0	0	1	21	2260	2280	2.0	39.2
Query_30817	XM_036435227.1	100.000	21	0	0	1	21	2357	2337	2.0	39.2
Query_30817	XM_036334677.1	100.000	21	0	0	1	21	2626	2606	2.0	39.2
Query_30817	XM_016142202.2	100.000	21	0	0	1	21	2677	2657	2.0	39.2
Query_30817	XM_036170862.1	100.000	21	0	0	1	21	2443	2423	2.0	39.2
Query_30817	XM_036121674.1	100.000	21	0	0	1	21	2462	2442	2.0	39.2
Query_30817	XM_036121672.1	100.000	21	0	0	1	21	2283	2263	2.0	39.2
Query_30817	XM_036121671.1	100.000	21	0	0	1	21	2379	2359	2.0	39.2
Query_30817	XM_028515148.2	100.000	21	0	0	1	21	2706	2686	2.0	39.2
Query_30817	LR877208.1	100.000	21	0	0	1	21	17061641	17061661	2.0	39.2
Query_30817	XM_025465898.2	100.000	21	0	0	1	21	2382	2362	2.0	39.2
Query_30817	XM_027620825.2	100.000	21	0	0	1	21	2451	2431	2.0	39.2
Query_30817	XM_027417980.2	100.000	21	0	0	1	21	2446	2426	2.0	39.2
Query_30817	XM_035445598.1	100.000	21	0	0	1	21	1511	1531	2.0	39.2
Query_30817	XM_027417976.2	100.000	21	0	0	1	21	6261	6281	2.0	39.2
Query_30817	XM_027417975.2	100.000	21	0	0	1	21	6326	6346	2.0	39.2
Query_30817	XM_027417974.2	100.000	21	0	0	1	21	6352	6372	2.0	39.2
Query_30817	XM_027417973.2	100.000	21	0	0	1	21	6350	6370	2.0	39.2
Query_30817	XM_007651904.3	100.000	21	0	0	1	21	2416	2396	2.0	39.2
Query_30817	XM_035461768.1	100.000	21	0	0	1	21	1511	1531	2.0	39.2
Query_30817	XM_007651907.3	100.000	21	0	0	1	21	6261	6281	2.0	39.2
Query_30817	XM_027442774.2	100.000	21	0	0	1	21	6326	6346	2.0	39.2
Query_30817	XM_007651906.4	100.000	21	0	0	1	21	6352	6372	2.0	39.2
Query_30817	XM_007651905.4	100.000	21	0	0	1	21	6350	6370	2.0	39.2
Query_30817	XR_004733630.1	100.000	21	0	0	1	21	3461	3441	2.0	39.2
Query_30817	XM_002757794.5	100.000	21	0	0	1	21	3297	3277	2.0	39.2


