# blastn
# Iteration: 0
# Query: 
# RID: 7RHFGWSY01R
# Database: nt
# Fields: query acc.ver, subject acc.ver, % identity, alignment length, mismatches, gap opens, q. start, q. end, s. start, s. end, evalue, bit score
# 101 hits found
Query_555265	XM_034941314.1	100.000	21	0	0	1	21	654	634	2.1	39.2
Query_555265	XR_004430887.1	100.000	21	0	0	1	21	385	365	2.1	39.2
Query_555265	XR_004430886.1	100.000	21	0	0	1	21	638	618	2.1	39.2
Query_555265	XR_004430885.1	100.000	21	0	0	1	21	608	588	2.1	39.2
Query_555265	XR_004430884.1	100.000	21	0	0	1	21	514	494	2.1	39.2
Query_555265	XR_004430883.1	100.000	21	0	0	1	21	485	465	2.1	39.2
Query_555265	XM_033185036.1	100.000	21	0	0	1	21	669	649	2.1	39.2
Query_555265	XM_033090559.1	100.000	21	0	0	1	21	784	764	2.1	39.2
Query_555265	XM_032431655.1	100.000	21	0	0	1	21	661	641	2.1	39.2
Query_555265	XR_004266175.1	100.000	21	0	0	1	21	741	721	2.1	39.2
Query_555265	XM_032271694.1	100.000	21	0	0	1	21	250	230	2.1	39.2
Query_555265	XR_004262992.1	100.000	21	0	0	1	21	314	294	2.1	39.2
Query_555265	XM_032138345.1	100.000	21	0	0	1	21	672	652	2.1	39.2
Query_555265	XM_023184506.2	100.000	21	0	0	1	21	660	640	2.1	39.2
Query_555265	XR_004179314.1	100.000	21	0	0	1	21	993	973	2.1	39.2
Query_555265	XR_004179313.1	100.000	21	0	0	1	21	385	365	2.1	39.2
Query_555265	XM_003912123.3	100.000	21	0	0	1	21	663	643	2.1	39.2
Query_555265	XM_017950278.3	100.000	21	0	0	1	21	501	481	2.1	39.2
Query_555265	XM_006748196.2	100.000	21	0	0	1	21	316	296	2.1	39.2
Query_555265	XM_004058312.3	100.000	21	0	0	1	21	663	643	2.1	39.2
Query_555265	XM_010382186.2	100.000	21	0	0	1	21	663	643	2.1	39.2
Query_555265	XR_001440232.2	100.000	21	0	0	1	21	756	736	2.1	39.2
Query_555265	XR_001440230.2	100.000	21	0	0	1	21	529	509	2.1	39.2
Query_555265	XM_015118270.2	100.000	21	0	0	1	21	658	638	2.1	39.2
Query_555265	XM_028835904.1	100.000	21	0	0	1	21	386	366	2.1	39.2
Query_555265	XM_028124951.1	100.000	21	0	0	1	21	617	597	2.1	39.2
Query_555265	XM_028124950.1	100.000	21	0	0	1	21	616	596	2.1	39.2
Query_555265	XM_027767169.1	100.000	21	0	0	1	21	298	278	2.1	39.2
Query_555265	CP034495.1	100.000	21	0	0	1	21	4192650	4192670	2.1	39.2
Query_555265	CP034495.1	100.000	21	0	0	1	21	84372919	84372939	2.1	39.2
Query_555265	XM_025864046.1	100.000	21	0	0	1	21	630	610	2.1	39.2
Query_555265	XM_025864045.1	100.000	21	0	0	1	21	328	308	2.1	39.2
Query_555265	XM_025864044.1	100.000	21	0	0	1	21	328	308	2.1	39.2
Query_555265	XM_025362958.1	100.000	21	0	0	1	21	663	643	2.1	39.2
Query_555265	XM_006922213.3	100.000	21	0	0	1	21	784	764	2.1	39.2
Query_555265	XR_981472.2	100.000	21	0	0	1	21	430	410	2.1	39.2
Query_555265	XR_003016002.1	100.000	21	0	0	1	21	533	513	2.1	39.2
Query_555265	XR_981462.2	100.000	21	0	0	1	21	955	935	2.1	39.2
Query_555265	XR_003015996.1	100.000	21	0	0	1	21	809	789	2.1	39.2
Query_555265	XR_981464.2	100.000	21	0	0	1	21	987	967	2.1	39.2
Query_555265	XM_024790008.1	100.000	21	0	0	1	21	1406	1386	2.1	39.2
Query_555265	XM_009431600.3	100.000	21	0	0	1	21	289	269	2.1	39.2
Query_555265	XM_016931252.2	100.000	21	0	0	1	21	663	643	2.1	39.2
Query_555265	XM_002826864.4	100.000	21	0	0	1	21	663	643	2.1	39.2
Query_555265	XM_004376122.2	100.000	21	0	0	1	21	454	434	2.1	39.2
Query_555265	XM_023731135.1	100.000	21	0	0	1	21	623	603	2.1	39.2
Query_555265	XM_023530459.1	100.000	21	0	0	1	21	250	230	2.1	39.2
Query_555265	XM_023530458.1	100.000	21	0	0	1	21	304	284	2.1	39.2
Query_555265	XM_003799047.3	100.000	21	0	0	1	21	661	641	2.1	39.2
Query_555265	XR_002775135.1	100.000	21	0	0	1	21	548	528	2.1	39.2
Query_555265	XM_008047888.2	100.000	21	0	0	1	21	668	648	2.1	39.2
Query_555265	XM_021671288.1	100.000	21	0	0	1	21	257	237	2.1	39.2
Query_555265	XM_021694875.1	100.000	21	0	0	1	21	550	530	2.1	39.2
Query_555265	XM_021694873.1	100.000	21	0	0	1	21	647	627	2.1	39.2
Query_555265	XM_005067437.3	100.000	21	0	0	1	21	583	563	2.1	39.2
Query_555265	LT734953.1	100.000	21	0	0	1	21	788	768	2.1	39.2
Query_555265	XM_017860189.1	100.000	21	0	0	1	21	675	655	2.1	39.2
Query_555265	XM_017348822.1	100.000	21	0	0	1	21	646	626	2.1	39.2
Query_555265	XM_006007231.2	100.000	21	0	0	1	21	432	412	2.1	39.2
Query_555265	XM_006007230.2	100.000	21	0	0	1	21	447	427	2.1	39.2
Query_555265	XM_006007229.2	100.000	21	0	0	1	21	458	438	2.1	39.2
Query_555265	XM_012929448.1	100.000	21	0	0	1	21	157	137	2.1	39.2
Query_555265	XM_012564395.1	100.000	21	0	0	1	21	362	342	2.1	39.2
Query_555265	XR_981471.1	100.000	21	0	0	1	21	415	395	2.1	39.2
Query_555265	XR_981470.1	100.000	21	0	0	1	21	415	395	2.1	39.2
Query_555265	XR_981467.1	100.000	21	0	0	1	21	656	636	2.1	39.2
Query_555265	XM_011725127.1	100.000	21	0	0	1	21	663	643	2.1	39.2
Query_555265	XR_001014219.1	100.000	21	0	0	1	21	412	392	2.1	39.2
Query_555265	XR_001014218.1	100.000	21	0	0	1	21	1016	996	2.1	39.2
Query_555265	XR_001014217.1	100.000	21	0	0	1	21	1047	1027	2.1	39.2
Query_555265	XR_001014215.1	100.000	21	0	0	1	21	441	421	2.1	39.2
Query_555265	XR_001014214.1	100.000	21	0	0	1	21	385	365	2.1	39.2
Query_555265	XR_001014213.1	100.000	21	0	0	1	21	415	395	2.1	39.2
Query_555265	XM_012055657.1	100.000	21	0	0	1	21	663	643	2.1	39.2
Query_555265	XM_011947503.1	100.000	21	0	0	1	21	466	446	2.1	39.2
Query_555265	XM_011980458.1	100.000	21	0	0	1	21	469	449	2.1	39.2
Query_555265	XM_008568998.1	100.000	21	0	0	1	21	328	308	2.1	39.2
Query_555265	KJ892344.1	100.000	21	0	0	1	21	366	346	2.1	39.2
Query_555265	XR_005658082.1	100.000	21	0	0	1	21	486	466	2.1	39.2
Query_555265	XM_039886420.1	100.000	21	0	0	1	21	655	635	2.1	39.2
Query_555265	XM_039476665.1	100.000	21	0	0	1	21	684	664	2.1	39.2
Query_555265	CP068261.1	100.000	21	0	0	1	21	4178909	4178929	2.1	39.2
Query_555265	XM_037810445.1	100.000	21	0	0	1	21	646	626	2.1	39.2
Query_555265	XM_037801494.1	100.000	21	0	0	1	21	473	453	2.1	39.2
Query_555265	XM_017512180.2	100.000	21	0	0	1	21	656	636	2.1	39.2
Query_555265	XM_037022823.1	100.000	21	0	0	1	21	390	370	2.1	39.2
Query_555265	XM_036887031.1	100.000	21	0	0	1	21	395	375	2.1	39.2
Query_555265	AP023477.1	100.000	21	0	0	1	21	4362806	4362826	2.1	39.2
Query_555265	XM_036078415.1	100.000	21	0	0	1	21	624	604	2.1	39.2
Query_555265	XM_036078414.1	100.000	21	0	0	1	21	424	404	2.1	39.2
Query_555265	XM_036078412.1	100.000	21	0	0	1	21	424	404	2.1	39.2
Query_555265	LR877227.1	100.000	21	0	0	1	21	175745	175725	2.1	39.2
Query_555265	NM_003342.5	100.000	21	0	0	1	21	660	640	2.1	39.2
Query_555265	XM_027625410.2	100.000	21	0	0	1	21	634	614	2.1	39.2
Query_555265	XM_027625409.2	100.000	21	0	0	1	21	765	745	2.1	39.2
Query_555265	XM_027625408.2	100.000	21	0	0	1	21	454	434	2.1	39.2
Query_555265	XM_027625406.2	100.000	21	0	0	1	21	454	434	2.1	39.2
Query_555265	XM_035447490.1	100.000	21	0	0	1	21	365	345	2.1	39.2
Query_555265	XM_027426818.2	100.000	21	0	0	1	21	365	345	2.1	39.2
Query_555265	XR_004743113.1	100.000	21	0	0	1	21	752	732	2.1	39.2
Query_555265	XM_002747845.5	100.000	21	0	0	1	21	673	653	2.1	39.2


