# blastn
# Iteration: 0
# Query: 
# RID: 7PGB9YE0016
# Database: nt
# Fields: query acc.ver, subject acc.ver, % identity, alignment length, mismatches, gap opens, q. start, q. end, s. start, s. end, evalue, bit score
# 70 hits found
Query_29509	XM_034932122.1	100.000	21	0	0	1	21	3099	3079	2.1	39.2
Query_29509	XR_004664993.1	100.000	21	0	0	1	21	3075	3055	2.1	39.2
Query_29509	XM_034932121.1	100.000	21	0	0	1	21	3141	3121	2.1	39.2
Query_29509	XM_034932120.1	100.000	21	0	0	1	21	2751	2731	2.1	39.2
Query_29509	XM_034932119.1	100.000	21	0	0	1	21	3027	3007	2.1	39.2
Query_29509	XM_034932117.1	100.000	21	0	0	1	21	2837	2817	2.1	39.2
Query_29509	XM_034932116.1	100.000	21	0	0	1	21	3099	3079	2.1	39.2
Query_29509	XM_034932115.1	100.000	21	0	0	1	21	3099	3079	2.1	39.2
Query_29509	XM_026930853.2	100.000	21	0	0	1	21	3017	2997	2.1	39.2
Query_29509	XM_032166649.2	100.000	21	0	0	1	21	2768	2748	2.1	39.2
Query_29509	XM_032240510.1	100.000	21	0	0	1	21	2976	2956	2.1	39.2
Query_29509	XM_032166651.1	100.000	21	0	0	1	21	2735	2715	2.1	39.2
Query_29509	XR_004250229.1	100.000	21	0	0	1	21	2709	2689	2.1	39.2
Query_29509	XM_004050666.3	100.000	21	0	0	1	21	3140	3120	2.1	39.2
Query_29509	XM_019037259.2	100.000	21	0	0	1	21	2665	2645	2.1	39.2
Query_29509	XM_019037258.2	100.000	21	0	0	1	21	3027	3007	2.1	39.2
Query_29509	XM_004050664.3	100.000	21	0	0	1	21	3140	3120	2.1	39.2
Query_29509	NM_001348749.2	100.000	21	0	0	1	21	3033	3013	2.1	39.2
Query_29509	NM_001348750.2	100.000	21	0	0	1	21	3141	3121	2.1	39.2
Query_29509	NM_001243254.2	100.000	21	0	0	1	21	3105	3085	2.1	39.2
Query_29509	NM_015213.4	100.000	21	0	0	1	21	3105	3085	2.1	39.2
Query_29509	NR_145966.2	100.000	21	0	0	1	21	3081	3061	2.1	39.2
Query_29509	XM_003312912.4	100.000	21	0	0	1	21	3139	3119	2.1	39.2
Query_29509	XR_002938439.1	100.000	21	0	0	1	21	3139	3119	2.1	39.2
Query_29509	XM_016920357.2	100.000	21	0	0	1	21	2886	2866	2.1	39.2
Query_29509	XM_024346967.1	100.000	21	0	0	1	21	3139	3119	2.1	39.2
Query_29509	XM_024346966.1	100.000	21	0	0	1	21	3139	3119	2.1	39.2
Query_29509	XM_009459922.3	100.000	21	0	0	1	21	3067	3047	2.1	39.2
Query_29509	XM_016920354.2	100.000	21	0	0	1	21	3067	3047	2.1	39.2
Query_29509	XM_508914.6	100.000	21	0	0	1	21	3139	3119	2.1	39.2
Query_29509	XM_016920352.2	100.000	21	0	0	1	21	3139	3119	2.1	39.2
Query_29509	XM_024255110.1	100.000	21	0	0	1	21	3135	3115	2.1	39.2
Query_29509	XM_009246658.2	100.000	21	0	0	1	21	2758	2738	2.1	39.2
Query_29509	XM_024255109.1	100.000	21	0	0	1	21	3135	3115	2.1	39.2
Query_29509	XM_024255108.1	100.000	21	0	0	1	21	3135	3115	2.1	39.2
Query_29509	XM_021675141.1	100.000	21	0	0	1	21	3098	3078	2.1	39.2
Query_29509	XM_021675140.1	100.000	21	0	0	1	21	3026	3006	2.1	39.2
Query_29509	XM_021675139.1	100.000	21	0	0	1	21	2897	2877	2.1	39.2
Query_29509	XM_021675138.1	100.000	21	0	0	1	21	3098	3078	2.1	39.2
Query_29509	NG_053019.1	100.000	21	0	0	1	21	123273	123253	2.1	39.2
Query_29509	LT734349.1	100.000	21	0	0	1	21	2066	2046	2.1	39.2
Query_29509	XM_017500308.1	100.000	21	0	0	1	21	2810	2790	2.1	39.2
Query_29509	XM_017500307.1	100.000	21	0	0	1	21	2913	2893	2.1	39.2
Query_29509	XM_016920351.1	100.000	21	0	0	1	21	2896	2876	2.1	39.2
Query_29509	KJ902312.1	100.000	21	0	0	1	21	1644	1624	2.1	39.2
Query_29509	XM_039470497.1	100.000	21	0	0	1	21	3171	3151	2.1	39.2
Query_29509	XM_039470496.1	100.000	21	0	0	1	21	3063	3043	2.1	39.2
Query_29509	XM_039470495.1	100.000	21	0	0	1	21	3171	3151	2.1	39.2
Query_29509	XM_017500309.2	100.000	21	0	0	1	21	2841	2821	2.1	39.2
Query_29509	XM_037133802.1	100.000	21	0	0	1	21	3161	3141	2.1	39.2
Query_29509	XM_036258063.1	100.000	21	0	0	1	21	3102	3082	2.1	39.2
Query_29509	XM_036258062.1	100.000	21	0	0	1	21	2806	2786	2.1	39.2
Query_29509	XM_036258061.1	100.000	21	0	0	1	21	3102	3082	2.1	39.2
Query_29509	XM_017977897.2	100.000	21	0	0	1	21	3134	3114	2.1	39.2
Query_29509	XM_017977895.2	100.000	21	0	0	1	21	3062	3042	2.1	39.2
Query_29509	XM_002755025.4	100.000	21	0	0	1	21	3134	3114	2.1	39.2
Query_29509	AB463207.1	100.000	21	0	0	1	21	2833	2813	2.1	39.2
Query_29509	AK295881.1	100.000	21	0	0	1	21	2842	2822	2.1	39.2
Query_29509	AK302478.1	100.000	21	0	0	1	21	2542	2522	2.1	39.2
Query_29509	AK294016.1	100.000	21	0	0	1	21	2725	2705	2.1	39.2
Query_29509	AC191648.1	100.000	21	0	0	1	21	33865	33845	2.1	39.2
Query_29509	BC009354.2	100.000	21	0	0	1	21	1809	1789	2.1	39.2
Query_29509	AB029014.1	100.000	21	0	0	1	21	3041	3021	2.1	39.2
Query_29509	AK125444.1	100.000	21	0	0	1	21	2386	2366	2.1	39.2
Query_29509	BC071596.1	100.000	21	0	0	1	21	2886	2866	2.1	39.2
Query_29509	AC079296.5	100.000	21	0	0	1	21	33559	33539	2.1	39.2
Query_29509	BC005100.1	100.000	21	0	0	1	21	276	256	2.1	39.2
Query_29509	AK026007.1	100.000	21	0	0	1	21	1155	1135	2.1	39.2
Query_29509	AK025499.1	100.000	21	0	0	1	21	1692	1672	2.1	39.2
Query_29509	AL117448.1	100.000	21	0	0	1	21	2837	2817	2.1	39.2


