# blastn
# Iteration: 0
# Query: 
# RID: 6UGR866S016
# Database: nt
# Fields: query acc.ver, subject acc.ver, % identity, alignment length, mismatches, gap opens, q. start, q. end, s. start, s. end, evalue, bit score
# 76 hits found
Query_58009	XM_034958465.1	100.000	21	0	0	1	21	487	467	2.1	39.2
Query_58009	XM_034958464.1	100.000	21	0	0	1	21	598	578	2.1	39.2
Query_58009	XM_033214027.1	100.000	21	0	0	1	21	391	371	2.1	39.2
Query_58009	XM_033214026.1	100.000	21	0	0	1	21	277	257	2.1	39.2
Query_58009	XM_033214025.1	100.000	21	0	0	1	21	526	506	2.1	39.2
Query_58009	XM_033214024.1	100.000	21	0	0	1	21	477	457	2.1	39.2
Query_58009	XM_033214023.1	100.000	21	0	0	1	21	676	656	2.1	39.2
Query_58009	XM_032136191.1	100.000	21	0	0	1	21	680	660	2.1	39.2
Query_58009	XM_023224702.3	100.000	21	0	0	1	21	214	194	2.1	39.2
Query_58009	XM_023224701.3	100.000	21	0	0	1	21	495	475	2.1	39.2
Query_58009	XM_023224700.3	100.000	21	0	0	1	21	467	447	2.1	39.2
Query_58009	XM_023224699.3	100.000	21	0	0	1	21	676	656	2.1	39.2
Query_58009	XM_031664650.1	100.000	21	0	0	1	21	263	243	2.1	39.2
Query_58009	XM_021938381.2	100.000	21	0	0	1	21	487	467	2.1	39.2
Query_58009	XM_021938380.2	100.000	21	0	0	1	21	676	656	2.1	39.2
Query_58009	XM_003898597.4	100.000	21	0	0	1	21	676	656	2.1	39.2
Query_58009	XM_019025601.2	100.000	21	0	0	1	21	211	191	2.1	39.2
Query_58009	XM_004038573.3	100.000	21	0	0	1	21	676	656	2.1	39.2
Query_58009	XM_010384547.2	100.000	21	0	0	1	21	676	656	2.1	39.2
Query_58009	XM_030800871.1	100.000	21	0	0	1	21	680	660	2.1	39.2
Query_58009	NM_001312647.2	100.000	21	0	0	1	21	498	478	2.1	39.2
Query_58009	NM_001111112.2	100.000	21	0	0	1	21	586	566	2.1	39.2
Query_58009	NM_001312648.2	100.000	21	0	0	1	21	492	472	2.1	39.2
Query_58009	NM_001111113.2	100.000	21	0	0	1	21	433	413	2.1	39.2
Query_58009	XM_028848016.1	100.000	21	0	0	1	21	579	559	2.1	39.2
Query_58009	XM_015138162.2	100.000	21	0	0	1	21	676	656	2.1	39.2
Query_58009	NM_005339.5	100.000	21	0	0	1	21	586	566	2.1	39.2
Query_58009	XM_025385140.1	100.000	21	0	0	1	21	158	138	2.1	39.2
Query_58009	XM_025385138.1	100.000	21	0	0	1	21	200	180	2.1	39.2
Query_58009	XM_025385137.1	100.000	21	0	0	1	21	584	564	2.1	39.2
Query_58009	XM_025385136.1	100.000	21	0	0	1	21	590	570	2.1	39.2
Query_58009	XM_025385134.1	100.000	21	0	0	1	21	525	505	2.1	39.2
Query_58009	XM_025385133.1	100.000	21	0	0	1	21	681	661	2.1	39.2
Query_58009	XM_025385132.1	100.000	21	0	0	1	21	681	661	2.1	39.2
Query_58009	XM_016950973.2	100.000	21	0	0	1	21	580	560	2.1	39.2
Query_58009	XM_009447486.3	100.000	21	0	0	1	21	521	501	2.1	39.2
Query_58009	XM_009447485.3	100.000	21	0	0	1	21	677	657	2.1	39.2
Query_58009	XM_024245916.1	100.000	21	0	0	1	21	584	564	2.1	39.2
Query_58009	XM_002814684.3	100.000	21	0	0	1	21	681	661	2.1	39.2
Query_58009	XM_012474955.2	100.000	21	0	0	1	21	681	661	2.1	39.2
Query_58009	LT735837.1	100.000	21	0	0	1	21	881	861	2.1	39.2
Query_58009	XM_017854256.1	100.000	21	0	0	1	21	800	780	2.1	39.2
Query_58009	XM_015450067.1	100.000	21	0	0	1	21	579	559	2.1	39.2
Query_58009	XM_015450066.1	100.000	21	0	0	1	21	585	565	2.1	39.2
Query_58009	XM_012057902.1	100.000	21	0	0	1	21	676	656	2.1	39.2
Query_58009	XM_012057901.1	100.000	21	0	0	1	21	676	656	2.1	39.2
Query_58009	XM_011949088.1	100.000	21	0	0	1	21	525	505	2.1	39.2
Query_58009	XM_011949087.1	100.000	21	0	0	1	21	681	661	2.1	39.2
Query_58009	XM_011949086.1	100.000	21	0	0	1	21	907	887	2.1	39.2
Query_58009	XM_011949085.1	100.000	21	0	0	1	21	681	661	2.1	39.2
Query_58009	XM_011949084.1	100.000	21	0	0	1	21	907	887	2.1	39.2
Query_58009	XM_011983567.1	100.000	21	0	0	1	21	525	505	2.1	39.2
Query_58009	XM_011983565.1	100.000	21	0	0	1	21	681	661	2.1	39.2
Query_58009	XM_011983564.1	100.000	21	0	0	1	21	681	661	2.1	39.2
Query_58009	KJ891343.1	100.000	21	0	0	1	21	459	439	2.1	39.2
Query_58009	XM_003940989.2	100.000	21	0	0	1	21	473	453	2.1	39.2
Query_58009	XM_039468204.1	100.000	21	0	0	1	21	492	472	2.1	39.2
Query_58009	NM_001260841.2	100.000	21	0	0	1	21	443	423	2.1	39.2
Query_58009	XM_038008617.1	100.000	21	0	0	1	21	504	484	2.1	39.2
Query_58009	XM_008017600.2	100.000	21	0	0	1	21	676	656	2.1	39.2
Query_58009	NM_001246525.1	100.000	21	0	0	1	21	551	531	2.1	39.2
Query_58009	AB527742.1	100.000	21	0	0	1	21	403	383	2.1	39.2
Query_58009	CU690733.1	100.000	21	0	0	1	21	225	245	2.1	39.2
Query_58009	EU446896.1	100.000	21	0	0	1	21	416	396	2.1	39.2
Query_58009	AK315524.1	100.000	21	0	0	1	21	604	584	2.1	39.2
Query_58009	AK307130.1	100.000	21	0	0	1	21	489	469	2.1	39.2
Query_58009	AK291454.1	100.000	21	0	0	1	21	430	410	2.1	39.2
Query_58009	NM_001283819.1	100.000	21	0	0	1	21	601	581	2.1	39.2
Query_58009	BC022804.1	100.000	21	0	0	1	21	554	534	2.1	39.2
Query_58009	AK093533.1	100.000	21	0	0	1	21	499	479	2.1	39.2
Query_58009	AC105287.5	100.000	21	0	0	1	21	24261	24241	2.1	39.2
Query_58009	BC050600.1	100.000	21	0	0	1	21	532	512	2.1	39.2
Query_58009	AB022436.1	100.000	21	0	0	1	21	327	307	2.1	39.2
Query_58009	AB022435.1	100.000	21	0	0	1	21	480	460	2.1	39.2
Query_58009	U58522.1	100.000	21	0	0	1	21	397	377	2.1	39.2
Query_58009	LR991648.1	100.000	20	0	0	2	21	9930512	9930531	7.2	37.4


