# blastn
# Iteration: 0
# Query: 
# RID: 6ZX1P60D016
# Database: nt
# Fields: query acc.ver, subject acc.ver, % identity, alignment length, mismatches, gap opens, q. start, q. end, s. start, s. end, evalue, bit score
# 100 hits found
Query_9191	XM_008962128.2	100.000	21	0	0	1	21	1632	1612	2.1	39.2
Query_9191	XM_003809834.3	100.000	21	0	0	1	21	1493	1473	2.1	39.2
Query_9191	XM_033183220.1	100.000	21	0	0	1	21	1632	1612	2.1	39.2
Query_9191	XM_033183218.1	100.000	21	0	0	1	21	1210	1190	2.1	39.2
Query_9191	XM_033183217.1	100.000	21	0	0	1	21	1354	1334	2.1	39.2
Query_9191	XM_033183216.1	100.000	21	0	0	1	21	1497	1477	2.1	39.2
Query_9191	XM_033183215.1	100.000	21	0	0	1	21	1632	1612	2.1	39.2
Query_9191	XM_032913110.1	100.000	21	0	0	1	21	1610	1590	2.1	39.2
Query_9191	XM_032913109.1	100.000	21	0	0	1	21	1473	1453	2.1	39.2
Query_9191	XM_032279247.1	100.000	21	0	0	1	21	1628	1608	2.1	39.2
Query_9191	XM_032279246.1	100.000	21	0	0	1	21	2022	2002	2.1	39.2
Query_9191	XM_032279244.1	100.000	21	0	0	1	21	1493	1473	2.1	39.2
Query_9191	XM_032279243.1	100.000	21	0	0	1	21	1628	1608	2.1	39.2
Query_9191	XM_031657059.1	100.000	21	0	0	1	21	1633	1613	2.1	39.2
Query_9191	XM_031657058.1	100.000	21	0	0	1	21	1417	1397	2.1	39.2
Query_9191	XM_031657057.1	100.000	21	0	0	1	21	2066	2046	2.1	39.2
Query_9191	XM_031657056.1	100.000	21	0	0	1	21	1498	1478	2.1	39.2
Query_9191	XM_031657055.1	100.000	21	0	0	1	21	1633	1613	2.1	39.2
Query_9191	XM_031011214.1	100.000	21	0	0	1	21	1628	1608	2.1	39.2
Query_9191	XM_031011213.1	100.000	21	0	0	1	21	1493	1473	2.1	39.2
Query_9191	XM_010379325.2	100.000	21	0	0	1	21	1322	1302	2.1	39.2
Query_9191	XM_030923108.1	100.000	21	0	0	1	21	1498	1478	2.1	39.2
Query_9191	XM_030923107.1	100.000	21	0	0	1	21	1633	1613	2.1	39.2
Query_9191	XM_030245499.1	100.000	21	0	0	1	21	1354	1334	2.1	39.2
Query_9191	XM_029484033.1	100.000	21	0	0	1	21	1484	1464	2.1	39.2
Query_9191	XM_021175437.2	100.000	21	0	0	1	21	1484	1464	2.1	39.2
Query_9191	XM_021175436.2	100.000	21	0	0	1	21	1619	1599	2.1	39.2
Query_9191	NM_199247.3	100.000	21	0	0	1	21	1599	1579	2.1	39.2
Query_9191	NM_199248.3	100.000	21	0	0	1	21	1464	1444	2.1	39.2
Query_9191	XM_029212463.1	100.000	21	0	0	1	21	1632	1612	2.1	39.2
Query_9191	XM_029212462.1	100.000	21	0	0	1	21	1497	1477	2.1	39.2
Query_9191	XM_029212461.1	100.000	21	0	0	1	21	1600	1580	2.1	39.2
Query_9191	XM_015119523.2	100.000	21	0	0	1	21	1665	1645	2.1	39.2
Query_9191	XM_015119522.2	100.000	21	0	0	1	21	2429	2409	2.1	39.2
Query_9191	XM_001086857.3	100.000	21	0	0	1	21	1530	1510	2.1	39.2
Query_9191	XM_015119521.2	100.000	21	0	0	1	21	1665	1645	2.1	39.2
Query_9191	XM_028755045.1	100.000	21	0	0	1	21	1490	1470	2.1	39.2
Query_9191	AC279092.1	100.000	21	0	0	1	21	6015	5995	2.1	39.2
Query_9191	AC278894.1	100.000	21	0	0	1	21	10811	10791	2.1	39.2
Query_9191	NM_000723.5	100.000	21	0	0	1	21	1464	1444	2.1	39.2
Query_9191	XM_026386952.1	100.000	21	0	0	1	21	1333	1313	2.1	39.2
Query_9191	XM_026386951.1	100.000	21	0	0	1	21	1333	1313	2.1	39.2
Query_9191	XM_026386950.1	100.000	21	0	0	1	21	1664	1644	2.1	39.2
Query_9191	XM_027924779.1	100.000	21	0	0	1	21	1535	1515	2.1	39.2
Query_9191	XM_027924778.1	100.000	21	0	0	1	21	1538	1518	2.1	39.2
Query_9191	CP034495.1	100.000	21	0	0	1	21	37333645	37333665	2.1	39.2
Query_9191	XM_025363653.1	100.000	21	0	0	1	21	1753	1733	2.1	39.2
Query_9191	XM_011725345.2	100.000	21	0	0	1	21	1323	1303	2.1	39.2
Query_9191	XM_017025028.2	100.000	21	0	0	1	21	2084	2064	2.1	39.2
Query_9191	XM_024450920.1	100.000	21	0	0	1	21	2219	2199	2.1	39.2
Query_9191	XM_016930786.2	100.000	21	0	0	1	21	1628	1608	2.1	39.2
Query_9191	XM_511449.7	100.000	21	0	0	1	21	1366	1346	2.1	39.2
Query_9191	XM_016930785.2	100.000	21	0	0	1	21	1493	1473	2.1	39.2
Query_9191	XM_016930783.2	100.000	21	0	0	1	21	1628	1608	2.1	39.2
Query_9191	XM_024235073.1	100.000	21	0	0	1	21	1633	1613	2.1	39.2
Query_9191	XM_004378020.2	100.000	21	0	0	1	21	1638	1618	2.1	39.2
Query_9191	XM_004378019.3	100.000	21	0	0	1	21	1502	1482	2.1	39.2
Query_9191	XM_012555960.2	100.000	21	0	0	1	21	1522	1502	2.1	39.2
Query_9191	XM_023204280.1	100.000	21	0	0	1	21	1633	1613	2.1	39.2
Query_9191	XM_023204279.1	100.000	21	0	0	1	21	1498	1478	2.1	39.2
Query_9191	XM_021716972.1	100.000	21	0	0	1	21	815	795	2.1	39.2
Query_9191	XM_012451930.2	100.000	21	0	0	1	21	2056	2036	2.1	39.2
Query_9191	XM_012451928.2	100.000	21	0	0	1	21	2190	2170	2.1	39.2
Query_9191	XM_021646856.1	100.000	21	0	0	1	21	1514	1494	2.1	39.2
Query_9191	XM_021646855.1	100.000	21	0	0	1	21	1624	1604	2.1	39.2
Query_9191	XM_021240091.1	100.000	21	0	0	1	21	2633	2613	2.1	39.2
Query_9191	XM_021240090.1	100.000	21	0	0	1	21	1403	1383	2.1	39.2
Query_9191	XM_040268837.1	100.000	21	0	0	1	21	1476	1456	2.1	39.2
Query_9191	XM_005321766.4	100.000	21	0	0	1	21	1481	1461	2.1	39.2
Query_9191	XM_040268836.1	100.000	21	0	0	1	21	1341	1321	2.1	39.2
Query_9191	XM_005321765.3	100.000	21	0	0	1	21	1616	1596	2.1	39.2
Query_9191	XM_040268835.1	100.000	21	0	0	1	21	1476	1456	2.1	39.2
Query_9191	NM_017346.2	100.000	21	0	0	1	21	1482	1462	2.1	39.2
Query_9191	XM_003931189.2	100.000	21	0	0	1	21	1628	1608	2.1	39.2
Query_9191	XM_003931188.3	100.000	21	0	0	1	21	1493	1473	2.1	39.2
Query_9191	XM_010341811.2	100.000	21	0	0	1	21	1628	1608	2.1	39.2
Query_9191	CP068261.1	100.000	21	0	0	1	21	40041560	40041580	2.1	39.2
Query_9191	XM_039086662.1	100.000	21	0	0	1	21	706	686	2.1	39.2
Query_9191	XM_006247411.4	100.000	21	0	0	1	21	1410	1390	2.1	39.2
Query_9191	XM_006247410.3	100.000	21	0	0	1	21	1411	1391	2.1	39.2
Query_9191	XM_006247409.4	100.000	21	0	0	1	21	1632	1612	2.1	39.2
Query_9191	XM_008012881.2	100.000	21	0	0	1	21	2181	2161	2.1	39.2
Query_9191	XM_008012880.2	100.000	21	0	0	1	21	1752	1732	2.1	39.2
Query_9191	XM_037809337.1	100.000	21	0	0	1	21	1460	1440	2.1	39.2
Query_9191	XM_017497262.2	100.000	21	0	0	1	21	1633	1613	2.1	39.2
Query_9191	XM_017497261.2	100.000	21	0	0	1	21	1361	1341	2.1	39.2
Query_9191	XM_017497260.2	100.000	21	0	0	1	21	1498	1478	2.1	39.2
Query_9191	XM_017497259.2	100.000	21	0	0	1	21	1633	1613	2.1	39.2
Query_9191	AP023477.1	100.000	21	0	0	1	21	36930305	36930325	2.1	39.2
Query_9191	XM_030245500.2	100.000	21	0	0	1	21	1478	1458	2.1	39.2
Query_9191	XM_036156255.1	100.000	21	0	0	1	21	2655	2635	2.1	39.2
Query_9191	XM_006532092.4	100.000	21	0	0	1	21	1353	1333	2.1	39.2
Query_9191	XM_006532091.4	100.000	21	0	0	1	21	1488	1468	2.1	39.2
Query_9191	LR877227.1	100.000	21	0	0	1	21	24403772	24403792	2.1	39.2
Query_9191	XM_035303317.1	100.000	21	0	0	1	21	1654	1634	2.1	39.2
Query_9191	XM_035303315.1	100.000	21	0	0	1	21	1395	1375	2.1	39.2
Query_9191	XM_002806857.4	100.000	21	0	0	1	21	1542	1522	2.1	39.2
Query_9191	XM_035303314.1	100.000	21	0	0	1	21	1531	1511	2.1	39.2
Query_9191	XM_035303313.1	100.000	21	0	0	1	21	1656	1636	2.1	39.2
Query_9191	XM_035303312.1	100.000	21	0	0	1	21	1681	1661	2.1	39.2


