# blastn
# Iteration: 0
# Query: 
# RID: 7RF8SM24013
# Database: nt
# Fields: query acc.ver, subject acc.ver, % identity, alignment length, mismatches, gap opens, q. start, q. end, s. start, s. end, evalue, bit score
# 100 hits found
Query_33391	XM_034934228.1	100.000	21	0	0	1	21	268	248	2.1	39.2
Query_33391	XM_033852661.1	100.000	21	0	0	1	21	163	143	2.1	39.2
Query_33391	XM_019952685.2	100.000	21	0	0	1	21	238	218	2.1	39.2
Query_33391	XM_004269543.2	100.000	21	0	0	1	21	238	218	2.1	39.2
Query_33391	XM_033198009.1	100.000	21	0	0	1	21	178	158	2.1	39.2
Query_33391	XM_033221080.1	100.000	21	0	0	1	21	489	469	2.1	39.2
Query_33391	XM_033214565.1	100.000	21	0	0	1	21	159	139	2.1	39.2
Query_33391	XM_033211739.1	100.000	21	0	0	1	21	159	139	2.1	39.2
Query_33391	XM_032874219.1	100.000	21	0	0	1	21	130	110	2.1	39.2
Query_33391	XM_032874218.1	100.000	21	0	0	1	21	239	219	2.1	39.2
Query_33391	XM_032868016.1	100.000	21	0	0	1	21	192	172	2.1	39.2
Query_33391	XM_032865168.1	100.000	21	0	0	1	21	136	116	2.1	39.2
Query_33391	XM_032860947.1	100.000	21	0	0	1	21	180	160	2.1	39.2
Query_33391	XM_032858151.1	100.000	21	0	0	1	21	159	139	2.1	39.2
Query_33391	XM_032852331.1	100.000	21	0	0	1	21	160	140	2.1	39.2
Query_33391	XM_032845260.1	100.000	21	0	0	1	21	156	136	2.1	39.2
Query_33391	XM_032646382.1	100.000	21	0	0	1	21	234	214	2.1	39.2
Query_33391	XM_032613568.1	100.000	21	0	0	1	21	154	134	2.1	39.2
Query_33391	XM_032331340.1	100.000	21	0	0	1	21	211	191	2.1	39.2
Query_33391	XM_032353737.1	100.000	21	0	0	1	21	174	154	2.1	39.2
Query_33391	XM_032346850.1	100.000	21	0	0	1	21	174	154	2.1	39.2
Query_33391	XM_032346781.1	100.000	21	0	0	1	21	130	110	2.1	39.2
Query_33391	XM_032346780.1	100.000	21	0	0	1	21	474	454	2.1	39.2
Query_33391	XM_032310623.1	100.000	21	0	0	1	21	178	158	2.1	39.2
Query_33391	XM_032266981.1	100.000	21	0	0	1	21	132	112	2.1	39.2
Query_33391	XM_032247205.1	100.000	21	0	0	1	21	159	139	2.1	39.2
Query_33391	XM_032239288.1	100.000	21	0	0	1	21	162	142	2.1	39.2
Query_33391	XR_004273138.1	100.000	21	0	0	1	21	166	146	2.1	39.2
Query_33391	XM_032281132.1	100.000	21	0	0	1	21	211	191	2.1	39.2
Query_33391	XM_032298275.1	100.000	21	0	0	1	21	127	107	2.1	39.2
Query_33391	XM_032297803.1	100.000	21	0	0	1	21	203	183	2.1	39.2
Query_33391	XM_032297792.1	100.000	21	0	0	1	21	486	466	2.1	39.2
Query_33391	XM_032279900.1	100.000	21	0	0	1	21	186	166	2.1	39.2
Query_33391	XM_032140999.1	100.000	21	0	0	1	21	152	132	2.1	39.2
Query_33391	XM_032170900.1	100.000	21	0	0	1	21	504	484	2.1	39.2
Query_33391	LR738417.1	100.000	21	0	0	1	21	44122367	44122347	2.1	39.2
Query_33391	XM_026449654.2	100.000	21	0	0	1	21	192	172	2.1	39.2
Query_33391	XM_003906952.4	100.000	21	0	0	1	21	489	469	2.1	39.2
Query_33391	XM_017960125.3	100.000	21	0	0	1	21	167	147	2.1	39.2
Query_33391	XR_004179373.1	100.000	21	0	0	1	21	152	132	2.1	39.2
Query_33391	XM_031016537.1	100.000	21	0	0	1	21	505	485	2.1	39.2
Query_33391	XM_030937065.1	100.000	21	0	0	1	21	170	150	2.1	39.2
Query_33391	XM_010386804.2	100.000	21	0	0	1	21	160	140	2.1	39.2
Query_33391	XM_010367358.2	100.000	21	0	0	1	21	127	107	2.1	39.2
Query_33391	XM_030925392.1	100.000	21	0	0	1	21	132	112	2.1	39.2
Query_33391	XM_010383933.2	100.000	21	0	0	1	21	494	474	2.1	39.2
Query_33391	XM_030856397.1	100.000	21	0	0	1	21	239	219	2.1	39.2
Query_33391	XM_003259664.3	100.000	21	0	0	1	21	507	487	2.1	39.2
Query_33391	XM_022552404.2	100.000	21	0	0	1	21	214	194	2.1	39.2
Query_33391	XM_022576165.2	100.000	21	0	0	1	21	197	177	2.1	39.2
Query_33391	XM_029206082.1	100.000	21	0	0	1	21	219	199	2.1	39.2
Query_33391	XM_029238678.1	100.000	21	0	0	1	21	127	107	2.1	39.2
Query_33391	XM_029239115.1	100.000	21	0	0	1	21	154	134	2.1	39.2
Query_33391	XM_015140068.2	100.000	21	0	0	1	21	159	139	2.1	39.2
Query_33391	XR_003723674.1	100.000	21	0	0	1	21	126	106	2.1	39.2
Query_33391	XM_028829000.1	100.000	21	0	0	1	21	489	469	2.1	39.2
Query_33391	XM_028490437.1	100.000	21	0	0	1	21	166	146	2.1	39.2
Query_33391	NG_031850.4	100.000	21	0	0	1	21	290	270	2.1	39.2
Query_33391	NM_003348.4	100.000	21	0	0	1	21	190	170	2.1	39.2
Query_33391	XM_027107185.1	100.000	21	0	0	1	21	455	435	2.1	39.2
Query_33391	XM_023224645.2	100.000	21	0	0	1	21	486	466	2.1	39.2
Query_33391	XM_028168714.1	100.000	21	0	0	1	21	153	133	2.1	39.2
Query_33391	CP034492.1	100.000	21	0	0	1	21	3080409	3080429	2.1	39.2
Query_33391	XM_025360329.1	100.000	21	0	0	1	21	169	149	2.1	39.2
Query_33391	XM_025401796.1	100.000	21	0	0	1	21	494	474	2.1	39.2
Query_33391	XM_025401795.1	100.000	21	0	0	1	21	440	420	2.1	39.2
Query_33391	XM_025401794.1	100.000	21	0	0	1	21	494	474	2.1	39.2
Query_33391	XM_011772093.2	100.000	21	0	0	1	21	160	140	2.1	39.2
Query_33391	XM_024768263.1	100.000	21	0	0	1	21	127	107	2.1	39.2
Query_33391	XM_024754392.1	100.000	21	0	0	1	21	234	214	2.1	39.2
Query_33391	XR_002957379.1	100.000	21	0	0	1	21	579	559	2.1	39.2
Query_33391	XM_001139171.5	100.000	21	0	0	1	21	505	485	2.1	39.2
Query_33391	XM_016923983.2	100.000	21	0	0	1	21	603	583	2.1	39.2
Query_33391	XM_016923982.2	100.000	21	0	0	1	21	700	680	2.1	39.2
Query_33391	XM_024121558.1	100.000	21	0	0	1	21	127	107	2.1	39.2
Query_33391	XM_023184838.1	100.000	21	0	0	1	21	127	107	2.1	39.2
Query_33391	XM_023230313.1	100.000	21	0	0	1	21	159	139	2.1	39.2
Query_33391	XM_023218745.1	100.000	21	0	0	1	21	127	107	2.1	39.2
Query_33391	XM_023209859.1	100.000	21	0	0	1	21	127	107	2.1	39.2
Query_33391	XM_022584847.1	100.000	21	0	0	1	21	159	139	2.1	39.2
Query_33391	XM_022495277.1	100.000	21	0	0	1	21	205	185	2.1	39.2
Query_33391	XM_012473037.2	100.000	21	0	0	1	21	183	163	2.1	39.2
Query_33391	XM_039471644.1	100.000	21	0	0	1	21	487	467	2.1	39.2
Query_33391	XM_039471344.1	100.000	21	0	0	1	21	127	107	2.1	39.2
Query_33391	XM_039471339.1	100.000	21	0	0	1	21	159	139	2.1	39.2
Query_33391	XM_038008386.1	100.000	21	0	0	1	21	161	141	2.1	39.2
Query_33391	XM_008004246.2	100.000	21	0	0	1	21	488	468	2.1	39.2
Query_33391	XM_038005196.1	100.000	21	0	0	1	21	171	151	2.1	39.2
Query_33391	XM_017502871.2	100.000	21	0	0	1	21	158	138	2.1	39.2
Query_33391	XM_017541827.2	100.000	21	0	0	1	21	153	133	2.1	39.2
Query_33391	XM_017534874.2	100.000	21	0	0	1	21	162	142	2.1	39.2
Query_33391	XM_036866061.1	100.000	21	0	0	1	21	261	241	2.1	39.2
Query_33391	XM_036305699.1	100.000	21	0	0	1	21	127	107	2.1	39.2
Query_33391	XM_009004044.4	100.000	21	0	0	1	21	198	178	2.1	39.2
Query_33391	XM_035257336.1	100.000	21	0	0	1	21	127	107	2.1	39.2
Query_33391	XM_035258513.1	100.000	21	0	0	1	21	179	159	2.1	39.2
Query_33391	XM_009004364.3	100.000	21	0	0	1	21	206	186	2.1	39.2
Query_33391	XM_009002552.3	100.000	21	0	0	1	21	160	140	2.1	39.2
Query_33391	XM_002751685.5	100.000	21	0	0	1	21	191	171	2.1	39.2
Query_33391	XM_035280129.1	100.000	21	0	0	1	21	156	136	2.1	39.2


