# blastn
# Iteration: 0
# Query: 
# RID: 6X4U5KME01R
# Database: nt
# Fields: query acc.ver, subject acc.ver, % identity, alignment length, mismatches, gap opens, q. start, q. end, s. start, s. end, evalue, bit score
# 103 hits found
Query_459517	XM_005335540.4	100.000	21	0	0	1	21	262	242	2.0	39.2
Query_459517	XM_040281818.1	100.000	21	0	0	1	21	259	239	2.0	39.2
Query_459517	XM_040234415.1	100.000	21	0	0	1	21	385	365	2.0	39.2
Query_459517	XM_040062293.1	100.000	21	0	0	1	21	327	307	2.0	39.2
Query_459517	XM_040025370.1	100.000	21	0	0	1	21	349	329	2.0	39.2
Query_459517	XM_029079248.2	100.000	21	0	0	1	21	325	305	2.0	39.2
Query_459517	HG994417.1	100.000	21	0	0	1	21	2974256	2974276	2.0	39.2
Query_459517	HG994408.1	100.000	21	0	0	1	21	41251051	41251031	2.0	39.2
Query_459517	HG994406.1	100.000	21	0	0	1	21	8450799	8450819	2.0	39.2
Query_459517	HG994406.1	100.000	21	0	0	1	21	33877691	33877711	2.0	39.2
Query_459517	HG994406.1	100.000	21	0	0	1	21	42329200	42329220	2.0	39.2
Query_459517	HG994405.1	100.000	21	0	0	1	21	37623643	37623623	2.0	39.2
Query_459517	HG994400.1	100.000	21	0	0	1	21	50112169	50112149	2.0	39.2
Query_459517	HG994397.1	100.000	21	0	0	1	21	60009831	60009811	2.0	39.2
Query_459517	HG994397.1	100.000	21	0	0	1	21	60951327	60951307	2.0	39.2
Query_459517	HG994395.1	100.000	21	0	0	1	21	35168687	35168707	2.0	39.2
Query_459517	HG994394.1	100.000	21	0	0	1	21	23149475	23149455	2.0	39.2
Query_459517	HG994393.1	100.000	21	0	0	1	21	43965430	43965450	2.0	39.2
Query_459517	HG994389.1	100.000	21	0	0	1	21	50959645	50959665	2.0	39.2
Query_459517	HG994388.1	100.000	21	0	0	1	21	10477501	10477481	2.0	39.2
Query_459517	HG994385.1	100.000	21	0	0	1	21	54981952	54981932	2.0	39.2
Query_459517	HG994384.1	100.000	21	0	0	1	21	29999875	29999895	2.0	39.2
Query_459517	XM_039703954.1	100.000	21	0	0	1	21	333	313	2.0	39.2
Query_459517	XM_031759344.2	100.000	21	0	0	1	21	336	316	2.0	39.2
Query_459517	XM_039570592.1	100.000	21	0	0	1	21	301	281	2.0	39.2
Query_459517	XM_039496494.1	100.000	21	0	0	1	21	478	458	2.0	39.2
Query_459517	XM_039496491.1	100.000	21	0	0	1	21	386	366	2.0	39.2
Query_459517	XM_039475258.1	100.000	21	0	0	1	21	226	206	2.0	39.2
Query_459517	XM_039471644.1	100.000	21	0	0	1	21	586	566	2.0	39.2
Query_459517	XM_039471339.1	100.000	21	0	0	1	21	258	238	2.0	39.2
Query_459517	XM_027732241.2	100.000	21	0	0	1	21	377	357	2.0	39.2
Query_459517	XM_039358175.1	100.000	21	0	0	1	21	343	323	2.0	39.2
Query_459517	NG_030475.3	100.000	21	0	0	1	21	383	363	2.0	39.2
Query_459517	XM_039225835.1	100.000	21	0	0	1	21	37	17	2.0	39.2
Query_459517	XM_039238873.1	100.000	21	0	0	1	21	288	268	2.0	39.2
Query_459517	XM_039236607.1	100.000	21	0	0	1	21	314	294	2.0	39.2
Query_459517	XM_017596932.2	100.000	21	0	0	1	21	391	371	2.0	39.2
Query_459517	XM_038677314.1	100.000	21	0	0	1	21	242	222	2.0	39.2
Query_459517	XM_038667664.1	100.000	21	0	0	1	21	322	302	2.0	39.2
Query_459517	XM_038444630.1	100.000	21	0	0	1	21	220	200	2.0	39.2
Query_459517	XM_038441557.1	100.000	21	0	0	1	21	257	237	2.0	39.2
Query_459517	XM_038439592.1	100.000	21	0	0	1	21	490	470	2.0	39.2
Query_459517	XM_038432613.1	100.000	21	0	0	1	21	202	182	2.0	39.2
Query_459517	XM_038431898.1	100.000	21	0	0	1	21	236	216	2.0	39.2
Query_459517	XM_038429925.1	100.000	21	0	0	1	21	233	213	2.0	39.2
Query_459517	XM_038686021.1	100.000	21	0	0	1	21	448	428	2.0	39.2
Query_459517	XM_038684749.1	100.000	21	0	0	1	21	497	477	2.0	39.2
Query_459517	XM_003435294.4	100.000	21	0	0	1	21	242	222	2.0	39.2
Query_459517	XM_038535473.1	100.000	21	0	0	1	21	331	311	2.0	39.2
Query_459517	XM_038462342.1	100.000	21	0	0	1	21	220	200	2.0	39.2
Query_459517	XM_014109332.3	100.000	21	0	0	1	21	257	237	2.0	39.2
Query_459517	XM_022411083.2	100.000	21	0	0	1	21	490	470	2.0	39.2
Query_459517	XM_003433108.5	100.000	21	0	0	1	21	236	216	2.0	39.2
Query_459517	XM_014122538.3	100.000	21	0	0	1	21	226	206	2.0	39.2
Query_459517	XM_038430292.1	100.000	21	0	0	1	21	440	420	2.0	39.2
Query_459517	XM_038756364.1	100.000	21	0	0	1	21	296	276	2.0	39.2
Query_459517	XM_038388051.1	100.000	21	0	0	1	21	493	473	2.0	39.2
Query_459517	XM_038333384.1	100.000	21	0	0	1	21	292	272	2.0	39.2
Query_459517	XM_038314678.1	100.000	21	0	0	1	21	380	360	2.0	39.2
Query_459517	XM_027451950.2	100.000	21	0	0	1	21	418	398	2.0	39.2
Query_459517	XM_038153061.1	100.000	21	0	0	1	21	341	321	2.0	39.2
Query_459517	XM_007992884.2	100.000	21	0	0	1	21	226	206	2.0	39.2
Query_459517	XM_008004246.2	100.000	21	0	0	1	21	587	567	2.0	39.2
Query_459517	XM_038005196.1	100.000	21	0	0	1	21	276	256	2.0	39.2
Query_459517	XM_007069234.3	100.000	21	0	0	1	21	341	321	2.0	39.2
Query_459517	XM_017502871.2	100.000	21	0	0	1	21	257	237	2.0	39.2
Query_459517	XM_037522123.1	100.000	21	0	0	1	21	346	326	2.0	39.2
Query_459517	XM_037513877.1	100.000	21	0	0	1	21	395	375	2.0	39.2
Query_459517	XM_037388046.1	100.000	21	0	0	1	21	329	309	2.0	39.2
Query_459517	XM_028855698.2	100.000	21	0	0	1	21	332	312	2.0	39.2
Query_459517	XM_037196800.1	100.000	21	0	0	1	21	378	358	2.0	39.2
Query_459517	XM_037146140.1	100.000	21	0	0	1	21	414	394	2.0	39.2
Query_459517	XM_037064672.1	100.000	21	0	0	1	21	413	393	2.0	39.2
Query_459517	XM_037023059.1	100.000	21	0	0	1	21	378	358	2.0	39.2
Query_459517	XM_037012614.1	100.000	21	0	0	1	21	226	206	2.0	39.2
Query_459517	XM_036891225.1	100.000	21	0	0	1	21	397	377	2.0	39.2
Query_459517	XM_036879049.1	100.000	21	0	0	1	21	226	206	2.0	39.2
Query_459517	XM_036917115.1	100.000	21	0	0	1	21	257	237	2.0	39.2
Query_459517	XM_036866061.1	100.000	21	0	0	1	21	360	340	2.0	39.2
Query_459517	XM_036760782.1	100.000	21	0	0	1	21	202	182	2.0	39.2
Query_459517	XM_036760402.1	100.000	21	0	0	1	21	413	393	2.0	39.2
Query_459517	XR_004991539.1	100.000	21	0	0	1	21	416	396	2.0	39.2
Query_459517	XM_036458685.1	100.000	21	0	0	1	21	413	393	2.0	39.2
Query_459517	XM_036400770.1	100.000	21	0	0	1	21	313	293	2.0	39.2
Query_459517	XM_036305925.1	100.000	21	0	0	1	21	256	236	2.0	39.2
Query_459517	XM_036302016.1	100.000	21	0	0	1	21	248	228	2.0	39.2
Query_459517	XM_036297571.1	100.000	21	0	0	1	21	411	391	2.0	39.2
Query_459517	XR_004965807.1	100.000	21	0	0	1	21	411	391	2.0	39.2
Query_459517	XM_036297570.1	100.000	21	0	0	1	21	404	384	2.0	39.2
Query_459517	XM_036247340.1	100.000	21	0	0	1	21	260	240	2.0	39.2
Query_459517	XM_036252541.1	100.000	21	0	0	1	21	318	298	2.0	39.2
Query_459517	XM_036170059.1	100.000	21	0	0	1	21	415	395	2.0	39.2
Query_459517	XM_006514344.5	100.000	21	0	0	1	21	560	540	2.0	39.2
Query_459517	XM_036094585.1	100.000	21	0	0	1	21	361	341	2.0	39.2
Query_459517	XM_036089977.1	100.000	21	0	0	1	21	385	365	2.0	39.2
Query_459517	XM_036079636.1	100.000	21	0	0	1	21	247	227	2.0	39.2
Query_459517	XM_036078433.1	100.000	21	0	0	1	21	461	441	2.0	39.2
Query_459517	XR_004911609.1	100.000	21	0	0	1	21	341	321	2.0	39.2
Query_459517	XM_036102179.1	100.000	21	0	0	1	21	259	239	2.0	39.2
Query_459517	XM_036077454.1	100.000	21	0	0	1	21	359	339	2.0	39.2
Query_459517	XM_028518699.2	100.000	21	0	0	1	21	240	220	2.0	39.2
Query_459517	XM_028513106.2	100.000	21	0	0	1	21	251	231	2.0	39.2
Query_459517	XM_006789537.2	100.000	21	0	0	1	21	314	294	2.0	39.2


