# blastn
# Iteration: 0
# Query: 
# RID: 7PSGR6JR016
# Database: nt
# Fields: query acc.ver, subject acc.ver, % identity, alignment length, mismatches, gap opens, q. start, q. end, s. start, s. end, evalue, bit score
# 100 hits found
Query_8427	XM_035021105.1	100.000	21	0	0	1	21	562	542	2.1	39.2
Query_8427	XM_035021104.1	100.000	21	0	0	1	21	434	414	2.1	39.2
Query_8427	XM_035021102.1	100.000	21	0	0	1	21	747	727	2.1	39.2
Query_8427	XM_034967007.1	100.000	21	0	0	1	21	89	69	2.1	39.2
Query_8427	XM_003813487.3	100.000	21	0	0	1	21	719	699	2.1	39.2
Query_8427	XR_004644886.1	100.000	21	0	0	1	21	559	539	2.1	39.2
Query_8427	XM_034763868.1	100.000	21	0	0	1	21	559	539	2.1	39.2
Query_8427	XM_034672035.1	100.000	21	0	0	1	21	667	647	2.1	39.2
Query_8427	XM_011230345.3	100.000	21	0	0	1	21	747	727	2.1	39.2
Query_8427	XM_034519060.1	100.000	21	0	0	1	21	736	716	2.1	39.2
Query_8427	XM_040471982.1	100.000	21	0	0	1	21	752	732	2.1	39.2
Query_8427	XM_040471981.1	100.000	21	0	0	1	21	353	333	2.1	39.2
Query_8427	XM_040471980.1	100.000	21	0	0	1	21	795	775	2.1	39.2
Query_8427	XM_040259625.1	100.000	21	0	0	1	21	188	168	2.1	39.2
Query_8427	XM_040259624.1	100.000	21	0	0	1	21	346	326	2.1	39.2
Query_8427	XM_040259623.1	100.000	21	0	0	1	21	369	349	2.1	39.2
Query_8427	XM_040259622.1	100.000	21	0	0	1	21	745	725	2.1	39.2
Query_8427	XM_029074222.2	100.000	21	0	0	1	21	354	334	2.1	39.2
Query_8427	XM_029074221.2	100.000	21	0	0	1	21	374	354	2.1	39.2
Query_8427	XM_039860867.1	100.000	21	0	0	1	21	423	403	2.1	39.2
Query_8427	XM_039860865.1	100.000	21	0	0	1	21	747	727	2.1	39.2
Query_8427	XR_005592631.1	100.000	21	0	0	1	21	560	540	2.1	39.2
Query_8427	XM_039519883.1	100.000	21	0	0	1	21	560	540	2.1	39.2
Query_8427	XM_003921004.3	100.000	21	0	0	1	21	722	702	2.1	39.2
Query_8427	XM_039242778.1	100.000	21	0	0	1	21	736	716	2.1	39.2
Query_8427	XM_038686155.1	100.000	21	0	0	1	21	742	722	2.1	39.2
Query_8427	XM_038686152.1	100.000	21	0	0	1	21	385	365	2.1	39.2
Query_8427	XM_038686151.1	100.000	21	0	0	1	21	733	713	2.1	39.2
Query_8427	XM_038433990.1	100.000	21	0	0	1	21	742	722	2.1	39.2
Query_8427	XM_022427231.2	100.000	21	0	0	1	21	385	365	2.1	39.2
Query_8427	XM_852326.6	100.000	21	0	0	1	21	733	713	2.1	39.2
Query_8427	XM_038752154.1	100.000	21	0	0	1	21	280	260	2.1	39.2
Query_8427	XM_038752153.1	100.000	21	0	0	1	21	480	460	2.1	39.2
Query_8427	XM_038367729.1	100.000	21	0	0	1	21	509	489	2.1	39.2
Query_8427	XM_038422815.1	100.000	21	0	0	1	21	779	759	2.1	39.2
Query_8427	XM_038422730.1	100.000	21	0	0	1	21	856	836	2.1	39.2
Query_8427	XM_038422645.1	100.000	21	0	0	1	21	576	556	2.1	39.2
Query_8427	XR_005295730.1	100.000	21	0	0	1	21	548	528	2.1	39.2
Query_8427	XM_038422516.1	100.000	21	0	0	1	21	548	528	2.1	39.2
Query_8427	XM_007982899.2	100.000	21	0	0	1	21	727	707	2.1	39.2
Query_8427	XM_037889413.1	100.000	21	0	0	1	21	281	261	2.1	39.2
Query_8427	XR_005223828.1	100.000	21	0	0	1	21	562	542	2.1	39.2
Query_8427	XM_037889412.1	100.000	21	0	0	1	21	562	542	2.1	39.2
Query_8427	XM_037836169.1	100.000	21	0	0	1	21	1205	1185	2.1	39.2
Query_8427	XM_037836167.1	100.000	21	0	0	1	21	744	724	2.1	39.2
Query_8427	XM_037836166.1	100.000	21	0	0	1	21	841	821	2.1	39.2
Query_8427	XM_037739999.1	100.000	21	0	0	1	21	192	172	2.1	39.2
Query_8427	XM_017532568.2	100.000	21	0	0	1	21	307	287	2.1	39.2
Query_8427	XM_017532566.2	100.000	21	0	0	1	21	720	700	2.1	39.2
Query_8427	XM_037513136.1	100.000	21	0	0	1	21	238	218	2.1	39.2
Query_8427	XM_037513130.1	100.000	21	0	0	1	21	191	171	2.1	39.2
Query_8427	XM_037513121.1	100.000	21	0	0	1	21	333	313	2.1	39.2
Query_8427	XM_037513116.1	100.000	21	0	0	1	21	497	477	2.1	39.2
Query_8427	XM_037513112.1	100.000	21	0	0	1	21	1041	1021	2.1	39.2
Query_8427	XM_037513104.1	100.000	21	0	0	1	21	307	287	2.1	39.2
Query_8427	XM_037513092.1	100.000	21	0	0	1	21	391	371	2.1	39.2
Query_8427	XM_037388374.1	100.000	21	0	0	1	21	116	96	2.1	39.2
Query_8427	XM_037388372.1	100.000	21	0	0	1	21	676	656	2.1	39.2
Query_8427	XM_037388370.1	100.000	21	0	0	1	21	345	325	2.1	39.2
Query_8427	XM_037388369.1	100.000	21	0	0	1	21	749	729	2.1	39.2
Query_8427	XM_028866182.2	100.000	21	0	0	1	21	323	303	2.1	39.2
Query_8427	XM_037049208.1	100.000	21	0	0	1	21	277	257	2.1	39.2
Query_8427	XM_037049206.1	100.000	21	0	0	1	21	284	264	2.1	39.2
Query_8427	XM_037049205.1	100.000	21	0	0	1	21	751	731	2.1	39.2
Query_8427	XM_037019485.1	100.000	21	0	0	1	21	284	264	2.1	39.2
Query_8427	XM_036909040.1	100.000	21	0	0	1	21	754	734	2.1	39.2
Query_8427	XM_036862830.1	100.000	21	0	0	1	21	622	602	2.1	39.2
Query_8427	XM_036862829.1	100.000	21	0	0	1	21	311	291	2.1	39.2
Query_8427	XM_036426873.1	100.000	21	0	0	1	21	359	339	2.1	39.2
Query_8427	XM_036426854.1	100.000	21	0	0	1	21	762	742	2.1	39.2
Query_8427	XM_036328704.1	100.000	21	0	0	1	21	574	554	2.1	39.2
Query_8427	XM_036328703.1	100.000	21	0	0	1	21	308	288	2.1	39.2
Query_8427	XM_036328700.1	100.000	21	0	0	1	21	275	255	2.1	39.2
Query_8427	XM_036328699.1	100.000	21	0	0	1	21	644	624	2.1	39.2
Query_8427	XM_036328698.1	100.000	21	0	0	1	21	350	330	2.1	39.2
Query_8427	XM_036246610.1	100.000	21	0	0	1	21	385	365	2.1	39.2
Query_8427	XM_036246609.1	100.000	21	0	0	1	21	520	500	2.1	39.2
Query_8427	XM_036246608.1	100.000	21	0	0	1	21	365	345	2.1	39.2
Query_8427	XM_036246607.1	100.000	21	0	0	1	21	384	364	2.1	39.2
Query_8427	XM_036246603.1	100.000	21	0	0	1	21	278	258	2.1	39.2
Query_8427	XM_036246602.1	100.000	21	0	0	1	21	284	264	2.1	39.2
Query_8427	XM_036246601.1	100.000	21	0	0	1	21	302	282	2.1	39.2
Query_8427	XM_036246600.1	100.000	21	0	0	1	21	356	336	2.1	39.2
Query_8427	XM_016148711.2	100.000	21	0	0	1	21	741	721	2.1	39.2
Query_8427	XM_036181344.1	100.000	21	0	0	1	21	765	745	2.1	39.2
Query_8427	XM_036101282.1	100.000	21	0	0	1	21	548	528	2.1	39.2
Query_8427	XM_036101281.1	100.000	21	0	0	1	21	510	490	2.1	39.2
Query_8427	XM_036101279.1	100.000	21	0	0	1	21	756	736	2.1	39.2
Query_8427	XM_036101278.1	100.000	21	0	0	1	21	701	681	2.1	39.2
Query_8427	XM_036101277.1	100.000	21	0	0	1	21	753	733	2.1	39.2
Query_8427	XM_028525332.2	100.000	21	0	0	1	21	751	731	2.1	39.2
Query_8427	XM_025471634.2	100.000	21	0	0	1	21	475	455	2.1	39.2
Query_8427	XM_025471633.2	100.000	21	0	0	1	21	518	498	2.1	39.2
Query_8427	XM_025471630.2	100.000	21	0	0	1	21	420	400	2.1	39.2
Query_8427	XM_025471629.2	100.000	21	0	0	1	21	733	713	2.1	39.2
Query_8427	XM_027391394.2	100.000	21	0	0	1	21	517	497	2.1	39.2
Query_8427	XM_035441534.1	100.000	21	0	0	1	21	246	226	2.1	39.2
Query_8427	XM_035254744.1	100.000	21	0	0	1	21	311	291	2.1	39.2
Query_8427	XM_035254741.1	100.000	21	0	0	1	21	733	713	2.1	39.2
Query_8427	XM_002756944.5	100.000	21	0	0	1	21	683	663	2.1	39.2


