# blastn
# Iteration: 0
# Query: 
# RID: 7JH2VFGX013
# Database: nt
# Fields: query acc.ver, subject acc.ver, % identity, alignment length, mismatches, gap opens, q. start, q. end, s. start, s. end, evalue, bit score
# 100 hits found
Query_47415	XM_034932122.1	100.000	21	0	0	1	21	3656	3636	2.1	39.2
Query_47415	XM_034932121.1	100.000	21	0	0	1	21	3698	3678	2.1	39.2
Query_47415	XM_034932120.1	100.000	21	0	0	1	21	3308	3288	2.1	39.2
Query_47415	XM_034932119.1	100.000	21	0	0	1	21	3584	3564	2.1	39.2
Query_47415	XM_034932117.1	100.000	21	0	0	1	21	3394	3374	2.1	39.2
Query_47415	XM_034932116.1	100.000	21	0	0	1	21	3656	3636	2.1	39.2
Query_47415	XM_034932115.1	100.000	21	0	0	1	21	3656	3636	2.1	39.2
Query_47415	XM_027942433.2	100.000	21	0	0	1	21	3665	3645	2.1	39.2
Query_47415	XM_033862512.1	100.000	21	0	0	1	21	3657	3637	2.1	39.2
Query_47415	XM_033404430.1	100.000	21	0	0	1	21	3598	3578	2.1	39.2
Query_47415	XM_033207623.1	100.000	21	0	0	1	21	3708	3688	2.1	39.2
Query_47415	XR_004436191.1	100.000	21	0	0	1	21	3589	3569	2.1	39.2
Query_47415	XM_033207622.1	100.000	21	0	0	1	21	3707	3687	2.1	39.2
Query_47415	XM_032853438.1	100.000	21	0	0	1	21	3406	3386	2.1	39.2
Query_47415	XM_032853436.1	100.000	21	0	0	1	21	3407	3387	2.1	39.2
Query_47415	XM_032853435.1	100.000	21	0	0	1	21	3333	3313	2.1	39.2
Query_47415	XM_032853434.1	100.000	21	0	0	1	21	3405	3385	2.1	39.2
Query_47415	XM_032166649.2	100.000	21	0	0	1	21	3325	3305	2.1	39.2
Query_47415	XM_032641657.1	100.000	21	0	0	1	21	3312	3292	2.1	39.2
Query_47415	XM_032641656.1	100.000	21	0	0	1	21	3687	3667	2.1	39.2
Query_47415	XM_032357951.1	100.000	21	0	0	1	21	3478	3458	2.1	39.2
Query_47415	XM_032357949.1	100.000	21	0	0	1	21	3478	3458	2.1	39.2
Query_47415	XM_032357948.1	100.000	21	0	0	1	21	3405	3385	2.1	39.2
Query_47415	XM_032357947.1	100.000	21	0	0	1	21	3477	3457	2.1	39.2
Query_47415	XM_032240510.1	100.000	21	0	0	1	21	3533	3513	2.1	39.2
Query_47415	XM_032166651.1	100.000	21	0	0	1	21	3292	3272	2.1	39.2
Query_47415	XM_023189815.3	100.000	21	0	0	1	21	3725	3705	2.1	39.2
Query_47415	XM_023189814.3	100.000	21	0	0	1	21	3724	3704	2.1	39.2
Query_47415	XM_031653328.1	100.000	21	0	0	1	21	3712	3692	2.1	39.2
Query_47415	XR_004177484.1	100.000	21	0	0	1	21	3590	3570	2.1	39.2
Query_47415	XR_004177481.1	100.000	21	0	0	1	21	3712	3692	2.1	39.2
Query_47415	XM_031653326.1	100.000	21	0	0	1	21	3678	3658	2.1	39.2
Query_47415	XM_021926103.2	100.000	21	0	0	1	21	3712	3692	2.1	39.2
Query_47415	XM_004050666.3	100.000	21	0	0	1	21	3697	3677	2.1	39.2
Query_47415	XM_019037259.2	100.000	21	0	0	1	21	3222	3202	2.1	39.2
Query_47415	XM_019037258.2	100.000	21	0	0	1	21	3584	3564	2.1	39.2
Query_47415	XM_004050664.3	100.000	21	0	0	1	21	3697	3677	2.1	39.2
Query_47415	XM_030917678.1	100.000	21	0	0	1	21	3702	3682	2.1	39.2
Query_47415	XR_004053563.1	100.000	21	0	0	1	21	3580	3560	2.1	39.2
Query_47415	XM_030917677.1	100.000	21	0	0	1	21	3296	3276	2.1	39.2
Query_47415	XM_010384836.2	100.000	21	0	0	1	21	3702	3682	2.1	39.2
Query_47415	XM_030831337.1	100.000	21	0	0	1	21	3667	3647	2.1	39.2
Query_47415	XM_030828843.1	100.000	21	0	0	1	21	3663	3643	2.1	39.2
Query_47415	XM_030828842.1	100.000	21	0	0	1	21	3591	3571	2.1	39.2
Query_47415	XM_030828841.1	100.000	21	0	0	1	21	3697	3677	2.1	39.2
Query_47415	XM_022563186.2	100.000	21	0	0	1	21	3646	3626	2.1	39.2
Query_47415	XM_030331139.1	100.000	21	0	0	1	21	3403	3383	2.1	39.2
Query_47415	XM_030331138.1	100.000	21	0	0	1	21	3555	3535	2.1	39.2
Query_47415	NM_001348749.2	100.000	21	0	0	1	21	3590	3570	2.1	39.2
Query_47415	NM_001348750.2	100.000	21	0	0	1	21	3698	3678	2.1	39.2
Query_47415	NM_001243254.2	100.000	21	0	0	1	21	3662	3642	2.1	39.2
Query_47415	XM_029207664.1	100.000	21	0	0	1	21	1497	1477	2.1	39.2
Query_47415	XM_002799642.3	100.000	21	0	0	1	21	3477	3457	2.1	39.2
Query_47415	XR_003722662.1	100.000	21	0	0	1	21	3355	3335	2.1	39.2
Query_47415	XM_040284773.1	100.000	21	0	0	1	21	2542	2522	2.1	39.2
Query_47415	XM_040284772.1	100.000	21	0	0	1	21	3303	3283	2.1	39.2
Query_47415	XM_040258410.1	100.000	21	0	0	1	21	3660	3640	2.1	39.2
Query_47415	XM_039863542.1	100.000	21	0	0	1	21	3423	3403	2.1	39.2
Query_47415	XM_039470497.1	100.000	21	0	0	1	21	3728	3708	2.1	39.2
Query_47415	XM_039470496.1	100.000	21	0	0	1	21	3620	3600	2.1	39.2
Query_47415	XM_039470495.1	100.000	21	0	0	1	21	3728	3708	2.1	39.2
Query_47415	XM_037999737.1	100.000	21	0	0	1	21	3691	3671	2.1	39.2
Query_47415	XM_037999736.1	100.000	21	0	0	1	21	3619	3599	2.1	39.2
Query_47415	XM_008007293.2	100.000	21	0	0	1	21	3691	3671	2.1	39.2
Query_47415	XM_037840027.1	100.000	21	0	0	1	21	3628	3608	2.1	39.2
Query_47415	XM_037840026.1	100.000	21	0	0	1	21	3621	3601	2.1	39.2
Query_47415	XM_017500309.2	100.000	21	0	0	1	21	3398	3378	2.1	39.2
Query_47415	XM_037133802.1	100.000	21	0	0	1	21	3718	3698	2.1	39.2
Query_47415	XM_037050108.1	100.000	21	0	0	1	21	2873	2853	2.1	39.2
Query_47415	XM_037050107.1	100.000	21	0	0	1	21	3641	3621	2.1	39.2
Query_47415	XM_037050106.1	100.000	21	0	0	1	21	3713	3693	2.1	39.2
Query_47415	XM_036860165.1	100.000	21	0	0	1	21	3361	3341	2.1	39.2
Query_47415	XM_036860164.1	100.000	21	0	0	1	21	3433	3413	2.1	39.2
Query_47415	XM_036428615.1	100.000	21	0	0	1	21	3675	3655	2.1	39.2
Query_47415	XM_036428611.1	100.000	21	0	0	1	21	3334	3314	2.1	39.2
Query_47415	XM_036428610.1	100.000	21	0	0	1	21	3661	3641	2.1	39.2
Query_47415	XM_036428609.1	100.000	21	0	0	1	21	3656	3636	2.1	39.2
Query_47415	XM_036428607.1	100.000	21	0	0	1	21	3603	3583	2.1	39.2
Query_47415	XM_036428606.1	100.000	21	0	0	1	21	3666	3646	2.1	39.2
Query_47415	XM_036428605.1	100.000	21	0	0	1	21	3675	3655	2.1	39.2
Query_47415	XM_036325330.1	100.000	21	0	0	1	21	3646	3626	2.1	39.2
Query_47415	XM_036325327.1	100.000	21	0	0	1	21	3679	3659	2.1	39.2
Query_47415	XM_036325324.1	100.000	21	0	0	1	21	3798	3778	2.1	39.2
Query_47415	XM_036325323.1	100.000	21	0	0	1	21	3351	3331	2.1	39.2
Query_47415	XM_036325321.1	100.000	21	0	0	1	21	3797	3777	2.1	39.2
Query_47415	XM_036325320.1	100.000	21	0	0	1	21	3799	3779	2.1	39.2
Query_47415	XM_036325319.1	100.000	21	0	0	1	21	3797	3777	2.1	39.2
Query_47415	XM_036258063.1	100.000	21	0	0	1	21	3659	3639	2.1	39.2
Query_47415	XM_036258062.1	100.000	21	0	0	1	21	3363	3343	2.1	39.2
Query_47415	XM_036258061.1	100.000	21	0	0	1	21	3659	3639	2.1	39.2
Query_47415	XM_016147368.2	100.000	21	0	0	1	21	3668	3648	2.1	39.2
Query_47415	XM_036221862.1	100.000	21	0	0	1	21	3229	3209	2.1	39.2
Query_47415	XM_016147367.2	100.000	21	0	0	1	21	3668	3648	2.1	39.2
Query_47415	XM_028514394.2	100.000	21	0	0	1	21	3702	3682	2.1	39.2
Query_47415	XM_028514393.2	100.000	21	0	0	1	21	3629	3609	2.1	39.2
Query_47415	XM_028514392.2	100.000	21	0	0	1	21	3701	3681	2.1	39.2
Query_47415	LR862365.1	100.000	21	0	0	1	21	31695165	31695145	2.1	39.2
Query_47415	XM_017977897.2	100.000	21	0	0	1	21	3691	3671	2.1	39.2
Query_47415	XM_017977895.2	100.000	21	0	0	1	21	3619	3599	2.1	39.2
Query_47415	XM_002755025.4	100.000	21	0	0	1	21	3691	3671	2.1	39.2


