# blastn
# Iteration: 0
# Query: 
# RID: 72GUGGWA01R
# Database: nt
# Fields: query acc.ver, subject acc.ver, % identity, alignment length, mismatches, gap opens, q. start, q. end, s. start, s. end, evalue, bit score
# 100 hits found
Query_131557	XM_035027437.1	100.000	21	0	0	1	21	731	711	2.0	39.2
Query_131557	XM_003828171.2	100.000	21	0	0	1	21	561	541	2.0	39.2
Query_131557	AP023165.1	100.000	21	0	0	1	21	44114941	44114961	2.0	39.2
Query_131557	XM_019800199.2	100.000	21	0	0	1	21	514	494	2.0	39.2
Query_131557	XM_034506878.1	100.000	21	0	0	1	21	559	539	2.0	39.2
Query_131557	XM_033182838.1	100.000	21	0	0	1	21	517	497	2.0	39.2
Query_131557	XM_033088999.1	100.000	21	0	0	1	21	586	566	2.0	39.2
Query_131557	XM_032914271.1	100.000	21	0	0	1	21	752	732	2.0	39.2
Query_131557	XM_032849084.1	100.000	21	0	0	1	21	597	577	2.0	39.2
Query_131557	XM_032396643.1	100.000	21	0	0	1	21	517	497	2.0	39.2
Query_131557	XM_032322824.1	100.000	21	0	0	1	21	1097	1077	2.0	39.2
Query_131557	XM_032279486.1	100.000	21	0	0	1	21	2659	2639	2.0	39.2
Query_131557	LR738418.1	100.000	21	0	0	1	21	19057201	19057181	2.0	39.2
Query_131557	XM_023191497.3	100.000	21	0	0	1	21	561	541	2.0	39.2
Query_131557	NM_001194608.2	100.000	21	0	0	1	21	535	515	2.0	39.2
Query_131557	XM_003913140.4	100.000	21	0	0	1	21	2777	2757	2.0	39.2
Query_131557	XM_031352567.1	100.000	21	0	0	1	21	558	538	2.0	39.2
Query_131557	XM_004041540.3	100.000	21	0	0	1	21	561	541	2.0	39.2
Query_131557	XM_010376233.2	100.000	21	0	0	1	21	533	513	2.0	39.2
Query_131557	XM_003270772.2	100.000	21	0	0	1	21	561	541	2.0	39.2
Query_131557	XM_030294706.1	100.000	21	0	0	1	21	514	494	2.0	39.2
Query_131557	XM_029926925.1	100.000	21	0	0	1	21	545	525	2.0	39.2
Query_131557	XM_008838138.2	100.000	21	0	0	1	21	517	497	2.0	39.2
Query_131557	XM_021177535.2	100.000	21	0	0	1	21	747	727	2.0	39.2
Query_131557	AY358627.2	100.000	21	0	0	1	21	550	530	2.0	39.2
Query_131557	XM_028780721.1	100.000	21	0	0	1	21	558	538	2.0	39.2
Query_131557	NM_025237.3	100.000	21	0	0	1	21	567	547	2.0	39.2
Query_131557	XM_027048934.1	100.000	21	0	0	1	21	3095	3075	2.0	39.2
Query_131557	XM_026412429.1	100.000	21	0	0	1	21	530	510	2.0	39.2
Query_131557	XM_008149295.2	100.000	21	0	0	1	21	696	676	2.0	39.2
Query_131557	XM_027947155.1	100.000	21	0	0	1	21	514	494	2.0	39.2
Query_131557	CP034495.1	100.000	21	0	0	1	21	41832835	41832855	2.0	39.2
Query_131557	XM_025917641.1	100.000	21	0	0	1	21	514	494	2.0	39.2
Query_131557	XM_025363041.1	100.000	21	0	0	1	21	558	538	2.0	39.2
Query_131557	XM_024553481.1	100.000	21	0	0	1	21	514	494	2.0	39.2
Query_131557	XM_001153653.5	100.000	21	0	0	1	21	664	644	2.0	39.2
Query_131557	XM_002827467.3	100.000	21	0	0	1	21	558	538	2.0	39.2
Query_131557	XM_006092295.3	100.000	21	0	0	1	21	563	543	2.0	39.2
Query_131557	XM_001917501.5	100.000	21	0	0	1	21	2801	2781	2.0	39.2
Query_131557	XM_004468011.2	100.000	21	0	0	1	21	525	505	2.0	39.2
Query_131557	XM_003786295.3	100.000	21	0	0	1	21	517	497	2.0	39.2
Query_131557	XM_011289261.3	100.000	21	0	0	1	21	3488	3468	2.0	39.2
Query_131557	XM_022519797.1	100.000	21	0	0	1	21	517	497	2.0	39.2
Query_131557	XM_021681649.1	100.000	21	0	0	1	21	517	497	2.0	39.2
Query_131557	XM_021642724.1	100.000	21	0	0	1	21	517	497	2.0	39.2
Query_131557	XM_005070072.3	100.000	21	0	0	1	21	540	520	2.0	39.2
Query_131557	XM_021213746.1	100.000	21	0	0	1	21	539	519	2.0	39.2
Query_131557	LT735545.1	100.000	21	0	0	1	21	1004	984	2.0	39.2
Query_131557	XM_020180444.1	100.000	21	0	0	1	21	533	513	2.0	39.2
Query_131557	XM_019434924.1	100.000	21	0	0	1	21	3092	3072	2.0	39.2
Query_131557	XM_017892802.1	100.000	21	0	0	1	21	558	538	2.0	39.2
Query_131557	XM_006776900.2	100.000	21	0	0	1	21	545	525	2.0	39.2
Query_131557	XM_015495879.1	100.000	21	0	0	1	21	535	515	2.0	39.2
Query_131557	XM_005584371.2	100.000	21	0	0	1	21	568	548	2.0	39.2
Query_131557	XM_014849316.1	100.000	21	0	0	1	21	1117	1097	2.0	39.2
Query_131557	XM_004432532.2	100.000	21	0	0	1	21	1076	1056	2.0	39.2
Query_131557	XM_004772592.2	100.000	21	0	0	1	21	1070	1050	2.0	39.2
Query_131557	XM_012786643.1	100.000	21	0	0	1	21	815	795	2.0	39.2
Query_131557	XM_012659081.1	100.000	21	0	0	1	21	557	537	2.0	39.2
Query_131557	XM_012443855.1	100.000	21	0	0	1	21	558	538	2.0	39.2
Query_131557	XM_011720549.1	100.000	21	0	0	1	21	2711	2691	2.0	39.2
Query_131557	XM_012057895.1	100.000	21	0	0	1	21	2720	2700	2.0	39.2
Query_131557	XM_011985860.1	100.000	21	0	0	1	21	558	538	2.0	39.2
Query_131557	XM_011940053.1	100.000	21	0	0	1	21	558	538	2.0	39.2
Query_131557	XM_008542409.1	100.000	21	0	0	1	21	1117	1097	2.0	39.2
Query_131557	KJ893769.1	100.000	21	0	0	1	21	585	565	2.0	39.2
Query_131557	XM_006738798.1	100.000	21	0	0	1	21	533	513	2.0	39.2
Query_131557	NM_024449.6	100.000	21	0	0	1	21	553	533	2.0	39.2
Query_131557	XM_005369147.1	100.000	21	0	0	1	21	517	497	2.0	39.2
Query_131557	XM_004684112.1	100.000	21	0	0	1	21	517	497	2.0	39.2
Query_131557	XM_004620979.1	100.000	21	0	0	1	21	517	497	2.0	39.2
Query_131557	XM_005328089.3	100.000	21	0	0	1	21	613	593	2.0	39.2
Query_131557	XM_003943647.2	100.000	21	0	0	1	21	561	541	2.0	39.2
Query_131557	XM_039220888.1	100.000	21	0	0	1	21	569	549	2.0	39.2
Query_131557	CP068261.1	100.000	21	0	0	1	21	44608316	44608336	2.0	39.2
Query_131557	XM_038324615.1	100.000	21	0	0	1	21	517	497	2.0	39.2
Query_131557	XM_008012517.2	100.000	21	0	0	1	21	545	525	2.0	39.2
Query_131557	NM_030584.2	100.000	21	0	0	1	21	544	524	2.0	39.2
Query_131557	XM_037810786.1	100.000	21	0	0	1	21	549	529	2.0	39.2
Query_131557	XM_017516182.2	100.000	21	0	0	1	21	2353	2333	2.0	39.2
Query_131557	XM_037491595.1	100.000	21	0	0	1	21	603	583	2.0	39.2
Query_131557	XM_037069625.1	100.000	21	0	0	1	21	549	529	2.0	39.2
Query_131557	XM_036341020.1	100.000	21	0	0	1	21	548	528	2.0	39.2
Query_131557	XM_016139657.2	100.000	21	0	0	1	21	6823	6803	2.0	39.2
Query_131557	AP023477.1	100.000	21	0	0	1	21	41451506	41451526	2.0	39.2
Query_131557	XM_006534376.4	100.000	21	0	0	1	21	433	413	2.0	39.2
Query_131557	XM_036071304.1	100.000	21	0	0	1	21	728	708	2.0	39.2
Query_131557	XM_028521821.2	100.000	21	0	0	1	21	591	571	2.0	39.2
Query_131557	XM_027427937.2	100.000	21	0	0	1	21	517	497	2.0	39.2
Query_131557	XM_003504483.3	100.000	21	0	0	1	21	517	497	2.0	39.2
Query_131557	XM_035303470.1	100.000	21	0	0	1	21	597	577	2.0	39.2
Query_131557	FQ790373.1	100.000	21	0	0	1	21	234	254	2.0	39.2
Query_131557	NG_008078.2	100.000	21	0	0	1	21	8322	8302	2.0	39.2
Query_131557	BC137833.1	100.000	21	0	0	1	21	543	523	2.0	39.2
Query_131557	AC003098.2	100.000	21	0	0	1	21	5994	6014	2.0	39.2
Query_131557	AY358203.1	100.000	21	0	0	1	21	834	814	2.0	39.2
Query_131557	AF184211.1	100.000	21	0	0	1	21	276	256	2.0	39.2
Query_131557	BC101086.1	100.000	21	0	0	1	21	544	524	2.0	39.2
Query_131557	AK041382.1	100.000	21	0	0	1	21	554	534	2.0	39.2
Query_131557	AF326737.2	100.000	21	0	0	1	21	11038	11018	2.0	39.2


