# blastn
# Iteration: 0
# Query: 
# RID: 73XF4136013
# Database: nt
# Fields: query acc.ver, subject acc.ver, % identity, alignment length, mismatches, gap opens, q. start, q. end, s. start, s. end, evalue, bit score
# 92 hits found
Query_34077	XM_003825980.3	100.000	21	0	0	1	21	343	323	2.1	39.2
Query_34077	XM_032263582.1	100.000	21	0	0	1	21	362	342	2.1	39.2
Query_34077	XR_004274097.1	100.000	21	0	0	1	21	293	273	2.1	39.2
Query_34077	XM_032142236.1	100.000	21	0	0	1	21	361	341	2.1	39.2
Query_34077	XM_003253656.3	100.000	21	0	0	1	21	442	422	2.1	39.2
Query_34077	XM_030825546.1	100.000	21	0	0	1	21	206	186	2.1	39.2
Query_34077	XM_030825544.1	100.000	21	0	0	1	21	328	308	2.1	39.2
Query_34077	NM_181800.3	100.000	21	0	0	1	21	212	192	2.1	39.2
Query_34077	NM_181801.4	100.000	21	0	0	1	21	442	422	2.1	39.2
Query_34077	NM_007019.4	100.000	21	0	0	1	21	299	279	2.1	39.2
Query_34077	XM_028125651.1	100.000	21	0	0	1	21	285	265	2.1	39.2
Query_34077	XM_028122002.1	100.000	21	0	0	1	21	419	399	2.1	39.2
Query_34077	XM_028122001.1	100.000	21	0	0	1	21	1079	1059	2.1	39.2
Query_34077	XM_028122000.1	100.000	21	0	0	1	21	506	486	2.1	39.2
Query_34077	XM_028119498.1	100.000	21	0	0	1	21	285	265	2.1	39.2
Query_34077	XM_028109124.1	100.000	21	0	0	1	21	204	184	2.1	39.2
Query_34077	XM_028109123.1	100.000	21	0	0	1	21	285	265	2.1	39.2
Query_34077	XM_028109122.1	100.000	21	0	0	1	21	285	265	2.1	39.2
Query_34077	XM_028102833.1	100.000	21	0	0	1	21	166	146	2.1	39.2
Query_34077	XM_028102832.1	100.000	21	0	0	1	21	247	227	2.1	39.2
Query_34077	XM_028102831.1	100.000	21	0	0	1	21	247	227	2.1	39.2
Query_34077	CP034499.1	100.000	21	0	0	1	21	44384210	44384190	2.1	39.2
Query_34077	XM_027573401.1	100.000	21	0	0	1	21	166	146	2.1	39.2
Query_34077	XM_027573400.1	100.000	21	0	0	1	21	247	227	2.1	39.2
Query_34077	XM_027573399.1	100.000	21	0	0	1	21	247	227	2.1	39.2
Query_34077	XM_025876642.1	100.000	21	0	0	1	21	213	193	2.1	39.2
Query_34077	XM_025876641.1	100.000	21	0	0	1	21	294	274	2.1	39.2
Query_34077	XM_025876640.1	100.000	21	0	0	1	21	294	274	2.1	39.2
Query_34077	XM_025876123.1	100.000	21	0	0	1	21	213	193	2.1	39.2
Query_34077	XM_025876122.1	100.000	21	0	0	1	21	294	274	2.1	39.2
Query_34077	XM_025876121.1	100.000	21	0	0	1	21	294	274	2.1	39.2
Query_34077	XM_025875645.1	100.000	21	0	0	1	21	183	163	2.1	39.2
Query_34077	XM_025875644.1	100.000	21	0	0	1	21	269	249	2.1	39.2
Query_34077	XM_025875457.1	100.000	21	0	0	1	21	419	399	2.1	39.2
Query_34077	XM_025875456.1	100.000	21	0	0	1	21	847	827	2.1	39.2
Query_34077	XM_025875455.1	100.000	21	0	0	1	21	506	486	2.1	39.2
Query_34077	XM_025866608.1	100.000	21	0	0	1	21	166	146	2.1	39.2
Query_34077	XM_025866607.1	100.000	21	0	0	1	21	247	227	2.1	39.2
Query_34077	XM_025866606.1	100.000	21	0	0	1	21	247	227	2.1	39.2
Query_34077	XM_009443484.3	100.000	21	0	0	1	21	341	321	2.1	39.2
Query_34077	XM_001156993.5	100.000	21	0	0	1	21	603	583	2.1	39.2
Query_34077	XM_012467302.2	100.000	21	0	0	1	21	288	268	2.1	39.2
Query_34077	XM_012467301.2	100.000	21	0	0	1	21	361	341	2.1	39.2
Query_34077	XM_004062268.2	100.000	21	0	0	1	21	361	341	2.1	39.2
Query_34077	XM_514682.6	100.000	21	0	0	1	21	362	342	2.1	39.2
Query_34077	XM_012467300.1	100.000	21	0	0	1	21	361	341	2.1	39.2
Query_34077	XM_003936452.2	100.000	21	0	0	1	21	361	341	2.1	39.2
Query_34077	XM_002830362.3	100.000	21	0	0	1	21	361	341	2.1	39.2
Query_34077	XM_004414555.1	100.000	21	0	0	1	21	166	146	2.1	39.2
Query_34077	XM_004414554.1	100.000	21	0	0	1	21	247	227	2.1	39.2
Query_34077	XM_004414553.1	100.000	21	0	0	1	21	247	227	2.1	39.2
Query_34077	CP068258.1	100.000	21	0	0	1	21	47552050	47552030	2.1	39.2
Query_34077	XM_038002173.1	100.000	21	0	0	1	21	306	286	2.1	39.2
Query_34077	XM_017541241.2	100.000	21	0	0	1	21	362	342	2.1	39.2
Query_34077	XM_037739960.1	100.000	21	0	0	1	21	294	274	2.1	39.2
Query_34077	XM_017526538.2	100.000	21	0	0	1	21	64	44	2.1	39.2
Query_34077	XR_001820423.2	100.000	21	0	0	1	21	387	367	2.1	39.2
Query_34077	AP023480.1	100.000	21	0	0	1	21	43851017	43850997	2.1	39.2
Query_34077	XM_035729224.1	100.000	21	0	0	1	21	166	146	2.1	39.2
Query_34077	XM_035729223.1	100.000	21	0	0	1	21	247	227	2.1	39.2
Query_34077	XM_035729222.1	100.000	21	0	0	1	21	247	227	2.1	39.2
Query_34077	XM_035728935.1	100.000	21	0	0	1	21	347	327	2.1	39.2
Query_34077	XM_035728934.1	100.000	21	0	0	1	21	380	360	2.1	39.2
Query_34077	XM_035728933.1	100.000	21	0	0	1	21	434	414	2.1	39.2
Query_34077	XM_035728466.1	100.000	21	0	0	1	21	166	146	2.1	39.2
Query_34077	XM_035728465.1	100.000	21	0	0	1	21	247	227	2.1	39.2
Query_34077	XM_035728464.1	100.000	21	0	0	1	21	247	227	2.1	39.2
Query_34077	XM_035728175.1	100.000	21	0	0	1	21	291	271	2.1	39.2
Query_34077	XM_027606950.2	100.000	21	0	0	1	21	166	146	2.1	39.2
Query_34077	XM_027606949.2	100.000	21	0	0	1	21	247	227	2.1	39.2
Query_34077	XM_027606948.2	100.000	21	0	0	1	21	247	227	2.1	39.2
Query_34077	XM_035724662.1	100.000	21	0	0	1	21	166	146	2.1	39.2
Query_34077	XM_035724661.1	100.000	21	0	0	1	21	247	227	2.1	39.2
Query_34077	XM_035724660.1	100.000	21	0	0	1	21	247	227	2.1	39.2
Query_34077	XM_035723407.1	100.000	21	0	0	1	21	283	263	2.1	39.2
Query_34077	XM_035723019.1	100.000	21	0	0	1	21	285	265	2.1	39.2
Query_34077	XR_004734476.1	100.000	21	0	0	1	21	295	275	2.1	39.2
Query_34077	AL050348.22	100.000	21	0	0	1	21	85230	85210	2.1	39.2
Query_34077	EU831629.1	100.000	21	0	0	1	21	269	249	2.1	39.2
Query_34077	EU831714.1	100.000	21	0	0	1	21	269	249	2.1	39.2
Query_34077	AK311949.1	100.000	21	0	0	1	21	334	314	2.1	39.2
Query_34077	DQ895630.2	100.000	21	0	0	1	21	269	249	2.1	39.2
Query_34077	DQ892416.2	100.000	21	0	0	1	21	269	249	2.1	39.2
Query_34077	BC028161.1	100.000	21	0	0	1	21	906	886	2.1	39.2
Query_34077	BC016292.1	100.000	21	0	0	1	21	296	276	2.1	39.2
Query_34077	BC007656.2	100.000	21	0	0	1	21	290	270	2.1	39.2
Query_34077	BC032677.2	100.000	21	0	0	1	21	1078	1058	2.1	39.2
Query_34077	BT007300.1	100.000	21	0	0	1	21	247	227	2.1	39.2
Query_34077	BT007515.1	100.000	21	0	0	1	21	247	227	2.1	39.2
Query_34077	CR456988.1	100.000	21	0	0	1	21	247	227	2.1	39.2
Query_34077	BC050736.1	100.000	21	0	0	1	21	317	297	2.1	39.2
Query_34077	U73379.1	100.000	21	0	0	1	21	287	267	2.1	39.2


