# blastn
# Iteration: 0
# Query: 
# RID: 6MXM3PHC013
# Database: nt
# Fields: query acc.ver, subject acc.ver, % identity, alignment length, mismatches, gap opens, q. start, q. end, s. start, s. end, evalue, bit score
# 104 hits found
Query_35653	LR812122.1	100.000	21	0	0	1	21	5582514	5582494	2.0	39.2
Query_35653	XM_034997428.1	100.000	21	0	0	1	21	306	286	2.0	39.2
Query_35653	XM_034989199.1	100.000	21	0	0	1	21	190	170	2.0	39.2
Query_35653	XM_034989198.1	100.000	21	0	0	1	21	302	282	2.0	39.2
Query_35653	XM_035022127.1	100.000	21	0	0	1	21	338	318	2.0	39.2
Query_35653	XM_035013900.1	100.000	21	0	0	1	21	275	255	2.0	39.2
Query_35653	XM_034948809.1	100.000	21	0	0	1	21	371	351	2.0	39.2
Query_35653	XM_034948808.1	100.000	21	0	0	1	21	896	876	2.0	39.2
Query_35653	XM_003807746.2	100.000	21	0	0	1	21	392	372	2.0	39.2
Query_35653	XM_034937214.1	100.000	21	0	0	1	21	317	297	2.0	39.2
Query_35653	XM_034936518.1	100.000	21	0	0	1	21	1458	1438	2.0	39.2
Query_35653	XM_034936517.1	100.000	21	0	0	1	21	1271	1251	2.0	39.2
Query_35653	XM_002926289.4	100.000	21	0	0	1	21	487	467	2.0	39.2
Query_35653	CP050604.1	100.000	21	0	0	1	21	21519708	21519728	2.0	39.2
Query_35653	CP050600.1	100.000	21	0	0	1	21	38075636	38075656	2.0	39.2
Query_35653	CP050590.1	100.000	21	0	0	1	21	1561433	1561413	2.0	39.2
Query_35653	CP050590.1	100.000	21	0	0	1	21	32378110	32378090	2.0	39.2
Query_35653	CP050570.1	100.000	21	0	0	1	21	30018566	30018546	2.0	39.2
Query_35653	CP050644.1	100.000	21	0	0	1	21	21516530	21516550	2.0	39.2
Query_35653	CP050632.1	100.000	21	0	0	1	21	1588500	1588480	2.0	39.2
Query_35653	CP050632.1	100.000	21	0	0	1	21	32392263	32392243	2.0	39.2
Query_35653	CP050630.1	100.000	21	0	0	1	21	38048888	38048908	2.0	39.2
Query_35653	CP050610.1	100.000	21	0	0	1	21	30016477	30016457	2.0	39.2
Query_35653	XM_033236163.1	100.000	21	0	0	1	21	315	295	2.0	39.2
Query_35653	XM_033097695.1	100.000	21	0	0	1	21	374	354	2.0	39.2
Query_35653	XM_033093560.1	100.000	21	0	0	1	21	307	287	2.0	39.2
Query_35653	XM_033110726.1	100.000	21	0	0	1	21	286	266	2.0	39.2
Query_35653	XM_033121103.1	100.000	21	0	0	1	21	189	169	2.0	39.2
Query_35653	XM_032875974.1	100.000	21	0	0	1	21	193	173	2.0	39.2
Query_35653	XM_032875973.1	100.000	21	0	0	1	21	327	307	2.0	39.2
Query_35653	XM_032873610.1	100.000	21	0	0	1	21	288	268	2.0	39.2
Query_35653	XM_032397584.1	100.000	21	0	0	1	21	218	198	2.0	39.2
Query_35653	XM_032397583.1	100.000	21	0	0	1	21	347	327	2.0	39.2
Query_35653	XM_032305736.1	100.000	21	0	0	1	21	281	261	2.0	39.2
Query_35653	XM_032309817.1	100.000	21	0	0	1	21	193	173	2.0	39.2
Query_35653	XM_032309816.1	100.000	21	0	0	1	21	354	334	2.0	39.2
Query_35653	XM_032294409.1	100.000	21	0	0	1	21	493	473	2.0	39.2
Query_35653	XM_032138715.1	100.000	21	0	0	1	21	466	446	2.0	39.2
Query_35653	XM_032171530.1	100.000	21	0	0	1	21	178	158	2.0	39.2
Query_35653	XM_032171529.1	100.000	21	0	0	1	21	281	261	2.0	39.2
Query_35653	XM_032150546.1	100.000	21	0	0	1	21	509	489	2.0	39.2
Query_35653	LR738415.1	100.000	21	0	0	1	21	64719450	64719470	2.0	39.2
Query_35653	LR738415.1	100.000	21	0	0	1	21	66905275	66905255	2.0	39.2
Query_35653	LR738414.1	100.000	21	0	0	1	21	65300702	65300682	2.0	39.2
Query_35653	XM_031363263.1	100.000	21	0	0	1	21	427	407	2.0	39.2
Query_35653	XM_031363262.1	100.000	21	0	0	1	21	356	336	2.0	39.2
Query_35653	XR_004079374.1	100.000	21	0	0	1	21	274	254	2.0	39.2
Query_35653	XM_004063094.2	100.000	21	0	0	1	21	347	327	2.0	39.2
Query_35653	XM_031001374.1	100.000	21	0	0	1	21	1232	1212	2.0	39.2
Query_35653	HG994409.1	100.000	21	0	0	1	21	16024124	16024104	2.0	39.2
Query_35653	HG994406.1	100.000	21	0	0	1	21	2026814	2026794	2.0	39.2
Query_35653	HG994406.1	100.000	21	0	0	1	21	33172719	33172699	2.0	39.2
Query_35653	HG994397.1	100.000	21	0	0	1	21	44833115	44833095	2.0	39.2
Query_35653	HG994391.1	100.000	21	0	0	1	21	39789750	39789770	2.0	39.2
Query_35653	XM_039868429.1	100.000	21	0	0	1	21	380	360	2.0	39.2
Query_35653	XM_039868428.1	100.000	21	0	0	1	21	337	317	2.0	39.2
Query_35653	CP068256.1	100.000	21	0	0	1	21	22053254	22053234	2.0	39.2
Query_35653	XM_038437623.1	100.000	21	0	0	1	21	216	196	2.0	39.2
Query_35653	XM_038437622.1	100.000	21	0	0	1	21	316	296	2.0	39.2
Query_35653	XM_038431679.1	100.000	21	0	0	1	21	257	237	2.0	39.2
Query_35653	XM_005636619.4	100.000	21	0	0	1	21	216	196	2.0	39.2
Query_35653	XM_534767.7	100.000	21	0	0	1	21	316	296	2.0	39.2
Query_35653	XM_038457404.1	100.000	21	0	0	1	21	257	237	2.0	39.2
Query_35653	XM_038346230.1	100.000	21	0	0	1	21	318	298	2.0	39.2
Query_35653	XM_037986854.1	100.000	21	0	0	1	21	499	479	2.0	39.2
Query_35653	XM_037741679.1	100.000	21	0	0	1	21	482	462	2.0	39.2
Query_35653	XM_037135932.1	100.000	21	0	0	1	21	274	254	2.0	39.2
Query_35653	XM_037131470.1	100.000	21	0	0	1	21	351	331	2.0	39.2
Query_35653	XM_037153409.1	100.000	21	0	0	1	21	274	254	2.0	39.2
Query_35653	XM_037067302.1	100.000	21	0	0	1	21	193	173	2.0	39.2
Query_35653	XM_037067301.1	100.000	21	0	0	1	21	351	331	2.0	39.2
Query_35653	XM_036449778.1	100.000	21	0	0	1	21	254	234	2.0	39.2
Query_35653	XM_036449777.1	100.000	21	0	0	1	21	388	368	2.0	39.2
Query_35653	XM_036449776.1	100.000	21	0	0	1	21	393	373	2.0	39.2
Query_35653	XM_036449775.1	100.000	21	0	0	1	21	454	434	2.0	39.2
Query_35653	XM_036353530.1	100.000	21	0	0	1	21	392	372	2.0	39.2
Query_35653	XM_036353529.1	100.000	21	0	0	1	21	193	173	2.0	39.2
Query_35653	XM_036353528.1	100.000	21	0	0	1	21	372	352	2.0	39.2
Query_35653	XM_036353527.1	100.000	21	0	0	1	21	1032	1012	2.0	39.2
Query_35653	XM_036276571.1	100.000	21	0	0	1	21	444	424	2.0	39.2
Query_35653	XM_036276570.1	100.000	21	0	0	1	21	468	448	2.0	39.2
Query_35653	XM_036276569.1	100.000	21	0	0	1	21	294	274	2.0	39.2
Query_35653	XM_016120176.2	100.000	21	0	0	1	21	377	357	2.0	39.2
Query_35653	XM_016120175.2	100.000	21	0	0	1	21	342	322	2.0	39.2
Query_35653	AP023482.1	100.000	21	0	0	1	21	17277776	17277756	2.0	39.2
Query_35653	XM_028505042.2	100.000	21	0	0	1	21	298	278	2.0	39.2
Query_35653	LR877228.1	100.000	21	0	0	1	21	28003525	28003545	2.0	39.2
Query_35653	NM_001256356.2	100.000	21	0	0	1	21	209	189	2.0	39.2
Query_35653	XM_025474928.2	100.000	21	0	0	1	21	216	196	2.0	39.2
Query_35653	XM_035706285.1	100.000	21	0	0	1	21	266	246	2.0	39.2
Query_35653	XM_035706284.1	100.000	21	0	0	1	21	266	246	2.0	39.2
Query_35653	XM_025474927.2	100.000	21	0	0	1	21	318	298	2.0	39.2
Query_35653	XM_035705315.1	100.000	21	0	0	1	21	289	269	2.0	39.2
Query_35653	XM_035727311.1	100.000	21	0	0	1	21	274	254	2.0	39.2
Query_35653	XM_027599946.2	100.000	21	0	0	1	21	178	158	2.0	39.2
Query_35653	XM_027599945.2	100.000	21	0	0	1	21	274	254	2.0	39.2
Query_35653	XM_027577636.2	100.000	21	0	0	1	21	178	158	2.0	39.2
Query_35653	XM_027577635.2	100.000	21	0	0	1	21	274	254	2.0	39.2
Query_35653	XM_027577314.2	100.000	21	0	0	1	21	294	274	2.0	39.2
Query_35653	XM_027576173.2	100.000	21	0	0	1	21	309	289	2.0	39.2
Query_35653	XM_027576172.2	100.000	21	0	0	1	21	381	361	2.0	39.2
Query_35653	XM_027576155.2	100.000	21	0	0	1	21	178	158	2.0	39.2
Query_35653	LR862375.1	100.000	21	0	0	1	21	8118293	8118313	2.0	39.2
Query_35653	LR862365.1	100.000	21	0	0	1	21	58467380	58467400	2.0	39.2


