# blastn
# Iteration: 0
# Query: 
# RID: 7RM8D8AZ01R
# Database: nt
# Fields: query acc.ver, subject acc.ver, % identity, alignment length, mismatches, gap opens, q. start, q. end, s. start, s. end, evalue, bit score
# 100 hits found
Query_458935	XM_034950155.1	100.000	21	0	0	1	21	346	326	2.1	39.2
Query_458935	XM_003823547.3	100.000	21	0	0	1	21	534	514	2.1	39.2
Query_458935	XM_003823548.3	100.000	21	0	0	1	21	672	652	2.1	39.2
Query_458935	XM_034954600.1	100.000	21	0	0	1	21	688	668	2.1	39.2
Query_458935	XM_033230979.1	100.000	21	0	0	1	21	691	671	2.1	39.2
Query_458935	XM_033230978.1	100.000	21	0	0	1	21	485	465	2.1	39.2
Query_458935	XM_033230977.1	100.000	21	0	0	1	21	567	547	2.1	39.2
Query_458935	XM_033230976.1	100.000	21	0	0	1	21	736	716	2.1	39.2
Query_458935	XM_032864541.1	100.000	21	0	0	1	21	356	336	2.1	39.2
Query_458935	XM_032856050.1	100.000	21	0	0	1	21	459	439	2.1	39.2
Query_458935	XM_032856049.1	100.000	21	0	0	1	21	479	459	2.1	39.2
Query_458935	XM_032856048.1	100.000	21	0	0	1	21	730	710	2.1	39.2
Query_458935	XM_032755250.1	100.000	21	0	0	1	21	691	671	2.1	39.2
Query_458935	XM_032755249.1	100.000	21	0	0	1	21	673	653	2.1	39.2
Query_458935	XM_032755248.1	100.000	21	0	0	1	21	392	372	2.1	39.2
Query_458935	XM_032356115.1	100.000	21	0	0	1	21	562	542	2.1	39.2
Query_458935	XM_032356114.1	100.000	21	0	0	1	21	484	464	2.1	39.2
Query_458935	XM_032356113.1	100.000	21	0	0	1	21	433	413	2.1	39.2
Query_458935	XM_032292780.1	100.000	21	0	0	1	21	339	319	2.1	39.2
Query_458935	XM_032292779.1	100.000	21	0	0	1	21	339	319	2.1	39.2
Query_458935	XM_032292777.1	100.000	21	0	0	1	21	673	653	2.1	39.2
Query_458935	XM_032292776.1	100.000	21	0	0	1	21	674	654	2.1	39.2
Query_458935	XR_004272493.1	100.000	21	0	0	1	21	361	341	2.1	39.2
Query_458935	XM_023212355.2	100.000	21	0	0	1	21	943	923	2.1	39.2
Query_458935	XM_003907679.3	100.000	21	0	0	1	21	672	652	2.1	39.2
Query_458935	XM_009182552.3	100.000	21	0	0	1	21	678	658	2.1	39.2
Query_458935	XM_019022682.2	100.000	21	0	0	1	21	677	657	2.1	39.2
Query_458935	XM_019022681.2	100.000	21	0	0	1	21	673	653	2.1	39.2
Query_458935	XM_031008716.1	100.000	21	0	0	1	21	751	731	2.1	39.2
Query_458935	XM_010368677.2	100.000	21	0	0	1	21	673	653	2.1	39.2
Query_458935	XM_030916695.1	100.000	21	0	0	1	21	849	829	2.1	39.2
Query_458935	XM_003253799.3	100.000	21	0	0	1	21	694	674	2.1	39.2
Query_458935	XM_030802719.1	100.000	21	0	0	1	21	567	547	2.1	39.2
Query_458935	XM_030802718.1	100.000	21	0	0	1	21	757	737	2.1	39.2
Query_458935	XM_015110367.2	100.000	21	0	0	1	21	394	374	2.1	39.2
Query_458935	XM_015110366.2	100.000	21	0	0	1	21	673	653	2.1	39.2
Query_458935	NM_006357.4	100.000	21	0	0	1	21	692	672	2.1	39.2
Query_458935	XM_023212356.2	100.000	21	0	0	1	21	591	571	2.1	39.2
Query_458935	XM_025404907.1	100.000	21	0	0	1	21	488	468	2.1	39.2
Query_458935	XM_025404906.1	100.000	21	0	0	1	21	675	655	2.1	39.2
Query_458935	XM_025404905.1	100.000	21	0	0	1	21	520	500	2.1	39.2
Query_458935	XM_025404904.1	100.000	21	0	0	1	21	583	563	2.1	39.2
Query_458935	XR_676614.3	100.000	21	0	0	1	21	499	479	2.1	39.2
Query_458935	XM_016950121.2	100.000	21	0	0	1	21	714	694	2.1	39.2
Query_458935	XM_024243530.1	100.000	21	0	0	1	21	373	353	2.1	39.2
Query_458935	XM_002812643.4	100.000	21	0	0	1	21	672	652	2.1	39.2
Query_458935	XM_002812644.4	100.000	21	0	0	1	21	673	653	2.1	39.2
Query_458935	XM_024243529.1	100.000	21	0	0	1	21	751	731	2.1	39.2
Query_458935	XR_002823958.1	100.000	21	0	0	1	21	490	470	2.1	39.2
Query_458935	XR_002823957.1	100.000	21	0	0	1	21	490	470	2.1	39.2
Query_458935	XR_002823956.1	100.000	21	0	0	1	21	490	470	2.1	39.2
Query_458935	XM_023730514.1	100.000	21	0	0	1	21	343	323	2.1	39.2
Query_458935	XM_023730513.1	100.000	21	0	0	1	21	490	470	2.1	39.2
Query_458935	XM_023561127.1	100.000	21	0	0	1	21	455	435	2.1	39.2
Query_458935	XM_023561126.1	100.000	21	0	0	1	21	541	521	2.1	39.2
Query_458935	XM_023561125.1	100.000	21	0	0	1	21	518	498	2.1	39.2
Query_458935	XM_004476868.3	100.000	21	0	0	1	21	427	407	2.1	39.2
Query_458935	XM_023542796.1	100.000	21	0	0	1	21	2202	2182	2.1	39.2
Query_458935	XM_023542795.1	100.000	21	0	0	1	21	2749	2729	2.1	39.2
Query_458935	XM_010602793.2	100.000	21	0	0	1	21	461	441	2.1	39.2
Query_458935	XM_022494766.1	100.000	21	0	0	1	21	510	490	2.1	39.2
Query_458935	XM_007965532.2	100.000	21	0	0	1	21	738	718	2.1	39.2
Query_458935	XM_007965531.2	100.000	21	0	0	1	21	668	648	2.1	39.2
Query_458935	XM_007965530.2	100.000	21	0	0	1	21	691	671	2.1	39.2
Query_458935	XM_037849091.1	100.000	21	0	0	1	21	504	484	2.1	39.2
Query_458935	XM_037849090.1	100.000	21	0	0	1	21	466	446	2.1	39.2
Query_458935	XM_037849089.1	100.000	21	0	0	1	21	704	684	2.1	39.2
Query_458935	XM_037839205.1	100.000	21	0	0	1	21	328	308	2.1	39.2
Query_458935	XM_037735836.1	100.000	21	0	0	1	21	313	293	2.1	39.2
Query_458935	XM_017532745.2	100.000	21	0	0	1	21	744	724	2.1	39.2
Query_458935	XM_017532744.2	100.000	21	0	0	1	21	674	654	2.1	39.2
Query_458935	XM_017532743.2	100.000	21	0	0	1	21	753	733	2.1	39.2
Query_458935	XM_037130039.1	100.000	21	0	0	1	21	402	382	2.1	39.2
Query_458935	XM_037130038.1	100.000	21	0	0	1	21	409	389	2.1	39.2
Query_458935	XM_037130037.1	100.000	21	0	0	1	21	571	551	2.1	39.2
Query_458935	XM_037130036.1	100.000	21	0	0	1	21	671	651	2.1	39.2
Query_458935	XM_037000303.1	100.000	21	0	0	1	21	462	442	2.1	39.2
Query_458935	XM_037000302.1	100.000	21	0	0	1	21	457	437	2.1	39.2
Query_458935	XM_037000301.1	100.000	21	0	0	1	21	344	324	2.1	39.2
Query_458935	XM_017668147.2	100.000	21	0	0	1	21	478	458	2.1	39.2
Query_458935	XM_017668146.2	100.000	21	0	0	1	21	599	579	2.1	39.2
Query_458935	XM_037000299.1	100.000	21	0	0	1	21	462	442	2.1	39.2
Query_458935	XM_036879408.1	100.000	21	0	0	1	21	456	436	2.1	39.2
Query_458935	XM_036879407.1	100.000	21	0	0	1	21	344	324	2.1	39.2
Query_458935	XM_036879406.1	100.000	21	0	0	1	21	476	456	2.1	39.2
Query_458935	XM_036879404.1	100.000	21	0	0	1	21	595	575	2.1	39.2
Query_458935	XM_036879403.1	100.000	21	0	0	1	21	646	626	2.1	39.2
Query_458935	XM_036268012.1	100.000	21	0	0	1	21	352	332	2.1	39.2
Query_458935	XR_004958629.1	100.000	21	0	0	1	21	473	453	2.1	39.2
Query_458935	XM_036253507.1	100.000	21	0	0	1	21	690	670	2.1	39.2
Query_458935	XR_004958628.1	100.000	21	0	0	1	21	413	393	2.1	39.2
Query_458935	XR_004958627.1	100.000	21	0	0	1	21	473	453	2.1	39.2
Query_458935	XM_036253506.1	100.000	21	0	0	1	21	473	453	2.1	39.2
Query_458935	XR_004958626.1	100.000	21	0	0	1	21	492	472	2.1	39.2
Query_458935	XR_004958625.1	100.000	21	0	0	1	21	473	453	2.1	39.2
Query_458935	NM_182678.3	100.000	21	0	0	1	21	542	522	2.1	39.2
Query_458935	NM_001278554.2	100.000	21	0	0	1	21	743	723	2.1	39.2
Query_458935	NM_001278555.2	100.000	21	0	0	1	21	510	490	2.1	39.2
Query_458935	XM_003733157.3	100.000	21	0	0	1	21	669	649	2.1	39.2
Query_458935	XM_035304362.1	100.000	21	0	0	1	21	811	791	2.1	39.2


