# blastn
# Iteration: 0
# Query: 
# RID: 72GDZY5Y016
# Database: nt
# Fields: query acc.ver, subject acc.ver, % identity, alignment length, mismatches, gap opens, q. start, q. end, s. start, s. end, evalue, bit score
# 26 hits found
Query_48611	XM_003828171.2	100.000	21	0	0	1	21	598	578	2.1	39.2
Query_48611	XM_032163779.1	100.000	21	0	0	1	21	598	578	2.1	39.2
Query_48611	XM_004041540.3	100.000	21	0	0	1	21	598	578	2.1	39.2
Query_48611	XM_003270772.2	100.000	21	0	0	1	21	598	578	2.1	39.2
Query_48611	AY358627.2	100.000	21	0	0	1	21	587	567	2.1	39.2
Query_48611	NM_025237.3	100.000	21	0	0	1	21	604	584	2.1	39.2
Query_48611	CP034495.1	100.000	21	0	0	1	21	41832798	41832818	2.1	39.2
Query_48611	XM_001153653.5	100.000	21	0	0	1	21	701	681	2.1	39.2
Query_48611	LT735545.1	100.000	21	0	0	1	21	1041	1021	2.1	39.2
Query_48611	KJ893769.1	100.000	21	0	0	1	21	622	602	2.1	39.2
Query_48611	HG992262.1	100.000	21	0	0	1	21	9130911	9130891	2.1	39.2
Query_48611	LR989916.1	100.000	21	0	0	1	21	1427357	1427377	2.1	39.2
Query_48611	CP068261.1	100.000	21	0	0	1	21	44608279	44608299	2.1	39.2
Query_48611	AP023477.1	100.000	21	0	0	1	21	41451469	41451489	2.1	39.2
Query_48611	NG_008078.2	100.000	21	0	0	1	21	8359	8339	2.1	39.2
Query_48611	AC003098.2	100.000	21	0	0	1	21	5957	5977	2.1	39.2
Query_48611	AY358203.1	100.000	21	0	0	1	21	871	851	2.1	39.2
Query_48611	AF184211.1	100.000	21	0	0	1	21	313	293	2.1	39.2
Query_48611	BC101086.1	100.000	21	0	0	1	21	581	561	2.1	39.2
Query_48611	AC055813.9	100.000	21	0	0	1	21	62881	62901	2.1	39.2
Query_48611	AF331844.1	100.000	21	0	0	1	21	591	571	2.1	39.2
Query_48611	AF326739.1	100.000	21	0	0	1	21	601	581	2.1	39.2
Query_48611	AF326736.1	100.000	21	0	0	1	21	15272	15252	2.1	39.2
Query_48611	AP019373.1	100.000	20	0	0	2	21	402576	402595	7.3	37.4
Query_48611	CP017780.1	100.000	20	0	0	2	21	1437564	1437545	7.3	37.4
Query_48611	CP016174.1	100.000	20	0	0	2	21	3351190	3351171	7.3	37.4


