# blastn
# Iteration: 0
# Query: 
# RID: 6RMMRSHV013
# Database: nt
# Fields: query acc.ver, subject acc.ver, % identity, alignment length, mismatches, gap opens, q. start, q. end, s. start, s. end, evalue, bit score
# 89 hits found
Query_24097	XM_003807100.4	100.000	21	0	0	1	21	612	592	2.1	39.2
Query_24097	XM_034942333.1	100.000	21	0	0	1	21	596	576	2.1	39.2
Query_24097	XM_002926382.4	100.000	21	0	0	1	21	642	622	2.1	39.2
Query_24097	XM_033845996.1	100.000	21	0	0	1	21	650	630	2.1	39.2
Query_24097	XM_004283290.2	100.000	21	0	0	1	21	650	630	2.1	39.2
Query_24097	XM_033224473.1	100.000	21	0	0	1	21	980	960	2.1	39.2
Query_24097	XM_033128210.1	100.000	21	0	0	1	21	821	801	2.1	39.2
Query_24097	XM_032612932.1	100.000	21	0	0	1	21	650	630	2.1	39.2
Query_24097	XM_032171207.1	100.000	21	0	0	1	21	883	863	2.1	39.2
Query_24097	XM_003916130.3	100.000	21	0	0	1	21	987	967	2.1	39.2
Query_24097	XR_004067781.1	100.000	21	0	0	1	21	596	576	2.1	39.2
Query_24097	XR_176607.3	100.000	21	0	0	1	21	612	592	2.1	39.2
Query_24097	XM_010379192.2	100.000	21	0	0	1	21	977	957	2.1	39.2
Query_24097	XM_030851183.1	100.000	21	0	0	1	21	650	630	2.1	39.2
Query_24097	XM_003277335.4	100.000	21	0	0	1	21	889	869	2.1	39.2
Query_24097	XM_022586052.2	100.000	21	0	0	1	21	673	653	2.1	39.2
Query_24097	XM_029245354.1	100.000	21	0	0	1	21	650	630	2.1	39.2
Query_24097	AC279090.1	100.000	21	0	0	1	21	113212	113232	2.1	39.2
Query_24097	XM_028486348.1	100.000	21	0	0	1	21	280	260	2.1	39.2
Query_24097	XM_028486348.1	100.000	21	0	0	1	21	694	674	2.1	39.2
Query_24097	NM_014501.3	100.000	21	0	0	1	21	617	597	2.1	39.2
Query_24097	XM_027097427.1	100.000	21	0	0	1	21	781	761	2.1	39.2
Query_24097	XM_026488514.1	100.000	21	0	0	1	21	607	587	2.1	39.2
Query_24097	CP034522.1	100.000	21	0	0	1	21	55853055	55853075	2.1	39.2
Query_24097	CP034497.1	100.000	21	0	0	1	21	55853055	55853075	2.1	39.2
Query_24097	CP034495.1	100.000	21	0	0	1	21	15607797	15607817	2.1	39.2
Query_24097	CP034495.1	100.000	21	0	0	1	21	18580821	18580801	2.1	39.2
Query_24097	XM_025369037.1	100.000	21	0	0	1	21	986	966	2.1	39.2
Query_24097	AC277988.1	100.000	21	0	0	1	21	97309	97289	2.1	39.2
Query_24097	AC277977.1	100.000	21	0	0	1	21	166314	166334	2.1	39.2
Query_24097	XM_011752020.2	100.000	21	0	0	1	21	980	960	2.1	39.2
Query_24097	XM_024755169.1	100.000	21	0	0	1	21	650	630	2.1	39.2
Query_24097	XM_024570361.1	100.000	21	0	0	1	21	617	597	2.1	39.2
Query_24097	XM_016936881.2	100.000	21	0	0	1	21	2160	2140	2.1	39.2
Query_24097	XM_016936880.2	100.000	21	0	0	1	21	680	660	2.1	39.2
Query_24097	XR_677486.3	100.000	21	0	0	1	21	873	853	2.1	39.2
Query_24097	XR_002942167.1	100.000	21	0	0	1	21	556	536	2.1	39.2
Query_24097	XM_024236634.1	100.000	21	0	0	1	21	882	862	2.1	39.2
Query_24097	XM_024123229.1	100.000	21	0	0	1	21	418	398	2.1	39.2
Query_24097	XM_006109010.3	100.000	21	0	0	1	21	671	651	2.1	39.2
Query_24097	XM_023184255.1	100.000	21	0	0	1	21	998	978	2.1	39.2
Query_24097	LT741140.1	100.000	21	0	0	1	21	905	885	2.1	39.2
Query_24097	LT736020.1	100.000	21	0	0	1	21	905	885	2.1	39.2
Query_24097	AC275577.1	100.000	21	0	0	1	21	9006	8986	2.1	39.2
Query_24097	XM_017892532.1	100.000	21	0	0	1	21	978	958	2.1	39.2
Query_24097	AC275431.1	100.000	21	0	0	1	21	56593	56613	2.1	39.2
Query_24097	XM_005590403.2	100.000	21	0	0	1	21	981	961	2.1	39.2
Query_24097	NG_031882.2	100.000	21	0	0	1	21	348	328	2.1	39.2
Query_24097	XM_014537330.1	100.000	21	0	0	1	21	931	911	2.1	39.2
Query_24097	XM_012053615.1	100.000	21	0	0	1	21	978	958	2.1	39.2
Query_24097	XM_011932455.1	100.000	21	0	0	1	21	979	959	2.1	39.2
Query_24097	XM_011932454.1	100.000	21	0	0	1	21	985	965	2.1	39.2
Query_24097	KJ906125.1	100.000	21	0	0	1	21	483	463	2.1	39.2
Query_24097	KJ898691.1	100.000	21	0	0	1	21	483	463	2.1	39.2
Query_24097	KJ898690.1	100.000	21	0	0	1	21	483	463	2.1	39.2
Query_24097	XM_007468007.1	100.000	21	0	0	1	21	781	761	2.1	39.2
Query_24097	AC254826.1	100.000	21	0	0	1	21	132709	132689	2.1	39.2
Query_24097	NM_001266004.2	100.000	21	0	0	1	21	737	717	2.1	39.2
Query_24097	CP068261.1	100.000	21	0	0	1	21	15611013	15611033	2.1	39.2
Query_24097	CP068261.1	100.000	21	0	0	1	21	18624621	18624601	2.1	39.2
Query_24097	CP068259.1	100.000	21	0	0	1	21	58497136	58497156	2.1	39.2
Query_24097	XM_007998158.2	100.000	21	0	0	1	21	983	963	2.1	39.2
Query_24097	XM_037038096.1	100.000	21	0	0	1	21	1015	995	2.1	39.2
Query_24097	XM_036306722.1	100.000	21	0	0	1	21	626	606	2.1	39.2
Query_24097	AP023479.1	100.000	21	0	0	1	21	55879478	55879498	2.1	39.2
Query_24097	AP023477.1	100.000	21	0	0	1	21	15790759	15790779	2.1	39.2
Query_24097	AP023477.1	100.000	21	0	0	1	21	18786201	18786181	2.1	39.2
Query_24097	XM_028529479.2	100.000	21	0	0	1	21	770	750	2.1	39.2
Query_24097	HQ448521.1	100.000	21	0	0	1	21	468	448	2.1	39.2
Query_24097	AC240523.3	100.000	21	0	0	1	21	9969	9949	2.1	39.2
Query_24097	NG_001583.3	100.000	21	0	0	1	21	711	691	2.1	39.2
Query_24097	CU688219.1	100.000	21	0	0	1	21	267	287	2.1	39.2
Query_24097	CU688218.1	100.000	21	0	0	1	21	434	414	2.1	39.2
Query_24097	CU675700.1	100.000	21	0	0	1	21	267	287	2.1	39.2
Query_24097	BC014622.1	100.000	21	0	0	1	21	607	587	2.1	39.2
Query_24097	AC183294.3	100.000	21	0	0	1	21	3565	3545	2.1	39.2
Query_24097	BC066948.1	100.000	21	0	0	1	21	442	422	2.1	39.2
Query_24097	BC065364.1	100.000	21	0	0	1	21	606	586	2.1	39.2
Query_24097	BC004236.2	100.000	21	0	0	1	21	596	576	2.1	39.2
Query_24097	AC026271.6	100.000	21	0	0	1	21	41844	41864	2.1	39.2
Query_24097	AC018989.15	100.000	21	0	0	1	21	150280	150300	2.1	39.2
Query_24097	AC020922.9	100.000	21	0	0	1	21	109970	109990	2.1	39.2
Query_24097	DQ120720.1	100.000	21	0	0	1	21	418	398	2.1	39.2
Query_24097	DQ120719.1	100.000	21	0	0	1	21	419	399	2.1	39.2
Query_24097	DQ120718.1	100.000	21	0	0	1	21	418	398	2.1	39.2
Query_24097	AB062397.1	100.000	21	0	0	1	21	596	576	2.1	39.2
Query_24097	AC005324.1	100.000	21	0	0	1	21	60542	60522	2.1	39.2
Query_24097	M91670.1	100.000	21	0	0	1	21	477	457	2.1	39.2
Query_24097	XM_040170260.1	100.000	20	0	0	2	21	4475	4494	7.2	37.4


