# blastn
# Iteration: 0
# Query: 
# RID: 7RSKXAS9016
# Database: nt
# Fields: query acc.ver, subject acc.ver, % identity, alignment length, mismatches, gap opens, q. start, q. end, s. start, s. end, evalue, bit score
# 100 hits found
Query_20375	XM_040459764.1	100.000	21	0	0	1	21	189	169	2.1	39.2
Query_20375	XM_040459763.1	100.000	21	0	0	1	21	126	106	2.1	39.2
Query_20375	XM_040453115.1	100.000	21	0	0	1	21	114	94	2.1	39.2
Query_20375	XM_040483671.1	100.000	21	0	0	1	21	125	105	2.1	39.2
Query_20375	XM_040457089.1	100.000	21	0	0	1	21	133	113	2.1	39.2
Query_20375	XM_013358595.3	100.000	21	0	0	1	21	101	81	2.1	39.2
Query_20375	XM_040275523.1	100.000	21	0	0	1	21	120	100	2.1	39.2
Query_20375	XM_040275522.1	100.000	21	0	0	1	21	117	97	2.1	39.2
Query_20375	XM_040275521.1	100.000	21	0	0	1	21	120	100	2.1	39.2
Query_20375	XR_005722423.1	100.000	21	0	0	1	21	229	209	2.1	39.2
Query_20375	XM_040248194.1	100.000	21	0	0	1	21	127	107	2.1	39.2
Query_20375	XM_040248193.1	100.000	21	0	0	1	21	102	82	2.1	39.2
Query_20375	XM_040248192.1	100.000	21	0	0	1	21	103	83	2.1	39.2
Query_20375	XM_040248190.1	100.000	21	0	0	1	21	169	149	2.1	39.2
Query_20375	XM_040248189.1	100.000	21	0	0	1	21	353	333	2.1	39.2
Query_20375	HG994414.1	100.000	21	0	0	1	21	24268991	24268971	2.1	39.2
Query_20375	HG994412.1	100.000	21	0	0	1	21	4440957	4440977	2.1	39.2
Query_20375	HG994407.1	100.000	21	0	0	1	21	38728590	38728610	2.1	39.2
Query_20375	HG994399.1	100.000	21	0	0	1	21	14113008	14113028	2.1	39.2
Query_20375	HG994392.1	100.000	21	0	0	1	21	46905538	46905518	2.1	39.2
Query_20375	HG994384.1	100.000	21	0	0	1	21	36595733	36595713	2.1	39.2
Query_20375	XM_039864588.1	100.000	21	0	0	1	21	119	99	2.1	39.2
Query_20375	XM_039864587.1	100.000	21	0	0	1	21	119	99	2.1	39.2
Query_20375	XM_039864584.1	100.000	21	0	0	1	21	187	167	2.1	39.2
Query_20375	XM_010343114.2	100.000	21	0	0	1	21	326	306	2.1	39.2
Query_20375	XM_039479769.1	100.000	21	0	0	1	21	162	142	2.1	39.2
Query_20375	XM_039479768.1	100.000	21	0	0	1	21	119	99	2.1	39.2
Query_20375	XM_039479767.1	100.000	21	0	0	1	21	162	142	2.1	39.2
Query_20375	CP068258.1	100.000	21	0	0	1	21	51866518	51866538	2.1	39.2
Query_20375	XM_038432767.1	100.000	21	0	0	1	21	162	142	2.1	39.2
Query_20375	XM_038687102.1	100.000	21	0	0	1	21	114	94	2.1	39.2
Query_20375	XM_037988979.1	100.000	21	0	0	1	21	136	116	2.1	39.2
Query_20375	XM_037983802.1	100.000	21	0	0	1	21	121	101	2.1	39.2
Query_20375	XM_008014329.2	100.000	21	0	0	1	21	124	104	2.1	39.2
Query_20375	XM_037982646.1	100.000	21	0	0	1	21	97	77	2.1	39.2
Query_20375	XM_008014322.2	100.000	21	0	0	1	21	393	373	2.1	39.2
Query_20375	XM_037982645.1	100.000	21	0	0	1	21	98	78	2.1	39.2
Query_20375	XM_008014318.2	100.000	21	0	0	1	21	253	233	2.1	39.2
Query_20375	XM_008014312.2	100.000	21	0	0	1	21	187	167	2.1	39.2
Query_20375	XM_037996789.1	100.000	21	0	0	1	21	119	99	2.1	39.2
Query_20375	XM_037821188.1	100.000	21	0	0	1	21	123	103	2.1	39.2
Query_20375	XM_037810938.1	100.000	21	0	0	1	21	139	119	2.1	39.2
Query_20375	XM_037799127.1	100.000	21	0	0	1	21	102	82	2.1	39.2
Query_20375	XM_037734717.1	100.000	21	0	0	1	21	115	95	2.1	39.2
Query_20375	XR_001817404.2	100.000	21	0	0	1	21	102	82	2.1	39.2
Query_20375	XR_005202231.1	100.000	21	0	0	1	21	117	97	2.1	39.2
Query_20375	XM_037739054.1	100.000	21	0	0	1	21	563	543	2.1	39.2
Query_20375	XR_005200512.1	100.000	21	0	0	1	21	190	170	2.1	39.2
Query_20375	XR_005200511.1	100.000	21	0	0	1	21	190	170	2.1	39.2
Query_20375	XR_005200510.1	100.000	21	0	0	1	21	190	170	2.1	39.2
Query_20375	XR_005200509.1	100.000	21	0	0	1	21	190	170	2.1	39.2
Query_20375	XM_017529922.2	100.000	21	0	0	1	21	190	170	2.1	39.2
Query_20375	XM_017529921.2	100.000	21	0	0	1	21	190	170	2.1	39.2
Query_20375	XM_037500285.1	100.000	21	0	0	1	21	151	131	2.1	39.2
Query_20375	XM_037167230.1	100.000	21	0	0	1	21	479	459	2.1	39.2
Query_20375	XM_037047414.1	100.000	21	0	0	1	21	102	82	2.1	39.2
Query_20375	XM_037059887.1	100.000	21	0	0	1	21	188	168	2.1	39.2
Query_20375	XM_017651907.2	100.000	21	0	0	1	21	221	201	2.1	39.2
Query_20375	XM_017651906.2	100.000	21	0	0	1	21	317	297	2.1	39.2
Query_20375	XM_017651904.2	100.000	21	0	0	1	21	209	189	2.1	39.2
Query_20375	XM_017651903.2	100.000	21	0	0	1	21	187	167	2.1	39.2
Query_20375	XM_036901999.1	100.000	21	0	0	1	21	210	190	2.1	39.2
Query_20375	XM_036901998.1	100.000	21	0	0	1	21	313	293	2.1	39.2
Query_20375	XM_036901997.1	100.000	21	0	0	1	21	99	79	2.1	39.2
Query_20375	XM_036901996.1	100.000	21	0	0	1	21	187	167	2.1	39.2
Query_20375	XM_036417747.1	100.000	21	0	0	1	21	66	46	2.1	39.2
Query_20375	XM_036417746.1	100.000	21	0	0	1	21	212	192	2.1	39.2
Query_20375	XM_036417745.1	100.000	21	0	0	1	21	168	148	2.1	39.2
Query_20375	XM_036417743.1	100.000	21	0	0	1	21	80	60	2.1	39.2
Query_20375	XM_036417742.1	100.000	21	0	0	1	21	211	191	2.1	39.2
Query_20375	XM_036323834.1	100.000	21	0	0	1	21	237	217	2.1	39.2
Query_20375	XR_004970150.1	100.000	21	0	0	1	21	237	217	2.1	39.2
Query_20375	XM_036323833.1	100.000	21	0	0	1	21	236	216	2.1	39.2
Query_20375	XM_036246753.1	100.000	21	0	0	1	21	102	82	2.1	39.2
Query_20375	XM_036244480.1	100.000	21	0	0	1	21	201	181	2.1	39.2
Query_20375	XM_036244479.1	100.000	21	0	0	1	21	132	112	2.1	39.2
Query_20375	XM_036244478.1	100.000	21	0	0	1	21	242	222	2.1	39.2
Query_20375	XM_036244476.1	100.000	21	0	0	1	21	154	134	2.1	39.2
Query_20375	XM_036244475.1	100.000	21	0	0	1	21	171	151	2.1	39.2
Query_20375	XM_036229301.1	100.000	21	0	0	1	21	119	99	2.1	39.2
Query_20375	XM_016143743.2	100.000	21	0	0	1	21	119	99	2.1	39.2
Query_20375	XM_016143742.2	100.000	21	0	0	1	21	178	158	2.1	39.2
Query_20375	AP023480.1	100.000	21	0	0	1	21	48159188	48159208	2.1	39.2
Query_20375	XM_036064668.1	100.000	21	0	0	1	21	48	28	2.1	39.2
Query_20375	XM_036064667.1	100.000	21	0	0	1	21	434	414	2.1	39.2
Query_20375	XM_036064666.1	100.000	21	0	0	1	21	151	131	2.1	39.2
Query_20375	XM_036064665.1	100.000	21	0	0	1	21	100	80	2.1	39.2
Query_20375	XM_028523955.2	100.000	21	0	0	1	21	187	167	2.1	39.2
Query_20375	NR_104218.2	100.000	21	0	0	1	21	398	378	2.1	39.2
Query_20375	NM_001282580.2	100.000	21	0	0	1	21	124	104	2.1	39.2
Query_20375	NM_001257398.2	100.000	21	0	0	1	21	263	243	2.1	39.2
Query_20375	NM_001282579.2	100.000	21	0	0	1	21	224	204	2.1	39.2
Query_20375	NM_001282576.2	100.000	21	0	0	1	21	398	378	2.1	39.2
Query_20375	XM_035705783.1	100.000	21	0	0	1	21	223	203	2.1	39.2
Query_20375	XM_025470385.2	100.000	21	0	0	1	21	187	167	2.1	39.2
Query_20375	XM_027621509.2	100.000	21	0	0	1	21	155	135	2.1	39.2
Query_20375	XM_027621508.2	100.000	21	0	0	1	21	155	135	2.1	39.2
Query_20375	XM_035728383.1	100.000	21	0	0	1	21	102	82	2.1	39.2
Query_20375	XM_027606759.2	100.000	21	0	0	1	21	6244	6224	2.1	39.2
Query_20375	XM_027610880.2	100.000	21	0	0	1	21	102	82	2.1	39.2


