# blastn
# Iteration: 0
# Query: 
# RID: 6S1TFCZK016
# Database: nt
# Fields: query acc.ver, subject acc.ver, % identity, alignment length, mismatches, gap opens, q. start, q. end, s. start, s. end, evalue, bit score
# 24 hits found
Query_199875	XM_008976634.2	100.000	21	0	0	1	21	706	686	2.1	39.2
Query_199875	XM_003823013.3	100.000	21	0	0	1	21	688	668	2.1	39.2
Query_199875	XM_019037287.2	100.000	21	0	0	1	21	664	644	2.1	39.2
Query_199875	NM_014176.4	100.000	21	0	0	1	21	631	611	2.1	39.2
Query_199875	XM_009440790.2	100.000	21	0	0	1	21	680	660	2.1	39.2
Query_199875	XM_024350983.1	100.000	21	0	0	1	21	1000	980	2.1	39.2
Query_199875	XM_514102.6	100.000	21	0	0	1	21	691	671	2.1	39.2
Query_199875	XM_024239242.1	100.000	21	0	0	1	21	1029	1009	2.1	39.2
Query_199875	XM_002809603.4	100.000	21	0	0	1	21	676	656	2.1	39.2
Query_199875	LT735351.1	100.000	21	0	0	1	21	1012	992	2.1	39.2
Query_199875	XM_004028164.2	100.000	21	0	0	1	21	660	640	2.1	39.2
Query_199875	NG_042230.1	100.000	21	0	0	1	21	15063	15043	2.1	39.2
Query_199875	KJ893680.1	100.000	21	0	0	1	21	590	570	2.1	39.2
Query_199875	NM_001310326.2	100.000	21	0	0	1	21	635	615	2.1	39.2
Query_199875	DQ895975.2	100.000	21	0	0	1	21	547	527	2.1	39.2
Query_199875	DQ892729.2	100.000	21	0	0	1	21	547	527	2.1	39.2
Query_199875	BC019284.1	100.000	21	0	0	1	21	623	603	2.1	39.2
Query_199875	AL356953.17	100.000	21	0	0	1	21	148923	148943	2.1	39.2
Query_199875	BC004152.2	100.000	21	0	0	1	21	623	603	2.1	39.2
Query_199875	AF160215.1	100.000	21	0	0	1	21	618	598	2.1	39.2
Query_199875	AK000504.1	100.000	21	0	0	1	21	616	596	2.1	39.2
Query_199875	AF161499.1	100.000	21	0	0	1	21	651	631	2.1	39.2
Query_199875	AY542309.1	100.000	21	0	0	1	21	526	506	2.1	39.2
Query_199875	AB032931.1	100.000	21	0	0	1	21	567	547	2.1	39.2


