# blastn
# Iteration: 0
# Query: 
# RID: 6RHK4Y4F016
# Database: nt
# Fields: query acc.ver, subject acc.ver, % identity, alignment length, mismatches, gap opens, q. start, q. end, s. start, s. end, evalue, bit score
# 100 hits found
Query_32637	XM_034951639.1	100.000	21	0	0	1	21	435	415	2.1	39.2
Query_32637	XM_034951638.1	100.000	21	0	0	1	21	287	267	2.1	39.2
Query_32637	XM_034951637.1	100.000	21	0	0	1	21	564	544	2.1	39.2
Query_32637	XM_034951636.1	100.000	21	0	0	1	21	328	308	2.1	39.2
Query_32637	XM_034951635.1	100.000	21	0	0	1	21	285	265	2.1	39.2
Query_32637	XM_034951634.1	100.000	21	0	0	1	21	288	268	2.1	39.2
Query_32637	XM_034951633.1	100.000	21	0	0	1	21	571	551	2.1	39.2
Query_32637	XM_034951632.1	100.000	21	0	0	1	21	329	309	2.1	39.2
Query_32637	XM_033236300.1	100.000	21	0	0	1	21	431	411	2.1	39.2
Query_32637	XM_033236299.1	100.000	21	0	0	1	21	706	686	2.1	39.2
Query_32637	XM_033236298.1	100.000	21	0	0	1	21	406	386	2.1	39.2
Query_32637	XM_032268238.1	100.000	21	0	0	1	21	325	305	2.1	39.2
Query_32637	XM_032268236.1	100.000	21	0	0	1	21	286	266	2.1	39.2
Query_32637	XM_032268235.1	100.000	21	0	0	1	21	390	370	2.1	39.2
Query_32637	XR_004257690.1	100.000	21	0	0	1	21	265	245	2.1	39.2
Query_32637	XM_032754107.1	100.000	21	0	0	1	21	342	322	2.1	39.2
Query_32637	XM_032144947.1	100.000	21	0	0	1	21	724	704	2.1	39.2
Query_32637	XM_032144946.1	100.000	21	0	0	1	21	187	167	2.1	39.2
Query_32637	XM_032144945.1	100.000	21	0	0	1	21	829	809	2.1	39.2
Query_32637	XM_031843763.1	100.000	21	0	0	1	21	2423	2403	2.1	39.2
Query_32637	NM_001194836.2	100.000	21	0	0	1	21	342	322	2.1	39.2
Query_32637	XM_009195636.2	100.000	21	0	0	1	21	287	267	2.1	39.2
Query_32637	XM_030924821.1	100.000	21	0	0	1	21	431	411	2.1	39.2
Query_32637	XM_030798768.1	100.000	21	0	0	1	21	315	295	2.1	39.2
Query_32637	NM_194260.3	100.000	21	0	0	1	21	440	420	2.1	39.2
Query_32637	NM_194261.3	100.000	21	0	0	1	21	292	272	2.1	39.2
Query_32637	NM_194259.3	100.000	21	0	0	1	21	567	547	2.1	39.2
Query_32637	XM_028840603.1	100.000	21	0	0	1	21	337	317	2.1	39.2
Query_32637	XM_028840602.1	100.000	21	0	0	1	21	341	321	2.1	39.2
Query_32637	XM_001118584.4	100.000	21	0	0	1	21	286	266	2.1	39.2
Query_32637	XM_028840601.1	100.000	21	0	0	1	21	276	256	2.1	39.2
Query_32637	XM_025370151.1	100.000	21	0	0	1	21	429	409	2.1	39.2
Query_32637	XM_025370150.1	100.000	21	0	0	1	21	433	413	2.1	39.2
Query_32637	XM_025370148.1	100.000	21	0	0	1	21	285	265	2.1	39.2
Query_32637	XM_025370147.1	100.000	21	0	0	1	21	573	553	2.1	39.2
Query_32637	XM_025370146.1	100.000	21	0	0	1	21	711	691	2.1	39.2
Query_32637	XM_011748436.2	100.000	21	0	0	1	21	587	567	2.1	39.2
Query_32637	XM_024794102.1	100.000	21	0	0	1	21	258	238	2.1	39.2
Query_32637	XM_024794101.1	100.000	21	0	0	1	21	2425	2405	2.1	39.2
Query_32637	XM_024450432.1	100.000	21	0	0	1	21	468	448	2.1	39.2
Query_32637	XM_016929130.2	100.000	21	0	0	1	21	431	411	2.1	39.2
Query_32637	XM_003314907.5	100.000	21	0	0	1	21	618	598	2.1	39.2
Query_32637	XM_003314906.4	100.000	21	0	0	1	21	334	314	2.1	39.2
Query_32637	XM_003314905.4	100.000	21	0	0	1	21	434	414	2.1	39.2
Query_32637	XM_016929129.2	100.000	21	0	0	1	21	688	668	2.1	39.2
Query_32637	XM_016929128.2	100.000	21	0	0	1	21	431	411	2.1	39.2
Query_32637	XM_009430052.3	100.000	21	0	0	1	21	618	598	2.1	39.2
Query_32637	XM_009430055.3	100.000	21	0	0	1	21	279	259	2.1	39.2
Query_32637	XM_009430053.3	100.000	21	0	0	1	21	421	401	2.1	39.2
Query_32637	XM_016929126.2	100.000	21	0	0	1	21	688	668	2.1	39.2
Query_32637	XM_016929125.2	100.000	21	0	0	1	21	431	411	2.1	39.2
Query_32637	XM_024233921.1	100.000	21	0	0	1	21	285	265	2.1	39.2
Query_32637	XM_002825946.4	100.000	21	0	0	1	21	429	409	2.1	39.2
Query_32637	XM_024233920.1	100.000	21	0	0	1	21	439	419	2.1	39.2
Query_32637	XM_024233919.1	100.000	21	0	0	1	21	313	293	2.1	39.2
Query_32637	XM_024233918.1	100.000	21	0	0	1	21	322	302	2.1	39.2
Query_32637	U45328.2	100.000	21	0	0	1	21	284	264	2.1	39.2
Query_32637	XM_017858483.1	100.000	21	0	0	1	21	191	171	2.1	39.2
Query_32637	XM_017858482.1	100.000	21	0	0	1	21	191	171	2.1	39.2
Query_32637	XM_017858481.1	100.000	21	0	0	1	21	612	592	2.1	39.2
Query_32637	XM_017858480.1	100.000	21	0	0	1	21	548	528	2.1	39.2
Query_32637	XM_017858479.1	100.000	21	0	0	1	21	439	419	2.1	39.2
Query_32637	XM_015442656.1	100.000	21	0	0	1	21	196	176	2.1	39.2
Query_32637	XM_015442655.1	100.000	21	0	0	1	21	441	421	2.1	39.2
Query_32637	XM_015442654.1	100.000	21	0	0	1	21	191	171	2.1	39.2
Query_32637	XM_015442653.1	100.000	21	0	0	1	21	286	266	2.1	39.2
Query_32637	XM_005590842.2	100.000	21	0	0	1	21	421	401	2.1	39.2
Query_32637	XR_001104821.1	100.000	21	0	0	1	21	257	237	2.1	39.2
Query_32637	XM_011748438.1	100.000	21	0	0	1	21	188	168	2.1	39.2
Query_32637	XM_011748437.1	100.000	21	0	0	1	21	284	264	2.1	39.2
Query_32637	XM_011966925.1	100.000	21	0	0	1	21	196	176	2.1	39.2
Query_32637	XM_011966924.1	100.000	21	0	0	1	21	446	426	2.1	39.2
Query_32637	XM_012034493.1	100.000	21	0	0	1	21	1107	1087	2.1	39.2
Query_32637	XM_012034484.1	100.000	21	0	0	1	21	286	266	2.1	39.2
Query_32637	XM_012034473.1	100.000	21	0	0	1	21	421	401	2.1	39.2
Query_32637	XM_012034463.1	100.000	21	0	0	1	21	1043	1023	2.1	39.2
Query_32637	KJ892346.1	100.000	21	0	0	1	21	226	206	2.1	39.2
Query_32637	XM_039478291.1	100.000	21	0	0	1	21	316	296	2.1	39.2
Query_32637	XM_039478290.1	100.000	21	0	0	1	21	189	169	2.1	39.2
Query_32637	XM_037990067.1	100.000	21	0	0	1	21	307	287	2.1	39.2
Query_32637	XM_017510963.2	100.000	21	0	0	1	21	319	299	2.1	39.2
Query_32637	XM_017539359.2	100.000	21	0	0	1	21	288	268	2.1	39.2
Query_32637	XM_024285456.2	100.000	21	0	0	1	21	393	373	2.1	39.2
Query_32637	XM_009008883.2	100.000	21	0	0	1	21	430	410	2.1	39.2
Query_32637	XM_035266442.1	100.000	21	0	0	1	21	260	240	2.1	39.2
Query_32637	XM_035266441.1	100.000	21	0	0	1	21	421	401	2.1	39.2
Query_32637	XM_035266439.1	100.000	21	0	0	1	21	319	299	2.1	39.2
Query_32637	XM_035266438.1	100.000	21	0	0	1	21	308	288	2.1	39.2
Query_32637	XM_035266440.1	100.000	21	0	0	1	21	702	682	2.1	39.2
Query_32637	XM_035266437.1	100.000	21	0	0	1	21	2697	2677	2.1	39.2
Query_32637	XM_009008885.2	100.000	21	0	0	1	21	443	423	2.1	39.2
Query_32637	AJ002385.1	100.000	21	0	0	1	21	239	219	2.1	39.2
Query_32637	U38785.1	100.000	21	0	0	1	21	253	233	2.1	39.2
Query_32637	U66867.1	100.000	21	0	0	1	21	967	947	2.1	39.2
Query_32637	U66818.1	100.000	21	0	0	1	21	248	228	2.1	39.2
Query_32637	U31882.1	100.000	21	0	0	1	21	254	234	2.1	39.2
Query_32637	X96427.1	100.000	21	0	0	1	21	284	264	2.1	39.2
Query_32637	U31933.1	100.000	21	0	0	1	21	279	259	2.1	39.2
Query_32637	D45050.1	100.000	21	0	0	1	21	278	258	2.1	39.2
Query_32637	U29092.1	100.000	21	0	0	1	21	185	165	2.1	39.2


