# blastn
# Iteration: 0
# Query: 
# RID: 7R22Z7S7013
# Database: nt
# Fields: query acc.ver, subject acc.ver, % identity, alignment length, mismatches, gap opens, q. start, q. end, s. start, s. end, evalue, bit score
# 100 hits found
Query_45697	XM_003822875.4	100.000	21	0	0	1	21	1306	1286	2.1	39.2
Query_45697	XM_004324510.3	100.000	21	0	0	1	21	808	788	2.1	39.2
Query_45697	XM_033418820.1	100.000	21	0	0	1	21	987	967	2.1	39.2
Query_45697	XM_033234596.1	100.000	21	0	0	1	21	846	826	2.1	39.2
Query_45697	XM_033234595.1	100.000	21	0	0	1	21	839	819	2.1	39.2
Query_45697	XM_032651476.1	100.000	21	0	0	1	21	727	707	2.1	39.2
Query_45697	XM_032484581.1	100.000	21	0	0	1	21	1064	1044	2.1	39.2
Query_45697	XM_032275270.1	100.000	21	0	0	1	21	819	799	2.1	39.2
Query_45697	XM_032275268.1	100.000	21	0	0	1	21	819	799	2.1	39.2
Query_45697	XM_032155254.1	100.000	21	0	0	1	21	836	816	2.1	39.2
Query_45697	XM_006200291.3	100.000	21	0	0	1	21	496	476	2.1	39.2
Query_45697	XM_021937596.2	100.000	21	0	0	1	21	821	801	2.1	39.2
Query_45697	XM_021937595.2	100.000	21	0	0	1	21	821	801	2.1	39.2
Query_45697	XM_003897902.3	100.000	21	0	0	1	21	821	801	2.1	39.2
Query_45697	XM_031456030.1	100.000	21	0	0	1	21	1059	1039	2.1	39.2
Query_45697	XM_004044402.3	100.000	21	0	0	1	21	823	803	2.1	39.2
Query_45697	XM_010357766.2	100.000	21	0	0	1	21	825	805	2.1	39.2
Query_45697	XM_030859493.1	100.000	21	0	0	1	21	808	788	2.1	39.2
Query_45697	XM_030809469.1	100.000	21	0	0	1	21	971	951	2.1	39.2
Query_45697	XM_029223916.1	100.000	21	0	0	1	21	1018	998	2.1	39.2
Query_45697	XM_029223915.1	100.000	21	0	0	1	21	1018	998	2.1	39.2
Query_45697	XM_028847361.1	100.000	21	0	0	1	21	845	825	2.1	39.2
Query_45697	XM_015136920.2	100.000	21	0	0	1	21	822	802	2.1	39.2
Query_45697	NM_016021.3	100.000	21	0	0	1	21	654	634	2.1	39.2
Query_45697	XM_012182786.3	100.000	21	0	0	1	21	588	568	2.1	39.2
Query_45697	XM_004011277.4	100.000	21	0	0	1	21	629	609	2.1	39.2
Query_45697	XM_027551410.1	100.000	21	0	0	1	21	645	625	2.1	39.2
Query_45697	XM_025382665.1	100.000	21	0	0	1	21	707	687	2.1	39.2
Query_45697	XM_025382664.1	100.000	21	0	0	1	21	478	458	2.1	39.2
Query_45697	XM_006055340.2	100.000	21	0	0	1	21	777	757	2.1	39.2
Query_45697	XM_025294593.1	100.000	21	0	0	1	21	678	658	2.1	39.2
Query_45697	XM_011766817.2	100.000	21	0	0	1	21	822	802	2.1	39.2
Query_45697	XM_024747310.1	100.000	21	0	0	1	21	709	689	2.1	39.2
Query_45697	XM_024551710.1	100.000	21	0	0	1	21	693	673	2.1	39.2
Query_45697	XM_011535888.3	100.000	21	0	0	1	21	1087	1067	2.1	39.2
Query_45697	XM_011535887.2	100.000	21	0	0	1	21	1087	1067	2.1	39.2
Query_45697	XM_518636.7	100.000	21	0	0	1	21	965	945	2.1	39.2
Query_45697	XM_022552613.1	100.000	21	0	0	1	21	808	788	2.1	39.2
Query_45697	XM_020877288.1	100.000	21	0	0	1	21	491	471	2.1	39.2
Query_45697	XM_020877278.1	100.000	21	0	0	1	21	489	469	2.1	39.2
Query_45697	LT738201.1	100.000	21	0	0	1	21	988	968	2.1	39.2
Query_45697	XM_019967369.1	100.000	21	0	0	1	21	575	555	2.1	39.2
Query_45697	XM_019029617.1	100.000	21	0	0	1	21	516	496	2.1	39.2
Query_45697	XM_018053151.1	100.000	21	0	0	1	21	589	569	2.1	39.2
Query_45697	XM_018053150.1	100.000	21	0	0	1	21	776	756	2.1	39.2
Query_45697	XM_017876809.1	100.000	21	0	0	1	21	570	550	2.1	39.2
Query_45697	XM_002714578.3	100.000	21	0	0	1	21	828	808	2.1	39.2
Query_45697	XM_016208124.1	100.000	21	0	0	1	21	1002	982	2.1	39.2
Query_45697	XM_015449105.1	100.000	21	0	0	1	21	825	805	2.1	39.2
Query_45697	XM_005552374.2	100.000	21	0	0	1	21	824	804	2.1	39.2
Query_45697	XM_005889288.2	100.000	21	0	0	1	21	1008	988	2.1	39.2
Query_45697	XM_005377749.2	100.000	21	0	0	1	21	712	692	2.1	39.2
Query_45697	XM_004580386.2	100.000	21	0	0	1	21	523	503	2.1	39.2
Query_45697	XM_011766827.1	100.000	21	0	0	1	21	822	802	2.1	39.2
Query_45697	XM_012067027.1	100.000	21	0	0	1	21	818	798	2.1	39.2
Query_45697	XM_011941924.1	100.000	21	0	0	1	21	478	458	2.1	39.2
Query_45697	XM_011941922.1	100.000	21	0	0	1	21	563	543	2.1	39.2
Query_45697	XM_011941921.1	100.000	21	0	0	1	21	821	801	2.1	39.2
Query_45697	XM_011984430.1	100.000	21	0	0	1	21	478	458	2.1	39.2
Query_45697	XM_010948940.1	100.000	21	0	0	1	21	569	549	2.1	39.2
Query_45697	XM_010834703.1	100.000	21	0	0	1	21	2535	2515	2.1	39.2
Query_45697	KJ898902.1	100.000	21	0	0	1	21	566	546	2.1	39.2
Query_45697	XM_007466253.1	100.000	21	0	0	1	21	466	446	2.1	39.2
Query_45697	XM_007195954.1	100.000	21	0	0	1	21	529	509	2.1	39.2
Query_45697	XM_003922932.3	100.000	21	0	0	1	21	1154	1134	2.1	39.2
Query_45697	XM_008006598.2	100.000	21	0	0	1	21	1146	1126	2.1	39.2
Query_45697	XM_008006597.2	100.000	21	0	0	1	21	843	823	2.1	39.2
Query_45697	XM_037730801.1	100.000	21	0	0	1	21	1169	1149	2.1	39.2
Query_45697	XM_017506803.2	100.000	21	0	0	1	21	1153	1133	2.1	39.2
Query_45697	XM_037131209.1	100.000	21	0	0	1	21	672	652	2.1	39.2
Query_45697	XM_037131208.1	100.000	21	0	0	1	21	568	548	2.1	39.2
Query_45697	XM_037131207.1	100.000	21	0	0	1	21	663	643	2.1	39.2
Query_45697	XM_017665702.2	100.000	21	0	0	1	21	516	496	2.1	39.2
Query_45697	XM_036881297.1	100.000	21	0	0	1	21	1515	1495	2.1	39.2
Query_45697	XM_036881296.1	100.000	21	0	0	1	21	798	778	2.1	39.2
Query_45697	XM_036912203.1	100.000	21	0	0	1	21	749	729	2.1	39.2
Query_45697	XM_036871349.1	100.000	21	0	0	1	21	694	674	2.1	39.2
Query_45697	XM_036494081.1	100.000	21	0	0	1	21	501	481	2.1	39.2
Query_45697	XM_036249188.1	100.000	21	0	0	1	21	508	488	2.1	39.2
Query_45697	XM_036249187.1	100.000	21	0	0	1	21	576	556	2.1	39.2
Query_45697	NM_001206186.1	100.000	21	0	0	1	21	574	554	2.1	39.2
Query_45697	AB464335.1	100.000	21	0	0	1	21	510	490	2.1	39.2
Query_45697	AK300629.1	100.000	21	0	0	1	21	577	557	2.1	39.2
Query_45697	AK290574.1	100.000	21	0	0	1	21	674	654	2.1	39.2
Query_45697	EU176317.1	100.000	21	0	0	1	21	523	503	2.1	39.2
Query_45697	DQ895144.2	100.000	21	0	0	1	21	523	503	2.1	39.2
Query_45697	AK223464.1	100.000	21	0	0	1	21	571	551	2.1	39.2
Query_45697	AL138717.6	100.000	21	0	0	1	21	3986	4006	2.1	39.2
Query_45697	U93243.1	100.000	21	0	0	1	21	528	508	2.1	39.2
Query_45697	AJ245898.1	100.000	21	0	0	1	21	563	543	2.1	39.2
Query_45697	AF151039.1	100.000	21	0	0	1	21	226	206	2.1	39.2
Query_45697	AF161502.1	100.000	21	0	0	1	21	527	507	2.1	39.2
Query_45697	AF151834.1	100.000	21	0	0	1	21	639	619	2.1	39.2
Query_45697	AJ420578.1	100.000	21	0	0	1	21	481	461	2.1	39.2
Query_45697	BC013973.1	100.000	21	0	0	1	21	794	774	2.1	39.2
Query_45697	XM_040627535.1	100.000	20	0	0	2	21	653	634	7.3	37.4
Query_45697	XM_040474158.1	100.000	20	0	0	2	21	515	496	7.3	37.4
Query_45697	XM_040474157.1	100.000	20	0	0	2	21	660	641	7.3	37.4
Query_45697	XM_005324707.4	100.000	20	0	0	2	21	779	760	7.3	37.4
Query_45697	XM_040238806.1	100.000	20	0	0	2	21	653	634	7.3	37.4


