# blastn
# Iteration: 0
# Query: 
# RID: 6UMYD4PD013
# Database: nt
# Fields: query acc.ver, subject acc.ver, % identity, alignment length, mismatches, gap opens, q. start, q. end, s. start, s. end, evalue, bit score
# 208 hits found
Query_53827	XM_040485326.1	100.000	21	0	0	1	21	228	208	2.1	39.2
Query_53827	FR990199.1	100.000	21	0	0	1	21	3003498	3003478	2.1	39.2
Query_53827	FR990198.1	100.000	21	0	0	1	21	684624	684644	2.1	39.2
Query_53827	FR990198.1	100.000	21	0	0	1	21	5892414	5892394	2.1	39.2
Query_53827	FR990198.1	100.000	20	0	0	2	21	2773560	2773579	7.2	37.4
Query_53827	FR990198.1	100.000	20	0	0	2	21	6963949	6963930	7.2	37.4
Query_53827	FR990197.1	100.000	21	0	0	1	21	185231	185211	2.1	39.2
Query_53827	FR990197.1	100.000	21	0	0	1	21	5380018	5379998	2.1	39.2
Query_53827	FR990197.1	100.000	21	0	0	1	21	8139227	8139247	2.1	39.2
Query_53827	FR990196.1	100.000	21	0	0	1	21	1879805	1879785	2.1	39.2
Query_53827	FR990196.1	100.000	21	0	0	1	21	4034434	4034454	2.1	39.2
Query_53827	FR990196.1	100.000	21	0	0	1	21	7320670	7320650	2.1	39.2
Query_53827	FR990196.1	100.000	21	0	0	1	21	7794449	7794469	2.1	39.2
Query_53827	FR990196.1	100.000	21	0	0	1	21	8992674	8992654	2.1	39.2
Query_53827	FR990196.1	100.000	21	0	0	1	21	9033382	9033402	2.1	39.2
Query_53827	FR990195.1	100.000	21	0	0	1	21	3162270	3162290	2.1	39.2
Query_53827	FR990195.1	100.000	21	0	0	1	21	8015597	8015577	2.1	39.2
Query_53827	FR990195.1	100.000	20	0	0	2	21	6787088	6787107	7.2	37.4
Query_53827	FR990194.1	100.000	21	0	0	1	21	1500861	1500881	2.1	39.2
Query_53827	FR990192.1	100.000	21	0	0	1	21	5127981	5128001	2.1	39.2
Query_53827	FR990192.1	100.000	21	0	0	1	21	8892997	8892977	2.1	39.2
Query_53827	FR990189.1	100.000	21	0	0	1	21	1164070	1164050	2.1	39.2
Query_53827	FR990189.1	100.000	21	0	0	1	21	5432592	5432572	2.1	39.2
Query_53827	FR990188.1	100.000	21	0	0	1	21	3035155	3035175	2.1	39.2
Query_53827	FR990186.1	100.000	21	0	0	1	21	1088950	1088970	2.1	39.2
Query_53827	FR990185.1	100.000	21	0	0	1	21	4073707	4073687	2.1	39.2
Query_53827	FR990185.1	100.000	21	0	0	1	21	9199524	9199544	2.1	39.2
Query_53827	FR990185.1	100.000	21	0	0	1	21	9791730	9791710	2.1	39.2
Query_53827	FR990185.1	100.000	21	0	0	1	21	11085746	11085726	2.1	39.2
Query_53827	FR990184.1	100.000	21	0	0	1	21	2990233	2990213	2.1	39.2
Query_53827	FR990183.1	100.000	21	0	0	1	21	1166924	1166944	2.1	39.2
Query_53827	FR990183.1	100.000	21	0	0	1	21	4767316	4767296	2.1	39.2
Query_53827	FR990183.1	100.000	21	0	0	1	21	5667094	5667074	2.1	39.2
Query_53827	FR990182.1	100.000	21	0	0	1	21	1335074	1335054	2.1	39.2
Query_53827	FR990181.1	100.000	21	0	0	1	21	2166107	2166087	2.1	39.2
Query_53827	FR990181.1	100.000	20	0	0	2	21	9327483	9327464	7.2	37.4
Query_53827	FR990180.1	100.000	21	0	0	1	21	8353465	8353445	2.1	39.2
Query_53827	FR990180.1	100.000	20	0	0	2	21	1349834	1349815	7.2	37.4
Query_53827	FR990179.1	100.000	21	0	0	1	21	6334138	6334158	2.1	39.2
Query_53827	FR990179.1	100.000	21	0	0	1	21	7774564	7774584	2.1	39.2
Query_53827	FR990179.1	100.000	21	0	0	1	21	8244560	8244580	2.1	39.2
Query_53827	FR990179.1	100.000	21	0	0	1	21	8707782	8707802	2.1	39.2
Query_53827	FR990179.1	100.000	21	0	0	1	21	10697246	10697226	2.1	39.2
Query_53827	FR990179.1	100.000	20	0	0	2	21	1236875	1236894	7.2	37.4
Query_53827	FR990178.1	100.000	21	0	0	1	21	11092700	11092680	2.1	39.2
Query_53827	FR990178.1	100.000	21	0	0	1	21	11486331	11486351	2.1	39.2
Query_53827	FR990176.1	100.000	21	0	0	1	21	12653452	12653472	2.1	39.2
Query_53827	FR990176.1	100.000	20	0	0	2	21	2400938	2400957	7.2	37.4
Query_53827	FR990176.1	100.000	20	0	0	2	21	10493438	10493419	7.2	37.4
Query_53827	FR990174.1	100.000	21	0	0	1	21	1414009	1414029	2.1	39.2
Query_53827	FR990174.1	100.000	21	0	0	1	21	3084883	3084863	2.1	39.2
Query_53827	FR990174.1	100.000	21	0	0	1	21	3955363	3955343	2.1	39.2
Query_53827	FR990174.1	100.000	21	0	0	1	21	11092396	11092416	2.1	39.2
Query_53827	FR990174.1	100.000	20	0	0	2	21	1896118	1896099	7.2	37.4
Query_53827	FR990173.1	100.000	21	0	0	1	21	3172575	3172595	2.1	39.2
Query_53827	FR990173.1	100.000	21	0	0	1	21	5312193	5312173	2.1	39.2
Query_53827	FR990173.1	100.000	21	0	0	1	21	6942996	6942976	2.1	39.2
Query_53827	FR990173.1	100.000	20	0	0	2	21	9240985	9240966	7.2	37.4
Query_53827	FR990171.1	100.000	21	0	0	1	21	3264878	3264858	2.1	39.2
Query_53827	FR990171.1	100.000	21	0	0	1	21	9100725	9100745	2.1	39.2
Query_53827	FR990171.1	100.000	21	0	0	1	21	9258349	9258369	2.1	39.2
Query_53827	FR990171.1	100.000	20	0	0	2	21	2057209	2057228	7.2	37.4
Query_53827	FR990170.1	100.000	21	0	0	1	21	11462821	11462841	2.1	39.2
Query_53827	FR990170.1	100.000	20	0	0	2	21	5494398	5494379	7.2	37.4
Query_53827	FR990169.1	100.000	21	0	0	1	21	4088085	4088105	2.1	39.2
Query_53827	FR990169.1	100.000	21	0	0	1	21	7596372	7596392	2.1	39.2
Query_53827	FR990169.1	100.000	21	0	0	1	21	9289048	9289068	2.1	39.2
Query_53827	FR990169.1	100.000	21	0	0	1	21	10920620	10920600	2.1	39.2
Query_53827	FR990169.1	100.000	21	0	0	1	21	10972574	10972594	2.1	39.2
Query_53827	FR990169.1	100.000	21	0	0	1	21	13730504	13730524	2.1	39.2
Query_53827	FR990169.1	100.000	21	0	0	1	21	14097334	14097314	2.1	39.2
Query_53827	FR990169.1	100.000	20	0	0	2	21	9646431	9646412	7.2	37.4
Query_53827	FR990167.1	100.000	21	0	0	1	21	2599556	2599576	2.1	39.2
Query_53827	FR990167.1	100.000	21	0	0	1	21	3538235	3538215	2.1	39.2
Query_53827	FR990167.1	100.000	20	0	0	1	20	2456166	2456185	7.2	37.4
Query_53827	FR990167.1	100.000	20	0	0	2	21	10675833	10675852	7.2	37.4
Query_53827	FR990166.1	100.000	21	0	0	1	21	1317695	1317715	2.1	39.2
Query_53827	FR990166.1	100.000	21	0	0	1	21	1559009	1559029	2.1	39.2
Query_53827	FR990166.1	100.000	21	0	0	1	21	3192517	3192537	2.1	39.2
Query_53827	FR990166.1	100.000	21	0	0	1	21	7815086	7815106	2.1	39.2
Query_53827	FR990166.1	100.000	21	0	0	1	21	11268993	11269013	2.1	39.2
Query_53827	FR990165.1	100.000	21	0	0	1	21	4115932	4115952	2.1	39.2
Query_53827	FR990165.1	100.000	21	0	0	1	21	6689891	6689871	2.1	39.2
Query_53827	FR990164.1	100.000	21	0	0	1	21	9916424	9916404	2.1	39.2
Query_53827	FR990164.1	100.000	21	0	0	1	21	13430010	13430030	2.1	39.2
Query_53827	FR990164.1	100.000	20	0	0	2	21	654305	654324	7.2	37.4
Query_53827	FR990164.1	100.000	20	0	0	2	21	14682693	14682674	7.2	37.4
Query_53827	FR990163.1	100.000	21	0	0	1	21	1347293	1347273	2.1	39.2
Query_53827	FR990163.1	100.000	21	0	0	1	21	5347518	5347498	2.1	39.2
Query_53827	FR990163.1	100.000	21	0	0	1	21	7897669	7897689	2.1	39.2
Query_53827	FR990163.1	100.000	21	0	0	1	21	8617232	8617252	2.1	39.2
Query_53827	FR990163.1	100.000	20	0	0	2	21	544457	544438	7.2	37.4
Query_53827	FR990162.1	100.000	21	0	0	1	21	4031967	4031947	2.1	39.2
Query_53827	FR990162.1	100.000	21	0	0	1	21	7353462	7353482	2.1	39.2
Query_53827	FR990162.1	100.000	21	0	0	1	21	8751147	8751167	2.1	39.2
Query_53827	FR990162.1	100.000	21	0	0	1	21	11843925	11843905	2.1	39.2
Query_53827	FR990162.1	100.000	21	0	0	1	21	15285085	15285105	2.1	39.2
Query_53827	FR990161.1	100.000	21	0	0	1	21	1038429	1038449	2.1	39.2
Query_53827	FR990161.1	100.000	20	0	0	1	20	13701726	13701707	7.2	37.4
Query_53827	FR990160.1	100.000	21	0	0	1	21	5689791	5689771	2.1	39.2
Query_53827	FR990160.1	100.000	21	0	0	1	21	10669560	10669580	2.1	39.2
Query_53827	FR990160.1	100.000	21	0	0	1	21	11569379	11569359	2.1	39.2
Query_53827	FR990160.1	100.000	21	0	0	1	21	13526872	13526852	2.1	39.2
Query_53827	FR990160.1	100.000	21	0	0	1	21	15582760	15582740	2.1	39.2
Query_53827	FR990159.1	100.000	21	0	0	1	21	3282036	3282016	2.1	39.2
Query_53827	FR990159.1	100.000	21	0	0	1	21	6374372	6374392	2.1	39.2
Query_53827	FR990159.1	100.000	21	0	0	1	21	9736589	9736569	2.1	39.2
Query_53827	FR990159.1	100.000	21	0	0	1	21	10944392	10944372	2.1	39.2
Query_53827	FR990159.1	100.000	21	0	0	1	21	13051356	13051336	2.1	39.2
Query_53827	FR990159.1	100.000	21	0	0	1	21	16513679	16513699	2.1	39.2
Query_53827	FR990159.1	100.000	20	0	0	1	20	12529503	12529484	7.2	37.4
Query_53827	FR990159.1	100.000	20	0	0	2	21	15455810	15455791	7.2	37.4
Query_53827	FR990158.1	100.000	21	0	0	1	21	7713130	7713110	2.1	39.2
Query_53827	FR990158.1	100.000	21	0	0	1	21	11926176	11926156	2.1	39.2
Query_53827	FR990158.1	100.000	21	0	0	1	21	13674153	13674173	2.1	39.2
Query_53827	FR990158.1	100.000	20	0	0	2	21	6976146	6976165	7.2	37.4
Query_53827	FR990158.1	100.000	20	0	0	2	21	10625658	10625677	7.2	37.4
Query_53827	FR990157.1	100.000	21	0	0	1	21	4285672	4285692	2.1	39.2
Query_53827	FR990157.1	100.000	21	0	0	1	21	6280343	6280323	2.1	39.2
Query_53827	FR990157.1	100.000	21	0	0	1	21	9518436	9518416	2.1	39.2
Query_53827	FR990157.1	100.000	21	0	0	1	21	14333656	14333676	2.1	39.2
Query_53827	FR990157.1	100.000	20	0	0	1	20	8528149	8528130	7.2	37.4
Query_53827	FR990157.1	100.000	20	0	0	2	21	13075225	13075244	7.2	37.4
Query_53827	FR990156.1	100.000	21	0	0	1	21	9644349	9644329	2.1	39.2
Query_53827	FR990156.1	100.000	21	0	0	1	21	11641967	11641987	2.1	39.2
Query_53827	FR990156.1	100.000	21	0	0	1	21	12161485	12161505	2.1	39.2
Query_53827	FR990156.1	100.000	21	0	0	1	21	13195492	13195472	2.1	39.2
Query_53827	FR990156.1	100.000	21	0	0	1	21	13548945	13548965	2.1	39.2
Query_53827	FR990156.1	100.000	21	0	0	1	21	13598697	13598717	2.1	39.2
Query_53827	FR990155.1	100.000	21	0	0	1	21	2089735	2089715	2.1	39.2
Query_53827	FR990155.1	100.000	21	0	0	1	21	2407008	2406988	2.1	39.2
Query_53827	FR990155.1	100.000	21	0	0	1	21	4775133	4775153	2.1	39.2
Query_53827	FR990155.1	100.000	21	0	0	1	21	5630019	5629999	2.1	39.2
Query_53827	FR990155.1	100.000	21	0	0	1	21	5697883	5697863	2.1	39.2
Query_53827	FR990155.1	100.000	21	0	0	1	21	6274395	6274375	2.1	39.2
Query_53827	FR990155.1	100.000	20	0	0	1	20	11029981	11030000	7.2	37.4
Query_53827	FR990155.1	100.000	20	0	0	1	20	13168099	13168118	7.2	37.4
Query_53827	FR990154.1	100.000	21	0	0	1	21	2126411	2126391	2.1	39.2
Query_53827	FR990154.1	100.000	21	0	0	1	21	16919476	16919496	2.1	39.2
Query_53827	FR990154.1	100.000	21	0	0	1	21	17221664	17221644	2.1	39.2
Query_53827	FR990154.1	100.000	21	0	0	1	21	23537988	23537968	2.1	39.2
Query_53827	FR990154.1	100.000	21	0	0	1	21	28380254	28380234	2.1	39.2
Query_53827	FR990154.1	100.000	21	0	0	1	21	31884011	31884031	2.1	39.2
Query_53827	FR990154.1	100.000	20	0	0	2	21	1572151	1572170	7.2	37.4
Query_53827	FR990154.1	100.000	20	0	0	2	21	8012737	8012718	7.2	37.4
Query_53827	FR990154.1	100.000	20	0	0	1	20	8661631	8661650	7.2	37.4
Query_53827	FR990153.1	100.000	21	0	0	1	21	10591689	10591669	2.1	39.2
Query_53827	FR990153.1	100.000	20	0	0	2	21	13199517	13199536	7.2	37.4
Query_53827	HG999684.1	100.000	21	0	0	1	21	48989535	48989555	2.1	39.2
Query_53827	XM_005319928.3	100.000	21	0	0	1	21	329	309	2.1	39.2
Query_53827	XM_040238046.1	100.000	21	0	0	1	21	186	166	2.1	39.2
Query_53827	XM_040238044.1	100.000	21	0	0	1	21	420	400	2.1	39.2
Query_53827	XM_040064212.1	100.000	21	0	0	1	21	123	103	2.1	39.2
Query_53827	XM_040064211.1	100.000	21	0	0	1	21	209	189	2.1	39.2
Query_53827	XM_029083081.2	100.000	21	0	0	1	21	181	161	2.1	39.2
Query_53827	XM_029083082.2	100.000	21	0	0	1	21	103	83	2.1	39.2
Query_53827	HG994384.1	100.000	21	0	0	1	21	74333870	74333890	2.1	39.2
Query_53827	XM_039844998.1	100.000	21	0	0	1	21	364	344	2.1	39.2
Query_53827	XM_039844997.1	100.000	21	0	0	1	21	202	182	2.1	39.2
Query_53827	XM_039844995.1	100.000	21	0	0	1	21	309	289	2.1	39.2
Query_53827	XM_039699084.1	100.000	21	0	0	1	21	236	216	2.1	39.2
Query_53827	XM_039699083.1	100.000	21	0	0	1	21	250	230	2.1	39.2
Query_53827	XM_039550530.1	100.000	21	0	0	1	21	224	204	2.1	39.2
Query_53827	XM_039539606.1	100.000	21	0	0	1	21	248	228	2.1	39.2
Query_53827	XM_003940989.2	100.000	21	0	0	1	21	180	160	2.1	39.2
Query_53827	XM_027731593.2	100.000	21	0	0	1	21	187	167	2.1	39.2
Query_53827	XM_039325268.1	100.000	21	0	0	1	21	242	222	2.1	39.2
Query_53827	XM_039226965.1	100.000	21	0	0	1	21	80	60	2.1	39.2
Query_53827	XM_039226963.1	100.000	21	0	0	1	21	323	303	2.1	39.2
Query_53827	XM_039091716.1	100.000	21	0	0	1	21	427	407	2.1	39.2
Query_53827	XM_038661950.1	100.000	21	0	0	1	21	334	314	2.1	39.2
Query_53827	XM_003434394.5	100.000	21	0	0	1	21	334	314	2.1	39.2
Query_53827	XM_038752828.1	100.000	21	0	0	1	21	151	131	2.1	39.2
Query_53827	XM_038399662.1	100.000	21	0	0	1	21	170	150	2.1	39.2
Query_53827	XM_038399661.1	100.000	21	0	0	1	21	205	185	2.1	39.2
Query_53827	XM_038323543.1	100.000	21	0	0	1	21	438	418	2.1	39.2
Query_53827	XM_027457224.2	100.000	21	0	0	1	21	246	226	2.1	39.2
Query_53827	XM_027457226.2	100.000	21	0	0	1	21	254	234	2.1	39.2
Query_53827	XM_027457223.2	100.000	21	0	0	1	21	384	364	2.1	39.2
Query_53827	XM_038136329.1	100.000	21	0	0	1	21	647	627	2.1	39.2
Query_53827	XM_008017600.2	100.000	21	0	0	1	21	383	363	2.1	39.2
Query_53827	XM_037897915.1	100.000	21	0	0	1	21	213	193	2.1	39.2
Query_53827	XM_037829623.1	100.000	21	0	0	1	21	261	241	2.1	39.2
Query_53827	XR_001826530.2	100.000	21	0	0	1	21	252	232	2.1	39.2
Query_53827	XM_017527247.2	100.000	21	0	0	1	21	383	363	2.1	39.2
Query_53827	XM_017527245.2	100.000	21	0	0	1	21	383	363	2.1	39.2
Query_53827	XM_037530493.1	100.000	21	0	0	1	21	310	290	2.1	39.2
Query_53827	XM_037391649.1	100.000	21	0	0	1	21	98	78	2.1	39.2
Query_53827	XM_037391639.1	100.000	21	0	0	1	21	146	126	2.1	39.2
Query_53827	XM_037391629.1	100.000	21	0	0	1	21	198	178	2.1	39.2
Query_53827	XM_037391619.1	100.000	21	0	0	1	21	274	254	2.1	39.2
Query_53827	XM_028882240.2	100.000	21	0	0	1	21	164	144	2.1	39.2
Query_53827	XM_037138033.1	100.000	21	0	0	1	21	325	305	2.1	39.2
Query_53827	XM_037064306.1	100.000	21	0	0	1	21	309	289	2.1	39.2
Query_53827	XM_017662459.2	100.000	21	0	0	1	21	251	231	2.1	39.2
Query_53827	XM_036908505.1	100.000	21	0	0	1	21	253	233	2.1	39.2
Query_53827	XM_036853403.1	100.000	21	0	0	1	21	233	213	2.1	39.2
Query_53827	XM_036852348.1	100.000	21	0	0	1	21	303	283	2.1	39.2
Query_53827	XM_036852347.1	100.000	21	0	0	1	21	346	326	2.1	39.2
Query_53827	XM_036763185.1	100.000	21	0	0	1	21	284	264	2.1	39.2
Query_53827	XM_036496827.1	100.000	21	0	0	1	21	216	196	2.1	39.2
Query_53827	XM_036496826.1	100.000	21	0	0	1	21	319	299	2.1	39.2
Query_53827	XM_004579145.3	100.000	21	0	0	1	21	275	255	2.1	39.2
Query_53827	XM_036418282.1	100.000	21	0	0	1	21	331	311	2.1	39.2
Query_53827	XM_036381662.1	100.000	21	0	0	1	21	116	96	2.1	39.2
Query_53827	XM_036381661.1	100.000	21	0	0	1	21	243	223	2.1	39.2
Query_53827	XM_036331571.1	100.000	21	0	0	1	21	480	460	2.1	39.2
Query_53827	XM_036331560.1	100.000	21	0	0	1	21	98	78	2.1	39.2


