# blastn
# Iteration: 0
# Query: 
# RID: 7PK518PG01R
# Database: nt
# Fields: query acc.ver, subject acc.ver, % identity, alignment length, mismatches, gap opens, q. start, q. end, s. start, s. end, evalue, bit score
# 100 hits found
Query_477281	XM_034995424.1	100.000	21	0	0	1	21	461	441	2.1	39.2
Query_477281	XM_034932123.1	100.000	21	0	0	1	21	353	333	2.1	39.2
Query_477281	XM_034932122.1	100.000	21	0	0	1	21	666	646	2.1	39.2
Query_477281	XR_004664993.1	100.000	21	0	0	1	21	642	622	2.1	39.2
Query_477281	XM_034932121.1	100.000	21	0	0	1	21	708	688	2.1	39.2
Query_477281	XM_034932120.1	100.000	21	0	0	1	21	318	298	2.1	39.2
Query_477281	XM_034932119.1	100.000	21	0	0	1	21	594	574	2.1	39.2
Query_477281	XM_034932117.1	100.000	21	0	0	1	21	404	384	2.1	39.2
Query_477281	XM_034932116.1	100.000	21	0	0	1	21	666	646	2.1	39.2
Query_477281	XM_034932115.1	100.000	21	0	0	1	21	666	646	2.1	39.2
Query_477281	XM_034666539.1	100.000	21	0	0	1	21	646	626	2.1	39.2
Query_477281	XM_034666538.1	100.000	21	0	0	1	21	646	626	2.1	39.2
Query_477281	XM_011220930.3	100.000	21	0	0	1	21	641	621	2.1	39.2
Query_477281	XM_033862515.1	100.000	21	0	0	1	21	631	611	2.1	39.2
Query_477281	XM_033862513.1	100.000	21	0	0	1	21	630	610	2.1	39.2
Query_477281	XM_033862512.1	100.000	21	0	0	1	21	667	647	2.1	39.2
Query_477281	XM_033404430.1	100.000	21	0	0	1	21	674	654	2.1	39.2
Query_477281	CP050601.1	100.000	21	0	0	1	21	32807567	32807587	2.1	39.2
Query_477281	XM_040456926.1	100.000	21	0	0	1	21	394	374	2.1	39.2
Query_477281	XM_040456925.1	100.000	21	0	0	1	21	429	409	2.1	39.2
Query_477281	XM_040456924.1	100.000	21	0	0	1	21	394	374	2.1	39.2
Query_477281	XM_040456923.1	100.000	21	0	0	1	21	432	412	2.1	39.2
Query_477281	XM_040456922.1	100.000	21	0	0	1	21	432	412	2.1	39.2
Query_477281	HG994405.1	100.000	21	0	0	1	21	18297844	18297824	2.1	39.2
Query_477281	XM_039863542.1	100.000	21	0	0	1	21	436	416	2.1	39.2
Query_477281	XM_039470498.1	100.000	21	0	0	1	21	411	391	2.1	39.2
Query_477281	XM_039470497.1	100.000	21	0	0	1	21	738	718	2.1	39.2
Query_477281	XM_039470496.1	100.000	21	0	0	1	21	630	610	2.1	39.2
Query_477281	XM_039470495.1	100.000	21	0	0	1	21	738	718	2.1	39.2
Query_477281	XM_039078190.1	100.000	21	0	0	1	21	680	660	2.1	39.2
Query_477281	XM_017589204.2	100.000	21	0	0	1	21	605	585	2.1	39.2
Query_477281	XM_038430473.1	100.000	21	0	0	1	21	433	413	2.1	39.2
Query_477281	XM_038430472.1	100.000	21	0	0	1	21	433	413	2.1	39.2
Query_477281	XM_038341029.1	100.000	21	0	0	1	21	424	404	2.1	39.2
Query_477281	XM_038341024.1	100.000	21	0	0	1	21	424	404	2.1	39.2
Query_477281	XM_037999738.1	100.000	21	0	0	1	21	421	401	2.1	39.2
Query_477281	XM_037999737.1	100.000	21	0	0	1	21	701	681	2.1	39.2
Query_477281	XM_037999736.1	100.000	21	0	0	1	21	629	609	2.1	39.2
Query_477281	XM_008007293.2	100.000	21	0	0	1	21	701	681	2.1	39.2
Query_477281	XM_017500309.2	100.000	21	0	0	1	21	408	388	2.1	39.2
Query_477281	XM_028894622.2	100.000	21	0	0	1	21	632	612	2.1	39.2
Query_477281	XM_028894620.2	100.000	21	0	0	1	21	631	611	2.1	39.2
Query_477281	XM_037133802.1	100.000	21	0	0	1	21	728	708	2.1	39.2
Query_477281	XM_037050107.1	100.000	21	0	0	1	21	651	631	2.1	39.2
Query_477281	XM_037050106.1	100.000	21	0	0	1	21	723	703	2.1	39.2
Query_477281	XM_037026327.1	100.000	21	0	0	1	21	354	334	2.1	39.2
Query_477281	XM_037026326.1	100.000	21	0	0	1	21	426	406	2.1	39.2
Query_477281	XM_036930928.1	100.000	21	0	0	1	21	395	375	2.1	39.2
Query_477281	XM_036930927.1	100.000	21	0	0	1	21	467	447	2.1	39.2
Query_477281	XM_036860165.1	100.000	21	0	0	1	21	371	351	2.1	39.2
Query_477281	XM_036860164.1	100.000	21	0	0	1	21	443	423	2.1	39.2
Query_477281	XM_036428615.1	100.000	21	0	0	1	21	685	665	2.1	39.2
Query_477281	XM_036428614.1	100.000	21	0	0	1	21	674	654	2.1	39.2
Query_477281	XR_004986364.1	100.000	21	0	0	1	21	671	651	2.1	39.2
Query_477281	XM_036428612.1	100.000	21	0	0	1	21	683	663	2.1	39.2
Query_477281	XM_036428611.1	100.000	21	0	0	1	21	662	642	2.1	39.2
Query_477281	XM_036428610.1	100.000	21	0	0	1	21	671	651	2.1	39.2
Query_477281	XM_036428609.1	100.000	21	0	0	1	21	666	646	2.1	39.2
Query_477281	XM_036428608.1	100.000	21	0	0	1	21	665	645	2.1	39.2
Query_477281	XM_036428607.1	100.000	21	0	0	1	21	613	593	2.1	39.2
Query_477281	XM_036428606.1	100.000	21	0	0	1	21	676	656	2.1	39.2
Query_477281	XM_036428605.1	100.000	21	0	0	1	21	685	665	2.1	39.2
Query_477281	XM_036325330.1	100.000	21	0	0	1	21	656	636	2.1	39.2
Query_477281	XM_036325329.1	100.000	21	0	0	1	21	660	640	2.1	39.2
Query_477281	XM_036325328.1	100.000	21	0	0	1	21	660	640	2.1	39.2
Query_477281	XM_036325327.1	100.000	21	0	0	1	21	658	638	2.1	39.2
Query_477281	XM_036325326.1	100.000	21	0	0	1	21	659	639	2.1	39.2
Query_477281	XM_036325325.1	100.000	21	0	0	1	21	658	638	2.1	39.2
Query_477281	XM_036325324.1	100.000	21	0	0	1	21	658	638	2.1	39.2
Query_477281	XM_036325323.1	100.000	21	0	0	1	21	361	341	2.1	39.2
Query_477281	XM_036325322.1	100.000	21	0	0	1	21	658	638	2.1	39.2
Query_477281	XM_036325321.1	100.000	21	0	0	1	21	657	637	2.1	39.2
Query_477281	XM_036325320.1	100.000	21	0	0	1	21	659	639	2.1	39.2
Query_477281	XM_036325319.1	100.000	21	0	0	1	21	657	637	2.1	39.2
Query_477281	XM_036258063.1	100.000	21	0	0	1	21	669	649	2.1	39.2
Query_477281	XM_036258062.1	100.000	21	0	0	1	21	373	353	2.1	39.2
Query_477281	XM_036258061.1	100.000	21	0	0	1	21	669	649	2.1	39.2
Query_477281	XM_016147368.2	100.000	21	0	0	1	21	678	658	2.1	39.2
Query_477281	XM_036221862.1	100.000	21	0	0	1	21	421	401	2.1	39.2
Query_477281	XM_016147367.2	100.000	21	0	0	1	21	678	658	2.1	39.2
Query_477281	XM_036189007.1	100.000	21	0	0	1	21	583	563	2.1	39.2
Query_477281	XM_036189000.1	100.000	21	0	0	1	21	600	580	2.1	39.2
Query_477281	XM_036188991.1	100.000	21	0	0	1	21	626	606	2.1	39.2
Query_477281	XM_036068907.1	100.000	21	0	0	1	21	372	352	2.1	39.2
Query_477281	XM_036068899.1	100.000	21	0	0	1	21	445	425	2.1	39.2
Query_477281	XM_028514394.2	100.000	21	0	0	1	21	712	692	2.1	39.2
Query_477281	XM_036028997.1	100.000	21	0	0	1	21	714	694	2.1	39.2
Query_477281	XM_028514393.2	100.000	21	0	0	1	21	639	619	2.1	39.2
Query_477281	XM_028514392.2	100.000	21	0	0	1	21	711	691	2.1	39.2
Query_477281	LR877218.1	100.000	21	0	0	1	21	59430214	59430234	2.1	39.2
Query_477281	XM_027578364.2	100.000	21	0	0	1	21	532	512	2.1	39.2
Query_477281	XM_027578363.2	100.000	21	0	0	1	21	532	512	2.1	39.2
Query_477281	XM_027578362.2	100.000	21	0	0	1	21	532	512	2.1	39.2
Query_477281	LR862365.1	100.000	21	0	0	1	21	31651994	31651974	2.1	39.2
Query_477281	XM_035437289.1	100.000	21	0	0	1	21	438	418	2.1	39.2
Query_477281	XR_004767501.1	100.000	21	0	0	1	21	438	418	2.1	39.2
Query_477281	XM_003513382.4	100.000	21	0	0	1	21	438	418	2.1	39.2
Query_477281	XM_017977897.2	100.000	21	0	0	1	21	701	681	2.1	39.2
Query_477281	XM_017977895.2	100.000	21	0	0	1	21	629	609	2.1	39.2
Query_477281	XM_002755025.4	100.000	21	0	0	1	21	701	681	2.1	39.2


