# blastn
# Iteration: 0
# Query: 
# RID: 6UF8ZNYU013
# Database: nt
# Fields: query acc.ver, subject acc.ver, % identity, alignment length, mismatches, gap opens, q. start, q. end, s. start, s. end, evalue, bit score
# 100 hits found
Query_23833	XM_034991398.1	100.000	21	0	0	1	21	501	481	2.1	39.2
Query_23833	XM_034991397.1	100.000	21	0	0	1	21	501	481	2.1	39.2
Query_23833	XM_003822875.4	100.000	21	0	0	1	21	1092	1072	2.1	39.2
Query_23833	XM_019803194.2	100.000	21	0	0	1	21	428	408	2.1	39.2
Query_23833	XM_002922660.4	100.000	21	0	0	1	21	428	408	2.1	39.2
Query_23833	XM_033763385.1	100.000	21	0	0	1	21	286	266	2.1	39.2
Query_23833	XM_010633248.3	100.000	21	0	0	1	21	290	270	2.1	39.2
Query_23833	XM_033234596.1	100.000	21	0	0	1	21	632	612	2.1	39.2
Query_23833	XM_033234595.1	100.000	21	0	0	1	21	625	605	2.1	39.2
Query_23833	XM_033102457.1	100.000	21	0	0	1	21	932	912	2.1	39.2
Query_23833	XM_032858105.1	100.000	21	0	0	1	21	277	257	2.1	39.2
Query_23833	XM_032858104.1	100.000	21	0	0	1	21	496	476	2.1	39.2
Query_23833	XM_032484581.1	100.000	21	0	0	1	21	850	830	2.1	39.2
Query_23833	XM_032409288.1	100.000	21	0	0	1	21	437	417	2.1	39.2
Query_23833	XM_032339073.1	100.000	21	0	0	1	21	368	348	2.1	39.2
Query_23833	XM_032339072.1	100.000	21	0	0	1	21	536	516	2.1	39.2
Query_23833	XM_032275270.1	100.000	21	0	0	1	21	605	585	2.1	39.2
Query_23833	XM_032275268.1	100.000	21	0	0	1	21	605	585	2.1	39.2
Query_23833	XM_032155254.1	100.000	21	0	0	1	21	622	602	2.1	39.2
Query_23833	XM_023205281.3	100.000	21	0	0	1	21	634	614	2.1	39.2
Query_23833	XM_023205280.3	100.000	21	0	0	1	21	628	608	2.1	39.2
Query_23833	XM_006200291.3	100.000	21	0	0	1	21	282	262	2.1	39.2
Query_23833	XM_021937596.2	100.000	21	0	0	1	21	607	587	2.1	39.2
Query_23833	XM_021937595.2	100.000	21	0	0	1	21	607	587	2.1	39.2
Query_23833	XM_003897902.3	100.000	21	0	0	1	21	607	587	2.1	39.2
Query_23833	XM_031456030.1	100.000	21	0	0	1	21	845	825	2.1	39.2
Query_23833	XM_006733702.2	100.000	21	0	0	1	21	588	568	2.1	39.2
Query_23833	XM_004044402.3	100.000	21	0	0	1	21	609	589	2.1	39.2
Query_23833	XM_010357766.2	100.000	21	0	0	1	21	611	591	2.1	39.2
Query_23833	XM_030809469.1	100.000	21	0	0	1	21	757	737	2.1	39.2
Query_23833	XM_030315962.1	100.000	21	0	0	1	21	395	375	2.1	39.2
Query_23833	XM_028847361.1	100.000	21	0	0	1	21	631	611	2.1	39.2
Query_23833	XM_015136920.2	100.000	21	0	0	1	21	608	588	2.1	39.2
Query_23833	NM_016021.3	100.000	21	0	0	1	21	440	420	2.1	39.2
Query_23833	XM_027057263.1	100.000	21	0	0	1	21	302	282	2.1	39.2
Query_23833	XM_027057262.1	100.000	21	0	0	1	21	408	388	2.1	39.2
Query_23833	XM_028133890.1	100.000	21	0	0	1	21	184	164	2.1	39.2
Query_23833	XM_028133857.1	100.000	21	0	0	1	21	215	195	2.1	39.2
Query_23833	XM_028133800.1	100.000	21	0	0	1	21	347	327	2.1	39.2
Query_23833	XM_028133749.1	100.000	21	0	0	1	21	323	303	2.1	39.2
Query_23833	XM_008148916.2	100.000	21	0	0	1	21	347	327	2.1	39.2
Query_23833	XM_028108082.1	100.000	21	0	0	1	21	434	414	2.1	39.2
Query_23833	XM_012182786.3	100.000	21	0	0	1	21	374	354	2.1	39.2
Query_23833	XM_004011277.4	100.000	21	0	0	1	21	415	395	2.1	39.2
Query_23833	XM_027602663.1	100.000	21	0	0	1	21	554	534	2.1	39.2
Query_23833	XM_025925443.1	100.000	21	0	0	1	21	329	309	2.1	39.2
Query_23833	XM_025862555.1	100.000	21	0	0	1	21	491	471	2.1	39.2
Query_23833	XM_025382665.1	100.000	21	0	0	1	21	493	473	2.1	39.2
Query_23833	XM_025382664.1	100.000	21	0	0	1	21	264	244	2.1	39.2
Query_23833	XM_006055340.2	100.000	21	0	0	1	21	563	543	2.1	39.2
Query_23833	XM_025294593.1	100.000	21	0	0	1	21	464	444	2.1	39.2
Query_23833	XM_025042589.1	100.000	21	0	0	1	21	390	370	2.1	39.2
Query_23833	XM_006926311.3	100.000	21	0	0	1	21	390	370	2.1	39.2
Query_23833	XM_011766817.2	100.000	21	0	0	1	21	608	588	2.1	39.2
Query_23833	XM_011535888.3	100.000	21	0	0	1	21	873	853	2.1	39.2
Query_23833	XM_011535887.2	100.000	21	0	0	1	21	873	853	2.1	39.2
Query_23833	XM_518636.7	100.000	21	0	0	1	21	751	731	2.1	39.2
Query_23833	XM_009242085.2	100.000	21	0	0	1	21	612	592	2.1	39.2
Query_23833	XM_014458411.2	100.000	21	0	0	1	21	271	251	2.1	39.2
Query_23833	XM_023756503.1	100.000	21	0	0	1	21	403	383	2.1	39.2
Query_23833	XM_006091793.3	100.000	21	0	0	1	21	402	382	2.1	39.2
Query_23833	XM_004628208.3	100.000	21	0	0	1	21	396	376	2.1	39.2
Query_23833	XM_023650794.1	100.000	21	0	0	1	21	492	472	2.1	39.2
Query_23833	XM_040474158.1	100.000	21	0	0	1	21	302	282	2.1	39.2
Query_23833	XM_040474157.1	100.000	21	0	0	1	21	447	427	2.1	39.2
Query_23833	XM_040238806.1	100.000	21	0	0	1	21	440	420	2.1	39.2
Query_23833	XM_039853168.1	100.000	21	0	0	1	21	571	551	2.1	39.2
Query_23833	XM_003922932.3	100.000	21	0	0	1	21	940	920	2.1	39.2
Query_23833	XM_037843386.1	100.000	21	0	0	1	21	496	476	2.1	39.2
Query_23833	XM_037730801.1	100.000	21	0	0	1	21	955	935	2.1	39.2
Query_23833	XM_017506803.2	100.000	21	0	0	1	21	939	919	2.1	39.2
Query_23833	XM_037520102.1	100.000	21	0	0	1	21	343	323	2.1	39.2
Query_23833	XM_037520101.1	100.000	21	0	0	1	21	580	560	2.1	39.2
Query_23833	XM_037131209.1	100.000	21	0	0	1	21	458	438	2.1	39.2
Query_23833	XM_037131208.1	100.000	21	0	0	1	21	354	334	2.1	39.2
Query_23833	XM_037131207.1	100.000	21	0	0	1	21	449	429	2.1	39.2
Query_23833	XM_037039273.1	100.000	21	0	0	1	21	447	427	2.1	39.2
Query_23833	XM_037039272.1	100.000	21	0	0	1	21	380	360	2.1	39.2
Query_23833	XM_037039271.1	100.000	21	0	0	1	21	348	328	2.1	39.2
Query_23833	XM_036415243.1	100.000	21	0	0	1	21	175	155	2.1	39.2
Query_23833	XM_036415242.1	100.000	21	0	0	1	21	211	191	2.1	39.2
Query_23833	XM_036415241.1	100.000	21	0	0	1	21	343	323	2.1	39.2
Query_23833	XM_036415240.1	100.000	21	0	0	1	21	325	305	2.1	39.2
Query_23833	XM_036415239.1	100.000	21	0	0	1	21	339	319	2.1	39.2
Query_23833	XM_036316811.1	100.000	21	0	0	1	21	420	400	2.1	39.2
Query_23833	XM_036316810.1	100.000	21	0	0	1	21	443	423	2.1	39.2
Query_23833	XM_036316809.1	100.000	21	0	0	1	21	479	459	2.1	39.2
Query_23833	XM_036249188.1	100.000	21	0	0	1	21	294	274	2.1	39.2
Query_23833	XM_036249187.1	100.000	21	0	0	1	21	362	342	2.1	39.2
Query_23833	XM_016140616.2	100.000	21	0	0	1	21	571	551	2.1	39.2
Query_23833	XM_036065170.1	100.000	21	0	0	1	21	330	310	2.1	39.2
Query_23833	XM_036065168.1	100.000	21	0	0	1	21	440	420	2.1	39.2
Query_23833	XM_036024458.1	100.000	21	0	0	1	21	434	414	2.1	39.2
Query_23833	XM_028509327.2	100.000	21	0	0	1	21	427	407	2.1	39.2
Query_23833	XM_036024457.1	100.000	21	0	0	1	21	433	413	2.1	39.2
Query_23833	XM_027602662.2	100.000	21	0	0	1	21	457	437	2.1	39.2
Query_23833	XM_027602660.2	100.000	21	0	0	1	21	545	525	2.1	39.2
Query_23833	LR862362.1	100.000	21	0	0	1	21	39992403	39992423	2.1	39.2
Query_23833	XM_035296334.1	100.000	21	0	0	1	21	855	835	2.1	39.2
Query_23833	XM_008994763.2	100.000	21	0	0	1	21	1188	1168	2.1	39.2


