# blastn
# Iteration: 0
# Query: 
# RID: 6UC2XNC9013
# Database: nt
# Fields: query acc.ver, subject acc.ver, % identity, alignment length, mismatches, gap opens, q. start, q. end, s. start, s. end, evalue, bit score
# 105 hits found
Query_11767	NR_073119.3	100.000	21	0	0	1	21	141	121	2.1	39.2
Query_11767	NR_073120.3	100.000	21	0	0	1	21	141	121	2.1	39.2
Query_11767	NR_073121.3	100.000	21	0	0	1	21	141	121	2.1	39.2
Query_11767	NM_001001481.4	100.000	21	0	0	1	21	174	154	2.1	39.2
Query_11767	NM_001271015.3	100.000	21	0	0	1	21	141	121	2.1	39.2
Query_11767	NM_018299.6	100.000	21	0	0	1	21	141	121	2.1	39.2
Query_11767	LT733781.1	100.000	21	0	0	1	21	588	568	2.1	39.2
Query_11767	KJ894177.1	100.000	21	0	0	1	21	166	146	2.1	39.2
Query_11767	LR990341.1	100.000	21	0	0	1	21	16236054	16236034	2.1	39.2
Query_11767	LR990341.1	100.000	21	0	0	1	21	16255316	16255296	2.1	39.2
Query_11767	LR990341.1	100.000	20	0	0	2	21	16213929	16213910	7.2	37.4
Query_11767	LR990341.1	100.000	20	0	0	2	21	16237956	16237937	7.2	37.4
Query_11767	LR990341.1	100.000	20	0	0	2	21	16257218	16257199	7.2	37.4
Query_11767	LR990341.1	100.000	20	0	0	2	21	16269085	16269066	7.2	37.4
Query_11767	AK295792.1	100.000	21	0	0	1	21	189	169	2.1	39.2
Query_11767	AK225554.1	100.000	21	0	0	1	21	120	100	2.1	39.2
Query_11767	AY948289.1	100.000	21	0	0	1	21	158	138	2.1	39.2
Query_11767	BC016326.1	100.000	21	0	0	1	21	143	123	2.1	39.2
Query_11767	AK024050.1	100.000	21	0	0	1	21	187	167	2.1	39.2
Query_11767	AK021735.1	100.000	21	0	0	1	21	104	84	2.1	39.2
Query_11767	AK001873.1	100.000	21	0	0	1	21	104	84	2.1	39.2
Query_11767	AC022826.12	100.000	21	0	0	1	21	133879	133899	2.1	39.2
Query_11767	CR457275.1	100.000	21	0	0	1	21	101	81	2.1	39.2
Query_11767	BX648427.1	100.000	21	0	0	1	21	118	98	2.1	39.2
Query_11767	BX538145.1	100.000	21	0	0	1	21	112	92	2.1	39.2
Query_11767	XM_034966245.1	100.000	20	0	0	1	20	181	162	7.2	37.4
Query_11767	XM_003831319.3	100.000	20	0	0	1	20	189	170	7.2	37.4
Query_11767	XM_008956682.2	100.000	20	0	0	1	20	188	169	7.2	37.4
Query_11767	XM_034966244.1	100.000	20	0	0	1	20	516	497	7.2	37.4
Query_11767	AP023169.1	100.000	20	0	0	1	20	25553596	25553615	7.2	37.4
Query_11767	XM_033126722.1	100.000	20	0	0	1	20	180	161	7.2	37.4
Query_11767	XM_032784764.1	100.000	20	0	0	1	20	180	161	7.2	37.4
Query_11767	XM_032784762.1	100.000	20	0	0	1	20	180	161	7.2	37.4
Query_11767	XM_032759861.1	100.000	20	0	0	1	20	181	162	7.2	37.4
Query_11767	XM_032759860.1	100.000	20	0	0	1	20	603	584	7.2	37.4
Query_11767	XM_032759859.1	100.000	20	0	0	1	20	188	169	7.2	37.4
Query_11767	XM_032759858.1	100.000	20	0	0	1	20	183	164	7.2	37.4
Query_11767	XM_032609374.1	100.000	20	0	0	1	20	153	134	7.2	37.4
Query_11767	XM_032591955.1	100.000	20	0	0	1	20	188	169	7.2	37.4
Query_11767	XM_006202408.2	100.000	20	0	0	1	20	223	204	7.2	37.4
Query_11767	XM_031013634.1	100.000	20	0	0	1	20	182	163	7.2	37.4
Query_11767	XM_019032745.2	100.000	20	0	0	1	20	181	162	7.2	37.4
Query_11767	XM_003269433.4	100.000	20	0	0	1	20	181	162	7.2	37.4
Query_11767	XM_030795229.1	100.000	20	0	0	1	20	452	433	7.2	37.4
Query_11767	XM_003269432.4	100.000	20	0	0	1	20	188	169	7.2	37.4
Query_11767	XM_040487575.1	100.000	20	0	0	1	20	188	169	7.2	37.4
Query_11767	XM_040293935.1	100.000	20	0	0	1	20	167	148	7.2	37.4
Query_11767	XM_005335831.3	100.000	20	0	0	1	20	195	176	7.2	37.4
Query_11767	XM_040262050.1	100.000	20	0	0	1	20	188	169	7.2	37.4
Query_11767	XM_039841888.1	100.000	20	0	0	1	20	206	187	7.2	37.4
Query_11767	XM_039841887.1	100.000	20	0	0	1	20	207	188	7.2	37.4
Query_11767	XM_039841886.1	100.000	20	0	0	1	20	279	260	7.2	37.4
Query_11767	XM_039841885.1	100.000	20	0	0	1	20	361	342	7.2	37.4
Query_11767	XM_039841884.1	100.000	20	0	0	1	20	317	298	7.2	37.4
Query_11767	XM_039841883.1	100.000	20	0	0	1	20	219	200	7.2	37.4
Query_11767	XM_039841882.1	100.000	20	0	0	1	20	207	188	7.2	37.4
Query_11767	XM_039524425.1	100.000	20	0	0	1	20	207	188	7.2	37.4
Query_11767	XM_039524424.1	100.000	20	0	0	1	20	206	187	7.2	37.4
Query_11767	XM_039524423.1	100.000	20	0	0	1	20	208	189	7.2	37.4
Query_11767	XM_039524422.1	100.000	20	0	0	1	20	208	189	7.2	37.4
Query_11767	XM_039238384.1	100.000	20	0	0	1	20	104	85	7.2	37.4
Query_11767	XM_039238383.1	100.000	20	0	0	1	20	188	169	7.2	37.4
Query_11767	XM_038392137.1	100.000	20	0	0	1	20	472	453	7.2	37.4
Query_11767	XM_038392136.1	100.000	20	0	0	1	20	280	261	7.2	37.4
Query_11767	XM_038392135.1	100.000	20	0	0	1	20	265	246	7.2	37.4
Query_11767	XM_037892427.1	100.000	20	0	0	1	20	220	201	7.2	37.4
Query_11767	XM_037892426.1	100.000	20	0	0	1	20	190	171	7.2	37.4
Query_11767	XM_037892425.1	100.000	20	0	0	1	20	220	201	7.2	37.4
Query_11767	XM_037892424.1	100.000	20	0	0	1	20	220	201	7.2	37.4
Query_11767	XM_037892423.1	100.000	20	0	0	1	20	220	201	7.2	37.4
Query_11767	XM_037830081.1	100.000	20	0	0	1	20	125	106	7.2	37.4
Query_11767	XM_037802819.1	100.000	20	0	0	1	20	116	97	7.2	37.4
Query_11767	XM_037802818.1	100.000	20	0	0	1	20	126	107	7.2	37.4
Query_11767	XM_037505287.1	100.000	20	0	0	1	20	470	451	7.2	37.4
Query_11767	XM_037505278.1	100.000	20	0	0	1	20	202	183	7.2	37.4
Query_11767	XM_037505272.1	100.000	20	0	0	1	20	189	170	7.2	37.4
Query_11767	XM_037150958.1	100.000	20	0	0	1	20	175	156	7.2	37.4
Query_11767	XM_037150957.1	100.000	20	0	0	1	20	175	156	7.2	37.4
Query_11767	XM_037150956.1	100.000	20	0	0	1	20	175	156	7.2	37.4
Query_11767	XM_037150955.1	100.000	20	0	0	1	20	208	189	7.2	37.4
Query_11767	XM_037150954.1	100.000	20	0	0	1	20	344	325	7.2	37.4
Query_11767	XM_037150953.1	100.000	20	0	0	1	20	1024	1005	7.2	37.4
Query_11767	XM_037150952.1	100.000	20	0	0	1	20	208	189	7.2	37.4
Query_11767	XM_037150950.1	100.000	20	0	0	1	20	175	156	7.2	37.4
Query_11767	XM_037039733.1	100.000	20	0	0	1	20	222	203	7.2	37.4
Query_11767	XM_037039732.1	100.000	20	0	0	1	20	222	203	7.2	37.4
Query_11767	XM_037039731.1	100.000	20	0	0	1	20	203	184	7.2	37.4
Query_11767	XM_037039730.1	100.000	20	0	0	1	20	203	184	7.2	37.4
Query_11767	XM_037039729.1	100.000	20	0	0	1	20	203	184	7.2	37.4
Query_11767	XM_037039728.1	100.000	20	0	0	1	20	203	184	7.2	37.4
Query_11767	XM_037039727.1	100.000	20	0	0	1	20	203	184	7.2	37.4
Query_11767	XM_036997962.1	100.000	20	0	0	1	20	232	213	7.2	37.4
Query_11767	XM_036997961.1	100.000	20	0	0	1	20	194	175	7.2	37.4
Query_11767	XM_036887525.1	100.000	20	0	0	1	20	232	213	7.2	37.4
Query_11767	XM_036887524.1	100.000	20	0	0	1	20	191	172	7.2	37.4
Query_11767	XM_036437154.1	100.000	20	0	0	1	20	194	175	7.2	37.4
Query_11767	XM_036338550.1	100.000	20	0	0	1	20	170	151	7.2	37.4
Query_11767	XM_036338549.1	100.000	20	0	0	1	20	170	151	7.2	37.4
Query_11767	XM_036338548.1	100.000	20	0	0	1	20	170	151	7.2	37.4
Query_11767	XM_036338547.1	100.000	20	0	0	1	20	170	151	7.2	37.4
Query_11767	XM_036263809.1	100.000	20	0	0	1	20	189	170	7.2	37.4
Query_11767	XR_004954568.1	100.000	20	0	0	1	20	1662	1643	7.2	37.4
Query_11767	XM_016153703.2	100.000	20	0	0	1	20	189	170	7.2	37.4
Query_11767	XM_016153702.2	100.000	20	0	0	1	20	188	169	7.2	37.4
Query_11767	LR862371.1	100.000	20	0	0	1	20	34928152	34928171	7.2	37.4


