# blastn
# Iteration: 0
# Query: 
# RID: 72C1WG90016
# Database: nt
# Fields: query acc.ver, subject acc.ver, % identity, alignment length, mismatches, gap opens, q. start, q. end, s. start, s. end, evalue, bit score
# 100 hits found
Query_28667	XM_003828383.3	100.000	21	0	0	1	21	371	351	2.1	39.2
Query_28667	XM_033206268.1	100.000	21	0	0	1	21	348	328	2.1	39.2
Query_28667	XM_032910158.1	100.000	21	0	0	1	21	303	283	2.1	39.2
Query_28667	XM_032640683.1	100.000	21	0	0	1	21	458	438	2.1	39.2
Query_28667	XM_006186196.3	100.000	21	0	0	1	21	337	317	2.1	39.2
Query_28667	XM_032285763.1	100.000	21	0	0	1	21	327	307	2.1	39.2
Query_28667	XM_032285762.1	100.000	21	0	0	1	21	393	373	2.1	39.2
Query_28667	XM_032168115.1	100.000	21	0	0	1	21	327	307	2.1	39.2
Query_28667	XM_023208011.3	100.000	21	0	0	1	21	327	307	2.1	39.2
Query_28667	XM_015241282.2	100.000	21	0	0	1	21	338	318	2.1	39.2
Query_28667	XM_003910597.5	100.000	21	0	0	1	21	363	343	2.1	39.2
Query_28667	XM_010977792.2	100.000	21	0	0	1	21	337	317	2.1	39.2
Query_28667	XM_031343037.1	100.000	21	0	0	1	21	320	300	2.1	39.2
Query_28667	XM_031016085.1	100.000	21	0	0	1	21	333	313	2.1	39.2
Query_28667	XM_003253045.4	100.000	21	0	0	1	21	327	307	2.1	39.2
Query_28667	XM_029208695.1	100.000	21	0	0	1	21	458	438	2.1	39.2
Query_28667	XM_001097508.3	100.000	21	0	0	1	21	395	375	2.1	39.2
Query_28667	XM_024115301.2	100.000	21	0	0	1	21	1269	1249	2.1	39.2
Query_28667	NM_002423.5	100.000	21	0	0	1	21	328	308	2.1	39.2
Query_28667	XM_027087794.1	100.000	21	0	0	1	21	292	272	2.1	39.2
Query_28667	XM_026392501.1	100.000	21	0	0	1	21	301	281	2.1	39.2
Query_28667	XM_008149235.2	100.000	21	0	0	1	21	334	314	2.1	39.2
Query_28667	XM_007191221.2	100.000	21	0	0	1	21	462	442	2.1	39.2
Query_28667	XM_027930774.1	100.000	21	0	0	1	21	284	264	2.1	39.2
Query_28667	XM_025356956.1	100.000	21	0	0	1	21	328	308	2.1	39.2
Query_28667	XM_011761574.2	100.000	21	0	0	1	21	396	376	2.1	39.2
Query_28667	XM_024760356.1	100.000	21	0	0	1	21	458	438	2.1	39.2
Query_28667	XM_002822397.3	100.000	21	0	0	1	21	328	308	2.1	39.2
Query_28667	XM_006094666.3	100.000	21	0	0	1	21	319	299	2.1	39.2
Query_28667	XM_001498809.3	100.000	21	0	0	1	21	399	379	2.1	39.2
Query_28667	XM_022562067.1	100.000	21	0	0	1	21	458	438	2.1	39.2
Query_28667	XM_012455176.2	100.000	21	0	0	1	21	405	385	2.1	39.2
Query_28667	XM_021173154.1	100.000	21	0	0	1	21	214	194	2.1	39.2
Query_28667	XM_021173153.1	100.000	21	0	0	1	21	320	300	2.1	39.2
Query_28667	LT737011.1	100.000	21	0	0	1	21	768	748	2.1	39.2
Query_28667	AH006461.2	100.000	21	0	0	1	21	448	428	2.1	39.2
Query_28667	XM_019923741.1	100.000	21	0	0	1	21	292	272	2.1	39.2
Query_28667	XM_017850086.1	100.000	21	0	0	1	21	360	340	2.1	39.2
Query_28667	XM_508721.6	100.000	21	0	0	1	21	386	366	2.1	39.2
Query_28667	XM_016206721.1	100.000	21	0	0	1	21	281	261	2.1	39.2
Query_28667	AH003560.2	100.000	21	0	0	1	21	450	430	2.1	39.2
Query_28667	NM_001319986.1	100.000	21	0	0	1	21	220	200	2.1	39.2
Query_28667	NM_010810.5	100.000	21	0	0	1	21	326	306	2.1	39.2
Query_28667	XM_006775239.2	100.000	21	0	0	1	21	344	324	2.1	39.2
Query_28667	XM_015490060.1	100.000	21	0	0	1	21	316	296	2.1	39.2
Query_28667	XM_015490059.1	100.000	21	0	0	1	21	316	296	2.1	39.2
Query_28667	XM_005579462.2	100.000	21	0	0	1	21	1887	1867	2.1	39.2
Query_28667	XR_001401106.1	100.000	21	0	0	1	21	361	341	2.1	39.2
Query_28667	XM_014860015.1	100.000	21	0	0	1	21	361	341	2.1	39.2
Query_28667	XM_004427486.2	100.000	21	0	0	1	21	310	290	2.1	39.2
Query_28667	XM_005872215.2	100.000	21	0	0	1	21	343	323	2.1	39.2
Query_28667	XM_013009627.1	100.000	21	0	0	1	21	296	276	2.1	39.2
Query_28667	XM_012659168.1	100.000	21	0	0	1	21	335	315	2.1	39.2
Query_28667	XM_011926627.1	100.000	21	0	0	1	21	327	307	2.1	39.2
Query_28667	XM_012066592.1	100.000	21	0	0	1	21	354	334	2.1	39.2
Query_28667	XM_011984397.1	100.000	21	0	0	1	21	327	307	2.1	39.2
Query_28667	KF356281.1	100.000	21	0	0	1	21	218	198	2.1	39.2
Query_28667	XM_010953194.1	100.000	21	0	0	1	21	306	286	2.1	39.2
Query_28667	XM_010379058.1	100.000	21	0	0	1	21	327	307	2.1	39.2
Query_28667	XM_008579627.1	100.000	21	0	0	1	21	323	303	2.1	39.2
Query_28667	XM_008522755.1	100.000	21	0	0	1	21	340	320	2.1	39.2
Query_28667	KJ897196.1	100.000	21	0	0	1	21	346	326	2.1	39.2
Query_28667	XM_007448565.1	100.000	21	0	0	1	21	290	270	2.1	39.2
Query_28667	XM_004605159.1	100.000	21	0	0	1	21	287	267	2.1	39.2
Query_28667	XM_005329121.3	100.000	21	0	0	1	21	303	283	2.1	39.2
Query_28667	XM_003923774.3	100.000	21	0	0	1	21	327	307	2.1	39.2
Query_28667	XM_039470894.1	100.000	21	0	0	1	21	403	383	2.1	39.2
Query_28667	XM_004283360.1	100.000	21	0	0	1	21	292	272	2.1	39.2
Query_28667	JQ745664.1	100.000	21	0	0	1	21	276	256	2.1	39.2
Query_28667	XM_008020665.2	100.000	21	0	0	1	21	356	336	2.1	39.2
Query_28667	XM_017544765.2	100.000	21	0	0	1	21	327	307	2.1	39.2
Query_28667	XM_037062638.1	100.000	21	0	0	1	21	281	261	2.1	39.2
Query_28667	XM_036859864.1	100.000	21	0	0	1	21	463	443	2.1	39.2
Query_28667	XM_036324579.1	100.000	21	0	0	1	21	314	294	2.1	39.2
Query_28667	XM_035263998.1	100.000	21	0	0	1	21	2191	2211	2.1	39.2
Query_28667	XM_002754348.4	100.000	21	0	0	1	21	347	327	2.1	39.2
Query_28667	AB528509.1	100.000	21	0	0	1	21	290	270	2.1	39.2
Query_28667	AK293359.1	100.000	21	0	0	1	21	328	308	2.1	39.2
Query_28667	CU678547.1	100.000	21	0	0	1	21	539	559	2.1	39.2
Query_28667	CU678546.1	100.000	21	0	0	1	21	297	277	2.1	39.2
Query_28667	AK309687.1	100.000	21	0	0	1	21	331	311	2.1	39.2
Query_28667	EU176770.1	100.000	21	0	0	1	21	303	283	2.1	39.2
Query_28667	DQ893132.2	100.000	21	0	0	1	21	303	283	2.1	39.2
Query_28667	BC120655.1	100.000	21	0	0	1	21	305	285	2.1	39.2
Query_28667	AY795972.1	100.000	21	0	0	1	21	4936	4916	2.1	39.2
Query_28667	BC003635.2	100.000	21	0	0	1	21	312	292	2.1	39.2
Query_28667	NM_012864.2	100.000	21	0	0	1	21	309	289	2.1	39.2
Query_28667	AC126260.3	100.000	21	0	0	1	21	207903	207883	2.1	39.2
Query_28667	AK144515.1	100.000	21	0	0	1	21	323	303	2.1	39.2
Query_28667	AK222980.1	100.000	21	0	0	1	21	334	314	2.1	39.2
Query_28667	AF267158.1	100.000	21	0	0	1	21	24	4	2.1	39.2
Query_28667	Z11887.1	100.000	21	0	0	1	21	308	288	2.1	39.2
Query_28667	AL603630.11	100.000	21	0	0	1	21	140410	140390	2.1	39.2
Query_28667	AY891251.1	100.000	21	0	0	1	21	281	261	2.1	39.2
Query_28667	AY893344.1	100.000	21	0	0	1	21	281	261	2.1	39.2
Query_28667	AP001830.5	100.000	21	0	0	1	21	179098	179118	2.1	39.2
Query_28667	L36244.1	100.000	21	0	0	1	21	330	310	2.1	39.2
Query_28667	L24374.1	100.000	21	0	0	1	21	323	303	2.1	39.2
Query_28667	X07821.1	100.000	21	0	0	1	21	198	178	2.1	39.2
Query_28667	X07819.1	100.000	21	0	0	1	21	308	288	2.1	39.2


