# blastn
# Iteration: 0
# Query: 
# RID: 73WBXJSG01R
# Database: nt
# Fields: query acc.ver, subject acc.ver, % identity, alignment length, mismatches, gap opens, q. start, q. end, s. start, s. end, evalue, bit score
# 34 hits found
Query_482377	XM_003825980.3	100.000	21	0	0	1	21	391	371	2.0	39.2
Query_482377	XM_032838664.1	100.000	21	0	0	1	21	405	385	2.0	39.2
Query_482377	XM_031373764.1	100.000	21	0	0	1	21	384	364	2.0	39.2
Query_482377	NM_181800.3	100.000	21	0	0	1	21	260	240	2.0	39.2
Query_482377	NM_181801.4	100.000	21	0	0	1	21	490	470	2.0	39.2
Query_482377	NM_007019.4	100.000	21	0	0	1	21	347	327	2.0	39.2
Query_482377	CP034499.1	100.000	21	0	0	1	21	44384258	44384238	2.0	39.2
Query_482377	XM_009443484.3	100.000	21	0	0	1	21	389	369	2.0	39.2
Query_482377	XM_001156993.5	100.000	21	0	0	1	21	651	631	2.0	39.2
Query_482377	XM_004062268.2	100.000	21	0	0	1	21	409	389	2.0	39.2
Query_482377	XM_514682.6	100.000	21	0	0	1	21	410	390	2.0	39.2
Query_482377	XM_004711892.1	100.000	21	0	0	1	21	214	194	2.0	39.2
Query_482377	XM_004711890.1	100.000	21	0	0	1	21	340	320	2.0	39.2
Query_482377	XM_039473861.1	100.000	21	0	0	1	21	909	889	2.0	39.2
Query_482377	CP068258.1	100.000	21	0	0	1	21	47552098	47552078	2.0	39.2
Query_482377	AP023480.1	100.000	21	0	0	1	21	43851065	43851045	2.0	39.2
Query_482377	AL050348.22	100.000	21	0	0	1	21	85278	85258	2.0	39.2
Query_482377	EU831629.1	100.000	21	0	0	1	21	317	297	2.0	39.2
Query_482377	EU831714.1	100.000	21	0	0	1	21	317	297	2.0	39.2
Query_482377	DQ895630.2	100.000	21	0	0	1	21	317	297	2.0	39.2
Query_482377	DQ892416.2	100.000	21	0	0	1	21	317	297	2.0	39.2
Query_482377	BC028161.1	100.000	21	0	0	1	21	954	934	2.0	39.2
Query_482377	BC016292.1	100.000	21	0	0	1	21	344	324	2.0	39.2
Query_482377	BC007656.2	100.000	21	0	0	1	21	338	318	2.0	39.2
Query_482377	BC032677.2	100.000	21	0	0	1	21	1126	1106	2.0	39.2
Query_482377	BT007300.1	100.000	21	0	0	1	21	295	275	2.0	39.2
Query_482377	BT007515.1	100.000	21	0	0	1	21	295	275	2.0	39.2
Query_482377	CR456988.1	100.000	21	0	0	1	21	295	275	2.0	39.2
Query_482377	BC050736.1	100.000	21	0	0	1	21	365	345	2.0	39.2
Query_482377	U73379.1	100.000	21	0	0	1	21	335	315	2.0	39.2
Query_482377	XM_021716627.1	100.000	20	0	0	1	20	250	231	7.1	37.4
Query_482377	XM_021716625.1	100.000	20	0	0	1	20	342	323	7.1	37.4
Query_482377	XM_008057932.1	100.000	20	0	0	1	20	322	303	7.1	37.4
Query_482377	XM_008057931.1	100.000	20	0	0	1	20	409	390	7.1	37.4


