# blastn
# Iteration: 0
# Query: 
# RID: 73S6YXBN01R
# Database: nt
# Fields: query acc.ver, subject acc.ver, % identity, alignment length, mismatches, gap opens, q. start, q. end, s. start, s. end, evalue, bit score
# 100 hits found
Query_91625	XM_003817410.4	100.000	21	0	0	1	21	711	691	2.0	39.2
Query_91625	XM_034504298.1	100.000	21	0	0	1	21	805	785	2.0	39.2
Query_91625	XM_019945282.2	100.000	21	0	0	1	21	793	773	2.0	39.2
Query_91625	XM_004271794.3	100.000	21	0	0	1	21	813	793	2.0	39.2
Query_91625	CP050593.1	100.000	21	0	0	1	21	31020211	31020191	2.0	39.2
Query_91625	CP050635.1	100.000	21	0	0	1	21	31021918	31021898	2.0	39.2
Query_91625	XM_033183585.1	100.000	21	0	0	1	21	720	700	2.0	39.2
Query_91625	XM_032913970.1	100.000	21	0	0	1	21	785	765	2.0	39.2
Query_91625	XM_032615033.1	100.000	21	0	0	1	21	798	778	2.0	39.2
Query_91625	XM_006181400.3	100.000	21	0	0	1	21	809	789	2.0	39.2
Query_91625	XM_032280103.1	100.000	21	0	0	1	21	810	790	2.0	39.2
Query_91625	XM_032162573.1	100.000	21	0	0	1	21	720	700	2.0	39.2
Query_91625	XM_023203969.3	100.000	21	0	0	1	21	719	699	2.0	39.2
Query_91625	XM_003912784.4	100.000	21	0	0	1	21	796	776	2.0	39.2
Query_91625	XM_031468094.1	100.000	21	0	0	1	21	694	674	2.0	39.2
Query_91625	XM_031351580.1	100.000	21	0	0	1	21	1082	1062	2.0	39.2
Query_91625	XM_019026567.2	100.000	21	0	0	1	21	770	750	2.0	39.2
Query_91625	XM_010380650.2	100.000	21	0	0	1	21	720	700	2.0	39.2
Query_91625	XM_030881597.1	100.000	21	0	0	1	21	790	770	2.0	39.2
Query_91625	XM_003272285.3	100.000	21	0	0	1	21	1072	1052	2.0	39.2
Query_91625	MH729718.1	100.000	21	0	0	1	21	201	181	2.0	39.2
Query_91625	MH729717.1	100.000	21	0	0	1	21	201	181	2.0	39.2
Query_91625	MH729716.1	100.000	21	0	0	1	21	201	181	2.0	39.2
Query_91625	MH729715.1	100.000	21	0	0	1	21	201	181	2.0	39.2
Query_91625	MH729714.1	100.000	21	0	0	1	21	201	181	2.0	39.2
Query_91625	MH729713.1	100.000	21	0	0	1	21	201	181	2.0	39.2
Query_91625	NM_005450.6	100.000	21	0	0	1	21	726	706	2.0	39.2
Query_91625	MN038322.1	100.000	21	0	0	1	21	738	718	2.0	39.2
Query_91625	XM_008838436.3	100.000	21	0	0	1	21	828	808	2.0	39.2
Query_91625	XM_021212898.2	100.000	21	0	0	1	21	795	775	2.0	39.2
Query_91625	XM_021178260.2	100.000	21	0	0	1	21	394	374	2.0	39.2
Query_91625	XM_029212779.1	100.000	21	0	0	1	21	721	701	2.0	39.2
Query_91625	XM_028772481.1	100.000	21	0	0	1	21	734	714	2.0	39.2
Query_91625	XM_005350519.2	100.000	21	0	0	1	21	215	195	2.0	39.2
Query_91625	XM_026407803.1	100.000	21	0	0	1	21	783	763	2.0	39.2
Query_91625	XM_028164964.1	100.000	21	0	0	1	21	225	205	2.0	39.2
Query_91625	XM_027950363.1	100.000	21	0	0	1	21	724	704	2.0	39.2
Query_91625	XM_006172059.3	100.000	21	0	0	1	21	445	425	2.0	39.2
Query_91625	CP034495.1	100.000	21	0	0	1	21	54671785	54671765	2.0	39.2
Query_91625	XM_027519023.1	100.000	21	0	0	1	21	429	409	2.0	39.2
Query_91625	XM_025996239.1	100.000	21	0	0	1	21	201	181	2.0	39.2
Query_91625	XM_025362689.1	100.000	21	0	0	1	21	775	755	2.0	39.2
Query_91625	MF480653.1	100.000	21	0	0	1	21	228	208	2.0	39.2
Query_91625	XM_006076220.2	100.000	21	0	0	1	21	401	381	2.0	39.2
Query_91625	XM_006924856.3	100.000	21	0	0	1	21	545	525	2.0	39.2
Query_91625	XM_002695554.6	100.000	21	0	0	1	21	796	776	2.0	39.2
Query_91625	XM_011732968.2	100.000	21	0	0	1	21	831	811	2.0	39.2
Query_91625	XM_024757637.1	100.000	21	0	0	1	21	540	520	2.0	39.2
Query_91625	XM_024573455.1	100.000	21	0	0	1	21	710	690	2.0	39.2
Query_91625	XM_523802.6	100.000	21	0	0	1	21	781	761	2.0	39.2
Query_91625	CP027091.1	100.000	21	0	0	1	21	43794350	43794370	2.0	39.2
Query_91625	CP027087.1	100.000	21	0	0	1	21	7101385	7101365	2.0	39.2
Query_91625	XM_007109681.2	100.000	21	0	0	1	21	544	524	2.0	39.2
Query_91625	XM_024127830.1	100.000	21	0	0	1	21	544	524	2.0	39.2
Query_91625	XM_006095589.3	100.000	21	0	0	1	21	811	791	2.0	39.2
Query_91625	XM_004645279.2	100.000	21	0	0	1	21	406	386	2.0	39.2
Query_91625	XM_023652827.1	100.000	21	0	0	1	21	803	783	2.0	39.2
Query_91625	XM_011365003.2	100.000	21	0	0	1	21	720	700	2.0	39.2
Query_91625	XM_023563808.1	100.000	21	0	0	1	21	165	145	2.0	39.2
Query_91625	XM_004481252.3	100.000	21	0	0	1	21	683	663	2.0	39.2
Query_91625	XM_022552602.1	100.000	21	0	0	1	21	876	856	2.0	39.2
Query_91625	XM_012460453.2	100.000	21	0	0	1	21	812	792	2.0	39.2
Query_91625	XM_004859790.2	100.000	21	0	0	1	21	452	432	2.0	39.2
Query_91625	XM_020898946.1	100.000	21	0	0	1	21	730	710	2.0	39.2
Query_91625	XM_012741827.2	100.000	21	0	0	1	21	741	721	2.0	39.2
Query_91625	LT744950.1	100.000	21	0	0	1	21	688	668	2.0	39.2
Query_91625	XM_020186020.1	100.000	21	0	0	1	21	719	699	2.0	39.2
Query_91625	KY286086.1	100.000	21	0	0	1	21	201	181	2.0	39.2
Query_91625	XM_019982609.1	100.000	21	0	0	1	21	489	469	2.0	39.2
Query_91625	XM_019636610.1	100.000	21	0	0	1	21	816	796	2.0	39.2
Query_91625	XM_013971792.2	100.000	21	0	0	1	21	804	784	2.0	39.2
Query_91625	XM_017866509.1	100.000	21	0	0	1	21	800	780	2.0	39.2
Query_91625	XM_006972019.2	100.000	21	0	0	1	21	600	580	2.0	39.2
Query_91625	XM_006779310.2	100.000	21	0	0	1	21	111	91	2.0	39.2
Query_91625	XM_005321598.3	100.000	21	0	0	1	21	817	797	2.0	39.2
Query_91625	XM_040244285.1	100.000	21	0	0	1	21	854	834	2.0	39.2
Query_91625	HG994394.1	100.000	21	0	0	1	21	29720772	29720792	2.0	39.2
Query_91625	XM_039885709.1	100.000	21	0	0	1	21	720	700	2.0	39.2
Query_91625	XM_003931333.3	100.000	21	0	0	1	21	1381	1361	2.0	39.2
Query_91625	CP068261.1	100.000	21	0	0	1	21	57470837	57470817	2.0	39.2
Query_91625	XM_038675217.1	100.000	21	0	0	1	21	286	266	2.0	39.2
Query_91625	XM_005624988.2	100.000	21	0	0	1	21	286	266	2.0	39.2
Query_91625	XM_038329121.1	100.000	21	0	0	1	21	201	181	2.0	39.2
Query_91625	XM_008011393.2	100.000	21	0	0	1	21	787	767	2.0	39.2
Query_91625	XM_037809573.1	100.000	21	0	0	1	21	786	766	2.0	39.2
Query_91625	XM_017538823.2	100.000	21	0	0	1	21	719	699	2.0	39.2
Query_91625	XM_037493704.1	100.000	21	0	0	1	21	695	675	2.0	39.2
Query_91625	XM_028878202.2	100.000	21	0	0	1	21	737	717	2.0	39.2
Query_91625	XM_017654997.2	100.000	21	0	0	1	21	809	789	2.0	39.2
Query_91625	XM_036879834.1	100.000	21	0	0	1	21	802	782	2.0	39.2
Query_91625	XM_036454376.1	100.000	21	0	0	1	21	590	570	2.0	39.2
Query_91625	XM_036342124.1	100.000	21	0	0	1	21	234	214	2.0	39.2
Query_91625	XM_036269265.1	100.000	21	0	0	1	21	733	713	2.0	39.2
Query_91625	XM_016155130.2	100.000	21	0	0	1	21	790	770	2.0	39.2
Query_91625	AP023477.1	100.000	21	0	0	1	21	54043637	54043617	2.0	39.2
Query_91625	XM_036198140.1	100.000	21	0	0	1	21	734	714	2.0	39.2
Query_91625	XM_025440587.2	100.000	21	0	0	1	21	286	266	2.0	39.2
Query_91625	LR862372.1	100.000	21	0	0	1	21	24406858	24406838	2.0	39.2
Query_91625	XM_027426115.2	100.000	21	0	0	1	21	201	181	2.0	39.2
Query_91625	XM_002748399.4	100.000	21	0	0	1	21	721	701	2.0	39.2


