# blastn
# Iteration: 0
# Query: 
# RID: 6ZSY8U4E01R
# Database: nt
# Fields: query acc.ver, subject acc.ver, % identity, alignment length, mismatches, gap opens, q. start, q. end, s. start, s. end, evalue, bit score
# 32 hits found
Query_435681	XM_034509418.1	100.000	21	0	0	1	21	1054	1034	2.0	39.2
Query_435681	XM_032915907.1	100.000	21	0	0	1	21	1021	1001	2.0	39.2
Query_435681	XM_021210658.2	100.000	21	0	0	1	21	1014	994	2.0	39.2
Query_435681	XM_028758232.1	100.000	21	0	0	1	21	1004	984	2.0	39.2
Query_435681	FQ214550.1	100.000	21	0	0	1	21	981	961	2.0	39.2
Query_435681	FQ216757.1	100.000	21	0	0	1	21	986	966	2.0	39.2
Query_435681	FQ213111.1	100.000	21	0	0	1	21	982	962	2.0	39.2
Query_435681	FQ225334.1	100.000	21	0	0	1	21	983	963	2.0	39.2
Query_435681	FQ228750.1	100.000	21	0	0	1	21	981	961	2.0	39.2
Query_435681	NG_006685.3	100.000	21	0	0	1	21	1068	1048	2.0	39.2
Query_435681	NM_026242.3	100.000	21	0	0	1	21	1016	996	2.0	39.2
Query_435681	AC169036.3	100.000	21	0	0	1	21	131695	131715	2.0	39.2
Query_435681	BC085488.1	100.000	21	0	0	1	21	861	841	2.0	39.2
Query_435681	AC114605.11	100.000	21	0	0	1	21	110137	110117	2.0	39.2
Query_435681	AC112683.10	100.000	21	0	0	1	21	194558	194538	2.0	39.2
Query_435681	AC139214.12	100.000	21	0	0	1	21	1590	1570	2.0	39.2
Query_435681	AK170984.1	100.000	21	0	0	1	21	998	978	2.0	39.2
Query_435681	AK170909.1	100.000	21	0	0	1	21	994	974	2.0	39.2
Query_435681	AK170789.1	100.000	21	0	0	1	21	966	946	2.0	39.2
Query_435681	AK159464.1	100.000	21	0	0	1	21	1005	985	2.0	39.2
Query_435681	AK167112.1	100.000	21	0	0	1	21	997	977	2.0	39.2
Query_435681	AK020049.1	100.000	21	0	0	1	21	984	964	2.0	39.2
Query_435681	AK018675.1	100.000	21	0	0	1	21	966	946	2.0	39.2
Query_435681	AK017832.1	100.000	21	0	0	1	21	998	978	2.0	39.2
Query_435681	AK009827.1	100.000	21	0	0	1	21	974	954	2.0	39.2
Query_435681	AK005313.1	100.000	21	0	0	1	21	1008	988	2.0	39.2
Query_435681	AK217266.1	100.000	21	0	0	1	21	139	119	2.0	39.2
Query_435681	AC154476.2	100.000	21	0	0	1	21	78210	78230	2.0	39.2
Query_435681	NM_001009264.1	100.000	21	0	0	1	21	961	941	2.0	39.2
Query_435681	BC010209.1	100.000	21	0	0	1	21	985	965	2.0	39.2
Query_435681	AB041651.1	100.000	21	0	0	1	21	996	976	2.0	39.2
Query_435681	XM_021163845.2	100.000	20	0	0	2	21	1016	997	7.1	37.4


