# blastn
# Iteration: 0
# Query: 
# RID: 7RWA3GPV013
# Database: nt
# Fields: query acc.ver, subject acc.ver, % identity, alignment length, mismatches, gap opens, q. start, q. end, s. start, s. end, evalue, bit score
# 24 hits found
Query_19313	XM_021207906.1	100.000	21	0	0	1	21	747	727	2.1	39.2
Query_19313	XM_005346782.2	100.000	21	0	0	1	21	735	715	2.1	39.2
Query_19313	XM_038322110.1	100.000	21	0	0	1	21	711	691	2.1	39.2
Query_19313	NM_012864.2	100.000	21	0	0	1	21	736	716	2.1	39.2
Query_19313	L24374.1	100.000	21	0	0	1	21	750	730	2.1	39.2
Query_19313	X07824.1	100.000	21	0	0	1	21	116	96	2.1	39.2
Query_19313	XM_034491809.1	100.000	20	0	0	1	20	745	726	7.3	37.4
Query_19313	XM_031343037.1	100.000	20	0	0	1	20	747	728	7.3	37.4
Query_19313	XM_021231339.1	100.000	20	0	0	1	20	742	723	7.3	37.4
Query_19313	XM_021173154.1	100.000	20	0	0	1	20	641	622	7.3	37.4
Query_19313	XM_021173153.1	100.000	20	0	0	1	20	747	728	7.3	37.4
Query_19313	AH003560.2	100.000	20	0	0	1	20	1237	1218	7.3	37.4
Query_19313	NM_001319986.1	100.000	20	0	0	1	20	647	628	7.3	37.4
Query_19313	NM_010810.5	100.000	20	0	0	1	20	753	734	7.3	37.4
Query_19313	XM_001509974.6	100.000	20	0	0	1	20	1011	992	7.3	37.4
Query_19313	XM_036743959.1	100.000	20	0	0	1	20	792	773	7.3	37.4
Query_19313	LR877225.1	100.000	20	0	0	1	20	4292157	4292138	7.3	37.4
Query_19313	XM_027415188.2	100.000	20	0	0	1	20	708	689	7.3	37.4
Query_19313	XM_027439890.2	100.000	20	0	0	1	20	684	665	7.3	37.4
Query_19313	BC120655.1	100.000	20	0	0	1	20	732	713	7.3	37.4
Query_19313	AY622968.1	100.000	20	0	0	1	20	107	88	7.3	37.4
Query_19313	AK144515.1	100.000	20	0	0	1	20	750	731	7.3	37.4
Query_19313	AL603630.11	100.000	20	0	0	1	20	142764	142745	7.3	37.4
Query_19313	L36244.1	100.000	20	0	0	1	20	757	738	7.3	37.4


