# blastn
# Iteration: 0
# Query: 
# RID: 73N16F5K01R
# Database: nt
# Fields: query acc.ver, subject acc.ver, % identity, alignment length, mismatches, gap opens, q. start, q. end, s. start, s. end, evalue, bit score
# 100 hits found
Query_333537	XM_035027375.1	100.000	21	0	0	1	21	1174	1154	2.0	39.2
Query_333537	XM_003817410.4	100.000	21	0	0	1	21	1101	1081	2.0	39.2
Query_333537	AP023165.1	100.000	21	0	0	1	21	32209223	32209243	2.0	39.2
Query_333537	XM_019795727.2	100.000	21	0	0	1	21	1196	1176	2.0	39.2
Query_333537	XM_019945282.2	100.000	21	0	0	1	21	1183	1163	2.0	39.2
Query_333537	XM_004271794.3	100.000	21	0	0	1	21	1203	1183	2.0	39.2
Query_333537	CP050593.1	100.000	21	0	0	1	21	31020619	31020599	2.0	39.2
Query_333537	CP050635.1	100.000	21	0	0	1	21	31022326	31022306	2.0	39.2
Query_333537	XM_033183585.1	100.000	21	0	0	1	21	1110	1090	2.0	39.2
Query_333537	XM_032615033.1	100.000	21	0	0	1	21	1188	1168	2.0	39.2
Query_333537	XM_006181400.3	100.000	21	0	0	1	21	1199	1179	2.0	39.2
Query_333537	XM_032428988.1	100.000	21	0	0	1	21	1181	1161	2.0	39.2
Query_333537	XM_032280103.1	100.000	21	0	0	1	21	1200	1180	2.0	39.2
Query_333537	XM_032162573.1	100.000	21	0	0	1	21	1110	1090	2.0	39.2
Query_333537	XM_023203969.3	100.000	21	0	0	1	21	1109	1089	2.0	39.2
Query_333537	XM_006216420.2	100.000	21	0	0	1	21	257	237	2.0	39.2
Query_333537	XM_003912784.4	100.000	21	0	0	1	21	1186	1166	2.0	39.2
Query_333537	XM_031468094.1	100.000	21	0	0	1	21	1084	1064	2.0	39.2
Query_333537	XM_019026567.2	100.000	21	0	0	1	21	1160	1140	2.0	39.2
Query_333537	XM_010380650.2	100.000	21	0	0	1	21	1110	1090	2.0	39.2
Query_333537	XM_030881597.1	100.000	21	0	0	1	21	1180	1160	2.0	39.2
Query_333537	XM_003272285.3	100.000	21	0	0	1	21	1462	1442	2.0	39.2
Query_333537	MH729718.1	100.000	21	0	0	1	21	591	571	2.0	39.2
Query_333537	MH729717.1	100.000	21	0	0	1	21	591	571	2.0	39.2
Query_333537	MH729716.1	100.000	21	0	0	1	21	591	571	2.0	39.2
Query_333537	MH729715.1	100.000	21	0	0	1	21	591	571	2.0	39.2
Query_333537	MH729714.1	100.000	21	0	0	1	21	591	571	2.0	39.2
Query_333537	MH729713.1	100.000	21	0	0	1	21	591	571	2.0	39.2
Query_333537	NM_005450.6	100.000	21	0	0	1	21	1116	1096	2.0	39.2
Query_333537	XM_030296487.1	100.000	21	0	0	1	21	1222	1202	2.0	39.2
Query_333537	XM_029212779.1	100.000	21	0	0	1	21	1111	1091	2.0	39.2
Query_333537	XM_027087081.1	100.000	21	0	0	1	21	1180	1160	2.0	39.2
Query_333537	XM_027034179.1	100.000	21	0	0	1	21	1222	1202	2.0	39.2
Query_333537	XM_026517916.1	100.000	21	0	0	1	21	1057	1037	2.0	39.2
Query_333537	XM_026407803.1	100.000	21	0	0	1	21	1173	1153	2.0	39.2
Query_333537	XM_008147742.2	100.000	21	0	0	1	21	1240	1220	2.0	39.2
Query_333537	XM_028164964.1	100.000	21	0	0	1	21	615	595	2.0	39.2
Query_333537	XM_027950363.1	100.000	21	0	0	1	21	1114	1094	2.0	39.2
Query_333537	CP034495.1	100.000	21	0	0	1	21	54672175	54672155	2.0	39.2
Query_333537	XM_027519023.1	100.000	21	0	0	1	21	819	799	2.0	39.2
Query_333537	XM_025996239.1	100.000	21	0	0	1	21	543	523	2.0	39.2
Query_333537	XM_025851038.1	100.000	21	0	0	1	21	591	571	2.0	39.2
Query_333537	XM_025362689.1	100.000	21	0	0	1	21	1165	1145	2.0	39.2
Query_333537	MF480653.1	100.000	21	0	0	1	21	618	598	2.0	39.2
Query_333537	XM_006076220.2	100.000	21	0	0	1	21	791	771	2.0	39.2
Query_333537	XM_002695554.6	100.000	21	0	0	1	21	1186	1166	2.0	39.2
Query_333537	XM_011732968.2	100.000	21	0	0	1	21	1221	1201	2.0	39.2
Query_333537	XM_024757637.1	100.000	21	0	0	1	21	930	910	2.0	39.2
Query_333537	XM_523802.6	100.000	21	0	0	1	21	1171	1151	2.0	39.2
Query_333537	CP027087.1	100.000	21	0	0	1	21	7101767	7101747	2.0	39.2
Query_333537	XM_002827353.4	100.000	21	0	0	1	21	1110	1090	2.0	39.2
Query_333537	XM_007109681.2	100.000	21	0	0	1	21	934	914	2.0	39.2
Query_333537	XM_024127830.1	100.000	21	0	0	1	21	934	914	2.0	39.2
Query_333537	KY888941.1	100.000	21	0	0	1	21	405	385	2.0	39.2
Query_333537	XM_006095589.3	100.000	21	0	0	1	21	1201	1181	2.0	39.2
Query_333537	XM_023652827.1	100.000	21	0	0	1	21	1193	1173	2.0	39.2
Query_333537	XM_004481252.3	100.000	21	0	0	1	21	1073	1053	2.0	39.2
Query_333537	XM_011279931.3	100.000	21	0	0	1	21	1215	1195	2.0	39.2
Query_333537	XM_022552602.1	100.000	21	0	0	1	21	1266	1246	2.0	39.2
Query_333537	XM_012460453.2	100.000	21	0	0	1	21	1202	1182	2.0	39.2
Query_333537	XM_021704444.1	100.000	21	0	0	1	21	605	585	2.0	39.2
Query_333537	XM_012741827.2	100.000	21	0	0	1	21	1131	1111	2.0	39.2
Query_333537	LT744950.1	100.000	21	0	0	1	21	1078	1058	2.0	39.2
Query_333537	XM_019982609.1	100.000	21	0	0	1	21	879	859	2.0	39.2
Query_333537	XM_019415688.1	100.000	21	0	0	1	21	745	725	2.0	39.2
Query_333537	XM_013971792.2	100.000	21	0	0	1	21	1194	1174	2.0	39.2
Query_333537	XM_017866509.1	100.000	21	0	0	1	21	1187	1167	2.0	39.2
Query_333537	XM_006779310.2	100.000	21	0	0	1	21	492	472	2.0	39.2
Query_333537	XM_015495857.1	100.000	21	0	0	1	21	594	574	2.0	39.2
Query_333537	XM_005583787.2	100.000	21	0	0	1	21	1110	1090	2.0	39.2
Query_333537	XM_014861061.1	100.000	21	0	0	1	21	1004	984	2.0	39.2
Query_333537	XM_005872564.2	100.000	21	0	0	1	21	594	574	2.0	39.2
Query_333537	XM_003795558.2	100.000	21	0	0	1	21	1112	1092	2.0	39.2
Query_333537	XM_012665691.1	100.000	21	0	0	1	21	1157	1137	2.0	39.2
Query_333537	XM_004377901.2	100.000	21	0	0	1	21	1120	1100	2.0	39.2
Query_333537	XM_012054883.1	100.000	21	0	0	1	21	1110	1090	2.0	39.2
Query_333537	XM_011953737.1	100.000	21	0	0	1	21	599	579	2.0	39.2
Query_333537	XM_011979238.1	100.000	21	0	0	1	21	554	534	2.0	39.2
Query_333537	XM_010951088.1	100.000	21	0	0	1	21	671	651	2.0	39.2
Query_333537	XM_005321598.3	100.000	21	0	0	1	21	1207	1187	2.0	39.2
Query_333537	XM_040244285.1	100.000	21	0	0	1	21	1244	1224	2.0	39.2
Query_333537	HG994394.1	100.000	21	0	0	1	21	29720358	29720378	2.0	39.2
Query_333537	XM_003931333.3	100.000	21	0	0	1	21	1771	1751	2.0	39.2
Query_333537	XM_039241125.1	100.000	21	0	0	1	21	1179	1159	2.0	39.2
Query_333537	CP068261.1	100.000	21	0	0	1	21	57471227	57471207	2.0	39.2
Query_333537	XM_038675217.1	100.000	21	0	0	1	21	700	680	2.0	39.2
Query_333537	XM_005624988.2	100.000	21	0	0	1	21	694	674	2.0	39.2
Query_333537	XM_008011393.2	100.000	21	0	0	1	21	1177	1157	2.0	39.2
Query_333537	XM_037809573.1	100.000	21	0	0	1	21	1176	1156	2.0	39.2
Query_333537	XM_017538823.2	100.000	21	0	0	1	21	1109	1089	2.0	39.2
Query_333537	XM_037493704.1	100.000	21	0	0	1	21	1085	1065	2.0	39.2
Query_333537	XM_017654997.2	100.000	21	0	0	1	21	1199	1179	2.0	39.2
Query_333537	XM_036879834.1	100.000	21	0	0	1	21	1192	1172	2.0	39.2
Query_333537	XM_036342124.1	100.000	21	0	0	1	21	624	604	2.0	39.2
Query_333537	XM_016155130.2	100.000	21	0	0	1	21	1180	1160	2.0	39.2
Query_333537	AP023477.1	100.000	21	0	0	1	21	54044027	54044007	2.0	39.2
Query_333537	XM_036106165.1	100.000	21	0	0	1	21	1191	1171	2.0	39.2
Query_333537	XM_028520706.2	100.000	21	0	0	1	21	1182	1162	2.0	39.2
Query_333537	XM_025440587.2	100.000	21	0	0	1	21	706	686	2.0	39.2
Query_333537	XM_002748399.4	100.000	21	0	0	1	21	1111	1091	2.0	39.2


