# blastn
# Iteration: 0
# Query: 
# RID: 9PMDZHXK01N
# Database: nt
# Fields: query acc.ver, subject acc.ver, % identity, alignment length, mismatches, gap opens, q. start, q. end, s. start, s. end, evalue, bit score
# 100 hits found
Query_286719	XM_034962171.1	100.000	21	0	0	1	21	2397	2377	2.1	39.2
Query_286719	XM_008958732.2	100.000	21	0	0	1	21	2599	2579	2.1	39.2
Query_286719	XM_003833230.2	100.000	21	0	0	1	21	2570	2550	2.1	39.2
Query_286719	XM_033864160.1	100.000	21	0	0	1	21	2794	2774	2.1	39.2
Query_286719	XM_033864159.1	100.000	21	0	0	1	21	2648	2628	2.1	39.2
Query_286719	XM_033864158.1	100.000	21	0	0	1	21	2770	2750	2.1	39.2
Query_286719	XM_033423918.1	100.000	21	0	0	1	21	2790	2770	2.1	39.2
Query_286719	XM_033423917.1	100.000	21	0	0	1	21	2644	2624	2.1	39.2
Query_286719	XM_004267532.2	100.000	21	0	0	1	21	2766	2746	2.1	39.2
Query_286719	XM_032648849.1	100.000	21	0	0	1	21	2695	2675	2.1	39.2
Query_286719	XM_032648848.1	100.000	21	0	0	1	21	2554	2534	2.1	39.2
Query_286719	XM_032299538.1	100.000	21	0	0	1	21	2478	2458	2.1	39.2
Query_286719	XM_032299537.1	100.000	21	0	0	1	21	2612	2592	2.1	39.2
Query_286719	XM_032299536.1	100.000	21	0	0	1	21	2644	2624	2.1	39.2
Query_286719	XM_032299535.1	100.000	21	0	0	1	21	2638	2618	2.1	39.2
Query_286719	XM_032299534.1	100.000	21	0	0	1	21	2561	2541	2.1	39.2
Query_286719	XM_032141775.1	100.000	21	0	0	1	21	2510	2490	2.1	39.2
Query_286719	XM_032141774.1	100.000	21	0	0	1	21	2637	2617	2.1	39.2
Query_286719	XM_032141773.1	100.000	21	0	0	1	21	2555	2535	2.1	39.2
Query_286719	XM_019029654.2	100.000	21	0	0	1	21	2659	2639	2.1	39.2
Query_286719	XM_031012164.1	100.000	21	0	0	1	21	2489	2469	2.1	39.2
Query_286719	XM_031012163.1	100.000	21	0	0	1	21	2632	2612	2.1	39.2
Query_286719	XM_019029653.2	100.000	21	0	0	1	21	2698	2678	2.1	39.2
Query_286719	XM_031012162.1	100.000	21	0	0	1	21	2555	2535	2.1	39.2
Query_286719	XM_030870587.1	100.000	21	0	0	1	21	2794	2774	2.1	39.2
Query_286719	XM_030870586.1	100.000	21	0	0	1	21	2648	2628	2.1	39.2
Query_286719	XM_030870585.1	100.000	21	0	0	1	21	2770	2750	2.1	39.2
Query_286719	XM_030795985.1	100.000	21	0	0	1	21	2510	2490	2.1	39.2
Query_286719	XM_030795984.1	100.000	21	0	0	1	21	2601	2581	2.1	39.2
Query_286719	XM_030795983.1	100.000	21	0	0	1	21	2637	2617	2.1	39.2
Query_286719	XM_030795982.1	100.000	21	0	0	1	21	2555	2535	2.1	39.2
Query_286719	XR_003728968.1	100.000	21	0	0	1	21	8	28	2.1	39.2
Query_286719	XM_028847511.1	100.000	21	0	0	1	21	2447	2427	2.1	39.2
Query_286719	XM_028847510.1	100.000	21	0	0	1	21	2626	2606	2.1	39.2
Query_286719	XM_028847509.1	100.000	21	0	0	1	21	2590	2570	2.1	39.2
Query_286719	XM_015136438.2	100.000	21	0	0	1	21	2562	2542	2.1	39.2
Query_286719	XM_015136440.2	100.000	21	0	0	1	21	2666	2646	2.1	39.2
Query_286719	NM_018426.3	100.000	21	0	0	1	21	2561	2541	2.1	39.2
Query_286719	XM_027127384.1	100.000	21	0	0	1	21	2820	2800	2.1	39.2
Query_286719	XM_027127383.1	100.000	21	0	0	1	21	2674	2654	2.1	39.2
Query_286719	XM_027127382.1	100.000	21	0	0	1	21	2796	2776	2.1	39.2
Query_286719	XM_007193802.2	100.000	21	0	0	1	21	2555	2535	2.1	39.2
Query_286719	XM_007193801.2	100.000	21	0	0	1	21	2694	2674	2.1	39.2
Query_286719	XM_024766113.1	100.000	21	0	0	1	21	2700	2680	2.1	39.2
Query_286719	XM_024766112.1	100.000	21	0	0	1	21	2469	2449	2.1	39.2
Query_286719	XM_024446482.1	100.000	21	0	0	1	21	2829	2809	2.1	39.2
Query_286719	XM_009451354.3	100.000	21	0	0	1	21	2633	2613	2.1	39.2
Query_286719	XM_016955600.2	100.000	21	0	0	1	21	2602	2582	2.1	39.2
Query_286719	XM_016955605.2	100.000	21	0	0	1	21	2782	2762	2.1	39.2
Query_286719	XM_024357229.1	100.000	21	0	0	1	21	2499	2479	2.1	39.2
Query_286719	XM_016955604.2	100.000	21	0	0	1	21	2612	2592	2.1	39.2
Query_286719	XM_016955603.2	100.000	21	0	0	1	21	2822	2802	2.1	39.2
Query_286719	XM_016955602.2	100.000	21	0	0	1	21	2555	2535	2.1	39.2
Query_286719	XM_016955601.2	100.000	21	0	0	1	21	2891	2871	2.1	39.2
Query_286719	XM_024248597.1	100.000	21	0	0	1	21	2629	2609	2.1	39.2
Query_286719	XM_024248596.1	100.000	21	0	0	1	21	2470	2450	2.1	39.2
Query_286719	XM_024248595.1	100.000	21	0	0	1	21	2632	2612	2.1	39.2
Query_286719	XM_024248594.1	100.000	21	0	0	1	21	2913	2893	2.1	39.2
Query_286719	XM_024248593.1	100.000	21	0	0	1	21	2553	2533	2.1	39.2
Query_286719	XM_012804842.2	100.000	21	0	0	1	21	2503	2483	2.1	39.2
Query_286719	XM_023512831.1	100.000	21	0	0	1	21	2587	2567	2.1	39.2
Query_286719	XM_039466881.1	100.000	21	0	0	1	21	2685	2665	2.1	39.2
Query_286719	XM_010333936.2	100.000	21	0	0	1	21	2735	2715	2.1	39.2
Query_286719	XM_039466875.1	100.000	21	0	0	1	21	2561	2541	2.1	39.2
Query_286719	XM_017547408.2	100.000	21	0	0	1	21	2540	2520	2.1	39.2
Query_286719	XM_037745344.1	100.000	21	0	0	1	21	2612	2592	2.1	39.2
Query_286719	XM_017547404.2	100.000	21	0	0	1	21	2581	2561	2.1	39.2
Query_286719	XM_017547403.2	100.000	21	0	0	1	21	2638	2618	2.1	39.2
Query_286719	XM_017547402.2	100.000	21	0	0	1	21	2556	2536	2.1	39.2
Query_286719	XM_037013714.1	100.000	21	0	0	1	21	2397	2377	2.1	39.2
Query_286719	XM_037013669.1	100.000	21	0	0	1	21	2457	2437	2.1	39.2
Query_286719	XM_017676271.2	100.000	21	0	0	1	21	2690	2670	2.1	39.2
Query_286719	XM_017676270.2	100.000	21	0	0	1	21	2548	2528	2.1	39.2
Query_286719	XM_017676269.2	100.000	21	0	0	1	21	2584	2564	2.1	39.2
Query_286719	XM_036927364.1	100.000	21	0	0	1	21	2397	2377	2.1	39.2
Query_286719	XM_036927362.1	100.000	21	0	0	1	21	2455	2435	2.1	39.2
Query_286719	XM_036927361.1	100.000	21	0	0	1	21	2549	2529	2.1	39.2
Query_286719	XM_036927360.1	100.000	21	0	0	1	21	2679	2659	2.1	39.2
Query_286719	XM_036927359.1	100.000	21	0	0	1	21	2582	2562	2.1	39.2
Query_286719	XM_036868838.1	100.000	21	0	0	1	21	2176	2156	2.1	39.2
Query_286719	XM_036868837.1	100.000	21	0	0	1	21	2499	2479	2.1	39.2
Query_286719	XM_036868836.1	100.000	21	0	0	1	21	2520	2500	2.1	39.2
Query_286719	XM_036868835.1	100.000	21	0	0	1	21	2537	2517	2.1	39.2
Query_286719	XM_036868834.1	100.000	21	0	0	1	21	2696	2676	2.1	39.2
Query_286719	XM_036868833.1	100.000	21	0	0	1	21	2631	2611	2.1	39.2
Query_286719	XM_036868832.1	100.000	21	0	0	1	21	2714	2694	2.1	39.2
Query_286719	XM_036868831.1	100.000	21	0	0	1	21	2559	2539	2.1	39.2
Query_286719	XM_036218440.1	100.000	21	0	0	1	21	2441	2421	2.1	39.2
Query_286719	XM_036218439.1	100.000	21	0	0	1	21	2690	2670	2.1	39.2
Query_286719	XM_016128649.2	100.000	21	0	0	1	21	2542	2522	2.1	39.2
Query_286719	XM_016128651.2	100.000	21	0	0	1	21	2530	2510	2.1	39.2
Query_286719	XM_016128648.2	100.000	21	0	0	1	21	2569	2549	2.1	39.2
Query_286719	XM_035295753.1	100.000	21	0	0	1	21	2618	2598	2.1	39.2
Query_286719	XM_035295752.1	100.000	21	0	0	1	21	2541	2521	2.1	39.2
Query_286719	XM_035295750.1	100.000	21	0	0	1	21	2741	2721	2.1	39.2
Query_286719	XM_035295749.1	100.000	21	0	0	1	21	2571	2551	2.1	39.2
Query_286719	XM_035295748.1	100.000	21	0	0	1	21	2585	2565	2.1	39.2
Query_286719	XM_035295747.1	100.000	21	0	0	1	21	2615	2595	2.1	39.2
Query_286719	XM_035295746.1	100.000	21	0	0	1	21	2740	2720	2.1	39.2
Query_286719	XM_035295745.1	100.000	21	0	0	1	21	2590	2570	2.1	39.2


