# blastn
# Iteration: 0
# Query: 
# RID: 6MDWMUS9016
# Database: nt
# Fields: query acc.ver, subject acc.ver, % identity, alignment length, mismatches, gap opens, q. start, q. end, s. start, s. end, evalue, bit score
# 101 hits found
Query_28709	XM_040271848.1	100.000	21	0	0	1	21	225	205	2.0	39.2
Query_28709	XM_005327276.3	100.000	21	0	0	1	21	225	205	2.0	39.2
Query_28709	XM_005325742.4	100.000	21	0	0	1	21	489	469	2.0	39.2
Query_28709	XM_040293037.1	100.000	21	0	0	1	21	380	360	2.0	39.2
Query_28709	XM_005325741.4	100.000	21	0	0	1	21	517	497	2.0	39.2
Query_28709	XM_040266533.1	100.000	21	0	0	1	21	428	408	2.0	39.2
Query_28709	XM_040239983.1	100.000	21	0	0	1	21	711	691	2.0	39.2
Query_28709	XM_040237783.1	100.000	21	0	0	1	21	237	217	2.0	39.2
Query_28709	XM_040237782.1	100.000	21	0	0	1	21	222	202	2.0	39.2
Query_28709	XR_005720632.1	100.000	21	0	0	1	21	513	493	2.0	39.2
Query_28709	XM_040237780.1	100.000	21	0	0	1	21	609	589	2.0	39.2
Query_28709	XM_040237779.1	100.000	21	0	0	1	21	488	468	2.0	39.2
Query_28709	XM_040237778.1	100.000	21	0	0	1	21	513	493	2.0	39.2
Query_28709	XM_040237777.1	100.000	21	0	0	1	21	624	604	2.0	39.2
Query_28709	XM_040237776.1	100.000	21	0	0	1	21	612	592	2.0	39.2
Query_28709	XM_040237775.1	100.000	21	0	0	1	21	526	506	2.0	39.2
Query_28709	XM_040237774.1	100.000	21	0	0	1	21	502	482	2.0	39.2
Query_28709	XM_040237773.1	100.000	21	0	0	1	21	525	505	2.0	39.2
Query_28709	XM_040237772.1	100.000	21	0	0	1	21	388	368	2.0	39.2
Query_28709	XM_040237771.1	100.000	21	0	0	1	21	447	427	2.0	39.2
Query_28709	XM_040237769.1	100.000	21	0	0	1	21	526	506	2.0	39.2
Query_28709	XM_040237768.1	100.000	21	0	0	1	21	500	480	2.0	39.2
Query_28709	XM_040237767.1	100.000	21	0	0	1	21	513	493	2.0	39.2
Query_28709	HG996556.1	100.000	21	0	0	1	21	4772512	4772532	2.0	39.2
Query_28709	HG994414.1	100.000	21	0	0	1	21	17435231	17435211	2.0	39.2
Query_28709	HG994405.1	100.000	21	0	0	1	21	6085618	6085598	2.0	39.2
Query_28709	HG994404.1	100.000	21	0	0	1	21	45910498	45910518	2.0	39.2
Query_28709	HG994404.1	100.000	20	0	0	1	20	11569724	11569705	7.1	37.4
Query_28709	HG994396.1	100.000	21	0	0	1	21	7498982	7499002	2.0	39.2
Query_28709	HG994387.1	100.000	21	0	0	1	21	35746415	35746395	2.0	39.2
Query_28709	XM_039836278.1	100.000	21	0	0	1	21	604	584	2.0	39.2
Query_28709	XM_039836277.1	100.000	21	0	0	1	21	844	824	2.0	39.2
Query_28709	XM_039854835.1	100.000	21	0	0	1	21	256	236	2.0	39.2
Query_28709	XM_039848730.1	100.000	21	0	0	1	21	571	551	2.0	39.2
Query_28709	XM_039848729.1	100.000	21	0	0	1	21	503	483	2.0	39.2
Query_28709	XM_039848728.1	100.000	21	0	0	1	21	487	467	2.0	39.2
Query_28709	XM_039848727.1	100.000	21	0	0	1	21	498	478	2.0	39.2
Query_28709	XM_039848726.1	100.000	21	0	0	1	21	680	660	2.0	39.2
Query_28709	XM_039848725.1	100.000	21	0	0	1	21	514	494	2.0	39.2
Query_28709	XM_039759226.1	100.000	21	0	0	1	21	534	514	2.0	39.2
Query_28709	XM_039759225.1	100.000	21	0	0	1	21	538	518	2.0	39.2
Query_28709	XM_003929504.3	100.000	21	0	0	1	21	589	569	2.0	39.2
Query_28709	XM_003929505.3	100.000	21	0	0	1	21	716	696	2.0	39.2
Query_28709	XM_003929502.3	100.000	21	0	0	1	21	524	504	2.0	39.2
Query_28709	XM_010340110.2	100.000	21	0	0	1	21	589	569	2.0	39.2
Query_28709	XM_010340111.2	100.000	21	0	0	1	21	716	696	2.0	39.2
Query_28709	XM_010340109.2	100.000	21	0	0	1	21	524	504	2.0	39.2
Query_28709	XM_039468319.1	100.000	21	0	0	1	21	860	840	2.0	39.2
Query_28709	LR794188.1	100.000	21	0	0	1	21	69988950	69988930	2.0	39.2
Query_28709	XM_039220817.1	100.000	21	0	0	1	21	433	413	2.0	39.2
Query_28709	XM_039220816.1	100.000	21	0	0	1	21	485	465	2.0	39.2
Query_28709	XM_039220815.1	100.000	21	0	0	1	21	464	444	2.0	39.2
Query_28709	XM_039252740.1	100.000	21	0	0	1	21	259	239	2.0	39.2
Query_28709	XM_039252739.1	100.000	21	0	0	1	21	685	665	2.0	39.2
Query_28709	CP068258.1	100.000	21	0	0	1	21	5333578	5333598	2.0	39.2
Query_28709	XM_006233338.3	100.000	21	0	0	1	21	498	478	2.0	39.2
Query_28709	XM_006233337.3	100.000	21	0	0	1	21	672	652	2.0	39.2
Query_28709	XM_006233336.4	100.000	21	0	0	1	21	519	499	2.0	39.2
Query_28709	XM_006233335.3	100.000	21	0	0	1	21	498	478	2.0	39.2
Query_28709	XM_006233334.3	100.000	21	0	0	1	21	642	622	2.0	39.2
Query_28709	XM_006233333.3	100.000	21	0	0	1	21	519	499	2.0	39.2
Query_28709	XM_038444267.1	100.000	21	0	0	1	21	502	482	2.0	39.2
Query_28709	XM_038444266.1	100.000	21	0	0	1	21	521	501	2.0	39.2
Query_28709	XM_038444265.1	100.000	21	0	0	1	21	498	478	2.0	39.2
Query_28709	XM_038444264.1	100.000	21	0	0	1	21	490	470	2.0	39.2
Query_28709	XM_038444263.1	100.000	21	0	0	1	21	504	484	2.0	39.2
Query_28709	XM_038444262.1	100.000	21	0	0	1	21	529	509	2.0	39.2
Query_28709	XM_038444261.1	100.000	21	0	0	1	21	521	501	2.0	39.2
Query_28709	XM_038658592.1	100.000	21	0	0	1	21	527	507	2.0	39.2
Query_28709	XM_038658591.1	100.000	21	0	0	1	21	798	778	2.0	39.2
Query_28709	XM_038462042.1	100.000	21	0	0	1	21	502	482	2.0	39.2
Query_28709	XM_005642458.4	100.000	21	0	0	1	21	521	501	2.0	39.2
Query_28709	XM_038462041.1	100.000	21	0	0	1	21	498	478	2.0	39.2
Query_28709	XM_038462040.1	100.000	21	0	0	1	21	491	471	2.0	39.2
Query_28709	XM_038462039.1	100.000	21	0	0	1	21	504	484	2.0	39.2
Query_28709	XM_038462038.1	100.000	21	0	0	1	21	525	505	2.0	39.2
Query_28709	XM_038462037.1	100.000	21	0	0	1	21	521	501	2.0	39.2
Query_28709	XM_850890.6	100.000	21	0	0	1	21	532	512	2.0	39.2
Query_28709	XM_022408334.2	100.000	21	0	0	1	21	795	775	2.0	39.2
Query_28709	XM_038795671.1	100.000	21	0	0	1	21	581	561	2.0	39.2
Query_28709	XM_038795670.1	100.000	21	0	0	1	21	550	530	2.0	39.2
Query_28709	XM_038795669.1	100.000	21	0	0	1	21	302	282	2.0	39.2
Query_28709	XM_038329858.1	100.000	21	0	0	1	21	635	615	2.0	39.2
Query_28709	XM_038310764.1	100.000	21	0	0	1	21	472	452	2.0	39.2
Query_28709	XM_038310763.1	100.000	21	0	0	1	21	516	496	2.0	39.2
Query_28709	XM_038310762.1	100.000	21	0	0	1	21	545	525	2.0	39.2
Query_28709	XM_037990392.1	100.000	21	0	0	1	21	697	677	2.0	39.2
Query_28709	XM_037990386.1	100.000	21	0	0	1	21	537	517	2.0	39.2
Query_28709	XM_037990381.1	100.000	21	0	0	1	21	377	357	2.0	39.2
Query_28709	XM_007999423.2	100.000	21	0	0	1	21	594	574	2.0	39.2
Query_28709	XM_037990373.1	100.000	21	0	0	1	21	592	572	2.0	39.2
Query_28709	XM_037990369.1	100.000	21	0	0	1	21	681	661	2.0	39.2
Query_28709	XM_037990364.1	100.000	21	0	0	1	21	855	835	2.0	39.2
Query_28709	XM_007999419.2	100.000	21	0	0	1	21	697	677	2.0	39.2
Query_28709	XM_007999418.2	100.000	21	0	0	1	21	775	755	2.0	39.2
Query_28709	XM_037821592.1	100.000	21	0	0	1	21	227	207	2.0	39.2
Query_28709	XR_001821389.2	100.000	21	0	0	1	21	465	445	2.0	39.2
Query_28709	XR_005197369.1	100.000	21	0	0	1	21	366	346	2.0	39.2
Query_28709	XM_017508657.2	100.000	21	0	0	1	21	589	569	2.0	39.2
Query_28709	XM_017508656.2	100.000	21	0	0	1	21	719	699	2.0	39.2
Query_28709	XM_017508655.2	100.000	21	0	0	1	21	493	473	2.0	39.2


