# blastn
# Iteration: 0
# Query: 
# RID: 9PRSVRWB01N
# Database: nt
# Fields: query acc.ver, subject acc.ver, % identity, alignment length, mismatches, gap opens, q. start, q. end, s. start, s. end, evalue, bit score
# 22 hits found
Query_530569	XM_008951835.2	100.000	21	0	0	1	21	613	593	2.1	39.2
Query_530569	XM_003826427.2	100.000	21	0	0	1	21	260	240	2.1	39.2
Query_530569	NM_004223.5	100.000	21	0	0	1	21	224	204	2.1	39.2
Query_530569	XM_521987.5	100.000	21	0	0	1	21	259	239	2.1	39.2
Query_530569	LT736766.1	100.000	21	0	0	1	21	650	630	2.1	39.2
Query_530569	XM_003317981.4	100.000	21	0	0	1	21	616	596	2.1	39.2
Query_530569	KJ892727.1	100.000	21	0	0	1	21	228	208	2.1	39.2
Query_530569	NM_198183.3	100.000	21	0	0	1	21	223	203	2.1	39.2
Query_530569	CU689397.1	100.000	21	0	0	1	21	315	335	2.1	39.2
Query_530569	CU689396.1	100.000	21	0	0	1	21	179	159	2.1	39.2
Query_530569	AK315755.1	100.000	21	0	0	1	21	178	158	2.1	39.2
Query_530569	DQ894475.2	100.000	21	0	0	1	21	185	165	2.1	39.2
Query_530569	DQ891291.2	100.000	21	0	0	1	21	185	165	2.1	39.2
Query_530569	AK226165.1	100.000	21	0	0	1	21	313	293	2.1	39.2
Query_530569	AK093462.1	100.000	21	0	0	1	21	572	552	2.1	39.2
Query_530569	CR457126.1	100.000	21	0	0	1	21	163	143	2.1	39.2
Query_530569	AK129621.1	100.000	21	0	0	1	21	130	110	2.1	39.2
Query_530569	BC032491.1	100.000	21	0	0	1	21	259	239	2.1	39.2
Query_530569	AP002893.3	100.000	21	0	0	1	21	125081	125101	2.1	39.2
Query_530569	AJ243270.1	100.000	21	0	0	1	21	40	20	2.1	39.2
Query_530569	AF061736.1	100.000	21	0	0	1	21	210	190	2.1	39.2
Query_530569	AF031141.1	100.000	21	0	0	1	21	160	140	2.1	39.2


