# blastn
# Iteration: 0
# Query: 
# RID: 72M2AUZ801R
# Database: nt
# Fields: query acc.ver, subject acc.ver, % identity, alignment length, mismatches, gap opens, q. start, q. end, s. start, s. end, evalue, bit score
# 100 hits found
Query_246739	XM_035027437.1	100.000	21	0	0	1	21	387	367	2.0	39.2
Query_246739	XM_003828171.2	100.000	21	0	0	1	21	217	197	2.0	39.2
Query_246739	XM_033847962.1	100.000	21	0	0	1	21	204	184	2.0	39.2
Query_246739	XM_004286017.2	100.000	21	0	0	1	21	204	184	2.0	39.2
Query_246739	CP050593.1	100.000	21	0	0	1	21	19166258	19166238	2.0	39.2
Query_246739	CP050635.1	100.000	21	0	0	1	21	19170179	19170159	2.0	39.2
Query_246739	XM_033182838.1	100.000	21	0	0	1	21	173	153	2.0	39.2
Query_246739	XM_033088999.1	100.000	21	0	0	1	21	242	222	2.0	39.2
Query_246739	XM_032849084.1	100.000	21	0	0	1	21	253	233	2.0	39.2
Query_246739	XM_032617599.1	100.000	21	0	0	1	21	204	184	2.0	39.2
Query_246739	XM_032457288.1	100.000	21	0	0	1	21	270	250	2.0	39.2
Query_246739	XM_032396643.1	100.000	21	0	0	1	21	173	153	2.0	39.2
Query_246739	XM_032322824.1	100.000	21	0	0	1	21	753	733	2.0	39.2
Query_246739	XM_032279486.1	100.000	21	0	0	1	21	2315	2295	2.0	39.2
Query_246739	XM_032163779.1	100.000	21	0	0	1	21	217	197	2.0	39.2
Query_246739	LR738418.1	100.000	21	0	0	1	21	19054109	19054089	2.0	39.2
Query_246739	XM_023191497.3	100.000	21	0	0	1	21	217	197	2.0	39.2
Query_246739	NM_001194608.2	100.000	21	0	0	1	21	191	171	2.0	39.2
Query_246739	XM_006217479.2	100.000	21	0	0	1	21	254	234	2.0	39.2
Query_246739	XM_003913140.4	100.000	21	0	0	1	21	2433	2413	2.0	39.2
Query_246739	XM_031469764.1	100.000	21	0	0	1	21	270	250	2.0	39.2
Query_246739	XM_004041540.3	100.000	21	0	0	1	21	217	197	2.0	39.2
Query_246739	XM_010376233.2	100.000	21	0	0	1	21	189	169	2.0	39.2
Query_246739	XM_030848975.1	100.000	21	0	0	1	21	179	159	2.0	39.2
Query_246739	XM_030848974.1	100.000	21	0	0	1	21	204	184	2.0	39.2
Query_246739	XM_003270772.2	100.000	21	0	0	1	21	217	197	2.0	39.2
Query_246739	XM_022565170.2	100.000	21	0	0	1	21	414	394	2.0	39.2
Query_246739	XM_029926925.1	100.000	21	0	0	1	21	201	181	2.0	39.2
Query_246739	XM_008838138.2	100.000	21	0	0	1	21	173	153	2.0	39.2
Query_246739	XM_029212625.1	100.000	21	0	0	1	21	204	184	2.0	39.2
Query_246739	AY358627.2	100.000	21	0	0	1	21	206	186	2.0	39.2
Query_246739	XM_007127969.2	100.000	21	0	0	1	21	210	190	2.0	39.2
Query_246739	NM_025237.3	100.000	21	0	0	1	21	223	203	2.0	39.2
Query_246739	XM_027098941.1	100.000	21	0	0	1	21	225	205	2.0	39.2
Query_246739	XM_027098940.1	100.000	21	0	0	1	21	225	205	2.0	39.2
Query_246739	XM_026512270.1	100.000	21	0	0	1	21	173	153	2.0	39.2
Query_246739	XM_008149295.2	100.000	21	0	0	1	21	352	332	2.0	39.2
Query_246739	XM_028092719.1	100.000	21	0	0	1	21	173	153	2.0	39.2
Query_246739	XM_015098809.2	100.000	21	0	0	1	21	280	260	2.0	39.2
Query_246739	XM_006167396.2	100.000	21	0	0	1	21	215	195	2.0	39.2
Query_246739	CP034495.1	100.000	21	0	0	1	21	41835937	41835957	2.0	39.2
Query_246739	XM_027517099.1	100.000	21	0	0	1	21	1084	1064	2.0	39.2
Query_246739	XM_025861720.1	100.000	21	0	0	1	21	173	153	2.0	39.2
Query_246739	XM_025363041.1	100.000	21	0	0	1	21	214	194	2.0	39.2
Query_246739	XM_006046841.2	100.000	21	0	0	1	21	1002	982	2.0	39.2
Query_246739	NM_001166514.2	100.000	21	0	0	1	21	211	191	2.0	39.2
Query_246739	XM_024761226.1	100.000	21	0	0	1	21	170	150	2.0	39.2
Query_246739	XM_001153653.5	100.000	21	0	0	1	21	320	300	2.0	39.2
Query_246739	CP027087.1	100.000	21	0	0	1	21	43507465	43507485	2.0	39.2
Query_246739	XM_002827467.3	100.000	21	0	0	1	21	214	194	2.0	39.2
Query_246739	XM_006092295.3	100.000	21	0	0	1	21	219	199	2.0	39.2
Query_246739	XM_011377213.2	100.000	21	0	0	1	21	208	188	2.0	39.2
Query_246739	XM_003414277.2	100.000	21	0	0	1	21	493	473	2.0	39.2
Query_246739	XM_003786295.3	100.000	21	0	0	1	21	173	153	2.0	39.2
Query_246739	XM_022519797.1	100.000	21	0	0	1	21	173	153	2.0	39.2
Query_246739	XM_021712656.1	100.000	21	0	0	1	21	189	169	2.0	39.2
Query_246739	XM_021681649.1	100.000	21	0	0	1	21	173	153	2.0	39.2
Query_246739	XM_003131361.3	100.000	21	0	0	1	21	539	519	2.0	39.2
Query_246739	XM_020888973.1	100.000	21	0	0	1	21	170	150	2.0	39.2
Query_246739	LT735545.1	100.000	21	0	0	1	21	660	640	2.0	39.2
Query_246739	XM_019981332.1	100.000	21	0	0	1	21	1001	981	2.0	39.2
Query_246739	XM_019665562.1	100.000	21	0	0	1	21	252	232	2.0	39.2
Query_246739	XM_018065180.1	100.000	21	0	0	1	21	201	181	2.0	39.2
Query_246739	XM_017892802.1	100.000	21	0	0	1	21	214	194	2.0	39.2
Query_246739	XM_016202009.1	100.000	21	0	0	1	21	233	213	2.0	39.2
Query_246739	XM_006910090.2	100.000	21	0	0	1	21	189	169	2.0	39.2
Query_246739	XM_006776900.2	100.000	21	0	0	1	21	201	181	2.0	39.2
Query_246739	XM_005584371.2	100.000	21	0	0	1	21	224	204	2.0	39.2
Query_246739	XM_004432532.2	100.000	21	0	0	1	21	732	712	2.0	39.2
Query_246739	XM_005875784.2	100.000	21	0	0	1	21	203	183	2.0	39.2
Query_246739	XM_004772592.2	100.000	21	0	0	1	21	726	706	2.0	39.2
Query_246739	CP011896.1	100.000	21	0	0	1	21	43131160	43131180	2.0	39.2
Query_246739	XM_012786643.1	100.000	21	0	0	1	21	471	451	2.0	39.2
Query_246739	XM_012659081.1	100.000	21	0	0	1	21	213	193	2.0	39.2
Query_246739	XM_012443855.1	100.000	21	0	0	1	21	214	194	2.0	39.2
Query_246739	XM_040245214.1	100.000	21	0	0	1	21	360	340	2.0	39.2
Query_246739	HG994394.1	100.000	21	0	0	1	21	41716753	41716773	2.0	39.2
Query_246739	XM_039846848.1	100.000	21	0	0	1	21	208	188	2.0	39.2
Query_246739	XM_003943647.2	100.000	21	0	0	1	21	217	197	2.0	39.2
Query_246739	XM_039220888.1	100.000	21	0	0	1	21	225	205	2.0	39.2
Query_246739	CP068261.1	100.000	21	0	0	1	21	44611418	44611438	2.0	39.2
Query_246739	XM_038675186.1	100.000	21	0	0	1	21	369	349	2.0	39.2
Query_246739	XM_548071.7	100.000	21	0	0	1	21	369	349	2.0	39.2
Query_246739	XM_008012517.2	100.000	21	0	0	1	21	201	181	2.0	39.2
Query_246739	XM_037810786.1	100.000	21	0	0	1	21	205	185	2.0	39.2
Query_246739	XM_017516182.2	100.000	21	0	0	1	21	2009	1989	2.0	39.2
Query_246739	XM_037491595.1	100.000	21	0	0	1	21	259	239	2.0	39.2
Query_246739	XM_037144680.1	100.000	21	0	0	1	21	173	153	2.0	39.2
Query_246739	XM_037069625.1	100.000	21	0	0	1	21	205	185	2.0	39.2
Query_246739	XM_017645453.2	100.000	21	0	0	1	21	6822	6802	2.0	39.2
Query_246739	XM_036883228.1	100.000	21	0	0	1	21	2730	2710	2.0	39.2
Query_246739	XM_036837604.1	100.000	21	0	0	1	21	204	184	2.0	39.2
Query_246739	XM_036451266.1	100.000	21	0	0	1	21	245	225	2.0	39.2
Query_246739	XM_016139657.2	100.000	21	0	0	1	21	6479	6459	2.0	39.2
Query_246739	AP023477.1	100.000	21	0	0	1	21	41454608	41454628	2.0	39.2
Query_246739	XM_036071304.1	100.000	21	0	0	1	21	384	364	2.0	39.2
Query_246739	XM_028521821.2	100.000	21	0	0	1	21	247	227	2.0	39.2
Query_246739	XM_025440522.2	100.000	21	0	0	1	21	369	349	2.0	39.2
Query_246739	XM_027567789.2	100.000	21	0	0	1	21	181	161	2.0	39.2
Query_246739	XM_035303470.1	100.000	21	0	0	1	21	253	233	2.0	39.2


