# blastn
# Iteration: 0
# Query: 
# RID: 73UB474N013
# Database: nt
# Fields: query acc.ver, subject acc.ver, % identity, alignment length, mismatches, gap opens, q. start, q. end, s. start, s. end, evalue, bit score
# 100 hits found
Query_36585	XM_003825980.3	100.000	21	0	0	1	21	516	496	2.1	39.2
Query_36585	XM_033197941.1	100.000	21	0	0	1	21	280	260	2.1	39.2
Query_36585	XM_033197939.1	100.000	21	0	0	1	21	457	437	2.1	39.2
Query_36585	XM_033186571.1	100.000	21	0	0	1	21	535	515	2.1	39.2
Query_36585	XM_033186570.1	100.000	21	0	0	1	21	784	764	2.1	39.2
Query_36585	XM_033236882.1	100.000	21	0	0	1	21	475	455	2.1	39.2
Query_36585	XM_033234906.1	100.000	21	0	0	1	21	289	269	2.1	39.2
Query_36585	XM_033234905.1	100.000	21	0	0	1	21	466	446	2.1	39.2
Query_36585	XM_033212849.1	100.000	21	0	0	1	21	243	223	2.1	39.2
Query_36585	XM_033212848.1	100.000	21	0	0	1	21	339	319	2.1	39.2
Query_36585	XM_033212847.1	100.000	21	0	0	1	21	348	328	2.1	39.2
Query_36585	XM_033212846.1	100.000	21	0	0	1	21	420	400	2.1	39.2
Query_36585	XM_032142236.1	100.000	21	0	0	1	21	534	514	2.1	39.2
Query_36585	XM_023197069.2	100.000	21	0	0	1	21	615	595	2.1	39.2
Query_36585	XM_031650201.1	100.000	21	0	0	1	21	545	525	2.1	39.2
Query_36585	XM_009205566.3	100.000	21	0	0	1	21	452	432	2.1	39.2
Query_36585	XM_003904680.3	100.000	21	0	0	1	21	535	515	2.1	39.2
Query_36585	XM_010374468.2	100.000	21	0	0	1	21	468	448	2.1	39.2
Query_36585	XM_010381962.2	100.000	21	0	0	1	21	463	443	2.1	39.2
Query_36585	XM_010388143.2	100.000	21	0	0	1	21	243	223	2.1	39.2
Query_36585	XM_010388141.2	100.000	21	0	0	1	21	348	328	2.1	39.2
Query_36585	XM_010388140.2	100.000	21	0	0	1	21	467	447	2.1	39.2
Query_36585	XM_010372908.2	100.000	21	0	0	1	21	466	446	2.1	39.2
Query_36585	XM_010355333.2	100.000	21	0	0	1	21	466	446	2.1	39.2
Query_36585	XM_010384213.2	100.000	21	0	0	1	21	615	595	2.1	39.2
Query_36585	XM_010384210.2	100.000	21	0	0	1	21	534	514	2.1	39.2
Query_36585	XM_030941108.1	100.000	21	0	0	1	21	243	223	2.1	39.2
Query_36585	XM_010364945.2	100.000	21	0	0	1	21	420	400	2.1	39.2
Query_36585	XM_010357324.2	100.000	21	0	0	1	21	339	319	2.1	39.2
Query_36585	XM_010357323.2	100.000	21	0	0	1	21	348	328	2.1	39.2
Query_36585	XM_010357322.2	100.000	21	0	0	1	21	420	400	2.1	39.2
Query_36585	XM_030926368.1	100.000	21	0	0	1	21	457	437	2.1	39.2
Query_36585	XM_003253656.3	100.000	21	0	0	1	21	615	595	2.1	39.2
Query_36585	XM_030825546.1	100.000	21	0	0	1	21	379	359	2.1	39.2
Query_36585	XM_030825544.1	100.000	21	0	0	1	21	501	481	2.1	39.2
Query_36585	NR_104037.2	100.000	21	0	0	1	21	275	255	2.1	39.2
Query_36585	NM_181800.3	100.000	21	0	0	1	21	385	365	2.1	39.2
Query_36585	NM_181801.4	100.000	21	0	0	1	21	615	595	2.1	39.2
Query_36585	XM_015148928.2	100.000	21	0	0	1	21	755	735	2.1	39.2
Query_36585	XM_001107065.3	100.000	21	0	0	1	21	535	515	2.1	39.2
Query_36585	XM_001104061.4	100.000	21	0	0	1	21	477	457	2.1	39.2
Query_36585	NM_007019.4	100.000	21	0	0	1	21	472	452	2.1	39.2
Query_36585	XM_023197067.2	100.000	21	0	0	1	21	545	525	2.1	39.2
Query_36585	CP034499.1	100.000	21	0	0	1	21	44384383	44384363	2.1	39.2
Query_36585	XR_003120191.1	100.000	21	0	0	1	21	458	438	2.1	39.2
Query_36585	XM_025384234.1	100.000	21	0	0	1	21	243	223	2.1	39.2
Query_36585	XM_025384233.1	100.000	21	0	0	1	21	339	319	2.1	39.2
Query_36585	XM_025384232.1	100.000	21	0	0	1	21	348	328	2.1	39.2
Query_36585	XM_025384231.1	100.000	21	0	0	1	21	420	400	2.1	39.2
Query_36585	XM_025403516.1	100.000	21	0	0	1	21	280	260	2.1	39.2
Query_36585	XM_025403515.1	100.000	21	0	0	1	21	376	356	2.1	39.2
Query_36585	XM_025403514.1	100.000	21	0	0	1	21	385	365	2.1	39.2
Query_36585	XM_025403513.1	100.000	21	0	0	1	21	468	448	2.1	39.2
Query_36585	XM_025402921.1	100.000	21	0	0	1	21	243	223	2.1	39.2
Query_36585	XM_025402920.1	100.000	21	0	0	1	21	339	319	2.1	39.2
Query_36585	XM_025402919.1	100.000	21	0	0	1	21	348	328	2.1	39.2
Query_36585	XM_025402918.1	100.000	21	0	0	1	21	420	400	2.1	39.2
Query_36585	XM_025399452.1	100.000	21	0	0	1	21	949	929	2.1	39.2
Query_36585	XM_025399451.1	100.000	21	0	0	1	21	447	427	2.1	39.2
Query_36585	XM_025399450.1	100.000	21	0	0	1	21	363	343	2.1	39.2
Query_36585	XM_025399448.1	100.000	21	0	0	1	21	534	514	2.1	39.2
Query_36585	XM_025399447.1	100.000	21	0	0	1	21	475	455	2.1	39.2
Query_36585	XM_025398816.1	100.000	21	0	0	1	21	280	260	2.1	39.2
Query_36585	XM_025398808.1	100.000	21	0	0	1	21	376	356	2.1	39.2
Query_36585	XM_025398797.1	100.000	21	0	0	1	21	394	374	2.1	39.2
Query_36585	XM_025398787.1	100.000	21	0	0	1	21	468	448	2.1	39.2
Query_36585	XM_025374652.1	100.000	21	0	0	1	21	279	259	2.1	39.2
Query_36585	XM_025374651.1	100.000	21	0	0	1	21	375	355	2.1	39.2
Query_36585	XM_025374650.1	100.000	21	0	0	1	21	384	364	2.1	39.2
Query_36585	XM_025374649.1	100.000	21	0	0	1	21	456	436	2.1	39.2
Query_36585	XM_011767430.2	100.000	21	0	0	1	21	432	412	2.1	39.2
Query_36585	XM_011766880.2	100.000	21	0	0	1	21	535	515	2.1	39.2
Query_36585	XM_009443484.3	100.000	21	0	0	1	21	514	494	2.1	39.2
Query_36585	XM_001156993.5	100.000	21	0	0	1	21	776	756	2.1	39.2
Query_36585	XM_004062268.2	100.000	21	0	0	1	21	534	514	2.1	39.2
Query_36585	XM_017866612.1	100.000	21	0	0	1	21	467	447	2.1	39.2
Query_36585	XM_017891441.1	100.000	21	0	0	1	21	466	446	2.1	39.2
Query_36585	XR_001887361.1	100.000	21	0	0	1	21	418	398	2.1	39.2
Query_36585	XM_017877944.1	100.000	21	0	0	1	21	535	515	2.1	39.2
Query_36585	XR_001885989.1	100.000	21	0	0	1	21	487	467	2.1	39.2
Query_36585	XM_017863870.1	100.000	21	0	0	1	21	891	871	2.1	39.2
Query_36585	XM_514682.6	100.000	21	0	0	1	21	535	515	2.1	39.2
Query_36585	XM_015448921.1	100.000	21	0	0	1	21	272	252	2.1	39.2
Query_36585	XM_015448920.1	100.000	21	0	0	1	21	368	348	2.1	39.2
Query_36585	XM_015448919.1	100.000	21	0	0	1	21	377	357	2.1	39.2
Query_36585	XM_015448918.1	100.000	21	0	0	1	21	449	429	2.1	39.2
Query_36585	XM_005540836.2	100.000	21	0	0	1	21	482	462	2.1	39.2
Query_36585	KT331146.1	100.000	21	0	0	1	21	5927	5947	2.1	39.2
Query_36585	KT331056.1	100.000	21	0	0	1	21	14490	14510	2.1	39.2
Query_36585	XM_012054675.1	100.000	21	0	0	1	21	466	446	2.1	39.2
Query_36585	XM_011761225.1	100.000	21	0	0	1	21	457	437	2.1	39.2
Query_36585	XM_011928913.1	100.000	21	0	0	1	21	965	945	2.1	39.2
Query_36585	XM_011928912.1	100.000	21	0	0	1	21	464	444	2.1	39.2
Query_36585	CP068258.1	100.000	21	0	0	1	21	47552223	47552203	2.1	39.2
Query_36585	XM_007962142.2	100.000	21	0	0	1	21	525	505	2.1	39.2
Query_36585	XM_008015737.2	100.000	21	0	0	1	21	489	469	2.1	39.2
Query_36585	XM_008015746.2	100.000	21	0	0	1	21	535	515	2.1	39.2
Query_36585	XM_038002174.1	100.000	21	0	0	1	21	351	331	2.1	39.2
Query_36585	XM_038002173.1	100.000	21	0	0	1	21	479	459	2.1	39.2
Query_36585	AP023480.1	100.000	21	0	0	1	21	43851190	43851170	2.1	39.2


