# blastn
# Iteration: 0
# Query: 
# RID: 6ZXGAREJ016
# Database: nt
# Fields: query acc.ver, subject acc.ver, % identity, alignment length, mismatches, gap opens, q. start, q. end, s. start, s. end, evalue, bit score
# 25 hits found
Query_412529	XM_030112747.1	100.000	21	0	0	1	21	952	932	2.1	39.2
Query_412529	XM_030112745.1	100.000	21	0	0	1	21	989	969	2.1	39.2
Query_412529	LR597451.1	100.000	21	0	0	1	21	1538675	1538655	2.1	39.2
Query_412529	XM_012451930.2	100.000	21	0	0	1	21	1693	1673	2.1	39.2
Query_412529	XM_012451928.2	100.000	21	0	0	1	21	1827	1807	2.1	39.2
Query_412529	XM_012451933.1	100.000	21	0	0	1	21	1270	1250	2.1	39.2
Query_412529	XM_012451932.1	100.000	21	0	0	1	21	952	932	2.1	39.2
Query_412529	XM_012451931.1	100.000	21	0	0	1	21	1135	1115	2.1	39.2
Query_412529	XM_012451929.1	100.000	21	0	0	1	21	1270	1250	2.1	39.2
Query_412529	XM_004608725.1	100.000	21	0	0	1	21	1201	1181	2.1	39.2
Query_412529	XM_004608724.1	100.000	21	0	0	1	21	1066	1046	2.1	39.2
Query_412529	XM_004608723.1	100.000	21	0	0	1	21	1062	1042	2.1	39.2
Query_412529	NM_017346.2	100.000	21	0	0	1	21	1119	1099	2.1	39.2
Query_412529	XM_039086662.1	100.000	21	0	0	1	21	343	323	2.1	39.2
Query_412529	XM_006247411.4	100.000	21	0	0	1	21	1047	1027	2.1	39.2
Query_412529	XM_006247410.3	100.000	21	0	0	1	21	1048	1028	2.1	39.2
Query_412529	XM_006247409.4	100.000	21	0	0	1	21	1269	1249	2.1	39.2
Query_412529	X61394.1	100.000	21	0	0	1	21	990	970	2.1	39.2
Query_412529	LR738553.1	100.000	20	0	0	2	21	15728633	15728614	7.2	37.4
Query_412529	XM_036521785.1	100.000	20	0	0	2	21	1195	1176	7.2	37.4
Query_412529	XM_036521783.1	100.000	20	0	0	2	21	1042	1023	7.2	37.4
Query_412529	XM_036521782.1	100.000	20	0	0	2	21	934	915	7.2	37.4
Query_412529	XM_036521781.1	100.000	20	0	0	2	21	1292	1273	7.2	37.4
Query_412529	XM_036521780.1	100.000	20	0	0	2	21	1310	1291	7.2	37.4
Query_412529	XM_036521779.1	100.000	20	0	0	2	21	1409	1390	7.2	37.4


