# blastn
# Iteration: 0
# Query: 
# RID: 8YPE8N7Y01N
# Database: nt
# Fields: query acc.ver, subject acc.ver, % identity, alignment length, mismatches, gap opens, q. start, q. end, s. start, s. end, evalue, bit score
# 95 hits found
Query_353851	XM_008976634.2	100.000	21	0	0	1	21	501	481	2.1	39.2
Query_353851	XM_003823013.3	100.000	21	0	0	1	21	483	463	2.1	39.2
Query_353851	XM_033198362.1	100.000	21	0	0	1	21	454	434	2.1	39.2
Query_353851	XM_033198361.1	100.000	21	0	0	1	21	476	456	2.1	39.2
Query_353851	XM_033198360.1	100.000	21	0	0	1	21	476	456	2.1	39.2
Query_353851	XM_033198359.1	100.000	21	0	0	1	21	476	456	2.1	39.2
Query_353851	XM_033198358.1	100.000	21	0	0	1	21	370	350	2.1	39.2
Query_353851	XR_004434096.1	100.000	21	0	0	1	21	476	456	2.1	39.2
Query_353851	XM_033198357.1	100.000	21	0	0	1	21	724	704	2.1	39.2
Query_353851	XM_033198356.1	100.000	21	0	0	1	21	476	456	2.1	39.2
Query_353851	XM_032288776.1	100.000	21	0	0	1	21	473	453	2.1	39.2
Query_353851	XM_023186845.3	100.000	21	0	0	1	21	838	818	2.1	39.2
Query_353851	XR_639001.4	100.000	21	0	0	1	21	499	479	2.1	39.2
Query_353851	XM_009189984.4	100.000	21	0	0	1	21	499	479	2.1	39.2
Query_353851	XM_019037287.2	100.000	21	0	0	1	21	459	439	2.1	39.2
Query_353851	XM_030930251.1	100.000	21	0	0	1	21	460	440	2.1	39.2
Query_353851	XM_010378845.2	100.000	21	0	0	1	21	483	463	2.1	39.2
Query_353851	XM_030930243.1	100.000	21	0	0	1	21	483	463	2.1	39.2
Query_353851	XM_015120156.2	100.000	21	0	0	1	21	454	434	2.1	39.2
Query_353851	XM_015120144.2	100.000	21	0	0	1	21	488	468	2.1	39.2
Query_353851	XM_015120123.2	100.000	21	0	0	1	21	488	468	2.1	39.2
Query_353851	XM_026456675.1	100.000	21	0	0	1	21	475	455	2.1	39.2
Query_353851	XM_023186848.2	100.000	21	0	0	1	21	475	455	2.1	39.2
Query_353851	XM_023186846.2	100.000	21	0	0	1	21	475	455	2.1	39.2
Query_353851	XM_023186844.2	100.000	21	0	0	1	21	475	455	2.1	39.2
Query_353851	XM_025391108.1	100.000	21	0	0	1	21	459	439	2.1	39.2
Query_353851	XM_025391104.1	100.000	21	0	0	1	21	455	435	2.1	39.2
Query_353851	NM_014176.4	100.000	21	0	0	1	21	426	406	2.1	39.2
Query_353851	XM_011746666.2	100.000	21	0	0	1	21	454	434	2.1	39.2
Query_353851	XM_011746665.2	100.000	21	0	0	1	21	825	805	2.1	39.2
Query_353851	XM_011746664.2	100.000	21	0	0	1	21	697	677	2.1	39.2
Query_353851	XM_011746662.2	100.000	21	0	0	1	21	479	459	2.1	39.2
Query_353851	XM_009440790.2	100.000	21	0	0	1	21	475	455	2.1	39.2
Query_353851	XM_024350983.1	100.000	21	0	0	1	21	795	775	2.1	39.2
Query_353851	XM_514102.6	100.000	21	0	0	1	21	486	466	2.1	39.2
Query_353851	XM_024239242.1	100.000	21	0	0	1	21	824	804	2.1	39.2
Query_353851	XM_002809603.4	100.000	21	0	0	1	21	471	451	2.1	39.2
Query_353851	XM_023186847.1	100.000	21	0	0	1	21	475	455	2.1	39.2
Query_353851	XM_003893291.3	100.000	21	0	0	1	21	499	479	2.1	39.2
Query_353851	LT735351.1	100.000	21	0	0	1	21	807	787	2.1	39.2
Query_353851	XM_004028164.2	100.000	21	0	0	1	21	455	435	2.1	39.2
Query_353851	XM_009189991.2	100.000	21	0	0	1	21	454	434	2.1	39.2
Query_353851	XM_017896496.1	100.000	21	0	0	1	21	455	435	2.1	39.2
Query_353851	XM_017896495.1	100.000	21	0	0	1	21	497	477	2.1	39.2
Query_353851	XM_017896494.1	100.000	21	0	0	1	21	497	477	2.1	39.2
Query_353851	XM_017896493.1	100.000	21	0	0	1	21	497	477	2.1	39.2
Query_353851	XM_017896491.1	100.000	21	0	0	1	21	328	308	2.1	39.2
Query_353851	XR_001890023.1	100.000	21	0	0	1	21	497	477	2.1	39.2
Query_353851	XM_017896490.1	100.000	21	0	0	1	21	618	598	2.1	39.2
Query_353851	XM_017896489.1	100.000	21	0	0	1	21	497	477	2.1	39.2
Query_353851	XM_015448187.1	100.000	21	0	0	1	21	454	434	2.1	39.2
Query_353851	XM_015448182.1	100.000	21	0	0	1	21	491	471	2.1	39.2
Query_353851	XM_015448175.1	100.000	21	0	0	1	21	491	471	2.1	39.2
Query_353851	XM_005540454.2	100.000	21	0	0	1	21	491	471	2.1	39.2
Query_353851	XM_005540453.2	100.000	21	0	0	1	21	425	405	2.1	39.2
Query_353851	XM_005540452.2	100.000	21	0	0	1	21	821	801	2.1	39.2
Query_353851	XM_005540451.2	100.000	21	0	0	1	21	687	667	2.1	39.2
Query_353851	XM_005540450.2	100.000	21	0	0	1	21	491	471	2.1	39.2
Query_353851	NG_042230.1	100.000	21	0	0	1	21	13666	13646	2.1	39.2
Query_353851	XM_012459474.1	100.000	21	0	0	1	21	466	446	2.1	39.2
Query_353851	XM_011931764.1	100.000	21	0	0	1	21	455	435	2.1	39.2
Query_353851	XM_011746661.1	100.000	21	0	0	1	21	479	459	2.1	39.2
Query_353851	XM_012037510.1	100.000	21	0	0	1	21	413	393	2.1	39.2
Query_353851	XM_012037503.1	100.000	21	0	0	1	21	397	377	2.1	39.2
Query_353851	XM_012037497.1	100.000	21	0	0	1	21	581	561	2.1	39.2
Query_353851	XM_012037489.1	100.000	21	0	0	1	21	850	830	2.1	39.2
Query_353851	XM_012037480.1	100.000	21	0	0	1	21	463	443	2.1	39.2
Query_353851	XM_012037472.1	100.000	21	0	0	1	21	463	443	2.1	39.2
Query_353851	XM_011990525.1	100.000	21	0	0	1	21	418	398	2.1	39.2
Query_353851	XM_011990523.1	100.000	21	0	0	1	21	455	435	2.1	39.2
Query_353851	KJ893680.1	100.000	21	0	0	1	21	385	365	2.1	39.2
Query_353851	XM_007988939.2	100.000	21	0	0	1	21	425	405	2.1	39.2
Query_353851	XM_037985742.1	100.000	21	0	0	1	21	775	755	2.1	39.2
Query_353851	XM_007988937.2	100.000	21	0	0	1	21	491	471	2.1	39.2
Query_353851	XM_007988936.2	100.000	21	0	0	1	21	490	470	2.1	39.2
Query_353851	XM_017520112.2	100.000	21	0	0	1	21	446	426	2.1	39.2
Query_353851	NM_001310326.2	100.000	21	0	0	1	21	430	410	2.1	39.2
Query_353851	XM_035280890.1	100.000	21	0	0	1	21	782	762	2.1	39.2
Query_353851	XM_035280892.1	100.000	21	0	0	1	21	496	476	2.1	39.2
Query_353851	XM_002760652.4	100.000	21	0	0	1	21	473	453	2.1	39.2
Query_353851	CU678593.1	100.000	21	0	0	1	21	293	313	2.1	39.2
Query_353851	CU678592.1	100.000	21	0	0	1	21	336	316	2.1	39.2
Query_353851	DQ895975.2	100.000	21	0	0	1	21	342	322	2.1	39.2
Query_353851	DQ892729.2	100.000	21	0	0	1	21	342	322	2.1	39.2
Query_353851	BC019284.1	100.000	21	0	0	1	21	418	398	2.1	39.2
Query_353851	AL356953.17	100.000	21	0	0	1	21	150320	150340	2.1	39.2
Query_353851	BC004152.2	100.000	21	0	0	1	21	418	398	2.1	39.2
Query_353851	AF160215.1	100.000	21	0	0	1	21	413	393	2.1	39.2
Query_353851	AK000504.1	100.000	21	0	0	1	21	411	391	2.1	39.2
Query_353851	AF161499.1	100.000	21	0	0	1	21	446	426	2.1	39.2
Query_353851	AY542309.1	100.000	21	0	0	1	21	321	301	2.1	39.2
Query_353851	AB032931.1	100.000	21	0	0	1	21	362	342	2.1	39.2
Query_353851	XM_012744454.2	100.000	20	0	0	1	20	539	520	7.4	37.4
Query_353851	XM_003938286.2	100.000	20	0	0	1	20	455	436	7.4	37.4
Query_353851	XM_006890534.1	100.000	20	0	0	1	20	362	343	7.4	37.4


