# blastn
# Iteration: 0
# Query: 
# RID: 6RMZGZV2016
# Database: nt
# Fields: query acc.ver, subject acc.ver, % identity, alignment length, mismatches, gap opens, q. start, q. end, s. start, s. end, evalue, bit score
# 76 hits found
Query_37339	XM_003807100.4	100.000	21	0	0	1	21	581	561	2.1	39.2
Query_37339	XM_034942333.1	100.000	21	0	0	1	21	565	545	2.1	39.2
Query_37339	XM_033224473.1	100.000	21	0	0	1	21	949	929	2.1	39.2
Query_37339	XM_032263200.1	100.000	21	0	0	1	21	507	487	2.1	39.2
Query_37339	XM_032171207.1	100.000	21	0	0	1	21	852	832	2.1	39.2
Query_37339	LR738628.1	100.000	21	0	0	1	21	71678052	71678072	2.1	39.2
Query_37339	LR738606.1	100.000	21	0	0	1	21	65125542	65125562	2.1	39.2
Query_37339	XM_003916130.3	100.000	21	0	0	1	21	956	936	2.1	39.2
Query_37339	XR_004067781.1	100.000	21	0	0	1	21	565	545	2.1	39.2
Query_37339	XM_019015478.2	100.000	21	0	0	1	21	236	216	2.1	39.2
Query_37339	XM_010379192.2	100.000	21	0	0	1	21	946	926	2.1	39.2
Query_37339	XM_003277335.4	100.000	21	0	0	1	21	858	838	2.1	39.2
Query_37339	XM_008846657.2	100.000	21	0	0	1	21	573	553	2.1	39.2
Query_37339	AC279090.1	100.000	21	0	0	1	21	113243	113263	2.1	39.2
Query_37339	NM_014501.3	100.000	21	0	0	1	21	586	566	2.1	39.2
Query_37339	CP034522.1	100.000	21	0	0	1	21	55853086	55853106	2.1	39.2
Query_37339	CP034497.1	100.000	21	0	0	1	21	55853086	55853106	2.1	39.2
Query_37339	CP034495.1	100.000	21	0	0	1	21	15607828	15607848	2.1	39.2
Query_37339	CP034495.1	100.000	21	0	0	1	21	18580790	18580770	2.1	39.2
Query_37339	XM_025369037.1	100.000	21	0	0	1	21	955	935	2.1	39.2
Query_37339	AC277988.1	100.000	21	0	0	1	21	97278	97258	2.1	39.2
Query_37339	AC277977.1	100.000	21	0	0	1	21	166345	166365	2.1	39.2
Query_37339	XM_011752020.2	100.000	21	0	0	1	21	949	929	2.1	39.2
Query_37339	XM_016936881.2	100.000	21	0	0	1	21	2129	2109	2.1	39.2
Query_37339	XM_016936880.2	100.000	21	0	0	1	21	649	629	2.1	39.2
Query_37339	XR_677486.3	100.000	21	0	0	1	21	842	822	2.1	39.2
Query_37339	XR_002942167.1	100.000	21	0	0	1	21	525	505	2.1	39.2
Query_37339	XM_024236634.1	100.000	21	0	0	1	21	851	831	2.1	39.2
Query_37339	XM_023184255.1	100.000	21	0	0	1	21	967	947	2.1	39.2
Query_37339	XM_021673446.1	100.000	21	0	0	1	21	753	733	2.1	39.2
Query_37339	XM_012465289.2	100.000	21	0	0	1	21	527	507	2.1	39.2
Query_37339	LT741140.1	100.000	21	0	0	1	21	874	854	2.1	39.2
Query_37339	LT736020.1	100.000	21	0	0	1	21	874	854	2.1	39.2
Query_37339	AC275577.1	100.000	21	0	0	1	21	8975	8955	2.1	39.2
Query_37339	XM_017892532.1	100.000	21	0	0	1	21	947	927	2.1	39.2
Query_37339	AC275431.1	100.000	21	0	0	1	21	56624	56644	2.1	39.2
Query_37339	XM_005590403.2	100.000	21	0	0	1	21	950	930	2.1	39.2
Query_37339	NG_031882.2	100.000	21	0	0	1	21	317	297	2.1	39.2
Query_37339	XM_013034528.1	100.000	21	0	0	1	21	846	826	2.1	39.2
Query_37339	XM_012053615.1	100.000	21	0	0	1	21	947	927	2.1	39.2
Query_37339	XM_011932455.1	100.000	21	0	0	1	21	948	928	2.1	39.2
Query_37339	XM_011932454.1	100.000	21	0	0	1	21	954	934	2.1	39.2
Query_37339	KJ906125.1	100.000	21	0	0	1	21	452	432	2.1	39.2
Query_37339	KJ898691.1	100.000	21	0	0	1	21	452	432	2.1	39.2
Query_37339	KJ898690.1	100.000	21	0	0	1	21	452	432	2.1	39.2
Query_37339	AC254826.1	100.000	21	0	0	1	21	132678	132658	2.1	39.2
Query_37339	NM_001266004.2	100.000	21	0	0	1	21	706	686	2.1	39.2
Query_37339	CP068261.1	100.000	21	0	0	1	21	15611044	15611064	2.1	39.2
Query_37339	CP068261.1	100.000	21	0	0	1	21	18624590	18624570	2.1	39.2
Query_37339	CP068259.1	100.000	21	0	0	1	21	58497167	58497187	2.1	39.2
Query_37339	XM_007998158.2	100.000	21	0	0	1	21	952	932	2.1	39.2
Query_37339	XM_017546575.2	100.000	21	0	0	1	21	945	925	2.1	39.2
Query_37339	AP023479.1	100.000	21	0	0	1	21	55879509	55879529	2.1	39.2
Query_37339	AP023477.1	100.000	21	0	0	1	21	15790790	15790810	2.1	39.2
Query_37339	AP023477.1	100.000	21	0	0	1	21	18786170	18786150	2.1	39.2
Query_37339	XM_002762502.3	100.000	21	0	0	1	21	951	931	2.1	39.2
Query_37339	HQ448521.1	100.000	21	0	0	1	21	437	417	2.1	39.2
Query_37339	AC240523.3	100.000	21	0	0	1	21	9938	9918	2.1	39.2
Query_37339	NG_001583.3	100.000	21	0	0	1	21	680	660	2.1	39.2
Query_37339	CU688219.1	100.000	21	0	0	1	21	298	318	2.1	39.2
Query_37339	CU688218.1	100.000	21	0	0	1	21	403	383	2.1	39.2
Query_37339	CU675700.1	100.000	21	0	0	1	21	298	318	2.1	39.2
Query_37339	CU675699.1	100.000	21	0	0	1	21	403	383	2.1	39.2
Query_37339	BC014622.1	100.000	21	0	0	1	21	576	556	2.1	39.2
Query_37339	AC183294.3	100.000	21	0	0	1	21	3534	3514	2.1	39.2
Query_37339	BC066948.1	100.000	21	0	0	1	21	411	391	2.1	39.2
Query_37339	BC065364.1	100.000	21	0	0	1	21	575	555	2.1	39.2
Query_37339	BC004236.2	100.000	21	0	0	1	21	565	545	2.1	39.2
Query_37339	AC026271.6	100.000	21	0	0	1	21	41875	41895	2.1	39.2
Query_37339	AC018989.15	100.000	21	0	0	1	21	150311	150331	2.1	39.2
Query_37339	AC020922.9	100.000	21	0	0	1	21	110001	110021	2.1	39.2
Query_37339	DQ120719.1	100.000	21	0	0	1	21	388	368	2.1	39.2
Query_37339	DQ120718.1	100.000	21	0	0	1	21	387	367	2.1	39.2
Query_37339	AB062397.1	100.000	21	0	0	1	21	565	545	2.1	39.2
Query_37339	AC005324.1	100.000	21	0	0	1	21	60511	60491	2.1	39.2
Query_37339	M91670.1	100.000	21	0	0	1	21	446	426	2.1	39.2


