# blastn
# Iteration: 0
# Query: 
# RID: 6M86CAAG01R
# Database: nt
# Fields: query acc.ver, subject acc.ver, % identity, alignment length, mismatches, gap opens, q. start, q. end, s. start, s. end, evalue, bit score
# 101 hits found
Query_200223	XM_034944208.1	100.000	21	0	0	1	21	838	818	2.0	39.2
Query_200223	XM_034487733.1	100.000	21	0	0	1	21	835	815	2.0	39.2
Query_200223	XM_034487732.1	100.000	21	0	0	1	21	839	819	2.0	39.2
Query_200223	XM_032908698.1	100.000	21	0	0	1	21	863	843	2.0	39.2
Query_200223	XM_030297511.2	100.000	21	0	0	1	21	644	624	2.0	39.2
Query_200223	XM_030297502.2	100.000	21	0	0	1	21	694	674	2.0	39.2
Query_200223	XM_019016478.2	100.000	21	0	0	1	21	838	818	2.0	39.2
Query_200223	XM_030297531.1	100.000	21	0	0	1	21	614	594	2.0	39.2
Query_200223	XM_028771633.1	100.000	21	0	0	1	21	829	809	2.0	39.2
Query_200223	XM_028771631.1	100.000	21	0	0	1	21	833	813	2.0	39.2
Query_200223	NM_004359.2	100.000	21	0	0	1	21	801	781	2.0	39.2
Query_200223	XM_027049160.1	100.000	21	0	0	1	21	670	650	2.0	39.2
Query_200223	XM_027049159.1	100.000	21	0	0	1	21	721	701	2.0	39.2
Query_200223	CP034522.1	100.000	21	0	0	1	21	481470	481450	2.0	39.2
Query_200223	CP034497.1	100.000	21	0	0	1	21	481470	481450	2.0	39.2
Query_200223	XM_026019245.1	100.000	21	0	0	1	21	655	635	2.0	39.2
Query_200223	XM_006126998.3	100.000	21	0	0	1	21	516	496	2.0	39.2
Query_200223	XM_009434229.3	100.000	21	0	0	1	21	842	822	2.0	39.2
Query_200223	XM_023644244.1	100.000	21	0	0	1	21	835	815	2.0	39.2
Query_200223	XM_023644243.1	100.000	21	0	0	1	21	889	869	2.0	39.2
Query_200223	XM_023644242.1	100.000	21	0	0	1	21	908	888	2.0	39.2
Query_200223	XM_023242436.1	100.000	21	0	0	1	21	669	649	2.0	39.2
Query_200223	XM_023242434.1	100.000	21	0	0	1	21	722	702	2.0	39.2
Query_200223	XM_021234894.1	100.000	21	0	0	1	21	693	673	2.0	39.2
Query_200223	XM_005074241.3	100.000	21	0	0	1	21	927	907	2.0	39.2
Query_200223	XM_012745890.2	100.000	21	0	0	1	21	847	827	2.0	39.2
Query_200223	LT744874.1	100.000	21	0	0	1	21	1116	1096	2.0	39.2
Query_200223	XM_014599655.2	100.000	21	0	0	1	21	778	758	2.0	39.2
Query_200223	XM_019434099.1	100.000	21	0	0	1	21	692	672	2.0	39.2
Query_200223	XM_019434098.1	100.000	21	0	0	1	21	740	720	2.0	39.2
Query_200223	XM_016214878.1	100.000	21	0	0	1	21	638	618	2.0	39.2
Query_200223	XM_005406038.2	100.000	21	0	0	1	21	1195	1175	2.0	39.2
Query_200223	XM_006722952.2	100.000	21	0	0	1	21	837	817	2.0	39.2
Query_200223	KJ890880.1	100.000	21	0	0	1	21	694	674	2.0	39.2
Query_200223	XM_007176654.1	100.000	21	0	0	1	21	657	637	2.0	39.2
Query_200223	XM_007075745.1	100.000	21	0	0	1	21	569	549	2.0	39.2
Query_200223	CP068259.1	100.000	21	0	0	1	21	495238	495218	2.0	39.2
Query_200223	XM_039078634.1	100.000	21	0	0	1	21	1242	1222	2.0	39.2
Query_200223	AP023479.1	100.000	21	0	0	1	21	302697	302677	2.0	39.2
Query_200223	AP023479.1	100.000	21	0	0	1	21	379609	379589	2.0	39.2
Query_200223	AB590273.1	100.000	21	0	0	1	21	638	618	2.0	39.2
Query_200223	CU676209.1	100.000	21	0	0	1	21	98	118	2.0	39.2
Query_200223	NM_001013103.2	100.000	21	0	0	1	21	647	627	2.0	39.2
Query_200223	AK291554.1	100.000	21	0	0	1	21	830	810	2.0	39.2
Query_200223	DQ893910.2	100.000	21	0	0	1	21	651	631	2.0	39.2
Query_200223	DQ890738.2	100.000	21	0	0	1	21	651	631	2.0	39.2
Query_200223	AY650399.1	100.000	21	0	0	1	21	11744	11724	2.0	39.2
Query_200223	BC002332.2	100.000	21	0	0	1	21	140	120	2.0	39.2
Query_200223	BC023979.1	100.000	21	0	0	1	21	805	785	2.0	39.2
Query_200223	BT008039.1	100.000	21	0	0	1	21	629	609	2.0	39.2
Query_200223	BT006659.1	100.000	21	0	0	1	21	629	609	2.0	39.2
Query_200223	AC011556.9	100.000	21	0	0	1	21	9952	9932	2.0	39.2
Query_200223	BC098064.1	100.000	21	0	0	1	21	845	825	2.0	39.2
Query_200223	AC011531.7	100.000	21	0	0	1	21	30922	30902	2.0	39.2
Query_200223	BC018143.2	100.000	21	0	0	1	21	831	811	2.0	39.2
Query_200223	BC009850.2	100.000	21	0	0	1	21	828	808	2.0	39.2
Query_200223	L38482.1	100.000	21	0	0	1	21	2567	2547	2.0	39.2
Query_200223	L22005.1	100.000	21	0	0	1	21	815	795	2.0	39.2
Query_200223	XM_035101452.1	100.000	20	0	0	1	20	558	539	7.1	37.4
Query_200223	XM_034422674.1	100.000	20	0	0	1	20	725	706	7.1	37.4
Query_200223	XM_019925552.2	100.000	20	0	0	1	20	748	729	7.1	37.4
Query_200223	XM_004285895.3	100.000	20	0	0	1	20	743	724	7.1	37.4
Query_200223	CP050571.1	100.000	20	0	0	1	20	58150360	58150379	7.1	37.4
Query_200223	CP050631.1	100.000	20	0	0	1	20	58147431	58147450	7.1	37.4
Query_200223	XM_033199911.1	100.000	20	0	0	1	20	850	831	7.1	37.4
Query_200223	XM_033136732.1	100.000	20	0	0	1	20	730	711	7.1	37.4
Query_200223	XM_032628866.1	100.000	20	0	0	1	20	759	740	7.1	37.4
Query_200223	XM_032272049.1	100.000	20	0	0	1	20	836	817	7.1	37.4
Query_200223	XM_032224049.1	100.000	20	0	0	1	20	888	869	7.1	37.4
Query_200223	XM_032147985.1	100.000	20	0	0	1	20	782	763	7.1	37.4
Query_200223	XM_031662211.1	100.000	20	0	0	1	20	863	844	7.1	37.4
Query_200223	XM_031349943.1	100.000	20	0	0	1	20	1238	1219	7.1	37.4
Query_200223	XM_031349942.1	100.000	20	0	0	1	20	1241	1222	7.1	37.4
Query_200223	XM_010387762.2	100.000	20	0	0	1	20	841	822	7.1	37.4
Query_200223	XM_030845716.1	100.000	20	0	0	1	20	741	722	7.1	37.4
Query_200223	XR_004031103.1	100.000	20	0	0	1	20	644	625	7.1	37.4
Query_200223	XM_030798515.1	100.000	20	0	0	1	20	869	850	7.1	37.4
Query_200223	XM_022565640.2	100.000	20	0	0	1	20	808	789	7.1	37.4
Query_200223	XM_029542337.1	100.000	20	0	0	1	20	835	816	7.1	37.4
Query_200223	XM_029482837.1	100.000	20	0	0	1	20	1231	1212	7.1	37.4
Query_200223	XM_021174221.2	100.000	20	0	0	1	20	1235	1216	7.1	37.4
Query_200223	XM_029216734.1	100.000	20	0	0	1	20	801	782	7.1	37.4
Query_200223	XM_015122268.2	100.000	20	0	0	1	20	845	826	7.1	37.4
Query_200223	XM_024134024.2	100.000	20	0	0	1	20	751	732	7.1	37.4
Query_200223	XM_027085990.1	100.000	20	0	0	1	20	759	740	7.1	37.4
Query_200223	XM_026699109.1	100.000	20	0	0	1	20	852	833	7.1	37.4
Query_200223	XM_026693069.1	100.000	20	0	0	1	20	514	495	7.1	37.4
Query_200223	XM_028126321.1	100.000	20	0	0	1	20	676	657	7.1	37.4
Query_200223	XM_027587275.1	100.000	20	0	0	1	20	680	661	7.1	37.4
Query_200223	HG994401.1	100.000	20	0	0	1	20	186620	186601	7.1	37.4
Query_200223	XM_039839022.1	100.000	20	0	0	1	20	835	816	7.1	37.4
Query_200223	XM_039839021.1	100.000	20	0	0	1	20	576	557	7.1	37.4
Query_200223	XM_003944905.3	100.000	20	0	0	1	20	837	818	7.1	37.4
Query_200223	XM_039248064.1	100.000	20	0	0	1	20	690	671	7.1	37.4
Query_200223	XM_038429387.1	100.000	20	0	0	1	20	651	632	7.1	37.4
Query_200223	XM_533965.8	100.000	20	0	0	1	20	651	632	7.1	37.4
Query_200223	XM_017520140.2	100.000	20	0	0	1	20	839	820	7.1	37.4
Query_200223	XM_016126687.2	100.000	20	0	0	1	20	825	806	7.1	37.4
Query_200223	XM_017313888.3	100.000	20	0	0	1	20	679	660	7.1	37.4
Query_200223	XM_017313887.2	100.000	20	0	0	1	20	671	652	7.1	37.4
Query_200223	XM_025456624.2	100.000	20	0	0	1	20	651	632	7.1	37.4


