# blastn
# Iteration: 0
# Query: 
# RID: 7PZDSE7301R
# Database: nt
# Fields: query acc.ver, subject acc.ver, % identity, alignment length, mismatches, gap opens, q. start, q. end, s. start, s. end, evalue, bit score
# 57 hits found
Query_166807	XM_003807100.4	100.000	21	0	0	1	21	288	268	2.1	39.2
Query_166807	XM_034942333.1	100.000	21	0	0	1	21	272	252	2.1	39.2
Query_166807	XM_032263200.1	100.000	21	0	0	1	21	214	194	2.1	39.2
Query_166807	XM_003916130.3	100.000	21	0	0	1	21	663	643	2.1	39.2
Query_166807	XR_004067781.1	100.000	21	0	0	1	21	272	252	2.1	39.2
Query_166807	XR_176607.3	100.000	21	0	0	1	21	288	268	2.1	39.2
Query_166807	AC279090.1	100.000	21	0	0	1	21	113537	113557	2.1	39.2
Query_166807	NM_014501.3	100.000	21	0	0	1	21	293	273	2.1	39.2
Query_166807	CP034522.1	100.000	21	0	0	1	21	55858240	55858260	2.1	39.2
Query_166807	CP034497.1	100.000	21	0	0	1	21	55858240	55858260	2.1	39.2
Query_166807	CP034495.1	100.000	21	0	0	1	21	15608121	15608141	2.1	39.2
Query_166807	XM_025369037.1	100.000	21	0	0	1	21	662	642	2.1	39.2
Query_166807	AC277988.1	100.000	21	0	0	1	21	96985	96965	2.1	39.2
Query_166807	XM_011752020.2	100.000	21	0	0	1	21	656	636	2.1	39.2
Query_166807	XM_011526752.2	100.000	21	0	0	1	21	944	924	2.1	39.2
Query_166807	XM_016936881.2	100.000	21	0	0	1	21	1836	1816	2.1	39.2
Query_166807	XM_016936880.2	100.000	21	0	0	1	21	356	336	2.1	39.2
Query_166807	XR_677486.3	100.000	21	0	0	1	21	548	528	2.1	39.2
Query_166807	XR_002942167.1	100.000	21	0	0	1	21	231	211	2.1	39.2
Query_166807	XM_024236634.1	100.000	21	0	0	1	21	558	538	2.1	39.2
Query_166807	XM_023184255.1	100.000	21	0	0	1	21	674	654	2.1	39.2
Query_166807	LT741140.1	100.000	21	0	0	1	21	581	561	2.1	39.2
Query_166807	LT736020.1	100.000	21	0	0	1	21	581	561	2.1	39.2
Query_166807	XM_005590403.2	100.000	21	0	0	1	21	657	637	2.1	39.2
Query_166807	XM_012053615.1	100.000	21	0	0	1	21	654	634	2.1	39.2
Query_166807	XM_011932455.1	100.000	21	0	0	1	21	655	635	2.1	39.2
Query_166807	XM_011932454.1	100.000	21	0	0	1	21	661	641	2.1	39.2
Query_166807	XM_011997020.1	100.000	21	0	0	1	21	139	119	2.1	39.2
Query_166807	KJ906125.1	100.000	21	0	0	1	21	159	139	2.1	39.2
Query_166807	KJ898691.1	100.000	21	0	0	1	21	159	139	2.1	39.2
Query_166807	KJ898690.1	100.000	21	0	0	1	21	159	139	2.1	39.2
Query_166807	AC254826.1	100.000	21	0	0	1	21	132384	132364	2.1	39.2
Query_166807	NM_001266004.2	100.000	21	0	0	1	21	413	393	2.1	39.2
Query_166807	CP068261.1	100.000	21	0	0	1	21	15611337	15611357	2.1	39.2
Query_166807	CP068259.1	100.000	21	0	0	1	21	58502322	58502342	2.1	39.2
Query_166807	XM_007998158.2	100.000	21	0	0	1	21	659	639	2.1	39.2
Query_166807	XM_017546575.2	100.000	21	0	0	1	21	652	632	2.1	39.2
Query_166807	AP023479.1	100.000	21	0	0	1	21	55884664	55884684	2.1	39.2
Query_166807	AP023477.1	100.000	21	0	0	1	21	15791083	15791103	2.1	39.2
Query_166807	XM_002762502.3	100.000	21	0	0	1	21	658	638	2.1	39.2
Query_166807	HQ448521.1	100.000	21	0	0	1	21	144	124	2.1	39.2
Query_166807	NG_001583.3	100.000	21	0	0	1	21	387	367	2.1	39.2
Query_166807	CU688218.1	100.000	21	0	0	1	21	110	90	2.1	39.2
Query_166807	CU675699.1	100.000	21	0	0	1	21	110	90	2.1	39.2
Query_166807	BC014622.1	100.000	21	0	0	1	21	283	263	2.1	39.2
Query_166807	AC183294.3	100.000	21	0	0	1	21	3240	3220	2.1	39.2
Query_166807	BC066948.1	100.000	21	0	0	1	21	118	98	2.1	39.2
Query_166807	BC065364.1	100.000	21	0	0	1	21	282	262	2.1	39.2
Query_166807	BC004236.2	100.000	21	0	0	1	21	272	252	2.1	39.2
Query_166807	AC018989.15	100.000	21	0	0	1	21	150604	150624	2.1	39.2
Query_166807	AC020922.9	100.000	21	0	0	1	21	115155	115175	2.1	39.2
Query_166807	DQ120720.1	100.000	21	0	0	1	21	94	74	2.1	39.2
Query_166807	DQ120719.1	100.000	21	0	0	1	21	94	74	2.1	39.2
Query_166807	DQ120718.1	100.000	21	0	0	1	21	94	74	2.1	39.2
Query_166807	AB062397.1	100.000	21	0	0	1	21	272	252	2.1	39.2
Query_166807	AC005324.1	100.000	21	0	0	1	21	60218	60198	2.1	39.2
Query_166807	M91670.1	100.000	21	0	0	1	21	153	133	2.1	39.2


