# blastn
# Iteration: 0
# Query: 
# RID: 9PTDRA1M013
# Database: nt
# Fields: query acc.ver, subject acc.ver, % identity, alignment length, mismatches, gap opens, q. start, q. end, s. start, s. end, evalue, bit score
# 100 hits found
Query_35247	XM_008976634.2	100.000	21	0	0	1	21	557	537	2.1	39.2
Query_35247	XM_003823013.3	100.000	21	0	0	1	21	539	519	2.1	39.2
Query_35247	CP050606.1	100.000	21	0	0	1	21	729745	729725	2.1	39.2
Query_35247	CP050637.1	100.000	21	0	0	1	21	729324	729304	2.1	39.2
Query_35247	XM_033198362.1	100.000	21	0	0	1	21	510	490	2.1	39.2
Query_35247	XM_033198361.1	100.000	21	0	0	1	21	532	512	2.1	39.2
Query_35247	XM_033198360.1	100.000	21	0	0	1	21	532	512	2.1	39.2
Query_35247	XM_033198359.1	100.000	21	0	0	1	21	532	512	2.1	39.2
Query_35247	XM_033198358.1	100.000	21	0	0	1	21	426	406	2.1	39.2
Query_35247	XR_004434096.1	100.000	21	0	0	1	21	532	512	2.1	39.2
Query_35247	XM_033198357.1	100.000	21	0	0	1	21	780	760	2.1	39.2
Query_35247	XM_033198356.1	100.000	21	0	0	1	21	532	512	2.1	39.2
Query_35247	XM_032136927.1	100.000	21	0	0	1	21	515	495	2.1	39.2
Query_35247	XM_032136926.1	100.000	21	0	0	1	21	511	491	2.1	39.2
Query_35247	XM_023186845.3	100.000	21	0	0	1	21	894	874	2.1	39.2
Query_35247	XM_019037287.2	100.000	21	0	0	1	21	515	495	2.1	39.2
Query_35247	XM_030930251.1	100.000	21	0	0	1	21	516	496	2.1	39.2
Query_35247	XM_010378845.2	100.000	21	0	0	1	21	539	519	2.1	39.2
Query_35247	XM_030930243.1	100.000	21	0	0	1	21	539	519	2.1	39.2
Query_35247	XM_012502075.2	100.000	21	0	0	1	21	511	491	2.1	39.2
Query_35247	XM_015120156.2	100.000	21	0	0	1	21	510	490	2.1	39.2
Query_35247	XM_015120144.2	100.000	21	0	0	1	21	544	524	2.1	39.2
Query_35247	XM_015120123.2	100.000	21	0	0	1	21	544	524	2.1	39.2
Query_35247	XM_007127675.3	100.000	21	0	0	1	21	602	582	2.1	39.2
Query_35247	XM_028488227.1	100.000	21	0	0	1	21	1312	1292	2.1	39.2
Query_35247	XM_024130559.2	100.000	21	0	0	1	21	1330	1310	2.1	39.2
Query_35247	XM_026456675.1	100.000	21	0	0	1	21	531	511	2.1	39.2
Query_35247	XM_023186848.2	100.000	21	0	0	1	21	531	511	2.1	39.2
Query_35247	XM_023186846.2	100.000	21	0	0	1	21	531	511	2.1	39.2
Query_35247	XM_023186844.2	100.000	21	0	0	1	21	531	511	2.1	39.2
Query_35247	XM_026017999.1	100.000	21	0	0	1	21	458	438	2.1	39.2
Query_35247	NM_014176.4	100.000	21	0	0	1	21	482	462	2.1	39.2
Query_35247	XM_009440790.2	100.000	21	0	0	1	21	531	511	2.1	39.2
Query_35247	XM_024350983.1	100.000	21	0	0	1	21	851	831	2.1	39.2
Query_35247	XM_514102.6	100.000	21	0	0	1	21	542	522	2.1	39.2
Query_35247	XM_024239242.1	100.000	21	0	0	1	21	880	860	2.1	39.2
Query_35247	XM_002809603.4	100.000	21	0	0	1	21	527	507	2.1	39.2
Query_35247	XM_004481920.3	100.000	21	0	0	1	21	918	898	2.1	39.2
Query_35247	XM_012520995.2	100.000	21	0	0	1	21	511	491	2.1	39.2
Query_35247	XM_012520994.2	100.000	21	0	0	1	21	526	506	2.1	39.2
Query_35247	XM_023186847.1	100.000	21	0	0	1	21	531	511	2.1	39.2
Query_35247	LT735351.1	100.000	21	0	0	1	21	863	843	2.1	39.2
Query_35247	XM_019638029.1	100.000	21	0	0	1	21	557	537	2.1	39.2
Query_35247	XM_019638028.1	100.000	21	0	0	1	21	545	525	2.1	39.2
Query_35247	XM_019638027.1	100.000	21	0	0	1	21	1590	1570	2.1	39.2
Query_35247	XM_019638026.1	100.000	21	0	0	1	21	732	712	2.1	39.2
Query_35247	XM_004028164.2	100.000	21	0	0	1	21	511	491	2.1	39.2
Query_35247	XM_017896496.1	100.000	21	0	0	1	21	511	491	2.1	39.2
Query_35247	XM_017896495.1	100.000	21	0	0	1	21	553	533	2.1	39.2
Query_35247	XM_017896494.1	100.000	21	0	0	1	21	553	533	2.1	39.2
Query_35247	XM_017896493.1	100.000	21	0	0	1	21	553	533	2.1	39.2
Query_35247	XM_017896491.1	100.000	21	0	0	1	21	384	364	2.1	39.2
Query_35247	XR_001890023.1	100.000	21	0	0	1	21	553	533	2.1	39.2
Query_35247	XM_017896490.1	100.000	21	0	0	1	21	674	654	2.1	39.2
Query_35247	XM_017896489.1	100.000	21	0	0	1	21	553	533	2.1	39.2
Query_35247	XM_015448187.1	100.000	21	0	0	1	21	510	490	2.1	39.2
Query_35247	XM_015448182.1	100.000	21	0	0	1	21	547	527	2.1	39.2
Query_35247	XM_015448175.1	100.000	21	0	0	1	21	547	527	2.1	39.2
Query_35247	XM_005540454.2	100.000	21	0	0	1	21	547	527	2.1	39.2
Query_35247	XM_005540453.2	100.000	21	0	0	1	21	481	461	2.1	39.2
Query_35247	XM_005540452.2	100.000	21	0	0	1	21	877	857	2.1	39.2
Query_35247	XM_005540451.2	100.000	21	0	0	1	21	743	723	2.1	39.2
Query_35247	XM_005540450.2	100.000	21	0	0	1	21	547	527	2.1	39.2
Query_35247	NG_042230.1	100.000	21	0	0	1	21	13722	13702	2.1	39.2
Query_35247	XM_012459474.1	100.000	21	0	0	1	21	522	502	2.1	39.2
Query_35247	XM_011931764.1	100.000	21	0	0	1	21	511	491	2.1	39.2
Query_35247	XM_011990525.1	100.000	21	0	0	1	21	474	454	2.1	39.2
Query_35247	XM_011990523.1	100.000	21	0	0	1	21	511	491	2.1	39.2
Query_35247	XM_009819917.1	100.000	21	0	0	1	21	376	356	2.1	39.2
Query_35247	KJ893680.1	100.000	21	0	0	1	21	441	421	2.1	39.2
Query_35247	XM_007182686.1	100.000	21	0	0	1	21	460	440	2.1	39.2
Query_35247	XM_007182685.1	100.000	21	0	0	1	21	501	481	2.1	39.2
Query_35247	HG994388.1	100.000	21	0	0	1	21	80036935	80036955	2.1	39.2
Query_35247	XM_038670715.1	100.000	21	0	0	1	21	525	505	2.1	39.2
Query_35247	XM_038670714.1	100.000	21	0	0	1	21	508	488	2.1	39.2
Query_35247	XM_038670713.1	100.000	21	0	0	1	21	547	527	2.1	39.2
Query_35247	XM_038670712.1	100.000	21	0	0	1	21	582	562	2.1	39.2
Query_35247	XM_038560603.1	100.000	21	0	0	1	21	525	505	2.1	39.2
Query_35247	XM_843751.5	100.000	21	0	0	1	21	508	488	2.1	39.2
Query_35247	XM_038560600.1	100.000	21	0	0	1	21	547	527	2.1	39.2
Query_35247	XM_005622184.2	100.000	21	0	0	1	21	582	562	2.1	39.2
Query_35247	XM_007988939.2	100.000	21	0	0	1	21	481	461	2.1	39.2
Query_35247	XM_037985742.1	100.000	21	0	0	1	21	831	811	2.1	39.2
Query_35247	XM_007988937.2	100.000	21	0	0	1	21	547	527	2.1	39.2
Query_35247	XM_007988936.2	100.000	21	0	0	1	21	546	526	2.1	39.2
Query_35247	XM_037812190.1	100.000	21	0	0	1	21	466	446	2.1	39.2
Query_35247	XM_037812188.1	100.000	21	0	0	1	21	662	642	2.1	39.2
Query_35247	XM_037812177.1	100.000	21	0	0	1	21	524	504	2.1	39.2
Query_35247	XM_037727245.1	100.000	21	0	0	1	21	471	451	2.1	39.2
Query_35247	XM_036833477.1	100.000	21	0	0	1	21	475	455	2.1	39.2
Query_35247	XM_036833467.1	100.000	21	0	0	1	21	717	697	2.1	39.2
Query_35247	XM_036833457.1	100.000	21	0	0	1	21	501	481	2.1	39.2
Query_35247	NM_001310326.2	100.000	21	0	0	1	21	486	466	2.1	39.2
Query_35247	XM_025458529.2	100.000	21	0	0	1	21	497	477	2.1	39.2
Query_35247	XM_025458527.2	100.000	21	0	0	1	21	508	488	2.1	39.2
Query_35247	XM_025458526.2	100.000	21	0	0	1	21	547	527	2.1	39.2
Query_35247	XM_025458525.2	100.000	21	0	0	1	21	582	562	2.1	39.2
Query_35247	DQ895975.2	100.000	21	0	0	1	21	398	378	2.1	39.2
Query_35247	DQ892729.2	100.000	21	0	0	1	21	398	378	2.1	39.2
Query_35247	BC004152.2	100.000	21	0	0	1	21	474	454	2.1	39.2


