# blastn
# Iteration: 0
# Query: 
# RID: 6X07BCRK01R
# Database: nt
# Fields: query acc.ver, subject acc.ver, % identity, alignment length, mismatches, gap opens, q. start, q. end, s. start, s. end, evalue, bit score
# 76 hits found
Query_336269	XM_032887114.1	100.000	21	0	0	1	21	535	515	2.0	39.2
Query_336269	XM_032887113.1	100.000	21	0	0	1	21	499	479	2.0	39.2
Query_336269	XM_032887111.1	100.000	21	0	0	1	21	499	479	2.0	39.2
Query_336269	XM_032887110.1	100.000	21	0	0	1	21	499	479	2.0	39.2
Query_336269	XM_031337322.1	100.000	21	0	0	1	21	393	373	2.0	39.2
Query_336269	XM_031337320.1	100.000	21	0	0	1	21	494	474	2.0	39.2
Query_336269	XM_031337319.1	100.000	21	0	0	1	21	539	519	2.0	39.2
Query_336269	XM_031337318.1	100.000	21	0	0	1	21	506	486	2.0	39.2
Query_336269	XM_031337317.1	100.000	21	0	0	1	21	699	679	2.0	39.2
Query_336269	XM_028777391.1	100.000	21	0	0	1	21	539	519	2.0	39.2
Query_336269	XM_028777390.1	100.000	21	0	0	1	21	539	519	2.0	39.2
Query_336269	XM_028777389.1	100.000	21	0	0	1	21	539	519	2.0	39.2
Query_336269	XM_028777387.1	100.000	21	0	0	1	21	575	555	2.0	39.2
Query_336269	XM_005344492.2	100.000	21	0	0	1	21	468	448	2.0	39.2
Query_336269	XM_005344491.2	100.000	21	0	0	1	21	468	448	2.0	39.2
Query_336269	XM_005085306.3	100.000	21	0	0	1	21	460	440	2.0	39.2
Query_336269	XM_021236060.1	100.000	21	0	0	1	21	184	164	2.0	39.2
Query_336269	XM_005085305.3	100.000	21	0	0	1	21	460	440	2.0	39.2
Query_336269	XM_021236059.1	100.000	21	0	0	1	21	388	368	2.0	39.2
Query_336269	XM_005085304.3	100.000	21	0	0	1	21	460	440	2.0	39.2
Query_336269	XM_021236058.1	100.000	21	0	0	1	21	496	476	2.0	39.2
Query_336269	XM_021162624.1	100.000	21	0	0	1	21	540	520	2.0	39.2
Query_336269	XM_021162623.1	100.000	21	0	0	1	21	717	697	2.0	39.2
Query_336269	XM_016002596.1	100.000	21	0	0	1	21	496	476	2.0	39.2
Query_336269	XM_006984095.2	100.000	21	0	0	1	21	460	440	2.0	39.2
Query_336269	XM_006984094.2	100.000	21	0	0	1	21	460	440	2.0	39.2
Query_336269	XR_005491585.1	100.000	21	0	0	1	21	766	746	2.0	39.2
Query_336269	XM_039089009.1	100.000	21	0	0	1	21	327	307	2.0	39.2
Query_336269	XM_039089008.1	100.000	21	0	0	1	21	464	444	2.0	39.2
Query_336269	XM_039089007.1	100.000	21	0	0	1	21	443	423	2.0	39.2
Query_336269	XM_008769306.3	100.000	21	0	0	1	21	408	388	2.0	39.2
Query_336269	XM_017598236.2	100.000	21	0	0	1	21	766	746	2.0	39.2
Query_336269	XM_006249517.4	100.000	21	0	0	1	21	730	710	2.0	39.2
Query_336269	XM_006249516.4	100.000	21	0	0	1	21	766	746	2.0	39.2
Query_336269	XM_039089005.1	100.000	21	0	0	1	21	766	746	2.0	39.2
Query_336269	XM_017598235.2	100.000	21	0	0	1	21	634	614	2.0	39.2
Query_336269	XM_008769305.3	100.000	21	0	0	1	21	730	710	2.0	39.2
Query_336269	XM_017598234.2	100.000	21	0	0	1	21	766	746	2.0	39.2
Query_336269	XM_006249515.4	100.000	21	0	0	1	21	766	746	2.0	39.2
Query_336269	XM_038346066.1	100.000	21	0	0	1	21	460	440	2.0	39.2
Query_336269	XM_038346064.1	100.000	21	0	0	1	21	460	440	2.0	39.2
Query_336269	XM_038346063.1	100.000	21	0	0	1	21	403	383	2.0	39.2
Query_336269	XM_038346062.1	100.000	21	0	0	1	21	460	440	2.0	39.2
Query_336269	XM_038346061.1	100.000	21	0	0	1	21	502	482	2.0	39.2
Query_336269	NM_053656.3	100.000	21	0	0	1	21	457	437	2.0	39.2
Query_336269	XM_028857030.2	100.000	21	0	0	1	21	527	507	2.0	39.2
Query_336269	XM_037198543.1	100.000	21	0	0	1	21	491	471	2.0	39.2
Query_336269	XM_036172224.1	100.000	21	0	0	1	21	540	520	2.0	39.2
Query_336269	XM_036172222.1	100.000	21	0	0	1	21	540	520	2.0	39.2
Query_336269	LR877209.1	100.000	21	0	0	1	21	42555512	42555492	2.0	39.2
Query_336269	XM_035443228.1	100.000	21	0	0	1	21	460	440	2.0	39.2
Query_336269	XM_027415868.2	100.000	21	0	0	1	21	460	440	2.0	39.2
Query_336269	XM_027415866.2	100.000	21	0	0	1	21	460	440	2.0	39.2
Query_336269	XM_027415869.2	100.000	21	0	0	1	21	496	476	2.0	39.2
Query_336269	XM_035455390.1	100.000	21	0	0	1	21	460	440	2.0	39.2
Query_336269	XM_003501715.3	100.000	21	0	0	1	21	460	440	2.0	39.2
Query_336269	XM_027436125.2	100.000	21	0	0	1	21	460	440	2.0	39.2
Query_336269	XM_027436126.2	100.000	21	0	0	1	21	496	476	2.0	39.2
Query_336269	AF064549.1	100.000	21	0	0	1	21	494	474	2.0	39.2
Query_336269	AF020759.1	100.000	21	0	0	1	21	419	399	2.0	39.2
Query_336269	AF020758.1	100.000	21	0	0	1	21	578	558	2.0	39.2
Query_336269	AF020757.1	100.000	21	0	0	1	21	484	464	2.0	39.2
Query_336269	AF020756.1	100.000	21	0	0	1	21	438	418	2.0	39.2
Query_336269	Y10475.1	100.000	21	0	0	1	21	493	473	2.0	39.2
Query_336269	Y10474.1	100.000	21	0	0	1	21	439	419	2.0	39.2
Query_336269	Y10473.1	100.000	21	0	0	1	21	457	437	2.0	39.2
Query_336269	Y09910.1	100.000	21	0	0	1	21	732	712	2.0	39.2
Query_336269	U14414.1	100.000	21	0	0	1	21	457	437	2.0	39.2
Query_336269	CP042220.2	100.000	20	0	0	1	20	4058305	4058286	7.1	37.4
Query_336269	CP000394.2	100.000	20	0	0	2	21	952771	952790	7.1	37.4
Query_336269	CP018195.1	100.000	20	0	0	2	21	952772	952791	7.1	37.4
Query_336269	CP018193.1	100.000	20	0	0	2	21	957791	957810	7.1	37.4
Query_336269	CP018190.1	100.000	20	0	0	2	21	952712	952731	7.1	37.4
Query_336269	CP003182.2	100.000	20	0	0	2	21	957852	957871	7.1	37.4
Query_336269	CP003183.2	100.000	20	0	0	2	21	952636	952655	7.1	37.4
Query_336269	CP003181.2	100.000	20	0	0	2	21	986218	986237	7.1	37.4


