# blastn
# Iteration: 0
# Query: 
# RID: 6U8TFA57016
# Database: nt
# Fields: query acc.ver, subject acc.ver, % identity, alignment length, mismatches, gap opens, q. start, q. end, s. start, s. end, evalue, bit score
# 100 hits found
Query_29247	XM_034966245.1	100.000	21	0	0	1	21	402	382	2.1	39.2
Query_29247	XM_003831319.3	100.000	21	0	0	1	21	410	390	2.1	39.2
Query_29247	XM_008956682.2	100.000	21	0	0	1	21	409	389	2.1	39.2
Query_29247	XM_034966244.1	100.000	21	0	0	1	21	737	717	2.1	39.2
Query_29247	XM_034668209.1	100.000	21	0	0	1	21	446	426	2.1	39.2
Query_29247	XM_011234055.3	100.000	21	0	0	1	21	409	389	2.1	39.2
Query_29247	XM_019807366.2	100.000	21	0	0	1	21	409	389	2.1	39.2
Query_29247	XM_011234054.3	100.000	21	0	0	1	21	409	389	2.1	39.2
Query_29247	XM_034668208.1	100.000	21	0	0	1	21	409	389	2.1	39.2
Query_29247	XR_004627818.1	100.000	21	0	0	1	21	409	389	2.1	39.2
Query_29247	XM_034668207.1	100.000	21	0	0	1	21	409	389	2.1	39.2
Query_29247	XR_004627817.1	100.000	21	0	0	1	21	409	389	2.1	39.2
Query_29247	XR_004627816.1	100.000	21	0	0	1	21	409	389	2.1	39.2
Query_29247	XM_034668206.1	100.000	21	0	0	1	21	409	389	2.1	39.2
Query_29247	XM_019925177.2	100.000	21	0	0	1	21	411	391	2.1	39.2
Query_29247	XM_004280566.3	100.000	21	0	0	1	21	411	391	2.1	39.2
Query_29247	XM_033202826.1	100.000	21	0	0	1	21	403	383	2.1	39.2
Query_29247	XM_033202825.1	100.000	21	0	0	1	21	410	390	2.1	39.2
Query_29247	XM_033126722.1	100.000	21	0	0	1	21	401	381	2.1	39.2
Query_29247	XM_032869180.1	100.000	21	0	0	1	21	421	401	2.1	39.2
Query_29247	XM_032609374.1	100.000	21	0	0	1	21	374	354	2.1	39.2
Query_29247	XM_032591955.1	100.000	21	0	0	1	21	409	389	2.1	39.2
Query_29247	XM_032316909.1	100.000	21	0	0	1	21	424	404	2.1	39.2
Query_29247	XM_032251194.1	100.000	21	0	0	1	21	335	315	2.1	39.2
Query_29247	XM_032251185.1	100.000	21	0	0	1	21	846	826	2.1	39.2
Query_29247	XM_032251177.1	100.000	21	0	0	1	21	424	404	2.1	39.2
Query_29247	XM_032251171.1	100.000	21	0	0	1	21	403	383	2.1	39.2
Query_29247	XM_023184108.3	100.000	21	0	0	1	21	402	382	2.1	39.2
Query_29247	XM_023184110.3	100.000	21	0	0	1	21	410	390	2.1	39.2
Query_29247	XM_023184109.3	100.000	21	0	0	1	21	409	389	2.1	39.2
Query_29247	XM_031013634.1	100.000	21	0	0	1	21	403	383	2.1	39.2
Query_29247	XM_019032745.2	100.000	21	0	0	1	21	402	382	2.1	39.2
Query_29247	XM_030937280.1	100.000	21	0	0	1	21	402	382	2.1	39.2
Query_29247	XM_010365989.2	100.000	21	0	0	1	21	410	390	2.1	39.2
Query_29247	XM_010365988.2	100.000	21	0	0	1	21	403	383	2.1	39.2
Query_29247	XM_030859549.1	100.000	21	0	0	1	21	413	393	2.1	39.2
Query_29247	XM_022595223.2	100.000	21	0	0	1	21	406	386	2.1	39.2
Query_29247	XM_030303524.1	100.000	21	0	0	1	21	409	389	2.1	39.2
Query_29247	NR_073119.3	100.000	21	0	0	1	21	259	239	2.1	39.2
Query_29247	NR_073120.3	100.000	21	0	0	1	21	259	239	2.1	39.2
Query_29247	NR_073121.3	100.000	21	0	0	1	21	259	239	2.1	39.2
Query_29247	NM_001001481.4	100.000	21	0	0	1	21	395	375	2.1	39.2
Query_29247	NM_001271015.3	100.000	21	0	0	1	21	362	342	2.1	39.2
Query_29247	XM_029222707.1	100.000	21	0	0	1	21	406	386	2.1	39.2
Query_29247	NM_018299.6	100.000	21	0	0	1	21	362	342	2.1	39.2
Query_29247	XM_027127895.1	100.000	21	0	0	1	21	406	386	2.1	39.2
Query_29247	XM_027127894.1	100.000	21	0	0	1	21	389	369	2.1	39.2
Query_29247	XM_027064363.1	100.000	21	0	0	1	21	409	389	2.1	39.2
Query_29247	XM_026495875.1	100.000	21	0	0	1	21	409	389	2.1	39.2
Query_29247	XM_026495874.1	100.000	21	0	0	1	21	409	389	2.1	39.2
Query_29247	XM_008150331.2	100.000	21	0	0	1	21	415	395	2.1	39.2
Query_29247	XM_028158724.1	100.000	21	0	0	1	21	405	385	2.1	39.2
Query_29247	XM_007185059.2	100.000	21	0	0	1	21	358	338	2.1	39.2
Query_29247	XM_025922478.1	100.000	21	0	0	1	21	409	389	2.1	39.2
Query_29247	XM_025393318.1	100.000	21	0	0	1	21	410	390	2.1	39.2
Query_29247	XM_040487575.1	100.000	21	0	0	1	21	409	389	2.1	39.2
Query_29247	XM_003940686.2	100.000	21	0	0	1	21	410	390	2.1	39.2
Query_29247	XM_039238384.1	100.000	21	0	0	1	21	325	305	2.1	39.2
Query_29247	XM_039238383.1	100.000	21	0	0	1	21	409	389	2.1	39.2
Query_29247	XM_008000897.2	100.000	21	0	0	1	21	457	437	2.1	39.2
Query_29247	XM_038000381.1	100.000	21	0	0	1	21	508	488	2.1	39.2
Query_29247	XM_008000899.2	100.000	21	0	0	1	21	430	410	2.1	39.2
Query_29247	XM_037830081.1	100.000	21	0	0	1	21	346	326	2.1	39.2
Query_29247	XM_037802819.1	100.000	21	0	0	1	21	337	317	2.1	39.2
Query_29247	XM_037802818.1	100.000	21	0	0	1	21	347	327	2.1	39.2
Query_29247	XM_037735437.1	100.000	21	0	0	1	21	363	343	2.1	39.2
Query_29247	XM_017520170.2	100.000	21	0	0	1	21	403	383	2.1	39.2
Query_29247	XM_017520171.2	100.000	21	0	0	1	21	410	390	2.1	39.2
Query_29247	XM_037505287.1	100.000	21	0	0	1	21	691	671	2.1	39.2
Query_29247	XM_037505278.1	100.000	21	0	0	1	21	423	403	2.1	39.2
Query_29247	XM_037505272.1	100.000	21	0	0	1	21	410	390	2.1	39.2
Query_29247	XM_037039733.1	100.000	21	0	0	1	21	536	516	2.1	39.2
Query_29247	XM_037039732.1	100.000	21	0	0	1	21	443	423	2.1	39.2
Query_29247	XM_037039731.1	100.000	21	0	0	1	21	424	404	2.1	39.2
Query_29247	XM_037039730.1	100.000	21	0	0	1	21	424	404	2.1	39.2
Query_29247	XM_037039729.1	100.000	21	0	0	1	21	424	404	2.1	39.2
Query_29247	XM_037039728.1	100.000	21	0	0	1	21	424	404	2.1	39.2
Query_29247	XM_037039727.1	100.000	21	0	0	1	21	424	404	2.1	39.2
Query_29247	XM_036997962.1	100.000	21	0	0	1	21	453	433	2.1	39.2
Query_29247	XM_036997961.1	100.000	21	0	0	1	21	415	395	2.1	39.2
Query_29247	XM_036887525.1	100.000	21	0	0	1	21	453	433	2.1	39.2
Query_29247	XM_036887524.1	100.000	21	0	0	1	21	412	392	2.1	39.2
Query_29247	XM_036437154.1	100.000	21	0	0	1	21	415	395	2.1	39.2
Query_29247	XM_036338550.1	100.000	21	0	0	1	21	391	371	2.1	39.2
Query_29247	XM_036338549.1	100.000	21	0	0	1	21	391	371	2.1	39.2
Query_29247	XM_036338548.1	100.000	21	0	0	1	21	391	371	2.1	39.2
Query_29247	XM_036338547.1	100.000	21	0	0	1	21	391	371	2.1	39.2
Query_29247	XM_036263809.1	100.000	21	0	0	1	21	410	390	2.1	39.2
Query_29247	XM_028517848.2	100.000	21	0	0	1	21	422	402	2.1	39.2
Query_29247	XM_036031029.1	100.000	21	0	0	1	21	422	402	2.1	39.2
Query_29247	XM_036031028.1	100.000	21	0	0	1	21	422	402	2.1	39.2
Query_29247	LR862371.1	100.000	21	0	0	1	21	34908613	34908633	2.1	39.2
Query_29247	LR862369.1	100.000	21	0	0	1	21	35504834	35504854	2.1	39.2
Query_29247	XM_008982789.4	100.000	21	0	0	1	21	485	465	2.1	39.2
Query_29247	XR_004735403.1	100.000	21	0	0	1	21	637	617	2.1	39.2
Query_29247	XM_035277257.1	100.000	21	0	0	1	21	311	291	2.1	39.2
Query_29247	XM_035277256.1	100.000	21	0	0	1	21	395	375	2.1	39.2
Query_29247	XM_008982790.3	100.000	21	0	0	1	21	570	550	2.1	39.2
Query_29247	XM_002759002.5	100.000	21	0	0	1	21	429	409	2.1	39.2
Query_29247	XM_002759003.5	100.000	21	0	0	1	21	457	437	2.1	39.2


