# blastn
# Iteration: 0
# Query: 
# RID: 7J4XRMVX01R
# Database: nt
# Fields: query acc.ver, subject acc.ver, % identity, alignment length, mismatches, gap opens, q. start, q. end, s. start, s. end, evalue, bit score
# 100 hits found
Query_301259	XM_034986442.1	100.000	21	0	0	1	21	727	707	2.1	39.2
Query_301259	XM_034945734.1	100.000	21	0	0	1	21	650	630	2.1	39.2
Query_301259	XM_011234637.3	100.000	21	0	0	1	21	378	358	2.1	39.2
Query_301259	XM_034492571.1	100.000	21	0	0	1	21	941	921	2.1	39.2
Query_301259	XM_033224775.1	100.000	21	0	0	1	21	995	975	2.1	39.2
Query_301259	XM_033127806.1	100.000	21	0	0	1	21	930	910	2.1	39.2
Query_301259	XM_032894453.1	100.000	21	0	0	1	21	995	975	2.1	39.2
Query_301259	XM_032847714.1	100.000	21	0	0	1	21	473	453	2.1	39.2
Query_301259	XM_032388640.1	100.000	21	0	0	1	21	1068	1048	2.1	39.2
Query_301259	XM_032324808.1	100.000	21	0	0	1	21	879	859	2.1	39.2
Query_301259	XM_032263313.1	100.000	21	0	0	1	21	984	964	2.1	39.2
Query_301259	XM_023197562.3	100.000	21	0	0	1	21	991	971	2.1	39.2
Query_301259	NM_001194143.2	100.000	21	0	0	1	21	1073	1053	2.1	39.2
Query_301259	XM_031659367.1	100.000	21	0	0	1	21	1064	1044	2.1	39.2
Query_301259	XM_006747778.2	100.000	21	0	0	1	21	968	948	2.1	39.2
Query_301259	XM_004061618.3	100.000	21	0	0	1	21	1002	982	2.1	39.2
Query_301259	XM_010361181.2	100.000	21	0	0	1	21	969	949	2.1	39.2
Query_301259	XM_030886391.1	100.000	21	0	0	1	21	384	364	2.1	39.2
Query_301259	NM_003969.4	100.000	21	0	0	1	21	653	633	2.1	39.2
Query_301259	XM_028781890.1	100.000	21	0	0	1	21	995	975	2.1	39.2
Query_301259	XM_013351477.2	100.000	21	0	0	1	21	622	602	2.1	39.2
Query_301259	XM_026489448.1	100.000	21	0	0	1	21	480	460	2.1	39.2
Query_301259	GQ891447.1	100.000	21	0	0	1	21	532	512	2.1	39.2
Query_301259	XM_008161091.2	100.000	21	0	0	1	21	462	442	2.1	39.2
Query_301259	XM_028138389.1	100.000	21	0	0	1	21	571	551	2.1	39.2
Query_301259	XM_028093366.1	100.000	21	0	0	1	21	682	662	2.1	39.2
Query_301259	XM_027619724.1	100.000	21	0	0	1	21	682	662	2.1	39.2
Query_301259	XM_025984386.1	100.000	21	0	0	1	21	200	180	2.1	39.2
Query_301259	XM_025984385.1	100.000	21	0	0	1	21	427	407	2.1	39.2
Query_301259	XM_025849383.1	100.000	21	0	0	1	21	682	662	2.1	39.2
Query_301259	XM_025848705.1	100.000	21	0	0	1	21	682	662	2.1	39.2
Query_301259	XM_025367066.1	100.000	21	0	0	1	21	1265	1245	2.1	39.2
Query_301259	XM_016937020.2	100.000	21	0	0	1	21	1108	1088	2.1	39.2
Query_301259	XM_024237018.1	100.000	21	0	0	1	21	1018	998	2.1	39.2
Query_301259	XM_004647742.3	100.000	21	0	0	1	21	572	552	2.1	39.2
Query_301259	XM_011384637.2	100.000	21	0	0	1	21	987	967	2.1	39.2
Query_301259	XM_003406679.3	100.000	21	0	0	1	21	484	464	2.1	39.2
Query_301259	XM_022492304.1	100.000	21	0	0	1	21	682	662	2.1	39.2
Query_301259	XM_022492267.1	100.000	21	0	0	1	21	521	501	2.1	39.2
Query_301259	XM_021708408.1	100.000	21	0	0	1	21	720	700	2.1	39.2
Query_301259	XM_012473155.2	100.000	21	0	0	1	21	1033	1013	2.1	39.2
Query_301259	XM_021691852.1	100.000	21	0	0	1	21	1026	1006	2.1	39.2
Query_301259	XM_021691850.1	100.000	21	0	0	1	21	1025	1005	2.1	39.2
Query_301259	XM_021659849.1	100.000	21	0	0	1	21	674	654	2.1	39.2
Query_301259	XM_005087951.3	100.000	21	0	0	1	21	895	875	2.1	39.2
Query_301259	LT735850.1	100.000	21	0	0	1	21	910	890	2.1	39.2
Query_301259	XM_017850506.1	100.000	21	0	0	1	21	1003	983	2.1	39.2
Query_301259	XM_006997194.2	100.000	21	0	0	1	21	423	403	2.1	39.2
Query_301259	XM_005414400.2	100.000	21	0	0	1	21	1161	1141	2.1	39.2
Query_301259	XM_004780509.2	100.000	21	0	0	1	21	1068	1048	2.1	39.2
Query_301259	XM_004672888.2	100.000	21	0	0	1	21	452	432	2.1	39.2
Query_301259	XM_012076338.1	100.000	21	0	0	1	21	1266	1246	2.1	39.2
Query_301259	XR_001004754.1	100.000	21	0	0	1	21	456	436	2.1	39.2
Query_301259	XM_011969066.1	100.000	21	0	0	1	21	456	436	2.1	39.2
Query_301259	XM_011959132.1	100.000	21	0	0	1	21	444	424	2.1	39.2
Query_301259	XM_011959131.1	100.000	21	0	0	1	21	935	915	2.1	39.2
Query_301259	XM_008706451.1	100.000	21	0	0	1	21	378	358	2.1	39.2
Query_301259	KJ892674.1	100.000	21	0	0	1	21	488	468	2.1	39.2
Query_301259	XM_007650108.1	100.000	21	0	0	1	21	440	420	2.1	39.2
Query_301259	XM_005590626.1	100.000	21	0	0	1	21	478	458	2.1	39.2
Query_301259	XM_004405681.1	100.000	21	0	0	1	21	980	960	2.1	39.2
Query_301259	XM_039868785.1	100.000	21	0	0	1	21	983	963	2.1	39.2
Query_301259	XM_039466383.1	100.000	21	0	0	1	21	1260	1240	2.1	39.2
Query_301259	LR699036.1	100.000	21	0	0	1	21	9751754	9751734	2.1	39.2
Query_301259	XM_038655543.1	100.000	21	0	0	1	21	968	948	2.1	39.2
Query_301259	XM_541337.6	100.000	21	0	0	1	21	968	948	2.1	39.2
Query_301259	XM_038752759.1	100.000	21	0	0	1	21	469	449	2.1	39.2
Query_301259	XM_038338840.1	100.000	21	0	0	1	21	987	967	2.1	39.2
Query_301259	XM_007998466.2	100.000	21	0	0	1	21	1177	1157	2.1	39.2
Query_301259	XM_017509655.2	100.000	21	0	0	1	21	915	895	2.1	39.2
Query_301259	XM_028884903.2	100.000	21	0	0	1	21	672	652	2.1	39.2
Query_301259	XM_036426083.1	100.000	21	0	0	1	21	631	611	2.1	39.2
Query_301259	XM_016125757.2	100.000	21	0	0	1	21	658	638	2.1	39.2
Query_301259	XM_036168406.1	100.000	21	0	0	1	21	697	677	2.1	39.2
Query_301259	XM_036079788.1	100.000	21	0	0	1	21	682	662	2.1	39.2
Query_301259	XM_025421358.2	100.000	21	0	0	1	21	496	476	2.1	39.2
Query_301259	XM_035449239.1	100.000	21	0	0	1	21	360	340	2.1	39.2
Query_301259	XM_027431227.2	100.000	21	0	0	1	21	486	466	2.1	39.2
Query_301259	XM_017967523.2	100.000	21	0	0	1	21	1256	1236	2.1	39.2
Query_301259	AB590888.1	100.000	21	0	0	1	21	432	412	2.1	39.2
Query_301259	FQ209516.1	100.000	21	0	0	1	21	589	569	2.1	39.2
Query_301259	CU691337.1	100.000	21	0	0	1	21	145	165	2.1	39.2
Query_301259	CU691336.1	100.000	21	0	0	1	21	439	419	2.1	39.2
Query_301259	NM_001108471.1	100.000	21	0	0	1	21	996	976	2.1	39.2
Query_301259	BC007657.1	100.000	21	0	0	1	21	492	472	2.1	39.2
Query_301259	BC058924.1	100.000	21	0	0	1	21	532	512	2.1	39.2
Query_301259	BT008242.1	100.000	21	0	0	1	21	423	403	2.1	39.2
Query_301259	AC153586.7	100.000	21	0	0	1	21	102673	102653	2.1	39.2
Query_301259	AB012191.1	100.000	21	0	0	1	21	423	403	2.1	39.2
Query_301259	AF075599.1	100.000	21	0	0	1	21	426	406	2.1	39.2
Query_301259	XM_040465311.1	100.000	20	0	0	2	21	505	486	7.3	37.4
Query_301259	XM_040290859.1	100.000	20	0	0	2	21	445	426	7.3	37.4
Query_301259	XM_040251831.1	100.000	20	0	0	2	21	504	485	7.3	37.4
Query_301259	XM_040251830.1	100.000	20	0	0	2	21	998	979	7.3	37.4
Query_301259	XM_040251829.1	100.000	20	0	0	2	21	943	924	7.3	37.4
Query_301259	XM_039225255.1	100.000	20	0	0	2	21	972	953	7.3	37.4
Query_301259	XM_037818989.1	100.000	20	0	0	2	21	1028	1009	7.3	37.4
Query_301259	XM_037517301.1	100.000	20	0	0	2	21	524	505	7.3	37.4
Query_301259	XM_037148485.1	100.000	20	0	0	2	21	600	581	7.3	37.4
Query_301259	XM_037047667.1	100.000	20	0	0	2	21	518	499	7.3	37.4


