# blastn
# Iteration: 0
# Query: 
# RID: 6UHST7HV016
# Database: nt
# Fields: query acc.ver, subject acc.ver, % identity, alignment length, mismatches, gap opens, q. start, q. end, s. start, s. end, evalue, bit score
# 100 hits found
Query_48815	XM_034958465.1	100.000	21	0	0	1	21	411	391	2.1	39.2
Query_48815	XM_034958464.1	100.000	21	0	0	1	21	522	502	2.1	39.2
Query_48815	XM_032273987.1	100.000	21	0	0	1	21	419	399	2.1	39.2
Query_48815	XM_032273986.1	100.000	21	0	0	1	21	600	580	2.1	39.2
Query_48815	XM_032273985.1	100.000	21	0	0	1	21	600	580	2.1	39.2
Query_48815	XM_032136191.1	100.000	21	0	0	1	21	604	584	2.1	39.2
Query_48815	XM_021938381.2	100.000	21	0	0	1	21	411	391	2.1	39.2
Query_48815	XM_021938380.2	100.000	21	0	0	1	21	600	580	2.1	39.2
Query_48815	XM_003898597.4	100.000	21	0	0	1	21	600	580	2.1	39.2
Query_48815	XM_019025601.2	100.000	21	0	0	1	21	135	115	2.1	39.2
Query_48815	XM_004038573.3	100.000	21	0	0	1	21	600	580	2.1	39.2
Query_48815	XM_030800871.1	100.000	21	0	0	1	21	604	584	2.1	39.2
Query_48815	NM_001312647.2	100.000	21	0	0	1	21	422	402	2.1	39.2
Query_48815	NM_001111112.2	100.000	21	0	0	1	21	510	490	2.1	39.2
Query_48815	NM_001312648.2	100.000	21	0	0	1	21	416	396	2.1	39.2
Query_48815	NM_001111113.2	100.000	21	0	0	1	21	357	337	2.1	39.2
Query_48815	XM_028848016.1	100.000	21	0	0	1	21	503	483	2.1	39.2
Query_48815	XM_015138162.2	100.000	21	0	0	1	21	600	580	2.1	39.2
Query_48815	NM_005339.5	100.000	21	0	0	1	21	510	490	2.1	39.2
Query_48815	XM_025385137.1	100.000	21	0	0	1	21	508	488	2.1	39.2
Query_48815	XM_025385136.1	100.000	21	0	0	1	21	514	494	2.1	39.2
Query_48815	XM_025385134.1	100.000	21	0	0	1	21	449	429	2.1	39.2
Query_48815	XM_025385133.1	100.000	21	0	0	1	21	605	585	2.1	39.2
Query_48815	XM_025385132.1	100.000	21	0	0	1	21	605	585	2.1	39.2
Query_48815	XM_011751348.2	100.000	21	0	0	1	21	600	580	2.1	39.2
Query_48815	XM_016950973.2	100.000	21	0	0	1	21	504	484	2.1	39.2
Query_48815	XM_009447486.3	100.000	21	0	0	1	21	445	425	2.1	39.2
Query_48815	XM_009447485.3	100.000	21	0	0	1	21	601	581	2.1	39.2
Query_48815	XM_024245916.1	100.000	21	0	0	1	21	508	488	2.1	39.2
Query_48815	XM_002814684.3	100.000	21	0	0	1	21	605	585	2.1	39.2
Query_48815	XM_012474955.2	100.000	21	0	0	1	21	605	585	2.1	39.2
Query_48815	LT735837.1	100.000	21	0	0	1	21	805	785	2.1	39.2
Query_48815	XM_015450067.1	100.000	21	0	0	1	21	503	483	2.1	39.2
Query_48815	XM_015450066.1	100.000	21	0	0	1	21	509	489	2.1	39.2
Query_48815	XM_004579146.2	100.000	21	0	0	1	21	354	334	2.1	39.2
Query_48815	XM_004579144.2	100.000	21	0	0	1	21	553	533	2.1	39.2
Query_48815	XM_012057902.1	100.000	21	0	0	1	21	600	580	2.1	39.2
Query_48815	XM_012057901.1	100.000	21	0	0	1	21	600	580	2.1	39.2
Query_48815	XM_011983567.1	100.000	21	0	0	1	21	449	429	2.1	39.2
Query_48815	XM_011983565.1	100.000	21	0	0	1	21	605	585	2.1	39.2
Query_48815	XM_011983564.1	100.000	21	0	0	1	21	605	585	2.1	39.2
Query_48815	KJ891343.1	100.000	21	0	0	1	21	383	363	2.1	39.2
Query_48815	XM_003940989.2	100.000	21	0	0	1	21	397	377	2.1	39.2
Query_48815	XM_039468204.1	100.000	21	0	0	1	21	416	396	2.1	39.2
Query_48815	NM_001260841.2	100.000	21	0	0	1	21	367	347	2.1	39.2
Query_48815	XR_001826530.2	100.000	21	0	0	1	21	469	449	2.1	39.2
Query_48815	XM_017527248.2	100.000	21	0	0	1	21	413	393	2.1	39.2
Query_48815	XM_017527247.2	100.000	21	0	0	1	21	600	580	2.1	39.2
Query_48815	XM_017527245.2	100.000	21	0	0	1	21	600	580	2.1	39.2
Query_48815	XM_036496828.1	100.000	21	0	0	1	21	261	241	2.1	39.2
Query_48815	XM_036496827.1	100.000	21	0	0	1	21	433	413	2.1	39.2
Query_48815	XM_004579145.3	100.000	21	0	0	1	21	492	472	2.1	39.2
Query_48815	XM_017970616.2	100.000	21	0	0	1	21	614	594	2.1	39.2
Query_48815	XM_035293865.1	100.000	21	0	0	1	21	572	552	2.1	39.2
Query_48815	XM_008993465.3	100.000	21	0	0	1	21	722	702	2.1	39.2
Query_48815	XM_035293864.1	100.000	21	0	0	1	21	315	295	2.1	39.2
Query_48815	XM_002745900.5	100.000	21	0	0	1	21	707	687	2.1	39.2
Query_48815	AB527742.1	100.000	21	0	0	1	21	327	307	2.1	39.2
Query_48815	CU690733.1	100.000	21	0	0	1	21	301	321	2.1	39.2
Query_48815	CU690732.1	100.000	21	0	0	1	21	334	314	2.1	39.2
Query_48815	EU446896.1	100.000	21	0	0	1	21	340	320	2.1	39.2
Query_48815	AK315524.1	100.000	21	0	0	1	21	528	508	2.1	39.2
Query_48815	AK307130.1	100.000	21	0	0	1	21	413	393	2.1	39.2
Query_48815	AK291454.1	100.000	21	0	0	1	21	354	334	2.1	39.2
Query_48815	NM_001283819.1	100.000	21	0	0	1	21	525	505	2.1	39.2
Query_48815	BC022804.1	100.000	21	0	0	1	21	478	458	2.1	39.2
Query_48815	AK093533.1	100.000	21	0	0	1	21	423	403	2.1	39.2
Query_48815	BC050600.1	100.000	21	0	0	1	21	456	436	2.1	39.2
Query_48815	AB022436.1	100.000	21	0	0	1	21	251	231	2.1	39.2
Query_48815	AB022435.1	100.000	21	0	0	1	21	404	384	2.1	39.2
Query_48815	U58522.1	100.000	21	0	0	1	21	321	301	2.1	39.2
Query_48815	XM_003817158.4	100.000	20	0	0	2	21	844	825	7.2	37.4
Query_48815	XM_003817155.2	100.000	20	0	0	2	21	904	885	7.2	37.4
Query_48815	XM_026304441.2	100.000	20	0	0	2	21	570	551	7.2	37.4
Query_48815	XM_026304440.2	100.000	20	0	0	2	21	569	550	7.2	37.4
Query_48815	XM_033214025.1	100.000	20	0	0	2	21	449	430	7.2	37.4
Query_48815	XM_033214024.1	100.000	20	0	0	2	21	400	381	7.2	37.4
Query_48815	XM_033214023.1	100.000	20	0	0	2	21	599	580	7.2	37.4
Query_48815	LR778283.1	100.000	20	0	0	2	21	16980909	16980890	7.2	37.4
Query_48815	XM_032154558.1	100.000	20	0	0	2	21	375	356	7.2	37.4
Query_48815	XM_023224701.3	100.000	20	0	0	2	21	418	399	7.2	37.4
Query_48815	XM_023224700.3	100.000	20	0	0	2	21	390	371	7.2	37.4
Query_48815	XM_023224699.3	100.000	20	0	0	2	21	599	580	7.2	37.4
Query_48815	XM_023213793.2	100.000	20	0	0	2	21	340	321	7.2	37.4
Query_48815	XM_031664650.1	100.000	20	0	0	1	20	187	168	7.2	37.4
Query_48815	XM_009181829.2	100.000	20	0	0	2	21	336	317	7.2	37.4
Query_48815	XM_009181821.4	100.000	20	0	0	2	21	444	425	7.2	37.4
Query_48815	XM_009181815.2	100.000	20	0	0	2	21	374	355	7.2	37.4
Query_48815	XM_004026749.3	100.000	20	0	0	2	21	408	389	7.2	37.4
Query_48815	XM_010364772.2	100.000	20	0	0	2	21	439	420	7.2	37.4
Query_48815	XM_010364770.2	100.000	20	0	0	2	21	396	377	7.2	37.4
Query_48815	XM_010364771.2	100.000	20	0	0	2	21	371	352	7.2	37.4
Query_48815	XM_010384547.2	100.000	20	0	0	2	21	599	580	7.2	37.4
Query_48815	XM_030824491.1	100.000	20	0	0	2	21	374	355	7.2	37.4
Query_48815	XM_038008617.1	100.000	20	0	0	2	21	427	408	7.2	37.4
Query_48815	XM_008017600.2	100.000	20	0	0	2	21	599	580	7.2	37.4
Query_48815	XM_007977067.2	100.000	20	0	0	2	21	1814	1795	7.2	37.4
Query_48815	XM_007977066.2	100.000	20	0	0	2	21	1851	1832	7.2	37.4
Query_48815	OA883123.1	100.000	20	0	0	1	20	27208	27227	7.2	37.4
Query_48815	XM_035293866.1	100.000	20	0	0	1	20	210	191	7.2	37.4


