# blastn
# Iteration: 0
# Query: 
# RID: 7RJJA8HM016
# Database: nt
# Fields: query acc.ver, subject acc.ver, % identity, alignment length, mismatches, gap opens, q. start, q. end, s. start, s. end, evalue, bit score
# 70 hits found
Query_59595	XM_034941314.1	100.000	21	0	0	1	21	445	425	2.1	39.2
Query_59595	XR_004430887.1	100.000	21	0	0	1	21	176	156	2.1	39.2
Query_59595	XR_004430886.1	100.000	21	0	0	1	21	429	409	2.1	39.2
Query_59595	XR_004430885.1	100.000	21	0	0	1	21	399	379	2.1	39.2
Query_59595	XR_004430884.1	100.000	21	0	0	1	21	305	285	2.1	39.2
Query_59595	XR_004430883.1	100.000	21	0	0	1	21	276	256	2.1	39.2
Query_59595	XM_033185036.1	100.000	21	0	0	1	21	460	440	2.1	39.2
Query_59595	XR_004266175.1	100.000	21	0	0	1	21	532	512	2.1	39.2
Query_59595	XM_032271694.1	100.000	21	0	0	1	21	46	26	2.1	39.2
Query_59595	XM_032138345.1	100.000	21	0	0	1	21	463	443	2.1	39.2
Query_59595	XM_023184506.2	100.000	21	0	0	1	21	451	431	2.1	39.2
Query_59595	XR_004179314.1	100.000	21	0	0	1	21	784	764	2.1	39.2
Query_59595	XR_004179313.1	100.000	21	0	0	1	21	176	156	2.1	39.2
Query_59595	XM_003912123.3	100.000	21	0	0	1	21	454	434	2.1	39.2
Query_59595	XM_017950278.3	100.000	21	0	0	1	21	292	272	2.1	39.2
Query_59595	XM_004058312.3	100.000	21	0	0	1	21	454	434	2.1	39.2
Query_59595	XM_010382186.2	100.000	21	0	0	1	21	454	434	2.1	39.2
Query_59595	XM_030800357.1	100.000	21	0	0	1	21	454	434	2.1	39.2
Query_59595	XR_001440232.2	100.000	21	0	0	1	21	547	527	2.1	39.2
Query_59595	XR_001440230.2	100.000	21	0	0	1	21	320	300	2.1	39.2
Query_59595	XM_015118270.2	100.000	21	0	0	1	21	449	429	2.1	39.2
Query_59595	XM_028835904.1	100.000	21	0	0	1	21	177	157	2.1	39.2
Query_59595	CP034495.1	100.000	21	0	0	1	21	4210373	4210393	2.1	39.2
Query_59595	CP034495.1	100.000	21	0	0	1	21	84390642	84390662	2.1	39.2
Query_59595	XM_025362958.1	100.000	21	0	0	1	21	454	434	2.1	39.2
Query_59595	XR_981472.2	100.000	21	0	0	1	21	221	201	2.1	39.2
Query_59595	XR_003016002.1	100.000	21	0	0	1	21	324	304	2.1	39.2
Query_59595	XR_981462.2	100.000	21	0	0	1	21	746	726	2.1	39.2
Query_59595	XR_003015996.1	100.000	21	0	0	1	21	600	580	2.1	39.2
Query_59595	XR_981464.2	100.000	21	0	0	1	21	778	758	2.1	39.2
Query_59595	XM_009431600.3	100.000	21	0	0	1	21	80	60	2.1	39.2
Query_59595	XM_016931252.2	100.000	21	0	0	1	21	454	434	2.1	39.2
Query_59595	XM_002826864.4	100.000	21	0	0	1	21	454	434	2.1	39.2
Query_59595	LT734953.1	100.000	21	0	0	1	21	579	559	2.1	39.2
Query_59595	XM_017860189.1	100.000	21	0	0	1	21	466	446	2.1	39.2
Query_59595	XR_981471.1	100.000	21	0	0	1	21	206	186	2.1	39.2
Query_59595	XR_981470.1	100.000	21	0	0	1	21	206	186	2.1	39.2
Query_59595	XR_981467.1	100.000	21	0	0	1	21	447	427	2.1	39.2
Query_59595	XM_011725127.1	100.000	21	0	0	1	21	454	434	2.1	39.2
Query_59595	XR_001014219.1	100.000	21	0	0	1	21	203	183	2.1	39.2
Query_59595	XR_001014218.1	100.000	21	0	0	1	21	807	787	2.1	39.2
Query_59595	XR_001014217.1	100.000	21	0	0	1	21	838	818	2.1	39.2
Query_59595	XR_001014215.1	100.000	21	0	0	1	21	232	212	2.1	39.2
Query_59595	XR_001014214.1	100.000	21	0	0	1	21	176	156	2.1	39.2
Query_59595	XR_001014213.1	100.000	21	0	0	1	21	206	186	2.1	39.2
Query_59595	XM_012055657.1	100.000	21	0	0	1	21	454	434	2.1	39.2
Query_59595	XM_011947503.1	100.000	21	0	0	1	21	257	237	2.1	39.2
Query_59595	XM_011980458.1	100.000	21	0	0	1	21	260	240	2.1	39.2
Query_59595	KJ892344.1	100.000	21	0	0	1	21	157	137	2.1	39.2
Query_59595	XM_039476665.1	100.000	21	0	0	1	21	475	455	2.1	39.2
Query_59595	CP068261.1	100.000	21	0	0	1	21	4196616	4196636	2.1	39.2
Query_59595	XR_005236751.1	100.000	21	0	0	1	21	286	266	2.1	39.2
Query_59595	XR_005236750.1	100.000	21	0	0	1	21	274	254	2.1	39.2
Query_59595	XM_008009911.2	100.000	21	0	0	1	21	458	438	2.1	39.2
Query_59595	XM_017512180.2	100.000	21	0	0	1	21	447	427	2.1	39.2
Query_59595	AP023477.1	100.000	21	0	0	1	21	4380514	4380534	2.1	39.2
Query_59595	NM_003342.5	100.000	21	0	0	1	21	451	431	2.1	39.2
Query_59595	XR_004743113.1	100.000	21	0	0	1	21	543	523	2.1	39.2
Query_59595	XM_002747845.5	100.000	21	0	0	1	21	464	444	2.1	39.2
Query_59595	AK313059.1	100.000	21	0	0	1	21	297	277	2.1	39.2
Query_59595	BC026288.1	100.000	21	0	0	1	21	258	238	2.1	39.2
Query_59595	BT008255.1	100.000	21	0	0	1	21	92	72	2.1	39.2
Query_59595	BT007416.1	100.000	21	0	0	1	21	92	72	2.1	39.2
Query_59595	NM_001283400.1	100.000	21	0	0	1	21	281	261	2.1	39.2
Query_59595	AC087742.9	100.000	21	0	0	1	21	12792	12772	2.1	39.2
Query_59595	BC002775.2	100.000	21	0	0	1	21	349	329	2.1	39.2
Query_59595	D78514.1	100.000	21	0	0	1	21	110	90	2.1	39.2
Query_59595	XR_002826840.1	100.000	20	0	0	1	20	413	394	7.3	37.4
Query_59595	XM_006105276.3	100.000	20	0	0	1	20	410	391	7.3	37.4
Query_59595	FR990072.1	100.000	20	0	0	2	21	5480259	5480278	7.3	37.4


