# blastn
# Iteration: 0
# Query: 
# RID: 7PXTZW3T01R
# Database: nt
# Fields: query acc.ver, subject acc.ver, % identity, alignment length, mismatches, gap opens, q. start, q. end, s. start, s. end, evalue, bit score
# 93 hits found
Query_77433	XM_003807100.4	100.000	21	0	0	1	21	619	599	2.1	39.2
Query_77433	XM_034942333.1	100.000	21	0	0	1	21	603	583	2.1	39.2
Query_77433	XM_027921270.2	100.000	21	0	0	1	21	599	579	2.1	39.2
Query_77433	XM_033845996.1	100.000	21	0	0	1	21	657	637	2.1	39.2
Query_77433	XM_033224473.1	100.000	21	0	0	1	21	987	967	2.1	39.2
Query_77433	XM_032848713.1	100.000	21	0	0	1	21	646	626	2.1	39.2
Query_77433	XM_032612932.1	100.000	21	0	0	1	21	657	637	2.1	39.2
Query_77433	XM_032325507.1	100.000	21	0	0	1	21	648	628	2.1	39.2
Query_77433	XM_032171207.1	100.000	21	0	0	1	21	890	870	2.1	39.2
Query_77433	LR738419.1	100.000	21	0	0	1	21	57518798	57518818	2.1	39.2
Query_77433	LR738628.1	100.000	21	0	0	1	21	71678014	71678034	2.1	39.2
Query_77433	LR738606.1	100.000	21	0	0	1	21	65125504	65125524	2.1	39.2
Query_77433	XM_003916130.3	100.000	21	0	0	1	21	994	974	2.1	39.2
Query_77433	XR_004067781.1	100.000	21	0	0	1	21	603	583	2.1	39.2
Query_77433	XM_019015478.2	100.000	21	0	0	1	21	274	254	2.1	39.2
Query_77433	XR_176607.3	100.000	21	0	0	1	21	619	599	2.1	39.2
Query_77433	XM_010379192.2	100.000	21	0	0	1	21	984	964	2.1	39.2
Query_77433	XM_030851183.1	100.000	21	0	0	1	21	657	637	2.1	39.2
Query_77433	XM_003277335.4	100.000	21	0	0	1	21	896	876	2.1	39.2
Query_77433	XM_022586052.2	100.000	21	0	0	1	21	680	660	2.1	39.2
Query_77433	XM_029245354.1	100.000	21	0	0	1	21	657	637	2.1	39.2
Query_77433	AC279090.1	100.000	21	0	0	1	21	113205	113225	2.1	39.2
Query_77433	XM_028486348.1	100.000	21	0	0	1	21	287	267	2.1	39.2
Query_77433	NM_014501.3	100.000	21	0	0	1	21	624	604	2.1	39.2
Query_77433	XM_027097427.1	100.000	21	0	0	1	21	788	768	2.1	39.2
Query_77433	XM_026381215.1	100.000	21	0	0	1	21	608	588	2.1	39.2
Query_77433	XM_028138416.1	100.000	21	0	0	1	21	899	879	2.1	39.2
Query_77433	CP034522.1	100.000	21	0	0	1	21	55853048	55853068	2.1	39.2
Query_77433	CP034497.1	100.000	21	0	0	1	21	55853048	55853068	2.1	39.2
Query_77433	CP034495.1	100.000	21	0	0	1	21	18580828	18580808	2.1	39.2
Query_77433	XM_025985268.1	100.000	21	0	0	1	21	851	831	2.1	39.2
Query_77433	XM_025369037.1	100.000	21	0	0	1	21	993	973	2.1	39.2
Query_77433	AC277977.1	100.000	21	0	0	1	21	166307	166327	2.1	39.2
Query_77433	XM_011752020.2	100.000	21	0	0	1	21	987	967	2.1	39.2
Query_77433	XM_024755169.1	100.000	21	0	0	1	21	657	637	2.1	39.2
Query_77433	XM_024570361.1	100.000	21	0	0	1	21	624	604	2.1	39.2
Query_77433	XM_016936881.2	100.000	21	0	0	1	21	2167	2147	2.1	39.2
Query_77433	XM_016936880.2	100.000	21	0	0	1	21	687	667	2.1	39.2
Query_77433	XR_677486.3	100.000	21	0	0	1	21	880	860	2.1	39.2
Query_77433	XR_002942167.1	100.000	21	0	0	1	21	563	543	2.1	39.2
Query_77433	XM_024236634.1	100.000	21	0	0	1	21	889	869	2.1	39.2
Query_77433	XM_006109010.3	100.000	21	0	0	1	21	678	658	2.1	39.2
Query_77433	XM_023184255.1	100.000	21	0	0	1	21	1005	985	2.1	39.2
Query_77433	XM_022491910.1	100.000	21	0	0	1	21	609	589	2.1	39.2
Query_77433	LT741140.1	100.000	21	0	0	1	21	912	892	2.1	39.2
Query_77433	LT736020.1	100.000	21	0	0	1	21	912	892	2.1	39.2
Query_77433	XM_020179726.1	100.000	21	0	0	1	21	610	590	2.1	39.2
Query_77433	AC275577.1	100.000	21	0	0	1	21	9013	8993	2.1	39.2
Query_77433	XM_017892532.1	100.000	21	0	0	1	21	985	965	2.1	39.2
Query_77433	AC275431.1	100.000	21	0	0	1	21	56586	56606	2.1	39.2
Query_77433	XM_016218346.1	100.000	21	0	0	1	21	440	420	2.1	39.2
Query_77433	XM_015505342.1	100.000	21	0	0	1	21	569	549	2.1	39.2
Query_77433	XM_005590403.2	100.000	21	0	0	1	21	988	968	2.1	39.2
Query_77433	NG_031882.2	100.000	21	0	0	1	21	355	335	2.1	39.2
Query_77433	XM_014537330.1	100.000	21	0	0	1	21	938	918	2.1	39.2
Query_77433	XM_005862777.2	100.000	21	0	0	1	21	459	439	2.1	39.2
Query_77433	XM_004777011.2	100.000	21	0	0	1	21	647	627	2.1	39.2
Query_77433	XM_012053615.1	100.000	21	0	0	1	21	985	965	2.1	39.2
Query_77433	XM_011932455.1	100.000	21	0	0	1	21	986	966	2.1	39.2
Query_77433	XM_011932454.1	100.000	21	0	0	1	21	992	972	2.1	39.2
Query_77433	XM_008591281.1	100.000	21	0	0	1	21	793	773	2.1	39.2
Query_77433	KJ898691.1	100.000	21	0	0	1	21	490	470	2.1	39.2
Query_77433	KJ898690.1	100.000	21	0	0	1	21	490	470	2.1	39.2
Query_77433	XM_007468007.1	100.000	21	0	0	1	21	788	768	2.1	39.2
Query_77433	AC254826.1	100.000	21	0	0	1	21	132716	132696	2.1	39.2
Query_77433	NM_001286964.1	100.000	21	0	0	1	21	596	576	2.1	39.2
Query_77433	XM_005341577.4	100.000	21	0	0	1	21	581	561	2.1	39.2
Query_77433	NM_001266004.2	100.000	21	0	0	1	21	744	724	2.1	39.2
Query_77433	CP068261.1	100.000	21	0	0	1	21	18624628	18624608	2.1	39.2
Query_77433	CP068259.1	100.000	21	0	0	1	21	58497129	58497149	2.1	39.2
Query_77433	XM_007998158.2	100.000	21	0	0	1	21	990	970	2.1	39.2
Query_77433	XM_037159833.1	100.000	21	0	0	1	21	839	819	2.1	39.2
Query_77433	XM_037038096.1	100.000	21	0	0	1	21	1022	1002	2.1	39.2
Query_77433	XM_036909194.1	100.000	21	0	0	1	21	621	601	2.1	39.2
Query_77433	XM_036306722.1	100.000	21	0	0	1	21	633	613	2.1	39.2
Query_77433	XM_036274493.1	100.000	21	0	0	1	21	579	559	2.1	39.2
Query_77433	AP023479.1	100.000	21	0	0	1	21	55879471	55879491	2.1	39.2
Query_77433	AP023477.1	100.000	21	0	0	1	21	18786208	18786188	2.1	39.2
Query_77433	XM_028529479.2	100.000	21	0	0	1	21	777	757	2.1	39.2
Query_77433	XM_025423880.2	100.000	21	0	0	1	21	644	624	2.1	39.2
Query_77433	AC240523.3	100.000	21	0	0	1	21	9976	9956	2.1	39.2
Query_77433	CU675700.1	100.000	21	0	0	1	21	260	280	2.1	39.2
Query_77433	CU675699.1	100.000	21	0	0	1	21	442	422	2.1	39.2
Query_77433	BC014622.1	100.000	21	0	0	1	21	614	594	2.1	39.2
Query_77433	AC183294.3	100.000	21	0	0	1	21	3572	3552	2.1	39.2
Query_77433	BC065364.1	100.000	21	0	0	1	21	613	593	2.1	39.2
Query_77433	BC004236.2	100.000	21	0	0	1	21	603	583	2.1	39.2
Query_77433	AC026271.6	100.000	21	0	0	1	21	41837	41857	2.1	39.2
Query_77433	AC020922.9	100.000	21	0	0	1	21	109963	109983	2.1	39.2
Query_77433	DQ120720.1	100.000	21	0	0	1	21	425	405	2.1	39.2
Query_77433	DQ120719.1	100.000	21	0	0	1	21	426	406	2.1	39.2
Query_77433	AB062397.1	100.000	21	0	0	1	21	603	583	2.1	39.2
Query_77433	M91670.1	100.000	21	0	0	1	21	484	464	2.1	39.2


