# blastn
# Iteration: 0
# Query: 
# RID: 6S3YJATB016
# Database: nt
# Fields: query acc.ver, subject acc.ver, % identity, alignment length, mismatches, gap opens, q. start, q. end, s. start, s. end, evalue, bit score
# 100 hits found
Query_41063	XM_008976634.2	100.000	21	0	0	1	21	472	452	2.1	39.2
Query_41063	XM_003823013.3	100.000	21	0	0	1	21	454	434	2.1	39.2
Query_41063	XM_010645083.3	100.000	21	0	0	1	21	428	408	2.1	39.2
Query_41063	XR_004262057.1	100.000	21	0	0	1	21	386	366	2.1	39.2
Query_41063	XM_032288776.1	100.000	21	0	0	1	21	444	424	2.1	39.2
Query_41063	XM_032136927.1	100.000	21	0	0	1	21	430	410	2.1	39.2
Query_41063	XM_032136926.1	100.000	21	0	0	1	21	426	406	2.1	39.2
Query_41063	XR_639001.4	100.000	21	0	0	1	21	470	450	2.1	39.2
Query_41063	XM_009189984.4	100.000	21	0	0	1	21	470	450	2.1	39.2
Query_41063	XM_019037287.2	100.000	21	0	0	1	21	430	410	2.1	39.2
Query_41063	XM_012502075.2	100.000	21	0	0	1	21	426	406	2.1	39.2
Query_41063	XM_008830318.3	100.000	21	0	0	1	21	602	582	2.1	39.2
Query_41063	XM_017797433.2	100.000	21	0	0	1	21	471	451	2.1	39.2
Query_41063	XM_015120156.2	100.000	21	0	0	1	21	425	405	2.1	39.2
Query_41063	XM_015120144.2	100.000	21	0	0	1	21	459	439	2.1	39.2
Query_41063	XM_015120123.2	100.000	21	0	0	1	21	459	439	2.1	39.2
Query_41063	XM_025391108.1	100.000	21	0	0	1	21	430	410	2.1	39.2
Query_41063	XM_025391104.1	100.000	21	0	0	1	21	426	406	2.1	39.2
Query_41063	NM_014176.4	100.000	21	0	0	1	21	397	377	2.1	39.2
Query_41063	XM_011746666.2	100.000	21	0	0	1	21	425	405	2.1	39.2
Query_41063	XM_011746665.2	100.000	21	0	0	1	21	796	776	2.1	39.2
Query_41063	XM_011746664.2	100.000	21	0	0	1	21	668	648	2.1	39.2
Query_41063	XM_011746662.2	100.000	21	0	0	1	21	450	430	2.1	39.2
Query_41063	XM_009440790.2	100.000	21	0	0	1	21	446	426	2.1	39.2
Query_41063	XM_024350983.1	100.000	21	0	0	1	21	766	746	2.1	39.2
Query_41063	XM_514102.6	100.000	21	0	0	1	21	457	437	2.1	39.2
Query_41063	XM_024239242.1	100.000	21	0	0	1	21	795	775	2.1	39.2
Query_41063	XM_002809603.4	100.000	21	0	0	1	21	442	422	2.1	39.2
Query_41063	XM_003410227.3	100.000	21	0	0	1	21	709	689	2.1	39.2
Query_41063	XM_010590212.2	100.000	21	0	0	1	21	431	411	2.1	39.2
Query_41063	XM_023548265.1	100.000	21	0	0	1	21	2650	2630	2.1	39.2
Query_41063	XM_003893291.3	100.000	21	0	0	1	21	470	450	2.1	39.2
Query_41063	LT735351.1	100.000	21	0	0	1	21	778	758	2.1	39.2
Query_41063	XM_004028164.2	100.000	21	0	0	1	21	426	406	2.1	39.2
Query_41063	XM_009189991.2	100.000	21	0	0	1	21	425	405	2.1	39.2
Query_41063	XM_015448187.1	100.000	21	0	0	1	21	425	405	2.1	39.2
Query_41063	XM_015448182.1	100.000	21	0	0	1	21	462	442	2.1	39.2
Query_41063	XM_015448175.1	100.000	21	0	0	1	21	462	442	2.1	39.2
Query_41063	XM_005540454.2	100.000	21	0	0	1	21	462	442	2.1	39.2
Query_41063	XM_005540453.2	100.000	21	0	0	1	21	396	376	2.1	39.2
Query_41063	XM_005540452.2	100.000	21	0	0	1	21	792	772	2.1	39.2
Query_41063	XM_005540451.2	100.000	21	0	0	1	21	658	638	2.1	39.2
Query_41063	XM_005540450.2	100.000	21	0	0	1	21	462	442	2.1	39.2
Query_41063	XM_012459474.1	100.000	21	0	0	1	21	437	417	2.1	39.2
Query_41063	XM_011746661.1	100.000	21	0	0	1	21	450	430	2.1	39.2
Query_41063	XM_012037510.1	100.000	21	0	0	1	21	384	364	2.1	39.2
Query_41063	XM_012037503.1	100.000	21	0	0	1	21	368	348	2.1	39.2
Query_41063	XM_012037497.1	100.000	21	0	0	1	21	552	532	2.1	39.2
Query_41063	XM_012037489.1	100.000	21	0	0	1	21	821	801	2.1	39.2
Query_41063	XM_012037480.1	100.000	21	0	0	1	21	434	414	2.1	39.2
Query_41063	XM_012037472.1	100.000	21	0	0	1	21	434	414	2.1	39.2
Query_41063	XM_011990525.1	100.000	21	0	0	1	21	389	369	2.1	39.2
Query_41063	XM_011990523.1	100.000	21	0	0	1	21	426	406	2.1	39.2
Query_41063	XM_003938286.2	100.000	21	0	0	1	21	426	406	2.1	39.2
Query_41063	KJ893680.1	100.000	21	0	0	1	21	356	336	2.1	39.2
Query_41063	XM_007988939.2	100.000	21	0	0	1	21	396	376	2.1	39.2
Query_41063	XM_037985742.1	100.000	21	0	0	1	21	746	726	2.1	39.2
Query_41063	XM_007988937.2	100.000	21	0	0	1	21	462	442	2.1	39.2
Query_41063	XM_007988936.2	100.000	21	0	0	1	21	461	441	2.1	39.2
Query_41063	XM_017520112.2	100.000	21	0	0	1	21	417	397	2.1	39.2
Query_41063	XM_037727245.1	100.000	21	0	0	1	21	386	366	2.1	39.2
Query_41063	NM_001310326.2	100.000	21	0	0	1	21	401	381	2.1	39.2
Query_41063	XM_035280890.1	100.000	21	0	0	1	21	753	733	2.1	39.2
Query_41063	XM_035280892.1	100.000	21	0	0	1	21	467	447	2.1	39.2
Query_41063	XM_002760652.4	100.000	21	0	0	1	21	444	424	2.1	39.2
Query_41063	CU678592.1	100.000	21	0	0	1	21	307	287	2.1	39.2
Query_41063	DQ895975.2	100.000	21	0	0	1	21	313	293	2.1	39.2
Query_41063	DQ892729.2	100.000	21	0	0	1	21	313	293	2.1	39.2
Query_41063	BC019284.1	100.000	21	0	0	1	21	389	369	2.1	39.2
Query_41063	BC004152.2	100.000	21	0	0	1	21	389	369	2.1	39.2
Query_41063	AF160215.1	100.000	21	0	0	1	21	384	364	2.1	39.2
Query_41063	AK000504.1	100.000	21	0	0	1	21	382	362	2.1	39.2
Query_41063	AF161499.1	100.000	21	0	0	1	21	417	397	2.1	39.2
Query_41063	AY542309.1	100.000	21	0	0	1	21	292	272	2.1	39.2
Query_41063	AB032931.1	100.000	21	0	0	1	21	333	313	2.1	39.2
Query_41063	XM_019794532.2	100.000	20	0	0	2	21	343	324	7.2	37.4
Query_41063	XM_034667047.1	100.000	20	0	0	2	21	1609	1590	7.2	37.4
Query_41063	XM_011218883.3	100.000	20	0	0	2	21	423	404	7.2	37.4
Query_41063	XM_002914593.4	100.000	20	0	0	2	21	416	397	7.2	37.4
Query_41063	XM_032878270.1	100.000	20	0	0	2	21	541	522	7.2	37.4
Query_41063	XM_040462185.1	100.000	20	0	0	2	21	629	610	7.2	37.4
Query_41063	XM_040462184.1	100.000	20	0	0	2	21	569	550	7.2	37.4
Query_41063	XM_040462183.1	100.000	20	0	0	2	21	460	441	7.2	37.4
Query_41063	XM_040462182.1	100.000	20	0	0	2	21	787	768	7.2	37.4
Query_41063	XM_038349780.1	100.000	20	0	0	2	21	438	419	7.2	37.4
Query_41063	XM_037812190.1	100.000	20	0	0	2	21	380	361	7.2	37.4
Query_41063	XM_037812188.1	100.000	20	0	0	2	21	576	557	7.2	37.4
Query_41063	XM_037812177.1	100.000	20	0	0	2	21	438	419	7.2	37.4
Query_41063	XM_037211392.1	100.000	20	0	0	2	21	290	271	7.2	37.4
Query_41063	XM_028876635.2	100.000	20	0	0	2	21	669	650	7.2	37.4
Query_41063	XM_037015311.1	100.000	20	0	0	2	21	373	354	7.2	37.4
Query_41063	XM_036909551.1	100.000	20	0	0	2	21	373	354	7.2	37.4
Query_41063	XM_036909550.1	100.000	20	0	0	2	21	431	412	7.2	37.4
Query_41063	XM_036202528.1	100.000	20	0	0	2	21	402	383	7.2	37.4
Query_41063	XM_027417544.2	100.000	20	0	0	2	21	510	491	7.2	37.4
Query_41063	XM_027417543.2	100.000	20	0	0	2	21	634	615	7.2	37.4
Query_41063	XM_027417542.2	100.000	20	0	0	2	21	509	490	7.2	37.4
Query_41063	XM_027422966.2	100.000	20	0	0	2	21	510	491	7.2	37.4
Query_41063	XM_027422956.2	100.000	20	0	0	2	21	641	622	7.2	37.4
Query_41063	XM_003498853.5	100.000	20	0	0	2	21	509	490	7.2	37.4


