# blastn
# Iteration: 0
# Query: 
# RID: 9PR4H16K013
# Database: nt
# Fields: query acc.ver, subject acc.ver, % identity, alignment length, mismatches, gap opens, q. start, q. end, s. start, s. end, evalue, bit score
# 100 hits found
Query_63213	XM_041257934.1	100.000	21	0	0	1	21	335	315	2.1	39.2
Query_63213	XM_041254549.1	100.000	21	0	0	1	21	324	304	2.1	39.2
Query_63213	XM_041029905.1	100.000	21	0	0	1	21	343	323	2.1	39.2
Query_63213	XM_008705871.2	100.000	21	0	0	1	21	168	148	2.1	39.2
Query_63213	XM_040644001.1	100.000	21	0	0	1	21	545	525	2.1	39.2
Query_63213	CP071569.1	100.000	21	0	0	1	21	19467313	19467293	2.1	39.2
Query_63213	XM_040471984.1	100.000	21	0	0	1	21	570	550	2.1	39.2
Query_63213	XM_040471983.1	100.000	21	0	0	1	21	613	593	2.1	39.2
Query_63213	XM_040471982.1	100.000	21	0	0	1	21	568	548	2.1	39.2
Query_63213	XM_040471981.1	100.000	21	0	0	1	21	169	149	2.1	39.2
Query_63213	XM_040471980.1	100.000	21	0	0	1	21	611	591	2.1	39.2
Query_63213	XM_021730377.2	100.000	21	0	0	1	21	586	566	2.1	39.2
Query_63213	XM_005331109.4	100.000	21	0	0	1	21	581	561	2.1	39.2
Query_63213	XM_040259624.1	100.000	21	0	0	1	21	162	142	2.1	39.2
Query_63213	XM_040259623.1	100.000	21	0	0	1	21	185	165	2.1	39.2
Query_63213	XM_040259622.1	100.000	21	0	0	1	21	561	541	2.1	39.2
Query_63213	XM_040153657.1	100.000	21	0	0	1	21	349	329	2.1	39.2
Query_63213	XM_040035323.1	100.000	21	0	0	1	21	345	325	2.1	39.2
Query_63213	XM_029074221.2	100.000	21	0	0	1	21	190	170	2.1	39.2
Query_63213	XM_039860867.1	100.000	21	0	0	1	21	239	219	2.1	39.2
Query_63213	XM_039860866.1	100.000	21	0	0	1	21	565	545	2.1	39.2
Query_63213	XM_039860865.1	100.000	21	0	0	1	21	563	543	2.1	39.2
Query_63213	XM_039791617.1	100.000	21	0	0	1	21	340	320	2.1	39.2
Query_63213	XM_039760994.1	100.000	21	0	0	1	21	328	308	2.1	39.2
Query_63213	XM_039601068.1	100.000	21	0	0	1	21	342	322	2.1	39.2
Query_63213	XR_005592631.1	100.000	21	0	0	1	21	376	356	2.1	39.2
Query_63213	XM_039519883.1	100.000	21	0	0	1	21	376	356	2.1	39.2
Query_63213	XM_003921004.3	100.000	21	0	0	1	21	538	518	2.1	39.2
Query_63213	XM_039345733.1	100.000	21	0	0	1	21	253	233	2.1	39.2
Query_63213	XM_039242784.1	100.000	21	0	0	1	21	553	533	2.1	39.2
Query_63213	XM_039242778.1	100.000	21	0	0	1	21	552	532	2.1	39.2
Query_63213	LR991649.1	100.000	21	0	0	1	21	11809481	11809501	2.1	39.2
Query_63213	XM_038978394.1	100.000	21	0	0	1	21	313	293	2.1	39.2
Query_63213	XM_038978393.1	100.000	21	0	0	1	21	313	293	2.1	39.2
Query_63213	XM_038978392.1	100.000	21	0	0	1	21	313	293	2.1	39.2
Query_63213	XM_038977523.1	100.000	21	0	0	1	21	310	290	2.1	39.2
Query_63213	XM_038977522.1	100.000	21	0	0	1	21	310	290	2.1	39.2
Query_63213	XM_038977521.1	100.000	21	0	0	1	21	310	290	2.1	39.2
Query_63213	XM_038752153.1	100.000	21	0	0	1	21	296	276	2.1	39.2
Query_63213	XM_038738444.1	100.000	21	0	0	1	21	323	303	2.1	39.2
Query_63213	XM_038289380.1	100.000	21	0	0	1	21	366	346	2.1	39.2
Query_63213	XM_007982899.2	100.000	21	0	0	1	21	545	525	2.1	39.2
Query_63213	XM_017414869.3	100.000	21	0	0	1	21	330	310	2.1	39.2
Query_63213	XM_037889413.1	100.000	21	0	0	1	21	97	77	2.1	39.2
Query_63213	XR_005223828.1	100.000	21	0	0	1	21	378	358	2.1	39.2
Query_63213	XM_037889412.1	100.000	21	0	0	1	21	378	358	2.1	39.2
Query_63213	XM_037760051.1	100.000	21	0	0	1	21	303	283	2.1	39.2
Query_63213	XM_017532568.2	100.000	21	0	0	1	21	123	103	2.1	39.2
Query_63213	XM_017532567.2	100.000	21	0	0	1	21	538	518	2.1	39.2
Query_63213	XM_017532566.2	100.000	21	0	0	1	21	536	516	2.1	39.2
Query_63213	XM_037695970.1	100.000	21	0	0	1	21	308	288	2.1	39.2
Query_63213	XM_017710691.2	100.000	21	0	0	1	21	375	355	2.1	39.2
Query_63213	XM_037513116.1	100.000	21	0	0	1	21	313	293	2.1	39.2
Query_63213	XM_037513112.1	100.000	21	0	0	1	21	857	837	2.1	39.2
Query_63213	XM_037513104.1	100.000	21	0	0	1	21	123	103	2.1	39.2
Query_63213	XM_037513099.1	100.000	21	0	0	1	21	207	187	2.1	39.2
Query_63213	XM_037513092.1	100.000	21	0	0	1	21	207	187	2.1	39.2
Query_63213	XM_037461119.1	100.000	21	0	0	1	21	325	305	2.1	39.2
Query_63213	XM_037122009.1	100.000	21	0	0	1	21	350	330	2.1	39.2
Query_63213	XM_037019485.1	100.000	21	0	0	1	21	100	80	2.1	39.2
Query_63213	XM_036957054.1	100.000	21	0	0	1	21	323	303	2.1	39.2
Query_63213	XM_036957053.1	100.000	21	0	0	1	21	323	303	2.1	39.2
Query_63213	XM_036945095.1	100.000	21	0	0	1	21	323	303	2.1	39.2
Query_63213	XM_036945094.1	100.000	21	0	0	1	21	323	303	2.1	39.2
Query_63213	XM_036909040.1	100.000	21	0	0	1	21	570	550	2.1	39.2
Query_63213	XM_036862830.1	100.000	21	0	0	1	21	438	418	2.1	39.2
Query_63213	XM_036759303.1	100.000	21	0	0	1	21	214	194	2.1	39.2
Query_63213	XM_036577079.1	100.000	21	0	0	1	21	75	55	2.1	39.2
Query_63213	XM_036577078.1	100.000	21	0	0	1	21	364	344	2.1	39.2
Query_63213	LR884473.1	100.000	21	0	0	1	21	13055599	13055579	2.1	39.2
Query_63213	XM_036328704.1	100.000	21	0	0	1	21	124	104	2.1	39.2
Query_63213	XM_036328703.1	100.000	21	0	0	1	21	124	104	2.1	39.2
Query_63213	XM_036328702.1	100.000	21	0	0	1	21	467	447	2.1	39.2
Query_63213	XM_036328701.1	100.000	21	0	0	1	21	166	146	2.1	39.2
Query_63213	XM_036328700.1	100.000	21	0	0	1	21	91	71	2.1	39.2
Query_63213	XM_036328699.1	100.000	21	0	0	1	21	460	440	2.1	39.2
Query_63213	XM_036328698.1	100.000	21	0	0	1	21	166	146	2.1	39.2
Query_63213	XM_024290714.2	100.000	21	0	0	1	21	364	344	2.1	39.2
Query_63213	XM_024264773.2	100.000	21	0	0	1	21	369	349	2.1	39.2
Query_63213	XM_016148712.2	100.000	21	0	0	1	21	558	538	2.1	39.2
Query_63213	XM_016148711.2	100.000	21	0	0	1	21	557	537	2.1	39.2
Query_63213	LR880667.1	100.000	21	0	0	1	21	7205599	7205619	2.1	39.2
Query_63213	XM_036149315.1	100.000	21	0	0	1	21	374	354	2.1	39.2
Query_63213	XM_036101281.1	100.000	21	0	0	1	21	62	42	2.1	39.2
Query_63213	XM_036101280.1	100.000	21	0	0	1	21	572	552	2.1	39.2
Query_63213	XM_036101279.1	100.000	21	0	0	1	21	572	552	2.1	39.2
Query_63213	XM_036101278.1	100.000	21	0	0	1	21	517	497	2.1	39.2
Query_63213	XM_036101277.1	100.000	21	0	0	1	21	569	549	2.1	39.2
Query_63213	XM_031313315.2	100.000	21	0	0	1	21	345	325	2.1	39.2
Query_63213	XM_023274597.2	100.000	21	0	0	1	21	346	326	2.1	39.2
Query_63213	XM_006780704.2	100.000	21	0	0	1	21	344	324	2.1	39.2
Query_63213	XM_027573206.2	100.000	21	0	0	1	21	556	536	2.1	39.2
Query_63213	XM_027573203.2	100.000	21	0	0	1	21	556	536	2.1	39.2
Query_63213	LR862366.1	100.000	21	0	0	1	21	17525173	17525193	2.1	39.2
Query_63213	XM_035674838.1	100.000	21	0	0	1	21	335	315	2.1	39.2
Query_63213	XM_035621574.1	100.000	21	0	0	1	21	359	339	2.1	39.2
Query_63213	XM_035254744.1	100.000	21	0	0	1	21	127	107	2.1	39.2
Query_63213	XM_035254743.1	100.000	21	0	0	1	21	553	533	2.1	39.2
Query_63213	XM_035254741.1	100.000	21	0	0	1	21	549	529	2.1	39.2
Query_63213	XM_002756944.5	100.000	21	0	0	1	21	499	479	2.1	39.2


