# blastn
# Iteration: 0
# Query: 
# RID: 6UF0E0JF013
# Database: nt
# Fields: query acc.ver, subject acc.ver, % identity, alignment length, mismatches, gap opens, q. start, q. end, s. start, s. end, evalue, bit score
# 68 hits found
Query_44205	XM_003822875.4	100.000	21	0	0	1	21	1141	1121	2.1	39.2
Query_44205	XM_033763385.1	100.000	21	0	0	1	21	335	315	2.1	39.2
Query_44205	XM_010633248.3	100.000	21	0	0	1	21	339	319	2.1	39.2
Query_44205	XM_033234596.1	100.000	21	0	0	1	21	681	661	2.1	39.2
Query_44205	XM_033234595.1	100.000	21	0	0	1	21	674	654	2.1	39.2
Query_44205	XM_032275270.1	100.000	21	0	0	1	21	654	634	2.1	39.2
Query_44205	XM_032275268.1	100.000	21	0	0	1	21	654	634	2.1	39.2
Query_44205	XM_023205281.3	100.000	21	0	0	1	21	683	663	2.1	39.2
Query_44205	XM_023205280.3	100.000	21	0	0	1	21	677	657	2.1	39.2
Query_44205	XM_021937596.2	100.000	21	0	0	1	21	656	636	2.1	39.2
Query_44205	XM_021937595.2	100.000	21	0	0	1	21	656	636	2.1	39.2
Query_44205	XM_003897902.3	100.000	21	0	0	1	21	656	636	2.1	39.2
Query_44205	XM_004044402.3	100.000	21	0	0	1	21	658	638	2.1	39.2
Query_44205	XM_010357766.2	100.000	21	0	0	1	21	660	640	2.1	39.2
Query_44205	XM_028847361.1	100.000	21	0	0	1	21	680	660	2.1	39.2
Query_44205	XM_015136920.2	100.000	21	0	0	1	21	657	637	2.1	39.2
Query_44205	NM_016021.3	100.000	21	0	0	1	21	489	469	2.1	39.2
Query_44205	XM_027774504.1	100.000	21	0	0	1	21	416	396	2.1	39.2
Query_44205	XM_027774503.1	100.000	21	0	0	1	21	416	396	2.1	39.2
Query_44205	XM_006155303.3	100.000	21	0	0	1	21	416	396	2.1	39.2
Query_44205	XM_025382665.1	100.000	21	0	0	1	21	542	522	2.1	39.2
Query_44205	XM_025382664.1	100.000	21	0	0	1	21	313	293	2.1	39.2
Query_44205	XM_011766817.2	100.000	21	0	0	1	21	657	637	2.1	39.2
Query_44205	XM_011535888.3	100.000	21	0	0	1	21	922	902	2.1	39.2
Query_44205	XM_011535887.2	100.000	21	0	0	1	21	922	902	2.1	39.2
Query_44205	XM_518636.7	100.000	21	0	0	1	21	800	780	2.1	39.2
Query_44205	XM_009242085.2	100.000	21	0	0	1	21	661	641	2.1	39.2
Query_44205	XM_012444259.2	100.000	21	0	0	1	21	660	640	2.1	39.2
Query_44205	XM_012444257.2	100.000	21	0	0	1	21	387	367	2.1	39.2
Query_44205	XM_021240787.1	100.000	21	0	0	1	21	479	459	2.1	39.2
Query_44205	XM_004860210.2	100.000	21	0	0	1	21	440	420	2.1	39.2
Query_44205	XM_012750937.2	100.000	21	0	0	1	21	914	894	2.1	39.2
Query_44205	XM_012750935.2	100.000	21	0	0	1	21	873	853	2.1	39.2
Query_44205	LT738201.1	100.000	21	0	0	1	21	823	803	2.1	39.2
Query_44205	XM_019029617.1	100.000	21	0	0	1	21	351	331	2.1	39.2
Query_44205	XM_017876809.1	100.000	21	0	0	1	21	405	385	2.1	39.2
Query_44205	XM_015449105.1	100.000	21	0	0	1	21	660	640	2.1	39.2
Query_44205	XM_005552374.2	100.000	21	0	0	1	21	659	639	2.1	39.2
Query_44205	XM_005377749.2	100.000	21	0	0	1	21	547	527	2.1	39.2
Query_44205	XM_011766827.1	100.000	21	0	0	1	21	657	637	2.1	39.2
Query_44205	XM_012067027.1	100.000	21	0	0	1	21	653	633	2.1	39.2
Query_44205	XM_011941924.1	100.000	21	0	0	1	21	313	293	2.1	39.2
Query_44205	XM_011941922.1	100.000	21	0	0	1	21	398	378	2.1	39.2
Query_44205	XM_011941921.1	100.000	21	0	0	1	21	656	636	2.1	39.2
Query_44205	XM_011984430.1	100.000	21	0	0	1	21	313	293	2.1	39.2
Query_44205	XM_008567212.1	100.000	21	0	0	1	21	368	348	2.1	39.2
Query_44205	KJ898902.1	100.000	21	0	0	1	21	401	381	2.1	39.2
Query_44205	XM_004663662.1	100.000	21	0	0	1	21	336	316	2.1	39.2
Query_44205	XM_003922932.3	100.000	21	0	0	1	21	989	969	2.1	39.2
Query_44205	XM_008006598.2	100.000	21	0	0	1	21	981	961	2.1	39.2
Query_44205	XM_008006597.2	100.000	21	0	0	1	21	678	658	2.1	39.2
Query_44205	XM_037730801.1	100.000	21	0	0	1	21	1004	984	2.1	39.2
Query_44205	XM_017506803.2	100.000	21	0	0	1	21	988	968	2.1	39.2
Query_44205	XM_035296334.1	100.000	21	0	0	1	21	904	884	2.1	39.2
Query_44205	XM_008994763.2	100.000	21	0	0	1	21	1237	1217	2.1	39.2
Query_44205	AB464335.1	100.000	21	0	0	1	21	345	325	2.1	39.2
Query_44205	AK300629.1	100.000	21	0	0	1	21	412	392	2.1	39.2
Query_44205	AK290574.1	100.000	21	0	0	1	21	509	489	2.1	39.2
Query_44205	EU176317.1	100.000	21	0	0	1	21	358	338	2.1	39.2
Query_44205	DQ895144.2	100.000	21	0	0	1	21	358	338	2.1	39.2
Query_44205	AK223464.1	100.000	21	0	0	1	21	406	386	2.1	39.2
Query_44205	U93243.1	100.000	21	0	0	1	21	363	343	2.1	39.2
Query_44205	AJ245898.1	100.000	21	0	0	1	21	398	378	2.1	39.2
Query_44205	AF151039.1	100.000	21	0	0	1	21	60	40	2.1	39.2
Query_44205	AF161502.1	100.000	21	0	0	1	21	362	342	2.1	39.2
Query_44205	AF151834.1	100.000	21	0	0	1	21	474	454	2.1	39.2
Query_44205	AJ420578.1	100.000	21	0	0	1	21	316	296	2.1	39.2
Query_44205	BC013973.1	100.000	21	0	0	1	21	629	609	2.1	39.2


