# blastn
# Iteration: 0
# Query: 
# RID: 73PD44Z301R
# Database: nt
# Fields: query acc.ver, subject acc.ver, % identity, alignment length, mismatches, gap opens, q. start, q. end, s. start, s. end, evalue, bit score
# 20 hits found
Query_463979	XM_003817410.4	100.000	21	0	0	1	21	979	959	2.0	39.2
Query_463979	XM_032162573.1	100.000	21	0	0	1	21	988	968	2.0	39.2
Query_463979	XM_019026567.2	100.000	21	0	0	1	21	1038	1018	2.0	39.2
Query_463979	XM_003272285.3	100.000	21	0	0	1	21	1340	1320	2.0	39.2
Query_463979	NM_005450.6	100.000	21	0	0	1	21	994	974	2.0	39.2
Query_463979	CP034495.1	100.000	21	0	0	1	21	54672053	54672033	2.0	39.2
Query_463979	XM_523802.6	100.000	21	0	0	1	21	1049	1029	2.0	39.2
Query_463979	LT744950.1	100.000	21	0	0	1	21	956	936	2.0	39.2
Query_463979	KJ892724.1	100.000	21	0	0	1	21	534	514	2.0	39.2
Query_463979	CP068261.1	100.000	21	0	0	1	21	57471105	57471085	2.0	39.2
Query_463979	AP023477.1	100.000	21	0	0	1	21	54043905	54043885	2.0	39.2
Query_463979	NG_011958.1	100.000	21	0	0	1	21	5994	5974	2.0	39.2
Query_463979	CU689813.1	100.000	21	0	0	1	21	246	266	2.0	39.2
Query_463979	AK314080.1	100.000	21	0	0	1	21	994	974	2.0	39.2
Query_463979	BC034027.1	100.000	21	0	0	1	21	779	759	2.0	39.2
Query_463979	AC015724.9	100.000	21	0	0	1	21	61111	61131	2.0	39.2
Query_463979	AY890603.1	100.000	21	0	0	1	21	469	449	2.0	39.2
Query_463979	AY893078.1	100.000	21	0	0	1	21	469	449	2.0	39.2
Query_463979	AC005553.1	100.000	21	0	0	1	21	145734	145754	2.0	39.2
Query_463979	U31202.1	100.000	21	0	0	1	21	1280	1260	2.0	39.2


