# blastn
# Iteration: 0
# Query: 
# RID: 73MWKGZJ016
# Database: nt
# Fields: query acc.ver, subject acc.ver, % identity, alignment length, mismatches, gap opens, q. start, q. end, s. start, s. end, evalue, bit score
# 100 hits found
Query_2791	XM_035027375.1	100.000	21	0	0	1	21	1183	1163	2.1	39.2
Query_2791	XM_003817410.4	100.000	21	0	0	1	21	1110	1090	2.1	39.2
Query_2791	AP023165.1	100.000	21	0	0	1	21	32209214	32209234	2.1	39.2
Query_2791	XM_019795727.2	100.000	21	0	0	1	21	1205	1185	2.1	39.2
Query_2791	XM_019945282.2	100.000	21	0	0	1	21	1192	1172	2.1	39.2
Query_2791	XM_004271794.3	100.000	21	0	0	1	21	1212	1192	2.1	39.2
Query_2791	CP050593.1	100.000	21	0	0	1	21	31020628	31020608	2.1	39.2
Query_2791	CP050635.1	100.000	21	0	0	1	21	31022335	31022315	2.1	39.2
Query_2791	XM_033183585.1	100.000	21	0	0	1	21	1119	1099	2.1	39.2
Query_2791	XM_032615033.1	100.000	21	0	0	1	21	1197	1177	2.1	39.2
Query_2791	XM_006181400.3	100.000	21	0	0	1	21	1208	1188	2.1	39.2
Query_2791	XM_032428988.1	100.000	21	0	0	1	21	1190	1170	2.1	39.2
Query_2791	XM_032280103.1	100.000	21	0	0	1	21	1209	1189	2.1	39.2
Query_2791	XM_032162573.1	100.000	21	0	0	1	21	1119	1099	2.1	39.2
Query_2791	XM_023203969.3	100.000	21	0	0	1	21	1118	1098	2.1	39.2
Query_2791	XM_006216420.2	100.000	21	0	0	1	21	266	246	2.1	39.2
Query_2791	XM_003912784.4	100.000	21	0	0	1	21	1195	1175	2.1	39.2
Query_2791	XM_031468094.1	100.000	21	0	0	1	21	1093	1073	2.1	39.2
Query_2791	XM_019026567.2	100.000	21	0	0	1	21	1169	1149	2.1	39.2
Query_2791	XM_010380650.2	100.000	21	0	0	1	21	1119	1099	2.1	39.2
Query_2791	XM_030881597.1	100.000	21	0	0	1	21	1189	1169	2.1	39.2
Query_2791	XM_003272285.3	100.000	21	0	0	1	21	1471	1451	2.1	39.2
Query_2791	MH729718.1	100.000	21	0	0	1	21	600	580	2.1	39.2
Query_2791	MH729717.1	100.000	21	0	0	1	21	600	580	2.1	39.2
Query_2791	MH729716.1	100.000	21	0	0	1	21	600	580	2.1	39.2
Query_2791	MH729715.1	100.000	21	0	0	1	21	600	580	2.1	39.2
Query_2791	MH729714.1	100.000	21	0	0	1	21	600	580	2.1	39.2
Query_2791	MH729713.1	100.000	21	0	0	1	21	600	580	2.1	39.2
Query_2791	NM_005450.6	100.000	21	0	0	1	21	1125	1105	2.1	39.2
Query_2791	XM_030296487.1	100.000	21	0	0	1	21	1231	1211	2.1	39.2
Query_2791	XM_029212779.1	100.000	21	0	0	1	21	1120	1100	2.1	39.2
Query_2791	XM_027087081.1	100.000	21	0	0	1	21	1189	1169	2.1	39.2
Query_2791	XM_027034179.1	100.000	21	0	0	1	21	1231	1211	2.1	39.2
Query_2791	XM_026517916.1	100.000	21	0	0	1	21	1066	1046	2.1	39.2
Query_2791	XM_026407803.1	100.000	21	0	0	1	21	1182	1162	2.1	39.2
Query_2791	XM_008147742.2	100.000	21	0	0	1	21	1249	1229	2.1	39.2
Query_2791	XM_028164964.1	100.000	21	0	0	1	21	624	604	2.1	39.2
Query_2791	XM_027950363.1	100.000	21	0	0	1	21	1123	1103	2.1	39.2
Query_2791	XM_006172059.3	100.000	21	0	0	1	21	841	821	2.1	39.2
Query_2791	CP034495.1	100.000	21	0	0	1	21	54672184	54672164	2.1	39.2
Query_2791	XM_027519023.1	100.000	21	0	0	1	21	828	808	2.1	39.2
Query_2791	XM_025996239.1	100.000	21	0	0	1	21	552	532	2.1	39.2
Query_2791	XM_025851038.1	100.000	21	0	0	1	21	600	580	2.1	39.2
Query_2791	XM_025362689.1	100.000	21	0	0	1	21	1174	1154	2.1	39.2
Query_2791	MF480653.1	100.000	21	0	0	1	21	627	607	2.1	39.2
Query_2791	XM_006076220.2	100.000	21	0	0	1	21	800	780	2.1	39.2
Query_2791	XM_002695554.6	100.000	21	0	0	1	21	1195	1175	2.1	39.2
Query_2791	XM_011732968.2	100.000	21	0	0	1	21	1230	1210	2.1	39.2
Query_2791	XM_024757637.1	100.000	21	0	0	1	21	939	919	2.1	39.2
Query_2791	XM_523802.6	100.000	21	0	0	1	21	1180	1160	2.1	39.2
Query_2791	CP027087.1	100.000	21	0	0	1	21	7101776	7101756	2.1	39.2
Query_2791	XM_002827353.4	100.000	21	0	0	1	21	1119	1099	2.1	39.2
Query_2791	XM_007109681.2	100.000	21	0	0	1	21	943	923	2.1	39.2
Query_2791	XM_024127830.1	100.000	21	0	0	1	21	943	923	2.1	39.2
Query_2791	KY888941.1	100.000	21	0	0	1	21	414	394	2.1	39.2
Query_2791	XM_006095589.3	100.000	21	0	0	1	21	1210	1190	2.1	39.2
Query_2791	XM_004645279.2	100.000	21	0	0	1	21	805	785	2.1	39.2
Query_2791	XM_023652827.1	100.000	21	0	0	1	21	1202	1182	2.1	39.2
Query_2791	XM_023563808.1	100.000	21	0	0	1	21	564	544	2.1	39.2
Query_2791	XM_004481252.3	100.000	21	0	0	1	21	1082	1062	2.1	39.2
Query_2791	XM_011279931.3	100.000	21	0	0	1	21	1224	1204	2.1	39.2
Query_2791	XM_022552602.1	100.000	21	0	0	1	21	1275	1255	2.1	39.2
Query_2791	XM_012460453.2	100.000	21	0	0	1	21	1211	1191	2.1	39.2
Query_2791	XM_021704444.1	100.000	21	0	0	1	21	614	594	2.1	39.2
Query_2791	XM_020898946.1	100.000	21	0	0	1	21	1129	1109	2.1	39.2
Query_2791	XM_012741827.2	100.000	21	0	0	1	21	1140	1120	2.1	39.2
Query_2791	LT744950.1	100.000	21	0	0	1	21	1087	1067	2.1	39.2
Query_2791	XM_019982609.1	100.000	21	0	0	1	21	888	868	2.1	39.2
Query_2791	XM_019415688.1	100.000	21	0	0	1	21	754	734	2.1	39.2
Query_2791	XM_013971792.2	100.000	21	0	0	1	21	1203	1183	2.1	39.2
Query_2791	XM_017866509.1	100.000	21	0	0	1	21	1196	1176	2.1	39.2
Query_2791	XM_006779310.2	100.000	21	0	0	1	21	501	481	2.1	39.2
Query_2791	XM_015495857.1	100.000	21	0	0	1	21	603	583	2.1	39.2
Query_2791	XM_005583787.2	100.000	21	0	0	1	21	1119	1099	2.1	39.2
Query_2791	XM_014861061.1	100.000	21	0	0	1	21	1013	993	2.1	39.2
Query_2791	XM_004434751.2	100.000	21	0	0	1	21	1211	1191	2.1	39.2
Query_2791	XM_005872564.2	100.000	21	0	0	1	21	603	583	2.1	39.2
Query_2791	XM_005394073.2	100.000	21	0	0	1	21	906	886	2.1	39.2
Query_2791	XM_004707032.2	100.000	21	0	0	1	21	941	921	2.1	39.2
Query_2791	XM_003795558.2	100.000	21	0	0	1	21	1121	1101	2.1	39.2
Query_2791	XM_040497066.1	100.000	21	0	0	1	21	1231	1211	2.1	39.2
Query_2791	XM_005321598.3	100.000	21	0	0	1	21	1216	1196	2.1	39.2
Query_2791	XM_040244285.1	100.000	21	0	0	1	21	1253	1233	2.1	39.2
Query_2791	HG994394.1	100.000	21	0	0	1	21	29720349	29720369	2.1	39.2
Query_2791	XM_039241125.1	100.000	21	0	0	1	21	1188	1168	2.1	39.2
Query_2791	CP068261.1	100.000	21	0	0	1	21	57471236	57471216	2.1	39.2
Query_2791	XM_038675217.1	100.000	21	0	0	1	21	709	689	2.1	39.2
Query_2791	XM_005624988.2	100.000	21	0	0	1	21	703	683	2.1	39.2
Query_2791	XM_008011393.2	100.000	21	0	0	1	21	1186	1166	2.1	39.2
Query_2791	XM_037809573.1	100.000	21	0	0	1	21	1185	1165	2.1	39.2
Query_2791	XM_017538823.2	100.000	21	0	0	1	21	1118	1098	2.1	39.2
Query_2791	XM_037493704.1	100.000	21	0	0	1	21	1094	1074	2.1	39.2
Query_2791	XM_036342124.1	100.000	21	0	0	1	21	633	613	2.1	39.2
Query_2791	XM_036269265.1	100.000	21	0	0	1	21	1132	1112	2.1	39.2
Query_2791	XM_016155130.2	100.000	21	0	0	1	21	1189	1169	2.1	39.2
Query_2791	AP023477.1	100.000	21	0	0	1	21	54044036	54044016	2.1	39.2
Query_2791	XM_036106165.1	100.000	21	0	0	1	21	1200	1180	2.1	39.2
Query_2791	XM_028520706.2	100.000	21	0	0	1	21	1191	1171	2.1	39.2
Query_2791	XM_025440587.2	100.000	21	0	0	1	21	715	695	2.1	39.2
Query_2791	XM_002748399.4	100.000	21	0	0	1	21	1120	1100	2.1	39.2


