# blastn
# Iteration: 0
# Query: 
# RID: 6S6FCVYY013
# Database: nt
# Fields: query acc.ver, subject acc.ver, % identity, alignment length, mismatches, gap opens, q. start, q. end, s. start, s. end, evalue, bit score
# 96 hits found
Query_375129	XM_008976634.2	100.000	21	0	0	1	21	258	238	2.1	39.2
Query_375129	XM_003823013.3	100.000	21	0	0	1	21	240	220	2.1	39.2
Query_375129	XM_033198362.1	100.000	21	0	0	1	21	207	187	2.1	39.2
Query_375129	XM_033198361.1	100.000	21	0	0	1	21	233	213	2.1	39.2
Query_375129	XM_033198360.1	100.000	21	0	0	1	21	233	213	2.1	39.2
Query_375129	XM_033198359.1	100.000	21	0	0	1	21	233	213	2.1	39.2
Query_375129	XM_033198358.1	100.000	21	0	0	1	21	123	103	2.1	39.2
Query_375129	XR_004434096.1	100.000	21	0	0	1	21	233	213	2.1	39.2
Query_375129	XM_033198357.1	100.000	21	0	0	1	21	481	461	2.1	39.2
Query_375129	XM_033198356.1	100.000	21	0	0	1	21	233	213	2.1	39.2
Query_375129	XR_004262057.1	100.000	21	0	0	1	21	174	154	2.1	39.2
Query_375129	XM_032288776.1	100.000	21	0	0	1	21	230	210	2.1	39.2
Query_375129	XM_032136927.1	100.000	21	0	0	1	21	212	192	2.1	39.2
Query_375129	XM_032136926.1	100.000	21	0	0	1	21	212	192	2.1	39.2
Query_375129	XM_023186845.3	100.000	21	0	0	1	21	595	575	2.1	39.2
Query_375129	XM_019037287.2	100.000	21	0	0	1	21	212	192	2.1	39.2
Query_375129	XM_030930251.1	100.000	21	0	0	1	21	213	193	2.1	39.2
Query_375129	XM_010378845.2	100.000	21	0	0	1	21	240	220	2.1	39.2
Query_375129	XM_030930243.1	100.000	21	0	0	1	21	240	220	2.1	39.2
Query_375129	XM_012502075.2	100.000	21	0	0	1	21	212	192	2.1	39.2
Query_375129	XM_015120156.2	100.000	21	0	0	1	21	207	187	2.1	39.2
Query_375129	XM_015120144.2	100.000	21	0	0	1	21	245	225	2.1	39.2
Query_375129	XM_015120123.2	100.000	21	0	0	1	21	245	225	2.1	39.2
Query_375129	XM_026456675.1	100.000	21	0	0	1	21	232	212	2.1	39.2
Query_375129	XM_023186848.2	100.000	21	0	0	1	21	232	212	2.1	39.2
Query_375129	XM_023186846.2	100.000	21	0	0	1	21	232	212	2.1	39.2
Query_375129	XM_023186844.2	100.000	21	0	0	1	21	232	212	2.1	39.2
Query_375129	XM_025391108.1	100.000	21	0	0	1	21	212	192	2.1	39.2
Query_375129	XM_025391104.1	100.000	21	0	0	1	21	212	192	2.1	39.2
Query_375129	NM_014176.4	100.000	21	0	0	1	21	183	163	2.1	39.2
Query_375129	XM_011746666.2	100.000	21	0	0	1	21	207	187	2.1	39.2
Query_375129	XM_011746665.2	100.000	21	0	0	1	21	582	562	2.1	39.2
Query_375129	XM_011746664.2	100.000	21	0	0	1	21	454	434	2.1	39.2
Query_375129	XM_011746662.2	100.000	21	0	0	1	21	236	216	2.1	39.2
Query_375129	XM_009440790.2	100.000	21	0	0	1	21	232	212	2.1	39.2
Query_375129	XM_024350983.1	100.000	21	0	0	1	21	552	532	2.1	39.2
Query_375129	XM_514102.6	100.000	21	0	0	1	21	243	223	2.1	39.2
Query_375129	XM_024239242.1	100.000	21	0	0	1	21	581	561	2.1	39.2
Query_375129	XM_002809603.4	100.000	21	0	0	1	21	228	208	2.1	39.2
Query_375129	XM_003410227.3	100.000	21	0	0	1	21	495	475	2.1	39.2
Query_375129	XM_010590212.2	100.000	21	0	0	1	21	217	197	2.1	39.2
Query_375129	XM_023548265.1	100.000	21	0	0	1	21	2436	2416	2.1	39.2
Query_375129	XM_023186847.1	100.000	21	0	0	1	21	232	212	2.1	39.2
Query_375129	LT735351.1	100.000	21	0	0	1	21	564	544	2.1	39.2
Query_375129	XM_004028164.2	100.000	21	0	0	1	21	212	192	2.1	39.2
Query_375129	XM_017896496.1	100.000	21	0	0	1	21	208	188	2.1	39.2
Query_375129	XM_017896495.1	100.000	21	0	0	1	21	254	234	2.1	39.2
Query_375129	XM_017896494.1	100.000	21	0	0	1	21	254	234	2.1	39.2
Query_375129	XM_017896493.1	100.000	21	0	0	1	21	254	234	2.1	39.2
Query_375129	XM_017896491.1	100.000	21	0	0	1	21	81	61	2.1	39.2
Query_375129	XR_001890023.1	100.000	21	0	0	1	21	254	234	2.1	39.2
Query_375129	XM_017896490.1	100.000	21	0	0	1	21	375	355	2.1	39.2
Query_375129	XM_017896489.1	100.000	21	0	0	1	21	254	234	2.1	39.2
Query_375129	XM_015448187.1	100.000	21	0	0	1	21	207	187	2.1	39.2
Query_375129	XM_015448182.1	100.000	21	0	0	1	21	248	228	2.1	39.2
Query_375129	XM_015448175.1	100.000	21	0	0	1	21	248	228	2.1	39.2
Query_375129	XM_005540454.2	100.000	21	0	0	1	21	248	228	2.1	39.2
Query_375129	XM_005540453.2	100.000	21	0	0	1	21	178	158	2.1	39.2
Query_375129	XM_005540452.2	100.000	21	0	0	1	21	578	558	2.1	39.2
Query_375129	XM_005540451.2	100.000	21	0	0	1	21	444	424	2.1	39.2
Query_375129	XM_005540450.2	100.000	21	0	0	1	21	248	228	2.1	39.2
Query_375129	NG_042230.1	100.000	21	0	0	1	21	11289	11269	2.1	39.2
Query_375129	XM_012459475.1	100.000	21	0	0	1	21	223	203	2.1	39.2
Query_375129	XM_012459474.1	100.000	21	0	0	1	21	223	203	2.1	39.2
Query_375129	XM_011931764.1	100.000	21	0	0	1	21	212	192	2.1	39.2
Query_375129	XM_011746661.1	100.000	21	0	0	1	21	236	216	2.1	39.2
Query_375129	XM_012037510.1	100.000	21	0	0	1	21	166	146	2.1	39.2
Query_375129	XM_012037503.1	100.000	21	0	0	1	21	220	200	2.1	39.2
Query_375129	XM_012037497.1	100.000	21	0	0	1	21	338	318	2.1	39.2
Query_375129	XM_012037489.1	100.000	21	0	0	1	21	607	587	2.1	39.2
Query_375129	XM_012037480.1	100.000	21	0	0	1	21	220	200	2.1	39.2
Query_375129	XM_012037472.1	100.000	21	0	0	1	21	220	200	2.1	39.2
Query_375129	XM_011990525.1	100.000	21	0	0	1	21	171	151	2.1	39.2
Query_375129	XM_011990523.1	100.000	21	0	0	1	21	212	192	2.1	39.2
Query_375129	XM_003938286.2	100.000	21	0	0	1	21	212	192	2.1	39.2
Query_375129	KJ893680.1	100.000	21	0	0	1	21	142	122	2.1	39.2
Query_375129	XM_007988939.2	100.000	21	0	0	1	21	178	158	2.1	39.2
Query_375129	XM_037985742.1	100.000	21	0	0	1	21	532	512	2.1	39.2
Query_375129	XM_007988937.2	100.000	21	0	0	1	21	248	228	2.1	39.2
Query_375129	XM_007988936.2	100.000	21	0	0	1	21	247	227	2.1	39.2
Query_375129	XM_017520112.2	100.000	21	0	0	1	21	203	183	2.1	39.2
Query_375129	NM_001310326.2	100.000	21	0	0	1	21	183	163	2.1	39.2
Query_375129	XM_035280890.1	100.000	21	0	0	1	21	539	519	2.1	39.2
Query_375129	XM_035280892.1	100.000	21	0	0	1	21	253	233	2.1	39.2
Query_375129	XM_002760652.4	100.000	21	0	0	1	21	230	210	2.1	39.2
Query_375129	CU678592.1	100.000	21	0	0	1	21	93	73	2.1	39.2
Query_375129	DQ895975.2	100.000	21	0	0	1	21	99	79	2.1	39.2
Query_375129	DQ892729.2	100.000	21	0	0	1	21	99	79	2.1	39.2
Query_375129	BC019284.1	100.000	21	0	0	1	21	175	155	2.1	39.2
Query_375129	AL356953.17	100.000	21	0	0	1	21	152697	152717	2.1	39.2
Query_375129	BC004152.2	100.000	21	0	0	1	21	175	155	2.1	39.2
Query_375129	AF160215.1	100.000	21	0	0	1	21	170	150	2.1	39.2
Query_375129	AK000504.1	100.000	21	0	0	1	21	168	148	2.1	39.2
Query_375129	AF161499.1	100.000	21	0	0	1	21	203	183	2.1	39.2
Query_375129	AY542309.1	100.000	21	0	0	1	21	78	58	2.1	39.2
Query_375129	AB032931.1	100.000	21	0	0	1	21	119	99	2.1	39.2


