# blastn
# Iteration: 0
# Query: 
# RID: 6UJ5MNPZ013
# Database: nt
# Fields: query acc.ver, subject acc.ver, % identity, alignment length, mismatches, gap opens, q. start, q. end, s. start, s. end, evalue, bit score
# 100 hits found
Query_60827	XM_040485326.1	100.000	21	0	0	1	21	419	399	2.1	39.2
Query_60827	XM_021722734.2	100.000	21	0	0	1	21	416	396	2.1	39.2
Query_60827	XM_005319928.3	100.000	21	0	0	1	21	520	500	2.1	39.2
Query_60827	XM_040238047.1	100.000	21	0	0	1	21	352	332	2.1	39.2
Query_60827	XM_040238046.1	100.000	21	0	0	1	21	377	357	2.1	39.2
Query_60827	XM_040238045.1	100.000	21	0	0	1	21	414	394	2.1	39.2
Query_60827	XM_040238044.1	100.000	21	0	0	1	21	611	591	2.1	39.2
Query_60827	HG994384.1	100.000	21	0	0	1	21	74320092	74320112	2.1	39.2
Query_60827	XM_039844998.1	100.000	21	0	0	1	21	555	535	2.1	39.2
Query_60827	XM_039844997.1	100.000	21	0	0	1	21	393	373	2.1	39.2
Query_60827	XM_039844996.1	100.000	21	0	0	1	21	328	308	2.1	39.2
Query_60827	XM_039844995.1	100.000	21	0	0	1	21	500	480	2.1	39.2
Query_60827	XM_039539606.1	100.000	21	0	0	1	21	439	419	2.1	39.2
Query_60827	XM_003940989.2	100.000	21	0	0	1	21	371	351	2.1	39.2
Query_60827	XM_039468204.1	100.000	21	0	0	1	21	390	370	2.1	39.2
Query_60827	XM_039226965.1	100.000	21	0	0	1	21	271	251	2.1	39.2
Query_60827	XM_039226963.1	100.000	21	0	0	1	21	514	494	2.1	39.2
Query_60827	XM_039091717.1	100.000	21	0	0	1	21	345	325	2.1	39.2
Query_60827	XM_039091716.1	100.000	21	0	0	1	21	618	598	2.1	39.2
Query_60827	XM_038661952.1	100.000	21	0	0	1	21	413	393	2.1	39.2
Query_60827	XM_038661951.1	100.000	21	0	0	1	21	376	356	2.1	39.2
Query_60827	XM_038661950.1	100.000	21	0	0	1	21	525	505	2.1	39.2
Query_60827	XM_022417228.2	100.000	21	0	0	1	21	413	393	2.1	39.2
Query_60827	XM_846094.6	100.000	21	0	0	1	21	376	356	2.1	39.2
Query_60827	XM_003434394.5	100.000	21	0	0	1	21	525	505	2.1	39.2
Query_60827	XM_038399662.1	100.000	21	0	0	1	21	361	341	2.1	39.2
Query_60827	XM_038399661.1	100.000	21	0	0	1	21	396	376	2.1	39.2
Query_60827	XM_038399660.1	100.000	21	0	0	1	21	320	300	2.1	39.2
Query_60827	XM_038324635.1	100.000	21	0	0	1	21	223	203	2.1	39.2
Query_60827	XM_038323543.1	100.000	21	0	0	1	21	629	609	2.1	39.2
Query_60827	XM_038008617.1	100.000	21	0	0	1	21	402	382	2.1	39.2
Query_60827	XM_008017600.2	100.000	21	0	0	1	21	574	554	2.1	39.2
Query_60827	XM_037897915.1	100.000	21	0	0	1	21	404	384	2.1	39.2
Query_60827	XM_037897914.1	100.000	21	0	0	1	21	311	291	2.1	39.2
Query_60827	XM_037829624.1	100.000	21	0	0	1	21	167	147	2.1	39.2
Query_60827	XM_037829623.1	100.000	21	0	0	1	21	452	432	2.1	39.2
Query_60827	XM_037823026.1	100.000	21	0	0	1	21	274	254	2.1	39.2
Query_60827	XR_001826530.2	100.000	21	0	0	1	21	443	423	2.1	39.2
Query_60827	XM_017527248.2	100.000	21	0	0	1	21	387	367	2.1	39.2
Query_60827	XM_017527247.2	100.000	21	0	0	1	21	574	554	2.1	39.2
Query_60827	XM_017527245.2	100.000	21	0	0	1	21	574	554	2.1	39.2
Query_60827	XM_037530494.1	100.000	21	0	0	1	21	205	185	2.1	39.2
Query_60827	XM_037530493.1	100.000	21	0	0	1	21	501	481	2.1	39.2
Query_60827	XM_028882241.2	100.000	21	0	0	1	21	154	134	2.1	39.2
Query_60827	XM_028882240.2	100.000	21	0	0	1	21	355	335	2.1	39.2
Query_60827	XM_037138034.1	100.000	21	0	0	1	21	214	194	2.1	39.2
Query_60827	XM_037138033.1	100.000	21	0	0	1	21	516	496	2.1	39.2
Query_60827	XM_037064307.1	100.000	21	0	0	1	21	214	194	2.1	39.2
Query_60827	XM_037064306.1	100.000	21	0	0	1	21	500	480	2.1	39.2
Query_60827	XM_017662459.2	100.000	21	0	0	1	21	442	422	2.1	39.2
Query_60827	XM_036908505.1	100.000	21	0	0	1	21	444	424	2.1	39.2
Query_60827	XM_036853403.1	100.000	21	0	0	1	21	421	401	2.1	39.2
Query_60827	XM_036852348.1	100.000	21	0	0	1	21	494	474	2.1	39.2
Query_60827	XM_036852347.1	100.000	21	0	0	1	21	537	517	2.1	39.2
Query_60827	XM_036763187.1	100.000	21	0	0	1	21	322	302	2.1	39.2
Query_60827	XM_036763185.1	100.000	21	0	0	1	21	475	455	2.1	39.2
Query_60827	XM_036496828.1	100.000	21	0	0	1	21	235	215	2.1	39.2
Query_60827	XM_036496827.1	100.000	21	0	0	1	21	407	387	2.1	39.2
Query_60827	XM_004579145.3	100.000	21	0	0	1	21	466	446	2.1	39.2
Query_60827	XM_036418288.1	100.000	21	0	0	1	21	424	404	2.1	39.2
Query_60827	XM_036418282.1	100.000	21	0	0	1	21	522	502	2.1	39.2
Query_60827	XM_036331597.1	100.000	21	0	0	1	21	164	144	2.1	39.2
Query_60827	XM_036331588.1	100.000	21	0	0	1	21	325	305	2.1	39.2
Query_60827	XM_036331578.1	100.000	21	0	0	1	21	266	246	2.1	39.2
Query_60827	XM_036331571.1	100.000	21	0	0	1	21	671	651	2.1	39.2
Query_60827	XM_036331560.1	100.000	21	0	0	1	21	289	269	2.1	39.2
Query_60827	XM_036331552.1	100.000	21	0	0	1	21	292	272	2.1	39.2
Query_60827	XM_036331544.1	100.000	21	0	0	1	21	353	333	2.1	39.2
Query_60827	XM_036258045.1	100.000	21	0	0	1	21	278	258	2.1	39.2
Query_60827	XM_036258037.1	100.000	21	0	0	1	21	344	324	2.1	39.2
Query_60827	XM_036258027.1	100.000	21	0	0	1	21	414	394	2.1	39.2
Query_60827	XM_036258018.1	100.000	21	0	0	1	21	449	429	2.1	39.2
Query_60827	XM_036258009.1	100.000	21	0	0	1	21	502	482	2.1	39.2
Query_60827	XM_036258001.1	100.000	21	0	0	1	21	501	481	2.1	39.2
Query_60827	XM_036228034.1	100.000	21	0	0	1	21	554	534	2.1	39.2
Query_60827	XM_036228033.1	100.000	21	0	0	1	21	347	327	2.1	39.2
Query_60827	XM_036228032.1	100.000	21	0	0	1	21	248	228	2.1	39.2
Query_60827	XM_036228031.1	100.000	21	0	0	1	21	395	375	2.1	39.2
Query_60827	XM_016119954.2	100.000	21	0	0	1	21	330	310	2.1	39.2
Query_60827	XM_016119953.2	100.000	21	0	0	1	21	502	482	2.1	39.2
Query_60827	XM_036228030.1	100.000	21	0	0	1	21	515	495	2.1	39.2
Query_60827	XM_036200412.1	100.000	21	0	0	1	21	568	548	2.1	39.2
Query_60827	XM_036112050.1	100.000	21	0	0	1	21	367	347	2.1	39.2
Query_60827	XM_036112045.1	100.000	21	0	0	1	21	499	479	2.1	39.2
Query_60827	XM_036112039.1	100.000	21	0	0	1	21	325	305	2.1	39.2
Query_60827	XM_036112035.1	100.000	21	0	0	1	21	358	338	2.1	39.2
Query_60827	XM_036112026.1	100.000	21	0	0	1	21	441	421	2.1	39.2
Query_60827	XM_030314001.3	100.000	21	0	0	1	21	480	460	2.1	39.2
Query_60827	XM_028507672.2	100.000	21	0	0	1	21	385	365	2.1	39.2
Query_60827	XM_028507668.2	100.000	21	0	0	1	21	509	489	2.1	39.2
Query_60827	LR877233.1	100.000	21	0	0	1	21	53860263	53860243	2.1	39.2
Query_60827	LR877197.1	100.000	21	0	0	1	21	44490487	44490507	2.1	39.2
Query_60827	XM_035714481.1	100.000	21	0	0	1	21	186	166	2.1	39.2
Query_60827	XM_025437023.2	100.000	21	0	0	1	21	375	355	2.1	39.2
Query_60827	XM_035714480.1	100.000	21	0	0	1	21	249	229	2.1	39.2
Query_60827	XM_035714479.1	100.000	21	0	0	1	21	252	232	2.1	39.2
Query_60827	XM_025437022.2	100.000	21	0	0	1	21	524	504	2.1	39.2
Query_60827	XM_027599485.2	100.000	21	0	0	1	21	524	504	2.1	39.2
Query_60827	XM_027390759.2	100.000	21	0	0	1	21	395	375	2.1	39.2
Query_60827	XM_027390758.2	100.000	21	0	0	1	21	343	323	2.1	39.2


