# blastn
# Iteration: 0
# Query: 
# RID: 8YUM652T01N
# Database: nt
# Fields: query acc.ver, subject acc.ver, % identity, alignment length, mismatches, gap opens, q. start, q. end, s. start, s. end, evalue, bit score
# 100 hits found
Query_36641	XM_003822875.4	100.000	21	0	0	1	21	1340	1320	2.1	39.2
Query_36641	XM_033234596.1	100.000	21	0	0	1	21	880	860	2.1	39.2
Query_36641	XM_033234595.1	100.000	21	0	0	1	21	873	853	2.1	39.2
Query_36641	XM_032904813.1	100.000	21	0	0	1	21	694	674	2.1	39.2
Query_36641	XM_032904804.1	100.000	21	0	0	1	21	691	671	2.1	39.2
Query_36641	XM_032275270.1	100.000	21	0	0	1	21	853	833	2.1	39.2
Query_36641	XM_032275268.1	100.000	21	0	0	1	21	853	833	2.1	39.2
Query_36641	XM_032155254.1	100.000	21	0	0	1	21	870	850	2.1	39.2
Query_36641	XM_023205281.3	100.000	21	0	0	1	21	882	862	2.1	39.2
Query_36641	XM_023205280.3	100.000	21	0	0	1	21	876	856	2.1	39.2
Query_36641	XM_021937596.2	100.000	21	0	0	1	21	855	835	2.1	39.2
Query_36641	XM_021937595.2	100.000	21	0	0	1	21	855	835	2.1	39.2
Query_36641	XM_003897902.3	100.000	21	0	0	1	21	855	835	2.1	39.2
Query_36641	XM_031366431.1	100.000	21	0	0	1	21	866	846	2.1	39.2
Query_36641	XM_031366430.1	100.000	21	0	0	1	21	863	843	2.1	39.2
Query_36641	XM_004044402.3	100.000	21	0	0	1	21	857	837	2.1	39.2
Query_36641	XM_010357766.2	100.000	21	0	0	1	21	859	839	2.1	39.2
Query_36641	XM_030809469.1	100.000	21	0	0	1	21	1005	985	2.1	39.2
Query_36641	XM_029533354.1	100.000	21	0	0	1	21	715	695	2.1	39.2
Query_36641	XM_021222208.2	100.000	21	0	0	1	21	717	697	2.1	39.2
Query_36641	XM_029476300.1	100.000	21	0	0	1	21	740	720	2.1	39.2
Query_36641	XM_021160351.2	100.000	21	0	0	1	21	740	720	2.1	39.2
Query_36641	XM_028847361.1	100.000	21	0	0	1	21	879	859	2.1	39.2
Query_36641	XM_015136920.2	100.000	21	0	0	1	21	856	836	2.1	39.2
Query_36641	XM_028780337.1	100.000	21	0	0	1	21	734	714	2.1	39.2
Query_36641	XM_028780331.1	100.000	21	0	0	1	21	734	714	2.1	39.2
Query_36641	NM_016021.3	100.000	21	0	0	1	21	688	668	2.1	39.2
Query_36641	XM_005361953.3	100.000	21	0	0	1	21	744	724	2.1	39.2
Query_36641	XM_028133890.1	100.000	21	0	0	1	21	432	412	2.1	39.2
Query_36641	XM_028133857.1	100.000	21	0	0	1	21	463	443	2.1	39.2
Query_36641	XM_028133800.1	100.000	21	0	0	1	21	595	575	2.1	39.2
Query_36641	XM_028133749.1	100.000	21	0	0	1	21	571	551	2.1	39.2
Query_36641	XM_008148916.2	100.000	21	0	0	1	21	595	575	2.1	39.2
Query_36641	XM_025382665.1	100.000	21	0	0	1	21	741	721	2.1	39.2
Query_36641	XM_025382664.1	100.000	21	0	0	1	21	512	492	2.1	39.2
Query_36641	XM_025042589.1	100.000	21	0	0	1	21	638	618	2.1	39.2
Query_36641	XM_006926311.3	100.000	21	0	0	1	21	638	618	2.1	39.2
Query_36641	XM_011766817.2	100.000	21	0	0	1	21	856	836	2.1	39.2
Query_36641	XM_011535888.3	100.000	21	0	0	1	21	1121	1101	2.1	39.2
Query_36641	XM_011535887.2	100.000	21	0	0	1	21	1121	1101	2.1	39.2
Query_36641	XM_518636.7	100.000	21	0	0	1	21	999	979	2.1	39.2
Query_36641	XM_011367359.2	100.000	21	0	0	1	21	1014	994	2.1	39.2
Query_36641	NM_001355494.1	100.000	21	0	0	1	21	741	721	2.1	39.2
Query_36641	NM_019586.4	100.000	21	0	0	1	21	741	721	2.1	39.2
Query_36641	XM_012444259.2	100.000	21	0	0	1	21	859	839	2.1	39.2
Query_36641	XM_012444257.2	100.000	21	0	0	1	21	586	566	2.1	39.2
Query_36641	LT738201.1	100.000	21	0	0	1	21	1022	1002	2.1	39.2
Query_36641	XM_019029617.1	100.000	21	0	0	1	21	550	530	2.1	39.2
Query_36641	XM_017876809.1	100.000	21	0	0	1	21	604	584	2.1	39.2
Query_36641	XM_015994189.1	100.000	21	0	0	1	21	551	531	2.1	39.2
Query_36641	XM_015449105.1	100.000	21	0	0	1	21	859	839	2.1	39.2
Query_36641	XM_005552374.2	100.000	21	0	0	1	21	858	838	2.1	39.2
Query_36641	XM_011766827.1	100.000	21	0	0	1	21	856	836	2.1	39.2
Query_36641	XM_012067027.1	100.000	21	0	0	1	21	852	832	2.1	39.2
Query_36641	XM_011941924.1	100.000	21	0	0	1	21	512	492	2.1	39.2
Query_36641	XM_011941922.1	100.000	21	0	0	1	21	597	577	2.1	39.2
Query_36641	XM_011941921.1	100.000	21	0	0	1	21	855	835	2.1	39.2
Query_36641	XM_011984430.1	100.000	21	0	0	1	21	512	492	2.1	39.2
Query_36641	KJ898902.1	100.000	21	0	0	1	21	600	580	2.1	39.2
Query_36641	XM_040740467.1	100.000	21	0	0	1	21	743	723	2.1	39.2
Query_36641	XM_040740464.1	100.000	21	0	0	1	21	740	720	2.1	39.2
Query_36641	XM_040430874.1	100.000	21	0	0	1	21	1917	1897	2.1	39.2
Query_36641	XM_040430873.1	100.000	21	0	0	1	21	1914	1894	2.1	39.2
Query_36641	XM_040430872.1	100.000	21	0	0	1	21	1897	1877	2.1	39.2
Query_36641	XM_040430871.1	100.000	21	0	0	1	21	1917	1897	2.1	39.2
Query_36641	NM_001106642.2	100.000	21	0	0	1	21	733	713	2.1	39.2
Query_36641	XM_039853168.1	100.000	21	0	0	1	21	819	799	2.1	39.2
Query_36641	XM_003922932.3	100.000	21	0	0	1	21	1188	1168	2.1	39.2
Query_36641	XM_039109431.1	100.000	21	0	0	1	21	622	602	2.1	39.2
Query_36641	XM_039109430.1	100.000	21	0	0	1	21	622	602	2.1	39.2
Query_36641	XM_008763612.2	100.000	21	0	0	1	21	683	663	2.1	39.2
Query_36641	XM_039109429.1	100.000	21	0	0	1	21	689	669	2.1	39.2
Query_36641	XM_039109428.1	100.000	21	0	0	1	21	752	732	2.1	39.2
Query_36641	XM_008006598.2	100.000	21	0	0	1	21	1180	1160	2.1	39.2
Query_36641	XM_008006597.2	100.000	21	0	0	1	21	877	857	2.1	39.2
Query_36641	XM_037730801.1	100.000	21	0	0	1	21	1203	1183	2.1	39.2
Query_36641	XM_017506803.2	100.000	21	0	0	1	21	1187	1167	2.1	39.2
Query_36641	XM_028872757.2	100.000	21	0	0	1	21	713	693	2.1	39.2
Query_36641	XM_036415243.1	100.000	21	0	0	1	21	423	403	2.1	39.2
Query_36641	XM_036415242.1	100.000	21	0	0	1	21	459	439	2.1	39.2
Query_36641	XM_036415241.1	100.000	21	0	0	1	21	591	571	2.1	39.2
Query_36641	XM_036415240.1	100.000	21	0	0	1	21	573	553	2.1	39.2
Query_36641	XM_036415239.1	100.000	21	0	0	1	21	587	567	2.1	39.2
Query_36641	XM_036249188.1	100.000	21	0	0	1	21	542	522	2.1	39.2
Query_36641	XM_036249187.1	100.000	21	0	0	1	21	610	590	2.1	39.2
Query_36641	XM_036178777.1	100.000	21	0	0	1	21	767	747	2.1	39.2
Query_36641	LR862362.1	100.000	21	0	0	1	21	39988090	39988110	2.1	39.2
Query_36641	XM_027403420.2	100.000	21	0	0	1	21	689	669	2.1	39.2
Query_36641	XM_007641094.4	100.000	21	0	0	1	21	576	556	2.1	39.2
Query_36641	XM_035296334.1	100.000	21	0	0	1	21	1103	1083	2.1	39.2
Query_36641	XM_008994763.2	100.000	21	0	0	1	21	1436	1416	2.1	39.2
Query_36641	AB464335.1	100.000	21	0	0	1	21	544	524	2.1	39.2
Query_36641	AK300629.1	100.000	21	0	0	1	21	611	591	2.1	39.2
Query_36641	AK290574.1	100.000	21	0	0	1	21	708	688	2.1	39.2
Query_36641	EU176317.1	100.000	21	0	0	1	21	557	537	2.1	39.2
Query_36641	DQ895144.2	100.000	21	0	0	1	21	557	537	2.1	39.2
Query_36641	AK149985.1	100.000	21	0	0	1	21	607	587	2.1	39.2
Query_36641	AK223464.1	100.000	21	0	0	1	21	605	585	2.1	39.2
Query_36641	AK031669.1	100.000	21	0	0	1	21	584	564	2.1	39.2
Query_36641	AK003050.1	100.000	21	0	0	1	21	628	608	2.1	39.2


