# blastn
# Iteration: 0
# Query: 
# RID: 6MPXV25W01R
# Database: nt
# Fields: query acc.ver, subject acc.ver, % identity, alignment length, mismatches, gap opens, q. start, q. end, s. start, s. end, evalue, bit score
# 100 hits found
Query_190187	XM_034986442.1	100.000	21	0	0	1	21	724	704	2.0	39.2
Query_190187	XM_034945734.1	100.000	21	0	0	1	21	647	627	2.0	39.2
Query_190187	XM_011234637.3	100.000	21	0	0	1	21	375	355	2.0	39.2
Query_190187	XM_034492571.1	100.000	21	0	0	1	21	938	918	2.0	39.2
Query_190187	XM_033844831.1	100.000	21	0	0	1	21	936	916	2.0	39.2
Query_190187	XM_004283250.2	100.000	21	0	0	1	21	936	916	2.0	39.2
Query_190187	XM_033224775.1	100.000	21	0	0	1	21	992	972	2.0	39.2
Query_190187	XM_033127806.1	100.000	21	0	0	1	21	927	907	2.0	39.2
Query_190187	XM_032894453.1	100.000	21	0	0	1	21	992	972	2.0	39.2
Query_190187	XM_032847714.1	100.000	21	0	0	1	21	470	450	2.0	39.2
Query_190187	XM_032614966.1	100.000	21	0	0	1	21	936	916	2.0	39.2
Query_190187	XM_032487481.1	100.000	21	0	0	1	21	936	916	2.0	39.2
Query_190187	XM_014564844.2	100.000	21	0	0	1	21	456	436	2.0	39.2
Query_190187	XM_032388640.1	100.000	21	0	0	1	21	1065	1045	2.0	39.2
Query_190187	XM_032324808.1	100.000	21	0	0	1	21	876	856	2.0	39.2
Query_190187	XM_032263313.1	100.000	21	0	0	1	21	981	961	2.0	39.2
Query_190187	XM_032171460.1	100.000	21	0	0	1	21	707	687	2.0	39.2
Query_190187	XM_023197562.3	100.000	21	0	0	1	21	988	968	2.0	39.2
Query_190187	NM_001194143.2	100.000	21	0	0	1	21	1070	1050	2.0	39.2
Query_190187	XM_031659367.1	100.000	21	0	0	1	21	1061	1041	2.0	39.2
Query_190187	XM_010989212.2	100.000	21	0	0	1	21	929	909	2.0	39.2
Query_190187	XM_031457488.1	100.000	21	0	0	1	21	864	844	2.0	39.2
Query_190187	XM_031385385.1	100.000	21	0	0	1	21	591	571	2.0	39.2
Query_190187	XM_031385384.1	100.000	21	0	0	1	21	901	881	2.0	39.2
Query_190187	XM_006747778.2	100.000	21	0	0	1	21	965	945	2.0	39.2
Query_190187	XM_004061618.3	100.000	21	0	0	1	21	999	979	2.0	39.2
Query_190187	XM_010361181.2	100.000	21	0	0	1	21	966	946	2.0	39.2
Query_190187	XM_030886391.1	100.000	21	0	0	1	21	381	361	2.0	39.2
Query_190187	XM_030848376.1	100.000	21	0	0	1	21	936	916	2.0	39.2
Query_190187	XM_030819428.1	100.000	21	0	0	1	21	1295	1275	2.0	39.2
Query_190187	XM_022564888.2	100.000	21	0	0	1	21	957	937	2.0	39.2
Query_190187	XM_030297580.1	100.000	21	0	0	1	21	482	462	2.0	39.2
Query_190187	XM_029926448.1	100.000	21	0	0	1	21	460	440	2.0	39.2
Query_190187	XM_008822792.3	100.000	21	0	0	1	21	499	479	2.0	39.2
Query_190187	XM_021219106.2	100.000	21	0	0	1	21	664	644	2.0	39.2
Query_190187	XM_029240889.1	100.000	21	0	0	1	21	999	979	2.0	39.2
Query_190187	NM_003969.4	100.000	21	0	0	1	21	650	630	2.0	39.2
Query_190187	XM_028781890.1	100.000	21	0	0	1	21	992	972	2.0	39.2
Query_190187	XM_007123110.3	100.000	21	0	0	1	21	991	971	2.0	39.2
Query_190187	XM_027097413.1	100.000	21	0	0	1	21	999	979	2.0	39.2
Query_190187	XM_027037588.1	100.000	21	0	0	1	21	510	490	2.0	39.2
Query_190187	XM_013351477.2	100.000	21	0	0	1	21	619	599	2.0	39.2
Query_190187	XM_026489448.1	100.000	21	0	0	1	21	477	457	2.0	39.2
Query_190187	XM_026379772.1	100.000	21	0	0	1	21	1002	982	2.0	39.2
Query_190187	XM_008161091.2	100.000	21	0	0	1	21	459	439	2.0	39.2
Query_190187	XM_028138389.1	100.000	21	0	0	1	21	568	548	2.0	39.2
Query_190187	XM_028093366.1	100.000	21	0	0	1	21	679	659	2.0	39.2
Query_190187	XM_027978947.1	100.000	21	0	0	1	21	524	504	2.0	39.2
Query_190187	XM_027978946.1	100.000	21	0	0	1	21	504	484	2.0	39.2
Query_190187	XM_027978945.1	100.000	21	0	0	1	21	469	449	2.0	39.2
Query_190187	XM_027921197.1	100.000	21	0	0	1	21	1013	993	2.0	39.2
Query_190187	XM_027619724.1	100.000	21	0	0	1	21	679	659	2.0	39.2
Query_190187	XM_027514594.1	100.000	21	0	0	1	21	983	963	2.0	39.2
Query_190187	XM_025984386.1	100.000	21	0	0	1	21	197	177	2.0	39.2
Query_190187	XM_025984385.1	100.000	21	0	0	1	21	424	404	2.0	39.2
Query_190187	XM_025849383.1	100.000	21	0	0	1	21	679	659	2.0	39.2
Query_190187	XM_025848705.1	100.000	21	0	0	1	21	679	659	2.0	39.2
Query_190187	XM_025367066.1	100.000	21	0	0	1	21	1262	1242	2.0	39.2
Query_190187	XM_025270420.1	100.000	21	0	0	1	21	579	559	2.0	39.2
Query_190187	XM_006067295.2	100.000	21	0	0	1	21	506	486	2.0	39.2
Query_190187	XM_015458446.2	100.000	21	0	0	1	21	1038	1018	2.0	39.2
Query_190187	XM_011751675.2	100.000	21	0	0	1	21	1071	1051	2.0	39.2
Query_190187	XM_024740917.1	100.000	21	0	0	1	21	420	400	2.0	39.2
Query_190187	XM_024570231.1	100.000	21	0	0	1	21	465	445	2.0	39.2
Query_190187	XM_016937020.2	100.000	21	0	0	1	21	1105	1085	2.0	39.2
Query_190187	XM_024237018.1	100.000	21	0	0	1	21	1015	995	2.0	39.2
Query_190187	XM_006103382.3	100.000	21	0	0	1	21	606	586	2.0	39.2
Query_190187	XM_004647742.3	100.000	21	0	0	1	21	569	549	2.0	39.2
Query_190187	XM_040290859.1	100.000	21	0	0	1	21	443	423	2.0	39.2
Query_190187	XM_040251831.1	100.000	21	0	0	1	21	502	482	2.0	39.2
Query_190187	XM_040251830.1	100.000	21	0	0	1	21	996	976	2.0	39.2
Query_190187	XM_040251829.1	100.000	21	0	0	1	21	941	921	2.0	39.2
Query_190187	XM_039868785.1	100.000	21	0	0	1	21	980	960	2.0	39.2
Query_190187	XM_039466383.1	100.000	21	0	0	1	21	1257	1237	2.0	39.2
Query_190187	XM_039225255.1	100.000	21	0	0	1	21	970	950	2.0	39.2
Query_190187	XM_038655543.1	100.000	21	0	0	1	21	965	945	2.0	39.2
Query_190187	XM_541337.6	100.000	21	0	0	1	21	965	945	2.0	39.2
Query_190187	XM_038752759.1	100.000	21	0	0	1	21	466	446	2.0	39.2
Query_190187	XM_038338840.1	100.000	21	0	0	1	21	984	964	2.0	39.2
Query_190187	XM_007998466.2	100.000	21	0	0	1	21	1174	1154	2.0	39.2
Query_190187	XM_037818989.1	100.000	21	0	0	1	21	1026	1006	2.0	39.2
Query_190187	XM_017509655.2	100.000	21	0	0	1	21	912	892	2.0	39.2
Query_190187	XM_037517301.1	100.000	21	0	0	1	21	522	502	2.0	39.2
Query_190187	XM_028884903.2	100.000	21	0	0	1	21	669	649	2.0	39.2
Query_190187	XM_037148485.1	100.000	21	0	0	1	21	598	578	2.0	39.2
Query_190187	XM_037047667.1	100.000	21	0	0	1	21	516	496	2.0	39.2
Query_190187	XM_017678136.2	100.000	21	0	0	1	21	466	446	2.0	39.2
Query_190187	XM_036901378.1	100.000	21	0	0	1	21	1460	1440	2.0	39.2
Query_190187	XM_036833162.1	100.000	21	0	0	1	21	939	919	2.0	39.2
Query_190187	XM_036426083.1	100.000	21	0	0	1	21	628	608	2.0	39.2
Query_190187	XM_036311451.1	100.000	21	0	0	1	21	978	958	2.0	39.2
Query_190187	XM_036273895.1	100.000	21	0	0	1	21	628	608	2.0	39.2
Query_190187	XM_016125757.2	100.000	21	0	0	1	21	655	635	2.0	39.2
Query_190187	XM_036168406.1	100.000	21	0	0	1	21	694	674	2.0	39.2
Query_190187	XM_036079788.1	100.000	21	0	0	1	21	679	659	2.0	39.2
Query_190187	XM_028530497.2	100.000	21	0	0	1	21	562	542	2.0	39.2
Query_190187	XM_025421358.2	100.000	21	0	0	1	21	493	473	2.0	39.2
Query_190187	XM_035449239.1	100.000	21	0	0	1	21	357	337	2.0	39.2
Query_190187	XM_027431227.2	100.000	21	0	0	1	21	483	463	2.0	39.2
Query_190187	XM_017967523.2	100.000	21	0	0	1	21	1253	1233	2.0	39.2


