# blastn
# Iteration: 0
# Query: 
# RID: 7PNAT3F9016
# Database: nt
# Fields: query acc.ver, subject acc.ver, % identity, alignment length, mismatches, gap opens, q. start, q. end, s. start, s. end, evalue, bit score
# 100 hits found
Query_59909	XM_040464657.1	100.000	21	0	0	1	21	149	129	2.1	39.2
Query_59909	XM_040464656.1	100.000	21	0	0	1	21	329	309	2.1	39.2
Query_59909	HG999698.1	100.000	21	0	0	1	21	388221	388201	2.1	39.2
Query_59909	XM_040080680.1	100.000	21	0	0	1	21	299	279	2.1	39.2
Query_59909	XM_040080679.1	100.000	21	0	0	1	21	448	428	2.1	39.2
Query_59909	HG994406.1	100.000	21	0	0	1	21	2026770	2026750	2.1	39.2
Query_59909	HG994391.1	100.000	21	0	0	1	21	39789794	39789814	2.1	39.2
Query_59909	XM_039868429.1	100.000	21	0	0	1	21	336	316	2.1	39.2
Query_59909	XM_039868428.1	100.000	21	0	0	1	21	293	273	2.1	39.2
Query_59909	XM_039724271.1	100.000	21	0	0	1	21	329	309	2.1	39.2
Query_59909	XM_039678146.1	100.000	21	0	0	1	21	304	284	2.1	39.2
Query_59909	XM_039560884.1	100.000	21	0	0	1	21	298	278	2.1	39.2
Query_59909	XM_039504779.1	100.000	21	0	0	1	21	236	216	2.1	39.2
Query_59909	XM_039504778.1	100.000	21	0	0	1	21	352	332	2.1	39.2
Query_59909	XM_003942643.3	100.000	21	0	0	1	21	301	281	2.1	39.2
Query_59909	XM_039385060.1	100.000	21	0	0	1	21	393	373	2.1	39.2
Query_59909	XM_027733003.2	100.000	21	0	0	1	21	303	283	2.1	39.2
Query_59909	XM_039222468.1	100.000	21	0	0	1	21	230	210	2.1	39.2
Query_59909	XM_039242864.1	100.000	21	0	0	1	21	185	165	2.1	39.2
Query_59909	XM_039242863.1	100.000	21	0	0	1	21	304	284	2.1	39.2
Query_59909	XM_039239305.1	100.000	21	0	0	1	21	236	216	2.1	39.2
Query_59909	CP068259.1	100.000	21	0	0	1	21	9900861	9900841	2.1	39.2
Query_59909	CP068256.1	100.000	21	0	0	1	21	22053210	22053190	2.1	39.2
Query_59909	XM_038431679.1	100.000	21	0	0	1	21	213	193	2.1	39.2
Query_59909	XM_038457404.1	100.000	21	0	0	1	21	213	193	2.1	39.2
Query_59909	XM_038372710.1	100.000	21	0	0	1	21	463	443	2.1	39.2
Query_59909	XM_038372709.1	100.000	21	0	0	1	21	438	418	2.1	39.2
Query_59909	XM_038372708.1	100.000	21	0	0	1	21	338	318	2.1	39.2
Query_59909	XM_038152212.1	100.000	21	0	0	1	21	302	282	2.1	39.2
Query_59909	XM_038152211.1	100.000	21	0	0	1	21	305	285	2.1	39.2
Query_59909	XM_007974919.2	100.000	21	0	0	1	21	423	403	2.1	39.2
Query_59909	XM_037986854.1	100.000	21	0	0	1	21	455	435	2.1	39.2
Query_59909	XM_037878413.1	100.000	21	0	0	1	21	353	333	2.1	39.2
Query_59909	XM_037734949.1	100.000	21	0	0	1	21	197	177	2.1	39.2
Query_59909	XM_037734947.1	100.000	21	0	0	1	21	266	246	2.1	39.2
Query_59909	XM_017518623.2	100.000	21	0	0	1	21	306	286	2.1	39.2
Query_59909	XM_037741679.1	100.000	21	0	0	1	21	438	418	2.1	39.2
Query_59909	XM_037738360.1	100.000	21	0	0	1	21	239	219	2.1	39.2
Query_59909	XM_037737901.1	100.000	21	0	0	1	21	254	234	2.1	39.2
Query_59909	XM_037495637.1	100.000	21	0	0	1	21	269	249	2.1	39.2
Query_59909	XM_037375408.1	100.000	21	0	0	1	21	332	312	2.1	39.2
Query_59909	XM_037375400.1	100.000	21	0	0	1	21	266	246	2.1	39.2
Query_59909	XM_037375390.1	100.000	21	0	0	1	21	749	729	2.1	39.2
Query_59909	XM_037135932.1	100.000	21	0	0	1	21	230	210	2.1	39.2
Query_59909	XM_037131470.1	100.000	21	0	0	1	21	307	287	2.1	39.2
Query_59909	XM_037067302.1	100.000	21	0	0	1	21	149	129	2.1	39.2
Query_59909	XM_037067301.1	100.000	21	0	0	1	21	307	287	2.1	39.2
Query_59909	XM_036449778.1	100.000	21	0	0	1	21	210	190	2.1	39.2
Query_59909	XM_036449777.1	100.000	21	0	0	1	21	344	324	2.1	39.2
Query_59909	XM_036449776.1	100.000	21	0	0	1	21	349	329	2.1	39.2
Query_59909	XM_036449775.1	100.000	21	0	0	1	21	410	390	2.1	39.2
Query_59909	XM_036436159.1	100.000	21	0	0	1	21	230	210	2.1	39.2
Query_59909	XM_036392889.1	100.000	21	0	0	1	21	275	255	2.1	39.2
Query_59909	XM_036353530.1	100.000	21	0	0	1	21	348	328	2.1	39.2
Query_59909	XM_036353529.1	100.000	21	0	0	1	21	149	129	2.1	39.2
Query_59909	XM_036353528.1	100.000	21	0	0	1	21	328	308	2.1	39.2
Query_59909	XM_036353527.1	100.000	21	0	0	1	21	988	968	2.1	39.2
Query_59909	XM_036307826.1	100.000	21	0	0	1	21	234	214	2.1	39.2
Query_59909	XM_036276571.1	100.000	21	0	0	1	21	400	380	2.1	39.2
Query_59909	XM_036276570.1	100.000	21	0	0	1	21	424	404	2.1	39.2
Query_59909	XM_036276569.1	100.000	21	0	0	1	21	250	230	2.1	39.2
Query_59909	XM_036241633.1	100.000	21	0	0	1	21	134	114	2.1	39.2
Query_59909	XM_036241624.1	100.000	21	0	0	1	21	231	211	2.1	39.2
Query_59909	XM_016120176.2	100.000	21	0	0	1	21	333	313	2.1	39.2
Query_59909	XM_016120175.2	100.000	21	0	0	1	21	298	278	2.1	39.2
Query_59909	AP023482.1	100.000	21	0	0	1	21	17277732	17277712	2.1	39.2
Query_59909	AP023479.1	100.000	21	0	0	1	21	9660756	9660736	2.1	39.2
Query_59909	XM_036076455.1	100.000	21	0	0	1	21	159	139	2.1	39.2
Query_59909	XM_036076454.1	100.000	21	0	0	1	21	373	353	2.1	39.2
Query_59909	XM_036076453.1	100.000	21	0	0	1	21	307	287	2.1	39.2
Query_59909	XM_036076452.1	100.000	21	0	0	1	21	582	562	2.1	39.2
Query_59909	XM_036076451.1	100.000	21	0	0	1	21	552	532	2.1	39.2
Query_59909	XM_036076450.1	100.000	21	0	0	1	21	654	634	2.1	39.2
Query_59909	XM_028506874.2	100.000	21	0	0	1	21	245	225	2.1	39.2
Query_59909	XM_035897195.1	100.000	21	0	0	1	21	203	183	2.1	39.2
Query_59909	NM_001256356.2	100.000	21	0	0	1	21	165	145	2.1	39.2
Query_59909	XM_035705315.1	100.000	21	0	0	1	21	245	225	2.1	39.2
Query_59909	XM_035727311.1	100.000	21	0	0	1	21	230	210	2.1	39.2
Query_59909	XM_027577636.2	100.000	21	0	0	1	21	134	114	2.1	39.2
Query_59909	XM_027577635.2	100.000	21	0	0	1	21	230	210	2.1	39.2
Query_59909	XM_027577314.2	100.000	21	0	0	1	21	250	230	2.1	39.2
Query_59909	XM_027576173.2	100.000	21	0	0	1	21	265	245	2.1	39.2
Query_59909	XM_027576172.2	100.000	21	0	0	1	21	337	317	2.1	39.2
Query_59909	XM_027576155.2	100.000	21	0	0	1	21	134	114	2.1	39.2
Query_59909	LR862375.1	100.000	21	0	0	1	21	8118337	8118357	2.1	39.2
Query_59909	LR862369.1	100.000	21	0	0	1	21	2065211	2065191	2.1	39.2
Query_59909	LR862368.1	100.000	21	0	0	1	21	11412311	11412291	2.1	39.2
Query_59909	XM_035556969.1	100.000	21	0	0	1	21	220	200	2.1	39.2
Query_59909	XM_035556968.1	100.000	21	0	0	1	21	303	283	2.1	39.2
Query_59909	XM_035556967.1	100.000	21	0	0	1	21	344	324	2.1	39.2
Query_59909	XM_035340457.1	100.000	21	0	0	1	21	329	309	2.1	39.2
Query_59909	XM_002752526.5	100.000	21	0	0	1	21	276	256	2.1	39.2
Query_59909	XM_035302434.1	100.000	21	0	0	1	21	390	370	2.1	39.2
Query_59909	XM_035284661.1	100.000	21	0	0	1	21	261	241	2.1	39.2
Query_59909	XM_035290943.1	100.000	21	0	0	1	21	261	241	2.1	39.2
Query_59909	XR_617564.3	100.000	21	0	0	1	21	253	233	2.1	39.2
Query_59909	XM_035267121.1	100.000	21	0	0	1	21	194	174	2.1	39.2
Query_59909	XM_035267117.1	100.000	21	0	0	1	21	345	325	2.1	39.2
Query_59909	XM_002806551.5	100.000	21	0	0	1	21	341	321	2.1	39.2
Query_59909	XM_035267104.1	100.000	21	0	0	1	21	308	288	2.1	39.2


