# blastn
# Iteration: 0
# Query: 
# RID: 8YHNU25B013
# Database: nt
# Fields: query acc.ver, subject acc.ver, % identity, alignment length, mismatches, gap opens, q. start, q. end, s. start, s. end, evalue, bit score
# 100 hits found
Query_20115	XM_035021873.1	100.000	21	0	0	1	21	731	711	2.1	39.2
Query_20115	XM_035021872.1	100.000	21	0	0	1	21	516	496	2.1	39.2
Query_20115	XM_034636173.1	100.000	21	0	0	1	21	436	416	2.1	39.2
Query_20115	CP050593.1	100.000	21	0	0	1	21	56947550	56947530	2.1	39.2
Query_20115	CP050635.1	100.000	21	0	0	1	21	56961892	56961872	2.1	39.2
Query_20115	XM_033236300.1	100.000	21	0	0	1	21	685	665	2.1	39.2
Query_20115	XM_033236299.1	100.000	21	0	0	1	21	960	940	2.1	39.2
Query_20115	XM_033236298.1	100.000	21	0	0	1	21	660	640	2.1	39.2
Query_20115	XM_032846149.1	100.000	21	0	0	1	21	555	535	2.1	39.2
Query_20115	XM_032425877.1	100.000	21	0	0	1	21	787	767	2.1	39.2
Query_20115	XM_032327543.1	100.000	21	0	0	1	21	557	537	2.1	39.2
Query_20115	XM_032268238.1	100.000	21	0	0	1	21	579	559	2.1	39.2
Query_20115	XM_032268236.1	100.000	21	0	0	1	21	540	520	2.1	39.2
Query_20115	XM_032268235.1	100.000	21	0	0	1	21	644	624	2.1	39.2
Query_20115	XR_004274519.1	100.000	21	0	0	1	21	672	652	2.1	39.2
Query_20115	XR_004257690.1	100.000	21	0	0	1	21	519	499	2.1	39.2
Query_20115	XM_032144947.1	100.000	21	0	0	1	21	978	958	2.1	39.2
Query_20115	XM_023195766.3	100.000	21	0	0	1	21	560	540	2.1	39.2
Query_20115	NM_001194836.2	100.000	21	0	0	1	21	596	576	2.1	39.2
Query_20115	LR738627.1	100.000	21	0	0	1	21	59644017	59644037	2.1	39.2
Query_20115	XM_009195636.2	100.000	21	0	0	1	21	541	521	2.1	39.2
Query_20115	XM_006741952.2	100.000	21	0	0	1	21	353	333	2.1	39.2
Query_20115	XM_031002695.1	100.000	21	0	0	1	21	573	553	2.1	39.2
Query_20115	XM_004056937.3	100.000	21	0	0	1	21	540	520	2.1	39.2
Query_20115	XM_004056936.3	100.000	21	0	0	1	21	694	674	2.1	39.2
Query_20115	XM_004056938.3	100.000	21	0	0	1	21	538	518	2.1	39.2
Query_20115	XM_030924821.1	100.000	21	0	0	1	21	685	665	2.1	39.2
Query_20115	XM_030798768.1	100.000	21	0	0	1	21	569	549	2.1	39.2
Query_20115	XM_030798765.1	100.000	21	0	0	1	21	675	655	2.1	39.2
Query_20115	XM_030798764.1	100.000	21	0	0	1	21	978	958	2.1	39.2
Query_20115	XM_030301532.1	100.000	21	0	0	1	21	526	506	2.1	39.2
Query_20115	XM_008856164.2	100.000	21	0	0	1	21	674	654	2.1	39.2
Query_20115	XM_008856163.3	100.000	21	0	0	1	21	561	541	2.1	39.2
Query_20115	XM_029557704.1	100.000	21	0	0	1	21	583	563	2.1	39.2
Query_20115	NM_194260.3	100.000	21	0	0	1	21	694	674	2.1	39.2
Query_20115	NM_194261.3	100.000	21	0	0	1	21	546	526	2.1	39.2
Query_20115	NM_194259.3	100.000	21	0	0	1	21	821	801	2.1	39.2
Query_20115	XM_028840603.1	100.000	21	0	0	1	21	591	571	2.1	39.2
Query_20115	XM_001118584.4	100.000	21	0	0	1	21	540	520	2.1	39.2
Query_20115	NM_003345.5	100.000	21	0	0	1	21	564	544	2.1	39.2
Query_20115	XM_027043666.1	100.000	21	0	0	1	21	481	461	2.1	39.2
Query_20115	XM_026385521.1	100.000	21	0	0	1	21	535	515	2.1	39.2
Query_20115	XM_026385520.1	100.000	21	0	0	1	21	450	430	2.1	39.2
Query_20115	XM_026385519.1	100.000	21	0	0	1	21	576	556	2.1	39.2
Query_20115	XM_028111650.1	100.000	21	0	0	1	21	438	418	2.1	39.2
Query_20115	XM_027940479.1	100.000	21	0	0	1	21	445	425	2.1	39.2
Query_20115	XM_006146363.2	100.000	21	0	0	1	21	883	863	2.1	39.2
Query_20115	XM_025984637.1	100.000	21	0	0	1	21	639	619	2.1	39.2
Query_20115	XM_025984635.1	100.000	21	0	0	1	21	780	760	2.1	39.2
Query_20115	XM_025877780.1	100.000	21	0	0	1	21	438	418	2.1	39.2
Query_20115	XM_025878504.1	100.000	21	0	0	1	21	499	479	2.1	39.2
Query_20115	XM_025370151.1	100.000	21	0	0	1	21	683	663	2.1	39.2
Query_20115	XM_025370150.1	100.000	21	0	0	1	21	687	667	2.1	39.2
Query_20115	XM_025370148.1	100.000	21	0	0	1	21	539	519	2.1	39.2
Query_20115	XM_025370147.1	100.000	21	0	0	1	21	827	807	2.1	39.2
Query_20115	XM_025370146.1	100.000	21	0	0	1	21	965	945	2.1	39.2
Query_20115	XM_011748436.2	100.000	21	0	0	1	21	841	821	2.1	39.2
Query_20115	XM_024450432.1	100.000	21	0	0	1	21	722	702	2.1	39.2
Query_20115	XM_024233921.1	100.000	21	0	0	1	21	539	519	2.1	39.2
Query_20115	XM_002825946.4	100.000	21	0	0	1	21	683	663	2.1	39.2
Query_20115	XM_024233920.1	100.000	21	0	0	1	21	693	673	2.1	39.2
Query_20115	XM_024233919.1	100.000	21	0	0	1	21	567	547	2.1	39.2
Query_20115	XM_024233918.1	100.000	21	0	0	1	21	576	556	2.1	39.2
Query_20115	XM_023246325.1	100.000	21	0	0	1	21	558	538	2.1	39.2
Query_20115	XM_022516472.1	100.000	21	0	0	1	21	432	412	2.1	39.2
Query_20115	XM_012441957.2	100.000	21	0	0	1	21	2388	2368	2.1	39.2
Query_20115	XM_021698139.1	100.000	21	0	0	1	21	422	402	2.1	39.2
Query_20115	XM_012743567.2	100.000	21	0	0	1	21	563	543	2.1	39.2
Query_20115	XM_020281441.1	100.000	21	0	0	1	21	451	431	2.1	39.2
Query_20115	XM_040973603.1	100.000	21	0	0	1	21	524	504	2.1	39.2
Query_20115	XM_040973602.1	100.000	21	0	0	1	21	584	564	2.1	39.2
Query_20115	XM_040459494.1	100.000	21	0	0	1	21	426	406	2.1	39.2
Query_20115	XM_040276599.1	100.000	21	0	0	1	21	449	429	2.1	39.2
Query_20115	XM_021734858.2	100.000	21	0	0	1	21	561	541	2.1	39.2
Query_20115	HG994394.1	100.000	21	0	0	1	21	3629747	3629767	2.1	39.2
Query_20115	XM_039478291.1	100.000	21	0	0	1	21	570	550	2.1	39.2
Query_20115	XM_039478290.1	100.000	21	0	0	1	21	443	423	2.1	39.2
Query_20115	XM_038669653.1	100.000	21	0	0	1	21	483	463	2.1	39.2
Query_20115	XM_038669652.1	100.000	21	0	0	1	21	537	517	2.1	39.2
Query_20115	XM_038669651.1	100.000	21	0	0	1	21	557	537	2.1	39.2
Query_20115	XM_005621733.4	100.000	21	0	0	1	21	483	463	2.1	39.2
Query_20115	XM_005621732.4	100.000	21	0	0	1	21	537	517	2.1	39.2
Query_20115	XM_038550713.1	100.000	21	0	0	1	21	554	534	2.1	39.2
Query_20115	XM_037990067.1	100.000	21	0	0	1	21	561	541	2.1	39.2
Query_20115	XM_017510963.2	100.000	21	0	0	1	21	573	553	2.1	39.2
Query_20115	XM_037005648.1	100.000	21	0	0	1	21	539	519	2.1	39.2
Query_20115	XM_036915868.1	100.000	21	0	0	1	21	573	553	2.1	39.2
Query_20115	XM_036083379.1	100.000	21	0	0	1	21	545	525	2.1	39.2
Query_20115	XM_025417077.2	100.000	21	0	0	1	21	481	461	2.1	39.2
Query_20115	XM_025417076.2	100.000	21	0	0	1	21	518	498	2.1	39.2
Query_20115	XM_025417075.2	100.000	21	0	0	1	21	557	537	2.1	39.2
Query_20115	XM_027612084.2	100.000	21	0	0	1	21	552	532	2.1	39.2
Query_20115	XM_009008883.2	100.000	21	0	0	1	21	684	664	2.1	39.2
Query_20115	XM_035266442.1	100.000	21	0	0	1	21	514	494	2.1	39.2
Query_20115	XM_035266441.1	100.000	21	0	0	1	21	675	655	2.1	39.2
Query_20115	XM_035266439.1	100.000	21	0	0	1	21	573	553	2.1	39.2
Query_20115	XM_035266438.1	100.000	21	0	0	1	21	562	542	2.1	39.2
Query_20115	XM_035266440.1	100.000	21	0	0	1	21	956	936	2.1	39.2
Query_20115	XM_035266437.1	100.000	21	0	0	1	21	2951	2931	2.1	39.2
Query_20115	XM_009008885.2	100.000	21	0	0	1	21	697	677	2.1	39.2


