# blastn
# Iteration: 0
# Query: 
# RID: 6ZVCZHWG016
# Database: nt
# Fields: query acc.ver, subject acc.ver, % identity, alignment length, mismatches, gap opens, q. start, q. end, s. start, s. end, evalue, bit score
# 54 hits found
Query_39135	XM_034509418.1	100.000	21	0	0	1	21	283	263	2.1	39.2
Query_39135	XM_032915907.1	100.000	21	0	0	1	21	286	266	2.1	39.2
Query_39135	XM_031341898.1	100.000	21	0	0	1	21	268	248	2.1	39.2
Query_39135	XM_021210658.2	100.000	21	0	0	1	21	258	238	2.1	39.2
Query_39135	XM_021163845.2	100.000	21	0	0	1	21	256	236	2.1	39.2
Query_39135	XM_028758232.1	100.000	21	0	0	1	21	255	235	2.1	39.2
Query_39135	XM_005365945.3	100.000	21	0	0	1	21	254	234	2.1	39.2
Query_39135	XM_021630388.1	100.000	21	0	0	1	21	277	257	2.1	39.2
Query_39135	XM_005068842.3	100.000	21	0	0	1	21	275	255	2.1	39.2
Query_39135	XM_006985601.2	100.000	21	0	0	1	21	274	254	2.1	39.2
Query_39135	XR_005528440.1	100.000	21	0	0	1	21	191	171	2.1	39.2
Query_39135	XM_039232137.1	100.000	21	0	0	1	21	191	171	2.1	39.2
Query_39135	XM_039232132.1	100.000	21	0	0	1	21	244	224	2.1	39.2
Query_39135	XM_039232131.1	100.000	21	0	0	1	21	249	229	2.1	39.2
Query_39135	XM_038339243.1	100.000	21	0	0	1	21	286	266	2.1	39.2
Query_39135	XM_028882342.2	100.000	21	0	0	1	21	282	262	2.1	39.2
Query_39135	JN960283.1	100.000	21	0	0	1	21	722	742	2.1	39.2
Query_39135	LR877233.1	100.000	21	0	0	1	21	28303121	28303141	2.1	39.2
Query_39135	XM_027387082.2	100.000	21	0	0	1	21	259	239	2.1	39.2
Query_39135	XM_003496616.5	100.000	21	0	0	1	21	259	239	2.1	39.2
Query_39135	JN956630.1	100.000	21	0	0	1	21	722	742	2.1	39.2
Query_39135	FQ214550.1	100.000	21	0	0	1	21	242	222	2.1	39.2
Query_39135	FQ216757.1	100.000	21	0	0	1	21	242	222	2.1	39.2
Query_39135	FQ213111.1	100.000	21	0	0	1	21	243	223	2.1	39.2
Query_39135	FQ225334.1	100.000	21	0	0	1	21	243	223	2.1	39.2
Query_39135	FQ228750.1	100.000	21	0	0	1	21	242	222	2.1	39.2
Query_39135	NG_006685.3	100.000	21	0	0	1	21	315	295	2.1	39.2
Query_39135	NM_026242.3	100.000	21	0	0	1	21	261	241	2.1	39.2
Query_39135	AC169036.3	100.000	21	0	0	1	21	132708	132728	2.1	39.2
Query_39135	BC085488.1	100.000	21	0	0	1	21	106	86	2.1	39.2
Query_39135	AC114605.11	100.000	21	0	0	1	21	109124	109104	2.1	39.2
Query_39135	AC112683.10	100.000	21	0	0	1	21	193805	193785	2.1	39.2
Query_39135	AC139214.12	100.000	21	0	0	1	21	837	817	2.1	39.2
Query_39135	AY325216.1	100.000	21	0	0	1	21	4072	4052	2.1	39.2
Query_39135	AK170984.1	100.000	21	0	0	1	21	244	224	2.1	39.2
Query_39135	AK170909.1	100.000	21	0	0	1	21	238	218	2.1	39.2
Query_39135	AK170789.1	100.000	21	0	0	1	21	212	192	2.1	39.2
Query_39135	AK159464.1	100.000	21	0	0	1	21	249	229	2.1	39.2
Query_39135	AK167112.1	100.000	21	0	0	1	21	243	223	2.1	39.2
Query_39135	AK087716.1	100.000	21	0	0	1	21	269	289	2.1	39.2
Query_39135	AK020049.1	100.000	21	0	0	1	21	215	195	2.1	39.2
Query_39135	AK018675.1	100.000	21	0	0	1	21	212	192	2.1	39.2
Query_39135	AK017832.1	100.000	21	0	0	1	21	243	223	2.1	39.2
Query_39135	AK009827.1	100.000	21	0	0	1	21	216	196	2.1	39.2
Query_39135	AK005313.1	100.000	21	0	0	1	21	249	229	2.1	39.2
Query_39135	AK209009.1	100.000	21	0	0	1	21	72	52	2.1	39.2
Query_39135	AK197580.1	100.000	21	0	0	1	21	72	52	2.1	39.2
Query_39135	AK193139.1	100.000	21	0	0	1	21	72	52	2.1	39.2
Query_39135	AK192735.1	100.000	21	0	0	1	21	72	52	2.1	39.2
Query_39135	AC154476.2	100.000	21	0	0	1	21	78963	78983	2.1	39.2
Query_39135	NM_001009264.1	100.000	21	0	0	1	21	222	202	2.1	39.2
Query_39135	BC010209.1	100.000	21	0	0	1	21	230	210	2.1	39.2
Query_39135	AB041651.1	100.000	21	0	0	1	21	243	223	2.1	39.2
Query_39135	Z22285.1	100.000	21	0	0	1	21	376	356	2.1	39.2


