# blastn
# Iteration: 0
# Query: 
# RID: 72KJVJ9B016
# Database: nt
# Fields: query acc.ver, subject acc.ver, % identity, alignment length, mismatches, gap opens, q. start, q. end, s. start, s. end, evalue, bit score
# 66 hits found
Query_59575	XM_035027437.1	100.000	21	0	0	1	21	450	430	2.1	39.2
Query_59575	XM_003828171.2	100.000	21	0	0	1	21	280	260	2.1	39.2
Query_59575	XM_019800199.2	100.000	21	0	0	1	21	233	213	2.1	39.2
Query_59575	XM_034506878.1	100.000	21	0	0	1	21	278	258	2.1	39.2
Query_59575	XM_033182838.1	100.000	21	0	0	1	21	236	216	2.1	39.2
Query_59575	XM_033088999.1	100.000	21	0	0	1	21	305	285	2.1	39.2
Query_59575	XM_032914271.1	100.000	21	0	0	1	21	471	451	2.1	39.2
Query_59575	XM_032396643.1	100.000	21	0	0	1	21	236	216	2.1	39.2
Query_59575	XM_032163779.1	100.000	21	0	0	1	21	280	260	2.1	39.2
Query_59575	XM_023191497.3	100.000	21	0	0	1	21	280	260	2.1	39.2
Query_59575	NM_001194608.2	100.000	21	0	0	1	21	254	234	2.1	39.2
Query_59575	XM_003913140.4	100.000	21	0	0	1	21	2496	2476	2.1	39.2
Query_59575	XM_004041540.3	100.000	21	0	0	1	21	280	260	2.1	39.2
Query_59575	XM_010376233.2	100.000	21	0	0	1	21	252	232	2.1	39.2
Query_59575	XM_003270772.2	100.000	21	0	0	1	21	280	260	2.1	39.2
Query_59575	XM_030294706.1	100.000	21	0	0	1	21	233	213	2.1	39.2
Query_59575	XM_029926925.1	100.000	21	0	0	1	21	264	244	2.1	39.2
Query_59575	AY358627.2	100.000	21	0	0	1	21	269	249	2.1	39.2
Query_59575	NM_025237.3	100.000	21	0	0	1	21	286	266	2.1	39.2
Query_59575	XM_027048934.1	100.000	21	0	0	1	21	2814	2794	2.1	39.2
Query_59575	XM_026412429.1	100.000	21	0	0	1	21	249	229	2.1	39.2
Query_59575	XM_008149295.2	100.000	21	0	0	1	21	415	395	2.1	39.2
Query_59575	XM_027947155.1	100.000	21	0	0	1	21	233	213	2.1	39.2
Query_59575	XM_025917641.1	100.000	21	0	0	1	21	233	213	2.1	39.2
Query_59575	XM_001153653.5	100.000	21	0	0	1	21	383	363	2.1	39.2
Query_59575	XM_004468011.2	100.000	21	0	0	1	21	244	224	2.1	39.2
Query_59575	XM_011289261.3	100.000	21	0	0	1	21	3207	3187	2.1	39.2
Query_59575	XM_021681649.1	100.000	21	0	0	1	21	236	216	2.1	39.2
Query_59575	XM_021642724.1	100.000	21	0	0	1	21	236	216	2.1	39.2
Query_59575	LT735545.1	100.000	21	0	0	1	21	723	703	2.1	39.2
Query_59575	XM_020180444.1	100.000	21	0	0	1	21	252	232	2.1	39.2
Query_59575	XM_019434924.1	100.000	21	0	0	1	21	2811	2791	2.1	39.2
Query_59575	XM_017892802.1	100.000	21	0	0	1	21	277	257	2.1	39.2
Query_59575	XM_015495879.1	100.000	21	0	0	1	21	254	234	2.1	39.2
Query_59575	XM_005584371.2	100.000	21	0	0	1	21	287	267	2.1	39.2
Query_59575	XM_004655279.2	100.000	21	0	0	1	21	233	213	2.1	39.2
Query_59575	XM_012786643.1	100.000	21	0	0	1	21	534	514	2.1	39.2
Query_59575	XM_012659081.1	100.000	21	0	0	1	21	276	256	2.1	39.2
Query_59575	XM_012443855.1	100.000	21	0	0	1	21	277	257	2.1	39.2
Query_59575	XM_011720549.1	100.000	21	0	0	1	21	2430	2410	2.1	39.2
Query_59575	XM_012057895.1	100.000	21	0	0	1	21	2439	2419	2.1	39.2
Query_59575	XM_011985860.1	100.000	21	0	0	1	21	277	257	2.1	39.2
Query_59575	XM_011940053.1	100.000	21	0	0	1	21	277	257	2.1	39.2
Query_59575	XM_008574390.1	100.000	21	0	0	1	21	233	213	2.1	39.2
Query_59575	KJ893769.1	100.000	21	0	0	1	21	304	284	2.1	39.2
Query_59575	XM_006738798.1	100.000	21	0	0	1	21	252	232	2.1	39.2
Query_59575	XM_040497706.1	100.000	21	0	0	1	21	2780	2760	2.1	39.2
Query_59575	XM_005328089.3	100.000	21	0	0	1	21	332	312	2.1	39.2
Query_59575	XM_003943647.2	100.000	21	0	0	1	21	280	260	2.1	39.2
Query_59575	XM_039220888.1	100.000	21	0	0	1	21	288	268	2.1	39.2
Query_59575	XM_008012517.2	100.000	21	0	0	1	21	264	244	2.1	39.2
Query_59575	NM_030584.2	100.000	21	0	0	1	21	263	243	2.1	39.2
Query_59575	XM_037810786.1	100.000	21	0	0	1	21	268	248	2.1	39.2
Query_59575	XM_017645453.2	100.000	21	0	0	1	21	6885	6865	2.1	39.2
Query_59575	XM_036883228.1	100.000	21	0	0	1	21	2793	2773	2.1	39.2
Query_59575	XM_036071304.1	100.000	21	0	0	1	21	447	427	2.1	39.2
Query_59575	XM_035303470.1	100.000	21	0	0	1	21	316	296	2.1	39.2
Query_59575	BC101086.1	100.000	21	0	0	1	21	263	243	2.1	39.2
Query_59575	AF331844.1	100.000	21	0	0	1	21	273	253	2.1	39.2
Query_59575	AF326742.1	100.000	21	0	0	1	21	236	216	2.1	39.2
Query_59575	AF326741.1	100.000	21	0	0	1	21	268	248	2.1	39.2
Query_59575	AF326739.1	100.000	21	0	0	1	21	283	263	2.1	39.2
Query_59575	XM_011377213.2	100.000	20	0	0	1	20	271	252	7.3	37.4
Query_59575	XM_006910090.2	100.000	20	0	0	1	20	252	233	7.3	37.4
Query_59575	XM_039846848.1	100.000	20	0	0	1	20	271	252	7.3	37.4
Query_59575	XM_016139657.2	100.000	20	0	0	1	20	6542	6523	7.3	37.4


