# blastn
# Iteration: 0
# Query: 
# RID: 6RWD2D89013
# Database: nt
# Fields: query acc.ver, subject acc.ver, % identity, alignment length, mismatches, gap opens, q. start, q. end, s. start, s. end, evalue, bit score
# 41 hits found
Query_55799	XM_008951835.2	100.000	21	0	0	1	21	547	527	2.1	39.2
Query_55799	XM_003826427.2	100.000	21	0	0	1	21	194	174	2.1	39.2
Query_55799	XM_032152921.1	100.000	21	0	0	1	21	557	537	2.1	39.2
Query_55799	XM_032152920.1	100.000	21	0	0	1	21	323	303	2.1	39.2
Query_55799	XM_003275313.3	100.000	21	0	0	1	21	323	303	2.1	39.2
Query_55799	NM_004223.5	100.000	21	0	0	1	21	158	138	2.1	39.2
Query_55799	XM_521987.5	100.000	21	0	0	1	21	193	173	2.1	39.2
Query_55799	XM_009246345.2	100.000	21	0	0	1	21	552	532	2.1	39.2
Query_55799	XM_003777762.3	100.000	21	0	0	1	21	195	175	2.1	39.2
Query_55799	XM_009246344.2	100.000	21	0	0	1	21	359	339	2.1	39.2
Query_55799	LT736766.1	100.000	21	0	0	1	21	584	564	2.1	39.2
Query_55799	XM_004051168.2	100.000	21	0	0	1	21	554	534	2.1	39.2
Query_55799	XM_004051167.2	100.000	21	0	0	1	21	187	167	2.1	39.2
Query_55799	XM_003317981.4	100.000	21	0	0	1	21	550	530	2.1	39.2
Query_55799	XM_003275314.3	100.000	21	0	0	1	21	551	531	2.1	39.2
Query_55799	KJ892727.1	100.000	21	0	0	1	21	162	142	2.1	39.2
Query_55799	NM_198183.3	100.000	21	0	0	1	21	157	137	2.1	39.2
Query_55799	CU689397.1	100.000	21	0	0	1	21	381	401	2.1	39.2
Query_55799	CU689396.1	100.000	21	0	0	1	21	113	93	2.1	39.2
Query_55799	AK315755.1	100.000	21	0	0	1	21	112	92	2.1	39.2
Query_55799	DQ894475.2	100.000	21	0	0	1	21	119	99	2.1	39.2
Query_55799	DQ891291.2	100.000	21	0	0	1	21	119	99	2.1	39.2
Query_55799	AK226165.1	100.000	21	0	0	1	21	247	227	2.1	39.2
Query_55799	BC071753.1	100.000	21	0	0	1	21	156	136	2.1	39.2
Query_55799	AK093462.1	100.000	21	0	0	1	21	506	486	2.1	39.2
Query_55799	CR457126.1	100.000	21	0	0	1	21	97	77	2.1	39.2
Query_55799	BC032491.1	100.000	21	0	0	1	21	193	173	2.1	39.2
Query_55799	AP002893.3	100.000	21	0	0	1	21	130860	130880	2.1	39.2
Query_55799	AJ243269.1	100.000	21	0	0	1	21	70	50	2.1	39.2
Query_55799	AF061736.1	100.000	21	0	0	1	21	144	124	2.1	39.2
Query_55799	AF031141.1	100.000	21	0	0	1	21	94	74	2.1	39.2
Query_55799	XM_029503971.1	100.000	20	0	0	2	21	1013	994	7.2	37.4
Query_55799	LR584047.1	100.000	20	0	0	2	21	15924416	15924397	7.2	37.4
Query_55799	XM_006160815.3	100.000	20	0	0	1	20	134	115	7.2	37.4
Query_55799	XM_027776718.1	100.000	20	0	0	1	20	880	861	7.2	37.4
Query_55799	XM_006160813.3	100.000	20	0	0	1	20	450	431	7.2	37.4
Query_55799	XM_012749971.2	100.000	20	0	0	1	20	358	339	7.2	37.4
Query_55799	XM_002709162.3	100.000	20	0	0	1	20	209	190	7.2	37.4
Query_55799	XM_017346623.1	100.000	20	0	0	1	20	391	372	7.2	37.4
Query_55799	XM_004364167.2	100.000	20	0	0	2	21	230	249	7.2	37.4
Query_55799	XM_004364166.1	100.000	20	0	0	2	21	210	229	7.2	37.4


