# blastn
# Iteration: 0
# Query: 
# RID: 6S479A53013
# Database: nt
# Fields: query acc.ver, subject acc.ver, % identity, alignment length, mismatches, gap opens, q. start, q. end, s. start, s. end, evalue, bit score
# 83 hits found
Query_330221	XM_008976634.2	100.000	21	0	0	1	21	457	437	2.1	39.2
Query_330221	XM_003823013.3	100.000	21	0	0	1	21	439	419	2.1	39.2
Query_330221	CP050606.1	100.000	21	0	0	1	21	729559	729539	2.1	39.2
Query_330221	CP050637.1	100.000	21	0	0	1	21	729138	729118	2.1	39.2
Query_330221	XM_032136927.1	100.000	21	0	0	1	21	415	395	2.1	39.2
Query_330221	XM_032136926.1	100.000	21	0	0	1	21	411	391	2.1	39.2
Query_330221	XR_639001.4	100.000	21	0	0	1	21	455	435	2.1	39.2
Query_330221	XM_009189984.4	100.000	21	0	0	1	21	455	435	2.1	39.2
Query_330221	XM_019037287.2	100.000	21	0	0	1	21	415	395	2.1	39.2
Query_330221	XM_012502075.2	100.000	21	0	0	1	21	411	391	2.1	39.2
Query_330221	XM_015120156.2	100.000	21	0	0	1	21	410	390	2.1	39.2
Query_330221	XM_015120144.2	100.000	21	0	0	1	21	444	424	2.1	39.2
Query_330221	XM_015120123.2	100.000	21	0	0	1	21	444	424	2.1	39.2
Query_330221	XM_026017999.1	100.000	21	0	0	1	21	358	338	2.1	39.2
Query_330221	XM_025391108.1	100.000	21	0	0	1	21	415	395	2.1	39.2
Query_330221	XM_025391104.1	100.000	21	0	0	1	21	411	391	2.1	39.2
Query_330221	NM_014176.4	100.000	21	0	0	1	21	382	362	2.1	39.2
Query_330221	XM_011746666.2	100.000	21	0	0	1	21	410	390	2.1	39.2
Query_330221	XM_011746665.2	100.000	21	0	0	1	21	781	761	2.1	39.2
Query_330221	XM_011746664.2	100.000	21	0	0	1	21	653	633	2.1	39.2
Query_330221	XM_011746662.2	100.000	21	0	0	1	21	435	415	2.1	39.2
Query_330221	XM_009440790.2	100.000	21	0	0	1	21	431	411	2.1	39.2
Query_330221	XM_024350983.1	100.000	21	0	0	1	21	751	731	2.1	39.2
Query_330221	XM_514102.6	100.000	21	0	0	1	21	442	422	2.1	39.2
Query_330221	XM_024239242.1	100.000	21	0	0	1	21	780	760	2.1	39.2
Query_330221	XM_002809603.4	100.000	21	0	0	1	21	427	407	2.1	39.2
Query_330221	XM_004375283.2	100.000	21	0	0	1	21	379	359	2.1	39.2
Query_330221	XM_003893291.3	100.000	21	0	0	1	21	455	435	2.1	39.2
Query_330221	LT735351.1	100.000	21	0	0	1	21	763	743	2.1	39.2
Query_330221	XM_004028164.2	100.000	21	0	0	1	21	411	391	2.1	39.2
Query_330221	XM_009189991.2	100.000	21	0	0	1	21	410	390	2.1	39.2
Query_330221	XM_002717595.3	100.000	21	0	0	1	21	464	444	2.1	39.2
Query_330221	XM_017347857.1	100.000	21	0	0	1	21	1112	1092	2.1	39.2
Query_330221	XM_008268582.2	100.000	21	0	0	1	21	475	455	2.1	39.2
Query_330221	XM_015448187.1	100.000	21	0	0	1	21	410	390	2.1	39.2
Query_330221	XM_015448182.1	100.000	21	0	0	1	21	447	427	2.1	39.2
Query_330221	XM_015448175.1	100.000	21	0	0	1	21	447	427	2.1	39.2
Query_330221	XM_005540454.2	100.000	21	0	0	1	21	447	427	2.1	39.2
Query_330221	XM_005540453.2	100.000	21	0	0	1	21	381	361	2.1	39.2
Query_330221	XM_005540452.2	100.000	21	0	0	1	21	777	757	2.1	39.2
Query_330221	XM_005540451.2	100.000	21	0	0	1	21	643	623	2.1	39.2
Query_330221	XM_005540450.2	100.000	21	0	0	1	21	447	427	2.1	39.2
Query_330221	NG_042230.1	100.000	21	0	0	1	21	13508	13488	2.1	39.2
Query_330221	XM_011746661.1	100.000	21	0	0	1	21	435	415	2.1	39.2
Query_330221	XM_012037510.1	100.000	21	0	0	1	21	369	349	2.1	39.2
Query_330221	XM_012037503.1	100.000	21	0	0	1	21	353	333	2.1	39.2
Query_330221	XM_012037497.1	100.000	21	0	0	1	21	537	517	2.1	39.2
Query_330221	XM_012037489.1	100.000	21	0	0	1	21	806	786	2.1	39.2
Query_330221	XM_012037480.1	100.000	21	0	0	1	21	419	399	2.1	39.2
Query_330221	XM_012037472.1	100.000	21	0	0	1	21	419	399	2.1	39.2
Query_330221	XM_011990525.1	100.000	21	0	0	1	21	374	354	2.1	39.2
Query_330221	XM_011990523.1	100.000	21	0	0	1	21	411	391	2.1	39.2
Query_330221	KJ893680.1	100.000	21	0	0	1	21	341	321	2.1	39.2
Query_330221	HG994388.1	100.000	21	0	0	1	21	80037121	80037141	2.1	39.2
Query_330221	XM_038670715.1	100.000	21	0	0	1	21	425	405	2.1	39.2
Query_330221	XM_038670714.1	100.000	21	0	0	1	21	408	388	2.1	39.2
Query_330221	XM_038670713.1	100.000	21	0	0	1	21	447	427	2.1	39.2
Query_330221	XM_038670712.1	100.000	21	0	0	1	21	482	462	2.1	39.2
Query_330221	XM_038560603.1	100.000	21	0	0	1	21	425	405	2.1	39.2
Query_330221	XM_843751.5	100.000	21	0	0	1	21	408	388	2.1	39.2
Query_330221	XM_038560600.1	100.000	21	0	0	1	21	447	427	2.1	39.2
Query_330221	XM_005622184.2	100.000	21	0	0	1	21	482	462	2.1	39.2
Query_330221	XM_007988939.2	100.000	21	0	0	1	21	381	361	2.1	39.2
Query_330221	XM_037985742.1	100.000	21	0	0	1	21	731	711	2.1	39.2
Query_330221	XM_007988937.2	100.000	21	0	0	1	21	447	427	2.1	39.2
Query_330221	XM_007988936.2	100.000	21	0	0	1	21	446	426	2.1	39.2
Query_330221	NM_001310326.2	100.000	21	0	0	1	21	386	366	2.1	39.2
Query_330221	XM_025458529.2	100.000	21	0	0	1	21	397	377	2.1	39.2
Query_330221	XM_025458527.2	100.000	21	0	0	1	21	408	388	2.1	39.2
Query_330221	XM_025458526.2	100.000	21	0	0	1	21	447	427	2.1	39.2
Query_330221	XM_025458525.2	100.000	21	0	0	1	21	482	462	2.1	39.2
Query_330221	CU678593.1	100.000	21	0	0	1	21	337	357	2.1	39.2
Query_330221	CU678592.1	100.000	21	0	0	1	21	292	272	2.1	39.2
Query_330221	DQ895975.2	100.000	21	0	0	1	21	298	278	2.1	39.2
Query_330221	DQ892729.2	100.000	21	0	0	1	21	298	278	2.1	39.2
Query_330221	BC019284.1	100.000	21	0	0	1	21	374	354	2.1	39.2
Query_330221	AL356953.17	100.000	21	0	0	1	21	150478	150498	2.1	39.2
Query_330221	BC004152.2	100.000	21	0	0	1	21	374	354	2.1	39.2
Query_330221	AF160215.1	100.000	21	0	0	1	21	369	349	2.1	39.2
Query_330221	AK000504.1	100.000	21	0	0	1	21	367	347	2.1	39.2
Query_330221	AF161499.1	100.000	21	0	0	1	21	402	382	2.1	39.2
Query_330221	AY542309.1	100.000	21	0	0	1	21	277	257	2.1	39.2
Query_330221	AB032931.1	100.000	21	0	0	1	21	318	298	2.1	39.2


