# blastn
# Iteration: 0
# Query: 
# RID: 7J816HV8016
# Database: nt
# Fields: query acc.ver, subject acc.ver, % identity, alignment length, mismatches, gap opens, q. start, q. end, s. start, s. end, evalue, bit score
# 100 hits found
Query_3911	XM_034986442.1	100.000	21	0	0	1	21	366	346	2.1	39.2
Query_3911	XM_034945734.1	100.000	21	0	0	1	21	289	269	2.1	39.2
Query_3911	AP023166.1	100.000	21	0	0	1	21	5449940	5449960	2.1	39.2
Query_3911	XM_033844831.1	100.000	21	0	0	1	21	578	558	2.1	39.2
Query_3911	XM_004283250.2	100.000	21	0	0	1	21	578	558	2.1	39.2
Query_3911	XM_033224775.1	100.000	21	0	0	1	21	634	614	2.1	39.2
Query_3911	XM_033127806.1	100.000	21	0	0	1	21	569	549	2.1	39.2
Query_3911	XM_032847714.1	100.000	21	0	0	1	21	112	92	2.1	39.2
Query_3911	XM_032614966.1	100.000	21	0	0	1	21	578	558	2.1	39.2
Query_3911	XM_032487481.1	100.000	21	0	0	1	21	578	558	2.1	39.2
Query_3911	XM_032388640.1	100.000	21	0	0	1	21	707	687	2.1	39.2
Query_3911	XM_032324808.1	100.000	21	0	0	1	21	518	498	2.1	39.2
Query_3911	XM_032171460.1	100.000	21	0	0	1	21	349	329	2.1	39.2
Query_3911	LR738419.1	100.000	21	0	0	1	21	60208425	60208445	2.1	39.2
Query_3911	XM_031964148.1	100.000	21	0	0	1	21	589	569	2.1	39.2
Query_3911	XM_023197562.3	100.000	21	0	0	1	21	630	610	2.1	39.2
Query_3911	NM_001194143.2	100.000	21	0	0	1	21	712	692	2.1	39.2
Query_3911	XM_031659367.1	100.000	21	0	0	1	21	703	683	2.1	39.2
Query_3911	XM_010989212.2	100.000	21	0	0	1	21	571	551	2.1	39.2
Query_3911	XM_006747778.2	100.000	21	0	0	1	21	607	587	2.1	39.2
Query_3911	XM_004061618.3	100.000	21	0	0	1	21	641	621	2.1	39.2
Query_3911	XR_002003000.2	100.000	21	0	0	1	21	225	205	2.1	39.2
Query_3911	XM_010361181.2	100.000	21	0	0	1	21	608	588	2.1	39.2
Query_3911	XM_030848376.1	100.000	21	0	0	1	21	578	558	2.1	39.2
Query_3911	XM_030819428.1	100.000	21	0	0	1	21	937	917	2.1	39.2
Query_3911	XM_022564888.2	100.000	21	0	0	1	21	599	579	2.1	39.2
Query_3911	XM_030297580.1	100.000	21	0	0	1	21	124	104	2.1	39.2
Query_3911	XM_029926448.1	100.000	21	0	0	1	21	102	82	2.1	39.2
Query_3911	XM_029240889.1	100.000	21	0	0	1	21	641	621	2.1	39.2
Query_3911	NM_003969.4	100.000	21	0	0	1	21	292	272	2.1	39.2
Query_3911	XM_007123110.3	100.000	21	0	0	1	21	633	613	2.1	39.2
Query_3911	XM_027097413.1	100.000	21	0	0	1	21	641	621	2.1	39.2
Query_3911	XM_027037588.1	100.000	21	0	0	1	21	152	132	2.1	39.2
Query_3911	XM_026489448.1	100.000	21	0	0	1	21	119	99	2.1	39.2
Query_3911	XM_008161091.2	100.000	21	0	0	1	21	101	81	2.1	39.2
Query_3911	XM_028138389.1	100.000	21	0	0	1	21	101	81	2.1	39.2
Query_3911	XM_028093366.1	100.000	21	0	0	1	21	321	301	2.1	39.2
Query_3911	XM_027978947.1	100.000	21	0	0	1	21	111	91	2.1	39.2
Query_3911	XM_027978945.1	100.000	21	0	0	1	21	111	91	2.1	39.2
Query_3911	XM_027859172.1	100.000	21	0	0	1	21	109	89	2.1	39.2
Query_3911	CP034522.1	100.000	21	0	0	1	21	59009687	59009707	2.1	39.2
Query_3911	CP034497.1	100.000	21	0	0	1	21	59009687	59009707	2.1	39.2
Query_3911	XM_027619724.1	100.000	21	0	0	1	21	321	301	2.1	39.2
Query_3911	XM_027514594.1	100.000	21	0	0	1	21	625	605	2.1	39.2
Query_3911	XM_025849383.1	100.000	21	0	0	1	21	321	301	2.1	39.2
Query_3911	XM_025848705.1	100.000	21	0	0	1	21	321	301	2.1	39.2
Query_3911	XM_025367066.1	100.000	21	0	0	1	21	904	884	2.1	39.2
Query_3911	XM_025367065.1	100.000	21	0	0	1	21	904	884	2.1	39.2
Query_3911	XM_025270420.1	100.000	21	0	0	1	21	166	146	2.1	39.2
Query_3911	XM_006067295.2	100.000	21	0	0	1	21	148	128	2.1	39.2
Query_3911	XM_015458446.2	100.000	21	0	0	1	21	625	605	2.1	39.2
Query_3911	XM_011751675.2	100.000	21	0	0	1	21	713	693	2.1	39.2
Query_3911	XM_024740917.1	100.000	21	0	0	1	21	62	42	2.1	39.2
Query_3911	XM_024570231.1	100.000	21	0	0	1	21	107	87	2.1	39.2
Query_3911	XM_016937020.2	100.000	21	0	0	1	21	747	727	2.1	39.2
Query_3911	XM_024237018.1	100.000	21	0	0	1	21	657	637	2.1	39.2
Query_3911	XM_001495644.6	100.000	21	0	0	1	21	639	619	2.1	39.2
Query_3911	XM_011384637.2	100.000	21	0	0	1	21	626	606	2.1	39.2
Query_3911	XM_004472716.3	100.000	21	0	0	1	21	182	162	2.1	39.2
Query_3911	XM_023245780.1	100.000	21	0	0	1	21	143	123	2.1	39.2
Query_3911	XM_022492304.1	100.000	21	0	0	1	21	321	301	2.1	39.2
Query_3911	XM_022492267.1	100.000	21	0	0	1	21	160	140	2.1	39.2
Query_3911	XM_021708408.1	100.000	21	0	0	1	21	359	339	2.1	39.2
Query_3911	XM_021691852.1	100.000	21	0	0	1	21	665	645	2.1	39.2
Query_3911	XM_021691850.1	100.000	21	0	0	1	21	664	644	2.1	39.2
Query_3911	XM_021097419.1	100.000	21	0	0	1	21	498	478	2.1	39.2
Query_3911	XM_020971922.1	100.000	21	0	0	1	21	141	121	2.1	39.2
Query_3911	XM_012752406.2	100.000	21	0	0	1	21	690	670	2.1	39.2
Query_3911	LT735850.1	100.000	21	0	0	1	21	549	529	2.1	39.2
Query_3911	XM_019978166.1	100.000	21	0	0	1	21	111	91	2.1	39.2
Query_3911	XM_019633350.1	100.000	21	0	0	1	21	658	638	2.1	39.2
Query_3911	XM_019438696.1	100.000	21	0	0	1	21	565	545	2.1	39.2
Query_3911	XM_019438694.1	100.000	21	0	0	1	21	565	545	2.1	39.2
Query_3911	XM_018063555.1	100.000	21	0	0	1	21	627	607	2.1	39.2
Query_3911	XM_017850506.1	100.000	21	0	0	1	21	642	622	2.1	39.2
Query_3911	XM_002721900.3	100.000	21	0	0	1	21	595	575	2.1	39.2
Query_3911	XM_040465311.1	100.000	21	0	0	1	21	145	125	2.1	39.2
Query_3911	XM_040251830.1	100.000	21	0	0	1	21	583	563	2.1	39.2
Query_3911	XM_040251829.1	100.000	21	0	0	1	21	583	563	2.1	39.2
Query_3911	XM_039868785.1	100.000	21	0	0	1	21	622	602	2.1	39.2
Query_3911	XM_039225255.1	100.000	21	0	0	1	21	612	592	2.1	39.2
Query_3911	CP068259.1	100.000	21	0	0	1	21	61655994	61656014	2.1	39.2
Query_3911	XM_038655543.1	100.000	21	0	0	1	21	607	587	2.1	39.2
Query_3911	XM_541337.6	100.000	21	0	0	1	21	607	587	2.1	39.2
Query_3911	XM_007998466.2	100.000	21	0	0	1	21	816	796	2.1	39.2
Query_3911	XM_037517301.1	100.000	21	0	0	1	21	164	144	2.1	39.2
Query_3911	XM_037148485.1	100.000	21	0	0	1	21	240	220	2.1	39.2
Query_3911	XM_037047667.1	100.000	21	0	0	1	21	158	138	2.1	39.2
Query_3911	XM_017678136.2	100.000	21	0	0	1	21	108	88	2.1	39.2
Query_3911	XM_036901378.1	100.000	21	0	0	1	21	1102	1082	2.1	39.2
Query_3911	XM_036833162.1	100.000	21	0	0	1	21	581	561	2.1	39.2
Query_3911	XM_036743213.1	100.000	21	0	0	1	21	564	544	2.1	39.2
Query_3911	XM_036426083.1	100.000	21	0	0	1	21	270	250	2.1	39.2
Query_3911	XM_036311451.1	100.000	21	0	0	1	21	620	600	2.1	39.2
Query_3911	XM_036273895.1	100.000	21	0	0	1	21	270	250	2.1	39.2
Query_3911	XM_016125757.2	100.000	21	0	0	1	21	297	277	2.1	39.2
Query_3911	AP023479.1	100.000	21	0	0	1	21	59041127	59041147	2.1	39.2
Query_3911	XM_036079788.1	100.000	21	0	0	1	21	321	301	2.1	39.2
Query_3911	XM_028530497.2	100.000	21	0	0	1	21	204	184	2.1	39.2
Query_3911	XM_025421358.2	100.000	21	0	0	1	21	135	115	2.1	39.2


