# blastn
# Iteration: 0
# Query: 
# RID: 9VYZH4AT01N
# Database: nt
# Fields: query acc.ver, subject acc.ver, % identity, alignment length, mismatches, gap opens, q. start, q. end, s. start, s. end, evalue, bit score
# 22 hits found
Query_145767	XM_035009990.1	100.000	21	0	0	1	21	285	265	2.1	39.2
Query_145767	XM_003811844.2	100.000	21	0	0	1	21	274	254	2.1	39.2
Query_145767	XM_032161224.1	100.000	21	0	0	1	21	409	389	2.1	39.2
Query_145767	XM_031011621.1	100.000	21	0	0	1	21	390	370	2.1	39.2
Query_145767	XM_030824091.1	100.000	21	0	0	1	21	410	390	2.1	39.2
Query_145767	NM_016406.4	100.000	21	0	0	1	21	97	77	2.1	39.2
Query_145767	XM_017001450.2	100.000	21	0	0	1	21	227	207	2.1	39.2
Query_145767	XM_002809897.3	100.000	21	0	0	1	21	387	367	2.1	39.2
Query_145767	LT734974.1	100.000	21	0	0	1	21	564	544	2.1	39.2
Query_145767	XM_017001451.1	100.000	21	0	0	1	21	440	420	2.1	39.2
Query_145767	XM_513937.5	100.000	21	0	0	1	21	385	365	2.1	39.2
Query_145767	KJ898907.1	100.000	21	0	0	1	21	142	122	2.1	39.2
Query_145767	XM_005245254.1	100.000	21	0	0	1	21	283	263	2.1	39.2
Query_145767	XM_004671134.1	100.000	21	0	0	1	21	144	124	2.1	39.2
Query_145767	AK292776.1	100.000	21	0	0	1	21	283	263	2.1	39.2
Query_145767	DQ896457.2	100.000	21	0	0	1	21	99	79	2.1	39.2
Query_145767	DQ893161.2	100.000	21	0	0	1	21	99	79	2.1	39.2
Query_145767	BC005187.1	100.000	21	0	0	1	21	323	303	2.1	39.2
Query_145767	AL590714.27	100.000	21	0	0	1	21	9254	9234	2.1	39.2
Query_145767	AB154405.1	100.000	21	0	0	1	21	77	57	2.1	39.2
Query_145767	AF161504.1	100.000	21	0	0	1	21	317	297	2.1	39.2
Query_145767	AF151884.1	100.000	21	0	0	1	21	298	278	2.1	39.2


