# blastn
# Iteration: 0
# Query: 
# RID: 6MMJ535401R
# Database: nt
# Fields: query acc.ver, subject acc.ver, % identity, alignment length, mismatches, gap opens, q. start, q. end, s. start, s. end, evalue, bit score
# 100 hits found
Query_1905	LR812119.1	100.000	21	0	0	1	21	8507778	8507758	2.0	39.2
Query_1905	XM_035105456.1	100.000	21	0	0	1	21	360	340	2.0	39.2
Query_1905	XM_035014140.1	100.000	21	0	0	1	21	314	294	2.0	39.2
Query_1905	XM_003829274.3	100.000	21	0	0	1	21	272	252	2.0	39.2
Query_1905	XM_002912915.4	100.000	21	0	0	1	21	315	295	2.0	39.2
Query_1905	XM_027949574.2	100.000	21	0	0	1	21	287	267	2.0	39.2
Query_1905	XM_034507346.1	100.000	21	0	0	1	21	299	279	2.0	39.2
Query_1905	XM_033927290.1	100.000	21	0	0	1	21	539	519	2.0	39.2
Query_1905	XR_002174172.2	100.000	21	0	0	1	21	459	439	2.0	39.2
Query_1905	XM_015641905.3	100.000	21	0	0	1	21	259	239	2.0	39.2
Query_1905	XR_004478222.1	100.000	21	0	0	1	21	484	464	2.0	39.2
Query_1905	XM_033409828.1	100.000	21	0	0	1	21	484	464	2.0	39.2
Query_1905	XM_004282119.3	100.000	21	0	0	1	21	443	423	2.0	39.2
Query_1905	XM_004263629.3	100.000	21	0	0	1	21	241	221	2.0	39.2
Query_1905	CP050600.1	100.000	21	0	0	1	21	21855777	21855757	2.0	39.2
Query_1905	CP050574.1	100.000	21	0	0	1	21	497816	497796	2.0	39.2
Query_1905	CP050630.1	100.000	21	0	0	1	21	21848741	21848721	2.0	39.2
Query_1905	CP050613.1	100.000	21	0	0	1	21	491389	491369	2.0	39.2
Query_1905	XM_033181205.1	100.000	21	0	0	1	21	1129	1109	2.0	39.2
Query_1905	XM_033095936.1	100.000	21	0	0	1	21	304	284	2.0	39.2
Query_1905	XM_033073371.1	100.000	21	0	0	1	21	252	232	2.0	39.2
Query_1905	XM_033006231.1	100.000	21	0	0	1	21	155	135	2.0	39.2
Query_1905	XM_033006230.1	100.000	21	0	0	1	21	194	174	2.0	39.2
Query_1905	XM_032911682.1	100.000	21	0	0	1	21	295	275	2.0	39.2
Query_1905	XM_032837709.1	100.000	21	0	0	1	21	321	301	2.0	39.2
Query_1905	XM_032837708.1	100.000	21	0	0	1	21	321	301	2.0	39.2
Query_1905	XM_032837707.1	100.000	21	0	0	1	21	321	301	2.0	39.2
Query_1905	XM_032625524.1	100.000	21	0	0	1	21	265	245	2.0	39.2
Query_1905	XM_032625522.1	100.000	21	0	0	1	21	309	289	2.0	39.2
Query_1905	XM_030318352.2	100.000	21	0	0	1	21	310	290	2.0	39.2
Query_1905	XM_006179617.3	100.000	21	0	0	1	21	304	284	2.0	39.2
Query_1905	XM_032425198.1	100.000	21	0	0	1	21	310	290	2.0	39.2
Query_1905	XM_032336720.1	100.000	21	0	0	1	21	315	295	2.0	39.2
Query_1905	XM_032336718.1	100.000	21	0	0	1	21	315	295	2.0	39.2
Query_1905	XM_032336717.1	100.000	21	0	0	1	21	315	295	2.0	39.2
Query_1905	XM_032251564.1	100.000	21	0	0	1	21	621	601	2.0	39.2
Query_1905	XM_032197168.1	100.000	21	0	0	1	21	268	248	2.0	39.2
Query_1905	XM_032157920.1	100.000	21	0	0	1	21	602	582	2.0	39.2
Query_1905	XM_032125125.1	100.000	21	0	0	1	21	264	244	2.0	39.2
Query_1905	XM_023196017.2	100.000	21	0	0	1	21	594	574	2.0	39.2
Query_1905	NM_001194433.3	100.000	21	0	0	1	21	603	583	2.0	39.2
Query_1905	XM_006212804.3	100.000	21	0	0	1	21	303	283	2.0	39.2
Query_1905	XM_003900106.3	100.000	21	0	0	1	21	616	596	2.0	39.2
Query_1905	XM_010719269.3	100.000	21	0	0	1	21	157	137	2.0	39.2
Query_1905	XM_031598427.1	100.000	21	0	0	1	21	353	333	2.0	39.2
Query_1905	HG999695.1	100.000	21	0	0	1	21	15421795	15421815	2.0	39.2
Query_1905	XM_013363114.3	100.000	21	0	0	1	21	259	239	2.0	39.2
Query_1905	XM_005335742.4	100.000	21	0	0	1	21	293	273	2.0	39.2
Query_1905	XM_040240092.1	100.000	21	0	0	1	21	598	578	2.0	39.2
Query_1905	XM_040077974.1	100.000	21	0	0	1	21	255	235	2.0	39.2
Query_1905	HG994391.1	100.000	21	0	0	1	21	23516821	23516801	2.0	39.2
Query_1905	HG994387.1	100.000	21	0	0	1	21	973067	973047	2.0	39.2
Query_1905	XM_039836039.1	100.000	21	0	0	1	21	568	548	2.0	39.2
Query_1905	XM_039701137.1	100.000	21	0	0	1	21	387	367	2.0	39.2
Query_1905	XM_039701134.1	100.000	21	0	0	1	21	289	269	2.0	39.2
Query_1905	XM_010390673.4	100.000	21	0	0	1	21	262	242	2.0	39.2
Query_1905	XM_010338699.2	100.000	21	0	0	1	21	335	315	2.0	39.2
Query_1905	XM_039242287.1	100.000	21	0	0	1	21	291	271	2.0	39.2
Query_1905	XM_039242286.1	100.000	21	0	0	1	21	291	271	2.0	39.2
Query_1905	XM_039242285.1	100.000	21	0	0	1	21	290	270	2.0	39.2
Query_1905	XM_006246343.3	100.000	21	0	0	1	21	324	304	2.0	39.2
Query_1905	XM_038660385.1	100.000	21	0	0	1	21	157	137	2.0	39.2
Query_1905	XM_038681540.1	100.000	21	0	0	1	21	426	406	2.0	39.2
Query_1905	XM_038464832.1	100.000	21	0	0	1	21	184	164	2.0	39.2
Query_1905	XM_022425310.2	100.000	21	0	0	1	21	426	406	2.0	39.2
Query_1905	XM_038325642.1	100.000	21	0	0	1	21	570	550	2.0	39.2
Query_1905	XM_038325641.1	100.000	21	0	0	1	21	503	483	2.0	39.2
Query_1905	XM_005011234.5	100.000	21	0	0	1	21	174	154	2.0	39.2
Query_1905	XM_027468549.2	100.000	21	0	0	1	21	290	270	2.0	39.2
Query_1905	XM_038150347.1	100.000	21	0	0	1	21	273	253	2.0	39.2
Query_1905	XM_008014439.2	100.000	21	0	0	1	21	612	592	2.0	39.2
Query_1905	XM_037809629.1	100.000	21	0	0	1	21	194	174	2.0	39.2
Query_1905	XM_037800778.1	100.000	21	0	0	1	21	153	133	2.0	39.2
Query_1905	XM_037800777.1	100.000	21	0	0	1	21	287	267	2.0	39.2
Query_1905	XM_017532386.2	100.000	21	0	0	1	21	328	308	2.0	39.2
Query_1905	XM_037509311.1	100.000	21	0	0	1	21	258	238	2.0	39.2
Query_1905	XM_037398038.1	100.000	21	0	0	1	21	290	270	2.0	39.2
Query_1905	XM_037150865.1	100.000	21	0	0	1	21	224	204	2.0	39.2
Query_1905	XM_037150864.1	100.000	21	0	0	1	21	308	288	2.0	39.2
Query_1905	XM_037150863.1	100.000	21	0	0	1	21	306	286	2.0	39.2
Query_1905	XM_037050449.1	100.000	21	0	0	1	21	304	284	2.0	39.2
Query_1905	XM_037050448.1	100.000	21	0	0	1	21	303	283	2.0	39.2
Query_1905	XM_036493390.1	100.000	21	0	0	1	21	151	131	2.0	39.2
Query_1905	XM_036391478.1	100.000	21	0	0	1	21	256	236	2.0	39.2
Query_1905	XM_016137659.2	100.000	21	0	0	1	21	568	548	2.0	39.2
Query_1905	XM_036123942.1	100.000	21	0	0	1	21	338	318	2.0	39.2
Query_1905	XM_028527841.2	100.000	21	0	0	1	21	304	284	2.0	39.2
Query_1905	LR877236.1	100.000	21	0	0	1	21	33081441	33081461	2.0	39.2
Query_1905	LR877218.1	100.000	21	0	0	1	21	39796842	39796862	2.0	39.2
Query_1905	XM_009646864.2	100.000	21	0	0	1	21	1898	1878	2.0	39.2
Query_1905	XM_025433233.2	100.000	21	0	0	1	21	425	405	2.0	39.2
Query_1905	XM_025433232.2	100.000	21	0	0	1	21	643	623	2.0	39.2
Query_1905	XM_035713350.1	100.000	21	0	0	1	21	157	137	2.0	39.2
Query_1905	XM_035560781.1	100.000	21	0	0	1	21	460	440	2.0	39.2
Query_1905	XM_035560780.1	100.000	21	0	0	1	21	274	254	2.0	39.2
Query_1905	XM_035560779.1	100.000	21	0	0	1	21	272	252	2.0	39.2
Query_1905	XM_027427583.2	100.000	21	0	0	1	21	281	261	2.0	39.2
Query_1905	XM_003498489.5	100.000	21	0	0	1	21	227	207	2.0	39.2
Query_1905	XM_002744157.6	100.000	21	0	0	1	21	623	603	2.0	39.2
Query_1905	LS423624.1	100.000	21	0	0	1	21	16588564	16588584	2.0	39.2


