# blastn
# Iteration: 0
# Query: 
# RID: 8YM170KW013
# Database: nt
# Fields: query acc.ver, subject acc.ver, % identity, alignment length, mismatches, gap opens, q. start, q. end, s. start, s. end, evalue, bit score
# 100 hits found
Query_45471	XM_035009990.1	100.000	21	0	0	1	21	545	525	2.1	39.2
Query_45471	XM_003811844.2	100.000	21	0	0	1	21	534	514	2.1	39.2
Query_45471	XM_002928742.4	100.000	21	0	0	1	21	498	478	2.1	39.2
Query_45471	XM_034520202.1	100.000	21	0	0	1	21	147	127	2.1	39.2
Query_45471	XM_034520201.1	100.000	21	0	0	1	21	504	484	2.1	39.2
Query_45471	XM_034520200.1	100.000	21	0	0	1	21	534	514	2.1	39.2
Query_45471	XM_034520199.1	100.000	21	0	0	1	21	475	455	2.1	39.2
Query_45471	XM_034520198.1	100.000	21	0	0	1	21	533	513	2.1	39.2
Query_45471	XM_034520197.1	100.000	21	0	0	1	21	620	600	2.1	39.2
Query_45471	XM_004321799.3	100.000	21	0	0	1	21	1311	1291	2.1	39.2
Query_45471	XM_033765695.1	100.000	21	0	0	1	21	163	143	2.1	39.2
Query_45471	XM_010616620.3	100.000	21	0	0	1	21	581	561	2.1	39.2
Query_45471	XM_033414281.1	100.000	21	0	0	1	21	526	506	2.1	39.2
Query_45471	XM_012538494.2	100.000	21	0	0	1	21	1188	1168	2.1	39.2
Query_45471	XM_004284404.3	100.000	21	0	0	1	21	371	351	2.1	39.2
Query_45471	XM_033196559.1	100.000	21	0	0	1	21	659	639	2.1	39.2
Query_45471	XM_033233047.1	100.000	21	0	0	1	21	409	389	2.1	39.2
Query_45471	XM_032915004.1	100.000	21	0	0	1	21	595	575	2.1	39.2
Query_45471	XM_032849507.1	100.000	21	0	0	1	21	428	408	2.1	39.2
Query_45471	XM_032642803.1	100.000	21	0	0	1	21	526	506	2.1	39.2
Query_45471	XM_032642793.1	100.000	21	0	0	1	21	454	434	2.1	39.2
Query_45471	XM_032642785.1	100.000	21	0	0	1	21	599	579	2.1	39.2
Query_45471	XM_030302021.2	100.000	21	0	0	1	21	823	803	2.1	39.2
Query_45471	XM_006173963.3	100.000	21	0	0	1	21	496	476	2.1	39.2
Query_45471	XM_032397263.1	100.000	21	0	0	1	21	558	538	2.1	39.2
Query_45471	XM_032318008.1	100.000	21	0	0	1	21	534	514	2.1	39.2
Query_45471	XM_032260946.1	100.000	21	0	0	1	21	491	471	2.1	39.2
Query_45471	XM_032260945.1	100.000	21	0	0	1	21	567	547	2.1	39.2
Query_45471	XR_004261757.1	100.000	21	0	0	1	21	535	515	2.1	39.2
Query_45471	XR_004258816.1	100.000	21	0	0	1	21	464	444	2.1	39.2
Query_45471	XM_023214308.2	100.000	21	0	0	1	21	626	606	2.1	39.2
Query_45471	XM_006215678.3	100.000	21	0	0	1	21	547	527	2.1	39.2
Query_45471	XR_004184786.1	100.000	21	0	0	1	21	358	338	2.1	39.2
Query_45471	XM_031654823.1	100.000	21	0	0	1	21	516	496	2.1	39.2
Query_45471	XM_031654814.1	100.000	21	0	0	1	21	609	589	2.1	39.2
Query_45471	XM_010993054.2	100.000	21	0	0	1	21	490	470	2.1	39.2
Query_45471	XM_006747389.2	100.000	21	0	0	1	21	413	393	2.1	39.2
Query_45471	XM_031011621.1	100.000	21	0	0	1	21	650	630	2.1	39.2
Query_45471	XM_010367119.2	100.000	21	0	0	1	21	762	742	2.1	39.2
Query_45471	XR_750211.2	100.000	21	0	0	1	21	351	331	2.1	39.2
Query_45471	XM_030842149.1	100.000	21	0	0	1	21	526	506	2.1	39.2
Query_45471	XM_030842148.1	100.000	21	0	0	1	21	356	336	2.1	39.2
Query_45471	XM_030842146.1	100.000	21	0	0	1	21	371	351	2.1	39.2
Query_45471	XM_030824091.1	100.000	21	0	0	1	21	670	650	2.1	39.2
Query_45471	XM_022559255.2	100.000	21	0	0	1	21	352	332	2.1	39.2
Query_45471	XM_022559254.2	100.000	21	0	0	1	21	482	462	2.1	39.2
Query_45471	XM_017801920.2	100.000	21	0	0	1	21	395	375	2.1	39.2
Query_45471	XM_008848012.3	100.000	21	0	0	1	21	426	406	2.1	39.2
Query_45471	XM_029570877.1	100.000	21	0	0	1	21	586	566	2.1	39.2
Query_45471	XM_029477793.1	100.000	21	0	0	1	21	489	469	2.1	39.2
Query_45471	XM_021163238.2	100.000	21	0	0	1	21	512	492	2.1	39.2
Query_45471	XM_029227821.1	100.000	21	0	0	1	21	777	757	2.1	39.2
Query_45471	XM_029227820.1	100.000	21	0	0	1	21	934	914	2.1	39.2
Query_45471	XM_029227819.1	100.000	21	0	0	1	21	954	934	2.1	39.2
Query_45471	XR_012770.4	100.000	21	0	0	1	21	339	319	2.1	39.2
Query_45471	XM_028826846.1	100.000	21	0	0	1	21	570	550	2.1	39.2
Query_45471	XM_015113807.2	100.000	21	0	0	1	21	536	516	2.1	39.2
Query_45471	XM_015113815.2	100.000	21	0	0	1	21	490	470	2.1	39.2
Query_45471	XM_028787765.1	100.000	21	0	0	1	21	547	527	2.1	39.2
Query_45471	XM_040739380.1	100.000	21	0	0	1	21	377	357	2.1	39.2
Query_45471	XM_005087769.4	100.000	21	0	0	1	21	573	553	2.1	39.2
Query_45471	XM_008700659.2	100.000	21	0	0	1	21	373	353	2.1	39.2
Query_45471	XM_040452393.1	100.000	21	0	0	1	21	937	917	2.1	39.2
Query_45471	XM_040230059.1	100.000	21	0	0	1	21	590	570	2.1	39.2
Query_45471	XM_039839892.1	100.000	21	0	0	1	21	571	551	2.1	39.2
Query_45471	XM_039480650.1	100.000	21	0	0	1	21	651	631	2.1	39.2
Query_45471	XR_005581184.1	100.000	21	0	0	1	21	340	320	2.1	39.2
Query_45471	XM_039246452.1	100.000	21	0	0	1	21	364	344	2.1	39.2
Query_45471	XM_039246451.1	100.000	21	0	0	1	21	419	399	2.1	39.2
Query_45471	XM_038448650.1	100.000	21	0	0	1	21	1266	1246	2.1	39.2
Query_45471	XM_536135.6	100.000	21	0	0	1	21	1264	1244	2.1	39.2
Query_45471	XM_038349261.1	100.000	21	0	0	1	21	431	411	2.1	39.2
Query_45471	XM_038349260.1	100.000	21	0	0	1	21	585	565	2.1	39.2
Query_45471	XM_037984472.1	100.000	21	0	0	1	21	337	317	2.1	39.2
Query_45471	XM_007976437.2	100.000	21	0	0	1	21	544	524	2.1	39.2
Query_45471	XM_037813376.1	100.000	21	0	0	1	21	1086	1066	2.1	39.2
Query_45471	XM_037813372.1	100.000	21	0	0	1	21	265	245	2.1	39.2
Query_45471	XM_037813365.1	100.000	21	0	0	1	21	529	509	2.1	39.2
Query_45471	XM_017515076.2	100.000	21	0	0	1	21	491	471	2.1	39.2
Query_45471	XM_037733647.1	100.000	21	0	0	1	21	575	555	2.1	39.2
Query_45471	XM_017515075.2	100.000	21	0	0	1	21	644	624	2.1	39.2
Query_45471	XM_028860122.2	100.000	21	0	0	1	21	927	907	2.1	39.2
Query_45471	XM_037211262.1	100.000	21	0	0	1	21	737	717	2.1	39.2
Query_45471	XM_028860121.2	100.000	21	0	0	1	21	808	788	2.1	39.2
Query_45471	XM_017656200.2	100.000	21	0	0	1	21	379	359	2.1	39.2
Query_45471	XM_017656199.2	100.000	21	0	0	1	21	502	482	2.1	39.2
Query_45471	XM_036922785.1	100.000	21	0	0	1	21	382	362	2.1	39.2
Query_45471	XM_036273390.1	100.000	21	0	0	1	21	595	575	2.1	39.2
Query_45471	XM_016134057.2	100.000	21	0	0	1	21	371	351	2.1	39.2
Query_45471	XM_036101456.1	100.000	21	0	0	1	21	558	538	2.1	39.2
Query_45471	XM_025420819.2	100.000	21	0	0	1	21	1833	1813	2.1	39.2
Query_45471	XM_027419019.2	100.000	21	0	0	1	21	427	407	2.1	39.2
Query_45471	XM_027419018.2	100.000	21	0	0	1	21	570	550	2.1	39.2
Query_45471	XM_027439658.2	100.000	21	0	0	1	21	427	407	2.1	39.2
Query_45471	XM_003506861.4	100.000	21	0	0	1	21	570	550	2.1	39.2
Query_45471	XM_035279447.1	100.000	21	0	0	1	21	710	690	2.1	39.2
Query_45471	XM_035279446.1	100.000	21	0	0	1	21	667	647	2.1	39.2
Query_45471	XM_002760186.4	100.000	21	0	0	1	21	554	534	2.1	39.2
Query_45471	XM_035279445.1	100.000	21	0	0	1	21	702	682	2.1	39.2
Query_45471	XM_035279443.1	100.000	21	0	0	1	21	648	628	2.1	39.2


