# blastn
# Iteration: 0
# Query: 
# RID: 6N0NJH8P013
# Database: nt
# Fields: query acc.ver, subject acc.ver, % identity, alignment length, mismatches, gap opens, q. start, q. end, s. start, s. end, evalue, bit score
# 101 hits found
Query_60731	XM_034951639.1	100.000	21	0	0	1	21	473	453	2.0	39.2
Query_60731	XM_034951638.1	100.000	21	0	0	1	21	325	305	2.0	39.2
Query_60731	XM_034951637.1	100.000	21	0	0	1	21	602	582	2.0	39.2
Query_60731	XM_034951636.1	100.000	21	0	0	1	21	366	346	2.0	39.2
Query_60731	XM_034951635.1	100.000	21	0	0	1	21	323	303	2.0	39.2
Query_60731	XM_034951634.1	100.000	21	0	0	1	21	326	306	2.0	39.2
Query_60731	XM_034951633.1	100.000	21	0	0	1	21	609	589	2.0	39.2
Query_60731	XM_034951632.1	100.000	21	0	0	1	21	367	347	2.0	39.2
Query_60731	XM_019800662.2	100.000	21	0	0	1	21	431	411	2.0	39.2
Query_60731	XM_034670672.1	100.000	21	0	0	1	21	1615	1595	2.0	39.2
Query_60731	XM_034504335.1	100.000	21	0	0	1	21	412	392	2.0	39.2
Query_60731	XM_034504334.1	100.000	21	0	0	1	21	337	317	2.0	39.2
Query_60731	XM_034504333.1	100.000	21	0	0	1	21	364	344	2.0	39.2
Query_60731	CP050593.1	100.000	21	0	0	1	21	56947334	56947314	2.0	39.2
Query_60731	CP050635.1	100.000	21	0	0	1	21	56961676	56961656	2.0	39.2
Query_60731	XM_032754107.1	100.000	21	0	0	1	21	380	360	2.0	39.2
Query_60731	XM_032144947.1	100.000	21	0	0	1	21	762	742	2.0	39.2
Query_60731	XM_032144946.1	100.000	21	0	0	1	21	225	205	2.0	39.2
Query_60731	XM_032144945.1	100.000	21	0	0	1	21	867	847	2.0	39.2
Query_60731	NM_001194836.2	100.000	21	0	0	1	21	380	360	2.0	39.2
Query_60731	XM_009195636.2	100.000	21	0	0	1	21	325	305	2.0	39.2
Query_60731	XM_031351352.1	100.000	21	0	0	1	21	529	509	2.0	39.2
Query_60731	XM_031351350.1	100.000	21	0	0	1	21	364	344	2.0	39.2
Query_60731	XM_031351349.1	100.000	21	0	0	1	21	757	737	2.0	39.2
Query_60731	XM_031351348.1	100.000	21	0	0	1	21	836	816	2.0	39.2
Query_60731	XM_031351347.1	100.000	21	0	0	1	21	349	329	2.0	39.2
Query_60731	XM_031351346.1	100.000	21	0	0	1	21	336	316	2.0	39.2
Query_60731	XM_031002695.1	100.000	21	0	0	1	21	357	337	2.0	39.2
Query_60731	XM_031002694.1	100.000	21	0	0	1	21	357	337	2.0	39.2
Query_60731	XM_004056937.3	100.000	21	0	0	1	21	324	304	2.0	39.2
Query_60731	XM_004056936.3	100.000	21	0	0	1	21	478	458	2.0	39.2
Query_60731	XM_004056938.3	100.000	21	0	0	1	21	322	302	2.0	39.2
Query_60731	XM_019012582.2	100.000	21	0	0	1	21	322	302	2.0	39.2
Query_60731	XM_030798768.1	100.000	21	0	0	1	21	353	333	2.0	39.2
Query_60731	XM_030798767.1	100.000	21	0	0	1	21	353	333	2.0	39.2
Query_60731	XM_030798766.1	100.000	21	0	0	1	21	342	322	2.0	39.2
Query_60731	XM_030798765.1	100.000	21	0	0	1	21	459	439	2.0	39.2
Query_60731	XM_030798764.1	100.000	21	0	0	1	21	762	742	2.0	39.2
Query_60731	XM_030798763.1	100.000	21	0	0	1	21	459	439	2.0	39.2
Query_60731	XM_030798762.1	100.000	21	0	0	1	21	856	836	2.0	39.2
Query_60731	XM_008856164.2	100.000	21	0	0	1	21	458	438	2.0	39.2
Query_60731	XM_008856163.3	100.000	21	0	0	1	21	345	325	2.0	39.2
Query_60731	XM_029557704.1	100.000	21	0	0	1	21	367	347	2.0	39.2
Query_60731	XM_021221217.2	100.000	21	0	0	1	21	353	333	2.0	39.2
Query_60731	XM_029532997.1	100.000	21	0	0	1	21	546	526	2.0	39.2
Query_60731	XM_021221216.2	100.000	21	0	0	1	21	329	309	2.0	39.2
Query_60731	XM_021186064.2	100.000	21	0	0	1	21	379	359	2.0	39.2
Query_60731	XM_021186062.2	100.000	21	0	0	1	21	912	892	2.0	39.2
Query_60731	XM_021186066.2	100.000	21	0	0	1	21	481	461	2.0	39.2
Query_60731	NM_194260.3	100.000	21	0	0	1	21	478	458	2.0	39.2
Query_60731	NM_194261.3	100.000	21	0	0	1	21	330	310	2.0	39.2
Query_60731	NM_194259.3	100.000	21	0	0	1	21	605	585	2.0	39.2
Query_60731	XM_028840603.1	100.000	21	0	0	1	21	375	355	2.0	39.2
Query_60731	XM_028840602.1	100.000	21	0	0	1	21	379	359	2.0	39.2
Query_60731	XM_001118584.4	100.000	21	0	0	1	21	324	304	2.0	39.2
Query_60731	XM_028840601.1	100.000	21	0	0	1	21	314	294	2.0	39.2
Query_60731	XM_028760816.1	100.000	21	0	0	1	21	335	315	2.0	39.2
Query_60731	XM_028760813.1	100.000	21	0	0	1	21	275	255	2.0	39.2
Query_60731	XM_028767668.1	100.000	21	0	0	1	21	246	226	2.0	39.2
Query_60731	U76416.2	100.000	21	0	0	1	21	279	259	2.0	39.2
Query_60731	XM_003501573.4	100.000	21	0	0	1	21	370	350	2.0	39.2
Query_60731	NM_003345.5	100.000	21	0	0	1	21	348	328	2.0	39.2
Query_60731	XM_028111650.1	100.000	21	0	0	1	21	222	202	2.0	39.2
Query_60731	CP034494.1	100.000	21	0	0	1	21	1305703	1305683	2.0	39.2
Query_60731	CP034494.1	100.000	21	0	0	1	21	90531021	90531001	2.0	39.2
Query_60731	XM_025877780.1	100.000	21	0	0	1	21	222	202	2.0	39.2
Query_60731	XM_025878504.1	100.000	21	0	0	1	21	283	263	2.0	39.2
Query_60731	XM_025370151.1	100.000	21	0	0	1	21	467	447	2.0	39.2
Query_60731	XM_025370150.1	100.000	21	0	0	1	21	471	451	2.0	39.2
Query_60731	XM_025370148.1	100.000	21	0	0	1	21	323	303	2.0	39.2
Query_60731	HG995155.1	100.000	21	0	0	1	21	23476611	23476591	2.0	39.2
Query_60731	HG994394.1	100.000	21	0	0	1	21	3629963	3629983	2.0	39.2
Query_60731	XM_039478291.1	100.000	21	0	0	1	21	354	334	2.0	39.2
Query_60731	XM_039478290.1	100.000	21	0	0	1	21	227	207	2.0	39.2
Query_60731	CP068262.1	100.000	21	0	0	1	21	1331885	1331865	2.0	39.2
Query_60731	XM_039111465.1	100.000	21	0	0	1	21	214	194	2.0	39.2
Query_60731	XR_357789.4	100.000	21	0	0	1	21	285	265	2.0	39.2
Query_60731	XM_017597044.2	100.000	21	0	0	1	21	265	245	2.0	39.2
Query_60731	XM_006245920.4	100.000	21	0	0	1	21	355	335	2.0	39.2
Query_60731	XM_006245919.4	100.000	21	0	0	1	21	940	920	2.0	39.2
Query_60731	XM_008767549.3	100.000	21	0	0	1	21	362	342	2.0	39.2
Query_60731	XM_037990067.1	100.000	21	0	0	1	21	345	325	2.0	39.2
Query_60731	NM_013050.2	100.000	21	0	0	1	21	278	258	2.0	39.2
Query_60731	AP023476.1	100.000	21	0	0	1	21	1329531	1329511	2.0	39.2
Query_60731	XM_006524049.5	100.000	21	0	0	1	21	2029	2009	2.0	39.2
Query_60731	XM_036160485.1	100.000	21	0	0	1	21	538	518	2.0	39.2
Query_60731	LR877236.1	100.000	21	0	0	1	21	12472909	12472929	2.0	39.2
Query_60731	XM_027612084.2	100.000	21	0	0	1	21	336	316	2.0	39.2
Query_60731	XM_027425047.2	100.000	21	0	0	1	21	444	424	2.0	39.2
Query_60731	XM_027425046.2	100.000	21	0	0	1	21	346	326	2.0	39.2
Query_60731	XM_027425045.2	100.000	21	0	0	1	21	372	352	2.0	39.2
Query_60731	XM_027425048.2	100.000	21	0	0	1	21	342	322	2.0	39.2
Query_60731	XM_035455246.1	100.000	21	0	0	1	21	442	422	2.0	39.2
Query_60731	XM_009008883.2	100.000	21	0	0	1	21	468	448	2.0	39.2
Query_60731	XM_035266442.1	100.000	21	0	0	1	21	298	278	2.0	39.2
Query_60731	XM_035266441.1	100.000	21	0	0	1	21	459	439	2.0	39.2
Query_60731	XM_035266439.1	100.000	21	0	0	1	21	357	337	2.0	39.2
Query_60731	XM_035266438.1	100.000	21	0	0	1	21	346	326	2.0	39.2
Query_60731	XM_035266440.1	100.000	21	0	0	1	21	740	720	2.0	39.2
Query_60731	XM_035266437.1	100.000	21	0	0	1	21	2735	2715	2.0	39.2
Query_60731	XM_009008885.2	100.000	21	0	0	1	21	481	461	2.0	39.2


