# blastn
# Iteration: 0
# Query: 
# RID: 9R1BR6RG01N
# Database: nt
# Fields: query acc.ver, subject acc.ver, % identity, alignment length, mismatches, gap opens, q. start, q. end, s. start, s. end, evalue, bit score
# 34 hits found
Query_218719	XM_032915907.1	100.000	21	0	0	1	21	1148	1128	2.1	39.2
Query_218719	XM_021210658.2	100.000	21	0	0	1	21	1138	1118	2.1	39.2
Query_218719	XM_021163845.2	100.000	21	0	0	1	21	1142	1122	2.1	39.2
Query_218719	XM_005365945.3	100.000	21	0	0	1	21	1111	1091	2.1	39.2
Query_218719	XM_021630388.1	100.000	21	0	0	1	21	1143	1123	2.1	39.2
Query_218719	XM_006985601.2	100.000	21	0	0	1	21	1147	1127	2.1	39.2
Query_218719	XM_028882342.2	100.000	21	0	0	1	21	1154	1134	2.1	39.2
Query_218719	LR877197.1	100.000	21	0	0	1	21	31003193	31003213	2.1	39.2
Query_218719	XM_003496616.5	100.000	21	0	0	1	21	1152	1132	2.1	39.2
Query_218719	FQ225334.1	100.000	21	0	0	1	21	1110	1090	2.1	39.2
Query_218719	FQ228750.1	100.000	21	0	0	1	21	1108	1088	2.1	39.2
Query_218719	FQ213948.1	100.000	21	0	0	1	21	797	777	2.1	39.2
Query_218719	NG_006685.3	100.000	21	0	0	1	21	1189	1169	2.1	39.2
Query_218719	NM_026242.3	100.000	21	0	0	1	21	1137	1117	2.1	39.2
Query_218719	AC169036.3	100.000	21	0	0	1	21	131574	131594	2.1	39.2
Query_218719	BC085488.1	100.000	21	0	0	1	21	982	962	2.1	39.2
Query_218719	AC114605.11	100.000	21	0	0	1	21	110258	110238	2.1	39.2
Query_218719	AC112683.10	100.000	21	0	0	1	21	194679	194659	2.1	39.2
Query_218719	AC139214.12	100.000	21	0	0	1	21	1711	1691	2.1	39.2
Query_218719	AK170984.1	100.000	21	0	0	1	21	1119	1099	2.1	39.2
Query_218719	AK170909.1	100.000	21	0	0	1	21	1115	1095	2.1	39.2
Query_218719	AK170789.1	100.000	21	0	0	1	21	1087	1067	2.1	39.2
Query_218719	AK159464.1	100.000	21	0	0	1	21	1126	1106	2.1	39.2
Query_218719	AK167112.1	100.000	21	0	0	1	21	1118	1098	2.1	39.2
Query_218719	AK020049.1	100.000	21	0	0	1	21	1105	1085	2.1	39.2
Query_218719	AK018675.1	100.000	21	0	0	1	21	1087	1067	2.1	39.2
Query_218719	AK017832.1	100.000	21	0	0	1	21	1119	1099	2.1	39.2
Query_218719	AK009827.1	100.000	21	0	0	1	21	1095	1075	2.1	39.2
Query_218719	AK005313.1	100.000	21	0	0	1	21	1129	1109	2.1	39.2
Query_218719	AC154476.2	100.000	21	0	0	1	21	78089	78109	2.1	39.2
Query_218719	NM_001009264.1	100.000	21	0	0	1	21	1088	1068	2.1	39.2
Query_218719	BC010209.1	100.000	21	0	0	1	21	1106	1086	2.1	39.2
Query_218719	AB041651.1	100.000	21	0	0	1	21	1117	1097	2.1	39.2
Query_218719	FQ213111.1	100.000	20	0	0	2	21	1108	1089	7.5	37.4


