# blastn
# Iteration: 0
# Query: 
# RID: 7PSXJ06G016
# Database: nt
# Fields: query acc.ver, subject acc.ver, % identity, alignment length, mismatches, gap opens, q. start, q. end, s. start, s. end, evalue, bit score
# 100 hits found
Query_18449	XM_035126686.1	100.000	21	0	0	1	21	518	498	2.1	39.2
Query_18449	XM_035021102.1	100.000	21	0	0	1	21	664	644	2.1	39.2
Query_18449	XM_034032232.2	100.000	21	0	0	1	21	105	85	2.1	39.2
Query_18449	XM_003813487.3	100.000	21	0	0	1	21	636	616	2.1	39.2
Query_18449	XR_004644886.1	100.000	21	0	0	1	21	476	456	2.1	39.2
Query_18449	XM_034763868.1	100.000	21	0	0	1	21	476	456	2.1	39.2
Query_18449	XM_011230345.3	100.000	21	0	0	1	21	664	644	2.1	39.2
Query_18449	XM_034407109.1	100.000	21	0	0	1	21	284	264	2.1	39.2
Query_18449	XM_034032231.1	100.000	21	0	0	1	21	424	404	2.1	39.2
Query_18449	XM_033958142.1	100.000	21	0	0	1	21	141	121	2.1	39.2
Query_18449	XM_033958141.1	100.000	21	0	0	1	21	677	657	2.1	39.2
Query_18449	XM_019924064.2	100.000	21	0	0	1	21	644	624	2.1	39.2
Query_18449	XM_019924049.2	100.000	21	0	0	1	21	648	628	2.1	39.2
Query_18449	XM_004272203.3	100.000	21	0	0	1	21	651	631	2.1	39.2
Query_18449	XM_033432469.1	100.000	21	0	0	1	21	656	636	2.1	39.2
Query_18449	XM_033193634.1	100.000	21	0	0	1	21	155	135	2.1	39.2
Query_18449	XM_033193632.1	100.000	21	0	0	1	21	656	636	2.1	39.2
Query_18449	XM_033161900.1	100.000	21	0	0	1	21	349	329	2.1	39.2
Query_18449	XM_033099114.1	100.000	21	0	0	1	21	664	644	2.1	39.2
Query_18449	XM_032986728.1	100.000	21	0	0	1	21	444	424	2.1	39.2
Query_18449	XM_032906813.1	100.000	21	0	0	1	21	661	641	2.1	39.2
Query_18449	XM_032869273.1	100.000	21	0	0	1	21	657	637	2.1	39.2
Query_18449	XM_032780932.1	100.000	21	0	0	1	21	465	445	2.1	39.2
Query_18449	XM_032780931.1	100.000	21	0	0	1	21	449	429	2.1	39.2
Query_18449	XM_032752633.1	100.000	21	0	0	1	21	411	391	2.1	39.2
Query_18449	XM_032761727.1	100.000	21	0	0	1	21	661	641	2.1	39.2
Query_18449	XM_032761725.1	100.000	21	0	0	1	21	641	621	2.1	39.2
Query_18449	XM_040471982.1	100.000	21	0	0	1	21	669	649	2.1	39.2
Query_18449	XM_040471981.1	100.000	21	0	0	1	21	270	250	2.1	39.2
Query_18449	XM_040471980.1	100.000	21	0	0	1	21	712	692	2.1	39.2
Query_18449	XM_005331109.4	100.000	21	0	0	1	21	682	662	2.1	39.2
Query_18449	XM_029074222.2	100.000	21	0	0	1	21	271	251	2.1	39.2
Query_18449	XM_029074221.2	100.000	21	0	0	1	21	291	271	2.1	39.2
Query_18449	XM_039860867.1	100.000	21	0	0	1	21	340	320	2.1	39.2
Query_18449	XM_039860865.1	100.000	21	0	0	1	21	664	644	2.1	39.2
Query_18449	XR_005592631.1	100.000	21	0	0	1	21	477	457	2.1	39.2
Query_18449	XM_039519883.1	100.000	21	0	0	1	21	477	457	2.1	39.2
Query_18449	XM_003921004.3	100.000	21	0	0	1	21	639	619	2.1	39.2
Query_18449	XM_039345733.1	100.000	21	0	0	1	21	354	334	2.1	39.2
Query_18449	XM_039242778.1	100.000	21	0	0	1	21	653	633	2.1	39.2
Query_18449	XM_039017677.1	100.000	21	0	0	1	21	526	506	2.1	39.2
Query_18449	XM_039017676.1	100.000	21	0	0	1	21	452	432	2.1	39.2
Query_18449	XM_038686155.1	100.000	21	0	0	1	21	659	639	2.1	39.2
Query_18449	XM_038686152.1	100.000	21	0	0	1	21	302	282	2.1	39.2
Query_18449	XM_038686151.1	100.000	21	0	0	1	21	650	630	2.1	39.2
Query_18449	XM_038433990.1	100.000	21	0	0	1	21	659	639	2.1	39.2
Query_18449	XM_022427231.2	100.000	21	0	0	1	21	302	282	2.1	39.2
Query_18449	XM_852326.6	100.000	21	0	0	1	21	650	630	2.1	39.2
Query_18449	XM_038752154.1	100.000	21	0	0	1	21	197	177	2.1	39.2
Query_18449	XM_038752153.1	100.000	21	0	0	1	21	397	377	2.1	39.2
Query_18449	XM_038422645.1	100.000	21	0	0	1	21	493	473	2.1	39.2
Query_18449	XR_005295730.1	100.000	21	0	0	1	21	465	445	2.1	39.2
Query_18449	XM_038422516.1	100.000	21	0	0	1	21	465	445	2.1	39.2
Query_18449	XM_038318476.1	100.000	21	0	0	1	21	605	585	2.1	39.2
Query_18449	XM_038153715.1	100.000	21	0	0	1	21	456	436	2.1	39.2
Query_18449	XM_007982899.2	100.000	21	0	0	1	21	644	624	2.1	39.2
Query_18449	XM_037889413.1	100.000	21	0	0	1	21	198	178	2.1	39.2
Query_18449	XR_005223828.1	100.000	21	0	0	1	21	479	459	2.1	39.2
Query_18449	XM_037889412.1	100.000	21	0	0	1	21	479	459	2.1	39.2
Query_18449	XM_037836169.1	100.000	21	0	0	1	21	1122	1102	2.1	39.2
Query_18449	XM_037836167.1	100.000	21	0	0	1	21	661	641	2.1	39.2
Query_18449	XM_037836166.1	100.000	21	0	0	1	21	758	738	2.1	39.2
Query_18449	XM_037739999.1	100.000	21	0	0	1	21	109	89	2.1	39.2
Query_18449	XM_017532568.2	100.000	21	0	0	1	21	224	204	2.1	39.2
Query_18449	XM_017532566.2	100.000	21	0	0	1	21	637	617	2.1	39.2
Query_18449	XM_037513116.1	100.000	21	0	0	1	21	414	394	2.1	39.2
Query_18449	XM_037513112.1	100.000	21	0	0	1	21	958	938	2.1	39.2
Query_18449	XM_037513104.1	100.000	21	0	0	1	21	224	204	2.1	39.2
Query_18449	XM_037513092.1	100.000	21	0	0	1	21	308	288	2.1	39.2
Query_18449	XM_028866182.2	100.000	21	0	0	1	21	240	220	2.1	39.2
Query_18449	XM_037165819.1	100.000	21	0	0	1	21	204	184	2.1	39.2
Query_18449	XM_037165818.1	100.000	21	0	0	1	21	663	643	2.1	39.2
Query_18449	XM_037019485.1	100.000	21	0	0	1	21	201	181	2.1	39.2
Query_18449	XM_021572816.2	100.000	21	0	0	1	21	557	537	2.1	39.2
Query_18449	XM_036909040.1	100.000	21	0	0	1	21	671	651	2.1	39.2
Query_18449	XM_036862830.1	100.000	21	0	0	1	21	539	519	2.1	39.2
Query_18449	XM_036759303.1	100.000	21	0	0	1	21	315	295	2.1	39.2
Query_18449	XM_036520438.1	100.000	21	0	0	1	21	410	390	2.1	39.2
Query_18449	XM_036517921.1	100.000	21	0	0	1	21	413	393	2.1	39.2
Query_18449	XM_036426854.1	100.000	21	0	0	1	21	679	659	2.1	39.2
Query_18449	XM_036246610.1	100.000	21	0	0	1	21	302	282	2.1	39.2
Query_18449	XM_036246608.1	100.000	21	0	0	1	21	282	262	2.1	39.2
Query_18449	XM_036246607.1	100.000	21	0	0	1	21	301	281	2.1	39.2
Query_18449	XM_036246603.1	100.000	21	0	0	1	21	195	175	2.1	39.2
Query_18449	XM_036246602.1	100.000	21	0	0	1	21	201	181	2.1	39.2
Query_18449	XM_036246601.1	100.000	21	0	0	1	21	219	199	2.1	39.2
Query_18449	XM_036246600.1	100.000	21	0	0	1	21	273	253	2.1	39.2
Query_18449	XM_016148711.2	100.000	21	0	0	1	21	658	638	2.1	39.2
Query_18449	XM_036181344.1	100.000	21	0	0	1	21	682	662	2.1	39.2
Query_18449	XM_036101279.1	100.000	21	0	0	1	21	673	653	2.1	39.2
Query_18449	XM_036101278.1	100.000	21	0	0	1	21	618	598	2.1	39.2
Query_18449	XM_036101277.1	100.000	21	0	0	1	21	670	650	2.1	39.2
Query_18449	XM_035789589.1	100.000	21	0	0	1	21	465	445	2.1	39.2
Query_18449	XM_025471630.2	100.000	21	0	0	1	21	337	317	2.1	39.2
Query_18449	XM_025471629.2	100.000	21	0	0	1	21	650	630	2.1	39.2
Query_18449	XM_027573204.2	100.000	21	0	0	1	21	105	85	2.1	39.2
Query_18449	XM_027573203.2	100.000	21	0	0	1	21	657	637	2.1	39.2
Query_18449	XM_035254744.1	100.000	21	0	0	1	21	228	208	2.1	39.2
Query_18449	XM_035254741.1	100.000	21	0	0	1	21	650	630	2.1	39.2
Query_18449	XM_002756944.5	100.000	21	0	0	1	21	600	580	2.1	39.2


