# blastn
# Iteration: 0
# Query: 
# RID: 72M4ZWHH016
# Database: nt
# Fields: query acc.ver, subject acc.ver, % identity, alignment length, mismatches, gap opens, q. start, q. end, s. start, s. end, evalue, bit score
# 47 hits found
Query_45179	XM_003828171.2	100.000	21	0	0	1	21	203	183	2.1	39.2
Query_45179	XM_033182838.1	100.000	21	0	0	1	21	159	139	2.1	39.2
Query_45179	XM_032163779.1	100.000	21	0	0	1	21	203	183	2.1	39.2
Query_45179	XM_023191497.3	100.000	21	0	0	1	21	203	183	2.1	39.2
Query_45179	NM_001194608.2	100.000	21	0	0	1	21	177	157	2.1	39.2
Query_45179	XM_003913140.4	100.000	21	0	0	1	21	2419	2399	2.1	39.2
Query_45179	XM_004041540.3	100.000	21	0	0	1	21	203	183	2.1	39.2
Query_45179	XM_010376233.2	100.000	21	0	0	1	21	175	155	2.1	39.2
Query_45179	XM_003270772.2	100.000	21	0	0	1	21	203	183	2.1	39.2
Query_45179	AY358627.2	100.000	21	0	0	1	21	192	172	2.1	39.2
Query_45179	NM_025237.3	100.000	21	0	0	1	21	209	189	2.1	39.2
Query_45179	CP034495.1	100.000	21	0	0	1	21	41835951	41835971	2.1	39.2
Query_45179	XM_025363041.1	100.000	21	0	0	1	21	200	180	2.1	39.2
Query_45179	XM_001153653.5	100.000	21	0	0	1	21	306	286	2.1	39.2
Query_45179	XM_002827467.3	100.000	21	0	0	1	21	200	180	2.1	39.2
Query_45179	LT735545.1	100.000	21	0	0	1	21	646	626	2.1	39.2
Query_45179	XM_020180444.1	100.000	21	0	0	1	21	175	155	2.1	39.2
Query_45179	XM_017892802.1	100.000	21	0	0	1	21	200	180	2.1	39.2
Query_45179	XM_011720549.1	100.000	21	0	0	1	21	2353	2333	2.1	39.2
Query_45179	XM_012057895.1	100.000	21	0	0	1	21	2362	2342	2.1	39.2
Query_45179	XM_011985860.1	100.000	21	0	0	1	21	200	180	2.1	39.2
Query_45179	XM_011940053.1	100.000	21	0	0	1	21	200	180	2.1	39.2
Query_45179	KJ893769.1	100.000	21	0	0	1	21	227	207	2.1	39.2
Query_45179	CP068261.1	100.000	21	0	0	1	21	44611432	44611452	2.1	39.2
Query_45179	XM_008012517.2	100.000	21	0	0	1	21	187	167	2.1	39.2
Query_45179	AP023477.1	100.000	21	0	0	1	21	41454622	41454642	2.1	39.2
Query_45179	NG_008078.2	100.000	21	0	0	1	21	5206	5186	2.1	39.2
Query_45179	AC003098.2	100.000	21	0	0	1	21	9110	9130	2.1	39.2
Query_45179	AY358203.1	100.000	21	0	0	1	21	464	444	2.1	39.2
Query_45179	BC101086.1	100.000	21	0	0	1	21	186	166	2.1	39.2
Query_45179	AC055813.9	100.000	21	0	0	1	21	66034	66054	2.1	39.2
Query_45179	AF331844.1	100.000	21	0	0	1	21	196	176	2.1	39.2
Query_45179	AF326742.1	100.000	21	0	0	1	21	159	139	2.1	39.2
Query_45179	AF326739.1	100.000	21	0	0	1	21	206	186	2.1	39.2
Query_45179	AF326736.1	100.000	21	0	0	1	21	12119	12099	2.1	39.2
Query_45179	XM_020033993.2	100.000	20	0	0	2	21	8476	8457	7.3	37.4
Query_45179	XM_011351340.3	100.000	20	0	0	2	21	8476	8457	7.3	37.4
Query_45179	XM_020033991.2	100.000	20	0	0	2	21	8470	8451	7.3	37.4
Query_45179	XM_020033990.2	100.000	20	0	0	2	21	7849	7830	7.3	37.4
Query_45179	XM_020033989.2	100.000	20	0	0	2	21	7903	7884	7.3	37.4
Query_45179	XM_020033987.2	100.000	20	0	0	2	21	6540	6521	7.3	37.4
Query_45179	XM_020033986.2	100.000	20	0	0	2	21	6786	6767	7.3	37.4
Query_45179	XM_020033988.2	100.000	20	0	0	2	21	6404	6385	7.3	37.4
Query_45179	XM_026968467.1	100.000	20	0	0	2	21	7984	7965	7.3	37.4
Query_45179	XM_020033985.2	100.000	20	0	0	2	21	7877	7858	7.3	37.4
Query_45179	XM_020033984.2	100.000	20	0	0	2	21	8477	8458	7.3	37.4
Query_45179	XM_008574390.1	100.000	20	0	0	2	21	158	139	7.3	37.4


