# blastn
# Iteration: 0
# Query: 
# RID: 73TSJK21013
# Database: nt
# Fields: query acc.ver, subject acc.ver, % identity, alignment length, mismatches, gap opens, q. start, q. end, s. start, s. end, evalue, bit score
# 59 hits found
Query_27699	XM_033212850.1	100.000	21	0	0	1	21	251	231	2.1	39.2
Query_27699	XM_033212849.1	100.000	21	0	0	1	21	276	256	2.1	39.2
Query_27699	XM_033212848.1	100.000	21	0	0	1	21	372	352	2.1	39.2
Query_27699	XM_033212847.1	100.000	21	0	0	1	21	381	361	2.1	39.2
Query_27699	XM_033212846.1	100.000	21	0	0	1	21	453	433	2.1	39.2
Query_27699	XM_031650201.1	100.000	21	0	0	1	21	578	558	2.1	39.2
Query_27699	XM_010357324.2	100.000	21	0	0	1	21	372	352	2.1	39.2
Query_27699	XM_010357323.2	100.000	21	0	0	1	21	381	361	2.1	39.2
Query_27699	XM_010357322.2	100.000	21	0	0	1	21	453	433	2.1	39.2
Query_27699	NR_104037.2	100.000	21	0	0	1	21	308	288	2.1	39.2
Query_27699	NR_104036.2	100.000	21	0	0	1	21	213	193	2.1	39.2
Query_27699	NM_181800.3	100.000	21	0	0	1	21	418	398	2.1	39.2
Query_27699	NM_181799.3	100.000	21	0	0	1	21	451	431	2.1	39.2
Query_27699	NM_181801.4	100.000	21	0	0	1	21	648	628	2.1	39.2
Query_27699	NM_007019.4	100.000	21	0	0	1	21	505	485	2.1	39.2
Query_27699	CP034499.1	100.000	21	0	0	1	21	44384524	44384504	2.1	39.2
Query_27699	XR_003120191.1	100.000	21	0	0	1	21	491	471	2.1	39.2
Query_27699	XM_025374652.1	100.000	21	0	0	1	21	312	292	2.1	39.2
Query_27699	XM_025374651.1	100.000	21	0	0	1	21	408	388	2.1	39.2
Query_27699	XM_025374650.1	100.000	21	0	0	1	21	417	397	2.1	39.2
Query_27699	XM_025374649.1	100.000	21	0	0	1	21	489	469	2.1	39.2
Query_27699	XM_017866612.1	100.000	21	0	0	1	21	500	480	2.1	39.2
Query_27699	KT331146.1	100.000	21	0	0	1	21	5894	5914	2.1	39.2
Query_27699	KT331145.1	100.000	21	0	0	1	21	5894	5914	2.1	39.2
Query_27699	KT331056.1	100.000	21	0	0	1	21	14457	14477	2.1	39.2
Query_27699	XM_011972812.1	100.000	21	0	0	1	21	276	256	2.1	39.2
Query_27699	XM_011972811.1	100.000	21	0	0	1	21	372	352	2.1	39.2
Query_27699	XM_011972810.1	100.000	21	0	0	1	21	427	407	2.1	39.2
Query_27699	XM_011972809.1	100.000	21	0	0	1	21	499	479	2.1	39.2
Query_27699	KJ913421.1	100.000	21	0	0	1	21	17384	17364	2.1	39.2
Query_27699	KJ913257.1	100.000	21	0	0	1	21	17382	17362	2.1	39.2
Query_27699	KJ913239.1	100.000	21	0	0	1	21	20588	20568	2.1	39.2
Query_27699	KJ913107.1	100.000	21	0	0	1	21	15496	15476	2.1	39.2
Query_27699	KJ456643.1	100.000	21	0	0	1	21	15496	15476	2.1	39.2
Query_27699	KJ489681.1	100.000	21	0	0	1	21	4323	4343	2.1	39.2
Query_27699	KJ489673.1	100.000	21	0	0	1	21	7626	7646	2.1	39.2
Query_27699	KJ489634.1	100.000	21	0	0	1	21	17266	17246	2.1	39.2
Query_27699	CP068258.1	100.000	21	0	0	1	21	47552364	47552344	2.1	39.2
Query_27699	AP023480.1	100.000	21	0	0	1	21	43851331	43851311	2.1	39.2
Query_27699	NM_001281741.2	100.000	21	0	0	1	21	364	344	2.1	39.2
Query_27699	NM_001281742.2	100.000	21	0	0	1	21	300	280	2.1	39.2
Query_27699	XR_004734476.1	100.000	21	0	0	1	21	499	479	2.1	39.2
Query_27699	AL050348.22	100.000	21	0	0	1	21	85544	85524	2.1	39.2
Query_27699	EU831629.1	100.000	21	0	0	1	21	475	455	2.1	39.2
Query_27699	EU831714.1	100.000	21	0	0	1	21	475	455	2.1	39.2
Query_27699	AK311949.1	100.000	21	0	0	1	21	540	520	2.1	39.2
Query_27699	DQ895630.2	100.000	21	0	0	1	21	475	455	2.1	39.2
Query_27699	DQ892416.2	100.000	21	0	0	1	21	475	455	2.1	39.2
Query_27699	BC028161.1	100.000	21	0	0	1	21	1112	1092	2.1	39.2
Query_27699	BC016292.1	100.000	21	0	0	1	21	502	482	2.1	39.2
Query_27699	BC007656.2	100.000	21	0	0	1	21	496	476	2.1	39.2
Query_27699	BC032677.2	100.000	21	0	0	1	21	1284	1264	2.1	39.2
Query_27699	BT007300.1	100.000	21	0	0	1	21	453	433	2.1	39.2
Query_27699	BT007515.1	100.000	21	0	0	1	21	453	433	2.1	39.2
Query_27699	CR456988.1	100.000	21	0	0	1	21	453	433	2.1	39.2
Query_27699	BC050736.1	100.000	21	0	0	1	21	523	503	2.1	39.2
Query_27699	U73379.1	100.000	21	0	0	1	21	493	473	2.1	39.2
Query_27699	LR584400.1	100.000	20	0	0	2	21	10264914	10264895	7.3	37.4
Query_27699	XM_017973507.2	100.000	20	0	0	1	20	592	573	7.3	37.4


