# blastn
# Iteration: 0
# Query: 
# RID: 6RSK75Z701R
# Database: nt
# Fields: query acc.ver, subject acc.ver, % identity, alignment length, mismatches, gap opens, q. start, q. end, s. start, s. end, evalue, bit score
# 31 hits found
Query_95269	XM_008951835.2	100.000	21	0	0	1	21	854	834	2.0	39.2
Query_95269	XM_003826427.2	100.000	21	0	0	1	21	501	481	2.0	39.2
Query_95269	XM_032152921.1	100.000	21	0	0	1	21	864	844	2.0	39.2
Query_95269	XM_032152920.1	100.000	21	0	0	1	21	630	610	2.0	39.2
Query_95269	XM_003275313.3	100.000	21	0	0	1	21	630	610	2.0	39.2
Query_95269	NM_004223.5	100.000	21	0	0	1	21	465	445	2.0	39.2
Query_95269	XM_521987.5	100.000	21	0	0	1	21	500	480	2.0	39.2
Query_95269	XM_009246347.2	100.000	21	0	0	1	21	318	298	2.0	39.2
Query_95269	XM_009246345.2	100.000	21	0	0	1	21	859	839	2.0	39.2
Query_95269	XM_003777762.3	100.000	21	0	0	1	21	502	482	2.0	39.2
Query_95269	XM_009246344.2	100.000	21	0	0	1	21	666	646	2.0	39.2
Query_95269	LT736766.1	100.000	21	0	0	1	21	891	871	2.0	39.2
Query_95269	XM_004051168.2	100.000	21	0	0	1	21	861	841	2.0	39.2
Query_95269	XM_004051167.2	100.000	21	0	0	1	21	494	474	2.0	39.2
Query_95269	XM_003317981.4	100.000	21	0	0	1	21	857	837	2.0	39.2
Query_95269	XM_003275314.3	100.000	21	0	0	1	21	858	838	2.0	39.2
Query_95269	KJ892727.1	100.000	21	0	0	1	21	469	449	2.0	39.2
Query_95269	NM_198183.3	100.000	21	0	0	1	21	464	444	2.0	39.2
Query_95269	CU689397.1	100.000	21	0	0	1	21	74	94	2.0	39.2
Query_95269	AK315755.1	100.000	21	0	0	1	21	419	399	2.0	39.2
Query_95269	DQ894475.2	100.000	21	0	0	1	21	426	406	2.0	39.2
Query_95269	DQ891291.2	100.000	21	0	0	1	21	426	406	2.0	39.2
Query_95269	AK226165.1	100.000	21	0	0	1	21	554	534	2.0	39.2
Query_95269	AK093462.1	100.000	21	0	0	1	21	813	793	2.0	39.2
Query_95269	CR457126.1	100.000	21	0	0	1	21	404	384	2.0	39.2
Query_95269	AK129621.1	100.000	21	0	0	1	21	371	351	2.0	39.2
Query_95269	BC032491.1	100.000	21	0	0	1	21	500	480	2.0	39.2
Query_95269	AP002893.3	100.000	21	0	0	1	21	122913	122933	2.0	39.2
Query_95269	AJ243271.1	100.000	21	0	0	1	21	94	74	2.0	39.2
Query_95269	AF061736.1	100.000	21	0	0	1	21	451	431	2.0	39.2
Query_95269	AF031141.1	100.000	21	0	0	1	21	401	381	2.0	39.2


