# blastn
# Iteration: 0
# Query: 
# RID: 7HYZ19GD013
# Database: nt
# Fields: query acc.ver, subject acc.ver, % identity, alignment length, mismatches, gap opens, q. start, q. end, s. start, s. end, evalue, bit score
# 78 hits found
Query_48529	XM_003822660.3	100.000	21	0	0	1	21	3201	3181	2.1	39.2
Query_48529	XM_033175808.1	100.000	21	0	0	1	21	2842	2822	2.1	39.2
Query_48529	XM_033175804.1	100.000	21	0	0	1	21	712	732	2.1	39.2
Query_48529	XM_032239463.1	100.000	21	0	0	1	21	2732	2712	2.1	39.2
Query_48529	XM_032239461.1	100.000	21	0	0	1	21	2687	2667	2.1	39.2
Query_48529	XM_032178589.1	100.000	21	0	0	1	21	2399	2379	2.1	39.2
Query_48529	XM_023223830.2	100.000	21	0	0	1	21	2986	2966	2.1	39.2
Query_48529	XM_023223828.2	100.000	21	0	0	1	21	893	913	2.1	39.2
Query_48529	XM_023223826.2	100.000	21	0	0	1	21	792	812	2.1	39.2
Query_48529	MN297719.1	100.000	21	0	0	1	21	134	114	2.1	39.2
Query_48529	MN297719.1	100.000	21	0	0	1	21	134	114	2.1	39.2
Query_48529	XM_003908598.4	100.000	21	0	0	1	21	2978	2958	2.1	39.2
Query_48529	XM_031007930.1	100.000	21	0	0	1	21	2997	2977	2.1	39.2
Query_48529	XM_030920698.1	100.000	21	0	0	1	21	2836	2816	2.1	39.2
Query_48529	XM_030799595.1	100.000	21	0	0	1	21	2994	2974	2.1	39.2
Query_48529	XM_015112284.2	100.000	21	0	0	1	21	3386	3366	2.1	39.2
Query_48529	NM_012249.4	100.000	21	0	0	1	21	3005	2985	2.1	39.2
Query_48529	XM_025353647.1	100.000	21	0	0	1	21	2757	2737	2.1	39.2
Query_48529	AC277863.1	100.000	21	0	0	1	21	187681	187701	2.1	39.2
Query_48529	XM_011713140.2	100.000	21	0	0	1	21	2948	2928	2.1	39.2
Query_48529	XM_016948475.2	100.000	21	0	0	1	21	2975	2955	2.1	39.2
Query_48529	XM_016948474.2	100.000	21	0	0	1	21	2836	2816	2.1	39.2
Query_48529	XM_002812061.4	100.000	21	0	0	1	21	2748	2728	2.1	39.2
Query_48529	XM_012473755.2	100.000	21	0	0	1	21	2734	2714	2.1	39.2
Query_48529	XM_017862694.1	100.000	21	0	0	1	21	2826	2806	2.1	39.2
Query_48529	XM_011532728.2	100.000	21	0	0	1	21	2333	2313	2.1	39.2
Query_48529	XM_017003716.1	100.000	21	0	0	1	21	3217	3197	2.1	39.2
Query_48529	XM_011532726.2	100.000	21	0	0	1	21	3060	3040	2.1	39.2
Query_48529	XM_015433694.1	100.000	21	0	0	1	21	3282	3262	2.1	39.2
Query_48529	XM_005575962.2	100.000	21	0	0	1	21	2596	2576	2.1	39.2
Query_48529	XM_012070312.1	100.000	21	0	0	1	21	3295	3275	2.1	39.2
Query_48529	XM_012070311.1	100.000	21	0	0	1	21	2763	2743	2.1	39.2
Query_48529	XM_012070310.1	100.000	21	0	0	1	21	721	741	2.1	39.2
Query_48529	XM_011965779.1	100.000	21	0	0	1	21	2780	2760	2.1	39.2
Query_48529	XM_011936021.1	100.000	21	0	0	1	21	2507	2487	2.1	39.2
Query_48529	XM_005264229.2	100.000	21	0	0	1	21	2469	2449	2.1	39.2
Query_48529	NG_023007.2	100.000	21	0	0	1	21	2843	2823	2.1	39.2
Query_48529	NG_022969.2	100.000	21	0	0	1	21	2839	2819	2.1	39.2
Query_48529	XM_003926747.3	100.000	21	0	0	1	21	2972	2952	2.1	39.2
Query_48529	XM_038006893.1	100.000	21	0	0	1	21	735	755	2.1	39.2
Query_48529	XM_038006892.1	100.000	21	0	0	1	21	735	755	2.1	39.2
Query_48529	XM_038006891.1	100.000	21	0	0	1	21	712	732	2.1	39.2
Query_48529	XM_038006885.1	100.000	21	0	0	1	21	2471	2451	2.1	39.2
Query_48529	XM_007970741.2	100.000	21	0	0	1	21	2976	2956	2.1	39.2
Query_48529	XM_037732867.1	100.000	21	0	0	1	21	2597	2577	2.1	39.2
Query_48529	XM_017512722.2	100.000	21	0	0	1	21	2978	2958	2.1	39.2
Query_48529	AC280214.1	100.000	21	0	0	1	21	181852	181872	2.1	39.2
Query_48529	XR_004733630.1	100.000	21	0	0	1	21	3628	3608	2.1	39.2
Query_48529	XM_002757794.5	100.000	21	0	0	1	21	3464	3444	2.1	39.2
Query_48529	AC185240.2	100.000	21	0	0	1	21	185345	185365	2.1	39.2
Query_48529	EU794657.1	100.000	21	0	0	1	21	2767	2747	2.1	39.2
Query_48529	BC013135.1	100.000	21	0	0	1	21	2927	2907	2.1	39.2
Query_48529	AC185990.2	100.000	21	0	0	1	21	124080	124100	2.1	39.2
Query_48529	AC183985.2	100.000	21	0	0	1	21	124337	124357	2.1	39.2
Query_48529	AC182490.3	100.000	21	0	0	1	21	101682	101702	2.1	39.2
Query_48529	AC120782.25	100.000	21	0	0	1	21	42783	42763	2.1	39.2
Query_48529	AC145214.1	100.000	21	0	0	1	21	39319	39299	2.1	39.2
Query_48529	AC018804.9	100.000	21	0	0	1	21	27357	27337	2.1	39.2
Query_48529	AC073869.5	100.000	21	0	0	1	21	137691	137671	2.1	39.2
Query_48529	AC018682.4	100.000	21	0	0	1	21	117306	117286	2.1	39.2
Query_48529	AP023162.1	100.000	20	0	0	2	21	69522558	69522577	7.3	37.4
Query_48529	CP050572.1	100.000	20	0	0	2	21	440083	440064	7.3	37.4
Query_48529	CP050625.1	100.000	20	0	0	2	21	437693	437674	7.3	37.4
Query_48529	AP022696.1	100.000	20	0	0	2	21	1508730	1508749	7.3	37.4
Query_48529	LR738421.1	100.000	20	0	0	2	21	20542235	20542254	7.3	37.4
Query_48529	LR738421.1	100.000	20	0	0	2	21	29715734	29715715	7.3	37.4
Query_48529	LR738417.1	100.000	20	0	0	2	21	52431730	52431749	7.3	37.4
Query_48529	LR738416.1	100.000	20	0	0	2	21	21105614	21105595	7.3	37.4
Query_48529	LR738416.1	100.000	20	0	0	2	21	37588702	37588721	7.3	37.4
Query_48529	LR738416.1	100.000	20	0	0	2	21	43744646	43744665	7.3	37.4
Query_48529	LR738416.1	100.000	20	0	0	2	21	54353466	54353447	7.3	37.4
Query_48529	LR738414.1	100.000	20	0	0	2	21	21947472	21947491	7.3	37.4
Query_48529	CP027091.1	100.000	20	0	0	1	20	42824150	42824131	7.3	37.4
Query_48529	LK442397.1	100.000	20	0	0	1	20	1414	1395	7.3	37.4
Query_48529	XM_008038605.1	100.000	20	0	0	2	21	787	806	7.3	37.4
Query_48529	HG994386.1	100.000	20	0	0	2	21	424974	424955	7.3	37.4
Query_48529	FQ976776.3	100.000	20	0	0	2	21	19559	19578	7.3	37.4
Query_48529	AL590426.6	100.000	20	0	0	2	21	30771	30790	7.3	37.4


