# blastn
# Iteration: 0
# Query: 
# RID: 6S555HXS016
# Database: nt
# Fields: query acc.ver, subject acc.ver, % identity, alignment length, mismatches, gap opens, q. start, q. end, s. start, s. end, evalue, bit score
# 100 hits found
Query_54383	XM_008976634.2	100.000	21	0	0	1	21	387	367	2.1	39.2
Query_54383	XM_003823013.3	100.000	21	0	0	1	21	369	349	2.1	39.2
Query_54383	XM_004330803.3	100.000	21	0	0	1	21	239	219	2.1	39.2
Query_54383	XM_019945585.2	100.000	21	0	0	1	21	216	196	2.1	39.2
Query_54383	XM_033843728.1	100.000	21	0	0	1	21	239	219	2.1	39.2
Query_54383	XM_004285388.2	100.000	21	0	0	1	21	789	769	2.1	39.2
Query_54383	XM_033415999.1	100.000	21	0	0	1	21	810	790	2.1	39.2
Query_54383	XM_033415998.1	100.000	21	0	0	1	21	339	319	2.1	39.2
Query_54383	XM_033415997.1	100.000	21	0	0	1	21	311	291	2.1	39.2
Query_54383	XM_033198362.1	100.000	21	0	0	1	21	340	320	2.1	39.2
Query_54383	XM_033198361.1	100.000	21	0	0	1	21	362	342	2.1	39.2
Query_54383	XM_033198360.1	100.000	21	0	0	1	21	362	342	2.1	39.2
Query_54383	XM_033198359.1	100.000	21	0	0	1	21	362	342	2.1	39.2
Query_54383	XM_033198358.1	100.000	21	0	0	1	21	256	236	2.1	39.2
Query_54383	XR_004434096.1	100.000	21	0	0	1	21	362	342	2.1	39.2
Query_54383	XM_033198357.1	100.000	21	0	0	1	21	610	590	2.1	39.2
Query_54383	XM_033198356.1	100.000	21	0	0	1	21	362	342	2.1	39.2
Query_54383	XM_033099474.1	100.000	21	0	0	1	21	389	369	2.1	39.2
Query_54383	XM_033099473.1	100.000	21	0	0	1	21	437	417	2.1	39.2
Query_54383	XM_033099471.1	100.000	21	0	0	1	21	389	369	2.1	39.2
Query_54383	XM_032642215.1	100.000	21	0	0	1	21	324	304	2.1	39.2
Query_54383	XM_032288776.1	100.000	21	0	0	1	21	359	339	2.1	39.2
Query_54383	XM_032136927.1	100.000	21	0	0	1	21	345	325	2.1	39.2
Query_54383	XM_032136926.1	100.000	21	0	0	1	21	341	321	2.1	39.2
Query_54383	XM_023186845.3	100.000	21	0	0	1	21	724	704	2.1	39.2
Query_54383	XR_639001.4	100.000	21	0	0	1	21	385	365	2.1	39.2
Query_54383	XM_009189984.4	100.000	21	0	0	1	21	385	365	2.1	39.2
Query_54383	XM_019037287.2	100.000	21	0	0	1	21	345	325	2.1	39.2
Query_54383	XM_030930251.1	100.000	21	0	0	1	21	346	326	2.1	39.2
Query_54383	XM_010378845.2	100.000	21	0	0	1	21	369	349	2.1	39.2
Query_54383	XM_030930243.1	100.000	21	0	0	1	21	369	349	2.1	39.2
Query_54383	XM_030844424.1	100.000	21	0	0	1	21	791	771	2.1	39.2
Query_54383	XM_030844423.1	100.000	21	0	0	1	21	800	780	2.1	39.2
Query_54383	XM_030844422.1	100.000	21	0	0	1	21	334	314	2.1	39.2
Query_54383	XM_030844421.1	100.000	21	0	0	1	21	313	293	2.1	39.2
Query_54383	XM_012502075.2	100.000	21	0	0	1	21	341	321	2.1	39.2
Query_54383	XM_022562036.2	100.000	21	0	0	1	21	309	289	2.1	39.2
Query_54383	XM_029229371.1	100.000	21	0	0	1	21	316	296	2.1	39.2
Query_54383	XM_015120156.2	100.000	21	0	0	1	21	340	320	2.1	39.2
Query_54383	XM_015120144.2	100.000	21	0	0	1	21	374	354	2.1	39.2
Query_54383	XM_015120123.2	100.000	21	0	0	1	21	374	354	2.1	39.2
Query_54383	XM_007127675.3	100.000	21	0	0	1	21	432	412	2.1	39.2
Query_54383	XM_028488227.1	100.000	21	0	0	1	21	1142	1122	2.1	39.2
Query_54383	XM_024130559.2	100.000	21	0	0	1	21	1160	1140	2.1	39.2
Query_54383	XM_027096039.1	100.000	21	0	0	1	21	311	291	2.1	39.2
Query_54383	XM_027096038.1	100.000	21	0	0	1	21	299	279	2.1	39.2
Query_54383	XM_027096037.1	100.000	21	0	0	1	21	325	305	2.1	39.2
Query_54383	XM_027096036.1	100.000	21	0	0	1	21	311	291	2.1	39.2
Query_54383	XM_026456675.1	100.000	21	0	0	1	21	361	341	2.1	39.2
Query_54383	XM_023186848.2	100.000	21	0	0	1	21	361	341	2.1	39.2
Query_54383	XM_023186846.2	100.000	21	0	0	1	21	361	341	2.1	39.2
Query_54383	XM_023186844.2	100.000	21	0	0	1	21	361	341	2.1	39.2
Query_54383	XM_027565859.1	100.000	21	0	0	1	21	345	325	2.1	39.2
Query_54383	XM_025391108.1	100.000	21	0	0	1	21	345	325	2.1	39.2
Query_54383	XM_025391104.1	100.000	21	0	0	1	21	341	321	2.1	39.2
Query_54383	XM_025285255.1	100.000	21	0	0	1	21	270	250	2.1	39.2
Query_54383	XM_006078456.2	100.000	21	0	0	1	21	368	348	2.1	39.2
Query_54383	NM_014176.4	100.000	21	0	0	1	21	312	292	2.1	39.2
Query_54383	XM_006908298.3	100.000	21	0	0	1	21	387	367	2.1	39.2
Query_54383	XM_015586561.2	100.000	21	0	0	1	21	387	367	2.1	39.2
Query_54383	XM_005217332.4	100.000	21	0	0	1	21	359	339	2.1	39.2
Query_54383	XM_011746666.2	100.000	21	0	0	1	21	340	320	2.1	39.2
Query_54383	XM_011746665.2	100.000	21	0	0	1	21	711	691	2.1	39.2
Query_54383	XM_011746664.2	100.000	21	0	0	1	21	583	563	2.1	39.2
Query_54383	XM_011746662.2	100.000	21	0	0	1	21	365	345	2.1	39.2
Query_54383	XM_024749653.1	100.000	21	0	0	1	21	322	302	2.1	39.2
Query_54383	XM_009440790.2	100.000	21	0	0	1	21	361	341	2.1	39.2
Query_54383	XM_024350983.1	100.000	21	0	0	1	21	681	661	2.1	39.2
Query_54383	XM_514102.6	100.000	21	0	0	1	21	372	352	2.1	39.2
Query_54383	XM_023632659.1	100.000	21	0	0	1	21	361	341	2.1	39.2
Query_54383	XM_023632658.1	100.000	21	0	0	1	21	288	268	2.1	39.2
Query_54383	XM_001494968.4	100.000	21	0	0	1	21	363	343	2.1	39.2
Query_54383	XM_023632657.1	100.000	21	0	0	1	21	362	342	2.1	39.2
Query_54383	XM_011367283.2	100.000	21	0	0	1	21	295	275	2.1	39.2
Query_54383	XM_011367282.2	100.000	21	0	0	1	21	295	275	2.1	39.2
Query_54383	XM_023534795.1	100.000	21	0	0	1	21	295	275	2.1	39.2
Query_54383	XM_023186847.1	100.000	21	0	0	1	21	361	341	2.1	39.2
Query_54383	XM_003893291.3	100.000	21	0	0	1	21	385	365	2.1	39.2
Query_54383	XM_021064545.1	100.000	21	0	0	1	21	484	464	2.1	39.2
Query_54383	XM_039883591.1	100.000	21	0	0	1	21	347	327	2.1	39.2
Query_54383	XM_039883590.1	100.000	21	0	0	1	21	347	327	2.1	39.2
Query_54383	XM_039883589.1	100.000	21	0	0	1	21	406	386	2.1	39.2
Query_54383	XM_039883588.1	100.000	21	0	0	1	21	347	327	2.1	39.2
Query_54383	XM_007988939.2	100.000	21	0	0	1	21	311	291	2.1	39.2
Query_54383	XM_037985742.1	100.000	21	0	0	1	21	661	641	2.1	39.2
Query_54383	XM_007988937.2	100.000	21	0	0	1	21	377	357	2.1	39.2
Query_54383	XM_007988936.2	100.000	21	0	0	1	21	376	356	2.1	39.2
Query_54383	XM_017520112.2	100.000	21	0	0	1	21	332	312	2.1	39.2
Query_54383	XM_037497555.1	100.000	21	0	0	1	21	308	288	2.1	39.2
Query_54383	XM_037497554.1	100.000	21	0	0	1	21	308	288	2.1	39.2
Query_54383	XM_037497553.1	100.000	21	0	0	1	21	433	413	2.1	39.2
Query_54383	XM_037497552.1	100.000	21	0	0	1	21	308	288	2.1	39.2
Query_54383	XM_037015311.1	100.000	21	0	0	1	21	289	269	2.1	39.2
Query_54383	XM_036909551.1	100.000	21	0	0	1	21	289	269	2.1	39.2
Query_54383	XM_036909550.1	100.000	21	0	0	1	21	347	327	2.1	39.2
Query_54383	XM_036277542.1	100.000	21	0	0	1	21	312	292	2.1	39.2
Query_54383	NM_001310326.2	100.000	21	0	0	1	21	316	296	2.1	39.2
Query_54383	XM_035280890.1	100.000	21	0	0	1	21	668	648	2.1	39.2
Query_54383	XM_035280892.1	100.000	21	0	0	1	21	382	362	2.1	39.2
Query_54383	XM_002760652.4	100.000	21	0	0	1	21	359	339	2.1	39.2


