# blastn
# Iteration: 0
# Query: 
# RID: 8YJ6HDX8013
# Database: nt
# Fields: query acc.ver, subject acc.ver, % identity, alignment length, mismatches, gap opens, q. start, q. end, s. start, s. end, evalue, bit score
# 84 hits found
Query_55193	XM_003807100.4	100.000	21	0	0	1	21	311	291	2.1	39.2
Query_55193	XM_034942333.1	100.000	21	0	0	1	21	295	275	2.1	39.2
Query_55193	XM_033224473.1	100.000	21	0	0	1	21	679	659	2.1	39.2
Query_55193	XM_033128210.1	100.000	21	0	0	1	21	520	500	2.1	39.2
Query_55193	XM_032263200.1	100.000	21	0	0	1	21	237	217	2.1	39.2
Query_55193	XM_032171207.1	100.000	21	0	0	1	21	582	562	2.1	39.2
Query_55193	XM_003916130.3	100.000	21	0	0	1	21	686	666	2.1	39.2
Query_55193	XR_176607.3	100.000	21	0	0	1	21	311	291	2.1	39.2
Query_55193	XM_010379192.2	100.000	21	0	0	1	21	676	656	2.1	39.2
Query_55193	XM_030886267.1	100.000	21	0	0	1	21	348	328	2.1	39.2
Query_55193	XM_003277335.4	100.000	21	0	0	1	21	588	568	2.1	39.2
Query_55193	XM_029924787.1	100.000	21	0	0	1	21	335	315	2.1	39.2
Query_55193	XM_008846657.2	100.000	21	0	0	1	21	303	283	2.1	39.2
Query_55193	AC279090.1	100.000	21	0	0	1	21	113514	113534	2.1	39.2
Query_55193	NM_014501.3	100.000	21	0	0	1	21	316	296	2.1	39.2
Query_55193	XM_004015419.4	100.000	21	0	0	1	21	539	519	2.1	39.2
Query_55193	XM_006150358.3	100.000	21	0	0	1	21	127	107	2.1	39.2
Query_55193	CP034522.1	100.000	21	0	0	1	21	55858217	55858237	2.1	39.2
Query_55193	CP034497.1	100.000	21	0	0	1	21	55858217	55858237	2.1	39.2
Query_55193	CP034495.1	100.000	21	0	0	1	21	15608098	15608118	2.1	39.2
Query_55193	XM_025369037.1	100.000	21	0	0	1	21	685	665	2.1	39.2
Query_55193	XM_006064025.2	100.000	21	0	0	1	21	537	517	2.1	39.2
Query_55193	AC277988.1	100.000	21	0	0	1	21	97008	96988	2.1	39.2
Query_55193	XM_011752020.2	100.000	21	0	0	1	21	679	659	2.1	39.2
Query_55193	XM_011526752.2	100.000	21	0	0	1	21	967	947	2.1	39.2
Query_55193	XM_016936881.2	100.000	21	0	0	1	21	1859	1839	2.1	39.2
Query_55193	XM_016936880.2	100.000	21	0	0	1	21	379	359	2.1	39.2
Query_55193	XR_677486.3	100.000	21	0	0	1	21	571	551	2.1	39.2
Query_55193	XR_002942167.1	100.000	21	0	0	1	21	254	234	2.1	39.2
Query_55193	XM_024236634.1	100.000	21	0	0	1	21	581	561	2.1	39.2
Query_55193	XM_004647677.3	100.000	21	0	0	1	21	638	618	2.1	39.2
Query_55193	XM_023184255.1	100.000	21	0	0	1	21	697	677	2.1	39.2
Query_55193	XM_021673446.1	100.000	21	0	0	1	21	483	463	2.1	39.2
Query_55193	XM_012465289.2	100.000	21	0	0	1	21	257	237	2.1	39.2
Query_55193	XM_020889584.1	100.000	21	0	0	1	21	353	333	2.1	39.2
Query_55193	LT741140.1	100.000	21	0	0	1	21	604	584	2.1	39.2
Query_55193	LT736020.1	100.000	21	0	0	1	21	604	584	2.1	39.2
Query_55193	XM_018063069.1	100.000	21	0	0	1	21	640	620	2.1	39.2
Query_55193	XM_005590403.2	100.000	21	0	0	1	21	680	660	2.1	39.2
Query_55193	XM_015249551.1	100.000	21	0	0	1	21	164	144	2.1	39.2
Query_55193	XM_014481573.1	100.000	21	0	0	1	21	247	227	2.1	39.2
Query_55193	CP011899.1	100.000	21	0	0	1	21	59435609	59435589	2.1	39.2
Query_55193	XM_012643186.1	100.000	21	0	0	1	21	464	444	2.1	39.2
Query_55193	XM_012053615.1	100.000	21	0	0	1	21	677	657	2.1	39.2
Query_55193	XM_011932455.1	100.000	21	0	0	1	21	678	658	2.1	39.2
Query_55193	XM_011932454.1	100.000	21	0	0	1	21	684	664	2.1	39.2
Query_55193	XM_011997020.1	100.000	21	0	0	1	21	162	142	2.1	39.2
Query_55193	XM_010848629.1	100.000	21	0	0	1	21	313	293	2.1	39.2
Query_55193	XM_008591281.1	100.000	21	0	0	1	21	485	465	2.1	39.2
Query_55193	KJ906125.1	100.000	21	0	0	1	21	182	162	2.1	39.2
Query_55193	KJ898691.1	100.000	21	0	0	1	21	182	162	2.1	39.2
Query_55193	KJ898690.1	100.000	21	0	0	1	21	182	162	2.1	39.2
Query_55193	XM_007957274.1	100.000	21	0	0	1	21	483	463	2.1	39.2
Query_55193	XM_006868097.1	100.000	21	0	0	1	21	285	265	2.1	39.2
Query_55193	AC254826.1	100.000	21	0	0	1	21	132407	132387	2.1	39.2
Query_55193	XM_005892891.1	100.000	21	0	0	1	21	339	319	2.1	39.2
Query_55193	XM_040251931.1	100.000	21	0	0	1	21	3463	3443	2.1	39.2
Query_55193	XM_004439083.1	100.000	21	0	0	1	21	488	468	2.1	39.2
Query_55193	XM_003944678.3	100.000	21	0	0	1	21	679	659	2.1	39.2
Query_55193	NM_001266004.2	100.000	21	0	0	1	21	436	416	2.1	39.2
Query_55193	CP068261.1	100.000	21	0	0	1	21	15611314	15611334	2.1	39.2
Query_55193	CP068259.1	100.000	21	0	0	1	21	58502299	58502319	2.1	39.2
Query_55193	XM_007998158.2	100.000	21	0	0	1	21	682	662	2.1	39.2
Query_55193	XM_017546575.2	100.000	21	0	0	1	21	675	655	2.1	39.2
Query_55193	AP023479.1	100.000	21	0	0	1	21	55884641	55884661	2.1	39.2
Query_55193	AP023477.1	100.000	21	0	0	1	21	15791060	15791080	2.1	39.2
Query_55193	XM_002762502.3	100.000	21	0	0	1	21	681	661	2.1	39.2
Query_55193	HQ448521.1	100.000	21	0	0	1	21	167	147	2.1	39.2
Query_55193	NG_001583.3	100.000	21	0	0	1	21	410	390	2.1	39.2
Query_55193	CU688218.1	100.000	21	0	0	1	21	133	113	2.1	39.2
Query_55193	CU675699.1	100.000	21	0	0	1	21	133	113	2.1	39.2
Query_55193	BC014622.1	100.000	21	0	0	1	21	306	286	2.1	39.2
Query_55193	AC183294.3	100.000	21	0	0	1	21	3263	3243	2.1	39.2
Query_55193	BC066948.1	100.000	21	0	0	1	21	141	121	2.1	39.2
Query_55193	BC065364.1	100.000	21	0	0	1	21	305	285	2.1	39.2
Query_55193	BC004236.2	100.000	21	0	0	1	21	295	275	2.1	39.2
Query_55193	AC018989.15	100.000	21	0	0	1	21	150581	150601	2.1	39.2
Query_55193	AC020922.9	100.000	21	0	0	1	21	115132	115152	2.1	39.2
Query_55193	DQ120720.1	100.000	21	0	0	1	21	117	97	2.1	39.2
Query_55193	DQ120719.1	100.000	21	0	0	1	21	117	97	2.1	39.2
Query_55193	DQ120718.1	100.000	21	0	0	1	21	117	97	2.1	39.2
Query_55193	AB062397.1	100.000	21	0	0	1	21	295	275	2.1	39.2
Query_55193	AC005324.1	100.000	21	0	0	1	21	60241	60221	2.1	39.2
Query_55193	M91670.1	100.000	21	0	0	1	21	176	156	2.1	39.2


