# blastn
# Iteration: 0
# Query: 
# RID: 741NPPKV016
# Database: nt
# Fields: query acc.ver, subject acc.ver, % identity, alignment length, mismatches, gap opens, q. start, q. end, s. start, s. end, evalue, bit score
# 35 hits found
Query_47933	XM_003826436.5	100.000	21	0	0	1	21	1589	1569	2.1	39.2
Query_47933	XM_033860719.1	100.000	21	0	0	1	21	2746	2726	2.1	39.2
Query_47933	XM_004264119.3	100.000	21	0	0	1	21	2665	2645	2.1	39.2
Query_47933	XR_004248146.1	100.000	21	0	0	1	21	881	861	2.1	39.2
Query_47933	XM_032152902.1	100.000	21	0	0	1	21	1008	988	2.1	39.2
Query_47933	XM_004051152.3	100.000	21	0	0	1	21	1008	988	2.1	39.2
Query_47933	XM_030864399.1	100.000	21	0	0	1	21	2748	2728	2.1	39.2
Query_47933	XR_004029584.1	100.000	21	0	0	1	21	883	863	2.1	39.2
Query_47933	XM_030810123.1	100.000	21	0	0	1	21	1008	988	2.1	39.2
Query_47933	XM_029208585.1	100.000	21	0	0	1	21	808	788	2.1	39.2
Query_47933	NM_002559.5	100.000	21	0	0	1	21	1006	986	2.1	39.2
Query_47933	XM_027114691.1	100.000	21	0	0	1	21	2615	2595	2.1	39.2
Query_47933	XM_024749217.1	100.000	21	0	0	1	21	807	787	2.1	39.2
Query_47933	XM_016920882.2	100.000	21	0	0	1	21	1076	1056	2.1	39.2
Query_47933	XM_001136930.4	100.000	21	0	0	1	21	1059	1039	2.1	39.2
Query_47933	XM_022591980.1	100.000	21	0	0	1	21	845	825	2.1	39.2
Query_47933	XM_011545072.2	100.000	21	0	0	1	21	1784	1764	2.1	39.2
Query_47933	XR_949950.2	100.000	21	0	0	1	21	1530	1510	2.1	39.2
Query_47933	XM_011545071.2	100.000	21	0	0	1	21	1520	1500	2.1	39.2
Query_47933	XM_011545070.2	100.000	21	0	0	1	21	958	938	2.1	39.2
Query_47933	XM_011545069.2	100.000	21	0	0	1	21	1652	1632	2.1	39.2
Query_47933	XM_005885097.2	100.000	21	0	0	1	21	1001	981	2.1	39.2
Query_47933	XM_011545073.1	100.000	21	0	0	1	21	508	488	2.1	39.2
Query_47933	XM_007455714.1	100.000	21	0	0	1	21	994	974	2.1	39.2
Query_47933	XM_007196450.1	100.000	21	0	0	1	21	807	787	2.1	39.2
Query_47933	XM_036861777.1	100.000	21	0	0	1	21	807	787	2.1	39.2
Query_47933	BC109287.2	100.000	21	0	0	1	21	841	821	2.1	39.2
Query_47933	BC074793.2	100.000	21	0	0	1	21	838	818	2.1	39.2
Query_47933	BC074792.2	100.000	21	0	0	1	21	838	818	2.1	39.2
Query_47933	BC069162.1	100.000	21	0	0	1	21	883	863	2.1	39.2
Query_47933	AP000781.6	100.000	21	0	0	1	21	106180	106160	2.1	39.2
Query_47933	AB016608.1	100.000	21	0	0	1	21	807	787	2.1	39.2
Query_47933	Y07683.1	100.000	21	0	0	1	21	972	952	2.1	39.2
Query_47933	XR_005530627.1	100.000	20	0	0	2	21	999	980	7.3	37.4
Query_47933	XM_039245053.1	100.000	20	0	0	2	21	999	980	7.3	37.4


