# blastn
# Iteration: 0
# Query: 
# RID: 6M960BYR016
# Database: nt
# Fields: query acc.ver, subject acc.ver, % identity, alignment length, mismatches, gap opens, q. start, q. end, s. start, s. end, evalue, bit score
# 70 hits found
Query_28297	XM_034944208.1	100.000	21	0	0	1	21	695	675	2.0	39.2
Query_28297	XM_034944207.1	100.000	21	0	0	1	21	708	688	2.0	39.2
Query_28297	XM_034944206.1	100.000	21	0	0	1	21	541	521	2.0	39.2
Query_28297	XM_033199911.1	100.000	21	0	0	1	21	707	687	2.0	39.2
Query_28297	XM_032782724.1	100.000	21	0	0	1	21	599	579	2.0	39.2
Query_28297	XM_032147985.1	100.000	21	0	0	1	21	639	619	2.0	39.2
Query_28297	XR_004249906.1	100.000	21	0	0	1	21	789	769	2.0	39.2
Query_28297	XM_003213229.4	100.000	21	0	0	1	21	634	614	2.0	39.2
Query_28297	XM_019016478.2	100.000	21	0	0	1	21	695	675	2.0	39.2
Query_28297	XM_010387762.2	100.000	21	0	0	1	21	698	678	2.0	39.2
Query_28297	XM_030798515.1	100.000	21	0	0	1	21	726	706	2.0	39.2
Query_28297	XM_030540110.1	100.000	21	0	0	1	21	609	589	2.0	39.2
Query_28297	XM_024221937.3	100.000	21	0	0	1	21	591	571	2.0	39.2
Query_28297	NM_004359.2	100.000	21	0	0	1	21	658	638	2.0	39.2
Query_28297	XM_026457267.1	100.000	21	0	0	1	21	580	560	2.0	39.2
Query_28297	CP034522.1	100.000	21	0	0	1	21	477136	477116	2.0	39.2
Query_28297	CP034497.1	100.000	21	0	0	1	21	477136	477116	2.0	39.2
Query_28297	XM_006126998.3	100.000	21	0	0	1	21	373	353	2.0	39.2
Query_28297	XM_423237.6	100.000	21	0	0	1	21	632	612	2.0	39.2
Query_28297	XM_009434229.3	100.000	21	0	0	1	21	699	679	2.0	39.2
Query_28297	XM_009252509.2	100.000	21	0	0	1	21	698	678	2.0	39.2
Query_28297	XM_021378482.1	100.000	21	0	0	1	21	647	627	2.0	39.2
Query_28297	XM_021378481.1	100.000	21	0	0	1	21	922	902	2.0	39.2
Query_28297	LT744874.1	100.000	21	0	0	1	21	973	953	2.0	39.2
Query_28297	XM_017875368.1	100.000	21	0	0	1	21	725	705	2.0	39.2
Query_28297	XM_005259690.3	100.000	21	0	0	1	21	698	678	2.0	39.2
Query_28297	XM_011963969.1	100.000	21	0	0	1	21	496	476	2.0	39.2
Query_28297	XM_006722952.2	100.000	21	0	0	1	21	698	678	2.0	39.2
Query_28297	KJ890880.1	100.000	21	0	0	1	21	551	531	2.0	39.2
Query_28297	HG999707.1	100.000	21	0	0	1	21	2691690	2691670	2.0	39.2
Query_28297	XM_039515951.1	100.000	21	0	0	1	21	676	656	2.0	39.2
Query_28297	CP068259.1	100.000	21	0	0	1	21	490715	490695	2.0	39.2
Query_28297	XM_038384156.1	100.000	21	0	0	1	21	621	601	2.0	39.2
Query_28297	XM_038384155.1	100.000	21	0	0	1	21	623	603	2.0	39.2
Query_28297	XM_037885863.1	100.000	21	0	0	1	21	626	606	2.0	39.2
Query_28297	XM_037823790.1	100.000	21	0	0	1	21	1311	1291	2.0	39.2
Query_28297	AP023479.1	100.000	21	0	0	1	21	298736	298716	2.0	39.2
Query_28297	AP023479.1	100.000	21	0	0	1	21	375164	375144	2.0	39.2
Query_28297	AB590273.1	100.000	21	0	0	1	21	495	475	2.0	39.2
Query_28297	CU676209.1	100.000	21	0	0	1	21	241	261	2.0	39.2
Query_28297	AK291554.1	100.000	21	0	0	1	21	687	667	2.0	39.2
Query_28297	DQ893910.2	100.000	21	0	0	1	21	508	488	2.0	39.2
Query_28297	DQ890738.2	100.000	21	0	0	1	21	508	488	2.0	39.2
Query_28297	AY650399.1	100.000	21	0	0	1	21	7405	7385	2.0	39.2
Query_28297	BC023979.1	100.000	21	0	0	1	21	662	642	2.0	39.2
Query_28297	BT008039.1	100.000	21	0	0	1	21	486	466	2.0	39.2
Query_28297	BT006659.1	100.000	21	0	0	1	21	486	466	2.0	39.2
Query_28297	AC011556.9	100.000	21	0	0	1	21	5618	5598	2.0	39.2
Query_28297	AC011531.7	100.000	21	0	0	1	21	26625	26605	2.0	39.2
Query_28297	BC018143.2	100.000	21	0	0	1	21	688	668	2.0	39.2
Query_28297	BC009850.2	100.000	21	0	0	1	21	685	665	2.0	39.2
Query_28297	L22005.1	100.000	21	0	0	1	21	672	652	2.0	39.2
Query_28297	XM_034755475.1	100.000	20	0	0	2	21	342	323	7.1	37.4
Query_28297	XM_032272049.1	100.000	20	0	0	2	21	692	673	7.1	37.4
Query_28297	XM_010173656.2	100.000	20	0	0	2	21	329	310	7.1	37.4
Query_28297	XM_026108280.1	100.000	20	0	0	2	21	498	479	7.1	37.4
Query_28297	XM_026082287.1	100.000	20	0	0	2	21	479	460	7.1	37.4
Query_28297	XM_026082286.1	100.000	20	0	0	2	21	509	490	7.1	37.4
Query_28297	XM_026038830.1	100.000	20	0	0	2	21	485	466	7.1	37.4
Query_28297	XM_005281062.3	100.000	20	0	0	2	21	622	603	7.1	37.4
Query_28297	XM_013944973.1	100.000	20	0	0	2	21	308	289	7.1	37.4
Query_28297	LK066791.1	100.000	20	0	0	2	21	180200	180219	7.1	37.4
Query_28297	XM_012436401.1	100.000	20	0	0	2	21	503	484	7.1	37.4
Query_28297	XM_010563135.1	100.000	20	0	0	2	21	582	563	7.1	37.4
Query_28297	XM_010223845.1	100.000	20	0	0	2	21	404	385	7.1	37.4
Query_28297	XM_009930196.1	100.000	20	0	0	2	21	451	432	7.1	37.4
Query_28297	XM_009680397.1	100.000	20	0	0	2	21	3652	3633	7.1	37.4
Query_28297	XM_003944905.3	100.000	20	0	0	2	21	693	674	7.1	37.4
Query_28297	XM_017520140.2	100.000	20	0	0	2	21	695	676	7.1	37.4
Query_28297	XM_035285863.1	100.000	20	0	0	2	21	681	662	7.1	37.4


