# blastn
# Iteration: 0
# Query: 
# RID: 7PMTER9P016
# Database: nt
# Fields: query acc.ver, subject acc.ver, % identity, alignment length, mismatches, gap opens, q. start, q. end, s. start, s. end, evalue, bit score
# 104 hits found
Query_55667	LR812122.1	100.000	21	0	0	1	21	5582511	5582491	2.1	39.2
Query_55667	XM_034997428.1	100.000	21	0	0	1	21	303	283	2.1	39.2
Query_55667	XM_034989199.1	100.000	21	0	0	1	21	187	167	2.1	39.2
Query_55667	XM_034989198.1	100.000	21	0	0	1	21	299	279	2.1	39.2
Query_55667	XM_035022127.1	100.000	21	0	0	1	21	335	315	2.1	39.2
Query_55667	XM_035013900.1	100.000	21	0	0	1	21	272	252	2.1	39.2
Query_55667	XM_034948809.1	100.000	21	0	0	1	21	368	348	2.1	39.2
Query_55667	XM_034948808.1	100.000	21	0	0	1	21	893	873	2.1	39.2
Query_55667	XM_003807746.2	100.000	21	0	0	1	21	389	369	2.1	39.2
Query_55667	XM_034937214.1	100.000	21	0	0	1	21	314	294	2.1	39.2
Query_55667	XM_034936518.1	100.000	21	0	0	1	21	1455	1435	2.1	39.2
Query_55667	XM_034936517.1	100.000	21	0	0	1	21	1268	1248	2.1	39.2
Query_55667	XM_002926289.4	100.000	21	0	0	1	21	484	464	2.1	39.2
Query_55667	CP050604.1	100.000	21	0	0	1	21	21519711	21519731	2.1	39.2
Query_55667	CP050600.1	100.000	21	0	0	1	21	38075639	38075659	2.1	39.2
Query_55667	CP050590.1	100.000	21	0	0	1	21	1561430	1561410	2.1	39.2
Query_55667	CP050590.1	100.000	21	0	0	1	21	32378107	32378087	2.1	39.2
Query_55667	CP050570.1	100.000	21	0	0	1	21	30018563	30018543	2.1	39.2
Query_55667	CP050644.1	100.000	21	0	0	1	21	21516533	21516553	2.1	39.2
Query_55667	CP050632.1	100.000	21	0	0	1	21	1588497	1588477	2.1	39.2
Query_55667	CP050632.1	100.000	21	0	0	1	21	32392260	32392240	2.1	39.2
Query_55667	CP050630.1	100.000	21	0	0	1	21	38048891	38048911	2.1	39.2
Query_55667	CP050610.1	100.000	21	0	0	1	21	30016474	30016454	2.1	39.2
Query_55667	XM_033234103.1	100.000	21	0	0	1	21	373	353	2.1	39.2
Query_55667	XM_033234102.1	100.000	21	0	0	1	21	469	449	2.1	39.2
Query_55667	XM_033236163.1	100.000	21	0	0	1	21	312	292	2.1	39.2
Query_55667	XM_033097695.1	100.000	21	0	0	1	21	371	351	2.1	39.2
Query_55667	XM_033093560.1	100.000	21	0	0	1	21	304	284	2.1	39.2
Query_55667	XM_033110726.1	100.000	21	0	0	1	21	283	263	2.1	39.2
Query_55667	XM_033121103.1	100.000	21	0	0	1	21	186	166	2.1	39.2
Query_55667	XM_032875974.1	100.000	21	0	0	1	21	190	170	2.1	39.2
Query_55667	XM_032875973.1	100.000	21	0	0	1	21	324	304	2.1	39.2
Query_55667	XM_032873610.1	100.000	21	0	0	1	21	285	265	2.1	39.2
Query_55667	XM_032397584.1	100.000	21	0	0	1	21	215	195	2.1	39.2
Query_55667	XM_032397583.1	100.000	21	0	0	1	21	344	324	2.1	39.2
Query_55667	XM_032305736.1	100.000	21	0	0	1	21	278	258	2.1	39.2
Query_55667	XM_032309817.1	100.000	21	0	0	1	21	190	170	2.1	39.2
Query_55667	XM_032309816.1	100.000	21	0	0	1	21	351	331	2.1	39.2
Query_55667	XM_032294409.1	100.000	21	0	0	1	21	490	470	2.1	39.2
Query_55667	XM_032138715.1	100.000	21	0	0	1	21	463	443	2.1	39.2
Query_55667	XM_032171530.1	100.000	21	0	0	1	21	175	155	2.1	39.2
Query_55667	XM_032171529.1	100.000	21	0	0	1	21	278	258	2.1	39.2
Query_55667	XM_032150546.1	100.000	21	0	0	1	21	506	486	2.1	39.2
Query_55667	LR738415.1	100.000	21	0	0	1	21	64719453	64719473	2.1	39.2
Query_55667	LR738415.1	100.000	21	0	0	1	21	66905272	66905252	2.1	39.2
Query_55667	LR738414.1	100.000	21	0	0	1	21	65300699	65300679	2.1	39.2
Query_55667	XM_023188654.2	100.000	21	0	0	1	21	511	491	2.1	39.2
Query_55667	XR_642016.3	100.000	21	0	0	1	21	308	288	2.1	39.2
Query_55667	HG994409.1	100.000	21	0	0	1	21	16024121	16024101	2.1	39.2
Query_55667	HG994406.1	100.000	21	0	0	1	21	2026811	2026791	2.1	39.2
Query_55667	HG994406.1	100.000	21	0	0	1	21	33172716	33172696	2.1	39.2
Query_55667	HG994397.1	100.000	21	0	0	1	21	44833112	44833092	2.1	39.2
Query_55667	HG994391.1	100.000	21	0	0	1	21	39789753	39789773	2.1	39.2
Query_55667	XM_039868429.1	100.000	21	0	0	1	21	377	357	2.1	39.2
Query_55667	XM_039868428.1	100.000	21	0	0	1	21	334	314	2.1	39.2
Query_55667	CP068256.1	100.000	21	0	0	1	21	22053251	22053231	2.1	39.2
Query_55667	XM_038437623.1	100.000	21	0	0	1	21	213	193	2.1	39.2
Query_55667	XM_038437622.1	100.000	21	0	0	1	21	313	293	2.1	39.2
Query_55667	XM_038431679.1	100.000	21	0	0	1	21	254	234	2.1	39.2
Query_55667	XM_005636619.4	100.000	21	0	0	1	21	213	193	2.1	39.2
Query_55667	XM_534767.7	100.000	21	0	0	1	21	313	293	2.1	39.2
Query_55667	XM_038457404.1	100.000	21	0	0	1	21	254	234	2.1	39.2
Query_55667	XM_038346230.1	100.000	21	0	0	1	21	315	295	2.1	39.2
Query_55667	XM_007974919.2	100.000	21	0	0	1	21	464	444	2.1	39.2
Query_55667	XM_037986854.1	100.000	21	0	0	1	21	496	476	2.1	39.2
Query_55667	XM_037741679.1	100.000	21	0	0	1	21	479	459	2.1	39.2
Query_55667	XM_037135932.1	100.000	21	0	0	1	21	271	251	2.1	39.2
Query_55667	XM_037131470.1	100.000	21	0	0	1	21	348	328	2.1	39.2
Query_55667	XM_037153409.1	100.000	21	0	0	1	21	271	251	2.1	39.2
Query_55667	XM_037067302.1	100.000	21	0	0	1	21	190	170	2.1	39.2
Query_55667	XM_037067301.1	100.000	21	0	0	1	21	348	328	2.1	39.2
Query_55667	XM_036449778.1	100.000	21	0	0	1	21	251	231	2.1	39.2
Query_55667	XM_036449777.1	100.000	21	0	0	1	21	385	365	2.1	39.2
Query_55667	XM_036449776.1	100.000	21	0	0	1	21	390	370	2.1	39.2
Query_55667	XM_036449775.1	100.000	21	0	0	1	21	451	431	2.1	39.2
Query_55667	XM_036353530.1	100.000	21	0	0	1	21	389	369	2.1	39.2
Query_55667	XM_036353529.1	100.000	21	0	0	1	21	190	170	2.1	39.2
Query_55667	XM_036353528.1	100.000	21	0	0	1	21	369	349	2.1	39.2
Query_55667	XM_036353527.1	100.000	21	0	0	1	21	1029	1009	2.1	39.2
Query_55667	XM_036276571.1	100.000	21	0	0	1	21	441	421	2.1	39.2
Query_55667	XM_036276570.1	100.000	21	0	0	1	21	465	445	2.1	39.2
Query_55667	XM_036276569.1	100.000	21	0	0	1	21	291	271	2.1	39.2
Query_55667	XM_016120176.2	100.000	21	0	0	1	21	374	354	2.1	39.2
Query_55667	XM_016120175.2	100.000	21	0	0	1	21	339	319	2.1	39.2
Query_55667	AP023482.1	100.000	21	0	0	1	21	17277773	17277753	2.1	39.2
Query_55667	XM_028505042.2	100.000	21	0	0	1	21	295	275	2.1	39.2
Query_55667	LR877228.1	100.000	21	0	0	1	21	28003528	28003548	2.1	39.2
Query_55667	NM_001256356.2	100.000	21	0	0	1	21	206	186	2.1	39.2
Query_55667	XM_025474928.2	100.000	21	0	0	1	21	213	193	2.1	39.2
Query_55667	XM_035706285.1	100.000	21	0	0	1	21	263	243	2.1	39.2
Query_55667	XM_035706284.1	100.000	21	0	0	1	21	263	243	2.1	39.2
Query_55667	XM_025474927.2	100.000	21	0	0	1	21	315	295	2.1	39.2
Query_55667	XM_035705315.1	100.000	21	0	0	1	21	286	266	2.1	39.2
Query_55667	XM_035727311.1	100.000	21	0	0	1	21	271	251	2.1	39.2
Query_55667	XM_027599946.2	100.000	21	0	0	1	21	175	155	2.1	39.2
Query_55667	XM_027599945.2	100.000	21	0	0	1	21	271	251	2.1	39.2
Query_55667	XM_027577636.2	100.000	21	0	0	1	21	175	155	2.1	39.2
Query_55667	XM_027577635.2	100.000	21	0	0	1	21	271	251	2.1	39.2
Query_55667	XM_027577314.2	100.000	21	0	0	1	21	291	271	2.1	39.2
Query_55667	XM_027576173.2	100.000	21	0	0	1	21	306	286	2.1	39.2
Query_55667	XM_027576172.2	100.000	21	0	0	1	21	378	358	2.1	39.2
Query_55667	XM_027576155.2	100.000	21	0	0	1	21	175	155	2.1	39.2
Query_55667	LR862375.1	100.000	21	0	0	1	21	8118296	8118316	2.1	39.2
Query_55667	LR862365.1	100.000	21	0	0	1	21	58467383	58467403	2.1	39.2


