# blastn
# Iteration: 0
# Query: 
# RID: 8YE7PE2Y01N
# Database: nt
# Fields: query acc.ver, subject acc.ver, % identity, alignment length, mismatches, gap opens, q. start, q. end, s. start, s. end, evalue, bit score
# 100 hits found
Query_74043	XM_034962171.1	100.000	21	0	0	1	21	2048	2028	2.1	39.2
Query_74043	XM_008958732.2	100.000	21	0	0	1	21	2250	2230	2.1	39.2
Query_74043	XM_003833230.2	100.000	21	0	0	1	21	2221	2201	2.1	39.2
Query_74043	XM_034521250.1	100.000	21	0	0	1	21	2163	2143	2.1	39.2
Query_74043	XM_034521249.1	100.000	21	0	0	1	21	2173	2153	2.1	39.2
Query_74043	XM_034521248.1	100.000	21	0	0	1	21	2201	2181	2.1	39.2
Query_74043	XM_010617711.3	100.000	21	0	0	1	21	2063	2043	2.1	39.2
Query_74043	XM_019206578.2	100.000	21	0	0	1	21	2102	2082	2.1	39.2
Query_74043	XM_032463165.1	100.000	21	0	0	1	21	2184	2164	2.1	39.2
Query_74043	XM_032463164.1	100.000	21	0	0	1	21	2338	2318	2.1	39.2
Query_74043	XM_032463163.1	100.000	21	0	0	1	21	2223	2203	2.1	39.2
Query_74043	XM_032141775.1	100.000	21	0	0	1	21	2161	2141	2.1	39.2
Query_74043	XM_032141774.1	100.000	21	0	0	1	21	2288	2268	2.1	39.2
Query_74043	XM_032141773.1	100.000	21	0	0	1	21	2206	2186	2.1	39.2
Query_74043	XM_015237396.2	100.000	21	0	0	1	21	2149	2129	2.1	39.2
Query_74043	XM_015237394.2	100.000	21	0	0	1	21	2188	2168	2.1	39.2
Query_74043	XM_010979536.2	100.000	21	0	0	1	21	2189	2169	2.1	39.2
Query_74043	XM_010979533.2	100.000	21	0	0	1	21	2228	2208	2.1	39.2
Query_74043	XM_019029654.2	100.000	21	0	0	1	21	2310	2290	2.1	39.2
Query_74043	XM_031012164.1	100.000	21	0	0	1	21	2140	2120	2.1	39.2
Query_74043	XM_031012163.1	100.000	21	0	0	1	21	2283	2263	2.1	39.2
Query_74043	XM_019029653.2	100.000	21	0	0	1	21	2349	2329	2.1	39.2
Query_74043	XM_031012162.1	100.000	21	0	0	1	21	2206	2186	2.1	39.2
Query_74043	XM_030795985.1	100.000	21	0	0	1	21	2161	2141	2.1	39.2
Query_74043	XM_030795984.1	100.000	21	0	0	1	21	2252	2232	2.1	39.2
Query_74043	XM_030795983.1	100.000	21	0	0	1	21	2288	2268	2.1	39.2
Query_74043	XM_030795982.1	100.000	21	0	0	1	21	2206	2186	2.1	39.2
Query_74043	NM_018426.3	100.000	21	0	0	1	21	2212	2192	2.1	39.2
Query_74043	XM_028127976.1	100.000	21	0	0	1	21	2190	2170	2.1	39.2
Query_74043	XM_028127975.1	100.000	21	0	0	1	21	2388	2368	2.1	39.2
Query_74043	XM_008153237.2	100.000	21	0	0	1	21	2229	2209	2.1	39.2
Query_74043	XM_028097720.1	100.000	21	0	0	1	21	2104	2084	2.1	39.2
Query_74043	XM_028097719.1	100.000	21	0	0	1	21	2231	2211	2.1	39.2
Query_74043	XM_028097718.1	100.000	21	0	0	1	21	2146	2126	2.1	39.2
Query_74043	XM_025890479.1	100.000	21	0	0	1	21	2104	2084	2.1	39.2
Query_74043	XM_025890478.1	100.000	21	0	0	1	21	2228	2208	2.1	39.2
Query_74043	XM_025890477.1	100.000	21	0	0	1	21	2146	2126	2.1	39.2
Query_74043	XR_002956352.1	100.000	21	0	0	1	21	219	239	2.1	39.2
Query_74043	XR_002956351.1	100.000	21	0	0	1	21	267	287	2.1	39.2
Query_74043	XR_001744133.2	100.000	21	0	0	1	21	268	288	2.1	39.2
Query_74043	XR_002956350.1	100.000	21	0	0	1	21	456	476	2.1	39.2
Query_74043	XR_002956349.1	100.000	21	0	0	1	21	396	416	2.1	39.2
Query_74043	XM_024446482.1	100.000	21	0	0	1	21	2480	2460	2.1	39.2
Query_74043	XM_009451354.3	100.000	21	0	0	1	21	2284	2264	2.1	39.2
Query_74043	XM_016955600.2	100.000	21	0	0	1	21	2253	2233	2.1	39.2
Query_74043	XM_016955605.2	100.000	21	0	0	1	21	2433	2413	2.1	39.2
Query_74043	XM_024357229.1	100.000	21	0	0	1	21	2150	2130	2.1	39.2
Query_74043	XM_016955604.2	100.000	21	0	0	1	21	2263	2243	2.1	39.2
Query_74043	XM_016955603.2	100.000	21	0	0	1	21	2473	2453	2.1	39.2
Query_74043	XM_016955602.2	100.000	21	0	0	1	21	2206	2186	2.1	39.2
Query_74043	XM_016955601.2	100.000	21	0	0	1	21	2542	2522	2.1	39.2
Query_74043	XM_024248597.1	100.000	21	0	0	1	21	2280	2260	2.1	39.2
Query_74043	XM_024248596.1	100.000	21	0	0	1	21	2121	2101	2.1	39.2
Query_74043	XM_024248595.1	100.000	21	0	0	1	21	2283	2263	2.1	39.2
Query_74043	XM_024248594.1	100.000	21	0	0	1	21	2564	2544	2.1	39.2
Query_74043	XM_024248593.1	100.000	21	0	0	1	21	2204	2184	2.1	39.2
Query_74043	XM_004379506.2	100.000	21	0	0	1	21	2157	2137	2.1	39.2
Query_74043	XM_023719527.1	100.000	21	0	0	1	21	2212	2192	2.1	39.2
Query_74043	XM_023719525.1	100.000	21	0	0	1	21	2172	2152	2.1	39.2
Query_74043	XM_023719524.1	100.000	21	0	0	1	21	2349	2329	2.1	39.2
Query_74043	XM_023719518.1	100.000	21	0	0	1	21	2186	2166	2.1	39.2
Query_74043	XM_023719513.1	100.000	21	0	0	1	21	2186	2166	2.1	39.2
Query_74043	XM_023719511.1	100.000	21	0	0	1	21	2370	2350	2.1	39.2
Query_74043	XM_023719508.1	100.000	21	0	0	1	21	2251	2231	2.1	39.2
Query_74043	XM_013156830.2	100.000	21	0	0	1	21	2243	2223	2.1	39.2
Query_74043	XM_003473836.4	100.000	21	0	0	1	21	2282	2262	2.1	39.2
Query_74043	XM_012448751.2	100.000	21	0	0	1	21	2095	2075	2.1	39.2
Query_74043	XM_021676053.1	100.000	21	0	0	1	21	2232	2212	2.1	39.2
Query_74043	XM_004846468.3	100.000	21	0	0	1	21	2279	2259	2.1	39.2
Query_74043	XM_004846467.3	100.000	21	0	0	1	21	2318	2298	2.1	39.2
Query_74043	XM_004846466.3	100.000	21	0	0	1	21	2170	2150	2.1	39.2
Query_74043	XM_021259746.1	100.000	21	0	0	1	21	2318	2298	2.1	39.2
Query_74043	XM_021098787.1	100.000	21	0	0	1	21	2330	2310	2.1	39.2
Query_74043	XM_021098786.1	100.000	21	0	0	1	21	2258	2238	2.1	39.2
Query_74043	XM_013977979.2	100.000	21	0	0	1	21	2369	2349	2.1	39.2
Query_74043	XM_040983458.1	100.000	21	0	0	1	21	2205	2185	2.1	39.2
Query_74043	XM_037142609.1	100.000	21	0	0	1	21	2168	2148	2.1	39.2
Query_74043	XM_037142608.1	100.000	21	0	0	1	21	2261	2241	2.1	39.2
Query_74043	XM_037142607.1	100.000	21	0	0	1	21	2207	2187	2.1	39.2
Query_74043	XM_037053815.1	100.000	21	0	0	1	21	2177	2157	2.1	39.2
Query_74043	XM_037053808.1	100.000	21	0	0	1	21	2282	2262	2.1	39.2
Query_74043	XM_037053800.1	100.000	21	0	0	1	21	2216	2196	2.1	39.2
Query_74043	XM_037013714.1	100.000	21	0	0	1	21	2048	2028	2.1	39.2
Query_74043	XM_037013669.1	100.000	21	0	0	1	21	2108	2088	2.1	39.2
Query_74043	XM_017676271.2	100.000	21	0	0	1	21	2341	2321	2.1	39.2
Query_74043	XM_017676270.2	100.000	21	0	0	1	21	2199	2179	2.1	39.2
Query_74043	XM_017676269.2	100.000	21	0	0	1	21	2235	2215	2.1	39.2
Query_74043	XM_004590404.2	100.000	21	0	0	1	21	2190	2170	2.1	39.2
Query_74043	XM_027602293.2	100.000	21	0	0	1	21	3470	3450	2.1	39.2
Query_74043	XM_027602292.2	100.000	21	0	0	1	21	3509	3489	2.1	39.2
Query_74043	XM_027602291.2	100.000	21	0	0	1	21	3551	3531	2.1	39.2
Query_74043	LR862362.1	100.000	21	0	0	1	21	11327477	11327457	2.1	39.2
Query_74043	XM_035295753.1	100.000	21	0	0	1	21	2269	2249	2.1	39.2
Query_74043	XM_035295752.1	100.000	21	0	0	1	21	2192	2172	2.1	39.2
Query_74043	XM_035295750.1	100.000	21	0	0	1	21	2392	2372	2.1	39.2
Query_74043	XM_035295749.1	100.000	21	0	0	1	21	2222	2202	2.1	39.2
Query_74043	XM_035295748.1	100.000	21	0	0	1	21	2236	2216	2.1	39.2
Query_74043	XM_035295747.1	100.000	21	0	0	1	21	2266	2246	2.1	39.2
Query_74043	XM_035295746.1	100.000	21	0	0	1	21	2391	2371	2.1	39.2
Query_74043	XM_035295745.1	100.000	21	0	0	1	21	2241	2221	2.1	39.2


