# blastn
# Iteration: 0
# Query: 
# RID: 6RVB8ZP5013
# Database: nt
# Fields: query acc.ver, subject acc.ver, % identity, alignment length, mismatches, gap opens, q. start, q. end, s. start, s. end, evalue, bit score
# 22 hits found
Query_51577	NM_004223.5	100.000	21	0	0	1	21	242	222	2.1	39.2
Query_51577	XM_521987.5	100.000	21	0	0	1	21	277	257	2.1	39.2
Query_51577	LT736766.1	100.000	21	0	0	1	21	668	648	2.1	39.2
Query_51577	XM_004051168.2	100.000	21	0	0	1	21	638	618	2.1	39.2
Query_51577	XM_004051167.2	100.000	21	0	0	1	21	271	251	2.1	39.2
Query_51577	XM_003317981.4	100.000	21	0	0	1	21	634	614	2.1	39.2
Query_51577	KJ892727.1	100.000	21	0	0	1	21	246	226	2.1	39.2
Query_51577	NM_198183.3	100.000	21	0	0	1	21	241	221	2.1	39.2
Query_51577	CU689397.1	100.000	21	0	0	1	21	297	317	2.1	39.2
Query_51577	CU689396.1	100.000	21	0	0	1	21	197	177	2.1	39.2
Query_51577	AK315755.1	100.000	21	0	0	1	21	196	176	2.1	39.2
Query_51577	DQ894475.2	100.000	21	0	0	1	21	203	183	2.1	39.2
Query_51577	DQ891291.2	100.000	21	0	0	1	21	203	183	2.1	39.2
Query_51577	AK226165.1	100.000	21	0	0	1	21	331	311	2.1	39.2
Query_51577	AK093462.1	100.000	21	0	0	1	21	590	570	2.1	39.2
Query_51577	CR457126.1	100.000	21	0	0	1	21	181	161	2.1	39.2
Query_51577	AK129621.1	100.000	21	0	0	1	21	148	128	2.1	39.2
Query_51577	BC032491.1	100.000	21	0	0	1	21	277	257	2.1	39.2
Query_51577	AP002893.3	100.000	21	0	0	1	21	125063	125083	2.1	39.2
Query_51577	AJ243270.1	100.000	21	0	0	1	21	58	38	2.1	39.2
Query_51577	AF061736.1	100.000	21	0	0	1	21	228	208	2.1	39.2
Query_51577	AF031141.1	100.000	21	0	0	1	21	178	158	2.1	39.2


