# blastn
# Iteration: 0
# Query: 
# RID: 6UEKKSZM016
# Database: nt
# Fields: query acc.ver, subject acc.ver, % identity, alignment length, mismatches, gap opens, q. start, q. end, s. start, s. end, evalue, bit score
# 100 hits found
Query_18323	XM_035109405.1	100.000	21	0	0	1	21	1043	1023	2.1	39.2
Query_18323	XM_003822875.4	100.000	21	0	0	1	21	1227	1207	2.1	39.2
Query_18323	XM_034766049.1	100.000	21	0	0	1	21	543	523	2.1	39.2
Query_18323	XM_033763385.1	100.000	21	0	0	1	21	421	401	2.1	39.2
Query_18323	XM_010633248.3	100.000	21	0	0	1	21	425	405	2.1	39.2
Query_18323	XM_033234596.1	100.000	21	0	0	1	21	767	747	2.1	39.2
Query_18323	XM_033234595.1	100.000	21	0	0	1	21	760	740	2.1	39.2
Query_18323	XM_033143414.1	100.000	21	0	0	1	21	595	575	2.1	39.2
Query_18323	XM_033143410.1	100.000	21	0	0	1	21	588	568	2.1	39.2
Query_18323	XM_033102457.1	100.000	21	0	0	1	21	1067	1047	2.1	39.2
Query_18323	XM_032779591.1	100.000	21	0	0	1	21	505	485	2.1	39.2
Query_18323	XM_032779589.1	100.000	21	0	0	1	21	435	415	2.1	39.2
Query_18323	XM_032779588.1	100.000	21	0	0	1	21	505	485	2.1	39.2
Query_18323	XM_032275270.1	100.000	21	0	0	1	21	740	720	2.1	39.2
Query_18323	XM_032275268.1	100.000	21	0	0	1	21	740	720	2.1	39.2
Query_18323	XM_032155254.1	100.000	21	0	0	1	21	757	737	2.1	39.2
Query_18323	XM_023205281.3	100.000	21	0	0	1	21	769	749	2.1	39.2
Query_18323	XM_023205280.3	100.000	21	0	0	1	21	763	743	2.1	39.2
Query_18323	XM_021937596.2	100.000	21	0	0	1	21	742	722	2.1	39.2
Query_18323	XM_021937595.2	100.000	21	0	0	1	21	742	722	2.1	39.2
Query_18323	XM_003897902.3	100.000	21	0	0	1	21	742	722	2.1	39.2
Query_18323	XM_004044402.3	100.000	21	0	0	1	21	744	724	2.1	39.2
Query_18323	XM_010357766.2	100.000	21	0	0	1	21	746	726	2.1	39.2
Query_18323	XM_030809469.1	100.000	21	0	0	1	21	892	872	2.1	39.2
Query_18323	XR_003999537.1	100.000	21	0	0	1	21	511	491	2.1	39.2
Query_18323	XM_030555933.1	100.000	21	0	0	1	21	429	409	2.1	39.2
Query_18323	XM_030555932.1	100.000	21	0	0	1	21	511	491	2.1	39.2
Query_18323	XM_028847361.1	100.000	21	0	0	1	21	766	746	2.1	39.2
Query_18323	XM_015136920.2	100.000	21	0	0	1	21	743	723	2.1	39.2
Query_18323	NM_016021.3	100.000	21	0	0	1	21	575	555	2.1	39.2
Query_18323	XM_028133890.1	100.000	21	0	0	1	21	319	299	2.1	39.2
Query_18323	XM_028133857.1	100.000	21	0	0	1	21	350	330	2.1	39.2
Query_18323	XM_028133800.1	100.000	21	0	0	1	21	482	462	2.1	39.2
Query_18323	XM_028133749.1	100.000	21	0	0	1	21	458	438	2.1	39.2
Query_18323	XM_008148916.2	100.000	21	0	0	1	21	482	462	2.1	39.2
Query_18323	XM_027774504.1	100.000	21	0	0	1	21	502	482	2.1	39.2
Query_18323	XM_027774503.1	100.000	21	0	0	1	21	502	482	2.1	39.2
Query_18323	XM_006155303.3	100.000	21	0	0	1	21	502	482	2.1	39.2
Query_18323	XM_025382665.1	100.000	21	0	0	1	21	628	608	2.1	39.2
Query_18323	XM_025382664.1	100.000	21	0	0	1	21	399	379	2.1	39.2
Query_18323	XM_025189768.1	100.000	21	0	0	1	21	516	496	2.1	39.2
Query_18323	XM_025189767.1	100.000	21	0	0	1	21	462	442	2.1	39.2
Query_18323	XM_025189766.1	100.000	21	0	0	1	21	516	496	2.1	39.2
Query_18323	XM_011766817.2	100.000	21	0	0	1	21	743	723	2.1	39.2
Query_18323	XM_024551710.1	100.000	21	0	0	1	21	614	594	2.1	39.2
Query_18323	XM_011535888.3	100.000	21	0	0	1	21	1008	988	2.1	39.2
Query_18323	XM_011535887.2	100.000	21	0	0	1	21	1008	988	2.1	39.2
Query_18323	XM_518636.7	100.000	21	0	0	1	21	886	866	2.1	39.2
Query_18323	XM_009242085.2	100.000	21	0	0	1	21	747	727	2.1	39.2
Query_18323	XM_005299714.3	100.000	21	0	0	1	21	532	512	2.1	39.2
Query_18323	XM_004388425.2	100.000	21	0	0	1	21	704	684	2.1	39.2
Query_18323	XM_023650794.1	100.000	21	0	0	1	21	627	607	2.1	39.2
Query_18323	XM_012444259.2	100.000	21	0	0	1	21	746	726	2.1	39.2
Query_18323	XM_012444257.2	100.000	21	0	0	1	21	473	453	2.1	39.2
Query_18323	XM_021240787.1	100.000	21	0	0	1	21	565	545	2.1	39.2
Query_18323	XM_004860210.2	100.000	21	0	0	1	21	526	506	2.1	39.2
Query_18323	XM_021233429.1	100.000	21	0	0	1	21	860	840	2.1	39.2
Query_18323	XM_020963061.1	100.000	21	0	0	1	21	517	497	2.1	39.2
Query_18323	LT738201.1	100.000	21	0	0	1	21	909	889	2.1	39.2
Query_18323	XM_019655030.1	100.000	21	0	0	1	21	1138	1118	2.1	39.2
Query_18323	XM_019029617.1	100.000	21	0	0	1	21	437	417	2.1	39.2
Query_18323	XM_017876809.1	100.000	21	0	0	1	21	491	471	2.1	39.2
Query_18323	XM_002714578.3	100.000	21	0	0	1	21	749	729	2.1	39.2
Query_18323	XM_008119482.2	100.000	21	0	0	1	21	688	668	2.1	39.2
Query_18323	XM_008119474.2	100.000	21	0	0	1	21	684	664	2.1	39.2
Query_18323	XM_016431183.1	100.000	21	0	0	1	21	663	643	2.1	39.2
Query_18323	XM_015557686.1	100.000	21	0	0	1	21	366	346	2.1	39.2
Query_18323	XM_006778263.2	100.000	21	0	0	1	21	498	478	2.1	39.2
Query_18323	XM_015449105.1	100.000	21	0	0	1	21	746	726	2.1	39.2
Query_18323	XM_005552374.2	100.000	21	0	0	1	21	745	725	2.1	39.2
Query_18323	XM_039531122.1	100.000	21	0	0	1	21	413	393	2.1	39.2
Query_18323	XM_039531121.1	100.000	21	0	0	1	21	535	515	2.1	39.2
Query_18323	XM_038395958.1	100.000	21	0	0	1	21	477	457	2.1	39.2
Query_18323	XM_038395957.1	100.000	21	0	0	1	21	535	515	2.1	39.2
Query_18323	XM_008006598.2	100.000	21	0	0	1	21	1067	1047	2.1	39.2
Query_18323	XM_008006597.2	100.000	21	0	0	1	21	764	744	2.1	39.2
Query_18323	XM_037843386.1	100.000	21	0	0	1	21	631	611	2.1	39.2
Query_18323	XM_037730801.1	100.000	21	0	0	1	21	1090	1070	2.1	39.2
Query_18323	XM_017506803.2	100.000	21	0	0	1	21	1074	1054	2.1	39.2
Query_18323	XM_037520102.1	100.000	21	0	0	1	21	478	458	2.1	39.2
Query_18323	XM_037520101.1	100.000	21	0	0	1	21	715	695	2.1	39.2
Query_18323	XM_037039273.1	100.000	21	0	0	1	21	582	562	2.1	39.2
Query_18323	XM_037039272.1	100.000	21	0	0	1	21	515	495	2.1	39.2
Query_18323	XM_037039271.1	100.000	21	0	0	1	21	483	463	2.1	39.2
Query_18323	XM_036415243.1	100.000	21	0	0	1	21	310	290	2.1	39.2
Query_18323	XM_036415242.1	100.000	21	0	0	1	21	346	326	2.1	39.2
Query_18323	XM_036415241.1	100.000	21	0	0	1	21	478	458	2.1	39.2
Query_18323	XM_036415240.1	100.000	21	0	0	1	21	460	440	2.1	39.2
Query_18323	XM_036415239.1	100.000	21	0	0	1	21	474	454	2.1	39.2
Query_18323	XM_036316811.1	100.000	21	0	0	1	21	555	535	2.1	39.2
Query_18323	XM_036316810.1	100.000	21	0	0	1	21	578	558	2.1	39.2
Query_18323	XM_036316809.1	100.000	21	0	0	1	21	614	594	2.1	39.2
Query_18323	XM_036249188.1	100.000	21	0	0	1	21	429	409	2.1	39.2
Query_18323	XM_036249187.1	100.000	21	0	0	1	21	497	477	2.1	39.2
Query_18323	XM_036024458.1	100.000	21	0	0	1	21	569	549	2.1	39.2
Query_18323	XM_028509327.2	100.000	21	0	0	1	21	562	542	2.1	39.2
Query_18323	XM_036024457.1	100.000	21	0	0	1	21	568	548	2.1	39.2
Query_18323	LR862362.1	100.000	21	0	0	1	21	39991991	39992011	2.1	39.2
Query_18323	XM_035296334.1	100.000	21	0	0	1	21	990	970	2.1	39.2
Query_18323	XM_008994763.2	100.000	21	0	0	1	21	1323	1303	2.1	39.2


