# blastn
# Iteration: 0
# Query: 
# RID: 7JKBUYBJ01R
# Database: nt
# Fields: query acc.ver, subject acc.ver, % identity, alignment length, mismatches, gap opens, q. start, q. end, s. start, s. end, evalue, bit score
# 100 hits found
Query_227035	XM_034932123.1	100.000	21	0	0	1	21	581	561	2.1	39.2
Query_227035	XM_034932122.1	100.000	21	0	0	1	21	894	874	2.1	39.2
Query_227035	XR_004664993.1	100.000	21	0	0	1	21	870	850	2.1	39.2
Query_227035	XM_034932121.1	100.000	21	0	0	1	21	936	916	2.1	39.2
Query_227035	XM_034932120.1	100.000	21	0	0	1	21	546	526	2.1	39.2
Query_227035	XM_034932119.1	100.000	21	0	0	1	21	822	802	2.1	39.2
Query_227035	XM_034932117.1	100.000	21	0	0	1	21	632	612	2.1	39.2
Query_227035	XM_034932116.1	100.000	21	0	0	1	21	894	874	2.1	39.2
Query_227035	XM_034932115.1	100.000	21	0	0	1	21	894	874	2.1	39.2
Query_227035	XM_033207624.1	100.000	21	0	0	1	21	879	859	2.1	39.2
Query_227035	XM_033207623.1	100.000	21	0	0	1	21	946	926	2.1	39.2
Query_227035	XR_004436191.1	100.000	21	0	0	1	21	949	929	2.1	39.2
Query_227035	XR_004436190.1	100.000	21	0	0	1	21	884	864	2.1	39.2
Query_227035	XM_033207622.1	100.000	21	0	0	1	21	945	925	2.1	39.2
Query_227035	XM_032166649.2	100.000	21	0	0	1	21	563	543	2.1	39.2
Query_227035	XM_032166651.1	100.000	21	0	0	1	21	530	510	2.1	39.2
Query_227035	XR_004250229.1	100.000	21	0	0	1	21	504	484	2.1	39.2
Query_227035	XM_031933959.1	100.000	21	0	0	1	21	896	876	2.1	39.2
Query_227035	XM_023189815.3	100.000	21	0	0	1	21	963	943	2.1	39.2
Query_227035	XM_023189814.3	100.000	21	0	0	1	21	962	942	2.1	39.2
Query_227035	XM_031653328.1	100.000	21	0	0	1	21	950	930	2.1	39.2
Query_227035	XR_004177484.1	100.000	21	0	0	1	21	950	930	2.1	39.2
Query_227035	XR_004177483.1	100.000	21	0	0	1	21	950	930	2.1	39.2
Query_227035	XR_004177482.1	100.000	21	0	0	1	21	892	872	2.1	39.2
Query_227035	XR_004177481.1	100.000	21	0	0	1	21	950	930	2.1	39.2
Query_227035	XM_031653326.1	100.000	21	0	0	1	21	916	896	2.1	39.2
Query_227035	XM_021926103.2	100.000	21	0	0	1	21	950	930	2.1	39.2
Query_227035	XM_004050666.3	100.000	21	0	0	1	21	935	915	2.1	39.2
Query_227035	XM_019037259.2	100.000	21	0	0	1	21	460	440	2.1	39.2
Query_227035	XM_019037258.2	100.000	21	0	0	1	21	822	802	2.1	39.2
Query_227035	XM_004050664.3	100.000	21	0	0	1	21	935	915	2.1	39.2
Query_227035	XM_030917679.1	100.000	21	0	0	1	21	868	848	2.1	39.2
Query_227035	XM_030917678.1	100.000	21	0	0	1	21	940	920	2.1	39.2
Query_227035	XR_004053563.1	100.000	21	0	0	1	21	940	920	2.1	39.2
Query_227035	XM_030917677.1	100.000	21	0	0	1	21	534	514	2.1	39.2
Query_227035	XM_010384836.2	100.000	21	0	0	1	21	940	920	2.1	39.2
Query_227035	XR_004033591.1	100.000	21	0	0	1	21	935	915	2.1	39.2
Query_227035	XR_004033590.1	100.000	21	0	0	1	21	877	857	2.1	39.2
Query_227035	XM_030828843.1	100.000	21	0	0	1	21	901	881	2.1	39.2
Query_227035	XM_030828842.1	100.000	21	0	0	1	21	829	809	2.1	39.2
Query_227035	XM_030828841.1	100.000	21	0	0	1	21	935	915	2.1	39.2
Query_227035	NM_001348749.2	100.000	21	0	0	1	21	828	808	2.1	39.2
Query_227035	NM_001348750.2	100.000	21	0	0	1	21	936	916	2.1	39.2
Query_227035	NM_001243254.2	100.000	21	0	0	1	21	900	880	2.1	39.2
Query_227035	XM_028833701.1	100.000	21	0	0	1	21	608	588	2.1	39.2
Query_227035	XM_002799642.3	100.000	21	0	0	1	21	715	695	2.1	39.2
Query_227035	XR_003722662.1	100.000	21	0	0	1	21	715	695	2.1	39.2
Query_227035	XR_003722661.1	100.000	21	0	0	1	21	715	695	2.1	39.2
Query_227035	XM_028833700.1	100.000	21	0	0	1	21	715	695	2.1	39.2
Query_227035	XM_015114896.2	100.000	21	0	0	1	21	608	588	2.1	39.2
Query_227035	XM_002799641.3	100.000	21	0	0	1	21	715	695	2.1	39.2
Query_227035	LR132039.1	100.000	21	0	0	1	21	7884696	7884716	2.1	39.2
Query_227035	NM_015213.4	100.000	21	0	0	1	21	900	880	2.1	39.2
Query_227035	XM_026341130.1	100.000	21	0	0	1	21	2655	2635	2.1	39.2
Query_227035	XM_026341129.1	100.000	21	0	0	1	21	2655	2635	2.1	39.2
Query_227035	XM_026341128.1	100.000	21	0	0	1	21	2673	2653	2.1	39.2
Query_227035	XM_026341127.1	100.000	21	0	0	1	21	2703	2683	2.1	39.2
Query_227035	NR_145966.2	100.000	21	0	0	1	21	876	856	2.1	39.2
Query_227035	XR_003115626.1	100.000	21	0	0	1	21	946	926	2.1	39.2
Query_227035	XM_025356640.1	100.000	21	0	0	1	21	924	904	2.1	39.2
Query_227035	XM_025356639.1	100.000	21	0	0	1	21	882	862	2.1	39.2
Query_227035	XM_025356638.1	100.000	21	0	0	1	21	874	854	2.1	39.2
Query_227035	XM_025356637.1	100.000	21	0	0	1	21	810	790	2.1	39.2
Query_227035	XM_025356636.1	100.000	21	0	0	1	21	882	862	2.1	39.2
Query_227035	XM_025356635.1	100.000	21	0	0	1	21	946	926	2.1	39.2
Query_227035	XM_011753149.2	100.000	21	0	0	1	21	970	950	2.1	39.2
Query_227035	XR_991781.2	100.000	21	0	0	1	21	911	891	2.1	39.2
Query_227035	XM_011753148.2	100.000	21	0	0	1	21	839	819	2.1	39.2
Query_227035	XM_011753147.2	100.000	21	0	0	1	21	970	950	2.1	39.2
Query_227035	XM_003312912.4	100.000	21	0	0	1	21	934	914	2.1	39.2
Query_227035	XR_002938439.1	100.000	21	0	0	1	21	934	914	2.1	39.2
Query_227035	XM_016920357.2	100.000	21	0	0	1	21	681	661	2.1	39.2
Query_227035	XM_024346967.1	100.000	21	0	0	1	21	934	914	2.1	39.2
Query_227035	XM_024346966.1	100.000	21	0	0	1	21	934	914	2.1	39.2
Query_227035	XM_009459922.3	100.000	21	0	0	1	21	862	842	2.1	39.2
Query_227035	XM_016920354.2	100.000	21	0	0	1	21	862	842	2.1	39.2
Query_227035	XM_508914.6	100.000	21	0	0	1	21	934	914	2.1	39.2
Query_227035	XM_016920352.2	100.000	21	0	0	1	21	934	914	2.1	39.2
Query_227035	XM_024255110.1	100.000	21	0	0	1	21	930	910	2.1	39.2
Query_227035	XM_009246658.2	100.000	21	0	0	1	21	553	533	2.1	39.2
Query_227035	XM_024255109.1	100.000	21	0	0	1	21	930	910	2.1	39.2
Query_227035	XM_024255108.1	100.000	21	0	0	1	21	930	910	2.1	39.2
Query_227035	XM_023719267.1	100.000	21	0	0	1	21	589	569	2.1	39.2
Query_227035	XM_004470255.3	100.000	21	0	0	1	21	692	672	2.1	39.2
Query_227035	XM_004470253.3	100.000	21	0	0	1	21	618	598	2.1	39.2
Query_227035	XM_004470256.3	100.000	21	0	0	1	21	690	670	2.1	39.2
Query_227035	XM_021263778.1	100.000	21	0	0	1	21	641	621	2.1	39.2
Query_227035	XM_021263777.1	100.000	21	0	0	1	21	523	503	2.1	39.2
Query_227035	XM_021263776.1	100.000	21	0	0	1	21	867	847	2.1	39.2
Query_227035	XM_021263775.1	100.000	21	0	0	1	21	641	621	2.1	39.2
Query_227035	XM_021263774.1	100.000	21	0	0	1	21	569	549	2.1	39.2
Query_227035	XM_004851774.2	100.000	21	0	0	1	21	641	621	2.1	39.2
Query_227035	NG_053019.1	100.000	21	0	0	1	21	66346	66326	2.1	39.2
Query_227035	XM_012784007.2	100.000	21	0	0	1	21	807	787	2.1	39.2
Query_227035	XM_037999738.1	100.000	21	0	0	1	21	649	629	2.1	39.2
Query_227035	XM_037999737.1	100.000	21	0	0	1	21	929	909	2.1	39.2
Query_227035	XM_037999736.1	100.000	21	0	0	1	21	857	837	2.1	39.2
Query_227035	XM_008007293.2	100.000	21	0	0	1	21	929	909	2.1	39.2
Query_227035	XM_037840027.1	100.000	21	0	0	1	21	866	846	2.1	39.2
Query_227035	XM_037840026.1	100.000	21	0	0	1	21	859	839	2.1	39.2


