# blastn
# Iteration: 0
# Query: 
# RID: 7JD2BUT0016
# Database: nt
# Fields: query acc.ver, subject acc.ver, % identity, alignment length, mismatches, gap opens, q. start, q. end, s. start, s. end, evalue, bit score
# 100 hits found
Query_12049	XM_034991888.1	100.000	21	0	0	1	21	2403	2383	2.1	39.2
Query_12049	XM_034991887.1	100.000	21	0	0	1	21	2487	2467	2.1	39.2
Query_12049	XM_034991886.1	100.000	21	0	0	1	21	2445	2425	2.1	39.2
Query_12049	XM_034962171.1	100.000	21	0	0	1	21	2304	2284	2.1	39.2
Query_12049	XM_040473640.1	100.000	21	0	0	1	21	2427	2407	2.1	39.2
Query_12049	XM_040473639.1	100.000	21	0	0	1	21	2366	2346	2.1	39.2
Query_12049	XM_040473638.1	100.000	21	0	0	1	21	2469	2449	2.1	39.2
Query_12049	XM_013355738.3	100.000	21	0	0	1	21	2555	2535	2.1	39.2
Query_12049	XM_021721854.2	100.000	21	0	0	1	21	2603	2583	2.1	39.2
Query_12049	XR_005722721.1	100.000	21	0	0	1	21	3434	3414	2.1	39.2
Query_12049	XM_040249572.1	100.000	21	0	0	1	21	2423	2403	2.1	39.2
Query_12049	XM_040249571.1	100.000	21	0	0	1	21	2462	2442	2.1	39.2
Query_12049	XM_040249570.1	100.000	21	0	0	1	21	2426	2406	2.1	39.2
Query_12049	XM_039854831.1	100.000	21	0	0	1	21	2383	2363	2.1	39.2
Query_12049	XM_039854830.1	100.000	21	0	0	1	21	2787	2767	2.1	39.2
Query_12049	XM_039854829.1	100.000	21	0	0	1	21	2681	2661	2.1	39.2
Query_12049	XM_039854828.1	100.000	21	0	0	1	21	2466	2446	2.1	39.2
Query_12049	XM_039854827.1	100.000	21	0	0	1	21	2525	2505	2.1	39.2
Query_12049	XM_039854826.1	100.000	21	0	0	1	21	2826	2806	2.1	39.2
Query_12049	XM_039466881.1	100.000	21	0	0	1	21	2592	2572	2.1	39.2
Query_12049	XM_010333936.2	100.000	21	0	0	1	21	2642	2622	2.1	39.2
Query_12049	XM_039466875.1	100.000	21	0	0	1	21	2468	2448	2.1	39.2
Query_12049	XM_039231230.1	100.000	21	0	0	1	21	2466	2446	2.1	39.2
Query_12049	XM_038683648.1	100.000	21	0	0	1	21	2418	2398	2.1	39.2
Query_12049	XM_038683647.1	100.000	21	0	0	1	21	2478	2458	2.1	39.2
Query_12049	XM_038683646.1	100.000	21	0	0	1	21	2460	2440	2.1	39.2
Query_12049	XM_005627398.4	100.000	21	0	0	1	21	2418	2398	2.1	39.2
Query_12049	XM_014118472.3	100.000	21	0	0	1	21	2478	2458	2.1	39.2
Query_12049	XM_846912.7	100.000	21	0	0	1	21	2460	2440	2.1	39.2
Query_12049	XM_038341152.1	100.000	21	0	0	1	21	2319	2299	2.1	39.2
Query_12049	XM_038341151.1	100.000	21	0	0	1	21	2519	2499	2.1	39.2
Query_12049	XM_038341149.1	100.000	21	0	0	1	21	2570	2550	2.1	39.2
Query_12049	XM_007972423.2	100.000	21	0	0	1	21	2540	2520	2.1	39.2
Query_12049	XM_038006128.1	100.000	21	0	0	1	21	2565	2545	2.1	39.2
Query_12049	XM_038006127.1	100.000	21	0	0	1	21	2461	2441	2.1	39.2
Query_12049	XM_007972424.2	100.000	21	0	0	1	21	2604	2584	2.1	39.2
Query_12049	XM_007972422.2	100.000	21	0	0	1	21	2500	2480	2.1	39.2
Query_12049	XM_037843300.1	100.000	21	0	0	1	21	2365	2345	2.1	39.2
Query_12049	XM_037843299.1	100.000	21	0	0	1	21	2416	2396	2.1	39.2
Query_12049	XM_037843298.1	100.000	21	0	0	1	21	2468	2448	2.1	39.2
Query_12049	XM_037843297.1	100.000	21	0	0	1	21	2455	2435	2.1	39.2
Query_12049	XM_017547408.2	100.000	21	0	0	1	21	2447	2427	2.1	39.2
Query_12049	XM_037745344.1	100.000	21	0	0	1	21	2519	2499	2.1	39.2
Query_12049	XM_017547404.2	100.000	21	0	0	1	21	2488	2468	2.1	39.2
Query_12049	XM_017547403.2	100.000	21	0	0	1	21	2545	2525	2.1	39.2
Query_12049	XM_017547402.2	100.000	21	0	0	1	21	2463	2443	2.1	39.2
Query_12049	XM_037519798.1	100.000	21	0	0	1	21	2458	2438	2.1	39.2
Query_12049	XM_037519797.1	100.000	21	0	0	1	21	2391	2371	2.1	39.2
Query_12049	XM_028887108.2	100.000	21	0	0	1	21	2411	2391	2.1	39.2
Query_12049	XM_037142609.1	100.000	21	0	0	1	21	2424	2404	2.1	39.2
Query_12049	XM_037142608.1	100.000	21	0	0	1	21	2517	2497	2.1	39.2
Query_12049	XM_037142607.1	100.000	21	0	0	1	21	2463	2443	2.1	39.2
Query_12049	XM_004590404.2	100.000	21	0	0	1	21	2446	2426	2.1	39.2
Query_12049	XM_036414074.1	100.000	21	0	0	1	21	2446	2426	2.1	39.2
Query_12049	XM_036414072.1	100.000	21	0	0	1	21	2547	2527	2.1	39.2
Query_12049	XM_036414071.1	100.000	21	0	0	1	21	2485	2465	2.1	39.2
Query_12049	XM_036316794.1	100.000	21	0	0	1	21	2153	2133	2.1	39.2
Query_12049	XM_036316793.1	100.000	21	0	0	1	21	2192	2172	2.1	39.2
Query_12049	XM_036316792.1	100.000	21	0	0	1	21	2272	2252	2.1	39.2
Query_12049	XM_036316791.1	100.000	21	0	0	1	21	2426	2406	2.1	39.2
Query_12049	XM_036316790.1	100.000	21	0	0	1	21	2633	2613	2.1	39.2
Query_12049	XM_036316789.1	100.000	21	0	0	1	21	2465	2445	2.1	39.2
Query_12049	XM_036248030.1	100.000	21	0	0	1	21	2460	2440	2.1	39.2
Query_12049	XM_036248029.1	100.000	21	0	0	1	21	2491	2471	2.1	39.2
Query_12049	XM_036218440.1	100.000	21	0	0	1	21	2348	2328	2.1	39.2
Query_12049	XM_036218439.1	100.000	21	0	0	1	21	2597	2577	2.1	39.2
Query_12049	XM_016128649.2	100.000	21	0	0	1	21	2449	2429	2.1	39.2
Query_12049	XM_016128651.2	100.000	21	0	0	1	21	2437	2417	2.1	39.2
Query_12049	XM_016128648.2	100.000	21	0	0	1	21	2476	2456	2.1	39.2
Query_12049	XM_036167119.1	100.000	21	0	0	1	21	2452	2432	2.1	39.2
Query_12049	XM_036167118.1	100.000	21	0	0	1	21	2491	2471	2.1	39.2
Query_12049	XR_001782067.3	100.000	21	0	0	1	21	2407	2387	2.1	39.2
Query_12049	XM_030249734.2	100.000	21	0	0	1	21	2528	2508	2.1	39.2
Query_12049	XM_006524139.3	100.000	21	0	0	1	21	2675	2655	2.1	39.2
Query_12049	XM_006524138.5	100.000	21	0	0	1	21	2497	2477	2.1	39.2
Query_12049	XM_006524136.3	100.000	21	0	0	1	21	2714	2694	2.1	39.2
Query_12049	XM_036082770.1	100.000	21	0	0	1	21	2435	2415	2.1	39.2
Query_12049	XM_036082769.1	100.000	21	0	0	1	21	2366	2346	2.1	39.2
Query_12049	XM_036082767.1	100.000	21	0	0	1	21	2477	2457	2.1	39.2
Query_12049	XM_028508568.2	100.000	21	0	0	1	21	2589	2569	2.1	39.2
Query_12049	XM_028508566.2	100.000	21	0	0	1	21	2452	2432	2.1	39.2
Query_12049	XM_028508565.2	100.000	21	0	0	1	21	2491	2471	2.1	39.2
Query_12049	XM_036024155.1	100.000	21	0	0	1	21	2653	2633	2.1	39.2
Query_12049	XM_036024154.1	100.000	21	0	0	1	21	2731	2711	2.1	39.2
Query_12049	XM_036024153.1	100.000	21	0	0	1	21	2692	2672	2.1	39.2
Query_12049	XM_025418885.2	100.000	21	0	0	1	21	2423	2403	2.1	39.2
Query_12049	XM_035697506.1	100.000	21	0	0	1	21	2606	2586	2.1	39.2
Query_12049	XM_025418884.2	100.000	21	0	0	1	21	2478	2458	2.1	39.2
Query_12049	XM_025418883.2	100.000	21	0	0	1	21	2465	2445	2.1	39.2
Query_12049	XM_027602293.2	100.000	21	0	0	1	21	3726	3706	2.1	39.2
Query_12049	XM_027602292.2	100.000	21	0	0	1	21	3765	3745	2.1	39.2
Query_12049	XM_027602291.2	100.000	21	0	0	1	21	3807	3787	2.1	39.2
Query_12049	XM_035295753.1	100.000	21	0	0	1	21	2525	2505	2.1	39.2
Query_12049	XM_035295752.1	100.000	21	0	0	1	21	2448	2428	2.1	39.2
Query_12049	XM_035295750.1	100.000	21	0	0	1	21	2648	2628	2.1	39.2
Query_12049	XM_035295749.1	100.000	21	0	0	1	21	2478	2458	2.1	39.2
Query_12049	XM_035295748.1	100.000	21	0	0	1	21	2492	2472	2.1	39.2
Query_12049	XM_035295747.1	100.000	21	0	0	1	21	2522	2502	2.1	39.2
Query_12049	XM_035295746.1	100.000	21	0	0	1	21	2647	2627	2.1	39.2
Query_12049	XM_035295745.1	100.000	21	0	0	1	21	2497	2477	2.1	39.2


