# blastn
# Iteration: 0
# Query: 
# RID: 6UE6FCH5013
# Database: nt
# Fields: query acc.ver, subject acc.ver, % identity, alignment length, mismatches, gap opens, q. start, q. end, s. start, s. end, evalue, bit score
# 22 hits found
Query_135669	XM_003822875.4	100.000	21	0	0	1	21	1367	1347	2.1	39.2
Query_135669	XM_004044402.3	100.000	21	0	0	1	21	884	864	2.1	39.2
Query_135669	NM_016021.3	100.000	21	0	0	1	21	715	695	2.1	39.2
Query_135669	XM_011535888.3	100.000	21	0	0	1	21	1148	1128	2.1	39.2
Query_135669	XM_518636.7	100.000	21	0	0	1	21	1026	1006	2.1	39.2
Query_135669	XM_009242085.2	100.000	21	0	0	1	21	887	867	2.1	39.2
Query_135669	LT738201.1	100.000	21	0	0	1	21	1049	1029	2.1	39.2
Query_135669	XM_019029617.1	100.000	21	0	0	1	21	577	557	2.1	39.2
Query_135669	KJ898902.1	100.000	21	0	0	1	21	627	607	2.1	39.2
Query_135669	AB464335.1	100.000	21	0	0	1	21	571	551	2.1	39.2
Query_135669	AK300629.1	100.000	21	0	0	1	21	638	618	2.1	39.2
Query_135669	AK290574.1	100.000	21	0	0	1	21	735	715	2.1	39.2
Query_135669	EU176317.1	100.000	21	0	0	1	21	584	564	2.1	39.2
Query_135669	DQ895144.2	100.000	21	0	0	1	21	584	564	2.1	39.2
Query_135669	AK223464.1	100.000	21	0	0	1	21	632	612	2.1	39.2
Query_135669	U93243.1	100.000	21	0	0	1	21	589	569	2.1	39.2
Query_135669	AJ245898.1	100.000	21	0	0	1	21	624	604	2.1	39.2
Query_135669	AF151039.1	100.000	21	0	0	1	21	287	267	2.1	39.2
Query_135669	AF161502.1	100.000	21	0	0	1	21	588	568	2.1	39.2
Query_135669	AF151834.1	100.000	21	0	0	1	21	700	680	2.1	39.2
Query_135669	AJ420578.1	100.000	21	0	0	1	21	542	522	2.1	39.2
Query_135669	BC013973.1	100.000	21	0	0	1	21	855	835	2.1	39.2


