# blastn
# Iteration: 0
# Query: 
# RID: 6UD476VU013
# Database: nt
# Fields: query acc.ver, subject acc.ver, % identity, alignment length, mismatches, gap opens, q. start, q. end, s. start, s. end, evalue, bit score
# 34 hits found
Query_35833	XM_003822875.4	100.000	21	0	0	1	21	1637	1617	2.1	39.2
Query_35833	XM_032275270.1	100.000	21	0	0	1	21	1030	1010	2.1	39.2
Query_35833	XM_032275268.1	100.000	21	0	0	1	21	1150	1130	2.1	39.2
Query_35833	XM_032155254.1	100.000	21	0	0	1	21	1167	1147	2.1	39.2
Query_35833	XM_004044402.3	100.000	21	0	0	1	21	1154	1134	2.1	39.2
Query_35833	XM_030809469.1	100.000	21	0	0	1	21	1302	1282	2.1	39.2
Query_35833	NM_016021.3	100.000	21	0	0	1	21	985	965	2.1	39.2
Query_35833	XM_011535888.3	100.000	21	0	0	1	21	1448	1428	2.1	39.2
Query_35833	XM_011535887.2	100.000	21	0	0	1	21	1298	1278	2.1	39.2
Query_35833	XM_518636.7	100.000	21	0	0	1	21	1296	1276	2.1	39.2
Query_35833	XM_009242085.2	100.000	21	0	0	1	21	1157	1137	2.1	39.2
Query_35833	XM_012444259.2	100.000	21	0	0	1	21	1156	1136	2.1	39.2
Query_35833	XM_012444257.2	100.000	21	0	0	1	21	883	863	2.1	39.2
Query_35833	LT738201.1	100.000	21	0	0	1	21	1319	1299	2.1	39.2
Query_35833	XM_019029617.1	100.000	21	0	0	1	21	847	827	2.1	39.2
Query_35833	KJ898902.1	100.000	21	0	0	1	21	897	877	2.1	39.2
Query_35833	XM_003922932.3	100.000	21	0	0	1	21	1485	1465	2.1	39.2
Query_35833	XM_037730801.1	100.000	21	0	0	1	21	1380	1360	2.1	39.2
Query_35833	XM_017506803.2	100.000	21	0	0	1	21	1484	1464	2.1	39.2
Query_35833	XM_035296334.1	100.000	21	0	0	1	21	1400	1380	2.1	39.2
Query_35833	XM_008994763.2	100.000	21	0	0	1	21	1733	1713	2.1	39.2
Query_35833	AB464335.1	100.000	21	0	0	1	21	841	821	2.1	39.2
Query_35833	AK300629.1	100.000	21	0	0	1	21	908	888	2.1	39.2
Query_35833	AK290574.1	100.000	21	0	0	1	21	1005	985	2.1	39.2
Query_35833	EU176317.1	100.000	21	0	0	1	21	854	834	2.1	39.2
Query_35833	DQ895144.2	100.000	21	0	0	1	21	854	834	2.1	39.2
Query_35833	AK223464.1	100.000	21	0	0	1	21	902	882	2.1	39.2
Query_35833	AL139804.14	100.000	21	0	0	1	21	345	365	2.1	39.2
Query_35833	AJ245898.1	100.000	21	0	0	1	21	894	874	2.1	39.2
Query_35833	AF151039.1	100.000	21	0	0	1	21	557	537	2.1	39.2
Query_35833	AF161502.1	100.000	21	0	0	1	21	858	838	2.1	39.2
Query_35833	AF151834.1	100.000	21	0	0	1	21	970	950	2.1	39.2
Query_35833	AJ420578.1	100.000	21	0	0	1	21	812	792	2.1	39.2
Query_35833	BC013973.1	100.000	21	0	0	1	21	1125	1105	2.1	39.2


