# blastn
# Iteration: 0
# Query: 
# RID: 6XB1BDMK016
# Database: nt
# Fields: query acc.ver, subject acc.ver, % identity, alignment length, mismatches, gap opens, q. start, q. end, s. start, s. end, evalue, bit score
# 68 hits found
Query_7351	XM_034941314.1	100.000	21	0	0	1	21	561	541	2.1	39.2
Query_7351	XR_004430887.1	100.000	21	0	0	1	21	292	272	2.1	39.2
Query_7351	XR_004430886.1	100.000	21	0	0	1	21	545	525	2.1	39.2
Query_7351	XR_004430885.1	100.000	21	0	0	1	21	515	495	2.1	39.2
Query_7351	XR_004430884.1	100.000	21	0	0	1	21	421	401	2.1	39.2
Query_7351	XR_004430883.1	100.000	21	0	0	1	21	392	372	2.1	39.2
Query_7351	XM_033185036.1	100.000	21	0	0	1	21	576	556	2.1	39.2
Query_7351	XM_032138345.1	100.000	21	0	0	1	21	579	559	2.1	39.2
Query_7351	XM_023184506.2	100.000	21	0	0	1	21	567	547	2.1	39.2
Query_7351	XR_004179314.1	100.000	21	0	0	1	21	900	880	2.1	39.2
Query_7351	XR_004179313.1	100.000	21	0	0	1	21	292	272	2.1	39.2
Query_7351	XM_003912123.3	100.000	21	0	0	1	21	570	550	2.1	39.2
Query_7351	XM_017950278.3	100.000	21	0	0	1	21	408	388	2.1	39.2
Query_7351	XM_004058312.3	100.000	21	0	0	1	21	570	550	2.1	39.2
Query_7351	XM_010382186.2	100.000	21	0	0	1	21	570	550	2.1	39.2
Query_7351	XM_030800357.1	100.000	21	0	0	1	21	570	550	2.1	39.2
Query_7351	XR_001440232.2	100.000	21	0	0	1	21	663	643	2.1	39.2
Query_7351	XR_001440230.2	100.000	21	0	0	1	21	436	416	2.1	39.2
Query_7351	XM_015118270.2	100.000	21	0	0	1	21	565	545	2.1	39.2
Query_7351	XM_028835904.1	100.000	21	0	0	1	21	293	273	2.1	39.2
Query_7351	XM_005349621.3	100.000	21	0	0	1	21	1245	1225	2.1	39.2
Query_7351	CP034495.1	100.000	21	0	0	1	21	4200051	4200071	2.1	39.2
Query_7351	CP034495.1	100.000	21	0	0	1	21	84380320	84380340	2.1	39.2
Query_7351	XM_025362958.1	100.000	21	0	0	1	21	570	550	2.1	39.2
Query_7351	XR_981472.2	100.000	21	0	0	1	21	337	317	2.1	39.2
Query_7351	XR_003016002.1	100.000	21	0	0	1	21	440	420	2.1	39.2
Query_7351	XR_981462.2	100.000	21	0	0	1	21	862	842	2.1	39.2
Query_7351	XR_003015996.1	100.000	21	0	0	1	21	716	696	2.1	39.2
Query_7351	XR_981464.2	100.000	21	0	0	1	21	894	874	2.1	39.2
Query_7351	XM_024790008.1	100.000	21	0	0	1	21	1313	1293	2.1	39.2
Query_7351	XM_009431600.3	100.000	21	0	0	1	21	196	176	2.1	39.2
Query_7351	XM_016931252.2	100.000	21	0	0	1	21	570	550	2.1	39.2
Query_7351	LT734953.1	100.000	21	0	0	1	21	695	675	2.1	39.2
Query_7351	XM_017860189.1	100.000	21	0	0	1	21	582	562	2.1	39.2
Query_7351	XR_981471.1	100.000	21	0	0	1	21	322	302	2.1	39.2
Query_7351	XR_981470.1	100.000	21	0	0	1	21	322	302	2.1	39.2
Query_7351	XR_981467.1	100.000	21	0	0	1	21	563	543	2.1	39.2
Query_7351	XM_011725127.1	100.000	21	0	0	1	21	570	550	2.1	39.2
Query_7351	XR_001014219.1	100.000	21	0	0	1	21	319	299	2.1	39.2
Query_7351	XR_001014218.1	100.000	21	0	0	1	21	923	903	2.1	39.2
Query_7351	XR_001014217.1	100.000	21	0	0	1	21	954	934	2.1	39.2
Query_7351	XR_001014215.1	100.000	21	0	0	1	21	348	328	2.1	39.2
Query_7351	XR_001014214.1	100.000	21	0	0	1	21	292	272	2.1	39.2
Query_7351	XR_001014213.1	100.000	21	0	0	1	21	322	302	2.1	39.2
Query_7351	XM_012055657.1	100.000	21	0	0	1	21	570	550	2.1	39.2
Query_7351	XM_011947503.1	100.000	21	0	0	1	21	373	353	2.1	39.2
Query_7351	XM_011980458.1	100.000	21	0	0	1	21	376	356	2.1	39.2
Query_7351	KJ892344.1	100.000	21	0	0	1	21	273	253	2.1	39.2
Query_7351	XM_006899758.1	100.000	21	0	0	1	21	466	446	2.1	39.2
Query_7351	XM_040270543.1	100.000	21	0	0	1	21	742	722	2.1	39.2
Query_7351	CP068261.1	100.000	21	0	0	1	21	4186295	4186315	2.1	39.2
Query_7351	XM_038324925.1	100.000	21	0	0	1	21	564	544	2.1	39.2
Query_7351	XR_005236751.1	100.000	21	0	0	1	21	402	382	2.1	39.2
Query_7351	XR_005236750.1	100.000	21	0	0	1	21	390	370	2.1	39.2
Query_7351	XM_008009911.2	100.000	21	0	0	1	21	574	554	2.1	39.2
Query_7351	XM_036887031.1	100.000	21	0	0	1	21	302	282	2.1	39.2
Query_7351	AP023477.1	100.000	21	0	0	1	21	4370189	4370209	2.1	39.2
Query_7351	NM_003342.5	100.000	21	0	0	1	21	567	547	2.1	39.2
Query_7351	AK313059.1	100.000	21	0	0	1	21	413	393	2.1	39.2
Query_7351	BC026288.1	100.000	21	0	0	1	21	374	354	2.1	39.2
Query_7351	NM_022690.2	100.000	21	0	0	1	21	512	492	2.1	39.2
Query_7351	BT008255.1	100.000	21	0	0	1	21	208	188	2.1	39.2
Query_7351	BT007416.1	100.000	21	0	0	1	21	208	188	2.1	39.2
Query_7351	NM_001283400.1	100.000	21	0	0	1	21	397	377	2.1	39.2
Query_7351	AC087742.9	100.000	21	0	0	1	21	23114	23094	2.1	39.2
Query_7351	BC002775.2	100.000	21	0	0	1	21	465	445	2.1	39.2
Query_7351	D78514.1	100.000	21	0	0	1	21	226	206	2.1	39.2
Query_7351	AF099093.1	100.000	21	0	0	1	21	479	459	2.1	39.2


