# blastn
# Iteration: 0
# Query: 
# RID: 6MW9EASF013
# Database: nt
# Fields: query acc.ver, subject acc.ver, % identity, alignment length, mismatches, gap opens, q. start, q. end, s. start, s. end, evalue, bit score
# 100 hits found
Query_40859	XM_034995424.1	100.000	21	0	0	1	21	1191	1171	2.0	39.2
Query_40859	XM_034932123.1	100.000	21	0	0	1	21	1083	1063	2.0	39.2
Query_40859	XM_034932122.1	100.000	21	0	0	1	21	1396	1376	2.0	39.2
Query_40859	XR_004664993.1	100.000	21	0	0	1	21	1372	1352	2.0	39.2
Query_40859	XM_034932121.1	100.000	21	0	0	1	21	1438	1418	2.0	39.2
Query_40859	XM_034932120.1	100.000	21	0	0	1	21	1048	1028	2.0	39.2
Query_40859	XM_034932119.1	100.000	21	0	0	1	21	1324	1304	2.0	39.2
Query_40859	XM_034932117.1	100.000	21	0	0	1	21	1134	1114	2.0	39.2
Query_40859	XM_034932116.1	100.000	21	0	0	1	21	1396	1376	2.0	39.2
Query_40859	XM_034932115.1	100.000	21	0	0	1	21	1396	1376	2.0	39.2
Query_40859	XM_034666539.1	100.000	21	0	0	1	21	1376	1356	2.0	39.2
Query_40859	XM_034666538.1	100.000	21	0	0	1	21	1376	1356	2.0	39.2
Query_40859	XM_011220930.3	100.000	21	0	0	1	21	1371	1351	2.0	39.2
Query_40859	XM_027942433.2	100.000	21	0	0	1	21	1405	1385	2.0	39.2
Query_40859	CP050601.1	100.000	21	0	0	1	21	32796629	32796649	2.0	39.2
Query_40859	CP050624.1	100.000	21	0	0	1	21	32782965	32782985	2.0	39.2
Query_40859	XM_033207624.1	100.000	21	0	0	1	21	1381	1361	2.0	39.2
Query_40859	XM_033207623.1	100.000	21	0	0	1	21	1448	1428	2.0	39.2
Query_40859	XR_004436191.1	100.000	21	0	0	1	21	1451	1431	2.0	39.2
Query_40859	XR_004436190.1	100.000	21	0	0	1	21	1386	1366	2.0	39.2
Query_40859	XM_033207622.1	100.000	21	0	0	1	21	1447	1427	2.0	39.2
Query_40859	XM_032853438.1	100.000	21	0	0	1	21	1146	1126	2.0	39.2
Query_40859	XR_004382158.1	100.000	21	0	0	1	21	1148	1128	2.0	39.2
Query_40859	XM_032853437.1	100.000	21	0	0	1	21	1147	1127	2.0	39.2
Query_40859	XM_032853436.1	100.000	21	0	0	1	21	1147	1127	2.0	39.2
Query_40859	XM_032853435.1	100.000	21	0	0	1	21	1073	1053	2.0	39.2
Query_40859	XM_032853434.1	100.000	21	0	0	1	21	1145	1125	2.0	39.2
Query_40859	XM_032166649.2	100.000	21	0	0	1	21	1065	1045	2.0	39.2
Query_40859	XM_032489050.1	100.000	21	0	0	1	21	1454	1434	2.0	39.2
Query_40859	XM_032489049.1	100.000	21	0	0	1	21	1503	1483	2.0	39.2
Query_40859	XM_032489048.1	100.000	21	0	0	1	21	1453	1433	2.0	39.2
Query_40859	XM_032489047.1	100.000	21	0	0	1	21	1502	1482	2.0	39.2
Query_40859	XM_032427394.1	100.000	21	0	0	1	21	1080	1060	2.0	39.2
Query_40859	XM_032427393.1	100.000	21	0	0	1	21	1152	1132	2.0	39.2
Query_40859	XM_032357951.1	100.000	21	0	0	1	21	1218	1198	2.0	39.2
Query_40859	XM_032357950.1	100.000	21	0	0	1	21	1218	1198	2.0	39.2
Query_40859	XM_032357949.1	100.000	21	0	0	1	21	1218	1198	2.0	39.2
Query_40859	XM_032357948.1	100.000	21	0	0	1	21	1145	1125	2.0	39.2
Query_40859	XM_032357947.1	100.000	21	0	0	1	21	1217	1197	2.0	39.2
Query_40859	XM_032240510.1	100.000	21	0	0	1	21	1210	1190	2.0	39.2
Query_40859	XM_040284773.1	100.000	21	0	0	1	21	282	262	2.0	39.2
Query_40859	XM_040284772.1	100.000	21	0	0	1	21	1043	1023	2.0	39.2
Query_40859	HG994405.1	100.000	21	0	0	1	21	18308807	18308787	2.0	39.2
Query_40859	XM_039470498.1	100.000	21	0	0	1	21	1141	1121	2.0	39.2
Query_40859	XM_039470497.1	100.000	21	0	0	1	21	1468	1448	2.0	39.2
Query_40859	XM_039470496.1	100.000	21	0	0	1	21	1360	1340	2.0	39.2
Query_40859	XM_039470495.1	100.000	21	0	0	1	21	1468	1448	2.0	39.2
Query_40859	XM_038430473.1	100.000	21	0	0	1	21	1163	1143	2.0	39.2
Query_40859	XM_038430472.1	100.000	21	0	0	1	21	1163	1143	2.0	39.2
Query_40859	XM_037840027.1	100.000	21	0	0	1	21	1368	1348	2.0	39.2
Query_40859	XM_037840026.1	100.000	21	0	0	1	21	1361	1341	2.0	39.2
Query_40859	XM_017500309.2	100.000	21	0	0	1	21	1138	1118	2.0	39.2
Query_40859	XM_037133802.1	100.000	21	0	0	1	21	1458	1438	2.0	39.2
Query_40859	XM_037050108.1	100.000	21	0	0	1	21	613	593	2.0	39.2
Query_40859	XM_037050107.1	100.000	21	0	0	1	21	1381	1361	2.0	39.2
Query_40859	XM_037050106.1	100.000	21	0	0	1	21	1453	1433	2.0	39.2
Query_40859	XM_036930928.1	100.000	21	0	0	1	21	1125	1105	2.0	39.2
Query_40859	XM_036930927.1	100.000	21	0	0	1	21	1197	1177	2.0	39.2
Query_40859	XM_036428615.1	100.000	21	0	0	1	21	1415	1395	2.0	39.2
Query_40859	XM_036428614.1	100.000	21	0	0	1	21	1404	1384	2.0	39.2
Query_40859	XR_004986364.1	100.000	21	0	0	1	21	1401	1381	2.0	39.2
Query_40859	XM_036428612.1	100.000	21	0	0	1	21	1413	1393	2.0	39.2
Query_40859	XM_036428611.1	100.000	21	0	0	1	21	1392	1372	2.0	39.2
Query_40859	XM_036428610.1	100.000	21	0	0	1	21	1401	1381	2.0	39.2
Query_40859	XM_036428609.1	100.000	21	0	0	1	21	1396	1376	2.0	39.2
Query_40859	XM_036428608.1	100.000	21	0	0	1	21	1395	1375	2.0	39.2
Query_40859	XM_036428607.1	100.000	21	0	0	1	21	1343	1323	2.0	39.2
Query_40859	XM_036428606.1	100.000	21	0	0	1	21	1406	1386	2.0	39.2
Query_40859	XM_036428605.1	100.000	21	0	0	1	21	1415	1395	2.0	39.2
Query_40859	XM_036325330.1	100.000	21	0	0	1	21	1386	1366	2.0	39.2
Query_40859	XM_036325329.1	100.000	21	0	0	1	21	1390	1370	2.0	39.2
Query_40859	XM_036325328.1	100.000	21	0	0	1	21	1390	1370	2.0	39.2
Query_40859	XM_036325327.1	100.000	21	0	0	1	21	1388	1368	2.0	39.2
Query_40859	XM_036325326.1	100.000	21	0	0	1	21	1389	1369	2.0	39.2
Query_40859	XM_036325325.1	100.000	21	0	0	1	21	1388	1368	2.0	39.2
Query_40859	XM_036325324.1	100.000	21	0	0	1	21	1388	1368	2.0	39.2
Query_40859	XM_036325323.1	100.000	21	0	0	1	21	1091	1071	2.0	39.2
Query_40859	XM_036325322.1	100.000	21	0	0	1	21	1388	1368	2.0	39.2
Query_40859	XM_036325321.1	100.000	21	0	0	1	21	1387	1367	2.0	39.2
Query_40859	XM_036325320.1	100.000	21	0	0	1	21	1389	1369	2.0	39.2
Query_40859	XM_036325319.1	100.000	21	0	0	1	21	1387	1367	2.0	39.2
Query_40859	XM_036258063.1	100.000	21	0	0	1	21	1399	1379	2.0	39.2
Query_40859	XM_036258062.1	100.000	21	0	0	1	21	1103	1083	2.0	39.2
Query_40859	XM_036258061.1	100.000	21	0	0	1	21	1399	1379	2.0	39.2
Query_40859	XM_016147368.2	100.000	21	0	0	1	21	1408	1388	2.0	39.2
Query_40859	XM_036221862.1	100.000	21	0	0	1	21	1151	1131	2.0	39.2
Query_40859	XM_016147367.2	100.000	21	0	0	1	21	1408	1388	2.0	39.2
Query_40859	XM_036068907.1	100.000	21	0	0	1	21	1102	1082	2.0	39.2
Query_40859	XM_036068899.1	100.000	21	0	0	1	21	1175	1155	2.0	39.2
Query_40859	XM_028514394.2	100.000	21	0	0	1	21	1442	1422	2.0	39.2
Query_40859	XM_036028997.1	100.000	21	0	0	1	21	1444	1424	2.0	39.2
Query_40859	XM_028514393.2	100.000	21	0	0	1	21	1369	1349	2.0	39.2
Query_40859	XM_028514392.2	100.000	21	0	0	1	21	1441	1421	2.0	39.2
Query_40859	XM_027578364.2	100.000	21	0	0	1	21	1262	1242	2.0	39.2
Query_40859	XM_027578363.2	100.000	21	0	0	1	21	1262	1242	2.0	39.2
Query_40859	XM_027578362.2	100.000	21	0	0	1	21	1262	1242	2.0	39.2
Query_40859	LR862365.1	100.000	21	0	0	1	21	31655726	31655706	2.0	39.2
Query_40859	XM_017977897.2	100.000	21	0	0	1	21	1431	1411	2.0	39.2
Query_40859	XM_017977895.2	100.000	21	0	0	1	21	1359	1339	2.0	39.2
Query_40859	XM_002755025.4	100.000	21	0	0	1	21	1431	1411	2.0	39.2


