# blastn
# Iteration: 0
# Query: 
# RID: 8YH0JWMW013
# Database: nt
# Fields: query acc.ver, subject acc.ver, % identity, alignment length, mismatches, gap opens, q. start, q. end, s. start, s. end, evalue, bit score
# 100 hits found
Query_22077	XM_034948809.1	100.000	21	0	0	1	21	477	457	2.1	39.2
Query_22077	XM_034948808.1	100.000	21	0	0	1	21	1002	982	2.1	39.2
Query_22077	XM_003807746.2	100.000	21	0	0	1	21	498	478	2.1	39.2
Query_22077	XM_034937214.1	100.000	21	0	0	1	21	423	403	2.1	39.2
Query_22077	XM_034936518.1	100.000	21	0	0	1	21	1564	1544	2.1	39.2
Query_22077	XM_034936517.1	100.000	21	0	0	1	21	1377	1357	2.1	39.2
Query_22077	XM_033234103.1	100.000	21	0	0	1	21	482	462	2.1	39.2
Query_22077	XM_033234102.1	100.000	21	0	0	1	21	578	558	2.1	39.2
Query_22077	XM_033236163.1	100.000	21	0	0	1	21	421	401	2.1	39.2
Query_22077	XM_032138715.1	100.000	21	0	0	1	21	572	552	2.1	39.2
Query_22077	XM_023188654.2	100.000	21	0	0	1	21	620	600	2.1	39.2
Query_22077	XM_031656471.1	100.000	21	0	0	1	21	312	292	2.1	39.2
Query_22077	XM_003905270.4	100.000	21	0	0	1	21	474	454	2.1	39.2
Query_22077	XM_004063094.2	100.000	21	0	0	1	21	453	433	2.1	39.2
Query_22077	XM_031001374.1	100.000	21	0	0	1	21	1338	1318	2.1	39.2
Query_22077	XM_010367085.2	100.000	21	0	0	1	21	284	264	2.1	39.2
Query_22077	XM_030922320.1	100.000	21	0	0	1	21	1339	1319	2.1	39.2
Query_22077	XR_747840.2	100.000	21	0	0	1	21	405	385	2.1	39.2
Query_22077	XM_030914868.1	100.000	21	0	0	1	21	372	352	2.1	39.2
Query_22077	XM_010381786.2	100.000	21	0	0	1	21	435	415	2.1	39.2
Query_22077	XM_030912894.1	100.000	21	0	0	1	21	390	370	2.1	39.2
Query_22077	XM_010357714.2	100.000	21	0	0	1	21	408	388	2.1	39.2
Query_22077	XM_004088742.3	100.000	21	0	0	1	21	272	252	2.1	39.2
Query_22077	XM_030815897.1	100.000	21	0	0	1	21	572	552	2.1	39.2
Query_22077	XM_030808853.1	100.000	21	0	0	1	21	353	333	2.1	39.2
Query_22077	NR_046082.2	100.000	21	0	0	1	21	1017	997	2.1	39.2
Query_22077	NR_028436.3	100.000	21	0	0	1	21	520	500	2.1	39.2
Query_22077	NM_003347.4	100.000	21	0	0	1	21	411	391	2.1	39.2
Query_22077	NM_001355247.2	100.000	21	0	0	1	21	1343	1323	2.1	39.2
Query_22077	XR_092204.3	100.000	21	0	0	1	21	396	376	2.1	39.2
Query_22077	XM_028837637.1	100.000	21	0	0	1	21	608	588	2.1	39.2
Query_22077	XM_015149750.2	100.000	21	0	0	1	21	488	468	2.1	39.2
Query_22077	AC279127.1	100.000	21	0	0	1	21	74252	74232	2.1	39.2
Query_22077	XM_023197943.2	100.000	21	0	0	1	21	554	534	2.1	39.2
Query_22077	XM_023208665.2	100.000	21	0	0	1	21	418	398	2.1	39.2
Query_22077	XR_003613089.1	100.000	21	0	0	1	21	402	382	2.1	39.2
Query_22077	CP034522.1	100.000	21	0	0	1	21	9825552	9825532	2.1	39.2
Query_22077	CP034516.1	100.000	21	0	0	1	21	11982507	11982487	2.1	39.2
Query_22077	CP034501.1	100.000	21	0	0	1	21	5925873	5925853	2.1	39.2
Query_22077	CP034497.1	100.000	21	0	0	1	21	9825552	9825532	2.1	39.2
Query_22077	CP034492.1	100.000	21	0	0	1	21	36696314	36696294	2.1	39.2
Query_22077	CP034491.1	100.000	21	0	0	1	21	11982507	11982487	2.1	39.2
Query_22077	XM_025364486.1	100.000	21	0	0	1	21	284	264	2.1	39.2
Query_22077	XM_025364485.1	100.000	21	0	0	1	21	451	431	2.1	39.2
Query_22077	XR_003121448.1	100.000	21	0	0	1	21	180	160	2.1	39.2
Query_22077	XM_016939782.2	100.000	21	0	0	1	21	482	462	2.1	39.2
Query_22077	XM_016939781.2	100.000	21	0	0	1	21	991	971	2.1	39.2
Query_22077	XM_016939780.2	100.000	21	0	0	1	21	578	558	2.1	39.2
Query_22077	XR_002939290.1	100.000	21	0	0	1	21	402	382	2.1	39.2
Query_22077	XR_002939130.1	100.000	21	0	0	1	21	1004	984	2.1	39.2
Query_22077	XR_656424.2	100.000	21	0	0	1	21	1348	1328	2.1	39.2
Query_22077	XM_006099506.3	100.000	21	0	0	1	21	495	475	2.1	39.2
Query_22077	XM_006099505.3	100.000	21	0	0	1	21	1155	1135	2.1	39.2
Query_22077	XM_023646792.1	100.000	21	0	0	1	21	325	305	2.1	39.2
Query_22077	XM_023646791.1	100.000	21	0	0	1	21	539	519	2.1	39.2
Query_22077	XM_023646790.1	100.000	21	0	0	1	21	454	434	2.1	39.2
Query_22077	XM_001490059.6	100.000	21	0	0	1	21	417	397	2.1	39.2
Query_22077	BC053368.2	100.000	21	0	0	1	21	402	382	2.1	39.2
Query_22077	XM_017882566.1	100.000	21	0	0	1	21	482	462	2.1	39.2
Query_22077	XM_017882565.1	100.000	21	0	0	1	21	442	422	2.1	39.2
Query_22077	XM_017882564.1	100.000	21	0	0	1	21	426	406	2.1	39.2
Query_22077	XM_017882563.1	100.000	21	0	0	1	21	578	558	2.1	39.2
Query_22077	XR_001884129.1	100.000	21	0	0	1	21	386	366	2.1	39.2
Query_22077	XM_005594100.2	100.000	21	0	0	1	21	406	386	2.1	39.2
Query_22077	XR_001486306.1	100.000	21	0	0	1	21	612	592	2.1	39.2
Query_22077	XR_001491380.1	100.000	21	0	0	1	21	387	367	2.1	39.2
Query_22077	XM_014868064.1	100.000	21	0	0	1	21	312	292	2.1	39.2
Query_22077	XM_014868063.1	100.000	21	0	0	1	21	429	409	2.1	39.2
Query_22077	XM_014868062.1	100.000	21	0	0	1	21	419	399	2.1	39.2
Query_22077	XM_014796727.1	100.000	21	0	0	1	21	320	300	2.1	39.2
Query_22077	XM_004442382.2	100.000	21	0	0	1	21	416	396	2.1	39.2
Query_22077	XM_014796726.1	100.000	21	0	0	1	21	419	399	2.1	39.2
Query_22077	XM_014465014.1	100.000	21	0	0	1	21	482	462	2.1	39.2
Query_22077	XM_011739751.1	100.000	21	0	0	1	21	572	552	2.1	39.2
Query_22077	XM_012087327.1	100.000	21	0	0	1	21	572	552	2.1	39.2
Query_22077	XM_011928925.1	100.000	21	0	0	1	21	284	264	2.1	39.2
Query_22077	XM_011928924.1	100.000	21	0	0	1	21	402	382	2.1	39.2
Query_22077	XM_011967822.1	100.000	21	0	0	1	21	284	264	2.1	39.2
Query_22077	XM_011967821.1	100.000	21	0	0	1	21	406	386	2.1	39.2
Query_22077	XR_001015841.1	100.000	21	0	0	1	21	620	600	2.1	39.2
Query_22077	XM_011947316.1	100.000	21	0	0	1	21	311	291	2.1	39.2
Query_22077	XM_011947315.1	100.000	21	0	0	1	21	517	497	2.1	39.2
Query_22077	XM_011947314.1	100.000	21	0	0	1	21	578	558	2.1	39.2
Query_22077	XM_011946926.1	100.000	21	0	0	1	21	284	264	2.1	39.2
Query_22077	CP068259.1	100.000	21	0	0	1	21	9901011	9900991	2.1	39.2
Query_22077	CP068256.1	100.000	21	0	0	1	21	22063836	22063816	2.1	39.2
Query_22077	XM_007974919.2	100.000	21	0	0	1	21	573	553	2.1	39.2
Query_22077	XM_037986854.1	100.000	21	0	0	1	21	605	585	2.1	39.2
Query_22077	XM_036449778.1	100.000	21	0	0	1	21	360	340	2.1	39.2
Query_22077	XM_036449777.1	100.000	21	0	0	1	21	494	474	2.1	39.2
Query_22077	XM_036449776.1	100.000	21	0	0	1	21	499	479	2.1	39.2
Query_22077	XM_036449775.1	100.000	21	0	0	1	21	560	540	2.1	39.2
Query_22077	XM_036436159.1	100.000	21	0	0	1	21	380	360	2.1	39.2
Query_22077	XM_036307826.1	100.000	21	0	0	1	21	384	364	2.1	39.2
Query_22077	AP023482.1	100.000	21	0	0	1	21	17288353	17288333	2.1	39.2
Query_22077	AP023479.1	100.000	21	0	0	1	21	9660906	9660886	2.1	39.2
Query_22077	NM_001256356.2	100.000	21	0	0	1	21	315	295	2.1	39.2
Query_22077	LR862375.1	100.000	21	0	0	1	21	8115487	8115507	2.1	39.2
Query_22077	LR862365.1	100.000	21	0	0	1	21	58467274	58467294	2.1	39.2
Query_22077	XM_035302434.1	100.000	21	0	0	1	21	540	520	2.1	39.2


