# blastn
# Iteration: 0
# Query: 
# RID: 7412RYJG01R
# Database: nt
# Fields: query acc.ver, subject acc.ver, % identity, alignment length, mismatches, gap opens, q. start, q. end, s. start, s. end, evalue, bit score
# 100 hits found
Query_392573	XM_035012868.1	100.000	21	0	0	1	21	2178	2158	2.0	39.2
Query_392573	XM_035012867.1	100.000	21	0	0	1	21	2220	2200	2.0	39.2
Query_392573	XM_003826436.5	100.000	21	0	0	1	21	1847	1827	2.0	39.2
Query_392573	XM_002922705.4	100.000	21	0	0	1	21	1477	1457	2.0	39.2
Query_392573	XM_004264119.3	100.000	21	0	0	1	21	2923	2903	2.0	39.2
Query_392573	XM_033121437.1	100.000	21	0	0	1	21	1261	1241	2.0	39.2
Query_392573	XM_032846512.1	100.000	21	0	0	1	21	1065	1045	2.0	39.2
Query_392573	XM_006172931.2	100.000	21	0	0	1	21	1236	1216	2.0	39.2
Query_392573	XM_032414879.1	100.000	21	0	0	1	21	1065	1045	2.0	39.2
Query_392573	XM_032359012.1	100.000	21	0	0	1	21	1862	1842	2.0	39.2
Query_392573	XM_032283391.1	100.000	21	0	0	1	21	1279	1259	2.0	39.2
Query_392573	XR_004248146.1	100.000	21	0	0	1	21	1143	1123	2.0	39.2
Query_392573	XM_032152902.1	100.000	21	0	0	1	21	1266	1246	2.0	39.2
Query_392573	XM_006214057.2	100.000	21	0	0	1	21	1236	1216	2.0	39.2
Query_392573	XM_010994352.2	100.000	21	0	0	1	21	1236	1216	2.0	39.2
Query_392573	XM_006728589.2	100.000	21	0	0	1	21	315	295	2.0	39.2
Query_392573	XM_004051152.3	100.000	21	0	0	1	21	1266	1246	2.0	39.2
Query_392573	XM_030864399.1	100.000	21	0	0	1	21	3006	2986	2.0	39.2
Query_392573	XR_004029584.1	100.000	21	0	0	1	21	1145	1125	2.0	39.2
Query_392573	XM_030810123.1	100.000	21	0	0	1	21	1266	1246	2.0	39.2
Query_392573	XM_030332475.1	100.000	21	0	0	1	21	1065	1045	2.0	39.2
Query_392573	XM_029208585.1	100.000	21	0	0	1	21	1066	1046	2.0	39.2
Query_392573	NM_002559.5	100.000	21	0	0	1	21	1264	1244	2.0	39.2
Query_392573	XM_027114691.1	100.000	21	0	0	1	21	2873	2853	2.0	39.2
Query_392573	XM_027045569.1	100.000	21	0	0	1	21	1065	1045	2.0	39.2
Query_392573	XM_026486983.1	100.000	21	0	0	1	21	2123	2103	2.0	39.2
Query_392573	XM_026406581.1	100.000	21	0	0	1	21	1065	1045	2.0	39.2
Query_392573	XM_028111224.1	100.000	21	0	0	1	21	2134	2114	2.0	39.2
Query_392573	XM_025928155.1	100.000	21	0	0	1	21	786	766	2.0	39.2
Query_392573	XM_025879400.1	100.000	21	0	0	1	21	2802	2782	2.0	39.2
Query_392573	XM_024749217.1	100.000	21	0	0	1	21	1065	1045	2.0	39.2
Query_392573	XM_001136930.4	100.000	21	0	0	1	21	1317	1297	2.0	39.2
Query_392573	XM_002821788.2	100.000	21	0	0	1	21	1266	1246	2.0	39.2
Query_392573	XM_007115874.2	100.000	21	0	0	1	21	1065	1045	2.0	39.2
Query_392573	XM_001504914.5	100.000	21	0	0	1	21	1249	1229	2.0	39.2
Query_392573	XM_003801335.2	100.000	21	0	0	1	21	1254	1234	2.0	39.2
Query_392573	XM_022591980.1	100.000	21	0	0	1	21	1103	1083	2.0	39.2
Query_392573	XM_021684842.1	100.000	21	0	0	1	21	1065	1045	2.0	39.2
Query_392573	XM_012749947.2	100.000	21	0	0	1	21	2854	2834	2.0	39.2
Query_392573	XM_012749946.2	100.000	21	0	0	1	21	2756	2736	2.0	39.2
Query_392573	XM_003993362.3	100.000	21	0	0	1	21	1065	1045	2.0	39.2
Query_392573	XM_019414402.1	100.000	21	0	0	1	21	1065	1045	2.0	39.2
Query_392573	XM_002709156.3	100.000	21	0	0	1	21	1765	1745	2.0	39.2
Query_392573	XM_011545072.2	100.000	21	0	0	1	21	2042	2022	2.0	39.2
Query_392573	XR_949950.2	100.000	21	0	0	1	21	2004	1984	2.0	39.2
Query_392573	XM_011545071.2	100.000	21	0	0	1	21	1778	1758	2.0	39.2
Query_392573	XM_011545070.2	100.000	21	0	0	1	21	1216	1196	2.0	39.2
Query_392573	XM_011545069.2	100.000	21	0	0	1	21	1910	1890	2.0	39.2
Query_392573	XM_016200451.1	100.000	21	0	0	1	21	1255	1235	2.0	39.2
Query_392573	XM_007092617.2	100.000	21	0	0	1	21	1262	1242	2.0	39.2
Query_392573	XM_014829422.1	100.000	21	0	0	1	21	1212	1192	2.0	39.2
Query_392573	XM_004437362.2	100.000	21	0	0	1	21	1119	1099	2.0	39.2
Query_392573	XM_004667733.2	100.000	21	0	0	1	21	1574	1554	2.0	39.2
Query_392573	XM_012725642.1	100.000	21	0	0	1	21	1225	1205	2.0	39.2
Query_392573	XM_004682771.2	100.000	21	0	0	1	21	1225	1205	2.0	39.2
Query_392573	XM_012643951.1	100.000	21	0	0	1	21	1249	1229	2.0	39.2
Query_392573	XM_004409265.2	100.000	21	0	0	1	21	1258	1238	2.0	39.2
Query_392573	XM_012476474.1	100.000	21	0	0	1	21	1219	1199	2.0	39.2
Query_392573	XM_012476473.1	100.000	21	0	0	1	21	1283	1263	2.0	39.2
Query_392573	XM_011545073.1	100.000	21	0	0	1	21	766	746	2.0	39.2
Query_392573	XM_010952408.1	100.000	21	0	0	1	21	1257	1237	2.0	39.2
Query_392573	XM_008694134.1	100.000	21	0	0	1	21	1350	1330	2.0	39.2
Query_392573	XM_008694133.1	100.000	21	0	0	1	21	1422	1402	2.0	39.2
Query_392573	XM_008578927.1	100.000	21	0	0	1	21	1578	1558	2.0	39.2
Query_392573	XM_008537756.1	100.000	21	0	0	1	21	1195	1175	2.0	39.2
Query_392573	XM_007953870.1	100.000	21	0	0	1	21	1250	1230	2.0	39.2
Query_392573	XM_007519465.1	100.000	21	0	0	1	21	1069	1049	2.0	39.2
Query_392573	XM_007455714.1	100.000	21	0	0	1	21	1252	1232	2.0	39.2
Query_392573	XM_007196450.1	100.000	21	0	0	1	21	1065	1045	2.0	39.2
Query_392573	XM_004777576.1	100.000	21	0	0	1	21	1877	1857	2.0	39.2
Query_392573	XM_040284337.1	100.000	21	0	0	1	21	1217	1197	2.0	39.2
Query_392573	XM_005331595.4	100.000	21	0	0	1	21	1288	1268	2.0	39.2
Query_392573	XR_005733507.1	100.000	21	0	0	1	21	1631	1611	2.0	39.2
Query_392573	XR_005733506.1	100.000	21	0	0	1	21	1631	1611	2.0	39.2
Query_392573	XR_005733505.1	100.000	21	0	0	1	21	1631	1611	2.0	39.2
Query_392573	XM_040284336.1	100.000	21	0	0	1	21	1631	1611	2.0	39.2
Query_392573	XR_005530627.1	100.000	21	0	0	1	21	1258	1238	2.0	39.2
Query_392573	XM_039245053.1	100.000	21	0	0	1	21	1258	1238	2.0	39.2
Query_392573	XM_037839095.1	100.000	21	0	0	1	21	1216	1196	2.0	39.2
Query_392573	XM_017498970.2	100.000	21	0	0	1	21	1254	1234	2.0	39.2
Query_392573	XM_036861777.1	100.000	21	0	0	1	21	1065	1045	2.0	39.2
Query_392573	XM_036259406.1	100.000	21	0	0	1	21	1097	1077	2.0	39.2
Query_392573	XM_016160055.2	100.000	21	0	0	1	21	1404	1384	2.0	39.2
Query_392573	XM_036220410.1	100.000	21	0	0	1	21	9075	9055	2.0	39.2
Query_392573	XM_036220409.1	100.000	21	0	0	1	21	3643	3623	2.0	39.2
Query_392573	XM_036076582.1	100.000	21	0	0	1	21	1065	1045	2.0	39.2
Query_392573	XM_036076581.1	100.000	21	0	0	1	21	2984	2964	2.0	39.2
Query_392573	XM_027579308.2	100.000	21	0	0	1	21	2996	2976	2.0	39.2
Query_392573	XM_035262719.1	100.000	21	0	0	1	21	2776	2756	2.0	39.2
Query_392573	XM_035262718.1	100.000	21	0	0	1	21	1240	1220	2.0	39.2
Query_392573	XM_035262717.1	100.000	21	0	0	1	21	1499	1479	2.0	39.2
Query_392573	XM_035262716.1	100.000	21	0	0	1	21	3149	3129	2.0	39.2
Query_392573	XM_035262715.1	100.000	21	0	0	1	21	1599	1579	2.0	39.2
Query_392573	XM_002755279.6	100.000	21	0	0	1	21	1717	1697	2.0	39.2
Query_392573	BC109287.2	100.000	21	0	0	1	21	1099	1079	2.0	39.2
Query_392573	BC074793.2	100.000	21	0	0	1	21	1096	1076	2.0	39.2
Query_392573	BC074792.2	100.000	21	0	0	1	21	1096	1076	2.0	39.2
Query_392573	BC069162.1	100.000	21	0	0	1	21	1138	1118	2.0	39.2
Query_392573	AP000781.6	100.000	21	0	0	1	21	124739	124719	2.0	39.2
Query_392573	AB016608.1	100.000	21	0	0	1	21	1065	1045	2.0	39.2


