# blastn
# Iteration: 0
# Query: 
# RID: 73UTKTWM016
# Database: nt
# Fields: query acc.ver, subject acc.ver, % identity, alignment length, mismatches, gap opens, q. start, q. end, s. start, s. end, evalue, bit score
# 100 hits found
Query_39091	XM_034992554.1	100.000	21	0	0	1	21	481	461	2.1	39.2
Query_39091	XM_034992553.1	100.000	21	0	0	1	21	481	461	2.1	39.2
Query_39091	XM_034992551.1	100.000	21	0	0	1	21	481	461	2.1	39.2
Query_39091	XM_035006415.1	100.000	21	0	0	1	21	407	387	2.1	39.2
Query_39091	XM_035006414.1	100.000	21	0	0	1	21	834	814	2.1	39.2
Query_39091	XM_035006413.1	100.000	21	0	0	1	21	919	899	2.1	39.2
Query_39091	CP050591.1	100.000	21	0	0	1	21	40018007	40017987	2.1	39.2
Query_39091	CP050611.1	100.000	21	0	0	1	21	40018156	40018136	2.1	39.2
Query_39091	XM_032419882.1	100.000	21	0	0	1	21	430	410	2.1	39.2
Query_39091	XM_031353019.1	100.000	21	0	0	1	21	255	235	2.1	39.2
Query_39091	XM_031353018.1	100.000	21	0	0	1	21	327	307	2.1	39.2
Query_39091	XR_004077697.1	100.000	21	0	0	1	21	62	42	2.1	39.2
Query_39091	XM_006735285.2	100.000	21	0	0	1	21	360	340	2.1	39.2
Query_39091	XM_006735284.2	100.000	21	0	0	1	21	472	452	2.1	39.2
Query_39091	XR_004076099.1	100.000	21	0	0	1	21	452	432	2.1	39.2
Query_39091	NR_104037.2	100.000	21	0	0	1	21	245	225	2.1	39.2
Query_39091	XM_029612388.1	100.000	21	0	0	1	21	313	293	2.1	39.2
Query_39091	XM_029612387.1	100.000	21	0	0	1	21	368	348	2.1	39.2
Query_39091	XM_029612385.1	100.000	21	0	0	1	21	510	490	2.1	39.2
Query_39091	NM_181800.3	100.000	21	0	0	1	21	355	335	2.1	39.2
Query_39091	NM_181801.4	100.000	21	0	0	1	21	585	565	2.1	39.2
Query_39091	NM_007019.4	100.000	21	0	0	1	21	442	422	2.1	39.2
Query_39091	XM_028091121.1	100.000	21	0	0	1	21	213	193	2.1	39.2
Query_39091	XM_028091120.1	100.000	21	0	0	1	21	309	289	2.1	39.2
Query_39091	XM_028091119.1	100.000	21	0	0	1	21	318	298	2.1	39.2
Query_39091	XM_028091118.1	100.000	21	0	0	1	21	390	370	2.1	39.2
Query_39091	XM_028125651.1	100.000	21	0	0	1	21	428	408	2.1	39.2
Query_39091	XM_028122002.1	100.000	21	0	0	1	21	562	542	2.1	39.2
Query_39091	XM_028122001.1	100.000	21	0	0	1	21	1222	1202	2.1	39.2
Query_39091	XM_028122000.1	100.000	21	0	0	1	21	649	629	2.1	39.2
Query_39091	XM_028119498.1	100.000	21	0	0	1	21	428	408	2.1	39.2
Query_39091	XM_028102833.1	100.000	21	0	0	1	21	309	289	2.1	39.2
Query_39091	XM_028102832.1	100.000	21	0	0	1	21	318	298	2.1	39.2
Query_39091	XM_028102831.1	100.000	21	0	0	1	21	390	370	2.1	39.2
Query_39091	XM_028097834.1	100.000	21	0	0	1	21	213	193	2.1	39.2
Query_39091	XM_028097833.1	100.000	21	0	0	1	21	309	289	2.1	39.2
Query_39091	XM_028097832.1	100.000	21	0	0	1	21	318	298	2.1	39.2
Query_39091	XM_028097831.1	100.000	21	0	0	1	21	390	370	2.1	39.2
Query_39091	XM_028096653.1	100.000	21	0	0	1	21	213	193	2.1	39.2
Query_39091	CP034499.1	100.000	21	0	0	1	21	44384353	44384333	2.1	39.2
Query_39091	XM_027573401.1	100.000	21	0	0	1	21	309	289	2.1	39.2
Query_39091	XM_027573400.1	100.000	21	0	0	1	21	318	298	2.1	39.2
Query_39091	XM_027573399.1	100.000	21	0	0	1	21	390	370	2.1	39.2
Query_39091	XM_027603333.1	100.000	21	0	0	1	21	325	305	2.1	39.2
Query_39091	XM_027603332.1	100.000	21	0	0	1	21	421	401	2.1	39.2
Query_39091	XM_027603331.1	100.000	21	0	0	1	21	430	410	2.1	39.2
Query_39091	XM_027603330.1	100.000	21	0	0	1	21	502	482	2.1	39.2
Query_39091	XM_025891126.1	100.000	21	0	0	1	21	213	193	2.1	39.2
Query_39091	XM_025891125.1	100.000	21	0	0	1	21	309	289	2.1	39.2
Query_39091	XM_025891124.1	100.000	21	0	0	1	21	318	298	2.1	39.2
Query_39091	XM_025891123.1	100.000	21	0	0	1	21	390	370	2.1	39.2
Query_39091	XM_025876642.1	100.000	21	0	0	1	21	356	336	2.1	39.2
Query_39091	XM_025876641.1	100.000	21	0	0	1	21	365	345	2.1	39.2
Query_39091	XM_025876640.1	100.000	21	0	0	1	21	437	417	2.1	39.2
Query_39091	XM_025876123.1	100.000	21	0	0	1	21	356	336	2.1	39.2
Query_39091	XM_025876122.1	100.000	21	0	0	1	21	365	345	2.1	39.2
Query_39091	XM_025876121.1	100.000	21	0	0	1	21	437	417	2.1	39.2
Query_39091	XM_025875645.1	100.000	21	0	0	1	21	326	306	2.1	39.2
Query_39091	XM_025875644.1	100.000	21	0	0	1	21	412	392	2.1	39.2
Query_39091	XM_025875457.1	100.000	21	0	0	1	21	562	542	2.1	39.2
Query_39091	XM_025875456.1	100.000	21	0	0	1	21	990	970	2.1	39.2
Query_39091	XM_025875455.1	100.000	21	0	0	1	21	649	629	2.1	39.2
Query_39091	XM_025866608.1	100.000	21	0	0	1	21	309	289	2.1	39.2
Query_39091	XM_025866607.1	100.000	21	0	0	1	21	318	298	2.1	39.2
Query_39091	XM_025866606.1	100.000	21	0	0	1	21	390	370	2.1	39.2
Query_39091	XM_001503308.6	100.000	21	0	0	1	21	478	458	2.1	39.2
Query_39091	HG994393.1	100.000	21	0	0	1	21	42093408	42093388	2.1	39.2
Query_39091	XM_039249365.1	100.000	21	0	0	1	21	456	436	2.1	39.2
Query_39091	CP068258.1	100.000	21	0	0	1	21	47552193	47552173	2.1	39.2
Query_39091	XM_038678860.1	100.000	21	0	0	1	21	273	253	2.1	39.2
Query_39091	XM_038651144.1	100.000	21	0	0	1	21	273	253	2.1	39.2
Query_39091	XM_037006216.1	100.000	21	0	0	1	21	752	732	2.1	39.2
Query_39091	AP023480.1	100.000	21	0	0	1	21	43851160	43851140	2.1	39.2
Query_39091	XM_036081053.1	100.000	21	0	0	1	21	460	440	2.1	39.2
Query_39091	XM_036077501.1	100.000	21	0	0	1	21	390	370	2.1	39.2
Query_39091	XM_036103858.1	100.000	21	0	0	1	21	635	615	2.1	39.2
Query_39091	XM_036103857.1	100.000	21	0	0	1	21	720	700	2.1	39.2
Query_39091	XM_035696278.1	100.000	21	0	0	1	21	273	253	2.1	39.2
Query_39091	XM_035729225.1	100.000	21	0	0	1	21	213	193	2.1	39.2
Query_39091	XM_035729224.1	100.000	21	0	0	1	21	309	289	2.1	39.2
Query_39091	XM_035729223.1	100.000	21	0	0	1	21	318	298	2.1	39.2
Query_39091	XM_035729222.1	100.000	21	0	0	1	21	390	370	2.1	39.2
Query_39091	XM_035728935.1	100.000	21	0	0	1	21	490	470	2.1	39.2
Query_39091	XM_035728934.1	100.000	21	0	0	1	21	523	503	2.1	39.2
Query_39091	XM_035728933.1	100.000	21	0	0	1	21	577	557	2.1	39.2
Query_39091	XM_035728466.1	100.000	21	0	0	1	21	309	289	2.1	39.2
Query_39091	XM_035728465.1	100.000	21	0	0	1	21	318	298	2.1	39.2
Query_39091	XM_035728464.1	100.000	21	0	0	1	21	390	370	2.1	39.2
Query_39091	XM_035728227.1	100.000	21	0	0	1	21	213	193	2.1	39.2
Query_39091	XM_035728175.1	100.000	21	0	0	1	21	434	414	2.1	39.2
Query_39091	XM_027606950.2	100.000	21	0	0	1	21	309	289	2.1	39.2
Query_39091	XM_027606949.2	100.000	21	0	0	1	21	318	298	2.1	39.2
Query_39091	XM_027606948.2	100.000	21	0	0	1	21	390	370	2.1	39.2
Query_39091	XM_035724009.1	100.000	21	0	0	1	21	213	193	2.1	39.2
Query_39091	XM_035724008.1	100.000	21	0	0	1	21	309	289	2.1	39.2
Query_39091	XM_035724007.1	100.000	21	0	0	1	21	318	298	2.1	39.2
Query_39091	XM_035724006.1	100.000	21	0	0	1	21	390	370	2.1	39.2
Query_39091	XM_035723407.1	100.000	21	0	0	1	21	426	406	2.1	39.2
Query_39091	XM_035723019.1	100.000	21	0	0	1	21	428	408	2.1	39.2
Query_39091	XM_017973507.2	100.000	21	0	0	1	21	529	509	2.1	39.2


