# blastn
# Iteration: 0
# Query: 
# RID: 7RK826XY016
# Database: nt
# Fields: query acc.ver, subject acc.ver, % identity, alignment length, mismatches, gap opens, q. start, q. end, s. start, s. end, evalue, bit score
# 100 hits found
Query_5261	XM_034950155.1	100.000	21	0	0	1	21	526	506	2.1	39.2
Query_5261	XM_003823547.3	100.000	21	0	0	1	21	714	694	2.1	39.2
Query_5261	XM_003823548.3	100.000	21	0	0	1	21	852	832	2.1	39.2
Query_5261	XM_034954600.1	100.000	21	0	0	1	21	868	848	2.1	39.2
Query_5261	XM_033230979.1	100.000	21	0	0	1	21	871	851	2.1	39.2
Query_5261	XM_033230978.1	100.000	21	0	0	1	21	665	645	2.1	39.2
Query_5261	XM_033230977.1	100.000	21	0	0	1	21	747	727	2.1	39.2
Query_5261	XM_033230976.1	100.000	21	0	0	1	21	916	896	2.1	39.2
Query_5261	XM_032903553.1	100.000	21	0	0	1	21	770	750	2.1	39.2
Query_5261	XM_032903552.1	100.000	21	0	0	1	21	1111	1091	2.1	39.2
Query_5261	XM_032272952.1	100.000	21	0	0	1	21	551	531	2.1	39.2
Query_5261	XR_004265519.1	100.000	21	0	0	1	21	790	770	2.1	39.2
Query_5261	XM_032292780.1	100.000	21	0	0	1	21	519	499	2.1	39.2
Query_5261	XM_032292779.1	100.000	21	0	0	1	21	519	499	2.1	39.2
Query_5261	XM_032292777.1	100.000	21	0	0	1	21	853	833	2.1	39.2
Query_5261	XM_032292776.1	100.000	21	0	0	1	21	854	834	2.1	39.2
Query_5261	XM_023212355.2	100.000	21	0	0	1	21	1123	1103	2.1	39.2
Query_5261	XR_004184310.1	100.000	21	0	0	1	21	893	873	2.1	39.2
Query_5261	XM_003907679.3	100.000	21	0	0	1	21	852	832	2.1	39.2
Query_5261	XM_009182552.3	100.000	21	0	0	1	21	858	838	2.1	39.2
Query_5261	XR_002004173.2	100.000	21	0	0	1	21	592	572	2.1	39.2
Query_5261	XM_010368677.2	100.000	21	0	0	1	21	853	833	2.1	39.2
Query_5261	XM_030916695.1	100.000	21	0	0	1	21	1029	1009	2.1	39.2
Query_5261	XM_003253799.3	100.000	21	0	0	1	21	874	854	2.1	39.2
Query_5261	XM_030802719.1	100.000	21	0	0	1	21	747	727	2.1	39.2
Query_5261	XM_030802718.1	100.000	21	0	0	1	21	937	917	2.1	39.2
Query_5261	XM_015110367.2	100.000	21	0	0	1	21	574	554	2.1	39.2
Query_5261	XM_015110366.2	100.000	21	0	0	1	21	853	833	2.1	39.2
Query_5261	NM_006357.4	100.000	21	0	0	1	21	872	852	2.1	39.2
Query_5261	XM_023212356.2	100.000	21	0	0	1	21	771	751	2.1	39.2
Query_5261	XM_028140875.1	100.000	21	0	0	1	21	581	561	2.1	39.2
Query_5261	XM_025404907.1	100.000	21	0	0	1	21	668	648	2.1	39.2
Query_5261	XM_025404906.1	100.000	21	0	0	1	21	855	835	2.1	39.2
Query_5261	XM_025404905.1	100.000	21	0	0	1	21	700	680	2.1	39.2
Query_5261	XM_025404904.1	100.000	21	0	0	1	21	763	743	2.1	39.2
Query_5261	XR_676614.3	100.000	21	0	0	1	21	679	659	2.1	39.2
Query_5261	XM_016950121.2	100.000	21	0	0	1	21	894	874	2.1	39.2
Query_5261	XR_653383.2	100.000	21	0	0	1	21	578	558	2.1	39.2
Query_5261	XM_024243530.1	100.000	21	0	0	1	21	553	533	2.1	39.2
Query_5261	XM_002812643.4	100.000	21	0	0	1	21	852	832	2.1	39.2
Query_5261	XM_002812644.4	100.000	21	0	0	1	21	853	833	2.1	39.2
Query_5261	XM_024243529.1	100.000	21	0	0	1	21	931	911	2.1	39.2
Query_5261	XR_001351029.2	100.000	21	0	0	1	21	523	503	2.1	39.2
Query_5261	XM_023744413.1	100.000	21	0	0	1	21	523	503	2.1	39.2
Query_5261	XM_021711812.1	100.000	21	0	0	1	21	760	740	2.1	39.2
Query_5261	XM_008057023.2	100.000	21	0	0	1	21	676	656	2.1	39.2
Query_5261	XR_002481281.1	100.000	21	0	0	1	21	566	546	2.1	39.2
Query_5261	XR_002481280.1	100.000	21	0	0	1	21	566	546	2.1	39.2
Query_5261	LT735466.1	100.000	21	0	0	1	21	965	945	2.1	39.2
Query_5261	XM_002749257.3	100.000	21	0	0	1	21	856	836	2.1	39.2
Query_5261	XM_017884055.1	100.000	21	0	0	1	21	820	800	2.1	39.2
Query_5261	XM_017884054.1	100.000	21	0	0	1	21	728	708	2.1	39.2
Query_5261	XM_515954.5	100.000	21	0	0	1	21	852	832	2.1	39.2
Query_5261	XM_016950122.1	100.000	21	0	0	1	21	593	573	2.1	39.2
Query_5261	XM_006760558.2	100.000	21	0	0	1	21	637	617	2.1	39.2
Query_5261	XR_001513331.1	100.000	21	0	0	1	21	503	483	2.1	39.2
Query_5261	XR_001490200.1	100.000	21	0	0	1	21	868	848	2.1	39.2
Query_5261	XR_001363782.1	100.000	21	0	0	1	21	625	605	2.1	39.2
Query_5261	XM_005857650.2	100.000	21	0	0	1	21	625	605	2.1	39.2
Query_5261	XM_012724555.1	100.000	21	0	0	1	21	595	575	2.1	39.2
Query_5261	XM_004674475.2	100.000	21	0	0	1	21	570	550	2.1	39.2
Query_5261	XM_012651218.1	100.000	21	0	0	1	21	736	716	2.1	39.2
Query_5261	XM_012651217.1	100.000	21	0	0	1	21	848	828	2.1	39.2
Query_5261	XM_012047169.1	100.000	21	0	0	1	21	518	498	2.1	39.2
Query_5261	XM_012047168.1	100.000	21	0	0	1	21	833	813	2.1	39.2
Query_5261	XM_012047167.1	100.000	21	0	0	1	21	741	721	2.1	39.2
Query_5261	XM_011772131.1	100.000	21	0	0	1	21	853	833	2.1	39.2
Query_5261	XM_011772130.1	100.000	21	0	0	1	21	858	838	2.1	39.2
Query_5261	XM_011966304.1	100.000	21	0	0	1	21	669	649	2.1	39.2
Query_5261	XM_011966303.1	100.000	21	0	0	1	21	761	741	2.1	39.2
Query_5261	XM_011966302.1	100.000	21	0	0	1	21	665	645	2.1	39.2
Query_5261	XM_011959436.1	100.000	21	0	0	1	21	651	631	2.1	39.2
Query_5261	XM_011959435.1	100.000	21	0	0	1	21	743	723	2.1	39.2
Query_5261	XM_011959434.1	100.000	21	0	0	1	21	647	627	2.1	39.2
Query_5261	XR_001007459.1	100.000	21	0	0	1	21	668	648	2.1	39.2
Query_5261	XR_001006059.1	100.000	21	0	0	1	21	676	656	2.1	39.2
Query_5261	XM_008580902.1	100.000	21	0	0	1	21	737	717	2.1	39.2
Query_5261	KJ893054.1	100.000	21	0	0	1	21	543	523	2.1	39.2
Query_5261	XM_005246244.2	100.000	21	0	0	1	21	853	833	2.1	39.2
Query_5261	NM_001047857.4	100.000	21	0	0	1	21	858	838	2.1	39.2
Query_5261	XM_006234405.4	100.000	21	0	0	1	21	801	781	2.1	39.2
Query_5261	XM_007965532.2	100.000	21	0	0	1	21	918	898	2.1	39.2
Query_5261	XM_007965531.2	100.000	21	0	0	1	21	848	828	2.1	39.2
Query_5261	XM_007965530.2	100.000	21	0	0	1	21	871	851	2.1	39.2
Query_5261	XM_037735836.1	100.000	21	0	0	1	21	493	473	2.1	39.2
Query_5261	XM_017532745.2	100.000	21	0	0	1	21	924	904	2.1	39.2
Query_5261	XM_017532744.2	100.000	21	0	0	1	21	854	834	2.1	39.2
Query_5261	XM_017532743.2	100.000	21	0	0	1	21	933	913	2.1	39.2
Query_5261	XR_004984923.1	100.000	21	0	0	1	21	854	834	2.1	39.2
Query_5261	XM_036421414.1	100.000	21	0	0	1	21	854	834	2.1	39.2
Query_5261	XR_004969263.1	100.000	21	0	0	1	21	848	828	2.1	39.2
Query_5261	XM_036319158.1	100.000	21	0	0	1	21	833	813	2.1	39.2
Query_5261	XM_036319157.1	100.000	21	0	0	1	21	848	828	2.1	39.2
Query_5261	NM_182678.3	100.000	21	0	0	1	21	722	702	2.1	39.2
Query_5261	NM_001278554.2	100.000	21	0	0	1	21	923	903	2.1	39.2
Query_5261	NM_001278555.2	100.000	21	0	0	1	21	690	670	2.1	39.2
Query_5261	LR862364.1	100.000	21	0	0	1	21	48697616	48697596	2.1	39.2
Query_5261	XM_003733157.3	100.000	21	0	0	1	21	849	829	2.1	39.2
Query_5261	XM_035304362.1	100.000	21	0	0	1	21	991	971	2.1	39.2
Query_5261	NM_001284840.1	100.000	21	0	0	1	21	815	795	2.1	39.2


