# blastn
# Iteration: 0
# Query: 
# RID: 6S3U8FY0016
# Database: nt
# Fields: query acc.ver, subject acc.ver, % identity, alignment length, mismatches, gap opens, q. start, q. end, s. start, s. end, evalue, bit score
# 100 hits found
Query_35225	XM_008976634.2	100.000	21	0	0	1	21	483	463	2.1	39.2
Query_35225	XM_003823013.3	100.000	21	0	0	1	21	465	445	2.1	39.2
Query_35225	XM_033198362.1	100.000	21	0	0	1	21	436	416	2.1	39.2
Query_35225	XM_033198361.1	100.000	21	0	0	1	21	458	438	2.1	39.2
Query_35225	XM_033198360.1	100.000	21	0	0	1	21	458	438	2.1	39.2
Query_35225	XM_033198359.1	100.000	21	0	0	1	21	458	438	2.1	39.2
Query_35225	XM_033198358.1	100.000	21	0	0	1	21	352	332	2.1	39.2
Query_35225	XR_004434096.1	100.000	21	0	0	1	21	458	438	2.1	39.2
Query_35225	XM_033198357.1	100.000	21	0	0	1	21	706	686	2.1	39.2
Query_35225	XM_033198356.1	100.000	21	0	0	1	21	458	438	2.1	39.2
Query_35225	XR_004262057.1	100.000	21	0	0	1	21	397	377	2.1	39.2
Query_35225	XM_032288776.1	100.000	21	0	0	1	21	455	435	2.1	39.2
Query_35225	XM_032136927.1	100.000	21	0	0	1	21	441	421	2.1	39.2
Query_35225	XM_032136926.1	100.000	21	0	0	1	21	437	417	2.1	39.2
Query_35225	XM_031937139.1	100.000	21	0	0	1	21	882	862	2.1	39.2
Query_35225	XM_003767571.4	100.000	21	0	0	1	21	457	437	2.1	39.2
Query_35225	XM_023186845.3	100.000	21	0	0	1	21	820	800	2.1	39.2
Query_35225	XR_639001.4	100.000	21	0	0	1	21	481	461	2.1	39.2
Query_35225	XM_009189984.4	100.000	21	0	0	1	21	481	461	2.1	39.2
Query_35225	XM_019037287.2	100.000	21	0	0	1	21	441	421	2.1	39.2
Query_35225	XM_030930251.1	100.000	21	0	0	1	21	442	422	2.1	39.2
Query_35225	XM_010378845.2	100.000	21	0	0	1	21	465	445	2.1	39.2
Query_35225	XM_030930243.1	100.000	21	0	0	1	21	465	445	2.1	39.2
Query_35225	XM_012502075.2	100.000	21	0	0	1	21	437	417	2.1	39.2
Query_35225	XM_008830318.3	100.000	21	0	0	1	21	613	593	2.1	39.2
Query_35225	XM_017797433.2	100.000	21	0	0	1	21	482	462	2.1	39.2
Query_35225	XM_015120156.2	100.000	21	0	0	1	21	436	416	2.1	39.2
Query_35225	XM_015120144.2	100.000	21	0	0	1	21	470	450	2.1	39.2
Query_35225	XM_015120123.2	100.000	21	0	0	1	21	470	450	2.1	39.2
Query_35225	XM_026456675.1	100.000	21	0	0	1	21	457	437	2.1	39.2
Query_35225	XM_023186848.2	100.000	21	0	0	1	21	457	437	2.1	39.2
Query_35225	XM_023186846.2	100.000	21	0	0	1	21	457	437	2.1	39.2
Query_35225	XM_023186844.2	100.000	21	0	0	1	21	457	437	2.1	39.2
Query_35225	XM_025391108.1	100.000	21	0	0	1	21	441	421	2.1	39.2
Query_35225	XM_025391104.1	100.000	21	0	0	1	21	437	417	2.1	39.2
Query_35225	NM_014176.4	100.000	21	0	0	1	21	408	388	2.1	39.2
Query_35225	XM_011746666.2	100.000	21	0	0	1	21	436	416	2.1	39.2
Query_35225	XM_011746665.2	100.000	21	0	0	1	21	807	787	2.1	39.2
Query_35225	XM_011746664.2	100.000	21	0	0	1	21	679	659	2.1	39.2
Query_35225	XM_011746662.2	100.000	21	0	0	1	21	461	441	2.1	39.2
Query_35225	XM_009440790.2	100.000	21	0	0	1	21	457	437	2.1	39.2
Query_35225	XM_024350983.1	100.000	21	0	0	1	21	777	757	2.1	39.2
Query_35225	XM_514102.6	100.000	21	0	0	1	21	468	448	2.1	39.2
Query_35225	XM_024239242.1	100.000	21	0	0	1	21	806	786	2.1	39.2
Query_35225	XM_002809603.4	100.000	21	0	0	1	21	453	433	2.1	39.2
Query_35225	XM_003410227.3	100.000	21	0	0	1	21	720	700	2.1	39.2
Query_35225	XM_010590212.2	100.000	21	0	0	1	21	442	422	2.1	39.2
Query_35225	XM_023548265.1	100.000	21	0	0	1	21	2661	2641	2.1	39.2
Query_35225	XM_023186847.1	100.000	21	0	0	1	21	457	437	2.1	39.2
Query_35225	XM_003893291.3	100.000	21	0	0	1	21	481	461	2.1	39.2
Query_35225	LT735351.1	100.000	21	0	0	1	21	789	769	2.1	39.2
Query_35225	XM_004028164.2	100.000	21	0	0	1	21	437	417	2.1	39.2
Query_35225	XM_009189991.2	100.000	21	0	0	1	21	436	416	2.1	39.2
Query_35225	XM_017896496.1	100.000	21	0	0	1	21	437	417	2.1	39.2
Query_35225	XM_017896495.1	100.000	21	0	0	1	21	479	459	2.1	39.2
Query_35225	XM_017896494.1	100.000	21	0	0	1	21	479	459	2.1	39.2
Query_35225	XM_017896493.1	100.000	21	0	0	1	21	479	459	2.1	39.2
Query_35225	XM_017896491.1	100.000	21	0	0	1	21	310	290	2.1	39.2
Query_35225	XR_001890023.1	100.000	21	0	0	1	21	479	459	2.1	39.2
Query_35225	XM_017896490.1	100.000	21	0	0	1	21	600	580	2.1	39.2
Query_35225	XM_017896489.1	100.000	21	0	0	1	21	479	459	2.1	39.2
Query_35225	XM_015448187.1	100.000	21	0	0	1	21	436	416	2.1	39.2
Query_35225	XM_015448182.1	100.000	21	0	0	1	21	473	453	2.1	39.2
Query_35225	XM_015448175.1	100.000	21	0	0	1	21	473	453	2.1	39.2
Query_35225	XM_005540454.2	100.000	21	0	0	1	21	473	453	2.1	39.2
Query_35225	XM_005540453.2	100.000	21	0	0	1	21	407	387	2.1	39.2
Query_35225	XM_005540452.2	100.000	21	0	0	1	21	803	783	2.1	39.2
Query_35225	XM_005540451.2	100.000	21	0	0	1	21	669	649	2.1	39.2
Query_35225	XM_005540450.2	100.000	21	0	0	1	21	473	453	2.1	39.2
Query_35225	XM_012459474.1	100.000	21	0	0	1	21	448	428	2.1	39.2
Query_35225	XM_011931764.1	100.000	21	0	0	1	21	437	417	2.1	39.2
Query_35225	XM_011746661.1	100.000	21	0	0	1	21	461	441	2.1	39.2
Query_35225	XM_012037510.1	100.000	21	0	0	1	21	395	375	2.1	39.2
Query_35225	XM_012037503.1	100.000	21	0	0	1	21	379	359	2.1	39.2
Query_35225	XM_012037497.1	100.000	21	0	0	1	21	563	543	2.1	39.2
Query_35225	XM_012037489.1	100.000	21	0	0	1	21	832	812	2.1	39.2
Query_35225	XM_012037480.1	100.000	21	0	0	1	21	445	425	2.1	39.2
Query_35225	XM_012037472.1	100.000	21	0	0	1	21	445	425	2.1	39.2
Query_35225	XM_011990525.1	100.000	21	0	0	1	21	400	380	2.1	39.2
Query_35225	XM_011990523.1	100.000	21	0	0	1	21	437	417	2.1	39.2
Query_35225	KJ893680.1	100.000	21	0	0	1	21	367	347	2.1	39.2
Query_35225	XM_007988939.2	100.000	21	0	0	1	21	407	387	2.1	39.2
Query_35225	XM_037985742.1	100.000	21	0	0	1	21	757	737	2.1	39.2
Query_35225	XM_007988937.2	100.000	21	0	0	1	21	473	453	2.1	39.2
Query_35225	XM_007988936.2	100.000	21	0	0	1	21	472	452	2.1	39.2
Query_35225	XM_017520112.2	100.000	21	0	0	1	21	428	408	2.1	39.2
Query_35225	XM_037727245.1	100.000	21	0	0	1	21	397	377	2.1	39.2
Query_35225	NM_001310326.2	100.000	21	0	0	1	21	412	392	2.1	39.2
Query_35225	XM_035280890.1	100.000	21	0	0	1	21	764	744	2.1	39.2
Query_35225	XM_035280892.1	100.000	21	0	0	1	21	478	458	2.1	39.2
Query_35225	XM_002760652.4	100.000	21	0	0	1	21	455	435	2.1	39.2
Query_35225	CU678592.1	100.000	21	0	0	1	21	318	298	2.1	39.2
Query_35225	DQ895975.2	100.000	21	0	0	1	21	324	304	2.1	39.2
Query_35225	DQ892729.2	100.000	21	0	0	1	21	324	304	2.1	39.2
Query_35225	BC019284.1	100.000	21	0	0	1	21	400	380	2.1	39.2
Query_35225	BC004152.2	100.000	21	0	0	1	21	400	380	2.1	39.2
Query_35225	AF160215.1	100.000	21	0	0	1	21	395	375	2.1	39.2
Query_35225	AK000504.1	100.000	21	0	0	1	21	393	373	2.1	39.2
Query_35225	AF161499.1	100.000	21	0	0	1	21	428	408	2.1	39.2
Query_35225	AY542309.1	100.000	21	0	0	1	21	303	283	2.1	39.2


