# blastn
# Iteration: 0
# Query: 
# RID: 8YYD2ZFS016
# Database: nt
# Fields: query acc.ver, subject acc.ver, % identity, alignment length, mismatches, gap opens, q. start, q. end, s. start, s. end, evalue, bit score
# 44 hits found
Query_59679	XM_032887115.1	100.000	21	0	0	1	21	633	613	2.1	39.2
Query_59679	XM_032887114.1	100.000	21	0	0	1	21	885	865	2.1	39.2
Query_59679	XM_032887113.1	100.000	21	0	0	1	21	849	829	2.1	39.2
Query_59679	XM_032887111.1	100.000	21	0	0	1	21	849	829	2.1	39.2
Query_59679	XM_032887110.1	100.000	21	0	0	1	21	849	829	2.1	39.2
Query_59679	MK695949.1	100.000	21	0	0	1	21	786	766	2.1	39.2
Query_59679	CP001322.1	100.000	21	0	0	1	21	3081975	3081995	2.1	39.2
Query_59679	XM_028777391.1	100.000	21	0	0	1	21	889	869	2.1	39.2
Query_59679	XM_028777390.1	100.000	21	0	0	1	21	889	869	2.1	39.2
Query_59679	XM_028777389.1	100.000	21	0	0	1	21	889	869	2.1	39.2
Query_59679	XM_028777387.1	100.000	21	0	0	1	21	925	905	2.1	39.2
Query_59679	XM_018241800.1	100.000	21	0	0	1	21	2151	2131	2.1	39.2
Query_59679	XM_018260337.1	100.000	21	0	0	1	21	1623	1603	2.1	39.2
Query_59679	XM_005085304.4	100.000	21	0	0	1	21	833	813	2.1	39.2
Query_59679	XR_005491585.1	100.000	21	0	0	1	21	1148	1128	2.1	39.2
Query_59679	XM_039089009.1	100.000	21	0	0	1	21	677	657	2.1	39.2
Query_59679	XM_039089008.1	100.000	21	0	0	1	21	814	794	2.1	39.2
Query_59679	XM_039089007.1	100.000	21	0	0	1	21	793	773	2.1	39.2
Query_59679	XM_008769306.3	100.000	21	0	0	1	21	758	738	2.1	39.2
Query_59679	XM_017598236.2	100.000	21	0	0	1	21	1035	1015	2.1	39.2
Query_59679	XM_006249517.4	100.000	21	0	0	1	21	1080	1060	2.1	39.2
Query_59679	XM_006249516.4	100.000	21	0	0	1	21	1116	1096	2.1	39.2
Query_59679	XM_039089005.1	100.000	21	0	0	1	21	951	931	2.1	39.2
Query_59679	XM_017598235.2	100.000	21	0	0	1	21	984	964	2.1	39.2
Query_59679	XM_008769305.3	100.000	21	0	0	1	21	999	979	2.1	39.2
Query_59679	XM_017598234.2	100.000	21	0	0	1	21	1035	1015	2.1	39.2
Query_59679	XM_006249515.4	100.000	21	0	0	1	21	1116	1096	2.1	39.2
Query_59679	NM_053656.3	100.000	21	0	0	1	21	807	787	2.1	39.2
Query_59679	LR877230.1	100.000	21	0	0	1	21	65621835	65621815	2.1	39.2
Query_59679	AF064549.1	100.000	21	0	0	1	21	844	824	2.1	39.2
Query_59679	AF020759.1	100.000	21	0	0	1	21	769	749	2.1	39.2
Query_59679	AF020758.1	100.000	21	0	0	1	21	847	827	2.1	39.2
Query_59679	AF020757.1	100.000	21	0	0	1	21	753	733	2.1	39.2
Query_59679	AF020756.1	100.000	21	0	0	1	21	707	687	2.1	39.2
Query_59679	AF013241.1	100.000	21	0	0	1	21	32	12	2.1	39.2
Query_59679	Y10475.1	100.000	21	0	0	1	21	843	823	2.1	39.2
Query_59679	Y10474.1	100.000	21	0	0	1	21	789	769	2.1	39.2
Query_59679	Y10473.1	100.000	21	0	0	1	21	807	787	2.1	39.2
Query_59679	Y09910.1	100.000	21	0	0	1	21	1734	1714	2.1	39.2
Query_59679	U14414.1	100.000	21	0	0	1	21	807	787	2.1	39.2
Query_59679	AP023672.1	100.000	20	0	0	2	21	24371	24390	7.4	37.4
Query_59679	AP023648.1	100.000	20	0	0	2	21	4354	4335	7.4	37.4
Query_59679	AP023648.1	100.000	20	0	0	2	21	8443	8424	7.4	37.4
Query_59679	AC160563.2	100.000	20	0	0	2	21	141895	141876	7.4	37.4


