# blastn
# Iteration: 0
# Query: 
# RID: 9PPHMSYM016
# Database: nt
# Fields: query acc.ver, subject acc.ver, % identity, alignment length, mismatches, gap opens, q. start, q. end, s. start, s. end, evalue, bit score
# 100 hits found
Query_29833	XM_034995424.1	100.000	21	0	0	1	21	230	210	2.1	39.2
Query_29833	XM_034932122.1	100.000	21	0	0	1	21	435	415	2.1	39.2
Query_29833	XR_004664993.1	100.000	21	0	0	1	21	411	391	2.1	39.2
Query_29833	XM_034932121.1	100.000	21	0	0	1	21	441	421	2.1	39.2
Query_29833	XM_034932120.1	100.000	21	0	0	1	21	51	31	2.1	39.2
Query_29833	XM_034932116.1	100.000	21	0	0	1	21	435	415	2.1	39.2
Query_29833	XM_034932115.1	100.000	21	0	0	1	21	435	415	2.1	39.2
Query_29833	XM_034666539.1	100.000	21	0	0	1	21	415	395	2.1	39.2
Query_29833	XM_034666538.1	100.000	21	0	0	1	21	415	395	2.1	39.2
Query_29833	XM_011220930.3	100.000	21	0	0	1	21	410	390	2.1	39.2
Query_29833	XM_027942433.2	100.000	21	0	0	1	21	444	424	2.1	39.2
Query_29833	XM_034495199.1	100.000	21	0	0	1	21	408	388	2.1	39.2
Query_29833	CP050601.1	100.000	21	0	0	1	21	32811431	32811451	2.1	39.2
Query_29833	CP050624.1	100.000	21	0	0	1	21	32797766	32797786	2.1	39.2
Query_29833	XM_033207623.1	100.000	21	0	0	1	21	487	467	2.1	39.2
Query_29833	XR_004436191.1	100.000	21	0	0	1	21	490	470	2.1	39.2
Query_29833	XR_004436190.1	100.000	21	0	0	1	21	425	405	2.1	39.2
Query_29833	XM_033207622.1	100.000	21	0	0	1	21	486	466	2.1	39.2
Query_29833	XM_032892923.1	100.000	21	0	0	1	21	160	140	2.1	39.2
Query_29833	XM_032853438.1	100.000	21	0	0	1	21	188	168	2.1	39.2
Query_29833	XR_004382158.1	100.000	21	0	0	1	21	190	170	2.1	39.2
Query_29833	XM_032853437.1	100.000	21	0	0	1	21	189	169	2.1	39.2
Query_29833	XM_032853436.1	100.000	21	0	0	1	21	189	169	2.1	39.2
Query_29833	XM_032853434.1	100.000	21	0	0	1	21	187	167	2.1	39.2
Query_29833	XM_032166649.2	100.000	21	0	0	1	21	104	84	2.1	39.2
Query_29833	XM_032641658.1	100.000	21	0	0	1	21	470	450	2.1	39.2
Query_29833	XM_032641656.1	100.000	21	0	0	1	21	466	446	2.1	39.2
Query_29833	XM_032489050.1	100.000	21	0	0	1	21	493	473	2.1	39.2
Query_29833	XM_032489049.1	100.000	21	0	0	1	21	494	474	2.1	39.2
Query_29833	XM_032489048.1	100.000	21	0	0	1	21	492	472	2.1	39.2
Query_29833	XM_032489047.1	100.000	21	0	0	1	21	493	473	2.1	39.2
Query_29833	XM_032427393.1	100.000	21	0	0	1	21	191	171	2.1	39.2
Query_29833	XM_032357951.1	100.000	21	0	0	1	21	260	240	2.1	39.2
Query_29833	XM_032357950.1	100.000	21	0	0	1	21	260	240	2.1	39.2
Query_29833	XM_032357949.1	100.000	21	0	0	1	21	260	240	2.1	39.2
Query_29833	XM_032357947.1	100.000	21	0	0	1	21	259	239	2.1	39.2
Query_29833	XM_032240510.1	100.000	21	0	0	1	21	249	229	2.1	39.2
Query_29833	XM_032166651.1	100.000	21	0	0	1	21	71	51	2.1	39.2
Query_29833	XR_004250229.1	100.000	21	0	0	1	21	45	25	2.1	39.2
Query_29833	XM_023189815.3	100.000	21	0	0	1	21	504	484	2.1	39.2
Query_29833	XM_023189814.3	100.000	21	0	0	1	21	503	483	2.1	39.2
Query_29833	XM_031681219.1	100.000	21	0	0	1	21	70	50	2.1	39.2
Query_29833	XM_031653328.1	100.000	21	0	0	1	21	491	471	2.1	39.2
Query_29833	XR_004177484.1	100.000	21	0	0	1	21	491	471	2.1	39.2
Query_29833	XR_004177483.1	100.000	21	0	0	1	21	491	471	2.1	39.2
Query_29833	XR_004177482.1	100.000	21	0	0	1	21	433	413	2.1	39.2
Query_29833	XR_004177481.1	100.000	21	0	0	1	21	491	471	2.1	39.2
Query_29833	XM_031653326.1	100.000	21	0	0	1	21	457	437	2.1	39.2
Query_29833	XM_021926103.2	100.000	21	0	0	1	21	491	471	2.1	39.2
Query_29833	XM_031460053.1	100.000	21	0	0	1	21	153	133	2.1	39.2
Query_29833	XM_031460052.1	100.000	21	0	0	1	21	153	133	2.1	39.2
Query_29833	XM_031387836.1	100.000	21	0	0	1	21	423	403	2.1	39.2
Query_29833	XM_031387835.1	100.000	21	0	0	1	21	422	402	2.1	39.2
Query_29833	XM_004050666.3	100.000	21	0	0	1	21	476	456	2.1	39.2
Query_29833	XM_004050664.3	100.000	21	0	0	1	21	476	456	2.1	39.2
Query_29833	XM_030917678.1	100.000	21	0	0	1	21	481	461	2.1	39.2
Query_29833	XM_040756482.1	100.000	21	0	0	1	21	191	171	2.1	39.2
Query_29833	XM_040756462.1	100.000	21	0	0	1	21	191	171	2.1	39.2
Query_29833	XM_040630769.1	100.000	21	0	0	1	21	183	163	2.1	39.2
Query_29833	XM_040630768.1	100.000	21	0	0	1	21	186	166	2.1	39.2
Query_29833	XM_040630767.1	100.000	21	0	0	1	21	180	160	2.1	39.2
Query_29833	XM_040630766.1	100.000	21	0	0	1	21	145	125	2.1	39.2
Query_29833	XM_040630765.1	100.000	21	0	0	1	21	183	163	2.1	39.2
Query_29833	XM_040456925.1	100.000	21	0	0	1	21	198	178	2.1	39.2
Query_29833	XM_040456923.1	100.000	21	0	0	1	21	201	181	2.1	39.2
Query_29833	XM_040456922.1	100.000	21	0	0	1	21	201	181	2.1	39.2
Query_29833	HG994405.1	100.000	21	0	0	1	21	18293979	18293959	2.1	39.2
Query_29833	XM_039863542.1	100.000	21	0	0	1	21	205	185	2.1	39.2
Query_29833	XM_039470497.1	100.000	21	0	0	1	21	507	487	2.1	39.2
Query_29833	XM_039470495.1	100.000	21	0	0	1	21	507	487	2.1	39.2
Query_29833	XM_039244588.1	100.000	21	0	0	1	21	194	174	2.1	39.2
Query_29833	XM_039078190.1	100.000	21	0	0	1	21	449	429	2.1	39.2
Query_29833	XM_038430473.1	100.000	21	0	0	1	21	202	182	2.1	39.2
Query_29833	XM_038430472.1	100.000	21	0	0	1	21	202	182	2.1	39.2
Query_29833	XM_038341029.1	100.000	21	0	0	1	21	193	173	2.1	39.2
Query_29833	XM_038341024.1	100.000	21	0	0	1	21	193	173	2.1	39.2
Query_29833	XM_037999737.1	100.000	21	0	0	1	21	470	450	2.1	39.2
Query_29833	XM_008007293.2	100.000	21	0	0	1	21	470	450	2.1	39.2
Query_29833	XM_037840027.1	100.000	21	0	0	1	21	407	387	2.1	39.2
Query_29833	XM_037840026.1	100.000	21	0	0	1	21	400	380	2.1	39.2
Query_29833	XM_017500309.2	100.000	21	0	0	1	21	177	157	2.1	39.2
Query_29833	XM_037522637.1	100.000	21	0	0	1	21	434	414	2.1	39.2
Query_29833	XM_028894622.2	100.000	21	0	0	1	21	401	381	2.1	39.2
Query_29833	XM_028894620.2	100.000	21	0	0	1	21	400	380	2.1	39.2
Query_29833	XM_036860164.1	100.000	21	0	0	1	21	212	192	2.1	39.2
Query_29833	XM_016147368.2	100.000	21	0	0	1	21	447	427	2.1	39.2
Query_29833	XM_036221862.1	100.000	21	0	0	1	21	190	170	2.1	39.2
Query_29833	XM_016147367.2	100.000	21	0	0	1	21	447	427	2.1	39.2
Query_29833	XM_036189007.1	100.000	21	0	0	1	21	352	332	2.1	39.2
Query_29833	XM_036188991.1	100.000	21	0	0	1	21	395	375	2.1	39.2
Query_29833	XM_036068899.1	100.000	21	0	0	1	21	214	194	2.1	39.2
Query_29833	LR877218.1	100.000	21	0	0	1	21	59431704	59431724	2.1	39.2
Query_29833	XM_027578364.2	100.000	21	0	0	1	21	301	281	2.1	39.2
Query_29833	XM_027578363.2	100.000	21	0	0	1	21	301	281	2.1	39.2
Query_29833	XM_027578362.2	100.000	21	0	0	1	21	301	281	2.1	39.2
Query_29833	XM_035437289.1	100.000	21	0	0	1	21	207	187	2.1	39.2
Query_29833	XR_004767501.1	100.000	21	0	0	1	21	207	187	2.1	39.2
Query_29833	XM_003513382.4	100.000	21	0	0	1	21	207	187	2.1	39.2
Query_29833	XM_017977897.2	100.000	21	0	0	1	21	470	450	2.1	39.2
Query_29833	XM_002755025.4	100.000	21	0	0	1	21	470	450	2.1	39.2


