# blastn
# Iteration: 0
# Query: 
# RID: 6ZSF47UU016
# Database: nt
# Fields: query acc.ver, subject acc.ver, % identity, alignment length, mismatches, gap opens, q. start, q. end, s. start, s. end, evalue, bit score
# 39 hits found
Query_35953	XM_032915907.1	100.000	21	0	0	1	21	1137	1117	2.1	39.2
Query_35953	XM_021163845.2	100.000	21	0	0	1	21	1131	1111	2.1	39.2
Query_35953	XM_005365945.3	100.000	21	0	0	1	21	1100	1080	2.1	39.2
Query_35953	XM_006985601.2	100.000	21	0	0	1	21	1136	1116	2.1	39.2
Query_35953	XM_038339243.1	100.000	21	0	0	1	21	1131	1111	2.1	39.2
Query_35953	XM_028882342.2	100.000	21	0	0	1	21	1143	1123	2.1	39.2
Query_35953	LR877238.1	100.000	21	0	0	1	21	51282484	51282504	2.1	39.2
Query_35953	LR877238.1	100.000	21	0	0	1	21	51314858	51314878	2.1	39.2
Query_35953	LR877238.1	100.000	21	0	0	1	21	51617335	51617315	2.1	39.2
Query_35953	LR877238.1	100.000	21	0	0	1	21	51649692	51649672	2.1	39.2
Query_35953	LR877210.1	100.000	21	0	0	1	21	9865118	9865098	2.1	39.2
Query_35953	LR877197.1	100.000	21	0	0	1	21	31003204	31003224	2.1	39.2
Query_35953	FQ214550.1	100.000	21	0	0	1	21	1097	1077	2.1	39.2
Query_35953	FQ216757.1	100.000	21	0	0	1	21	1102	1082	2.1	39.2
Query_35953	FQ213111.1	100.000	21	0	0	1	21	1098	1078	2.1	39.2
Query_35953	FQ225334.1	100.000	21	0	0	1	21	1099	1079	2.1	39.2
Query_35953	FQ228750.1	100.000	21	0	0	1	21	1097	1077	2.1	39.2
Query_35953	FQ213948.1	100.000	21	0	0	1	21	786	766	2.1	39.2
Query_35953	NG_006685.3	100.000	21	0	0	1	21	1178	1158	2.1	39.2
Query_35953	NM_026242.3	100.000	21	0	0	1	21	1126	1106	2.1	39.2
Query_35953	AC169036.3	100.000	21	0	0	1	21	131585	131605	2.1	39.2
Query_35953	BC085488.1	100.000	21	0	0	1	21	971	951	2.1	39.2
Query_35953	AC114605.11	100.000	21	0	0	1	21	110247	110227	2.1	39.2
Query_35953	AC112683.10	100.000	21	0	0	1	21	194668	194648	2.1	39.2
Query_35953	AC139214.12	100.000	21	0	0	1	21	1700	1680	2.1	39.2
Query_35953	AK170984.1	100.000	21	0	0	1	21	1108	1088	2.1	39.2
Query_35953	AK170909.1	100.000	21	0	0	1	21	1104	1084	2.1	39.2
Query_35953	AK170789.1	100.000	21	0	0	1	21	1076	1056	2.1	39.2
Query_35953	AK159464.1	100.000	21	0	0	1	21	1115	1095	2.1	39.2
Query_35953	AK167112.1	100.000	21	0	0	1	21	1107	1087	2.1	39.2
Query_35953	AK020049.1	100.000	21	0	0	1	21	1094	1074	2.1	39.2
Query_35953	AK018675.1	100.000	21	0	0	1	21	1076	1056	2.1	39.2
Query_35953	AK017832.1	100.000	21	0	0	1	21	1108	1088	2.1	39.2
Query_35953	AK009827.1	100.000	21	0	0	1	21	1084	1064	2.1	39.2
Query_35953	AK005313.1	100.000	21	0	0	1	21	1118	1098	2.1	39.2
Query_35953	AC154476.2	100.000	21	0	0	1	21	78100	78120	2.1	39.2
Query_35953	NM_001009264.1	100.000	21	0	0	1	21	1077	1057	2.1	39.2
Query_35953	BC010209.1	100.000	21	0	0	1	21	1095	1075	2.1	39.2
Query_35953	AB041651.1	100.000	21	0	0	1	21	1106	1086	2.1	39.2


