# blastn
# Iteration: 0
# Query: 
# RID: 7RHVAMEX016
# Database: nt
# Fields: query acc.ver, subject acc.ver, % identity, alignment length, mismatches, gap opens, q. start, q. end, s. start, s. end, evalue, bit score
# 100 hits found
Query_12627	XR_004676345.1	100.000	21	0	0	1	21	539	519	2.1	39.2
Query_12627	XM_034989324.1	100.000	21	0	0	1	21	537	517	2.1	39.2
Query_12627	XM_034941314.1	100.000	21	0	0	1	21	586	566	2.1	39.2
Query_12627	AP023165.1	100.000	21	0	0	1	21	803282	803302	2.1	39.2
Query_12627	XM_019926857.2	100.000	21	0	0	1	21	596	576	2.1	39.2
Query_12627	XR_004523990.1	100.000	21	0	0	1	21	599	579	2.1	39.2
Query_12627	XR_004523989.1	100.000	21	0	0	1	21	599	579	2.1	39.2
Query_12627	XM_019926856.2	100.000	21	0	0	1	21	593	573	2.1	39.2
Query_12627	XM_033764015.1	100.000	21	0	0	1	21	230	210	2.1	39.2
Query_12627	XM_004267021.3	100.000	21	0	0	1	21	596	576	2.1	39.2
Query_12627	XR_004481917.1	100.000	21	0	0	1	21	606	586	2.1	39.2
Query_12627	XR_004481916.1	100.000	21	0	0	1	21	606	586	2.1	39.2
Query_12627	XM_033423172.1	100.000	21	0	0	1	21	601	581	2.1	39.2
Query_12627	XR_004430887.1	100.000	21	0	0	1	21	317	297	2.1	39.2
Query_12627	XR_004430886.1	100.000	21	0	0	1	21	570	550	2.1	39.2
Query_12627	XR_004430885.1	100.000	21	0	0	1	21	540	520	2.1	39.2
Query_12627	XR_004430884.1	100.000	21	0	0	1	21	446	426	2.1	39.2
Query_12627	XR_004430883.1	100.000	21	0	0	1	21	417	397	2.1	39.2
Query_12627	XM_033185036.1	100.000	21	0	0	1	21	601	581	2.1	39.2
Query_12627	XM_033090559.1	100.000	21	0	0	1	21	716	696	2.1	39.2
Query_12627	XM_032616401.1	100.000	21	0	0	1	21	611	591	2.1	39.2
Query_12627	XM_032498029.1	100.000	21	0	0	1	21	594	574	2.1	39.2
Query_12627	XM_032431655.1	100.000	21	0	0	1	21	593	573	2.1	39.2
Query_12627	XR_004266175.1	100.000	21	0	0	1	21	673	653	2.1	39.2
Query_12627	XM_032271694.1	100.000	21	0	0	1	21	182	162	2.1	39.2
Query_12627	XR_004262992.1	100.000	21	0	0	1	21	246	226	2.1	39.2
Query_12627	XM_032138345.1	100.000	21	0	0	1	21	604	584	2.1	39.2
Query_12627	XM_023184506.2	100.000	21	0	0	1	21	592	572	2.1	39.2
Query_12627	XR_004179314.1	100.000	21	0	0	1	21	925	905	2.1	39.2
Query_12627	XR_004179313.1	100.000	21	0	0	1	21	317	297	2.1	39.2
Query_12627	XM_003912123.3	100.000	21	0	0	1	21	595	575	2.1	39.2
Query_12627	XM_017950278.3	100.000	21	0	0	1	21	433	413	2.1	39.2
Query_12627	XM_031469532.1	100.000	21	0	0	1	21	594	574	2.1	39.2
Query_12627	XM_031352752.1	100.000	21	0	0	1	21	648	628	2.1	39.2
Query_12627	XM_006748196.2	100.000	21	0	0	1	21	248	228	2.1	39.2
Query_12627	XM_004058312.3	100.000	21	0	0	1	21	595	575	2.1	39.2
Query_12627	XM_010382186.2	100.000	21	0	0	1	21	595	575	2.1	39.2
Query_12627	XM_030861713.1	100.000	21	0	0	1	21	596	576	2.1	39.2
Query_12627	XR_004040642.1	100.000	21	0	0	1	21	600	580	2.1	39.2
Query_12627	XR_004040641.1	100.000	21	0	0	1	21	600	580	2.1	39.2
Query_12627	XM_030861711.1	100.000	21	0	0	1	21	596	576	2.1	39.2
Query_12627	XM_030800357.1	100.000	21	0	0	1	21	595	575	2.1	39.2
Query_12627	XM_022595421.2	100.000	21	0	0	1	21	616	596	2.1	39.2
Query_12627	XM_030296088.1	100.000	21	0	0	1	21	278	258	2.1	39.2
Query_12627	XM_008855635.3	100.000	21	0	0	1	21	548	528	2.1	39.2
Query_12627	XM_029211108.1	100.000	21	0	0	1	21	601	581	2.1	39.2
Query_12627	XR_001440232.2	100.000	21	0	0	1	21	688	668	2.1	39.2
Query_12627	XR_001440230.2	100.000	21	0	0	1	21	461	441	2.1	39.2
Query_12627	XM_015118270.2	100.000	21	0	0	1	21	590	570	2.1	39.2
Query_12627	XM_028835904.1	100.000	21	0	0	1	21	318	298	2.1	39.2
Query_12627	XM_028787284.1	100.000	21	0	0	1	21	565	545	2.1	39.2
Query_12627	XM_028534147.1	100.000	21	0	0	1	21	590	570	2.1	39.2
Query_12627	XM_028498186.1	100.000	21	0	0	1	21	600	580	2.1	39.2
Query_12627	XR_003614222.1	100.000	21	0	0	1	21	818	798	2.1	39.2
Query_12627	XM_008156752.2	100.000	21	0	0	1	21	577	557	2.1	39.2
Query_12627	XM_028133010.1	100.000	21	0	0	1	21	918	898	2.1	39.2
Query_12627	XM_028133009.1	100.000	21	0	0	1	21	800	780	2.1	39.2
Query_12627	XR_003614221.1	100.000	21	0	0	1	21	891	871	2.1	39.2
Query_12627	XM_028133008.1	100.000	21	0	0	1	21	888	868	2.1	39.2
Query_12627	XM_007177418.2	100.000	21	0	0	1	21	212	192	2.1	39.2
Query_12627	XM_040453568.1	100.000	21	0	0	1	21	190	170	2.1	39.2
Query_12627	XM_040453567.1	100.000	21	0	0	1	21	245	225	2.1	39.2
Query_12627	XM_040270543.1	100.000	21	0	0	1	21	767	747	2.1	39.2
Query_12627	XR_005721604.1	100.000	21	0	0	1	21	640	620	2.1	39.2
Query_12627	XR_005721603.1	100.000	21	0	0	1	21	670	650	2.1	39.2
Query_12627	XM_040243712.1	100.000	21	0	0	1	21	604	584	2.1	39.2
Query_12627	XR_005658082.1	100.000	21	0	0	1	21	418	398	2.1	39.2
Query_12627	XM_039886420.1	100.000	21	0	0	1	21	587	567	2.1	39.2
Query_12627	XM_039476665.1	100.000	21	0	0	1	21	616	596	2.1	39.2
Query_12627	XM_039254527.1	100.000	21	0	0	1	21	851	831	2.1	39.2
Query_12627	CP068261.1	100.000	21	0	0	1	21	4186270	4186290	2.1	39.2
Query_12627	XR_005236751.1	100.000	21	0	0	1	21	427	407	2.1	39.2
Query_12627	XR_005236750.1	100.000	21	0	0	1	21	415	395	2.1	39.2
Query_12627	XM_008009911.2	100.000	21	0	0	1	21	599	579	2.1	39.2
Query_12627	XM_037810445.1	100.000	21	0	0	1	21	578	558	2.1	39.2
Query_12627	XM_037801494.1	100.000	21	0	0	1	21	405	385	2.1	39.2
Query_12627	XM_017512180.2	100.000	21	0	0	1	21	588	568	2.1	39.2
Query_12627	XM_037495089.1	100.000	21	0	0	1	21	560	540	2.1	39.2
Query_12627	XM_037133033.1	100.000	21	0	0	1	21	593	573	2.1	39.2
Query_12627	XM_037029619.1	100.000	21	0	0	1	21	590	570	2.1	39.2
Query_12627	XM_036452373.1	100.000	21	0	0	1	21	588	568	2.1	39.2
Query_12627	XM_036341263.1	100.000	21	0	0	1	21	378	358	2.1	39.2
Query_12627	XM_036341262.1	100.000	21	0	0	1	21	551	531	2.1	39.2
Query_12627	XM_036341261.1	100.000	21	0	0	1	21	323	303	2.1	39.2
Query_12627	XM_036341260.1	100.000	21	0	0	1	21	332	312	2.1	39.2
Query_12627	XM_036318344.1	100.000	21	0	0	1	21	287	267	2.1	39.2
Query_12627	XM_036268448.1	100.000	21	0	0	1	21	489	469	2.1	39.2
Query_12627	XM_016138806.2	100.000	21	0	0	1	21	701	681	2.1	39.2
Query_12627	AP023477.1	100.000	21	0	0	1	21	4370164	4370184	2.1	39.2
Query_12627	XM_036078415.1	100.000	21	0	0	1	21	556	536	2.1	39.2
Query_12627	XM_036078414.1	100.000	21	0	0	1	21	356	336	2.1	39.2
Query_12627	XM_036078412.1	100.000	21	0	0	1	21	356	336	2.1	39.2
Query_12627	NM_003342.5	100.000	21	0	0	1	21	592	572	2.1	39.2
Query_12627	XM_027625410.2	100.000	21	0	0	1	21	566	546	2.1	39.2
Query_12627	XM_027625409.2	100.000	21	0	0	1	21	697	677	2.1	39.2
Query_12627	XM_027625408.2	100.000	21	0	0	1	21	386	366	2.1	39.2
Query_12627	XM_027625406.2	100.000	21	0	0	1	21	386	366	2.1	39.2
Query_12627	LR862372.1	100.000	21	0	0	1	21	13636133	13636113	2.1	39.2
Query_12627	XR_004743113.1	100.000	21	0	0	1	21	684	664	2.1	39.2
Query_12627	XM_002747845.5	100.000	21	0	0	1	21	605	585	2.1	39.2


