# blastn
# Iteration: 0
# Query: 
# RID: 9PW1Y73B016
# Database: nt
# Fields: query acc.ver, subject acc.ver, % identity, alignment length, mismatches, gap opens, q. start, q. end, s. start, s. end, evalue, bit score
# 100 hits found
Query_57481	XM_035005109.1	100.000	21	0	0	1	21	664	644	2.1	39.2
Query_57481	XM_035005108.1	100.000	21	0	0	1	21	1168	1148	2.1	39.2
Query_57481	XM_034958465.1	100.000	21	0	0	1	21	529	509	2.1	39.2
Query_57481	XM_034958464.1	100.000	21	0	0	1	21	640	620	2.1	39.2
Query_57481	XM_034771609.1	100.000	21	0	0	1	21	549	529	2.1	39.2
Query_57481	XM_040966395.1	100.000	21	0	0	1	21	879	859	2.1	39.2
Query_57481	XM_040966394.1	100.000	21	0	0	1	21	585	565	2.1	39.2
Query_57481	XM_040966393.1	100.000	21	0	0	1	21	500	480	2.1	39.2
Query_57481	XM_040966392.1	100.000	21	0	0	1	21	470	450	2.1	39.2
Query_57481	XM_040966391.1	100.000	21	0	0	1	21	467	447	2.1	39.2
Query_57481	XM_040966389.1	100.000	21	0	0	1	21	671	651	2.1	39.2
Query_57481	XM_040625099.1	100.000	21	0	0	1	21	437	417	2.1	39.2
Query_57481	XM_008701503.2	100.000	21	0	0	1	21	590	570	2.1	39.2
Query_57481	XM_040485326.1	100.000	21	0	0	1	21	563	543	2.1	39.2
Query_57481	XM_040238047.1	100.000	21	0	0	1	21	496	476	2.1	39.2
Query_57481	XM_040238046.1	100.000	21	0	0	1	21	521	501	2.1	39.2
Query_57481	XM_040238045.1	100.000	21	0	0	1	21	558	538	2.1	39.2
Query_57481	XM_040238044.1	100.000	21	0	0	1	21	755	735	2.1	39.2
Query_57481	HG994384.1	100.000	21	0	0	1	21	74305488	74305508	2.1	39.2
Query_57481	XM_039539607.1	100.000	21	0	0	1	21	257	237	2.1	39.2
Query_57481	XM_039539606.1	100.000	21	0	0	1	21	583	563	2.1	39.2
Query_57481	XM_003940989.2	100.000	21	0	0	1	21	515	495	2.1	39.2
Query_57481	XM_039468204.1	100.000	21	0	0	1	21	534	514	2.1	39.2
Query_57481	XM_039226965.1	100.000	21	0	0	1	21	415	395	2.1	39.2
Query_57481	XM_039226963.1	100.000	21	0	0	1	21	658	638	2.1	39.2
Query_57481	XM_038661952.1	100.000	21	0	0	1	21	557	537	2.1	39.2
Query_57481	XM_038661951.1	100.000	21	0	0	1	21	520	500	2.1	39.2
Query_57481	XM_038661950.1	100.000	21	0	0	1	21	669	649	2.1	39.2
Query_57481	XM_022417228.2	100.000	21	0	0	1	21	557	537	2.1	39.2
Query_57481	XM_846094.6	100.000	21	0	0	1	21	520	500	2.1	39.2
Query_57481	XM_003434394.5	100.000	21	0	0	1	21	669	649	2.1	39.2
Query_57481	XM_038399662.1	100.000	21	0	0	1	21	505	485	2.1	39.2
Query_57481	XM_038399661.1	100.000	21	0	0	1	21	540	520	2.1	39.2
Query_57481	XM_038399660.1	100.000	21	0	0	1	21	464	444	2.1	39.2
Query_57481	XM_038008617.1	100.000	21	0	0	1	21	546	526	2.1	39.2
Query_57481	XM_008017600.2	100.000	21	0	0	1	21	718	698	2.1	39.2
Query_57481	XM_037897916.1	100.000	21	0	0	1	21	269	249	2.1	39.2
Query_57481	XM_037897915.1	100.000	21	0	0	1	21	548	528	2.1	39.2
Query_57481	XM_037897914.1	100.000	21	0	0	1	21	455	435	2.1	39.2
Query_57481	XR_001826530.2	100.000	21	0	0	1	21	587	567	2.1	39.2
Query_57481	XM_017527248.2	100.000	21	0	0	1	21	531	511	2.1	39.2
Query_57481	XM_017527245.2	100.000	21	0	0	1	21	718	698	2.1	39.2
Query_57481	XM_037530494.1	100.000	21	0	0	1	21	349	329	2.1	39.2
Query_57481	XM_037530493.1	100.000	21	0	0	1	21	645	625	2.1	39.2
Query_57481	XM_037138034.1	100.000	21	0	0	1	21	358	338	2.1	39.2
Query_57481	XM_037138033.1	100.000	21	0	0	1	21	660	640	2.1	39.2
Query_57481	XM_037064307.1	100.000	21	0	0	1	21	358	338	2.1	39.2
Query_57481	XM_037064306.1	100.000	21	0	0	1	21	644	624	2.1	39.2
Query_57481	XM_017662459.2	100.000	21	0	0	1	21	586	566	2.1	39.2
Query_57481	XM_036908505.1	100.000	21	0	0	1	21	588	568	2.1	39.2
Query_57481	XM_036853403.1	100.000	21	0	0	1	21	565	545	2.1	39.2
Query_57481	XM_036852348.1	100.000	21	0	0	1	21	638	618	2.1	39.2
Query_57481	XM_036852347.1	100.000	21	0	0	1	21	681	661	2.1	39.2
Query_57481	XM_036763187.1	100.000	21	0	0	1	21	466	446	2.1	39.2
Query_57481	XM_036763185.1	100.000	21	0	0	1	21	619	599	2.1	39.2
Query_57481	XM_036496828.1	100.000	21	0	0	1	21	379	359	2.1	39.2
Query_57481	XM_036496827.1	100.000	21	0	0	1	21	551	531	2.1	39.2
Query_57481	XM_036496826.1	100.000	21	0	0	1	21	471	451	2.1	39.2
Query_57481	XM_036418288.1	100.000	21	0	0	1	21	568	548	2.1	39.2
Query_57481	XM_036418282.1	100.000	21	0	0	1	21	666	646	2.1	39.2
Query_57481	XM_036331606.1	100.000	21	0	0	1	21	254	234	2.1	39.2
Query_57481	XM_036331597.1	100.000	21	0	0	1	21	308	288	2.1	39.2
Query_57481	XM_036331588.1	100.000	21	0	0	1	21	469	449	2.1	39.2
Query_57481	XM_036331578.1	100.000	21	0	0	1	21	410	390	2.1	39.2
Query_57481	XM_036331571.1	100.000	21	0	0	1	21	815	795	2.1	39.2
Query_57481	XM_036331560.1	100.000	21	0	0	1	21	433	413	2.1	39.2
Query_57481	XM_036331552.1	100.000	21	0	0	1	21	436	416	2.1	39.2
Query_57481	XM_036331544.1	100.000	21	0	0	1	21	497	477	2.1	39.2
Query_57481	XM_036258045.1	100.000	21	0	0	1	21	422	402	2.1	39.2
Query_57481	XM_036258037.1	100.000	21	0	0	1	21	488	468	2.1	39.2
Query_57481	XM_036258027.1	100.000	21	0	0	1	21	558	538	2.1	39.2
Query_57481	XM_036258018.1	100.000	21	0	0	1	21	593	573	2.1	39.2
Query_57481	XM_036258009.1	100.000	21	0	0	1	21	646	626	2.1	39.2
Query_57481	XM_036258001.1	100.000	21	0	0	1	21	645	625	2.1	39.2
Query_57481	XM_036228034.1	100.000	21	0	0	1	21	698	678	2.1	39.2
Query_57481	XM_036228033.1	100.000	21	0	0	1	21	491	471	2.1	39.2
Query_57481	XM_036228032.1	100.000	21	0	0	1	21	392	372	2.1	39.2
Query_57481	XM_036228031.1	100.000	21	0	0	1	21	539	519	2.1	39.2
Query_57481	XM_016119954.2	100.000	21	0	0	1	21	474	454	2.1	39.2
Query_57481	XM_016119953.2	100.000	21	0	0	1	21	646	626	2.1	39.2
Query_57481	XM_036228030.1	100.000	21	0	0	1	21	659	639	2.1	39.2
Query_57481	XM_036112050.1	100.000	21	0	0	1	21	511	491	2.1	39.2
Query_57481	XM_036112045.1	100.000	21	0	0	1	21	643	623	2.1	39.2
Query_57481	XM_036112039.1	100.000	21	0	0	1	21	469	449	2.1	39.2
Query_57481	XM_036112035.1	100.000	21	0	0	1	21	502	482	2.1	39.2
Query_57481	XM_036112026.1	100.000	21	0	0	1	21	585	565	2.1	39.2
Query_57481	XM_030314001.3	100.000	21	0	0	1	21	624	604	2.1	39.2
Query_57481	XM_028507672.2	100.000	21	0	0	1	21	529	509	2.1	39.2
Query_57481	XM_028507668.2	100.000	21	0	0	1	21	653	633	2.1	39.2
Query_57481	XM_035714481.1	100.000	21	0	0	1	21	330	310	2.1	39.2
Query_57481	XM_025437023.2	100.000	21	0	0	1	21	519	499	2.1	39.2
Query_57481	XM_035714480.1	100.000	21	0	0	1	21	393	373	2.1	39.2
Query_57481	XM_035714479.1	100.000	21	0	0	1	21	396	376	2.1	39.2
Query_57481	XM_025437022.2	100.000	21	0	0	1	21	668	648	2.1	39.2
Query_57481	XM_027599485.2	100.000	21	0	0	1	21	668	648	2.1	39.2
Query_57481	XM_035293866.1	100.000	21	0	0	1	21	328	308	2.1	39.2
Query_57481	XM_017970616.2	100.000	21	0	0	1	21	732	712	2.1	39.2
Query_57481	XM_035293865.1	100.000	21	0	0	1	21	690	670	2.1	39.2
Query_57481	XM_035293864.1	100.000	21	0	0	1	21	433	413	2.1	39.2
Query_57481	XM_002745900.5	100.000	21	0	0	1	21	825	805	2.1	39.2


