# blastn
# Iteration: 0
# Query: 
# RID: 7PP4ZEEU016
# Database: nt
# Fields: query acc.ver, subject acc.ver, % identity, alignment length, mismatches, gap opens, q. start, q. end, s. start, s. end, evalue, bit score
# 101 hits found
Query_6155	XM_034989198.1	100.000	21	0	0	1	21	134	114	2.1	39.2
Query_6155	XM_035022127.1	100.000	21	0	0	1	21	170	150	2.1	39.2
Query_6155	XM_035013900.1	100.000	21	0	0	1	21	107	87	2.1	39.2
Query_6155	XM_034948808.1	100.000	21	0	0	1	21	728	708	2.1	39.2
Query_6155	XM_003807746.2	100.000	21	0	0	1	21	224	204	2.1	39.2
Query_6155	XM_034937214.1	100.000	21	0	0	1	21	149	129	2.1	39.2
Query_6155	XM_034936518.1	100.000	21	0	0	1	21	1290	1270	2.1	39.2
Query_6155	XM_034936517.1	100.000	21	0	0	1	21	1103	1083	2.1	39.2
Query_6155	XM_034791015.1	100.000	21	0	0	1	21	200	180	2.1	39.2
Query_6155	XM_002926289.4	100.000	21	0	0	1	21	319	299	2.1	39.2
Query_6155	XM_034496497.1	100.000	21	0	0	1	21	106	86	2.1	39.2
Query_6155	XM_034515059.1	100.000	21	0	0	1	21	138	118	2.1	39.2
Query_6155	XM_004323138.3	100.000	21	0	0	1	21	102	82	2.1	39.2
Query_6155	XM_040464656.1	100.000	21	0	0	1	21	205	185	2.1	39.2
Query_6155	XM_005334483.4	100.000	21	0	0	1	21	199	179	2.1	39.2
Query_6155	HG994409.1	100.000	21	0	0	1	21	15986485	15986465	2.1	39.2
Query_6155	HG994406.1	100.000	21	0	0	1	21	33172555	33172535	2.1	39.2
Query_6155	HG994397.1	100.000	21	0	0	1	21	44832721	44832701	2.1	39.2
Query_6155	HG994395.1	100.000	21	0	0	1	21	35546042	35546062	2.1	39.2
Query_6155	HG994391.1	100.000	21	0	0	1	21	39790119	39790139	2.1	39.2
Query_6155	XM_039868429.1	100.000	21	0	0	1	21	212	192	2.1	39.2
Query_6155	XM_039868428.1	100.000	21	0	0	1	21	169	149	2.1	39.2
Query_6155	XM_039504779.1	100.000	21	0	0	1	21	112	92	2.1	39.2
Query_6155	XM_039504778.1	100.000	21	0	0	1	21	228	208	2.1	39.2
Query_6155	XM_003942643.3	100.000	21	0	0	1	21	177	157	2.1	39.2
Query_6155	XM_039222468.1	100.000	21	0	0	1	21	106	86	2.1	39.2
Query_6155	XM_039242863.1	100.000	21	0	0	1	21	180	160	2.1	39.2
Query_6155	XM_039239305.1	100.000	21	0	0	1	21	112	92	2.1	39.2
Query_6155	CP068256.1	100.000	21	0	0	1	21	22035188	22035168	2.1	39.2
Query_6155	XM_039088548.1	100.000	21	0	0	1	21	98	78	2.1	39.2
Query_6155	XM_039088547.1	100.000	21	0	0	1	21	210	190	2.1	39.2
Query_6155	XM_038437622.1	100.000	21	0	0	1	21	148	128	2.1	39.2
Query_6155	XM_534767.7	100.000	21	0	0	1	21	148	128	2.1	39.2
Query_6155	XM_038372710.1	100.000	21	0	0	1	21	339	319	2.1	39.2
Query_6155	XM_038372709.1	100.000	21	0	0	1	21	314	294	2.1	39.2
Query_6155	XM_038372708.1	100.000	21	0	0	1	21	214	194	2.1	39.2
Query_6155	XM_038320860.1	100.000	21	0	0	1	21	106	86	2.1	39.2
Query_6155	XM_038320010.1	100.000	21	0	0	1	21	110	90	2.1	39.2
Query_6155	XM_038348368.1	100.000	21	0	0	1	21	106	86	2.1	39.2
Query_6155	XM_038346230.1	100.000	21	0	0	1	21	150	130	2.1	39.2
Query_6155	XM_007974919.2	100.000	21	0	0	1	21	299	279	2.1	39.2
Query_6155	XM_037986854.1	100.000	21	0	0	1	21	331	311	2.1	39.2
Query_6155	XM_037878413.1	100.000	21	0	0	1	21	229	209	2.1	39.2
Query_6155	XM_037799209.1	100.000	21	0	0	1	21	117	97	2.1	39.2
Query_6155	XM_037823569.1	100.000	21	0	0	1	21	137	117	2.1	39.2
Query_6155	XM_037734947.1	100.000	21	0	0	1	21	142	122	2.1	39.2
Query_6155	XM_017518623.2	100.000	21	0	0	1	21	182	162	2.1	39.2
Query_6155	XM_037737901.1	100.000	21	0	0	1	21	130	110	2.1	39.2
Query_6155	XM_037495637.1	100.000	21	0	0	1	21	145	125	2.1	39.2
Query_6155	XM_037067301.1	100.000	21	0	0	1	21	183	163	2.1	39.2
Query_6155	XM_036993260.1	100.000	21	0	0	1	21	190	170	2.1	39.2
Query_6155	XM_036461254.1	100.000	21	0	0	1	21	130	110	2.1	39.2
Query_6155	XM_036449777.1	100.000	21	0	0	1	21	220	200	2.1	39.2
Query_6155	XM_036449776.1	100.000	21	0	0	1	21	225	205	2.1	39.2
Query_6155	XM_036449775.1	100.000	21	0	0	1	21	286	266	2.1	39.2
Query_6155	XM_036353530.1	100.000	21	0	0	1	21	224	204	2.1	39.2
Query_6155	XM_036353528.1	100.000	21	0	0	1	21	204	184	2.1	39.2
Query_6155	XM_036353527.1	100.000	21	0	0	1	21	864	844	2.1	39.2
Query_6155	XM_036276571.1	100.000	21	0	0	1	21	276	256	2.1	39.2
Query_6155	XM_036276570.1	100.000	21	0	0	1	21	300	280	2.1	39.2
Query_6155	XM_036276569.1	100.000	21	0	0	1	21	126	106	2.1	39.2
Query_6155	XM_016120176.2	100.000	21	0	0	1	21	209	189	2.1	39.2
Query_6155	XM_016120175.2	100.000	21	0	0	1	21	174	154	2.1	39.2
Query_6155	AP023482.1	100.000	21	0	0	1	21	17259713	17259693	2.1	39.2
Query_6155	XM_036197722.1	100.000	21	0	0	1	21	155	135	2.1	39.2
Query_6155	XM_036156152.1	100.000	21	0	0	1	21	135	115	2.1	39.2
Query_6155	XM_036078724.1	100.000	21	0	0	1	21	1888	1868	2.1	39.2
Query_6155	XM_036076454.1	100.000	21	0	0	1	21	249	229	2.1	39.2
Query_6155	XM_036076453.1	100.000	21	0	0	1	21	183	163	2.1	39.2
Query_6155	XM_036076452.1	100.000	21	0	0	1	21	79	59	2.1	39.2
Query_6155	XM_036076451.1	100.000	21	0	0	1	21	96	76	2.1	39.2
Query_6155	XM_036076450.1	100.000	21	0	0	1	21	79	59	2.1	39.2
Query_6155	XM_028506874.2	100.000	21	0	0	1	21	121	101	2.1	39.2
Query_6155	LR877235.1	100.000	21	0	0	1	21	31951459	31951479	2.1	39.2
Query_6155	LR877235.1	100.000	20	0	0	1	20	7344880	7344899	7.3	37.4
Query_6155	LR877219.1	100.000	21	0	0	1	21	2405393	2405413	2.1	39.2
Query_6155	XM_035706285.1	100.000	21	0	0	1	21	98	78	2.1	39.2
Query_6155	XM_035706284.1	100.000	21	0	0	1	21	98	78	2.1	39.2
Query_6155	XM_025474927.2	100.000	21	0	0	1	21	150	130	2.1	39.2
Query_6155	XM_027599945.2	100.000	21	0	0	1	21	106	86	2.1	39.2
Query_6155	XM_027577635.2	100.000	21	0	0	1	21	106	86	2.1	39.2
Query_6155	XM_027577314.2	100.000	21	0	0	1	21	126	106	2.1	39.2
Query_6155	XM_027576173.2	100.000	21	0	0	1	21	141	121	2.1	39.2
Query_6155	XM_027576172.2	100.000	21	0	0	1	21	141	121	2.1	39.2
Query_6155	LR862375.1	100.000	21	0	0	1	21	8128338	8128358	2.1	39.2
Query_6155	LR862369.1	100.000	21	0	0	1	21	2065088	2065068	2.1	39.2
Query_6155	LR862365.1	100.000	21	0	0	1	21	58467548	58467568	2.1	39.2
Query_6155	XM_027413209.2	100.000	21	0	0	1	21	119	99	2.1	39.2
Query_6155	XM_035444743.1	100.000	21	0	0	1	21	88	68	2.1	39.2
Query_6155	XM_027413208.2	100.000	21	0	0	1	21	225	205	2.1	39.2
Query_6155	XM_007643458.4	100.000	21	0	0	1	21	122	102	2.1	39.2
Query_6155	XM_016975801.3	100.000	21	0	0	1	21	88	68	2.1	39.2
Query_6155	XM_003502820.5	100.000	21	0	0	1	21	225	205	2.1	39.2
Query_6155	XM_002752526.5	100.000	21	0	0	1	21	152	132	2.1	39.2
Query_6155	XM_035284661.1	100.000	21	0	0	1	21	137	117	2.1	39.2
Query_6155	XM_035290943.1	100.000	21	0	0	1	21	137	117	2.1	39.2
Query_6155	XR_617564.3	100.000	21	0	0	1	21	129	109	2.1	39.2
Query_6155	XM_035267117.1	100.000	21	0	0	1	21	221	201	2.1	39.2
Query_6155	XM_002806551.5	100.000	21	0	0	1	21	217	197	2.1	39.2
Query_6155	XM_035267104.1	100.000	21	0	0	1	21	184	164	2.1	39.2
Query_6155	XM_035267097.1	100.000	21	0	0	1	21	209	189	2.1	39.2


