# blastn
# Iteration: 0
# Query: 
# RID: 6M5VE5VM016
# Database: nt
# Fields: query acc.ver, subject acc.ver, % identity, alignment length, mismatches, gap opens, q. start, q. end, s. start, s. end, evalue, bit score
# 90 hits found
Query_223807	MK280312.1	100.000	21	0	0	1	21	1298	1278	2.0	39.2
Query_223807	XM_003822660.3	100.000	21	0	0	1	21	3054	3034	2.0	39.2
Query_223807	XM_019793495.2	100.000	21	0	0	1	21	2419	2399	2.0	39.2
Query_223807	XM_033175808.1	100.000	21	0	0	1	21	2695	2675	2.0	39.2
Query_223807	XM_032239463.1	100.000	21	0	0	1	21	2585	2565	2.0	39.2
Query_223807	XM_032239461.1	100.000	21	0	0	1	21	2540	2520	2.0	39.2
Query_223807	XM_032178589.1	100.000	21	0	0	1	21	2252	2232	2.0	39.2
Query_223807	XM_023223830.2	100.000	21	0	0	1	21	2839	2819	2.0	39.2
Query_223807	XM_023223828.2	100.000	21	0	0	1	21	1040	1060	2.0	39.2
Query_223807	LR738625.1	100.000	21	0	0	1	21	60160414	60160434	2.0	39.2
Query_223807	LR738603.1	100.000	21	0	0	1	21	1947822	1947802	2.0	39.2
Query_223807	LR738603.1	100.000	21	0	0	1	21	2737715	2737695	2.0	39.2
Query_223807	LR738603.1	100.000	21	0	0	1	21	56067277	56067297	2.0	39.2
Query_223807	XM_031007930.1	100.000	21	0	0	1	21	2850	2830	2.0	39.2
Query_223807	XM_030920698.1	100.000	21	0	0	1	21	2689	2669	2.0	39.2
Query_223807	XM_030799595.1	100.000	21	0	0	1	21	2847	2827	2.0	39.2
Query_223807	XM_029937302.1	100.000	21	0	0	1	21	2236	2216	2.0	39.2
Query_223807	XM_029937301.1	100.000	21	0	0	1	21	2332	2312	2.0	39.2
Query_223807	XM_015112284.2	100.000	21	0	0	1	21	3239	3219	2.0	39.2
Query_223807	NM_012249.4	100.000	21	0	0	1	21	2858	2838	2.0	39.2
Query_223807	XM_027072534.1	100.000	21	0	0	1	21	2306	2286	2.0	39.2
Query_223807	XM_027072533.1	100.000	21	0	0	1	21	2403	2383	2.0	39.2
Query_223807	XM_026385764.1	100.000	21	0	0	1	21	2671	2651	2.0	39.2
Query_223807	XM_027934414.1	100.000	21	0	0	1	21	2425	2405	2.0	39.2
Query_223807	XM_025992592.1	100.000	21	0	0	1	21	2331	2311	2.0	39.2
Query_223807	XM_025868893.1	100.000	21	0	0	1	21	2400	2380	2.0	39.2
Query_223807	XM_025353647.1	100.000	21	0	0	1	21	2610	2590	2.0	39.2
Query_223807	AC277863.1	100.000	21	0	0	1	21	187828	187848	2.0	39.2
Query_223807	XM_011713140.2	100.000	21	0	0	1	21	2801	2781	2.0	39.2
Query_223807	XM_016948475.2	100.000	21	0	0	1	21	2828	2808	2.0	39.2
Query_223807	XM_016948474.2	100.000	21	0	0	1	21	2689	2669	2.0	39.2
Query_223807	XM_002812061.4	100.000	21	0	0	1	21	2601	2581	2.0	39.2
Query_223807	XM_023619138.1	100.000	21	0	0	1	21	2609	2589	2.0	39.2
Query_223807	XM_021719398.1	100.000	21	0	0	1	21	2575	2555	2.0	39.2
Query_223807	XM_012473755.2	100.000	21	0	0	1	21	2587	2567	2.0	39.2
Query_223807	XM_021087559.1	100.000	21	0	0	1	21	2325	2305	2.0	39.2
Query_223807	XM_005662575.3	100.000	21	0	0	1	21	2695	2675	2.0	39.2
Query_223807	XM_005662574.3	100.000	21	0	0	1	21	2703	2683	2.0	39.2
Query_223807	XM_012755841.2	100.000	21	0	0	1	21	2594	2574	2.0	39.2
Query_223807	XM_017862694.1	100.000	21	0	0	1	21	2679	2659	2.0	39.2
Query_223807	XM_011532728.2	100.000	21	0	0	1	21	2186	2166	2.0	39.2
Query_223807	XM_017003716.1	100.000	21	0	0	1	21	3070	3050	2.0	39.2
Query_223807	XM_011532726.2	100.000	21	0	0	1	21	2913	2893	2.0	39.2
Query_223807	XM_015479387.1	100.000	21	0	0	1	21	2352	2332	2.0	39.2
Query_223807	XM_015433694.1	100.000	21	0	0	1	21	3135	3115	2.0	39.2
Query_223807	XM_005575962.2	100.000	21	0	0	1	21	2449	2429	2.0	39.2
Query_223807	XM_014833243.1	100.000	21	0	0	1	21	2293	2273	2.0	39.2
Query_223807	XM_004436685.2	100.000	21	0	0	1	21	2319	2299	2.0	39.2
Query_223807	XM_012653848.1	100.000	21	0	0	1	21	2610	2590	2.0	39.2
Query_223807	XM_004403372.2	100.000	21	0	0	1	21	2656	2636	2.0	39.2
Query_223807	XM_012070312.1	100.000	21	0	0	1	21	3148	3128	2.0	39.2
Query_223807	XM_012070311.1	100.000	21	0	0	1	21	2616	2596	2.0	39.2
Query_223807	XM_012070310.1	100.000	21	0	0	1	21	868	888	2.0	39.2
Query_223807	XM_011965779.1	100.000	21	0	0	1	21	2633	2613	2.0	39.2
Query_223807	XM_011936021.1	100.000	21	0	0	1	21	2360	2340	2.0	39.2
Query_223807	XM_005264229.2	100.000	21	0	0	1	21	2322	2302	2.0	39.2
Query_223807	XM_008575355.1	100.000	21	0	0	1	21	2275	2255	2.0	39.2
Query_223807	XM_008541481.1	100.000	21	0	0	1	21	2385	2365	2.0	39.2
Query_223807	NG_023007.2	100.000	21	0	0	1	21	2696	2676	2.0	39.2
Query_223807	NG_022969.2	100.000	21	0	0	1	21	2692	2672	2.0	39.2
Query_223807	XM_005324501.3	100.000	21	0	0	1	21	2352	2332	2.0	39.2
Query_223807	XM_040270961.1	100.000	21	0	0	1	21	10511	10531	2.0	39.2
Query_223807	XM_003926747.3	100.000	21	0	0	1	21	2825	2805	2.0	39.2
Query_223807	XM_038006892.1	100.000	21	0	0	1	21	882	902	2.0	39.2
Query_223807	XM_038006891.1	100.000	21	0	0	1	21	859	879	2.0	39.2
Query_223807	XM_038006885.1	100.000	21	0	0	1	21	2324	2304	2.0	39.2
Query_223807	XM_007970741.2	100.000	21	0	0	1	21	2829	2809	2.0	39.2
Query_223807	XM_037732867.1	100.000	21	0	0	1	21	2450	2430	2.0	39.2
Query_223807	XM_017512722.2	100.000	21	0	0	1	21	2831	2811	2.0	39.2
Query_223807	XM_036121674.1	100.000	21	0	0	1	21	2482	2462	2.0	39.2
Query_223807	XM_036121672.1	100.000	21	0	0	1	21	2303	2283	2.0	39.2
Query_223807	XM_036121671.1	100.000	21	0	0	1	21	2399	2379	2.0	39.2
Query_223807	XM_027620825.2	100.000	21	0	0	1	21	2471	2451	2.0	39.2
Query_223807	AC280214.1	100.000	21	0	0	1	21	181999	182019	2.0	39.2
Query_223807	XR_004733630.1	100.000	21	0	0	1	21	3481	3461	2.0	39.2
Query_223807	XM_002757794.5	100.000	21	0	0	1	21	3317	3297	2.0	39.2
Query_223807	AK343722.1	100.000	21	0	0	1	21	1424	1404	2.0	39.2
Query_223807	AC185240.2	100.000	21	0	0	1	21	185492	185512	2.0	39.2
Query_223807	EU794657.1	100.000	21	0	0	1	21	2620	2600	2.0	39.2
Query_223807	BC013135.1	100.000	21	0	0	1	21	2780	2760	2.0	39.2
Query_223807	AC185990.2	100.000	21	0	0	1	21	124227	124247	2.0	39.2
Query_223807	AC183985.2	100.000	21	0	0	1	21	124484	124504	2.0	39.2
Query_223807	AC182490.3	100.000	21	0	0	1	21	101829	101849	2.0	39.2
Query_223807	AC120782.25	100.000	21	0	0	1	21	42636	42616	2.0	39.2
Query_223807	AC145214.1	100.000	21	0	0	1	21	39172	39152	2.0	39.2
Query_223807	AC018804.9	100.000	21	0	0	1	21	27210	27190	2.0	39.2
Query_223807	AC073869.5	100.000	21	0	0	1	21	137544	137524	2.0	39.2
Query_223807	AC018682.4	100.000	21	0	0	1	21	117159	117139	2.0	39.2
Query_223807	HG994975.1	100.000	20	0	0	1	20	19870	19889	7.1	37.4
Query_223807	HG991992.1	100.000	20	0	0	2	21	10640905	10640924	7.1	37.4


