# blastn
# Iteration: 0
# Query: 
# RID: 6S220T4M013
# Database: nt
# Fields: query acc.ver, subject acc.ver, % identity, alignment length, mismatches, gap opens, q. start, q. end, s. start, s. end, evalue, bit score
# 39 hits found
Query_41591	XM_008976634.2	100.000	21	0	0	1	21	678	658	2.1	39.2
Query_41591	XM_003823013.3	100.000	21	0	0	1	21	660	640	2.1	39.2
Query_41591	XM_019037287.2	100.000	21	0	0	1	21	636	616	2.1	39.2
Query_41591	NM_014176.4	100.000	21	0	0	1	21	603	583	2.1	39.2
Query_41591	XM_009440790.2	100.000	21	0	0	1	21	652	632	2.1	39.2
Query_41591	XM_024350983.1	100.000	21	0	0	1	21	972	952	2.1	39.2
Query_41591	XM_514102.6	100.000	21	0	0	1	21	663	643	2.1	39.2
Query_41591	XM_024239242.1	100.000	21	0	0	1	21	1001	981	2.1	39.2
Query_41591	XM_002809603.4	100.000	21	0	0	1	21	648	628	2.1	39.2
Query_41591	XM_021706319.1	100.000	21	0	0	1	21	488	468	2.1	39.2
Query_41591	XM_021706318.1	100.000	21	0	0	1	21	478	458	2.1	39.2
Query_41591	XM_008072792.2	100.000	21	0	0	1	21	606	586	2.1	39.2
Query_41591	XM_021706317.1	100.000	21	0	0	1	21	557	537	2.1	39.2
Query_41591	LT735351.1	100.000	21	0	0	1	21	984	964	2.1	39.2
Query_41591	XM_004028164.2	100.000	21	0	0	1	21	632	612	2.1	39.2
Query_41591	NG_042230.1	100.000	21	0	0	1	21	15035	15015	2.1	39.2
Query_41591	KJ893680.1	100.000	21	0	0	1	21	562	542	2.1	39.2
Query_41591	NM_001310326.2	100.000	21	0	0	1	21	607	587	2.1	39.2
Query_41591	CU678593.1	100.000	21	0	0	1	21	115	135	2.1	39.2
Query_41591	DQ895975.2	100.000	21	0	0	1	21	519	499	2.1	39.2
Query_41591	DQ892729.2	100.000	21	0	0	1	21	519	499	2.1	39.2
Query_41591	BC019284.1	100.000	21	0	0	1	21	595	575	2.1	39.2
Query_41591	AL356953.17	100.000	21	0	0	1	21	148951	148971	2.1	39.2
Query_41591	BC004152.2	100.000	21	0	0	1	21	595	575	2.1	39.2
Query_41591	AF160215.1	100.000	21	0	0	1	21	590	570	2.1	39.2
Query_41591	AK000504.1	100.000	21	0	0	1	21	588	568	2.1	39.2
Query_41591	AF161499.1	100.000	21	0	0	1	21	623	603	2.1	39.2
Query_41591	AY542309.1	100.000	21	0	0	1	21	498	478	2.1	39.2
Query_41591	AB032931.1	100.000	21	0	0	1	21	539	519	2.1	39.2
Query_41591	LK022889.2	100.000	20	0	0	2	21	1126197	1126216	7.2	37.4
Query_41591	LR129725.1	100.000	20	0	0	2	21	1101072	1101091	7.2	37.4
Query_41591	LR129711.1	100.000	20	0	0	2	21	1103913	1103932	7.2	37.4
Query_41591	LT608206.1	100.000	20	0	0	2	21	1083640	1083659	7.2	37.4
Query_41591	LT608164.1	100.000	20	0	0	2	21	1085488	1085507	7.2	37.4
Query_41591	LT608192.1	100.000	20	0	0	2	21	1087914	1087933	7.2	37.4
Query_41591	LT608178.1	100.000	20	0	0	2	21	1084178	1084197	7.2	37.4
Query_41591	XM_016798947.1	100.000	20	0	0	2	21	4720	4701	7.2	37.4
Query_41591	XM_003792267.2	100.000	20	0	0	1	20	545	526	7.2	37.4
Query_41591	CP008876.1	100.000	20	0	0	2	21	1057330	1057349	7.2	37.4


