# blastn
# Iteration: 0
# Query: 
# RID: 6ZR935YH013
# Database: nt
# Fields: query acc.ver, subject acc.ver, % identity, alignment length, mismatches, gap opens, q. start, q. end, s. start, s. end, evalue, bit score
# 79 hits found
Query_56985	XM_034509418.1	100.000	21	0	0	1	21	269	249	2.1	39.2
Query_56985	XM_032915907.1	100.000	21	0	0	1	21	272	252	2.1	39.2
Query_56985	XM_031341898.1	100.000	21	0	0	1	21	254	234	2.1	39.2
Query_56985	XM_021210658.2	100.000	21	0	0	1	21	244	224	2.1	39.2
Query_56985	XM_021163845.2	100.000	21	0	0	1	21	242	222	2.1	39.2
Query_56985	XM_028758232.1	100.000	21	0	0	1	21	241	221	2.1	39.2
Query_56985	XM_005365945.3	100.000	21	0	0	1	21	240	220	2.1	39.2
Query_56985	XM_021630388.1	100.000	21	0	0	1	21	263	243	2.1	39.2
Query_56985	XM_005068842.3	100.000	21	0	0	1	21	261	241	2.1	39.2
Query_56985	XM_006985601.2	100.000	21	0	0	1	21	260	240	2.1	39.2
Query_56985	XM_008573107.1	100.000	21	0	0	1	21	234	214	2.1	39.2
Query_56985	XM_008573105.1	100.000	21	0	0	1	21	370	350	2.1	39.2
Query_56985	KY310671.1	100.000	21	0	0	1	21	14788	14808	2.1	39.2
Query_56985	XR_005528440.1	100.000	21	0	0	1	21	177	157	2.1	39.2
Query_56985	XM_039232137.1	100.000	21	0	0	1	21	177	157	2.1	39.2
Query_56985	XM_039232132.1	100.000	21	0	0	1	21	230	210	2.1	39.2
Query_56985	XM_039232131.1	100.000	21	0	0	1	21	235	215	2.1	39.2
Query_56985	XM_038339243.1	100.000	21	0	0	1	21	272	252	2.1	39.2
Query_56985	XM_028882342.2	100.000	21	0	0	1	21	268	248	2.1	39.2
Query_56985	XM_036200873.1	100.000	21	0	0	1	21	264	244	2.1	39.2
Query_56985	LR877233.1	100.000	21	0	0	1	21	28303135	28303155	2.1	39.2
Query_56985	LR877197.1	100.000	21	0	0	1	21	31004310	31004330	2.1	39.2
Query_56985	XM_027387082.2	100.000	21	0	0	1	21	245	225	2.1	39.2
Query_56985	XM_003496616.5	100.000	21	0	0	1	21	245	225	2.1	39.2
Query_56985	FQ214550.1	100.000	21	0	0	1	21	228	208	2.1	39.2
Query_56985	FQ216757.1	100.000	21	0	0	1	21	228	208	2.1	39.2
Query_56985	FQ213111.1	100.000	21	0	0	1	21	229	209	2.1	39.2
Query_56985	FQ225334.1	100.000	21	0	0	1	21	229	209	2.1	39.2
Query_56985	FQ228750.1	100.000	21	0	0	1	21	228	208	2.1	39.2
Query_56985	NM_026242.3	100.000	21	0	0	1	21	247	227	2.1	39.2
Query_56985	AC169036.3	100.000	21	0	0	1	21	132722	132742	2.1	39.2
Query_56985	BC085488.1	100.000	21	0	0	1	21	92	72	2.1	39.2
Query_56985	AC114605.11	100.000	21	0	0	1	21	109110	109090	2.1	39.2
Query_56985	AY325216.1	100.000	21	0	0	1	21	4058	4038	2.1	39.2
Query_56985	AK170984.1	100.000	21	0	0	1	21	230	210	2.1	39.2
Query_56985	AK170909.1	100.000	21	0	0	1	21	224	204	2.1	39.2
Query_56985	AK170789.1	100.000	21	0	0	1	21	198	178	2.1	39.2
Query_56985	AK159464.1	100.000	21	0	0	1	21	235	215	2.1	39.2
Query_56985	AK167112.1	100.000	21	0	0	1	21	229	209	2.1	39.2
Query_56985	AK087716.1	100.000	21	0	0	1	21	283	303	2.1	39.2
Query_56985	AK020049.1	100.000	21	0	0	1	21	201	181	2.1	39.2
Query_56985	AK018675.1	100.000	21	0	0	1	21	198	178	2.1	39.2
Query_56985	AK017832.1	100.000	21	0	0	1	21	229	209	2.1	39.2
Query_56985	AK009827.1	100.000	21	0	0	1	21	202	182	2.1	39.2
Query_56985	AK005313.1	100.000	21	0	0	1	21	235	215	2.1	39.2
Query_56985	AK209009.1	100.000	21	0	0	1	21	58	38	2.1	39.2
Query_56985	AK197580.1	100.000	21	0	0	1	21	58	38	2.1	39.2
Query_56985	AK193139.1	100.000	21	0	0	1	21	58	38	2.1	39.2
Query_56985	AK192735.1	100.000	21	0	0	1	21	58	38	2.1	39.2
Query_56985	NM_001009264.1	100.000	21	0	0	1	21	208	188	2.1	39.2
Query_56985	BC010209.1	100.000	21	0	0	1	21	216	196	2.1	39.2
Query_56985	AB041651.1	100.000	21	0	0	1	21	229	209	2.1	39.2
Query_56985	Z22285.1	100.000	21	0	0	1	21	362	342	2.1	39.2
Query_56985	LR812085.1	100.000	20	0	0	2	21	28441352	28441333	7.2	37.4
Query_56985	CP037421.1	100.000	20	0	0	1	20	4232998	4232979	7.2	37.4
Query_56985	XM_025694294.1	100.000	20	0	0	2	21	1330	1349	7.2	37.4
Query_56985	XM_025652917.1	100.000	20	0	0	2	21	1504	1523	7.2	37.4
Query_56985	XM_025587827.1	100.000	20	0	0	2	21	1677	1696	7.2	37.4
Query_56985	XM_023519303.1	100.000	20	0	0	1	20	143	124	7.2	37.4
Query_56985	XM_003785628.3	100.000	20	0	0	1	20	88	69	7.2	37.4
Query_56985	XM_017353524.2	100.000	20	0	0	2	21	475	456	7.2	37.4
Query_56985	XM_005162231.3	100.000	20	0	0	2	21	367	348	7.2	37.4
Query_56985	XM_021469755.1	100.000	20	0	0	2	21	496	477	7.2	37.4
Query_56985	XM_021469754.1	100.000	20	0	0	2	21	478	459	7.2	37.4
Query_56985	XM_012665111.1	100.000	20	0	0	1	20	179	160	7.2	37.4
Query_56985	XM_012665109.1	100.000	20	0	0	1	20	555	536	7.2	37.4
Query_56985	LR812060.1	100.000	20	0	0	2	21	28441348	28441329	7.2	37.4
Query_56985	LR812616.1	100.000	20	0	0	2	21	28305712	28305693	7.2	37.4
Query_56985	LR812591.1	100.000	20	0	0	2	21	28958878	28958859	7.2	37.4
Query_56985	LR812566.1	100.000	20	0	0	2	21	27839157	27839138	7.2	37.4
Query_56985	LR812513.1	100.000	20	0	0	2	21	19941042	19941061	7.2	37.4
Query_56985	BC164896.1	100.000	20	0	0	2	21	248	229	7.2	37.4
Query_56985	CT025585.5	100.000	20	0	0	2	21	37377	37396	7.2	37.4
Query_56985	BC122431.1	100.000	20	0	0	2	21	226	207	7.2	37.4
Query_56985	BC116555.1	100.000	20	0	0	2	21	267	248	7.2	37.4
Query_56985	CR381567.9	100.000	20	0	0	2	21	85506	85525	7.2	37.4
Query_56985	BC085596.1	100.000	20	0	0	2	21	279	260	7.2	37.4
Query_56985	NM_213638.1	100.000	20	0	0	2	21	248	229	7.2	37.4
Query_56985	BC107844.1	100.000	20	0	0	2	21	285	266	7.2	37.4


