# blastn
# Iteration: 0
# Query: 
# RID: 6ZU0MXUA016
# Database: nt
# Fields: query acc.ver, subject acc.ver, % identity, alignment length, mismatches, gap opens, q. start, q. end, s. start, s. end, evalue, bit score
# 19 hits found
Query_7039	XM_032915907.1	100.000	21	0	0	1	21	724	704	2.1	39.2
Query_7039	XM_021210658.2	100.000	21	0	0	1	21	714	694	2.1	39.2
Query_7039	XM_005365945.3	100.000	21	0	0	1	21	698	678	2.1	39.2
Query_7039	XM_021630388.1	100.000	21	0	0	1	21	712	692	2.1	39.2
Query_7039	XM_005068842.3	100.000	21	0	0	1	21	718	698	2.1	39.2
Query_7039	XM_006985601.2	100.000	21	0	0	1	21	721	701	2.1	39.2
Query_7039	XM_038339243.1	100.000	21	0	0	1	21	731	711	2.1	39.2
Query_7039	XM_028882342.2	100.000	21	0	0	1	21	728	708	2.1	39.2
Query_7039	LR877197.1	100.000	21	0	0	1	21	31003619	31003639	2.1	39.2
Query_7039	FQ214550.1	100.000	21	0	0	1	21	683	663	2.1	39.2
Query_7039	FQ216757.1	100.000	21	0	0	1	21	683	663	2.1	39.2
Query_7039	FQ213111.1	100.000	21	0	0	1	21	684	664	2.1	39.2
Query_7039	FQ225334.1	100.000	21	0	0	1	21	684	664	2.1	39.2
Query_7039	FQ228750.1	100.000	21	0	0	1	21	683	663	2.1	39.2
Query_7039	FQ213948.1	100.000	21	0	0	1	21	371	351	2.1	39.2
Query_7039	DQ736343.1	100.000	21	0	0	1	21	21	1	2.1	39.2
Query_7039	DQ606238.1	100.000	21	0	0	1	21	21	1	2.1	39.2
Query_7039	NM_001009264.1	100.000	21	0	0	1	21	663	643	2.1	39.2
Query_7039	LR990072.1	100.000	20	0	0	1	20	2805820	2805839	7.2	37.4


