# blastn
# Iteration: 0
# Query: 
# RID: 9W192NE4013
# Database: nt
# Fields: query acc.ver, subject acc.ver, % identity, alignment length, mismatches, gap opens, q. start, q. end, s. start, s. end, evalue, bit score
# 27 hits found
Query_43989	XM_034505797.1	100.000	21	0	0	1	21	1726	1706	2.1	39.2
Query_43989	XM_034505796.1	100.000	21	0	0	1	21	1832	1812	2.1	39.2
Query_43989	XM_032913110.1	100.000	21	0	0	1	21	1818	1798	2.1	39.2
Query_43989	XM_032913109.1	100.000	21	0	0	1	21	1681	1661	2.1	39.2
Query_43989	XM_030245499.1	100.000	21	0	0	1	21	1562	1542	2.1	39.2
Query_43989	XM_021175437.2	100.000	21	0	0	1	21	1692	1672	2.1	39.2
Query_43989	XM_021175436.2	100.000	21	0	0	1	21	1827	1807	2.1	39.2
Query_43989	XM_028755045.1	100.000	21	0	0	1	21	1698	1678	2.1	39.2
Query_43989	XM_021214131.1	100.000	21	0	0	1	21	1697	1677	2.1	39.2
Query_43989	XM_021214130.1	100.000	21	0	0	1	21	1832	1812	2.1	39.2
Query_43989	NM_001282977.1	100.000	21	0	0	1	21	1835	1815	2.1	39.2
Query_43989	NM_145121.3	100.000	21	0	0	1	21	1700	1680	2.1	39.2
Query_43989	NM_017346.2	100.000	21	0	0	1	21	1690	1670	2.1	39.2
Query_43989	XM_039086662.1	100.000	21	0	0	1	21	914	894	2.1	39.2
Query_43989	XM_006247410.3	100.000	21	0	0	1	21	1619	1599	2.1	39.2
Query_43989	XM_006247409.4	100.000	21	0	0	1	21	1840	1820	2.1	39.2
Query_43989	AB685743.1	100.000	21	0	0	1	21	1819	1799	2.1	39.2
Query_43989	JN960751.1	100.000	21	0	0	1	21	31546	31526	2.1	39.2
Query_43989	XM_030245500.2	100.000	21	0	0	1	21	1686	1666	2.1	39.2
Query_43989	XM_036156255.1	100.000	21	0	0	1	21	2863	2843	2.1	39.2
Query_43989	XM_006532092.4	100.000	21	0	0	1	21	1561	1541	2.1	39.2
Query_43989	XM_006532091.4	100.000	21	0	0	1	21	1696	1676	2.1	39.2
Query_43989	AB100389.2	100.000	21	0	0	1	21	5042	5022	2.1	39.2
Query_43989	AY094173.1	100.000	21	0	0	1	21	1498	1478	2.1	39.2
Query_43989	X61394.1	100.000	21	0	0	1	21	1561	1541	2.1	39.2
Query_43989	AL591209.17	100.000	21	0	0	1	21	83918	83938	2.1	39.2
Query_43989	L06110.1	100.000	21	0	0	1	21	1498	1478	2.1	39.2


