# blastn
# Iteration: 0
# Query: 
# RID: 7PUX2NMW013
# Database: nt
# Fields: query acc.ver, subject acc.ver, % identity, alignment length, mismatches, gap opens, q. start, q. end, s. start, s. end, evalue, bit score
# 100 hits found
Query_33461	XM_034951639.1	100.000	21	0	0	1	21	623	603	2.1	39.2
Query_33461	XM_034951638.1	100.000	21	0	0	1	21	475	455	2.1	39.2
Query_33461	XM_034951637.1	100.000	21	0	0	1	21	752	732	2.1	39.2
Query_33461	XM_034951636.1	100.000	21	0	0	1	21	516	496	2.1	39.2
Query_33461	XM_034951635.1	100.000	21	0	0	1	21	473	453	2.1	39.2
Query_33461	XM_034951634.1	100.000	21	0	0	1	21	476	456	2.1	39.2
Query_33461	XM_034951633.1	100.000	21	0	0	1	21	759	739	2.1	39.2
Query_33461	XM_034951632.1	100.000	21	0	0	1	21	517	497	2.1	39.2
Query_33461	XM_033236300.1	100.000	21	0	0	1	21	619	599	2.1	39.2
Query_33461	XM_033236299.1	100.000	21	0	0	1	21	894	874	2.1	39.2
Query_33461	XM_033236298.1	100.000	21	0	0	1	21	594	574	2.1	39.2
Query_33461	XM_032268238.1	100.000	21	0	0	1	21	513	493	2.1	39.2
Query_33461	XM_032268236.1	100.000	21	0	0	1	21	474	454	2.1	39.2
Query_33461	XM_032268235.1	100.000	21	0	0	1	21	578	558	2.1	39.2
Query_33461	XR_004274519.1	100.000	21	0	0	1	21	606	586	2.1	39.2
Query_33461	XR_004257690.1	100.000	21	0	0	1	21	453	433	2.1	39.2
Query_33461	XM_032144947.1	100.000	21	0	0	1	21	912	892	2.1	39.2
Query_33461	XM_032144946.1	100.000	21	0	0	1	21	375	355	2.1	39.2
Query_33461	XM_032144945.1	100.000	21	0	0	1	21	1017	997	2.1	39.2
Query_33461	XM_023195766.3	100.000	21	0	0	1	21	494	474	2.1	39.2
Query_33461	NM_001194836.2	100.000	21	0	0	1	21	530	510	2.1	39.2
Query_33461	XM_009195636.2	100.000	21	0	0	1	21	475	455	2.1	39.2
Query_33461	XM_031002695.1	100.000	21	0	0	1	21	507	487	2.1	39.2
Query_33461	XM_031002694.1	100.000	21	0	0	1	21	507	487	2.1	39.2
Query_33461	XM_004056937.3	100.000	21	0	0	1	21	474	454	2.1	39.2
Query_33461	XM_004056936.3	100.000	21	0	0	1	21	628	608	2.1	39.2
Query_33461	XM_004056938.3	100.000	21	0	0	1	21	472	452	2.1	39.2
Query_33461	XM_019012582.2	100.000	21	0	0	1	21	472	452	2.1	39.2
Query_33461	XM_030924821.1	100.000	21	0	0	1	21	619	599	2.1	39.2
Query_33461	XM_030798768.1	100.000	21	0	0	1	21	503	483	2.1	39.2
Query_33461	XM_030798767.1	100.000	21	0	0	1	21	503	483	2.1	39.2
Query_33461	XM_030798766.1	100.000	21	0	0	1	21	492	472	2.1	39.2
Query_33461	XM_030798765.1	100.000	21	0	0	1	21	609	589	2.1	39.2
Query_33461	XM_030798764.1	100.000	21	0	0	1	21	912	892	2.1	39.2
Query_33461	XM_030798763.1	100.000	21	0	0	1	21	609	589	2.1	39.2
Query_33461	XM_030798762.1	100.000	21	0	0	1	21	1006	986	2.1	39.2
Query_33461	NM_194260.3	100.000	21	0	0	1	21	628	608	2.1	39.2
Query_33461	NM_194261.3	100.000	21	0	0	1	21	480	460	2.1	39.2
Query_33461	NM_194259.3	100.000	21	0	0	1	21	755	735	2.1	39.2
Query_33461	XM_028840603.1	100.000	21	0	0	1	21	525	505	2.1	39.2
Query_33461	XM_028840602.1	100.000	21	0	0	1	21	529	509	2.1	39.2
Query_33461	XM_001118584.4	100.000	21	0	0	1	21	474	454	2.1	39.2
Query_33461	XM_028840601.1	100.000	21	0	0	1	21	464	444	2.1	39.2
Query_33461	NM_003345.5	100.000	21	0	0	1	21	498	478	2.1	39.2
Query_33461	XM_026451033.1	100.000	21	0	0	1	21	410	390	2.1	39.2
Query_33461	XM_026451032.1	100.000	21	0	0	1	21	757	737	2.1	39.2
Query_33461	XM_025370151.1	100.000	21	0	0	1	21	617	597	2.1	39.2
Query_33461	XM_025370150.1	100.000	21	0	0	1	21	621	601	2.1	39.2
Query_33461	XM_025370148.1	100.000	21	0	0	1	21	473	453	2.1	39.2
Query_33461	XM_025370147.1	100.000	21	0	0	1	21	761	741	2.1	39.2
Query_33461	XM_025370146.1	100.000	21	0	0	1	21	899	879	2.1	39.2
Query_33461	XM_011748436.2	100.000	21	0	0	1	21	775	755	2.1	39.2
Query_33461	XM_024794102.1	100.000	21	0	0	1	21	446	426	2.1	39.2
Query_33461	XM_024794101.1	100.000	21	0	0	1	21	2613	2593	2.1	39.2
Query_33461	XM_024450432.1	100.000	21	0	0	1	21	656	636	2.1	39.2
Query_33461	XM_003314907.5	100.000	21	0	0	1	21	806	786	2.1	39.2
Query_33461	XM_003314906.4	100.000	21	0	0	1	21	522	502	2.1	39.2
Query_33461	XM_003314905.4	100.000	21	0	0	1	21	622	602	2.1	39.2
Query_33461	XM_016929129.2	100.000	21	0	0	1	21	876	856	2.1	39.2
Query_33461	XM_016929128.2	100.000	21	0	0	1	21	619	599	2.1	39.2
Query_33461	XM_009430052.3	100.000	21	0	0	1	21	806	786	2.1	39.2
Query_33461	XM_009430055.3	100.000	21	0	0	1	21	467	447	2.1	39.2
Query_33461	XM_009430053.3	100.000	21	0	0	1	21	609	589	2.1	39.2
Query_33461	XM_016929126.2	100.000	21	0	0	1	21	876	856	2.1	39.2
Query_33461	XM_016929125.2	100.000	21	0	0	1	21	619	599	2.1	39.2
Query_33461	XM_024233921.1	100.000	21	0	0	1	21	473	453	2.1	39.2
Query_33461	XM_002825946.4	100.000	21	0	0	1	21	617	597	2.1	39.2
Query_33461	XM_024233920.1	100.000	21	0	0	1	21	627	607	2.1	39.2
Query_33461	XM_024233919.1	100.000	21	0	0	1	21	501	481	2.1	39.2
Query_33461	XM_024233918.1	100.000	21	0	0	1	21	510	490	2.1	39.2
Query_33461	XM_012441957.2	100.000	21	0	0	1	21	2322	2302	2.1	39.2
Query_33461	XR_001108396.2	100.000	21	0	0	1	21	386	366	2.1	39.2
Query_33461	LT733828.1	100.000	21	0	0	1	21	836	816	2.1	39.2
Query_33461	U45328.2	100.000	21	0	0	1	21	472	452	2.1	39.2
Query_33461	XM_019012585.1	100.000	21	0	0	1	21	614	594	2.1	39.2
Query_33461	XM_019012583.1	100.000	21	0	0	1	21	450	430	2.1	39.2
Query_33461	XM_017858483.1	100.000	21	0	0	1	21	379	359	2.1	39.2
Query_33461	XM_017858482.1	100.000	21	0	0	1	21	379	359	2.1	39.2
Query_33461	XM_017858481.1	100.000	21	0	0	1	21	800	780	2.1	39.2
Query_33461	XM_017858480.1	100.000	21	0	0	1	21	736	716	2.1	39.2
Query_33461	XM_017858479.1	100.000	21	0	0	1	21	627	607	2.1	39.2
Query_33461	XM_017023640.1	100.000	21	0	0	1	21	904	884	2.1	39.2
Query_33461	XM_005255541.4	100.000	21	0	0	1	21	904	884	2.1	39.2
Query_33461	XM_011522644.2	100.000	21	0	0	1	21	744	724	2.1	39.2
Query_33461	XM_015442656.1	100.000	21	0	0	1	21	384	364	2.1	39.2
Query_33461	XM_015442655.1	100.000	21	0	0	1	21	629	609	2.1	39.2
Query_33461	XM_015442654.1	100.000	21	0	0	1	21	379	359	2.1	39.2
Query_33461	XM_015442653.1	100.000	21	0	0	1	21	474	454	2.1	39.2
Query_33461	XM_005590842.2	100.000	21	0	0	1	21	609	589	2.1	39.2
Query_33461	XM_037990067.1	100.000	21	0	0	1	21	495	475	2.1	39.2
Query_33461	XM_017510963.2	100.000	21	0	0	1	21	507	487	2.1	39.2
Query_33461	XM_017539359.2	100.000	21	0	0	1	21	476	456	2.1	39.2
Query_33461	XM_009008883.2	100.000	21	0	0	1	21	618	598	2.1	39.2
Query_33461	XM_035266442.1	100.000	21	0	0	1	21	448	428	2.1	39.2
Query_33461	XM_035266441.1	100.000	21	0	0	1	21	609	589	2.1	39.2
Query_33461	XM_035266439.1	100.000	21	0	0	1	21	507	487	2.1	39.2
Query_33461	XM_035266438.1	100.000	21	0	0	1	21	496	476	2.1	39.2
Query_33461	XM_035266440.1	100.000	21	0	0	1	21	890	870	2.1	39.2
Query_33461	XM_035266437.1	100.000	21	0	0	1	21	2885	2865	2.1	39.2
Query_33461	XM_009008885.2	100.000	21	0	0	1	21	631	611	2.1	39.2


