# blastn
# Iteration: 0
# Query: 
# RID: 7J416MVK013
# Database: nt
# Fields: query acc.ver, subject acc.ver, % identity, alignment length, mismatches, gap opens, q. start, q. end, s. start, s. end, evalue, bit score
# 100 hits found
Query_62327	XM_034960512.1	100.000	21	0	0	1	21	197	177	2.1	39.2
Query_62327	XM_003829274.3	100.000	21	0	0	1	21	197	177	2.1	39.2
Query_62327	XM_027949574.2	100.000	21	0	0	1	21	212	192	2.1	39.2
Query_62327	XM_034507346.1	100.000	21	0	0	1	21	224	204	2.1	39.2
Query_62327	XR_002174172.2	100.000	21	0	0	1	21	384	364	2.1	39.2
Query_62327	XM_004326504.3	100.000	21	0	0	1	21	195	175	2.1	39.2
Query_62327	XM_033847592.1	100.000	21	0	0	1	21	111	91	2.1	39.2
Query_62327	XM_033761573.1	100.000	21	0	0	1	21	84	64	2.1	39.2
Query_62327	XM_033761572.1	100.000	21	0	0	1	21	86	66	2.1	39.2
Query_62327	XR_004478222.1	100.000	21	0	0	1	21	409	389	2.1	39.2
Query_62327	XM_033409828.1	100.000	21	0	0	1	21	409	389	2.1	39.2
Query_62327	XM_033409827.1	100.000	21	0	0	1	21	393	373	2.1	39.2
Query_62327	XM_004282119.3	100.000	21	0	0	1	21	368	348	2.1	39.2
Query_62327	XM_033422607.1	100.000	21	0	0	1	21	163	143	2.1	39.2
Query_62327	XM_033403071.1	100.000	21	0	0	1	21	169	149	2.1	39.2
Query_62327	XM_004263629.3	100.000	21	0	0	1	21	166	146	2.1	39.2
Query_62327	XM_033181205.1	100.000	21	0	0	1	21	1054	1034	2.1	39.2
Query_62327	XM_033095936.1	100.000	21	0	0	1	21	229	209	2.1	39.2
Query_62327	XM_032911682.1	100.000	21	0	0	1	21	220	200	2.1	39.2
Query_62327	XM_032625524.1	100.000	21	0	0	1	21	190	170	2.1	39.2
Query_62327	XM_032625523.1	100.000	21	0	0	1	21	217	197	2.1	39.2
Query_62327	XM_032625522.1	100.000	21	0	0	1	21	234	214	2.1	39.2
Query_62327	XM_030318352.2	100.000	21	0	0	1	21	235	215	2.1	39.2
Query_62327	XM_006179617.3	100.000	21	0	0	1	21	229	209	2.1	39.2
Query_62327	XM_032251637.1	100.000	21	0	0	1	21	546	526	2.1	39.2
Query_62327	XM_032251564.1	100.000	21	0	0	1	21	546	526	2.1	39.2
Query_62327	XR_001121348.2	100.000	21	0	0	1	21	214	194	2.1	39.2
Query_62327	XM_003756460.3	100.000	21	0	0	1	21	246	226	2.1	39.2
Query_62327	XM_023196017.2	100.000	21	0	0	1	21	519	499	2.1	39.2
Query_62327	NM_001194433.3	100.000	21	0	0	1	21	528	508	2.1	39.2
Query_62327	XM_006212804.3	100.000	21	0	0	1	21	228	208	2.1	39.2
Query_62327	XM_021939692.2	100.000	21	0	0	1	21	541	521	2.1	39.2
Query_62327	XM_003900106.3	100.000	21	0	0	1	21	541	521	2.1	39.2
Query_62327	XM_010981544.2	100.000	21	0	0	1	21	229	209	2.1	39.2
Query_62327	XM_031354008.1	100.000	21	0	0	1	21	244	224	2.1	39.2
Query_62327	XM_031010702.1	100.000	21	0	0	1	21	519	499	2.1	39.2
Query_62327	XR_004042349.1	100.000	21	0	0	1	21	382	362	2.1	39.2
Query_62327	XM_030869624.1	100.000	21	0	0	1	21	328	308	2.1	39.2
Query_62327	XM_030869623.1	100.000	21	0	0	1	21	227	207	2.1	39.2
Query_62327	XM_030318362.1	100.000	21	0	0	1	21	202	182	2.1	39.2
Query_62327	XM_030318343.1	100.000	21	0	0	1	21	229	209	2.1	39.2
Query_62327	XM_030318333.1	100.000	21	0	0	1	21	222	202	2.1	39.2
Query_62327	XM_030245926.1	100.000	21	0	0	1	21	242	222	2.1	39.2
Query_62327	XM_030245925.1	100.000	21	0	0	1	21	292	272	2.1	39.2
Query_62327	XM_011248967.2	100.000	21	0	0	1	21	868	848	2.1	39.2
Query_62327	XM_029941919.1	100.000	21	0	0	1	21	235	215	2.1	39.2
Query_62327	XM_008827925.3	100.000	21	0	0	1	21	277	257	2.1	39.2
Query_62327	XM_029546000.1	100.000	21	0	0	1	21	224	204	2.1	39.2
Query_62327	XM_021213072.2	100.000	21	0	0	1	21	258	238	2.1	39.2
Query_62327	XM_029210772.1	100.000	21	0	0	1	21	19	39	2.1	39.2
Query_62327	XM_029217262.1	100.000	21	0	0	1	21	232	212	2.1	39.2
Query_62327	NM_003337.4	100.000	21	0	0	1	21	130	110	2.1	39.2
Query_62327	XM_028775875.1	100.000	21	0	0	1	21	320	300	2.1	39.2
Query_62327	XM_007107071.3	100.000	21	0	0	1	21	228	208	2.1	39.2
Query_62327	XM_040444497.1	100.000	21	0	0	1	21	190	170	2.1	39.2
Query_62327	XM_013363114.3	100.000	21	0	0	1	21	184	164	2.1	39.2
Query_62327	XM_040271813.1	100.000	21	0	0	1	21	218	198	2.1	39.2
Query_62327	XM_005335742.4	100.000	21	0	0	1	21	218	198	2.1	39.2
Query_62327	XM_040240092.1	100.000	21	0	0	1	21	523	503	2.1	39.2
Query_62327	XM_010338704.2	100.000	21	0	0	1	21	261	241	2.1	39.2
Query_62327	XM_010338699.2	100.000	21	0	0	1	21	260	240	2.1	39.2
Query_62327	XM_039242287.1	100.000	21	0	0	1	21	216	196	2.1	39.2
Query_62327	XM_039242286.1	100.000	21	0	0	1	21	216	196	2.1	39.2
Query_62327	XM_039242285.1	100.000	21	0	0	1	21	215	195	2.1	39.2
Query_62327	XM_039086941.1	100.000	21	0	0	1	21	254	234	2.1	39.2
Query_62327	XM_006246343.3	100.000	21	0	0	1	21	249	229	2.1	39.2
Query_62327	XM_038325642.1	100.000	21	0	0	1	21	495	475	2.1	39.2
Query_62327	XM_038325641.1	100.000	21	0	0	1	21	428	408	2.1	39.2
Query_62327	XM_008014440.2	100.000	21	0	0	1	21	537	517	2.1	39.2
Query_62327	XM_008014439.2	100.000	21	0	0	1	21	537	517	2.1	39.2
Query_62327	XM_037809629.1	100.000	21	0	0	1	21	119	99	2.1	39.2
Query_62327	XM_017532387.2	100.000	21	0	0	1	21	197	177	2.1	39.2
Query_62327	XM_017532386.2	100.000	21	0	0	1	21	253	233	2.1	39.2
Query_62327	XM_037150865.1	100.000	21	0	0	1	21	149	129	2.1	39.2
Query_62327	XM_037150864.1	100.000	21	0	0	1	21	233	213	2.1	39.2
Query_62327	XM_037150863.1	100.000	21	0	0	1	21	231	211	2.1	39.2
Query_62327	XM_037050449.1	100.000	21	0	0	1	21	229	209	2.1	39.2
Query_62327	XM_037050448.1	100.000	21	0	0	1	21	228	208	2.1	39.2
Query_62327	XM_036898390.1	100.000	21	0	0	1	21	78	58	2.1	39.2
Query_62327	XM_036898387.1	100.000	21	0	0	1	21	215	195	2.1	39.2
Query_62327	XM_036898386.1	100.000	21	0	0	1	21	215	195	2.1	39.2
Query_62327	XM_036425397.1	100.000	21	0	0	1	21	234	214	2.1	39.2
Query_62327	XM_036425396.1	100.000	21	0	0	1	21	231	211	2.1	39.2
Query_62327	XM_036314880.1	100.000	21	0	0	1	21	81	61	2.1	39.2
Query_62327	XM_036314879.1	100.000	21	0	0	1	21	226	206	2.1	39.2
Query_62327	XM_036281631.1	100.000	21	0	0	1	21	175	155	2.1	39.2
Query_62327	XM_036281629.1	100.000	21	0	0	1	21	211	191	2.1	39.2
Query_62327	XM_016137659.2	100.000	21	0	0	1	21	493	473	2.1	39.2
Query_62327	XM_036227853.1	100.000	21	0	0	1	21	1270	1250	2.1	39.2
Query_62327	XM_036227852.1	100.000	21	0	0	1	21	1270	1250	2.1	39.2
Query_62327	XM_036194495.1	100.000	21	0	0	1	21	146	126	2.1	39.2
Query_62327	XM_036194494.1	100.000	21	0	0	1	21	174	154	2.1	39.2
Query_62327	XM_028527841.2	100.000	21	0	0	1	21	229	209	2.1	39.2
Query_62327	LR877236.1	100.000	21	0	0	1	21	33087663	33087683	2.1	39.2
Query_62327	LR877218.1	100.000	21	0	0	1	21	39796917	39796937	2.1	39.2
Query_62327	LR862361.1	100.000	21	0	0	1	21	65633154	65633134	2.1	39.2
Query_62327	XM_027427583.2	100.000	21	0	0	1	21	206	186	2.1	39.2
Query_62327	XM_003498489.5	100.000	21	0	0	1	21	152	132	2.1	39.2
Query_62327	XM_008984915.4	100.000	21	0	0	1	21	548	528	2.1	39.2
Query_62327	XM_002744157.6	100.000	21	0	0	1	21	548	528	2.1	39.2


