# blastn
# Iteration: 0
# Query: 
# RID: 7PYD7KK501R
# Database: nt
# Fields: query acc.ver, subject acc.ver, % identity, alignment length, mismatches, gap opens, q. start, q. end, s. start, s. end, evalue, bit score
# 51 hits found
Query_163629	XM_003807100.4	100.000	21	0	0	1	21	468	448	2.1	39.2
Query_163629	XM_032263200.1	100.000	21	0	0	1	21	394	374	2.1	39.2
Query_163629	XM_032171207.1	100.000	21	0	0	1	21	739	719	2.1	39.2
Query_163629	XR_004067781.1	100.000	21	0	0	1	21	452	432	2.1	39.2
Query_163629	XM_019015478.2	100.000	21	0	0	1	21	123	103	2.1	39.2
Query_163629	XM_003277335.4	100.000	21	0	0	1	21	745	725	2.1	39.2
Query_163629	AC279090.1	100.000	21	0	0	1	21	113356	113376	2.1	39.2
Query_163629	NM_014501.3	100.000	21	0	0	1	21	473	453	2.1	39.2
Query_163629	CP034522.1	100.000	21	0	0	1	21	55855724	55855744	2.1	39.2
Query_163629	CP034497.1	100.000	21	0	0	1	21	55855724	55855744	2.1	39.2
Query_163629	CP034495.1	100.000	21	0	0	1	21	15607941	15607961	2.1	39.2
Query_163629	AC277988.1	100.000	21	0	0	1	21	97165	97145	2.1	39.2
Query_163629	XM_011752020.2	100.000	21	0	0	1	21	836	816	2.1	39.2
Query_163629	XM_011526752.2	100.000	21	0	0	1	21	1124	1104	2.1	39.2
Query_163629	XM_016936881.2	100.000	21	0	0	1	21	2016	1996	2.1	39.2
Query_163629	XM_016936880.2	100.000	21	0	0	1	21	536	516	2.1	39.2
Query_163629	XR_677486.3	100.000	21	0	0	1	21	729	709	2.1	39.2
Query_163629	XR_002942167.1	100.000	21	0	0	1	21	412	392	2.1	39.2
Query_163629	XM_024236634.1	100.000	21	0	0	1	21	738	718	2.1	39.2
Query_163629	LT741140.1	100.000	21	0	0	1	21	761	741	2.1	39.2
Query_163629	LT736020.1	100.000	21	0	0	1	21	761	741	2.1	39.2
Query_163629	XM_019627846.1	100.000	21	0	0	1	21	801	781	2.1	39.2
Query_163629	XM_016218346.1	100.000	21	0	0	1	21	289	269	2.1	39.2
Query_163629	XM_005590403.2	100.000	21	0	0	1	21	837	817	2.1	39.2
Query_163629	KJ898691.1	100.000	21	0	0	1	21	339	319	2.1	39.2
Query_163629	KJ898690.1	100.000	21	0	0	1	21	339	319	2.1	39.2
Query_163629	AC254826.1	100.000	21	0	0	1	21	132565	132545	2.1	39.2
Query_163629	XM_003944678.3	100.000	21	0	0	1	21	836	816	2.1	39.2
Query_163629	NM_001266004.2	100.000	21	0	0	1	21	593	573	2.1	39.2
Query_163629	CP068261.1	100.000	21	0	0	1	21	15611157	15611177	2.1	39.2
Query_163629	CP068259.1	100.000	21	0	0	1	21	58499804	58499824	2.1	39.2
Query_163629	XM_017546575.2	100.000	21	0	0	1	21	832	812	2.1	39.2
Query_163629	AP023479.1	100.000	21	0	0	1	21	55882148	55882168	2.1	39.2
Query_163629	AP023477.1	100.000	21	0	0	1	21	15790903	15790923	2.1	39.2
Query_163629	XM_002762502.3	100.000	21	0	0	1	21	838	818	2.1	39.2
Query_163629	AC240523.3	100.000	21	0	0	1	21	9825	9805	2.1	39.2
Query_163629	NG_001583.3	100.000	21	0	0	1	21	567	547	2.1	39.2
Query_163629	CU675700.1	100.000	21	0	0	1	21	411	431	2.1	39.2
Query_163629	CU675699.1	100.000	21	0	0	1	21	290	270	2.1	39.2
Query_163629	BC014622.1	100.000	21	0	0	1	21	463	443	2.1	39.2
Query_163629	AC183294.3	100.000	21	0	0	1	21	3421	3401	2.1	39.2
Query_163629	BC065364.1	100.000	21	0	0	1	21	462	442	2.1	39.2
Query_163629	BC004236.2	100.000	21	0	0	1	21	452	432	2.1	39.2
Query_163629	AC018989.15	100.000	21	0	0	1	21	150424	150444	2.1	39.2
Query_163629	AC020922.9	100.000	21	0	0	1	21	112639	112659	2.1	39.2
Query_163629	DQ120719.1	100.000	21	0	0	1	21	275	255	2.1	39.2
Query_163629	DQ120718.1	100.000	21	0	0	1	21	274	254	2.1	39.2
Query_163629	AB062397.1	100.000	21	0	0	1	21	452	432	2.1	39.2
Query_163629	AC005324.1	100.000	21	0	0	1	21	60398	60378	2.1	39.2
Query_163629	M91670.1	100.000	21	0	0	1	21	333	313	2.1	39.2
Query_163629	CP049143.1	100.000	20	0	0	1	20	2218297	2218316	7.3	37.4


