# blastn
# Iteration: 0
# Query: 
# RID: 6S34D3ZJ016
# Database: nt
# Fields: query acc.ver, subject acc.ver, % identity, alignment length, mismatches, gap opens, q. start, q. end, s. start, s. end, evalue, bit score
# 100 hits found
Query_103115	XM_008976634.2	100.000	21	0	0	1	21	549	529	2.1	39.2
Query_103115	XM_003823013.3	100.000	21	0	0	1	21	531	511	2.1	39.2
Query_103115	XM_033198362.1	100.000	21	0	0	1	21	502	482	2.1	39.2
Query_103115	XM_033198361.1	100.000	21	0	0	1	21	524	504	2.1	39.2
Query_103115	XM_033198360.1	100.000	21	0	0	1	21	524	504	2.1	39.2
Query_103115	XM_033198359.1	100.000	21	0	0	1	21	524	504	2.1	39.2
Query_103115	XM_033198358.1	100.000	21	0	0	1	21	418	398	2.1	39.2
Query_103115	XR_004434096.1	100.000	21	0	0	1	21	524	504	2.1	39.2
Query_103115	XM_033198357.1	100.000	21	0	0	1	21	772	752	2.1	39.2
Query_103115	XM_033198356.1	100.000	21	0	0	1	21	524	504	2.1	39.2
Query_103115	XM_032288776.1	100.000	21	0	0	1	21	521	501	2.1	39.2
Query_103115	XM_032136927.1	100.000	21	0	0	1	21	507	487	2.1	39.2
Query_103115	XM_032136926.1	100.000	21	0	0	1	21	503	483	2.1	39.2
Query_103115	XM_023186845.3	100.000	21	0	0	1	21	886	866	2.1	39.2
Query_103115	XR_639001.4	100.000	21	0	0	1	21	547	527	2.1	39.2
Query_103115	XM_009189984.4	100.000	21	0	0	1	21	547	527	2.1	39.2
Query_103115	XM_030930251.1	100.000	21	0	0	1	21	508	488	2.1	39.2
Query_103115	XM_010378845.2	100.000	21	0	0	1	21	531	511	2.1	39.2
Query_103115	XM_030930243.1	100.000	21	0	0	1	21	531	511	2.1	39.2
Query_103115	XM_012502075.2	100.000	21	0	0	1	21	503	483	2.1	39.2
Query_103115	XM_015120156.2	100.000	21	0	0	1	21	502	482	2.1	39.2
Query_103115	XM_015120144.2	100.000	21	0	0	1	21	536	516	2.1	39.2
Query_103115	XM_015120123.2	100.000	21	0	0	1	21	536	516	2.1	39.2
Query_103115	XM_026456675.1	100.000	21	0	0	1	21	523	503	2.1	39.2
Query_103115	XM_023186848.2	100.000	21	0	0	1	21	523	503	2.1	39.2
Query_103115	XM_023186846.2	100.000	21	0	0	1	21	523	503	2.1	39.2
Query_103115	XM_023186844.2	100.000	21	0	0	1	21	523	503	2.1	39.2
Query_103115	XM_026397216.1	100.000	21	0	0	1	21	496	476	2.1	39.2
Query_103115	XM_027945677.1	100.000	21	0	0	1	21	510	490	2.1	39.2
Query_103115	XM_027945676.1	100.000	21	0	0	1	21	497	477	2.1	39.2
Query_103115	XM_025391108.1	100.000	21	0	0	1	21	507	487	2.1	39.2
Query_103115	XM_025391104.1	100.000	21	0	0	1	21	503	483	2.1	39.2
Query_103115	NM_014176.4	100.000	21	0	0	1	21	474	454	2.1	39.2
Query_103115	XM_011746666.2	100.000	21	0	0	1	21	502	482	2.1	39.2
Query_103115	XM_011746665.2	100.000	21	0	0	1	21	873	853	2.1	39.2
Query_103115	XM_011746664.2	100.000	21	0	0	1	21	745	725	2.1	39.2
Query_103115	XM_011746662.2	100.000	21	0	0	1	21	527	507	2.1	39.2
Query_103115	XM_009440790.2	100.000	21	0	0	1	21	523	503	2.1	39.2
Query_103115	XM_024350983.1	100.000	21	0	0	1	21	843	823	2.1	39.2
Query_103115	XM_514102.6	100.000	21	0	0	1	21	534	514	2.1	39.2
Query_103115	XM_024239242.1	100.000	21	0	0	1	21	872	852	2.1	39.2
Query_103115	XM_002809603.4	100.000	21	0	0	1	21	519	499	2.1	39.2
Query_103115	XM_004375283.2	100.000	21	0	0	1	21	471	451	2.1	39.2
Query_103115	XM_004625355.2	100.000	21	0	0	1	21	509	489	2.1	39.2
Query_103115	XM_004481920.3	100.000	21	0	0	1	21	910	890	2.1	39.2
Query_103115	XM_012520995.2	100.000	21	0	0	1	21	503	483	2.1	39.2
Query_103115	XM_012520994.2	100.000	21	0	0	1	21	518	498	2.1	39.2
Query_103115	XM_023186847.1	100.000	21	0	0	1	21	523	503	2.1	39.2
Query_103115	XM_003893291.3	100.000	21	0	0	1	21	547	527	2.1	39.2
Query_103115	XM_021706319.1	100.000	21	0	0	1	21	365	345	2.1	39.2
Query_103115	XM_021706318.1	100.000	21	0	0	1	21	433	413	2.1	39.2
Query_103115	XM_008072792.2	100.000	21	0	0	1	21	483	463	2.1	39.2
Query_103115	XM_021706317.1	100.000	21	0	0	1	21	434	414	2.1	39.2
Query_103115	XR_504178.2	100.000	21	0	0	1	21	499	479	2.1	39.2
Query_103115	XM_021229144.1	100.000	21	0	0	1	21	608	588	2.1	39.2
Query_103115	XM_021229143.1	100.000	21	0	0	1	21	419	399	2.1	39.2
Query_103115	XM_021229142.1	100.000	21	0	0	1	21	761	741	2.1	39.2
Query_103115	XM_005073387.3	100.000	21	0	0	1	21	526	506	2.1	39.2
Query_103115	LT735351.1	100.000	21	0	0	1	21	855	835	2.1	39.2
Query_103115	XM_009189991.2	100.000	21	0	0	1	21	502	482	2.1	39.2
Query_103115	XM_017896496.1	100.000	21	0	0	1	21	503	483	2.1	39.2
Query_103115	XM_017896495.1	100.000	21	0	0	1	21	545	525	2.1	39.2
Query_103115	XM_017896494.1	100.000	21	0	0	1	21	545	525	2.1	39.2
Query_103115	XM_017896493.1	100.000	21	0	0	1	21	545	525	2.1	39.2
Query_103115	XM_017896491.1	100.000	21	0	0	1	21	376	356	2.1	39.2
Query_103115	XR_001890023.1	100.000	21	0	0	1	21	545	525	2.1	39.2
Query_103115	XM_017896490.1	100.000	21	0	0	1	21	666	646	2.1	39.2
Query_103115	XM_017896489.1	100.000	21	0	0	1	21	545	525	2.1	39.2
Query_103115	XM_002717595.3	100.000	21	0	0	1	21	556	536	2.1	39.2
Query_103115	XM_017347857.1	100.000	21	0	0	1	21	1204	1184	2.1	39.2
Query_103115	XM_008268582.2	100.000	21	0	0	1	21	567	547	2.1	39.2
Query_103115	XM_015483843.1	100.000	21	0	0	1	21	490	470	2.1	39.2
Query_103115	XM_015448187.1	100.000	21	0	0	1	21	502	482	2.1	39.2
Query_103115	XM_015448182.1	100.000	21	0	0	1	21	539	519	2.1	39.2
Query_103115	XM_015448175.1	100.000	21	0	0	1	21	539	519	2.1	39.2
Query_103115	XM_005540454.2	100.000	21	0	0	1	21	539	519	2.1	39.2
Query_103115	XM_005540453.2	100.000	21	0	0	1	21	473	453	2.1	39.2
Query_103115	XM_005540452.2	100.000	21	0	0	1	21	869	849	2.1	39.2
Query_103115	XM_005540451.2	100.000	21	0	0	1	21	735	715	2.1	39.2
Query_103115	XM_005540450.2	100.000	21	0	0	1	21	539	519	2.1	39.2
Query_103115	XM_005375212.2	100.000	21	0	0	1	21	527	507	2.1	39.2
Query_103115	XM_005375211.2	100.000	21	0	0	1	21	547	527	2.1	39.2
Query_103115	XM_013157880.1	100.000	21	0	0	1	21	595	575	2.1	39.2
Query_103115	XM_003474833.2	100.000	21	0	0	1	21	595	575	2.1	39.2
Query_103115	NG_042230.1	100.000	21	0	0	1	21	13714	13694	2.1	39.2
Query_103115	XM_013017363.1	100.000	21	0	0	1	21	513	493	2.1	39.2
Query_103115	XM_003792267.2	100.000	21	0	0	1	21	416	396	2.1	39.2
Query_103115	XM_012459474.1	100.000	21	0	0	1	21	514	494	2.1	39.2
Query_103115	XM_011931764.1	100.000	21	0	0	1	21	503	483	2.1	39.2
Query_103115	XM_011746661.1	100.000	21	0	0	1	21	527	507	2.1	39.2
Query_103115	XM_007988939.2	100.000	21	0	0	1	21	473	453	2.1	39.2
Query_103115	XM_037985742.1	100.000	21	0	0	1	21	823	803	2.1	39.2
Query_103115	XM_007988937.2	100.000	21	0	0	1	21	539	519	2.1	39.2
Query_103115	XM_007988936.2	100.000	21	0	0	1	21	538	518	2.1	39.2
Query_103115	XM_037812190.1	100.000	21	0	0	1	21	458	438	2.1	39.2
Query_103115	XM_037812188.1	100.000	21	0	0	1	21	654	634	2.1	39.2
Query_103115	XM_037812177.1	100.000	21	0	0	1	21	516	496	2.1	39.2
Query_103115	XM_017520112.2	100.000	21	0	0	1	21	494	474	2.1	39.2
Query_103115	XM_037015311.1	100.000	21	0	0	1	21	451	431	2.1	39.2
Query_103115	NM_001310326.2	100.000	21	0	0	1	21	478	458	2.1	39.2


