# blastn
# Iteration: 0
# Query: 
# RID: 6X9JJ2FG013
# Database: nt
# Fields: query acc.ver, subject acc.ver, % identity, alignment length, mismatches, gap opens, q. start, q. end, s. start, s. end, evalue, bit score
# 101 hits found
Query_45995	XR_004676345.1	100.000	21	0	0	1	21	632	612	2.1	39.2
Query_45995	XM_034989324.1	100.000	21	0	0	1	21	630	610	2.1	39.2
Query_45995	XM_034941314.1	100.000	21	0	0	1	21	679	659	2.1	39.2
Query_45995	CP050604.1	100.000	21	0	0	1	21	2250557	2250537	2.1	39.2
Query_45995	CP050644.1	100.000	21	0	0	1	21	2251512	2251492	2.1	39.2
Query_45995	XM_032498029.1	100.000	21	0	0	1	21	687	667	2.1	39.2
Query_45995	XM_032431655.1	100.000	21	0	0	1	21	686	666	2.1	39.2
Query_45995	XM_032138345.1	100.000	21	0	0	1	21	697	677	2.1	39.2
Query_45995	XM_031469532.1	100.000	21	0	0	1	21	687	667	2.1	39.2
Query_45995	XM_006748196.2	100.000	21	0	0	1	21	341	321	2.1	39.2
Query_45995	XM_004058312.3	100.000	21	0	0	1	21	688	668	2.1	39.2
Query_45995	XM_030800357.1	100.000	21	0	0	1	21	688	668	2.1	39.2
Query_45995	XM_028498186.1	100.000	21	0	0	1	21	693	673	2.1	39.2
Query_45995	XM_028414162.1	100.000	21	0	0	1	21	466	446	2.1	39.2
Query_45995	LR131981.1	100.000	21	0	0	1	21	4249957	4249937	2.1	39.2
Query_45995	XM_026393902.1	100.000	21	0	0	1	21	1062	1042	2.1	39.2
Query_45995	XM_007177418.2	100.000	21	0	0	1	21	305	285	2.1	39.2
Query_45995	XM_007177417.2	100.000	21	0	0	1	21	652	632	2.1	39.2
Query_45995	XM_028124951.1	100.000	21	0	0	1	21	642	622	2.1	39.2
Query_45995	XM_028124950.1	100.000	21	0	0	1	21	641	621	2.1	39.2
Query_45995	XR_003590717.1	100.000	21	0	0	1	21	734	714	2.1	39.2
Query_45995	XM_027975112.1	100.000	21	0	0	1	21	697	677	2.1	39.2
Query_45995	XM_027922643.1	100.000	21	0	0	1	21	650	630	2.1	39.2
Query_45995	XR_003580586.1	100.000	21	0	0	1	21	329	309	2.1	39.2
Query_45995	CP034495.1	100.000	21	0	0	1	21	4192625	4192645	2.1	39.2
Query_45995	CP034495.1	100.000	21	0	0	1	21	84372894	84372914	2.1	39.2
Query_45995	XR_003507019.1	100.000	21	0	0	1	21	780	760	2.1	39.2
Query_45995	XM_027519740.1	100.000	21	0	0	1	21	689	669	2.1	39.2
Query_45995	XM_026005210.1	100.000	21	0	0	1	21	329	309	2.1	39.2
Query_45995	XM_025864046.1	100.000	21	0	0	1	21	655	635	2.1	39.2
Query_45995	XM_025864045.1	100.000	21	0	0	1	21	353	333	2.1	39.2
Query_45995	XM_025864044.1	100.000	21	0	0	1	21	353	333	2.1	39.2
Query_45995	XM_010815936.2	100.000	21	0	0	1	21	425	405	2.1	39.2
Query_45995	XM_009431600.3	100.000	21	0	0	1	21	314	294	2.1	39.2
Query_45995	XM_016931252.2	100.000	21	0	0	1	21	688	668	2.1	39.2
Query_45995	CP027087.1	100.000	21	0	0	1	21	24701271	24701291	2.1	39.2
Query_45995	CP027083.1	100.000	21	0	0	1	21	52625112	52625132	2.1	39.2
Query_45995	XM_002826864.4	100.000	21	0	0	1	21	688	668	2.1	39.2
Query_45995	XM_011479557.3	100.000	21	0	0	1	21	449	429	2.1	39.2
Query_45995	XM_004072769.4	100.000	21	0	0	1	21	449	429	2.1	39.2
Query_45995	XM_004376122.2	100.000	21	0	0	1	21	479	459	2.1	39.2
Query_45995	XM_023731135.1	100.000	21	0	0	1	21	648	628	2.1	39.2
Query_45995	XM_023653288.1	100.000	21	0	0	1	21	631	611	2.1	39.2
Query_45995	XM_023653287.1	100.000	21	0	0	1	21	628	608	2.1	39.2
Query_45995	XM_023584215.1	100.000	21	0	0	1	21	512	492	2.1	39.2
Query_45995	XM_010596517.2	100.000	21	0	0	1	21	627	607	2.1	39.2
Query_45995	XM_003799047.3	100.000	21	0	0	1	21	686	666	2.1	39.2
Query_45995	CP020629.1	100.000	21	0	0	1	21	25242088	25242068	2.1	39.2
Query_45995	CP020787.1	100.000	21	0	0	1	21	24015354	24015334	2.1	39.2
Query_45995	CP020673.1	100.000	21	0	0	1	21	25475220	25475200	2.1	39.2
Query_45995	XM_008047888.2	100.000	21	0	0	1	21	693	673	2.1	39.2
Query_45995	XM_021694875.1	100.000	21	0	0	1	21	575	555	2.1	39.2
Query_45995	XM_021694873.1	100.000	21	0	0	1	21	672	652	2.1	39.2
Query_45995	XR_002337327.1	100.000	21	0	0	1	21	413	393	2.1	39.2
Query_45995	XR_002337326.1	100.000	21	0	0	1	21	779	759	2.1	39.2
Query_45995	XM_021067700.1	100.000	21	0	0	1	21	695	675	2.1	39.2
Query_45995	XR_002313662.1	100.000	21	0	0	1	21	707	687	2.1	39.2
Query_45995	XM_020882859.1	100.000	21	0	0	1	21	636	616	2.1	39.2
Query_45995	XR_001157657.2	100.000	21	0	0	1	21	985	965	2.1	39.2
Query_45995	XR_001157656.2	100.000	21	0	0	1	21	1017	997	2.1	39.2
Query_45995	XR_001157655.2	100.000	21	0	0	1	21	558	538	2.1	39.2
Query_45995	LT734953.1	100.000	21	0	0	1	21	813	793	2.1	39.2
Query_45995	XM_019980987.1	100.000	21	0	0	1	21	649	629	2.1	39.2
Query_45995	XM_019980986.1	100.000	21	0	0	1	21	335	315	2.1	39.2
Query_45995	XM_018064440.1	100.000	21	0	0	1	21	663	643	2.1	39.2
Query_45995	HF933215.1	100.000	21	0	0	1	21	25578168	25578148	2.1	39.2
Query_45995	XM_017348822.1	100.000	21	0	0	1	21	671	651	2.1	39.2
Query_45995	XM_007521102.2	100.000	21	0	0	1	21	515	495	2.1	39.2
Query_45995	XM_016187815.1	100.000	21	0	0	1	21	451	431	2.1	39.2
Query_45995	XM_015505883.1	100.000	21	0	0	1	21	293	273	2.1	39.2
Query_45995	XM_015502216.1	100.000	21	0	0	1	21	554	534	2.1	39.2
Query_45995	XM_040270543.1	100.000	21	0	0	1	21	860	840	2.1	39.2
Query_45995	XR_005721604.1	100.000	21	0	0	1	21	733	713	2.1	39.2
Query_45995	XR_005721603.1	100.000	21	0	0	1	21	763	743	2.1	39.2
Query_45995	XM_040243712.1	100.000	21	0	0	1	21	697	677	2.1	39.2
Query_45995	XM_040196764.1	100.000	21	0	0	1	21	457	437	2.1	39.2
Query_45995	HG994385.1	100.000	21	0	0	1	21	31014511	31014531	2.1	39.2
Query_45995	XM_039476665.1	100.000	21	0	0	1	21	709	689	2.1	39.2
Query_45995	CP068261.1	100.000	21	0	0	1	21	4178884	4178904	2.1	39.2
Query_45995	XM_038665135.1	100.000	21	0	0	1	21	320	300	2.1	39.2
Query_45995	XM_038665134.1	100.000	21	0	0	1	21	433	413	2.1	39.2
Query_45995	XM_038512865.1	100.000	21	0	0	1	21	320	300	2.1	39.2
Query_45995	XM_038512854.1	100.000	21	0	0	1	21	433	413	2.1	39.2
Query_45995	XM_037810445.1	100.000	21	0	0	1	21	671	651	2.1	39.2
Query_45995	XM_037801494.1	100.000	21	0	0	1	21	498	478	2.1	39.2
Query_45995	XM_037495089.1	100.000	21	0	0	1	21	653	633	2.1	39.2
Query_45995	XM_037099490.1	100.000	21	0	0	1	21	501	481	2.1	39.2
Query_45995	XM_037022823.1	100.000	21	0	0	1	21	415	395	2.1	39.2
Query_45995	XM_036887031.1	100.000	21	0	0	1	21	420	400	2.1	39.2
Query_45995	LR884464.1	100.000	21	0	0	1	21	28373677	28373657	2.1	39.2
Query_45995	AP023477.1	100.000	21	0	0	1	21	4362781	4362801	2.1	39.2
Query_45995	XM_036078415.1	100.000	21	0	0	1	21	649	629	2.1	39.2
Query_45995	XM_036078414.1	100.000	21	0	0	1	21	449	429	2.1	39.2
Query_45995	XM_036078412.1	100.000	21	0	0	1	21	449	429	2.1	39.2
Query_45995	NM_003342.5	100.000	21	0	0	1	21	685	665	2.1	39.2
Query_45995	XM_035716269.1	100.000	21	0	0	1	21	320	300	2.1	39.2
Query_45995	XM_035716268.1	100.000	21	0	0	1	21	434	414	2.1	39.2
Query_45995	XM_027625410.2	100.000	21	0	0	1	21	659	639	2.1	39.2
Query_45995	XM_027625409.2	100.000	21	0	0	1	21	790	770	2.1	39.2
Query_45995	XM_027625408.2	100.000	21	0	0	1	21	479	459	2.1	39.2
Query_45995	XM_027625406.2	100.000	21	0	0	1	21	479	459	2.1	39.2


