# blastn
# Iteration: 0
# Query: 
# RID: 7JC4D4VV016
# Database: nt
# Fields: query acc.ver, subject acc.ver, % identity, alignment length, mismatches, gap opens, q. start, q. end, s. start, s. end, evalue, bit score
# 100 hits found
Query_63105	XM_034991888.1	100.000	21	0	0	1	21	510	490	2.1	39.2
Query_63105	XM_034991887.1	100.000	21	0	0	1	21	594	574	2.1	39.2
Query_63105	XM_034991886.1	100.000	21	0	0	1	21	552	532	2.1	39.2
Query_63105	XM_034962171.1	100.000	21	0	0	1	21	411	391	2.1	39.2
Query_63105	XM_008958732.2	100.000	21	0	0	1	21	613	593	2.1	39.2
Query_63105	XM_003833230.2	100.000	21	0	0	1	21	584	564	2.1	39.2
Query_63105	XM_033217305.1	100.000	21	0	0	1	21	775	755	2.1	39.2
Query_63105	XM_033217304.1	100.000	21	0	0	1	21	672	652	2.1	39.2
Query_63105	XM_033217303.1	100.000	21	0	0	1	21	547	527	2.1	39.2
Query_63105	XM_033217302.1	100.000	21	0	0	1	21	711	691	2.1	39.2
Query_63105	XM_033217301.1	100.000	21	0	0	1	21	586	566	2.1	39.2
Query_63105	XM_033054520.1	100.000	21	0	0	1	21	571	551	2.1	39.2
Query_63105	XM_033054519.1	100.000	21	0	0	1	21	433	413	2.1	39.2
Query_63105	XM_033054518.1	100.000	21	0	0	1	21	472	452	2.1	39.2
Query_63105	XM_032995333.1	100.000	21	0	0	1	21	504	484	2.1	39.2
Query_63105	XM_032995332.1	100.000	21	0	0	1	21	543	523	2.1	39.2
Query_63105	XM_032862065.1	100.000	21	0	0	1	21	534	514	2.1	39.2
Query_63105	XM_032862064.1	100.000	21	0	0	1	21	576	556	2.1	39.2
Query_63105	XM_030268585.2	100.000	21	0	0	1	21	622	602	2.1	39.2
Query_63105	XM_030268584.2	100.000	21	0	0	1	21	669	649	2.1	39.2
Query_63105	XM_030268583.2	100.000	21	0	0	1	21	575	555	2.1	39.2
Query_63105	XM_030268582.2	100.000	21	0	0	1	21	650	630	2.1	39.2
Query_63105	XM_030268581.2	100.000	21	0	0	1	21	709	689	2.1	39.2
Query_63105	XM_030268580.2	100.000	21	0	0	1	21	637	617	2.1	39.2
Query_63105	XM_030268578.2	100.000	21	0	0	1	21	619	599	2.1	39.2
Query_63105	XM_030268577.2	100.000	21	0	0	1	21	671	651	2.1	39.2
Query_63105	XM_040473640.1	100.000	21	0	0	1	21	534	514	2.1	39.2
Query_63105	XM_040473639.1	100.000	21	0	0	1	21	473	453	2.1	39.2
Query_63105	XM_040473638.1	100.000	21	0	0	1	21	576	556	2.1	39.2
Query_63105	XR_005700355.1	100.000	21	0	0	1	21	472	452	2.1	39.2
Query_63105	XM_040060849.1	100.000	21	0	0	1	21	565	545	2.1	39.2
Query_63105	XM_040060848.1	100.000	21	0	0	1	21	550	530	2.1	39.2
Query_63105	XM_040060847.1	100.000	21	0	0	1	21	604	584	2.1	39.2
Query_63105	XM_039697815.1	100.000	21	0	0	1	21	657	637	2.1	39.2
Query_63105	XR_005626377.1	100.000	21	0	0	1	21	657	637	2.1	39.2
Query_63105	XM_039697814.1	100.000	21	0	0	1	21	617	597	2.1	39.2
Query_63105	XM_039697813.1	100.000	21	0	0	1	21	671	651	2.1	39.2
Query_63105	XM_039697812.1	100.000	21	0	0	1	21	656	636	2.1	39.2
Query_63105	XM_039568714.1	100.000	21	0	0	1	21	600	580	2.1	39.2
Query_63105	XM_039568713.1	100.000	21	0	0	1	21	653	633	2.1	39.2
Query_63105	XM_039568712.1	100.000	21	0	0	1	21	639	619	2.1	39.2
Query_63105	XM_039466881.1	100.000	21	0	0	1	21	699	679	2.1	39.2
Query_63105	XM_010333936.2	100.000	21	0	0	1	21	749	729	2.1	39.2
Query_63105	XM_039466875.1	100.000	21	0	0	1	21	575	555	2.1	39.2
Query_63105	XM_039231230.1	100.000	21	0	0	1	21	573	553	2.1	39.2
Query_63105	XM_038341152.1	100.000	21	0	0	1	21	426	406	2.1	39.2
Query_63105	XM_038341151.1	100.000	21	0	0	1	21	626	606	2.1	39.2
Query_63105	XM_038341149.1	100.000	21	0	0	1	21	677	657	2.1	39.2
Query_63105	XR_005256312.1	100.000	21	0	0	1	21	632	612	2.1	39.2
Query_63105	XM_038131794.1	100.000	21	0	0	1	21	593	573	2.1	39.2
Query_63105	XM_038131793.1	100.000	21	0	0	1	21	5963	5943	2.1	39.2
Query_63105	XM_038131792.1	100.000	21	0	0	1	21	9548	9528	2.1	39.2
Query_63105	XM_038131791.1	100.000	21	0	0	1	21	646	626	2.1	39.2
Query_63105	XM_038131790.1	100.000	21	0	0	1	21	631	611	2.1	39.2
Query_63105	XM_007972423.2	100.000	21	0	0	1	21	647	627	2.1	39.2
Query_63105	XM_038006128.1	100.000	21	0	0	1	21	672	652	2.1	39.2
Query_63105	XM_038006127.1	100.000	21	0	0	1	21	568	548	2.1	39.2
Query_63105	XM_007972424.2	100.000	21	0	0	1	21	711	691	2.1	39.2
Query_63105	XM_007972422.2	100.000	21	0	0	1	21	607	587	2.1	39.2
Query_63105	XM_017547408.2	100.000	21	0	0	1	21	554	534	2.1	39.2
Query_63105	XM_037745344.1	100.000	21	0	0	1	21	626	606	2.1	39.2
Query_63105	XM_017547404.2	100.000	21	0	0	1	21	595	575	2.1	39.2
Query_63105	XM_017547403.2	100.000	21	0	0	1	21	652	632	2.1	39.2
Query_63105	XM_017547402.2	100.000	21	0	0	1	21	570	550	2.1	39.2
Query_63105	XM_037142609.1	100.000	21	0	0	1	21	531	511	2.1	39.2
Query_63105	XM_037142608.1	100.000	21	0	0	1	21	624	604	2.1	39.2
Query_63105	XM_037142607.1	100.000	21	0	0	1	21	570	550	2.1	39.2
Query_63105	XM_037053815.1	100.000	21	0	0	1	21	540	520	2.1	39.2
Query_63105	XM_037053808.1	100.000	21	0	0	1	21	645	625	2.1	39.2
Query_63105	XM_037053800.1	100.000	21	0	0	1	21	579	559	2.1	39.2
Query_63105	XM_037013714.1	100.000	21	0	0	1	21	411	391	2.1	39.2
Query_63105	XM_037013669.1	100.000	21	0	0	1	21	471	451	2.1	39.2
Query_63105	XM_017676271.2	100.000	21	0	0	1	21	704	684	2.1	39.2
Query_63105	XM_017676270.2	100.000	21	0	0	1	21	562	542	2.1	39.2
Query_63105	XM_017676269.2	100.000	21	0	0	1	21	598	578	2.1	39.2
Query_63105	XM_036927364.1	100.000	21	0	0	1	21	411	391	2.1	39.2
Query_63105	XM_036927362.1	100.000	21	0	0	1	21	469	449	2.1	39.2
Query_63105	XM_036927361.1	100.000	21	0	0	1	21	563	543	2.1	39.2
Query_63105	XM_036927360.1	100.000	21	0	0	1	21	693	673	2.1	39.2
Query_63105	XM_036927359.1	100.000	21	0	0	1	21	596	576	2.1	39.2
Query_63105	XM_036381136.1	100.000	21	0	0	1	21	447	427	2.1	39.2
Query_63105	XM_036381135.1	100.000	21	0	0	1	21	608	588	2.1	39.2
Query_63105	XM_036381134.1	100.000	21	0	0	1	21	486	466	2.1	39.2
Query_63105	XM_036316791.1	100.000	21	0	0	1	21	533	513	2.1	39.2
Query_63105	XM_036316790.1	100.000	21	0	0	1	21	740	720	2.1	39.2
Query_63105	XM_036316789.1	100.000	21	0	0	1	21	572	552	2.1	39.2
Query_63105	XM_036082770.1	100.000	21	0	0	1	21	542	522	2.1	39.2
Query_63105	XM_036082769.1	100.000	21	0	0	1	21	473	453	2.1	39.2
Query_63105	XM_036082767.1	100.000	21	0	0	1	21	584	564	2.1	39.2
Query_63105	XM_027602293.2	100.000	21	0	0	1	21	1914	1894	2.1	39.2
Query_63105	XM_027602292.2	100.000	21	0	0	1	21	1872	1852	2.1	39.2
Query_63105	XM_027602291.2	100.000	21	0	0	1	21	1914	1894	2.1	39.2
Query_63105	XM_035295753.1	100.000	21	0	0	1	21	719	699	2.1	39.2
Query_63105	XM_035295752.1	100.000	21	0	0	1	21	555	535	2.1	39.2
Query_63105	XM_035295750.1	100.000	21	0	0	1	21	755	735	2.1	39.2
Query_63105	XM_035295749.1	100.000	21	0	0	1	21	585	565	2.1	39.2
Query_63105	XM_035295748.1	100.000	21	0	0	1	21	599	579	2.1	39.2
Query_63105	XM_035295747.1	100.000	21	0	0	1	21	629	609	2.1	39.2
Query_63105	XM_035295746.1	100.000	21	0	0	1	21	754	734	2.1	39.2
Query_63105	XM_035295745.1	100.000	21	0	0	1	21	604	584	2.1	39.2


