# blastn
# Iteration: 0
# Query: 
# RID: 6RRNYT1E016
# Database: nt
# Fields: query acc.ver, subject acc.ver, % identity, alignment length, mismatches, gap opens, q. start, q. end, s. start, s. end, evalue, bit score
# 58 hits found
Query_40183	XM_003807100.4	100.000	21	0	0	1	21	291	271	2.1	39.2
Query_40183	XM_034942333.1	100.000	21	0	0	1	21	275	255	2.1	39.2
Query_40183	XM_032263200.1	100.000	21	0	0	1	21	217	197	2.1	39.2
Query_40183	XM_003916130.3	100.000	21	0	0	1	21	666	646	2.1	39.2
Query_40183	XR_004067781.1	100.000	21	0	0	1	21	275	255	2.1	39.2
Query_40183	XR_176607.3	100.000	21	0	0	1	21	291	271	2.1	39.2
Query_40183	AC279090.1	100.000	21	0	0	1	21	113534	113554	2.1	39.2
Query_40183	NM_014501.3	100.000	21	0	0	1	21	296	276	2.1	39.2
Query_40183	CP034522.1	100.000	21	0	0	1	21	55858237	55858257	2.1	39.2
Query_40183	CP034497.1	100.000	21	0	0	1	21	55858237	55858257	2.1	39.2
Query_40183	CP034495.1	100.000	21	0	0	1	21	15608118	15608138	2.1	39.2
Query_40183	XM_025369037.1	100.000	21	0	0	1	21	665	645	2.1	39.2
Query_40183	AC277988.1	100.000	21	0	0	1	21	96988	96968	2.1	39.2
Query_40183	XM_011752020.2	100.000	21	0	0	1	21	659	639	2.1	39.2
Query_40183	XM_011526752.2	100.000	21	0	0	1	21	947	927	2.1	39.2
Query_40183	XM_016936881.2	100.000	21	0	0	1	21	1839	1819	2.1	39.2
Query_40183	XM_016936880.2	100.000	21	0	0	1	21	359	339	2.1	39.2
Query_40183	XR_677486.3	100.000	21	0	0	1	21	551	531	2.1	39.2
Query_40183	XR_002942167.1	100.000	21	0	0	1	21	234	214	2.1	39.2
Query_40183	XM_024236634.1	100.000	21	0	0	1	21	561	541	2.1	39.2
Query_40183	XM_004455465.3	100.000	21	0	0	1	21	331	311	2.1	39.2
Query_40183	XM_023184255.1	100.000	21	0	0	1	21	677	657	2.1	39.2
Query_40183	LT741140.1	100.000	21	0	0	1	21	584	564	2.1	39.2
Query_40183	LT736020.1	100.000	21	0	0	1	21	584	564	2.1	39.2
Query_40183	XM_005590403.2	100.000	21	0	0	1	21	660	640	2.1	39.2
Query_40183	XM_012053615.1	100.000	21	0	0	1	21	657	637	2.1	39.2
Query_40183	XM_011932455.1	100.000	21	0	0	1	21	658	638	2.1	39.2
Query_40183	XM_011932454.1	100.000	21	0	0	1	21	664	644	2.1	39.2
Query_40183	XM_011997020.1	100.000	21	0	0	1	21	142	122	2.1	39.2
Query_40183	KJ906125.1	100.000	21	0	0	1	21	162	142	2.1	39.2
Query_40183	KJ898691.1	100.000	21	0	0	1	21	162	142	2.1	39.2
Query_40183	KJ898690.1	100.000	21	0	0	1	21	162	142	2.1	39.2
Query_40183	AC254826.1	100.000	21	0	0	1	21	132387	132367	2.1	39.2
Query_40183	NM_001266004.2	100.000	21	0	0	1	21	416	396	2.1	39.2
Query_40183	CP068261.1	100.000	21	0	0	1	21	15611334	15611354	2.1	39.2
Query_40183	CP068259.1	100.000	21	0	0	1	21	58502319	58502339	2.1	39.2
Query_40183	XM_007998158.2	100.000	21	0	0	1	21	662	642	2.1	39.2
Query_40183	XM_017546575.2	100.000	21	0	0	1	21	655	635	2.1	39.2
Query_40183	AP023479.1	100.000	21	0	0	1	21	55884661	55884681	2.1	39.2
Query_40183	AP023477.1	100.000	21	0	0	1	21	15791080	15791100	2.1	39.2
Query_40183	XM_002762502.3	100.000	21	0	0	1	21	661	641	2.1	39.2
Query_40183	HQ448521.1	100.000	21	0	0	1	21	147	127	2.1	39.2
Query_40183	NG_001583.3	100.000	21	0	0	1	21	390	370	2.1	39.2
Query_40183	CU688218.1	100.000	21	0	0	1	21	113	93	2.1	39.2
Query_40183	CU675699.1	100.000	21	0	0	1	21	113	93	2.1	39.2
Query_40183	BC014622.1	100.000	21	0	0	1	21	286	266	2.1	39.2
Query_40183	AC183294.3	100.000	21	0	0	1	21	3243	3223	2.1	39.2
Query_40183	BC066948.1	100.000	21	0	0	1	21	121	101	2.1	39.2
Query_40183	BC065364.1	100.000	21	0	0	1	21	285	265	2.1	39.2
Query_40183	BC004236.2	100.000	21	0	0	1	21	275	255	2.1	39.2
Query_40183	AC018989.15	100.000	21	0	0	1	21	150601	150621	2.1	39.2
Query_40183	AC020922.9	100.000	21	0	0	1	21	115152	115172	2.1	39.2
Query_40183	DQ120720.1	100.000	21	0	0	1	21	97	77	2.1	39.2
Query_40183	DQ120719.1	100.000	21	0	0	1	21	97	77	2.1	39.2
Query_40183	DQ120718.1	100.000	21	0	0	1	21	97	77	2.1	39.2
Query_40183	AB062397.1	100.000	21	0	0	1	21	275	255	2.1	39.2
Query_40183	AC005324.1	100.000	21	0	0	1	21	60221	60201	2.1	39.2
Query_40183	M91670.1	100.000	21	0	0	1	21	156	136	2.1	39.2


