# blastn
# Iteration: 0
# Query: 
# RID: 6MEY29WW01R
# Database: nt
# Fields: query acc.ver, subject acc.ver, % identity, alignment length, mismatches, gap opens, q. start, q. end, s. start, s. end, evalue, bit score
# 100 hits found
Query_166323	XM_005325742.4	100.000	21	0	0	1	21	436	416	2.0	39.2
Query_166323	XM_040293037.1	100.000	21	0	0	1	21	327	307	2.0	39.2
Query_166323	XM_005325741.4	100.000	21	0	0	1	21	464	444	2.0	39.2
Query_166323	XM_040266533.1	100.000	21	0	0	1	21	375	355	2.0	39.2
Query_166323	XM_040237783.1	100.000	21	0	0	1	21	184	164	2.0	39.2
Query_166323	XM_040237782.1	100.000	21	0	0	1	21	169	149	2.0	39.2
Query_166323	XR_005720632.1	100.000	21	0	0	1	21	460	440	2.0	39.2
Query_166323	XM_040237780.1	100.000	21	0	0	1	21	556	536	2.0	39.2
Query_166323	XM_040237779.1	100.000	21	0	0	1	21	435	415	2.0	39.2
Query_166323	XM_040237778.1	100.000	21	0	0	1	21	460	440	2.0	39.2
Query_166323	XM_040237777.1	100.000	21	0	0	1	21	571	551	2.0	39.2
Query_166323	XM_040237776.1	100.000	21	0	0	1	21	559	539	2.0	39.2
Query_166323	XM_040237775.1	100.000	21	0	0	1	21	473	453	2.0	39.2
Query_166323	XM_040237774.1	100.000	21	0	0	1	21	449	429	2.0	39.2
Query_166323	XM_040237773.1	100.000	21	0	0	1	21	472	452	2.0	39.2
Query_166323	XM_040237772.1	100.000	21	0	0	1	21	335	315	2.0	39.2
Query_166323	XM_040237771.1	100.000	21	0	0	1	21	394	374	2.0	39.2
Query_166323	XM_040237769.1	100.000	21	0	0	1	21	473	453	2.0	39.2
Query_166323	XM_040237768.1	100.000	21	0	0	1	21	447	427	2.0	39.2
Query_166323	XM_040237767.1	100.000	21	0	0	1	21	460	440	2.0	39.2
Query_166323	HG994414.1	100.000	21	0	0	1	21	17433836	17433816	2.0	39.2
Query_166323	XM_039472325.1	100.000	21	0	0	1	21	344	324	2.0	39.2
Query_166323	XM_003929504.3	100.000	21	0	0	1	21	536	516	2.0	39.2
Query_166323	XM_003929505.3	100.000	21	0	0	1	21	663	643	2.0	39.2
Query_166323	XM_003929502.3	100.000	21	0	0	1	21	471	451	2.0	39.2
Query_166323	XM_010340110.2	100.000	21	0	0	1	21	536	516	2.0	39.2
Query_166323	XM_010340111.2	100.000	21	0	0	1	21	663	643	2.0	39.2
Query_166323	XM_010340109.2	100.000	21	0	0	1	21	471	451	2.0	39.2
Query_166323	XM_039220817.1	100.000	21	0	0	1	21	380	360	2.0	39.2
Query_166323	XM_039220816.1	100.000	21	0	0	1	21	432	412	2.0	39.2
Query_166323	XM_039220815.1	100.000	21	0	0	1	21	411	391	2.0	39.2
Query_166323	CP068258.1	100.000	21	0	0	1	21	5333631	5333651	2.0	39.2
Query_166323	XM_006233338.3	100.000	21	0	0	1	21	445	425	2.0	39.2
Query_166323	XM_006233337.3	100.000	21	0	0	1	21	619	599	2.0	39.2
Query_166323	XM_006233336.4	100.000	21	0	0	1	21	466	446	2.0	39.2
Query_166323	XM_006233335.3	100.000	21	0	0	1	21	445	425	2.0	39.2
Query_166323	XM_006233334.3	100.000	21	0	0	1	21	589	569	2.0	39.2
Query_166323	XM_006233333.3	100.000	21	0	0	1	21	466	446	2.0	39.2
Query_166323	XM_038444267.1	100.000	21	0	0	1	21	449	429	2.0	39.2
Query_166323	XM_038444266.1	100.000	21	0	0	1	21	468	448	2.0	39.2
Query_166323	XM_038444265.1	100.000	21	0	0	1	21	445	425	2.0	39.2
Query_166323	XM_038444264.1	100.000	21	0	0	1	21	437	417	2.0	39.2
Query_166323	XM_038444263.1	100.000	21	0	0	1	21	451	431	2.0	39.2
Query_166323	XM_038444262.1	100.000	21	0	0	1	21	476	456	2.0	39.2
Query_166323	XM_038444261.1	100.000	21	0	0	1	21	468	448	2.0	39.2
Query_166323	XM_038462042.1	100.000	21	0	0	1	21	449	429	2.0	39.2
Query_166323	XM_005642458.4	100.000	21	0	0	1	21	468	448	2.0	39.2
Query_166323	XM_038462041.1	100.000	21	0	0	1	21	445	425	2.0	39.2
Query_166323	XM_038462040.1	100.000	21	0	0	1	21	438	418	2.0	39.2
Query_166323	XM_038462039.1	100.000	21	0	0	1	21	451	431	2.0	39.2
Query_166323	XM_038462038.1	100.000	21	0	0	1	21	472	452	2.0	39.2
Query_166323	XM_038462037.1	100.000	21	0	0	1	21	468	448	2.0	39.2
Query_166323	XM_038792896.1	100.000	21	0	0	1	21	446	426	2.0	39.2
Query_166323	XM_038792895.1	100.000	21	0	0	1	21	448	428	2.0	39.2
Query_166323	XM_038310764.1	100.000	21	0	0	1	21	419	399	2.0	39.2
Query_166323	XM_038310763.1	100.000	21	0	0	1	21	463	443	2.0	39.2
Query_166323	XM_038310762.1	100.000	21	0	0	1	21	492	472	2.0	39.2
Query_166323	XM_037990392.1	100.000	21	0	0	1	21	644	624	2.0	39.2
Query_166323	XM_037990386.1	100.000	21	0	0	1	21	484	464	2.0	39.2
Query_166323	XM_037990381.1	100.000	21	0	0	1	21	324	304	2.0	39.2
Query_166323	XM_007999423.2	100.000	21	0	0	1	21	541	521	2.0	39.2
Query_166323	XM_037990373.1	100.000	21	0	0	1	21	539	519	2.0	39.2
Query_166323	XM_037990369.1	100.000	21	0	0	1	21	628	608	2.0	39.2
Query_166323	XM_037990364.1	100.000	21	0	0	1	21	802	782	2.0	39.2
Query_166323	XM_007999419.2	100.000	21	0	0	1	21	644	624	2.0	39.2
Query_166323	XM_007999418.2	100.000	21	0	0	1	21	722	702	2.0	39.2
Query_166323	XM_037821592.1	100.000	21	0	0	1	21	174	154	2.0	39.2
Query_166323	XM_037830359.1	100.000	21	0	0	1	21	408	388	2.0	39.2
Query_166323	XM_037830358.1	100.000	21	0	0	1	21	419	399	2.0	39.2
Query_166323	XM_037830357.1	100.000	21	0	0	1	21	381	361	2.0	39.2
Query_166323	XM_037830356.1	100.000	21	0	0	1	21	433	413	2.0	39.2
Query_166323	XM_037830355.1	100.000	21	0	0	1	21	452	432	2.0	39.2
Query_166323	XR_005197369.1	100.000	21	0	0	1	21	313	293	2.0	39.2
Query_166323	XM_017508657.2	100.000	21	0	0	1	21	536	516	2.0	39.2
Query_166323	XM_017508656.2	100.000	21	0	0	1	21	666	646	2.0	39.2
Query_166323	XM_017508655.2	100.000	21	0	0	1	21	440	420	2.0	39.2
Query_166323	XM_017508652.2	100.000	21	0	0	1	21	428	408	2.0	39.2
Query_166323	XM_017508651.2	100.000	21	0	0	1	21	617	597	2.0	39.2
Query_166323	XM_017508650.2	100.000	21	0	0	1	21	736	716	2.0	39.2
Query_166323	XR_001825684.2	100.000	21	0	0	1	21	377	357	2.0	39.2
Query_166323	XM_037207130.1	100.000	21	0	0	1	21	233	213	2.0	39.2
Query_166323	XM_028857385.2	100.000	21	0	0	1	21	449	429	2.0	39.2
Query_166323	XM_028857378.2	100.000	21	0	0	1	21	410	390	2.0	39.2
Query_166323	XM_028857369.2	100.000	21	0	0	1	21	499	479	2.0	39.2
Query_166323	XM_028857360.2	100.000	21	0	0	1	21	451	431	2.0	39.2
Query_166323	XM_037167928.1	100.000	21	0	0	1	21	412	392	2.0	39.2
Query_166323	XM_037031881.1	100.000	21	0	0	1	21	416	396	2.0	39.2
Query_166323	XM_037031880.1	100.000	21	0	0	1	21	327	307	2.0	39.2
Query_166323	XM_037031879.1	100.000	21	0	0	1	21	396	376	2.0	39.2
Query_166323	XM_037031878.1	100.000	21	0	0	1	21	414	394	2.0	39.2
Query_166323	XM_037020229.1	100.000	21	0	0	1	21	218	198	2.0	39.2
Query_166323	XM_037020228.1	100.000	21	0	0	1	21	450	430	2.0	39.2
Query_166323	XM_017654247.2	100.000	21	0	0	1	21	453	433	2.0	39.2
Query_166323	XM_017654245.2	100.000	21	0	0	1	21	444	424	2.0	39.2
Query_166323	XM_017654246.2	100.000	21	0	0	1	21	510	490	2.0	39.2
Query_166323	XM_017654243.2	100.000	21	0	0	1	21	450	430	2.0	39.2
Query_166323	XM_036879212.1	100.000	21	0	0	1	21	175	155	2.0	39.2
Query_166323	XM_036879211.1	100.000	21	0	0	1	21	218	198	2.0	39.2
Query_166323	XM_036879210.1	100.000	21	0	0	1	21	444	424	2.0	39.2
Query_166323	XM_036879209.1	100.000	21	0	0	1	21	326	306	2.0	39.2


