# blastn
# Iteration: 0
# Query: 
# RID: 7RTZ4090013
# Database: nt
# Fields: query acc.ver, subject acc.ver, % identity, alignment length, mismatches, gap opens, q. start, q. end, s. start, s. end, evalue, bit score
# 35 hits found
Query_31081	XM_014343092.2	100.000	21	0	0	1	21	375	355	2.1	39.2
Query_31081	XM_019017081.2	100.000	21	0	0	1	21	379	359	2.1	39.2
Query_31081	XM_019017079.2	100.000	21	0	0	1	21	447	427	2.1	39.2
Query_31081	NM_001282575.3	100.000	21	0	0	1	21	457	437	2.1	39.2
Query_31081	NM_199144.3	100.000	21	0	0	1	21	380	360	2.1	39.2
Query_31081	NM_001257393.2	100.000	21	0	0	1	21	249	229	2.1	39.2
Query_31081	NM_001257394.2	100.000	21	0	0	1	21	457	437	2.1	39.2
Query_31081	NM_021988.6	100.000	21	0	0	1	21	457	437	2.1	39.2
Query_31081	NM_022442.6	100.000	21	0	0	1	21	249	229	2.1	39.2
Query_31081	CP034499.1	100.000	21	0	0	1	21	48672038	48672058	2.1	39.2
Query_31081	NG_029526.2	100.000	21	0	0	1	21	5457	5437	2.1	39.2
Query_31081	XM_025398638.1	100.000	21	0	0	1	21	453	433	2.1	39.2
Query_31081	XM_025398635.1	100.000	21	0	0	1	21	251	231	2.1	39.2
Query_31081	XM_025398634.1	100.000	21	0	0	1	21	453	433	2.1	39.2
Query_31081	XM_025398628.1	100.000	21	0	0	1	21	441	421	2.1	39.2
Query_31081	XM_024351996.1	100.000	21	0	0	1	21	453	433	2.1	39.2
Query_31081	XM_024238566.1	100.000	21	0	0	1	21	456	436	2.1	39.2
Query_31081	XM_024238565.1	100.000	21	0	0	1	21	380	360	2.1	39.2
Query_31081	XM_016937117.1	100.000	21	0	0	1	21	377	357	2.1	39.2
Query_31081	XM_011929184.1	100.000	21	0	0	1	21	377	357	2.1	39.2
Query_31081	XR_001007481.1	100.000	21	0	0	1	21	251	231	2.1	39.2
Query_31081	XR_001007480.1	100.000	21	0	0	1	21	379	359	2.1	39.2
Query_31081	XM_011993208.1	100.000	21	0	0	1	21	455	435	2.1	39.2
Query_31081	XM_011993207.1	100.000	21	0	0	1	21	251	231	2.1	39.2
Query_31081	XM_011993206.1	100.000	21	0	0	1	21	455	435	2.1	39.2
Query_31081	XM_011993200.1	100.000	21	0	0	1	21	445	425	2.1	39.2
Query_31081	CP068258.1	100.000	21	0	0	1	21	51885281	51885301	2.1	39.2
Query_31081	AP023480.1	100.000	21	0	0	1	21	48177947	48177967	2.1	39.2
Query_31081	AK314754.1	100.000	21	0	0	1	21	447	427	2.1	39.2
Query_31081	BC005215.1	100.000	21	0	0	1	21	457	437	2.1	39.2
Query_31081	AL034423.21	100.000	21	0	0	1	21	73595	73615	2.1	39.2
Query_31081	AY008273.1	100.000	21	0	0	1	21	75	55	2.1	39.2
Query_31081	U97281.1	100.000	21	0	0	1	21	75	55	2.1	39.2
Query_31081	U39360.1	100.000	21	0	0	1	21	144	124	2.1	39.2
Query_31081	XM_014185487.1	100.000	20	0	0	2	21	497	478	7.3	37.4


