# blastn
# Iteration: 0
# Query: 
# RID: 8YM9NH91016
# Database: nt
# Fields: query acc.ver, subject acc.ver, % identity, alignment length, mismatches, gap opens, q. start, q. end, s. start, s. end, evalue, bit score
# 46 hits found
Query_43579	XM_003811844.2	100.000	21	0	0	1	21	495	475	2.1	39.2
Query_43579	XM_033196559.1	100.000	21	0	0	1	21	620	600	2.1	39.2
Query_43579	XM_033233047.1	100.000	21	0	0	1	21	370	350	2.1	39.2
Query_43579	XM_023214308.2	100.000	21	0	0	1	21	587	567	2.1	39.2
Query_43579	XM_031654823.1	100.000	21	0	0	1	21	477	457	2.1	39.2
Query_43579	XM_031654814.1	100.000	21	0	0	1	21	570	550	2.1	39.2
Query_43579	XM_031011621.1	100.000	21	0	0	1	21	611	591	2.1	39.2
Query_43579	XM_010367119.2	100.000	21	0	0	1	21	723	703	2.1	39.2
Query_43579	XR_749097.2	100.000	21	0	0	1	21	298	278	2.1	39.2
Query_43579	XM_030824091.1	100.000	21	0	0	1	21	631	611	2.1	39.2
Query_43579	XM_028826846.1	100.000	21	0	0	1	21	531	511	2.1	39.2
Query_43579	XM_015113807.2	100.000	21	0	0	1	21	497	477	2.1	39.2
Query_43579	XM_015113815.2	100.000	21	0	0	1	21	451	431	2.1	39.2
Query_43579	NM_016406.4	100.000	21	0	0	1	21	318	298	2.1	39.2
Query_43579	XM_023185092.2	100.000	21	0	0	1	21	328	308	2.1	39.2
Query_43579	XM_025359394.1	100.000	21	0	0	1	21	437	417	2.1	39.2
Query_43579	XM_025359307.1	100.000	21	0	0	1	21	613	593	2.1	39.2
Query_43579	XM_011770131.2	100.000	21	0	0	1	21	389	369	2.1	39.2
Query_43579	XM_017001450.2	100.000	21	0	0	1	21	448	428	2.1	39.2
Query_43579	XM_002809897.3	100.000	21	0	0	1	21	608	588	2.1	39.2
Query_43579	XM_023214307.1	100.000	21	0	0	1	21	608	588	2.1	39.2
Query_43579	LT734974.1	100.000	21	0	0	1	21	785	765	2.1	39.2
Query_43579	XR_001884047.1	100.000	21	0	0	1	21	326	306	2.1	39.2
Query_43579	XM_017860834.1	100.000	21	0	0	1	21	613	593	2.1	39.2
Query_43579	XM_017001451.1	100.000	21	0	0	1	21	661	641	2.1	39.2
Query_43579	XM_015452762.1	100.000	21	0	0	1	21	601	581	2.1	39.2
Query_43579	XM_011770130.1	100.000	21	0	0	1	21	459	439	2.1	39.2
Query_43579	XM_012067544.1	100.000	21	0	0	1	21	608	588	2.1	39.2
Query_43579	XM_011957583.1	100.000	21	0	0	1	21	613	593	2.1	39.2
Query_43579	XM_011976265.1	100.000	21	0	0	1	21	613	593	2.1	39.2
Query_43579	XM_513937.5	100.000	21	0	0	1	21	606	586	2.1	39.2
Query_43579	KJ898907.1	100.000	21	0	0	1	21	363	343	2.1	39.2
Query_43579	XM_005245254.1	100.000	21	0	0	1	21	504	484	2.1	39.2
Query_43579	CP067413.1	100.000	21	0	0	1	21	1771031	1771011	2.1	39.2
Query_43579	XM_037984472.1	100.000	21	0	0	1	21	298	278	2.1	39.2
Query_43579	XM_007976437.2	100.000	21	0	0	1	21	505	485	2.1	39.2
Query_43579	AK311562.1	100.000	21	0	0	1	21	803	783	2.1	39.2
Query_43579	AK292776.1	100.000	21	0	0	1	21	504	484	2.1	39.2
Query_43579	DQ896457.2	100.000	21	0	0	1	21	320	300	2.1	39.2
Query_43579	DQ893161.2	100.000	21	0	0	1	21	320	300	2.1	39.2
Query_43579	BC005187.1	100.000	21	0	0	1	21	544	524	2.1	39.2
Query_43579	AL590714.27	100.000	21	0	0	1	21	12839	12819	2.1	39.2
Query_43579	AB154405.1	100.000	21	0	0	1	21	298	278	2.1	39.2
Query_43579	AF161504.1	100.000	21	0	0	1	21	538	518	2.1	39.2
Query_43579	AF151884.1	100.000	21	0	0	1	21	519	499	2.1	39.2
Query_43579	XM_028538892.1	100.000	20	0	0	2	21	174	155	7.4	37.4


