# blastn
# Iteration: 0
# Query: 
# RID: 6N1008U0013
# Database: nt
# Fields: query acc.ver, subject acc.ver, % identity, alignment length, mismatches, gap opens, q. start, q. end, s. start, s. end, evalue, bit score
# 101 hits found
Query_12521	XM_034951639.1	100.000	21	0	0	1	21	449	429	2.0	39.2
Query_12521	XM_034951638.1	100.000	21	0	0	1	21	301	281	2.0	39.2
Query_12521	XM_034951637.1	100.000	21	0	0	1	21	578	558	2.0	39.2
Query_12521	XM_034951636.1	100.000	21	0	0	1	21	342	322	2.0	39.2
Query_12521	XM_034951635.1	100.000	21	0	0	1	21	299	279	2.0	39.2
Query_12521	XM_034951634.1	100.000	21	0	0	1	21	302	282	2.0	39.2
Query_12521	XM_034951633.1	100.000	21	0	0	1	21	585	565	2.0	39.2
Query_12521	XM_034951632.1	100.000	21	0	0	1	21	343	323	2.0	39.2
Query_12521	AP023167.1	100.000	21	0	0	1	21	40378216	40378236	2.0	39.2
Query_12521	XM_033839727.1	100.000	21	0	0	1	21	295	275	2.0	39.2
Query_12521	XM_033839726.1	100.000	21	0	0	1	21	277	257	2.0	39.2
Query_12521	XM_033839725.1	100.000	21	0	0	1	21	786	766	2.0	39.2
Query_12521	XM_033839724.1	100.000	21	0	0	1	21	297	277	2.0	39.2
Query_12521	XM_033429219.1	100.000	21	0	0	1	21	1072	1052	2.0	39.2
Query_12521	XM_033429218.1	100.000	21	0	0	1	21	273	253	2.0	39.2
Query_12521	XM_004270343.3	100.000	21	0	0	1	21	274	254	2.0	39.2
Query_12521	XM_033236300.1	100.000	21	0	0	1	21	445	425	2.0	39.2
Query_12521	XM_033236299.1	100.000	21	0	0	1	21	720	700	2.0	39.2
Query_12521	XM_033236298.1	100.000	21	0	0	1	21	420	400	2.0	39.2
Query_12521	XM_032605464.1	100.000	21	0	0	1	21	233	213	2.0	39.2
Query_12521	XM_032605463.1	100.000	21	0	0	1	21	420	400	2.0	39.2
Query_12521	XM_032605462.1	100.000	21	0	0	1	21	303	283	2.0	39.2
Query_12521	XM_032268238.1	100.000	21	0	0	1	21	339	319	2.0	39.2
Query_12521	XM_032268236.1	100.000	21	0	0	1	21	300	280	2.0	39.2
Query_12521	XM_032268235.1	100.000	21	0	0	1	21	404	384	2.0	39.2
Query_12521	XR_004257690.1	100.000	21	0	0	1	21	279	259	2.0	39.2
Query_12521	XM_032230789.1	100.000	21	0	0	1	21	377	357	2.0	39.2
Query_12521	XM_032754107.1	100.000	21	0	0	1	21	356	336	2.0	39.2
Query_12521	XM_032144947.1	100.000	21	0	0	1	21	738	718	2.0	39.2
Query_12521	XM_032144946.1	100.000	21	0	0	1	21	201	181	2.0	39.2
Query_12521	XM_032144945.1	100.000	21	0	0	1	21	843	823	2.0	39.2
Query_12521	XM_023195766.3	100.000	21	0	0	1	21	320	300	2.0	39.2
Query_12521	NM_001194836.2	100.000	21	0	0	1	21	356	336	2.0	39.2
Query_12521	XM_006204249.3	100.000	21	0	0	1	21	185	165	2.0	39.2
Query_12521	XM_009195636.2	100.000	21	0	0	1	21	301	281	2.0	39.2
Query_12521	XM_030924821.1	100.000	21	0	0	1	21	445	425	2.0	39.2
Query_12521	XM_030872222.1	100.000	21	0	0	1	21	783	763	2.0	39.2
Query_12521	XM_030872221.1	100.000	21	0	0	1	21	274	254	2.0	39.2
Query_12521	XM_030872220.1	100.000	21	0	0	1	21	277	257	2.0	39.2
Query_12521	XM_030798768.1	100.000	21	0	0	1	21	329	309	2.0	39.2
Query_12521	XM_030798767.1	100.000	21	0	0	1	21	329	309	2.0	39.2
Query_12521	XM_030798766.1	100.000	21	0	0	1	21	318	298	2.0	39.2
Query_12521	XM_030798765.1	100.000	21	0	0	1	21	435	415	2.0	39.2
Query_12521	XM_030798764.1	100.000	21	0	0	1	21	738	718	2.0	39.2
Query_12521	XM_030798763.1	100.000	21	0	0	1	21	435	415	2.0	39.2
Query_12521	XM_030798762.1	100.000	21	0	0	1	21	832	812	2.0	39.2
Query_12521	XM_022594419.2	100.000	21	0	0	1	21	302	282	2.0	39.2
Query_12521	XM_030301532.1	100.000	21	0	0	1	21	280	260	2.0	39.2
Query_12521	NM_194260.3	100.000	21	0	0	1	21	454	434	2.0	39.2
Query_12521	NM_194261.3	100.000	21	0	0	1	21	306	286	2.0	39.2
Query_12521	NM_194259.3	100.000	21	0	0	1	21	581	561	2.0	39.2
Query_12521	XM_029221266.1	100.000	21	0	0	1	21	202	182	2.0	39.2
Query_12521	XM_029221265.1	100.000	21	0	0	1	21	949	929	2.0	39.2
Query_12521	XM_028840603.1	100.000	21	0	0	1	21	351	331	2.0	39.2
Query_12521	XM_028840602.1	100.000	21	0	0	1	21	355	335	2.0	39.2
Query_12521	XM_001118584.4	100.000	21	0	0	1	21	300	280	2.0	39.2
Query_12521	XM_028840601.1	100.000	21	0	0	1	21	290	270	2.0	39.2
Query_12521	XM_007100123.3	100.000	21	0	0	1	21	275	255	2.0	39.2
Query_12521	XM_007100125.3	100.000	21	0	0	1	21	302	282	2.0	39.2
Query_12521	XM_024123328.2	100.000	21	0	0	1	21	302	282	2.0	39.2
Query_12521	NM_003345.5	100.000	21	0	0	1	21	324	304	2.0	39.2
Query_12521	XM_027117919.1	100.000	21	0	0	1	21	785	765	2.0	39.2
Query_12521	XM_027117918.1	100.000	21	0	0	1	21	423	403	2.0	39.2
Query_12521	XM_027117917.1	100.000	21	0	0	1	21	278	258	2.0	39.2
Query_12521	XM_027043666.1	100.000	21	0	0	1	21	241	221	2.0	39.2
Query_12521	XM_026451033.1	100.000	21	0	0	1	21	236	216	2.0	39.2
Query_12521	XM_026451032.1	100.000	21	0	0	1	21	583	563	2.0	39.2
Query_12521	XM_007181741.2	100.000	21	0	0	1	21	836	816	2.0	39.2
Query_12521	CP034494.1	100.000	21	0	0	1	21	1305679	1305659	2.0	39.2
Query_12521	CP034494.1	100.000	21	0	0	1	21	90530997	90530977	2.0	39.2
Query_12521	XM_025916797.1	100.000	21	0	0	1	21	181	161	2.0	39.2
Query_12521	XM_025370151.1	100.000	21	0	0	1	21	443	423	2.0	39.2
Query_12521	XM_025370150.1	100.000	21	0	0	1	21	447	427	2.0	39.2
Query_12521	XM_025370148.1	100.000	21	0	0	1	21	299	279	2.0	39.2
Query_12521	XM_025370147.1	100.000	21	0	0	1	21	587	567	2.0	39.2
Query_12521	XM_025370146.1	100.000	21	0	0	1	21	725	705	2.0	39.2
Query_12521	XM_011748436.2	100.000	21	0	0	1	21	601	581	2.0	39.2
Query_12521	XM_024794102.1	100.000	21	0	0	1	21	272	252	2.0	39.2
Query_12521	XM_024794101.1	100.000	21	0	0	1	21	2439	2419	2.0	39.2
Query_12521	XM_024759458.1	100.000	21	0	0	1	21	662	642	2.0	39.2
Query_12521	XM_024759457.1	100.000	21	0	0	1	21	318	298	2.0	39.2
Query_12521	XM_024450432.1	100.000	21	0	0	1	21	482	462	2.0	39.2
Query_12521	XM_039478291.1	100.000	21	0	0	1	21	330	310	2.0	39.2
Query_12521	XM_039478290.1	100.000	21	0	0	1	21	203	183	2.0	39.2
Query_12521	XR_744805.2	100.000	21	0	0	1	21	189	169	2.0	39.2
Query_12521	CP068262.1	100.000	21	0	0	1	21	1331861	1331841	2.0	39.2
Query_12521	XM_037990067.1	100.000	21	0	0	1	21	321	301	2.0	39.2
Query_12521	XM_017510963.2	100.000	21	0	0	1	21	333	313	2.0	39.2
Query_12521	XM_017539359.2	100.000	21	0	0	1	21	302	282	2.0	39.2
Query_12521	XM_036825648.1	100.000	21	0	0	1	21	265	245	2.0	39.2
Query_12521	XM_036825647.1	100.000	21	0	0	1	21	1881	1861	2.0	39.2
Query_12521	XM_036825646.1	100.000	21	0	0	1	21	303	283	2.0	39.2
Query_12521	AP023476.1	100.000	21	0	0	1	21	1329507	1329487	2.0	39.2
Query_12521	XM_009008883.2	100.000	21	0	0	1	21	444	424	2.0	39.2
Query_12521	XM_035266442.1	100.000	21	0	0	1	21	274	254	2.0	39.2
Query_12521	XM_035266441.1	100.000	21	0	0	1	21	435	415	2.0	39.2
Query_12521	XM_035266439.1	100.000	21	0	0	1	21	333	313	2.0	39.2
Query_12521	XM_035266438.1	100.000	21	0	0	1	21	322	302	2.0	39.2
Query_12521	XM_035266440.1	100.000	21	0	0	1	21	716	696	2.0	39.2
Query_12521	XM_035266437.1	100.000	21	0	0	1	21	2711	2691	2.0	39.2
Query_12521	XM_009008885.2	100.000	21	0	0	1	21	457	437	2.0	39.2


