# blastn
# Iteration: 0
# Query: 
# RID: 8YTZD608016
# Database: nt
# Fields: query acc.ver, subject acc.ver, % identity, alignment length, mismatches, gap opens, q. start, q. end, s. start, s. end, evalue, bit score
# 31 hits found
Query_44317	XM_034966245.1	100.000	21	0	0	1	21	156	136	2.1	39.2
Query_44317	XM_003831319.3	100.000	21	0	0	1	21	164	144	2.1	39.2
Query_44317	XM_008956682.2	100.000	21	0	0	1	21	163	143	2.1	39.2
Query_44317	XM_034966244.1	100.000	21	0	0	1	21	491	471	2.1	39.2
Query_44317	NR_073119.3	100.000	21	0	0	1	21	116	96	2.1	39.2
Query_44317	NR_073120.3	100.000	21	0	0	1	21	116	96	2.1	39.2
Query_44317	NR_073121.3	100.000	21	0	0	1	21	116	96	2.1	39.2
Query_44317	NM_001001481.4	100.000	21	0	0	1	21	149	129	2.1	39.2
Query_44317	NM_001271015.3	100.000	21	0	0	1	21	116	96	2.1	39.2
Query_44317	NM_018299.6	100.000	21	0	0	1	21	116	96	2.1	39.2
Query_44317	XM_009455526.3	100.000	21	0	0	1	21	178	158	2.1	39.2
Query_44317	XM_016959579.2	100.000	21	0	0	1	21	178	158	2.1	39.2
Query_44317	XM_009455525.3	100.000	21	0	0	1	21	211	191	2.1	39.2
Query_44317	XM_016959578.2	100.000	21	0	0	1	21	211	191	2.1	39.2
Query_44317	XM_016959577.2	100.000	21	0	0	1	21	211	191	2.1	39.2
Query_44317	LT733781.1	100.000	21	0	0	1	21	563	543	2.1	39.2
Query_44317	XM_013028450.1	100.000	21	0	0	1	21	164	144	2.1	39.2
Query_44317	KJ894177.1	100.000	21	0	0	1	21	141	121	2.1	39.2
Query_44317	AK295792.1	100.000	21	0	0	1	21	164	144	2.1	39.2
Query_44317	AK225554.1	100.000	21	0	0	1	21	95	75	2.1	39.2
Query_44317	AY948289.1	100.000	21	0	0	1	21	133	113	2.1	39.2
Query_44317	BC016326.1	100.000	21	0	0	1	21	118	98	2.1	39.2
Query_44317	AK024050.1	100.000	21	0	0	1	21	162	142	2.1	39.2
Query_44317	AK021735.1	100.000	21	0	0	1	21	79	59	2.1	39.2
Query_44317	AK001873.1	100.000	21	0	0	1	21	79	59	2.1	39.2
Query_44317	AC022826.12	100.000	21	0	0	1	21	133904	133924	2.1	39.2
Query_44317	CR457275.1	100.000	21	0	0	1	21	76	56	2.1	39.2
Query_44317	BX648427.1	100.000	21	0	0	1	21	93	73	2.1	39.2
Query_44317	BX538145.1	100.000	21	0	0	1	21	87	67	2.1	39.2
Query_44317	XM_028948979.1	100.000	20	0	0	1	20	1883	1902	7.4	37.4
Query_44317	XM_028948978.1	100.000	20	0	0	1	20	1880	1899	7.4	37.4


