# blastn
# Iteration: 0
# Query: 
# RID: 9VXWTDDZ016
# Database: nt
# Fields: query acc.ver, subject acc.ver, % identity, alignment length, mismatches, gap opens, q. start, q. end, s. start, s. end, evalue, bit score
# 100 hits found
Query_59359	XM_034960512.1	100.000	21	0	0	1	21	323	303	2.1	39.2
Query_59359	XM_003829274.3	100.000	21	0	0	1	21	413	393	2.1	39.2
Query_59359	XM_034656017.1	100.000	21	0	0	1	21	378	358	2.1	39.2
Query_59359	XM_002912915.4	100.000	21	0	0	1	21	456	436	2.1	39.2
Query_59359	XM_027949574.2	100.000	21	0	0	1	21	428	408	2.1	39.2
Query_59359	CP050600.1	100.000	21	0	0	1	21	21860368	21860348	2.1	39.2
Query_59359	CP050630.1	100.000	21	0	0	1	21	21853331	21853311	2.1	39.2
Query_59359	XM_033095936.1	100.000	21	0	0	1	21	445	425	2.1	39.2
Query_59359	XM_006179617.3	100.000	21	0	0	1	21	445	425	2.1	39.2
Query_59359	XM_032425198.1	100.000	21	0	0	1	21	451	431	2.1	39.2
Query_59359	XM_032336720.1	100.000	21	0	0	1	21	456	436	2.1	39.2
Query_59359	XM_032336718.1	100.000	21	0	0	1	21	456	436	2.1	39.2
Query_59359	XM_032336717.1	100.000	21	0	0	1	21	456	436	2.1	39.2
Query_59359	XM_032251637.1	100.000	21	0	0	1	21	672	652	2.1	39.2
Query_59359	XM_032251564.1	100.000	21	0	0	1	21	762	742	2.1	39.2
Query_59359	XM_010981544.2	100.000	21	0	0	1	21	445	425	2.1	39.2
Query_59359	XM_031010702.1	100.000	21	0	0	1	21	735	715	2.1	39.2
Query_59359	NM_003337.4	100.000	21	0	0	1	21	346	326	2.1	39.2
Query_59359	XM_026507995.1	100.000	21	0	0	1	21	391	371	2.1	39.2
Query_59359	XM_026413110.1	100.000	21	0	0	1	21	429	409	2.1	39.2
Query_59359	XM_028103534.1	100.000	21	0	0	1	21	451	431	2.1	39.2
Query_59359	XM_027949578.1	100.000	21	0	0	1	21	433	413	2.1	39.2
Query_59359	XM_027949576.1	100.000	21	0	0	1	21	346	326	2.1	39.2
Query_59359	XM_027949575.1	100.000	21	0	0	1	21	384	364	2.1	39.2
Query_59359	XR_003584731.1	100.000	21	0	0	1	21	428	408	2.1	39.2
Query_59359	XM_027949573.1	100.000	21	0	0	1	21	428	408	2.1	39.2
Query_59359	XM_014583576.2	100.000	21	0	0	1	21	376	356	2.1	39.2
Query_59359	XM_006166855.3	100.000	21	0	0	1	21	376	356	2.1	39.2
Query_59359	XM_027606507.1	100.000	21	0	0	1	21	451	431	2.1	39.2
Query_59359	XM_025994900.1	100.000	21	0	0	1	21	457	437	2.1	39.2
Query_59359	XM_025860796.1	100.000	21	0	0	1	21	451	431	2.1	39.2
Query_59359	XM_025388144.1	100.000	21	0	0	1	21	666	646	2.1	39.2
Query_59359	XM_025388143.1	100.000	21	0	0	1	21	756	736	2.1	39.2
Query_59359	XM_006923125.3	100.000	21	0	0	1	21	711	691	2.1	39.2
Query_59359	XM_016953844.2	100.000	21	0	0	1	21	322	302	2.1	39.2
Query_59359	XM_517935.4	100.000	21	0	0	1	21	735	715	2.1	39.2
Query_59359	XM_023738986.1	100.000	21	0	0	1	21	747	727	2.1	39.2
Query_59359	XM_004384715.2	100.000	21	0	0	1	21	420	400	2.1	39.2
Query_59359	XM_011362314.2	100.000	21	0	0	1	21	711	691	2.1	39.2
Query_59359	XM_005001264.3	100.000	21	0	0	1	21	681	661	2.1	39.2
Query_59359	XM_004475904.2	100.000	21	0	0	1	21	456	436	2.1	39.2
Query_59359	XM_003404496.3	100.000	21	0	0	1	21	931	911	2.1	39.2
Query_59359	XM_003782185.3	100.000	21	0	0	1	21	454	434	2.1	39.2
Query_59359	XM_022493030.1	100.000	21	0	0	1	21	328	308	2.1	39.2
Query_59359	XM_022493029.1	100.000	21	0	0	1	21	391	371	2.1	39.2
Query_59359	XM_022493028.1	100.000	21	0	0	1	21	456	436	2.1	39.2
Query_59359	XM_021702227.1	100.000	21	0	0	1	21	456	436	2.1	39.2
Query_59359	XM_021241148.1	100.000	21	0	0	1	21	301	281	2.1	39.2
Query_59359	XM_004836575.3	100.000	21	0	0	1	21	601	581	2.1	39.2
Query_59359	XM_021241140.1	100.000	21	0	0	1	21	713	693	2.1	39.2
Query_59359	XM_020813872.1	100.000	21	0	0	1	21	519	499	2.1	39.2
Query_59359	XM_020813871.1	100.000	21	0	0	1	21	609	589	2.1	39.2
Query_59359	LT734769.1	100.000	21	0	0	1	21	806	786	2.1	39.2
Query_59359	XM_019642222.1	100.000	21	0	0	1	21	438	418	2.1	39.2
Query_59359	NG_046936.1	100.000	21	0	0	1	21	22227	22207	2.1	39.2
Query_59359	XM_015492768.1	100.000	21	0	0	1	21	283	263	2.1	39.2
Query_59359	XM_015492766.1	100.000	21	0	0	1	21	373	353	2.1	39.2
Query_59359	XM_005376142.2	100.000	21	0	0	1	21	297	277	2.1	39.2
Query_59359	XM_005376140.2	100.000	21	0	0	1	21	363	343	2.1	39.2
Query_59359	XM_005376139.2	100.000	21	0	0	1	21	528	508	2.1	39.2
Query_59359	XM_013508521.1	100.000	21	0	0	1	21	456	436	2.1	39.2
Query_59359	XM_008573578.1	100.000	21	0	0	1	21	363	343	2.1	39.2
Query_59359	XM_008573577.1	100.000	21	0	0	1	21	450	430	2.1	39.2
Query_59359	KJ892340.1	100.000	21	0	0	1	21	384	364	2.1	39.2
Query_59359	XM_007943761.1	100.000	21	0	0	1	21	399	379	2.1	39.2
Query_59359	XM_008691602.2	100.000	21	0	0	1	21	463	443	2.1	39.2
Query_59359	XM_013363114.3	100.000	21	0	0	1	21	400	380	2.1	39.2
Query_59359	XM_040271813.1	100.000	21	0	0	1	21	344	324	2.1	39.2
Query_59359	XM_005335742.4	100.000	21	0	0	1	21	434	414	2.1	39.2
Query_59359	HG994391.1	100.000	21	0	0	1	21	23521404	23521384	2.1	39.2
Query_59359	XM_039836039.1	100.000	21	0	0	1	21	709	689	2.1	39.2
Query_59359	XM_010338704.2	100.000	21	0	0	1	21	387	367	2.1	39.2
Query_59359	XM_010338699.2	100.000	21	0	0	1	21	476	456	2.1	39.2
Query_59359	XM_039242287.1	100.000	21	0	0	1	21	432	412	2.1	39.2
Query_59359	XM_039242286.1	100.000	21	0	0	1	21	432	412	2.1	39.2
Query_59359	XM_039242285.1	100.000	21	0	0	1	21	431	411	2.1	39.2
Query_59359	XM_038681540.1	100.000	21	0	0	1	21	567	547	2.1	39.2
Query_59359	XM_022425310.2	100.000	21	0	0	1	21	567	547	2.1	39.2
Query_59359	XM_037809629.1	100.000	21	0	0	1	21	335	315	2.1	39.2
Query_59359	XM_037800778.1	100.000	21	0	0	1	21	294	274	2.1	39.2
Query_59359	XM_037800777.1	100.000	21	0	0	1	21	428	408	2.1	39.2
Query_59359	XM_017532387.2	100.000	21	0	0	1	21	323	303	2.1	39.2
Query_59359	XM_017532386.2	100.000	21	0	0	1	21	469	449	2.1	39.2
Query_59359	XM_037016069.1	100.000	21	0	0	1	21	295	275	2.1	39.2
Query_59359	XM_037016068.1	100.000	21	0	0	1	21	404	384	2.1	39.2
Query_59359	XM_017641948.2	100.000	21	0	0	1	21	430	410	2.1	39.2
Query_59359	XM_036898390.1	100.000	21	0	0	1	21	294	274	2.1	39.2
Query_59359	XM_036898387.1	100.000	21	0	0	1	21	404	384	2.1	39.2
Query_59359	XM_036898386.1	100.000	21	0	0	1	21	431	411	2.1	39.2
Query_59359	XM_016137659.2	100.000	21	0	0	1	21	709	689	2.1	39.2
Query_59359	XM_036123943.1	100.000	21	0	0	1	21	389	369	2.1	39.2
Query_59359	XM_036123942.1	100.000	21	0	0	1	21	479	459	2.1	39.2
Query_59359	XM_025433233.2	100.000	21	0	0	1	21	566	546	2.1	39.2
Query_59359	XM_025433232.2	100.000	21	0	0	1	21	784	764	2.1	39.2
Query_59359	XM_008984915.4	100.000	21	0	0	1	21	674	654	2.1	39.2
Query_59359	XM_002744157.6	100.000	21	0	0	1	21	764	744	2.1	39.2
Query_59359	BT008091.1	100.000	21	0	0	1	21	319	299	2.1	39.2
Query_59359	BT007071.1	100.000	21	0	0	1	21	319	299	2.1	39.2
Query_59359	DQ090910.1	100.000	21	0	0	1	21	19227	19207	2.1	39.2
Query_59359	AC109454.3	100.000	21	0	0	1	21	83944	83924	2.1	39.2


