# blastn
# Iteration: 0
# Query: 
# RID: 7RNCXBGK016
# Database: nt
# Fields: query acc.ver, subject acc.ver, % identity, alignment length, mismatches, gap opens, q. start, q. end, s. start, s. end, evalue, bit score
# 100 hits found
Query_43717	XM_035007611.1	100.000	21	0	0	1	21	362	342	2.1	39.2
Query_43717	XM_035007610.1	100.000	21	0	0	1	21	614	594	2.1	39.2
Query_43717	XM_035007609.1	100.000	21	0	0	1	21	425	405	2.1	39.2
Query_43717	XM_035007607.1	100.000	21	0	0	1	21	551	531	2.1	39.2
Query_43717	XM_034950155.1	100.000	21	0	0	1	21	218	198	2.1	39.2
Query_43717	XM_003823547.3	100.000	21	0	0	1	21	406	386	2.1	39.2
Query_43717	XM_008687207.2	100.000	21	0	0	1	21	218	198	2.1	39.2
Query_43717	XM_008687206.2	100.000	21	0	0	1	21	286	266	2.1	39.2
Query_43717	XM_008687208.2	100.000	21	0	0	1	21	217	197	2.1	39.2
Query_43717	XM_040643272.1	100.000	21	0	0	1	21	552	532	2.1	39.2
Query_43717	XM_040475549.1	100.000	21	0	0	1	21	219	199	2.1	39.2
Query_43717	XM_040475548.1	100.000	21	0	0	1	21	310	290	2.1	39.2
Query_43717	XM_040294550.1	100.000	21	0	0	1	21	197	177	2.1	39.2
Query_43717	XM_021725967.2	100.000	21	0	0	1	21	527	507	2.1	39.2
Query_43717	XM_040294549.1	100.000	21	0	0	1	21	346	326	2.1	39.2
Query_43717	XM_040294548.1	100.000	21	0	0	1	21	532	512	2.1	39.2
Query_43717	XM_040227739.1	100.000	21	0	0	1	21	414	394	2.1	39.2
Query_43717	XM_040227738.1	100.000	21	0	0	1	21	334	314	2.1	39.2
Query_43717	XM_040227737.1	100.000	21	0	0	1	21	518	498	2.1	39.2
Query_43717	HG994416.1	100.000	21	0	0	1	21	26811426	26811406	2.1	39.2
Query_43717	XM_039855835.1	100.000	21	0	0	1	21	305	285	2.1	39.2
Query_43717	XM_039855834.1	100.000	21	0	0	1	21	599	579	2.1	39.2
Query_43717	XM_039855833.1	100.000	21	0	0	1	21	321	301	2.1	39.2
Query_43717	XM_039855832.1	100.000	21	0	0	1	21	468	448	2.1	39.2
Query_43717	XM_039855830.1	100.000	21	0	0	1	21	334	314	2.1	39.2
Query_43717	XM_039855829.1	100.000	21	0	0	1	21	555	535	2.1	39.2
Query_43717	XM_039855828.1	100.000	21	0	0	1	21	376	356	2.1	39.2
Query_43717	XM_010351541.2	100.000	21	0	0	1	21	546	526	2.1	39.2
Query_43717	XM_039469988.1	100.000	21	0	0	1	21	626	606	2.1	39.2
Query_43717	XM_039254350.1	100.000	21	0	0	1	21	288	268	2.1	39.2
Query_43717	XM_039239646.1	100.000	21	0	0	1	21	338	318	2.1	39.2
Query_43717	XM_039239644.1	100.000	21	0	0	1	21	297	277	2.1	39.2
Query_43717	XM_039239643.1	100.000	21	0	0	1	21	511	491	2.1	39.2
Query_43717	XM_038447236.1	100.000	21	0	0	1	21	217	197	2.1	39.2
Query_43717	XM_038447235.1	100.000	21	0	0	1	21	523	503	2.1	39.2
Query_43717	XM_038463393.1	100.000	21	0	0	1	21	217	197	2.1	39.2
Query_43717	XM_038463392.1	100.000	21	0	0	1	21	523	503	2.1	39.2
Query_43717	XM_007965532.2	100.000	21	0	0	1	21	610	590	2.1	39.2
Query_43717	XM_007965531.2	100.000	21	0	0	1	21	540	520	2.1	39.2
Query_43717	XM_007965530.2	100.000	21	0	0	1	21	563	543	2.1	39.2
Query_43717	XM_037849091.1	100.000	21	0	0	1	21	376	356	2.1	39.2
Query_43717	XM_037849090.1	100.000	21	0	0	1	21	338	318	2.1	39.2
Query_43717	XM_037849089.1	100.000	21	0	0	1	21	576	556	2.1	39.2
Query_43717	XM_037839205.1	100.000	21	0	0	1	21	200	180	2.1	39.2
Query_43717	XM_037732749.1	100.000	21	0	0	1	21	264	244	2.1	39.2
Query_43717	XM_017532745.2	100.000	21	0	0	1	21	616	596	2.1	39.2
Query_43717	XM_017532744.2	100.000	21	0	0	1	21	546	526	2.1	39.2
Query_43717	XM_017532743.2	100.000	21	0	0	1	21	625	605	2.1	39.2
Query_43717	XM_037523656.1	100.000	21	0	0	1	21	278	258	2.1	39.2
Query_43717	XM_037523655.1	100.000	21	0	0	1	21	369	349	2.1	39.2
Query_43717	XM_037523654.1	100.000	21	0	0	1	21	268	248	2.1	39.2
Query_43717	XM_037523653.1	100.000	21	0	0	1	21	563	543	2.1	39.2
Query_43717	XM_037130039.1	100.000	21	0	0	1	21	274	254	2.1	39.2
Query_43717	XM_037130038.1	100.000	21	0	0	1	21	281	261	2.1	39.2
Query_43717	XM_037130037.1	100.000	21	0	0	1	21	443	423	2.1	39.2
Query_43717	XM_037130036.1	100.000	21	0	0	1	21	543	523	2.1	39.2
Query_43717	XM_037044351.1	100.000	21	0	0	1	21	525	505	2.1	39.2
Query_43717	XM_037044350.1	100.000	21	0	0	1	21	281	261	2.1	39.2
Query_43717	XM_037044349.1	100.000	21	0	0	1	21	274	254	2.1	39.2
Query_43717	XM_037044348.1	100.000	21	0	0	1	21	407	387	2.1	39.2
Query_43717	XM_037044347.1	100.000	21	0	0	1	21	523	503	2.1	39.2
Query_43717	XR_004969263.1	100.000	21	0	0	1	21	540	520	2.1	39.2
Query_43717	XM_036319158.1	100.000	21	0	0	1	21	525	505	2.1	39.2
Query_43717	XM_036319157.1	100.000	21	0	0	1	21	540	520	2.1	39.2
Query_43717	XR_004958629.1	100.000	21	0	0	1	21	285	265	2.1	39.2
Query_43717	XM_036253507.1	100.000	21	0	0	1	21	562	542	2.1	39.2
Query_43717	XR_004958628.1	100.000	21	0	0	1	21	285	265	2.1	39.2
Query_43717	XR_004958627.1	100.000	21	0	0	1	21	285	265	2.1	39.2
Query_43717	XM_036253506.1	100.000	21	0	0	1	21	285	265	2.1	39.2
Query_43717	XR_004958626.1	100.000	21	0	0	1	21	304	284	2.1	39.2
Query_43717	XR_004958625.1	100.000	21	0	0	1	21	285	265	2.1	39.2
Query_43717	XM_036236019.1	100.000	21	0	0	1	21	376	356	2.1	39.2
Query_43717	XM_016164614.2	100.000	21	0	0	1	21	612	592	2.1	39.2
Query_43717	XM_016164616.2	100.000	21	0	0	1	21	216	196	2.1	39.2
Query_43717	XM_016164613.2	100.000	21	0	0	1	21	337	317	2.1	39.2
Query_43717	XM_016164615.2	100.000	21	0	0	1	21	501	481	2.1	39.2
Query_43717	XM_016164612.2	100.000	21	0	0	1	21	572	552	2.1	39.2
Query_43717	XM_036079912.1	100.000	21	0	0	1	21	379	359	2.1	39.2
Query_43717	XM_036079911.1	100.000	21	0	0	1	21	579	559	2.1	39.2
Query_43717	XM_036079910.1	100.000	21	0	0	1	21	389	369	2.1	39.2
Query_43717	XM_036079909.1	100.000	21	0	0	1	21	564	544	2.1	39.2
Query_43717	XM_036023225.1	100.000	21	0	0	1	21	329	309	2.1	39.2
Query_43717	XM_028508977.2	100.000	21	0	0	1	21	337	317	2.1	39.2
Query_43717	XM_028508979.2	100.000	21	0	0	1	21	266	246	2.1	39.2
Query_43717	XM_028508978.2	100.000	21	0	0	1	21	416	396	2.1	39.2
Query_43717	NM_182678.3	100.000	21	0	0	1	21	414	394	2.1	39.2
Query_43717	NM_001278554.2	100.000	21	0	0	1	21	615	595	2.1	39.2
Query_43717	NM_001278555.2	100.000	21	0	0	1	21	382	362	2.1	39.2
Query_43717	XM_035696433.1	100.000	21	0	0	1	21	210	190	2.1	39.2
Query_43717	XM_035696430.1	100.000	21	0	0	1	21	211	191	2.1	39.2
Query_43717	XM_035696428.1	100.000	21	0	0	1	21	213	193	2.1	39.2
Query_43717	XM_035696425.1	100.000	21	0	0	1	21	217	197	2.1	39.2
Query_43717	XM_025460381.2	100.000	21	0	0	1	21	694	674	2.1	39.2
Query_43717	XM_035729154.1	100.000	21	0	0	1	21	201	181	2.1	39.2
Query_43717	XM_027591007.2	100.000	21	0	0	1	21	527	507	2.1	39.2
Query_43717	XM_027591006.2	100.000	21	0	0	1	21	377	357	2.1	39.2
Query_43717	XM_027591004.2	100.000	21	0	0	1	21	434	414	2.1	39.2
Query_43717	XM_027591003.2	100.000	21	0	0	1	21	568	548	2.1	39.2
Query_43717	XM_003733157.3	100.000	21	0	0	1	21	541	521	2.1	39.2
Query_43717	XM_035304362.1	100.000	21	0	0	1	21	683	663	2.1	39.2


