# blastn
# Iteration: 0
# Query: 
# RID: 7RRUHPJU01R
# Database: nt
# Fields: query acc.ver, subject acc.ver, % identity, alignment length, mismatches, gap opens, q. start, q. end, s. start, s. end, evalue, bit score
# 102 hits found
Query_38203	XM_040459768.1	100.000	21	0	0	1	21	49	29	2.1	39.2
Query_38203	XM_040459767.1	100.000	21	0	0	1	21	52	32	2.1	39.2
Query_38203	XM_040459766.1	100.000	21	0	0	1	21	73	53	2.1	39.2
Query_38203	XM_040459764.1	100.000	21	0	0	1	21	289	269	2.1	39.2
Query_38203	XM_040459763.1	100.000	21	0	0	1	21	226	206	2.1	39.2
Query_38203	XM_040453115.1	100.000	21	0	0	1	21	214	194	2.1	39.2
Query_38203	XM_040483671.1	100.000	21	0	0	1	21	225	205	2.1	39.2
Query_38203	XM_040457089.1	100.000	21	0	0	1	21	233	213	2.1	39.2
Query_38203	XM_040275524.1	100.000	21	0	0	1	21	171	151	2.1	39.2
Query_38203	XM_013358595.3	100.000	21	0	0	1	21	201	181	2.1	39.2
Query_38203	XM_040275522.1	100.000	21	0	0	1	21	217	197	2.1	39.2
Query_38203	XM_040275521.1	100.000	21	0	0	1	21	220	200	2.1	39.2
Query_38203	XR_005722423.1	100.000	21	0	0	1	21	329	309	2.1	39.2
Query_38203	XM_040248194.1	100.000	21	0	0	1	21	411	391	2.1	39.2
Query_38203	XM_040248193.1	100.000	21	0	0	1	21	202	182	2.1	39.2
Query_38203	XM_040248192.1	100.000	21	0	0	1	21	203	183	2.1	39.2
Query_38203	XM_040248191.1	100.000	21	0	0	1	21	304	284	2.1	39.2
Query_38203	XM_040248190.1	100.000	21	0	0	1	21	269	249	2.1	39.2
Query_38203	XM_040248189.1	100.000	21	0	0	1	21	453	433	2.1	39.2
Query_38203	XM_029070229.2	100.000	21	0	0	1	21	242	222	2.1	39.2
Query_38203	XM_016228206.3	100.000	21	0	0	1	21	316	296	2.1	39.2
Query_38203	HG994407.1	100.000	21	0	0	1	21	38719386	38719406	2.1	39.2
Query_38203	HG994399.1	100.000	21	0	0	1	21	55249550	55249530	2.1	39.2
Query_38203	XM_039864588.1	100.000	21	0	0	1	21	407	387	2.1	39.2
Query_38203	XM_039864587.1	100.000	21	0	0	1	21	271	251	2.1	39.2
Query_38203	XM_039864586.1	100.000	21	0	0	1	21	1904	1884	2.1	39.2
Query_38203	XM_039864584.1	100.000	21	0	0	1	21	287	267	2.1	39.2
Query_38203	XM_010343114.2	100.000	21	0	0	1	21	426	406	2.1	39.2
Query_38203	XM_039479768.1	100.000	21	0	0	1	21	407	387	2.1	39.2
Query_38203	XM_039479767.1	100.000	21	0	0	1	21	262	242	2.1	39.2
Query_38203	XM_039477794.1	100.000	21	0	0	1	21	210	190	2.1	39.2
Query_38203	XM_039477007.1	100.000	21	0	0	1	21	858	838	2.1	39.2
Query_38203	XM_039229992.1	100.000	21	0	0	1	21	198	178	2.1	39.2
Query_38203	XM_039229991.1	100.000	21	0	0	1	21	250	230	2.1	39.2
Query_38203	CP068258.1	100.000	21	0	0	1	21	3393064	3393084	2.1	39.2
Query_38203	CP068258.1	100.000	21	0	0	1	21	51853857	51853877	2.1	39.2
Query_38203	XM_003751324.5	100.000	21	0	0	1	21	209	189	2.1	39.2
Query_38203	XM_038432768.1	100.000	21	0	0	1	21	158	138	2.1	39.2
Query_38203	XM_038432767.1	100.000	21	0	0	1	21	262	242	2.1	39.2
Query_38203	XM_038687102.1	100.000	21	0	0	1	21	214	194	2.1	39.2
Query_38203	XM_038803162.1	100.000	21	0	0	1	21	199	179	2.1	39.2
Query_38203	XM_038803161.1	100.000	21	0	0	1	21	316	296	2.1	39.2
Query_38203	XM_038750001.1	100.000	21	0	0	1	21	306	286	2.1	39.2
Query_38203	XM_038330104.1	100.000	21	0	0	1	21	471	451	2.1	39.2
Query_38203	XM_038321457.1	100.000	21	0	0	1	21	511	491	2.1	39.2
Query_38203	XM_038345939.1	100.000	21	0	0	1	21	202	182	2.1	39.2
Query_38203	XM_037988979.1	100.000	21	0	0	1	21	236	216	2.1	39.2
Query_38203	XM_037988765.1	100.000	21	0	0	1	21	253	233	2.1	39.2
Query_38203	XM_037983802.1	100.000	21	0	0	1	21	221	201	2.1	39.2
Query_38203	XM_008014329.2	100.000	21	0	0	1	21	414	394	2.1	39.2
Query_38203	XM_037982646.1	100.000	21	0	0	1	21	197	177	2.1	39.2
Query_38203	XM_008014322.2	100.000	21	0	0	1	21	493	473	2.1	39.2
Query_38203	XM_037982645.1	100.000	21	0	0	1	21	198	178	2.1	39.2
Query_38203	XM_008014318.2	100.000	21	0	0	1	21	353	333	2.1	39.2
Query_38203	XM_008014312.2	100.000	21	0	0	1	21	287	267	2.1	39.2
Query_38203	XM_037996789.1	100.000	21	0	0	1	21	219	199	2.1	39.2
Query_38203	XM_037821188.1	100.000	21	0	0	1	21	223	203	2.1	39.2
Query_38203	XM_037844644.1	100.000	21	0	0	1	21	139	119	2.1	39.2
Query_38203	XM_037841023.1	100.000	21	0	0	1	21	202	182	2.1	39.2
Query_38203	XM_037810938.1	100.000	21	0	0	1	21	239	219	2.1	39.2
Query_38203	XM_037799127.1	100.000	21	0	0	1	21	202	182	2.1	39.2
Query_38203	XR_001817404.2	100.000	21	0	0	1	21	202	182	2.1	39.2
Query_38203	XM_037743277.1	100.000	21	0	0	1	21	184	164	2.1	39.2
Query_38203	XR_005202231.1	100.000	21	0	0	1	21	217	197	2.1	39.2
Query_38203	XM_037739054.1	100.000	21	0	0	1	21	663	643	2.1	39.2
Query_38203	XR_005200512.1	100.000	21	0	0	1	21	499	479	2.1	39.2
Query_38203	XR_005200511.1	100.000	21	0	0	1	21	323	303	2.1	39.2
Query_38203	XR_005200510.1	100.000	21	0	0	1	21	551	531	2.1	39.2
Query_38203	XR_005200509.1	100.000	21	0	0	1	21	375	355	2.1	39.2
Query_38203	XM_017529922.2	100.000	21	0	0	1	21	290	270	2.1	39.2
Query_38203	XM_017529921.2	100.000	21	0	0	1	21	290	270	2.1	39.2
Query_38203	XM_037500285.1	100.000	21	0	0	1	21	251	231	2.1	39.2
Query_38203	XM_028868577.2	100.000	21	0	0	1	21	514	494	2.1	39.2
Query_38203	XM_037167230.1	100.000	21	0	0	1	21	579	559	2.1	39.2
Query_38203	XM_037059888.1	100.000	21	0	0	1	21	175	155	2.1	39.2
Query_38203	XM_037059887.1	100.000	21	0	0	1	21	288	268	2.1	39.2
Query_38203	XM_036824863.1	100.000	21	0	0	1	21	274	254	2.1	39.2
Query_38203	XM_036824862.1	100.000	21	0	0	1	21	448	428	2.1	39.2
Query_38203	XM_036824861.1	100.000	21	0	0	1	21	306	286	2.1	39.2
Query_38203	XM_036757011.1	100.000	21	0	0	1	21	215	195	2.1	39.2
Query_38203	XM_036748912.1	100.000	21	0	0	1	21	317	297	2.1	39.2
Query_38203	XM_036417747.1	100.000	21	0	0	1	21	218	198	2.1	39.2
Query_38203	XM_036417745.1	100.000	21	0	0	1	21	268	248	2.1	39.2
Query_38203	XM_036417744.1	100.000	21	0	0	1	21	97	77	2.1	39.2
Query_38203	XM_036417743.1	100.000	21	0	0	1	21	330	310	2.1	39.2
Query_38203	XM_036417742.1	100.000	21	0	0	1	21	311	291	2.1	39.2
Query_38203	XM_036323836.1	100.000	21	0	0	1	21	51	31	2.1	39.2
Query_38203	XM_036323834.1	100.000	21	0	0	1	21	554	534	2.1	39.2
Query_38203	XR_004970150.1	100.000	21	0	0	1	21	543	523	2.1	39.2
Query_38203	XM_036323833.1	100.000	21	0	0	1	21	336	316	2.1	39.2
Query_38203	XM_036244480.1	100.000	21	0	0	1	21	301	281	2.1	39.2
Query_38203	XM_036244479.1	100.000	21	0	0	1	21	232	212	2.1	39.2
Query_38203	XM_036244478.1	100.000	21	0	0	1	21	342	322	2.1	39.2
Query_38203	XM_036244476.1	100.000	21	0	0	1	21	254	234	2.1	39.2
Query_38203	XM_036244475.1	100.000	21	0	0	1	21	271	251	2.1	39.2
Query_38203	XM_036229301.1	100.000	21	0	0	1	21	407	387	2.1	39.2
Query_38203	XM_016143743.2	100.000	21	0	0	1	21	271	251	2.1	39.2
Query_38203	XM_036229300.1	100.000	21	0	0	1	21	3050	3030	2.1	39.2
Query_38203	XM_016143742.2	100.000	21	0	0	1	21	278	258	2.1	39.2
Query_38203	AP023480.1	100.000	21	0	0	1	21	3287850	3287870	2.1	39.2
Query_38203	AP023480.1	100.000	21	0	0	1	21	48146675	48146695	2.1	39.2
Query_38203	XM_036184029.1	100.000	21	0	0	1	21	376	356	2.1	39.2


