# blastn
# Iteration: 0
# Query: 
# RID: 6ZSRP5FE01R
# Database: nt
# Fields: query acc.ver, subject acc.ver, % identity, alignment length, mismatches, gap opens, q. start, q. end, s. start, s. end, evalue, bit score
# 36 hits found
Query_17677	XM_032915907.1	100.000	21	0	0	1	21	1075	1055	2.0	39.2
Query_17677	XM_005365945.3	100.000	21	0	0	1	21	1044	1024	2.0	39.2
Query_17677	XM_021630388.1	100.000	21	0	0	1	21	1067	1047	2.0	39.2
Query_17677	XM_006985601.2	100.000	21	0	0	1	21	1074	1054	2.0	39.2
Query_17677	XM_028882342.2	100.000	21	0	0	1	21	1081	1061	2.0	39.2
Query_17677	FQ214550.1	100.000	21	0	0	1	21	1035	1015	2.0	39.2
Query_17677	FQ216757.1	100.000	21	0	0	1	21	1040	1020	2.0	39.2
Query_17677	FQ213111.1	100.000	21	0	0	1	21	1036	1016	2.0	39.2
Query_17677	FQ225334.1	100.000	21	0	0	1	21	1037	1017	2.0	39.2
Query_17677	FQ228750.1	100.000	21	0	0	1	21	1035	1015	2.0	39.2
Query_17677	FQ213948.1	100.000	21	0	0	1	21	724	704	2.0	39.2
Query_17677	NM_001009264.1	100.000	21	0	0	1	21	1015	995	2.0	39.2
Query_17677	CP029002.1	100.000	20	0	0	1	20	3523130	3523149	7.1	37.4
Query_17677	LR877233.1	100.000	20	0	0	2	21	28302060	28302079	7.1	37.4
Query_17677	LR877210.1	100.000	20	0	0	1	20	9865057	9865038	7.1	37.4
Query_17677	NG_006685.3	100.000	20	0	0	2	21	1118	1099	7.1	37.4
Query_17677	NM_026242.3	100.000	20	0	0	2	21	1066	1047	7.1	37.4
Query_17677	AC169036.3	100.000	20	0	0	2	21	131645	131664	7.1	37.4
Query_17677	BC085488.1	100.000	20	0	0	2	21	911	892	7.1	37.4
Query_17677	AC114605.11	100.000	20	0	0	2	21	110187	110168	7.1	37.4
Query_17677	AC112683.10	100.000	20	0	0	2	21	194608	194589	7.1	37.4
Query_17677	AC139214.12	100.000	20	0	0	2	21	1640	1621	7.1	37.4
Query_17677	AK170984.1	100.000	20	0	0	2	21	1048	1029	7.1	37.4
Query_17677	AK170909.1	100.000	20	0	0	2	21	1044	1025	7.1	37.4
Query_17677	AK170789.1	100.000	20	0	0	2	21	1016	997	7.1	37.4
Query_17677	AK159464.1	100.000	20	0	0	2	21	1055	1036	7.1	37.4
Query_17677	AK167112.1	100.000	20	0	0	2	21	1047	1028	7.1	37.4
Query_17677	AK020049.1	100.000	20	0	0	2	21	1034	1015	7.1	37.4
Query_17677	AK018675.1	100.000	20	0	0	2	21	1016	997	7.1	37.4
Query_17677	AK017832.1	100.000	20	0	0	2	21	1048	1029	7.1	37.4
Query_17677	AK009827.1	100.000	20	0	0	2	21	1024	1005	7.1	37.4
Query_17677	AK005313.1	100.000	20	0	0	2	21	1058	1039	7.1	37.4
Query_17677	AK217266.1	100.000	20	0	0	2	21	189	170	7.1	37.4
Query_17677	AC154476.2	100.000	20	0	0	2	21	78160	78179	7.1	37.4
Query_17677	BC010209.1	100.000	20	0	0	2	21	1035	1016	7.1	37.4
Query_17677	AB041651.1	100.000	20	0	0	2	21	1046	1027	7.1	37.4


