# blastn
# Iteration: 0
# Query: 
# RID: 7JB6HSM601R
# Database: nt
# Fields: query acc.ver, subject acc.ver, % identity, alignment length, mismatches, gap opens, q. start, q. end, s. start, s. end, evalue, bit score
# 21 hits found
Query_532297	NM_018426.3	100.000	21	0	0	1	21	1083	1063	2.1	39.2
Query_532297	XR_001743506.2	100.000	21	0	0	1	21	1463	1443	2.1	39.2
Query_532297	XM_024446482.1	100.000	21	0	0	1	21	1351	1331	2.1	39.2
Query_532297	XM_017011002.1	100.000	21	0	0	1	21	1124	1104	2.1	39.2
Query_532297	XM_017011001.1	100.000	21	0	0	1	21	1021	1001	2.1	39.2
Query_532297	XM_005249215.4	100.000	21	0	0	1	21	1282	1262	2.1	39.2
Query_532297	XM_005249214.4	100.000	21	0	0	1	21	977	957	2.1	39.2
Query_532297	XM_017011000.1	100.000	21	0	0	1	21	1321	1301	2.1	39.2
Query_532297	XM_005249213.4	100.000	21	0	0	1	21	1390	1370	2.1	39.2
Query_532297	XM_017010999.1	100.000	21	0	0	1	21	1340	1320	2.1	39.2
Query_532297	XM_005249211.3	100.000	21	0	0	1	21	1463	1443	2.1	39.2
Query_532297	NM_001318792.1	100.000	21	0	0	1	21	1117	1097	2.1	39.2
Query_532297	XM_006715135.1	100.000	21	0	0	1	21	1139	1119	2.1	39.2
Query_532297	XM_005249217.1	100.000	21	0	0	1	21	1155	1135	2.1	39.2
Query_532297	AB587502.1	100.000	21	0	0	1	21	943	923	2.1	39.2
Query_532297	BC136769.1	100.000	21	0	0	1	21	959	939	2.1	39.2
Query_532297	AK093629.1	100.000	21	0	0	1	21	1139	1119	2.1	39.2
Query_532297	BC022095.1	100.000	21	0	0	1	21	720	700	2.1	39.2
Query_532297	AL365192.22	100.000	21	0	0	1	21	27728	27708	2.1	39.2
Query_532297	AL834238.1	100.000	21	0	0	1	21	381	361	2.1	39.2
Query_532297	BC093086.1	100.000	21	0	0	1	21	764	744	2.1	39.2


