# blastn
# Iteration: 0
# Query: 
# RID: 6RSZPW6M013
# Database: nt
# Fields: query acc.ver, subject acc.ver, % identity, alignment length, mismatches, gap opens, q. start, q. end, s. start, s. end, evalue, bit score
# 39 hits found
Query_29055	XM_008951835.2	100.000	21	0	0	1	21	828	808	2.1	39.2
Query_29055	XM_003826427.2	100.000	21	0	0	1	21	475	455	2.1	39.2
Query_29055	XM_033203867.1	100.000	21	0	0	1	21	638	618	2.1	39.2
Query_29055	XR_004435622.1	100.000	21	0	0	1	21	562	542	2.1	39.2
Query_29055	XM_033203866.1	100.000	21	0	0	1	21	562	542	2.1	39.2
Query_29055	XM_032152921.1	100.000	21	0	0	1	21	838	818	2.1	39.2
Query_29055	XM_032152920.1	100.000	21	0	0	1	21	604	584	2.1	39.2
Query_29055	XM_030918055.1	100.000	21	0	0	1	21	639	619	2.1	39.2
Query_29055	XM_010353396.2	100.000	21	0	0	1	21	534	514	2.1	39.2
Query_29055	XM_003275313.3	100.000	21	0	0	1	21	604	584	2.1	39.2
Query_29055	NM_004223.5	100.000	21	0	0	1	21	439	419	2.1	39.2
Query_29055	XM_521987.5	100.000	21	0	0	1	21	474	454	2.1	39.2
Query_29055	XM_009246347.2	100.000	21	0	0	1	21	292	272	2.1	39.2
Query_29055	XM_009246345.2	100.000	21	0	0	1	21	833	813	2.1	39.2
Query_29055	XM_003777762.3	100.000	21	0	0	1	21	476	456	2.1	39.2
Query_29055	XM_009246344.2	100.000	21	0	0	1	21	640	620	2.1	39.2
Query_29055	LT736766.1	100.000	21	0	0	1	21	865	845	2.1	39.2
Query_29055	XM_004051168.2	100.000	21	0	0	1	21	835	815	2.1	39.2
Query_29055	XM_004051167.2	100.000	21	0	0	1	21	468	448	2.1	39.2
Query_29055	XM_017851370.1	100.000	21	0	0	1	21	561	541	2.1	39.2
Query_29055	XM_003317981.4	100.000	21	0	0	1	21	831	811	2.1	39.2
Query_29055	XM_003275314.3	100.000	21	0	0	1	21	832	812	2.1	39.2
Query_29055	XR_001004203.1	100.000	21	0	0	1	21	409	389	2.1	39.2
Query_29055	XM_011963414.1	100.000	21	0	0	1	21	409	389	2.1	39.2
Query_29055	KJ892727.1	100.000	21	0	0	1	21	443	423	2.1	39.2
Query_29055	NM_198183.3	100.000	21	0	0	1	21	438	418	2.1	39.2
Query_29055	CU689397.1	100.000	21	0	0	1	21	100	120	2.1	39.2
Query_29055	AK315755.1	100.000	21	0	0	1	21	393	373	2.1	39.2
Query_29055	DQ894475.2	100.000	21	0	0	1	21	400	380	2.1	39.2
Query_29055	DQ891291.2	100.000	21	0	0	1	21	400	380	2.1	39.2
Query_29055	AK226165.1	100.000	21	0	0	1	21	528	508	2.1	39.2
Query_29055	AK093462.1	100.000	21	0	0	1	21	787	767	2.1	39.2
Query_29055	CR457126.1	100.000	21	0	0	1	21	378	358	2.1	39.2
Query_29055	AK129621.1	100.000	21	0	0	1	21	345	325	2.1	39.2
Query_29055	BC032491.1	100.000	21	0	0	1	21	474	454	2.1	39.2
Query_29055	AP002893.3	100.000	21	0	0	1	21	122939	122959	2.1	39.2
Query_29055	AJ243271.1	100.000	21	0	0	1	21	68	48	2.1	39.2
Query_29055	AF061736.1	100.000	21	0	0	1	21	425	405	2.1	39.2
Query_29055	AF031141.1	100.000	21	0	0	1	21	375	355	2.1	39.2


