# blastn
# Iteration: 0
# Query: 
# RID: 8YBNYYYK016
# Database: nt
# Fields: query acc.ver, subject acc.ver, % identity, alignment length, mismatches, gap opens, q. start, q. end, s. start, s. end, evalue, bit score
# 100 hits found
Query_44025	XM_034945734.1	100.000	21	0	0	1	21	322	302	2.1	39.2
Query_44025	XM_034492571.1	100.000	21	0	0	1	21	613	593	2.1	39.2
Query_44025	XM_033844831.1	100.000	21	0	0	1	21	611	591	2.1	39.2
Query_44025	XM_004283250.2	100.000	21	0	0	1	21	611	591	2.1	39.2
Query_44025	XM_033224775.1	100.000	21	0	0	1	21	667	647	2.1	39.2
Query_44025	XM_033127806.1	100.000	21	0	0	1	21	602	582	2.1	39.2
Query_44025	XM_032894453.1	100.000	21	0	0	1	21	667	647	2.1	39.2
Query_44025	XM_032614966.1	100.000	21	0	0	1	21	611	591	2.1	39.2
Query_44025	XM_032263313.1	100.000	21	0	0	1	21	656	636	2.1	39.2
Query_44025	XM_032171460.1	100.000	21	0	0	1	21	382	362	2.1	39.2
Query_44025	XM_023197562.3	100.000	21	0	0	1	21	663	643	2.1	39.2
Query_44025	NM_001194143.2	100.000	21	0	0	1	21	745	725	2.1	39.2
Query_44025	LR738628.1	100.000	21	0	0	1	21	74932974	74932994	2.1	39.2
Query_44025	LR738606.1	100.000	21	0	0	1	21	66404985	66404965	2.1	39.2
Query_44025	XM_031659367.1	100.000	21	0	0	1	21	736	716	2.1	39.2
Query_44025	XM_031385385.1	100.000	21	0	0	1	21	266	246	2.1	39.2
Query_44025	XM_031385384.1	100.000	21	0	0	1	21	576	556	2.1	39.2
Query_44025	XM_004061618.3	100.000	21	0	0	1	21	674	654	2.1	39.2
Query_44025	XR_002003000.2	100.000	21	0	0	1	21	258	238	2.1	39.2
Query_44025	XM_010361181.2	100.000	21	0	0	1	21	641	621	2.1	39.2
Query_44025	XM_030848376.1	100.000	21	0	0	1	21	611	591	2.1	39.2
Query_44025	XM_030819428.1	100.000	21	0	0	1	21	970	950	2.1	39.2
Query_44025	XM_022564888.2	100.000	21	0	0	1	21	632	612	2.1	39.2
Query_44025	XM_008822792.3	100.000	21	0	0	1	21	174	154	2.1	39.2
Query_44025	XM_021219106.2	100.000	21	0	0	1	21	339	319	2.1	39.2
Query_44025	XM_021165994.2	100.000	21	0	0	1	21	343	323	2.1	39.2
Query_44025	XM_029240889.1	100.000	21	0	0	1	21	674	654	2.1	39.2
Query_44025	NM_003969.4	100.000	21	0	0	1	21	325	305	2.1	39.2
Query_44025	XM_028781890.1	100.000	21	0	0	1	21	667	647	2.1	39.2
Query_44025	AC279043.1	100.000	21	0	0	1	21	33553	33573	2.1	39.2
Query_44025	AC279022.1	100.000	21	0	0	1	21	50031	50051	2.1	39.2
Query_44025	XM_007123110.3	100.000	21	0	0	1	21	666	646	2.1	39.2
Query_44025	XM_027097413.1	100.000	21	0	0	1	21	674	654	2.1	39.2
Query_44025	XM_013351477.2	100.000	21	0	0	1	21	294	274	2.1	39.2
Query_44025	XM_027978947.1	100.000	21	0	0	1	21	144	124	2.1	39.2
Query_44025	XM_027978945.1	100.000	21	0	0	1	21	144	124	2.1	39.2
Query_44025	XM_027921197.1	100.000	21	0	0	1	21	688	668	2.1	39.2
Query_44025	CP034522.1	100.000	21	0	0	1	21	59009654	59009674	2.1	39.2
Query_44025	CP034497.1	100.000	21	0	0	1	21	59009654	59009674	2.1	39.2
Query_44025	CP034494.1	100.000	21	0	0	1	21	34344519	34344539	2.1	39.2
Query_44025	XM_027514594.1	100.000	21	0	0	1	21	658	638	2.1	39.2
Query_44025	XM_025367066.1	100.000	21	0	0	1	21	937	917	2.1	39.2
Query_44025	XM_025367065.1	100.000	21	0	0	1	21	937	917	2.1	39.2
Query_44025	XM_025270420.1	100.000	21	0	0	1	21	199	179	2.1	39.2
Query_44025	XM_006067295.2	100.000	21	0	0	1	21	181	161	2.1	39.2
Query_44025	XM_015458446.2	100.000	21	0	0	1	21	658	638	2.1	39.2
Query_44025	XM_011751675.2	100.000	21	0	0	1	21	746	726	2.1	39.2
Query_44025	XM_024740917.1	100.000	21	0	0	1	21	95	75	2.1	39.2
Query_44025	XM_024570231.1	100.000	21	0	0	1	21	140	120	2.1	39.2
Query_44025	XM_016937020.2	100.000	21	0	0	1	21	780	760	2.1	39.2
Query_44025	XR_024683.6	100.000	21	0	0	1	21	284	264	2.1	39.2
Query_44025	XM_024237018.1	100.000	21	0	0	1	21	690	670	2.1	39.2
Query_44025	XM_001495644.6	100.000	21	0	0	1	21	672	652	2.1	39.2
Query_44025	XM_011384637.2	100.000	21	0	0	1	21	659	639	2.1	39.2
Query_44025	XM_021708408.1	100.000	21	0	0	1	21	392	372	2.1	39.2
Query_44025	XM_012473155.2	100.000	21	0	0	1	21	705	685	2.1	39.2
Query_44025	XM_021659849.1	100.000	21	0	0	1	21	346	326	2.1	39.2
Query_44025	XM_012752406.2	100.000	21	0	0	1	21	723	703	2.1	39.2
Query_44025	LT735850.1	100.000	21	0	0	1	21	582	562	2.1	39.2
Query_44025	XM_020158677.1	100.000	21	0	0	1	21	1291	1271	2.1	39.2
Query_44025	XM_019978166.1	100.000	21	0	0	1	21	144	124	2.1	39.2
Query_44025	XM_019633350.1	100.000	21	0	0	1	21	691	671	2.1	39.2
Query_44025	XM_018063555.1	100.000	21	0	0	1	21	660	640	2.1	39.2
Query_44025	XM_017850506.1	100.000	21	0	0	1	21	675	655	2.1	39.2
Query_44025	XM_002721900.3	100.000	21	0	0	1	21	628	608	2.1	39.2
Query_44025	XM_007539011.2	100.000	21	0	0	1	21	186	166	2.1	39.2
Query_44025	XM_006997194.2	100.000	21	0	0	1	21	95	75	2.1	39.2
Query_44025	XM_004439134.2	100.000	21	0	0	1	21	137	117	2.1	39.2
Query_44025	XM_014480337.1	100.000	21	0	0	1	21	287	267	2.1	39.2
Query_44025	XM_005342406.2	100.000	21	0	0	1	21	681	661	2.1	39.2
Query_44025	XM_013027644.1	100.000	21	0	0	1	21	206	186	2.1	39.2
Query_44025	XM_004672888.2	100.000	21	0	0	1	21	124	104	2.1	39.2
Query_44025	XM_004596908.2	100.000	21	0	0	1	21	342	322	2.1	39.2
Query_44025	XM_003795336.2	100.000	21	0	0	1	21	675	655	2.1	39.2
Query_44025	XM_012655887.1	100.000	21	0	0	1	21	672	652	2.1	39.2
Query_44025	XM_040978181.1	100.000	21	0	0	1	21	350	330	2.1	39.2
Query_44025	XM_005087951.4	100.000	21	0	0	1	21	196	176	2.1	39.2
Query_44025	XM_040251830.1	100.000	21	0	0	1	21	616	596	2.1	39.2
Query_44025	XM_040251829.1	100.000	21	0	0	1	21	616	596	2.1	39.2
Query_44025	XM_039868785.1	100.000	21	0	0	1	21	655	635	2.1	39.2
Query_44025	XM_039466383.1	100.000	21	0	0	1	21	932	912	2.1	39.2
Query_44025	CP068262.1	100.000	21	0	0	1	21	38958814	38958794	2.1	39.2
Query_44025	CP068259.1	100.000	21	0	0	1	21	61655961	61655981	2.1	39.2
Query_44025	XM_038338840.1	100.000	21	0	0	1	21	659	639	2.1	39.2
Query_44025	XM_007998466.2	100.000	21	0	0	1	21	849	829	2.1	39.2
Query_44025	XM_017509655.2	100.000	21	0	0	1	21	587	567	2.1	39.2
Query_44025	XM_037517301.1	100.000	21	0	0	1	21	197	177	2.1	39.2
Query_44025	XM_028884903.2	100.000	21	0	0	1	21	344	324	2.1	39.2
Query_44025	XM_037148485.1	100.000	21	0	0	1	21	273	253	2.1	39.2
Query_44025	XM_037047667.1	100.000	21	0	0	1	21	191	171	2.1	39.2
Query_44025	XM_036273895.1	100.000	21	0	0	1	21	303	283	2.1	39.2
Query_44025	XM_016125757.2	100.000	21	0	0	1	21	330	310	2.1	39.2
Query_44025	AP023487.1	100.000	21	0	0	1	21	319102	319122	2.1	39.2
Query_44025	AP023479.1	100.000	21	0	0	1	21	59041094	59041114	2.1	39.2
Query_44025	XM_036168406.1	100.000	21	0	0	1	21	369	349	2.1	39.2
Query_44025	XM_028530497.2	100.000	21	0	0	1	21	237	217	2.1	39.2
Query_44025	LR877230.1	100.000	21	0	0	1	21	10537883	10537863	2.1	39.2
Query_44025	AC280253.1	100.000	21	0	0	1	21	158234	158254	2.1	39.2
Query_44025	XM_027431227.2	100.000	21	0	0	1	21	158	138	2.1	39.2
Query_44025	XM_017967523.2	100.000	21	0	0	1	21	928	908	2.1	39.2


