# blastn
# Iteration: 0
# Query: 
# RID: 8YME2Z7J013
# Database: nt
# Fields: query acc.ver, subject acc.ver, % identity, alignment length, mismatches, gap opens, q. start, q. end, s. start, s. end, evalue, bit score
# 100 hits found
Query_26543	XM_035009990.1	100.000	21	0	0	1	21	488	468	2.1	39.2
Query_26543	XM_003811844.2	100.000	21	0	0	1	21	477	457	2.1	39.2
Query_26543	XM_002928742.4	100.000	21	0	0	1	21	441	421	2.1	39.2
Query_26543	XM_033196559.1	100.000	21	0	0	1	21	602	582	2.1	39.2
Query_26543	XM_033233047.1	100.000	21	0	0	1	21	352	332	2.1	39.2
Query_26543	XM_032849507.1	100.000	21	0	0	1	21	371	351	2.1	39.2
Query_26543	XM_032397263.1	100.000	21	0	0	1	21	501	481	2.1	39.2
Query_26543	XM_032318008.1	100.000	21	0	0	1	21	477	457	2.1	39.2
Query_26543	XM_032260946.1	100.000	21	0	0	1	21	434	414	2.1	39.2
Query_26543	XM_032260945.1	100.000	21	0	0	1	21	510	490	2.1	39.2
Query_26543	LR738417.1	100.000	21	0	0	1	21	64508475	64508495	2.1	39.2
Query_26543	XM_023214308.2	100.000	21	0	0	1	21	569	549	2.1	39.2
Query_26543	XR_004184786.1	100.000	21	0	0	1	21	300	280	2.1	39.2
Query_26543	XM_031654823.1	100.000	21	0	0	1	21	459	439	2.1	39.2
Query_26543	XM_031654814.1	100.000	21	0	0	1	21	552	532	2.1	39.2
Query_26543	XM_006747389.2	100.000	21	0	0	1	21	356	336	2.1	39.2
Query_26543	XM_031011621.1	100.000	21	0	0	1	21	593	573	2.1	39.2
Query_26543	XM_010367119.2	100.000	21	0	0	1	21	705	685	2.1	39.2
Query_26543	XR_749097.2	100.000	21	0	0	1	21	280	260	2.1	39.2
Query_26543	XR_750211.2	100.000	21	0	0	1	21	294	274	2.1	39.2
Query_26543	XM_030824091.1	100.000	21	0	0	1	21	613	593	2.1	39.2
Query_26543	XR_012770.4	100.000	21	0	0	1	21	281	261	2.1	39.2
Query_26543	XM_028826846.1	100.000	21	0	0	1	21	513	493	2.1	39.2
Query_26543	XM_015113807.2	100.000	21	0	0	1	21	479	459	2.1	39.2
Query_26543	XM_015113815.2	100.000	21	0	0	1	21	433	413	2.1	39.2
Query_26543	NM_016406.4	100.000	21	0	0	1	21	300	280	2.1	39.2
Query_26543	XM_026487420.1	100.000	21	0	0	1	21	304	284	2.1	39.2
Query_26543	XM_023185092.2	100.000	21	0	0	1	21	310	290	2.1	39.2
Query_26543	XM_008153149.2	100.000	21	0	0	1	21	472	452	2.1	39.2
Query_26543	XM_028090946.1	100.000	21	0	0	1	21	501	481	2.1	39.2
Query_26543	XR_003120460.1	100.000	21	0	0	1	21	280	260	2.1	39.2
Query_26543	XM_025359394.1	100.000	21	0	0	1	21	419	399	2.1	39.2
Query_26543	XM_025359307.1	100.000	21	0	0	1	21	595	575	2.1	39.2
Query_26543	XM_006907869.3	100.000	21	0	0	1	21	523	503	2.1	39.2
Query_26543	XM_011770131.2	100.000	21	0	0	1	21	371	351	2.1	39.2
Query_26543	XM_024554066.1	100.000	21	0	0	1	21	511	491	2.1	39.2
Query_26543	XM_017001450.2	100.000	21	0	0	1	21	430	410	2.1	39.2
Query_26543	XM_002809897.3	100.000	21	0	0	1	21	590	570	2.1	39.2
Query_26543	XM_006103261.3	100.000	21	0	0	1	21	476	456	2.1	39.2
Query_26543	XM_011377001.2	100.000	21	0	0	1	21	520	500	2.1	39.2
Query_26543	XM_023214307.1	100.000	21	0	0	1	21	590	570	2.1	39.2
Query_26543	XM_022490810.1	100.000	21	0	0	1	21	911	891	2.1	39.2
Query_26543	XR_001110804.2	100.000	21	0	0	1	21	272	252	2.1	39.2
Query_26543	XM_012449634.2	100.000	21	0	0	1	21	581	561	2.1	39.2
Query_26543	XM_012449633.2	100.000	21	0	0	1	21	591	571	2.1	39.2
Query_26543	XM_021682047.1	100.000	21	0	0	1	21	530	510	2.1	39.2
Query_26543	XM_021239618.1	100.000	21	0	0	1	21	546	526	2.1	39.2
Query_26543	XM_021239617.1	100.000	21	0	0	1	21	574	554	2.1	39.2
Query_26543	XM_021239616.1	100.000	21	0	0	1	21	636	616	2.1	39.2
Query_26543	XM_004858676.3	100.000	21	0	0	1	21	671	651	2.1	39.2
Query_26543	XM_004858681.3	100.000	21	0	0	1	21	513	493	2.1	39.2
Query_26543	XM_004858675.3	100.000	21	0	0	1	21	669	649	2.1	39.2
Query_26543	XM_004858679.3	100.000	21	0	0	1	21	550	530	2.1	39.2
Query_26543	XM_004858674.3	100.000	21	0	0	1	21	704	684	2.1	39.2
Query_26543	XR_001884047.1	100.000	21	0	0	1	21	308	288	2.1	39.2
Query_26543	XM_017860834.1	100.000	21	0	0	1	21	595	575	2.1	39.2
Query_26543	XR_001884737.1	100.000	21	0	0	1	21	293	273	2.1	39.2
Query_26543	XM_017001451.1	100.000	21	0	0	1	21	643	623	2.1	39.2
Query_26543	XM_016210421.1	100.000	21	0	0	1	21	626	606	2.1	39.2
Query_26543	XM_016210420.1	100.000	21	0	0	1	21	2105	2085	2.1	39.2
Query_26543	XM_006764734.2	100.000	21	0	0	1	21	319	299	2.1	39.2
Query_26543	XM_006764733.2	100.000	21	0	0	1	21	681	661	2.1	39.2
Query_26543	XR_001492658.1	100.000	21	0	0	1	21	280	260	2.1	39.2
Query_26543	XM_015452762.1	100.000	21	0	0	1	21	583	563	2.1	39.2
Query_26543	XM_014528579.1	100.000	21	0	0	1	21	307	287	2.1	39.2
Query_26543	XM_005880464.2	100.000	21	0	0	1	21	848	828	2.1	39.2
Query_26543	XM_005400253.2	100.000	21	0	0	1	21	287	267	2.1	39.2
Query_26543	XM_005400252.2	100.000	21	0	0	1	21	715	695	2.1	39.2
Query_26543	XM_013149230.1	100.000	21	0	0	1	21	478	458	2.1	39.2
Query_26543	XM_013149228.1	100.000	21	0	0	1	21	587	567	2.1	39.2
Query_26543	XM_005002280.2	100.000	21	0	0	1	21	518	498	2.1	39.2
Query_26543	XM_005002281.2	100.000	21	0	0	1	21	551	531	2.1	39.2
Query_26543	XM_012728863.1	100.000	21	0	0	1	21	344	324	2.1	39.2
Query_26543	XM_004688397.2	100.000	21	0	0	1	21	382	362	2.1	39.2
Query_26543	XM_012639554.1	100.000	21	0	0	1	21	594	574	2.1	39.2
Query_26543	XM_012565050.1	100.000	21	0	0	1	21	344	324	2.1	39.2
Query_26543	XM_012449632.1	100.000	21	0	0	1	21	589	569	2.1	39.2
Query_26543	XR_978895.1	100.000	21	0	0	1	21	280	260	2.1	39.2
Query_26543	XM_011770130.1	100.000	21	0	0	1	21	441	421	2.1	39.2
Query_26543	XR_001018749.1	100.000	21	0	0	1	21	280	260	2.1	39.2
Query_26543	XM_012067544.1	100.000	21	0	0	1	21	590	570	2.1	39.2
Query_26543	XM_011957583.1	100.000	21	0	0	1	21	595	575	2.1	39.2
Query_26543	XR_001007306.1	100.000	21	0	0	1	21	280	260	2.1	39.2
Query_26543	XM_040739380.1	100.000	21	0	0	1	21	320	300	2.1	39.2
Query_26543	XM_005087769.4	100.000	21	0	0	1	21	516	496	2.1	39.2
Query_26543	XM_008700659.2	100.000	21	0	0	1	21	316	296	2.1	39.2
Query_26543	XM_039839892.1	100.000	21	0	0	1	21	514	494	2.1	39.2
Query_26543	XM_037984472.1	100.000	21	0	0	1	21	280	260	2.1	39.2
Query_26543	XM_007976437.2	100.000	21	0	0	1	21	487	467	2.1	39.2
Query_26543	XM_017515076.2	100.000	21	0	0	1	21	434	414	2.1	39.2
Query_26543	XM_037733647.1	100.000	21	0	0	1	21	518	498	2.1	39.2
Query_26543	XM_017515075.2	100.000	21	0	0	1	21	587	567	2.1	39.2
Query_26543	XM_037035026.1	100.000	21	0	0	1	21	532	512	2.1	39.2
Query_26543	XM_036344036.1	100.000	21	0	0	1	21	511	491	2.1	39.2
Query_26543	XM_036101456.1	100.000	21	0	0	1	21	501	481	2.1	39.2
Query_26543	XM_027610910.2	100.000	21	0	0	1	21	525	505	2.1	39.2
Query_26543	XM_027419019.2	100.000	21	0	0	1	21	370	350	2.1	39.2
Query_26543	XM_027419018.2	100.000	21	0	0	1	21	513	493	2.1	39.2
Query_26543	XM_027439658.2	100.000	21	0	0	1	21	370	350	2.1	39.2
Query_26543	XM_003506861.4	100.000	21	0	0	1	21	513	493	2.1	39.2


