# blastn
# Iteration: 0
# Query: 
# RID: 8YPPRZD3016
# Database: nt
# Fields: query acc.ver, subject acc.ver, % identity, alignment length, mismatches, gap opens, q. start, q. end, s. start, s. end, evalue, bit score
# 100 hits found
Query_28665	XM_008976634.2	100.000	21	0	0	1	21	416	396	2.1	39.2
Query_28665	XM_003823013.3	100.000	21	0	0	1	21	398	378	2.1	39.2
Query_28665	XM_033198362.1	100.000	21	0	0	1	21	369	349	2.1	39.2
Query_28665	XM_033198361.1	100.000	21	0	0	1	21	391	371	2.1	39.2
Query_28665	XM_033198360.1	100.000	21	0	0	1	21	391	371	2.1	39.2
Query_28665	XM_033198359.1	100.000	21	0	0	1	21	391	371	2.1	39.2
Query_28665	XM_033198358.1	100.000	21	0	0	1	21	285	265	2.1	39.2
Query_28665	XR_004434096.1	100.000	21	0	0	1	21	391	371	2.1	39.2
Query_28665	XM_033198357.1	100.000	21	0	0	1	21	639	619	2.1	39.2
Query_28665	XM_033198356.1	100.000	21	0	0	1	21	391	371	2.1	39.2
Query_28665	XR_004262057.1	100.000	21	0	0	1	21	330	310	2.1	39.2
Query_28665	XM_032288776.1	100.000	21	0	0	1	21	388	368	2.1	39.2
Query_28665	XM_032136927.1	100.000	21	0	0	1	21	374	354	2.1	39.2
Query_28665	XM_032136926.1	100.000	21	0	0	1	21	370	350	2.1	39.2
Query_28665	XM_023186845.3	100.000	21	0	0	1	21	753	733	2.1	39.2
Query_28665	XR_639001.4	100.000	21	0	0	1	21	414	394	2.1	39.2
Query_28665	XM_009189984.4	100.000	21	0	0	1	21	414	394	2.1	39.2
Query_28665	XM_019037287.2	100.000	21	0	0	1	21	374	354	2.1	39.2
Query_28665	XM_030930251.1	100.000	21	0	0	1	21	375	355	2.1	39.2
Query_28665	XM_010378845.2	100.000	21	0	0	1	21	398	378	2.1	39.2
Query_28665	XM_030930243.1	100.000	21	0	0	1	21	398	378	2.1	39.2
Query_28665	XM_012502075.2	100.000	21	0	0	1	21	370	350	2.1	39.2
Query_28665	XM_015120156.2	100.000	21	0	0	1	21	369	349	2.1	39.2
Query_28665	XM_015120144.2	100.000	21	0	0	1	21	403	383	2.1	39.2
Query_28665	XM_015120123.2	100.000	21	0	0	1	21	403	383	2.1	39.2
Query_28665	XM_026456675.1	100.000	21	0	0	1	21	390	370	2.1	39.2
Query_28665	XM_023186848.2	100.000	21	0	0	1	21	390	370	2.1	39.2
Query_28665	XM_023186846.2	100.000	21	0	0	1	21	390	370	2.1	39.2
Query_28665	XM_023186844.2	100.000	21	0	0	1	21	390	370	2.1	39.2
Query_28665	XM_025391108.1	100.000	21	0	0	1	21	374	354	2.1	39.2
Query_28665	XM_025391104.1	100.000	21	0	0	1	21	370	350	2.1	39.2
Query_28665	NM_014176.4	100.000	21	0	0	1	21	341	321	2.1	39.2
Query_28665	XM_011746666.2	100.000	21	0	0	1	21	369	349	2.1	39.2
Query_28665	XM_011746665.2	100.000	21	0	0	1	21	740	720	2.1	39.2
Query_28665	XM_011746664.2	100.000	21	0	0	1	21	612	592	2.1	39.2
Query_28665	XM_011746662.2	100.000	21	0	0	1	21	394	374	2.1	39.2
Query_28665	XM_009440790.2	100.000	21	0	0	1	21	390	370	2.1	39.2
Query_28665	XM_024350983.1	100.000	21	0	0	1	21	710	690	2.1	39.2
Query_28665	XM_514102.6	100.000	21	0	0	1	21	401	381	2.1	39.2
Query_28665	XM_024239242.1	100.000	21	0	0	1	21	739	719	2.1	39.2
Query_28665	XM_002809603.4	100.000	21	0	0	1	21	386	366	2.1	39.2
Query_28665	XM_023186847.1	100.000	21	0	0	1	21	390	370	2.1	39.2
Query_28665	XM_013932737.2	100.000	21	0	0	1	21	393	373	2.1	39.2
Query_28665	XM_003893291.3	100.000	21	0	0	1	21	414	394	2.1	39.2
Query_28665	XM_012744454.2	100.000	21	0	0	1	21	454	434	2.1	39.2
Query_28665	LT735351.1	100.000	21	0	0	1	21	722	702	2.1	39.2
Query_28665	XM_004028164.2	100.000	21	0	0	1	21	370	350	2.1	39.2
Query_28665	XM_009189991.2	100.000	21	0	0	1	21	369	349	2.1	39.2
Query_28665	XM_017896496.1	100.000	21	0	0	1	21	370	350	2.1	39.2
Query_28665	XM_017896495.1	100.000	21	0	0	1	21	412	392	2.1	39.2
Query_28665	XM_017896494.1	100.000	21	0	0	1	21	412	392	2.1	39.2
Query_28665	XM_017896493.1	100.000	21	0	0	1	21	412	392	2.1	39.2
Query_28665	XM_017896491.1	100.000	21	0	0	1	21	243	223	2.1	39.2
Query_28665	XR_001890023.1	100.000	21	0	0	1	21	412	392	2.1	39.2
Query_28665	XM_017896490.1	100.000	21	0	0	1	21	533	513	2.1	39.2
Query_28665	XM_017896489.1	100.000	21	0	0	1	21	412	392	2.1	39.2
Query_28665	XM_016001014.1	100.000	21	0	0	1	21	603	583	2.1	39.2
Query_28665	XM_006982453.2	100.000	21	0	0	1	21	598	578	2.1	39.2
Query_28665	XM_015448187.1	100.000	21	0	0	1	21	369	349	2.1	39.2
Query_28665	XM_015448182.1	100.000	21	0	0	1	21	406	386	2.1	39.2
Query_28665	XM_015448175.1	100.000	21	0	0	1	21	406	386	2.1	39.2
Query_28665	XM_005540454.2	100.000	21	0	0	1	21	406	386	2.1	39.2
Query_28665	XM_005540453.2	100.000	21	0	0	1	21	340	320	2.1	39.2
Query_28665	XM_005540452.2	100.000	21	0	0	1	21	736	716	2.1	39.2
Query_28665	XM_005540451.2	100.000	21	0	0	1	21	602	582	2.1	39.2
Query_28665	XM_005540450.2	100.000	21	0	0	1	21	406	386	2.1	39.2
Query_28665	XM_005995445.2	100.000	21	0	0	1	21	509	489	2.1	39.2
Query_28665	NG_042230.1	100.000	21	0	0	1	21	13467	13447	2.1	39.2
Query_28665	XM_003792267.2	100.000	21	0	0	1	21	283	263	2.1	39.2
Query_28665	XM_012655909.1	100.000	21	0	0	1	21	235	215	2.1	39.2
Query_28665	XM_012459475.1	100.000	21	0	0	1	21	381	361	2.1	39.2
Query_28665	XM_012459474.1	100.000	21	0	0	1	21	381	361	2.1	39.2
Query_28665	XM_011931764.1	100.000	21	0	0	1	21	370	350	2.1	39.2
Query_28665	XM_011746661.1	100.000	21	0	0	1	21	394	374	2.1	39.2
Query_28665	XM_012037510.1	100.000	21	0	0	1	21	328	308	2.1	39.2
Query_28665	XM_012037503.1	100.000	21	0	0	1	21	312	292	2.1	39.2
Query_28665	XM_012037497.1	100.000	21	0	0	1	21	496	476	2.1	39.2
Query_28665	XM_012037489.1	100.000	21	0	0	1	21	765	745	2.1	39.2
Query_28665	XM_012037480.1	100.000	21	0	0	1	21	378	358	2.1	39.2
Query_28665	XM_012037472.1	100.000	21	0	0	1	21	378	358	2.1	39.2
Query_28665	XM_011990525.1	100.000	21	0	0	1	21	333	313	2.1	39.2
Query_28665	XM_011990523.1	100.000	21	0	0	1	21	370	350	2.1	39.2
Query_28665	XM_007988939.2	100.000	21	0	0	1	21	340	320	2.1	39.2
Query_28665	XM_037985742.1	100.000	21	0	0	1	21	690	670	2.1	39.2
Query_28665	XM_007988937.2	100.000	21	0	0	1	21	406	386	2.1	39.2
Query_28665	XM_007988936.2	100.000	21	0	0	1	21	405	385	2.1	39.2
Query_28665	XM_017520112.2	100.000	21	0	0	1	21	361	341	2.1	39.2
Query_28665	XM_037727245.1	100.000	21	0	0	1	21	330	310	2.1	39.2
Query_28665	XM_037497555.1	100.000	21	0	0	1	21	337	317	2.1	39.2
Query_28665	XM_037497554.1	100.000	21	0	0	1	21	337	317	2.1	39.2
Query_28665	XM_037497553.1	100.000	21	0	0	1	21	462	442	2.1	39.2
Query_28665	XM_037497552.1	100.000	21	0	0	1	21	337	317	2.1	39.2
Query_28665	XM_037211392.1	100.000	21	0	0	1	21	235	215	2.1	39.2
Query_28665	XM_028876635.2	100.000	21	0	0	1	21	614	594	2.1	39.2
Query_28665	AP023111.1	100.000	21	0	0	1	21	127635	127655	2.1	39.2
Query_28665	LR877217.1	100.000	21	0	0	1	21	34291998	34291978	2.1	39.2
Query_28665	NM_001310326.2	100.000	21	0	0	1	21	345	325	2.1	39.2
Query_28665	XM_035280890.1	100.000	21	0	0	1	21	697	677	2.1	39.2
Query_28665	XM_035280892.1	100.000	21	0	0	1	21	411	391	2.1	39.2
Query_28665	XM_002760652.4	100.000	21	0	0	1	21	388	368	2.1	39.2


