# blastn
# Iteration: 0
# Query: 
# RID: 7J4CYG3B01R
# Database: nt
# Fields: query acc.ver, subject acc.ver, % identity, alignment length, mismatches, gap opens, q. start, q. end, s. start, s. end, evalue, bit score
# 100 hits found
Query_201639	XM_034986442.1	100.000	21	0	0	1	21	783	763	2.1	39.2
Query_201639	XM_034945734.1	100.000	21	0	0	1	21	706	686	2.1	39.2
Query_201639	AP023166.1	100.000	21	0	0	1	21	5447927	5447947	2.1	39.2
Query_201639	XM_011234637.3	100.000	21	0	0	1	21	434	414	2.1	39.2
Query_201639	XM_033224775.1	100.000	21	0	0	1	21	1051	1031	2.1	39.2
Query_201639	XM_033127806.1	100.000	21	0	0	1	21	986	966	2.1	39.2
Query_201639	XM_032847714.1	100.000	21	0	0	1	21	529	509	2.1	39.2
Query_201639	XM_032388640.1	100.000	21	0	0	1	21	1124	1104	2.1	39.2
Query_201639	XM_032324808.1	100.000	21	0	0	1	21	935	915	2.1	39.2
Query_201639	XM_032263313.1	100.000	21	0	0	1	21	1040	1020	2.1	39.2
Query_201639	XM_032171460.1	100.000	21	0	0	1	21	766	746	2.1	39.2
Query_201639	LR738419.1	100.000	21	0	0	1	21	60206285	60206305	2.1	39.2
Query_201639	XM_023197562.3	100.000	21	0	0	1	21	1047	1027	2.1	39.2
Query_201639	NM_001194143.2	100.000	21	0	0	1	21	1129	1109	2.1	39.2
Query_201639	XM_031659367.1	100.000	21	0	0	1	21	1120	1100	2.1	39.2
Query_201639	XM_031385385.1	100.000	21	0	0	1	21	650	630	2.1	39.2
Query_201639	XM_031385384.1	100.000	21	0	0	1	21	960	940	2.1	39.2
Query_201639	XM_006747778.2	100.000	21	0	0	1	21	1024	1004	2.1	39.2
Query_201639	XM_004061618.3	100.000	21	0	0	1	21	1058	1038	2.1	39.2
Query_201639	XM_010361181.2	100.000	21	0	0	1	21	1025	1005	2.1	39.2
Query_201639	XM_030819428.1	100.000	21	0	0	1	21	1354	1334	2.1	39.2
Query_201639	XM_030297580.1	100.000	21	0	0	1	21	541	521	2.1	39.2
Query_201639	XM_029926448.1	100.000	21	0	0	1	21	519	499	2.1	39.2
Query_201639	XM_021219106.2	100.000	21	0	0	1	21	723	703	2.1	39.2
Query_201639	XM_021165994.2	100.000	21	0	0	1	21	727	707	2.1	39.2
Query_201639	NM_003969.4	100.000	21	0	0	1	21	709	689	2.1	39.2
Query_201639	XM_027037588.1	100.000	21	0	0	1	21	569	549	2.1	39.2
Query_201639	XM_013351477.2	100.000	21	0	0	1	21	678	658	2.1	39.2
Query_201639	XM_026489448.1	100.000	21	0	0	1	21	536	516	2.1	39.2
Query_201639	XM_026379772.1	100.000	21	0	0	1	21	1061	1041	2.1	39.2
Query_201639	XM_028093366.1	100.000	21	0	0	1	21	738	718	2.1	39.2
Query_201639	XM_027921197.1	100.000	21	0	0	1	21	1072	1052	2.1	39.2
Query_201639	XM_006166716.3	100.000	21	0	0	1	21	379	359	2.1	39.2
Query_201639	CP034522.1	100.000	21	0	0	1	21	59007529	59007549	2.1	39.2
Query_201639	CP034497.1	100.000	21	0	0	1	21	59007529	59007549	2.1	39.2
Query_201639	XM_027619724.1	100.000	21	0	0	1	21	738	718	2.1	39.2
Query_201639	XM_025984386.1	100.000	21	0	0	1	21	256	236	2.1	39.2
Query_201639	XM_025984385.1	100.000	21	0	0	1	21	483	463	2.1	39.2
Query_201639	XM_025849383.1	100.000	21	0	0	1	21	738	718	2.1	39.2
Query_201639	XM_025848705.1	100.000	21	0	0	1	21	738	718	2.1	39.2
Query_201639	XM_025367066.1	100.000	21	0	0	1	21	1321	1301	2.1	39.2
Query_201639	XM_025367065.1	100.000	21	0	0	1	21	1406	1386	2.1	39.2
Query_201639	XM_011751675.2	100.000	21	0	0	1	21	1130	1110	2.1	39.2
Query_201639	XM_024570231.1	100.000	21	0	0	1	21	524	504	2.1	39.2
Query_201639	XM_016937020.2	100.000	21	0	0	1	21	1164	1144	2.1	39.2
Query_201639	XM_024237018.1	100.000	21	0	0	1	21	1074	1054	2.1	39.2
Query_201639	XM_001495644.6	100.000	21	0	0	1	21	1056	1036	2.1	39.2
Query_201639	XM_011384637.2	100.000	21	0	0	1	21	1043	1023	2.1	39.2
Query_201639	XM_023245780.1	100.000	21	0	0	1	21	560	540	2.1	39.2
Query_201639	XM_022492304.1	100.000	21	0	0	1	21	738	718	2.1	39.2
Query_201639	XM_022492267.1	100.000	21	0	0	1	21	577	557	2.1	39.2
Query_201639	XM_021708408.1	100.000	21	0	0	1	21	776	756	2.1	39.2
Query_201639	XM_012473155.2	100.000	21	0	0	1	21	1089	1069	2.1	39.2
Query_201639	XM_021691852.1	100.000	21	0	0	1	21	1082	1062	2.1	39.2
Query_201639	XM_021691850.1	100.000	21	0	0	1	21	1081	1061	2.1	39.2
Query_201639	XM_021659849.1	100.000	21	0	0	1	21	730	710	2.1	39.2
Query_201639	XM_021246106.1	100.000	21	0	0	1	21	494	474	2.1	39.2
Query_201639	XM_004866522.3	100.000	21	0	0	1	21	1067	1047	2.1	39.2
Query_201639	LT735850.1	100.000	21	0	0	1	21	966	946	2.1	39.2
Query_201639	XM_020158677.1	100.000	21	0	0	1	21	1675	1655	2.1	39.2
Query_201639	XM_019438696.1	100.000	21	0	0	1	21	982	962	2.1	39.2
Query_201639	XM_019438694.1	100.000	21	0	0	1	21	982	962	2.1	39.2
Query_201639	XM_017850506.1	100.000	21	0	0	1	21	1059	1039	2.1	39.2
Query_201639	XM_002721900.3	100.000	21	0	0	1	21	1012	992	2.1	39.2
Query_201639	XM_007539011.2	100.000	21	0	0	1	21	570	550	2.1	39.2
Query_201639	XM_006997194.2	100.000	21	0	0	1	21	479	459	2.1	39.2
Query_201639	XM_015505554.1	100.000	21	0	0	1	21	1197	1177	2.1	39.2
Query_201639	XM_014865552.1	100.000	21	0	0	1	21	740	720	2.1	39.2
Query_201639	XM_004439134.2	100.000	21	0	0	1	21	521	501	2.1	39.2
Query_201639	XM_005414400.2	100.000	21	0	0	1	21	1217	1197	2.1	39.2
Query_201639	XM_005342406.2	100.000	21	0	0	1	21	1065	1045	2.1	39.2
Query_201639	XM_004780509.2	100.000	21	0	0	1	21	1124	1104	2.1	39.2
Query_201639	XM_004672888.2	100.000	21	0	0	1	21	508	488	2.1	39.2
Query_201639	XM_004596908.2	100.000	21	0	0	1	21	726	706	2.1	39.2
Query_201639	XM_003795336.2	100.000	21	0	0	1	21	1059	1039	2.1	39.2
Query_201639	XM_012076338.1	100.000	21	0	0	1	21	1322	1302	2.1	39.2
Query_201639	XR_001004754.1	100.000	21	0	0	1	21	512	492	2.1	39.2
Query_201639	XM_040465311.1	100.000	21	0	0	1	21	562	542	2.1	39.2
Query_201639	XM_040290859.1	100.000	21	0	0	1	21	502	482	2.1	39.2
Query_201639	XM_039868785.1	100.000	21	0	0	1	21	1039	1019	2.1	39.2
Query_201639	XM_039466383.1	100.000	21	0	0	1	21	1316	1296	2.1	39.2
Query_201639	XM_039225255.1	100.000	21	0	0	1	21	1029	1009	2.1	39.2
Query_201639	CP068259.1	100.000	21	0	0	1	21	61653836	61653856	2.1	39.2
Query_201639	XM_038655543.1	100.000	21	0	0	1	21	1024	1004	2.1	39.2
Query_201639	XM_541337.6	100.000	21	0	0	1	21	1024	1004	2.1	39.2
Query_201639	XM_038338840.1	100.000	21	0	0	1	21	1043	1023	2.1	39.2
Query_201639	XM_007998466.2	100.000	21	0	0	1	21	1233	1213	2.1	39.2
Query_201639	XM_017509655.2	100.000	21	0	0	1	21	971	951	2.1	39.2
Query_201639	XM_028884903.2	100.000	21	0	0	1	21	728	708	2.1	39.2
Query_201639	XM_037148485.1	100.000	21	0	0	1	21	657	637	2.1	39.2
Query_201639	XM_016125757.2	100.000	21	0	0	1	21	714	694	2.1	39.2
Query_201639	AP023479.1	100.000	21	0	0	1	21	59038969	59038989	2.1	39.2
Query_201639	XM_036168406.1	100.000	21	0	0	1	21	753	733	2.1	39.2
Query_201639	XM_036079788.1	100.000	21	0	0	1	21	738	718	2.1	39.2
Query_201639	XM_028530497.2	100.000	21	0	0	1	21	621	601	2.1	39.2
Query_201639	LR877230.1	100.000	21	0	0	1	21	10540008	10539988	2.1	39.2
Query_201639	XM_025421358.2	100.000	21	0	0	1	21	552	532	2.1	39.2
Query_201639	XM_035449239.1	100.000	21	0	0	1	21	416	396	2.1	39.2
Query_201639	XM_027431227.2	100.000	21	0	0	1	21	542	522	2.1	39.2
Query_201639	XM_017967523.2	100.000	21	0	0	1	21	1312	1292	2.1	39.2


