# blastn
# Iteration: 0
# Query: 
# RID: 9PV5T2J601N
# Database: nt
# Fields: query acc.ver, subject acc.ver, % identity, alignment length, mismatches, gap opens, q. start, q. end, s. start, s. end, evalue, bit score
# 100 hits found
Query_538775	XM_041464358.1	100.000	21	0	0	1	21	310	290	2.1	39.2
Query_538775	XM_041464357.1	100.000	21	0	0	1	21	203	183	2.1	39.2
Query_538775	XM_041464356.1	100.000	21	0	0	1	21	410	390	2.1	39.2
Query_538775	XR_005954858.1	100.000	21	0	0	1	21	485	465	2.1	39.2
Query_538775	XM_041464355.1	100.000	21	0	0	1	21	474	454	2.1	39.2
Query_538775	XM_041412543.1	100.000	21	0	0	1	21	128	108	2.1	39.2
Query_538775	XM_041412542.1	100.000	21	0	0	1	21	295	275	2.1	39.2
Query_538775	XM_041412540.1	100.000	21	0	0	1	21	981	961	2.1	39.2
Query_538775	XM_041412539.1	100.000	21	0	0	1	21	310	290	2.1	39.2
Query_538775	XM_041190150.1	100.000	21	0	0	1	21	142	122	2.1	39.2
Query_538775	XR_003923015.2	100.000	21	0	0	1	21	216	196	2.1	39.2
Query_538775	XM_030011773.2	100.000	21	0	0	1	21	216	196	2.1	39.2
Query_538775	XM_029146212.2	100.000	21	0	0	1	21	191	171	2.1	39.2
Query_538775	XM_041066147.1	100.000	21	0	0	1	21	147	127	2.1	39.2
Query_538775	XR_005885303.1	100.000	21	0	0	1	21	148	128	2.1	39.2
Query_538775	XM_040994300.1	100.000	21	0	0	1	21	206	186	2.1	39.2
Query_538775	XM_040994291.1	100.000	21	0	0	1	21	172	152	2.1	39.2
Query_538775	XM_040741411.1	100.000	21	0	0	1	21	229	209	2.1	39.2
Query_538775	XR_001465440.3	100.000	21	0	0	1	21	261	241	2.1	39.2
Query_538775	XR_001465439.3	100.000	21	0	0	1	21	417	397	2.1	39.2
Query_538775	XM_015282784.3	100.000	21	0	0	1	21	417	397	2.1	39.2
Query_538775	XM_008710808.2	100.000	21	0	0	1	21	252	232	2.1	39.2
Query_538775	XM_008710807.2	100.000	21	0	0	1	21	251	231	2.1	39.2
Query_538775	XM_040625540.1	100.000	21	0	0	1	21	253	233	2.1	39.2
Query_538775	XR_005833614.1	100.000	21	0	0	1	21	253	233	2.1	39.2
Query_538775	XM_040625539.1	100.000	21	0	0	1	21	253	233	2.1	39.2
Query_538775	XM_040585629.1	100.000	21	0	0	1	21	252	232	2.1	39.2
Query_538775	XM_040585628.1	100.000	21	0	0	1	21	415	395	2.1	39.2
Query_538775	XR_005826679.1	100.000	21	0	0	1	21	238	218	2.1	39.2
Query_538775	XM_040585626.1	100.000	21	0	0	1	21	238	218	2.1	39.2
Query_538775	XM_040546030.1	100.000	21	0	0	1	21	228	208	2.1	39.2
Query_538775	XM_040487575.1	100.000	21	0	0	1	21	210	190	2.1	39.2
Query_538775	XM_040293935.1	100.000	21	0	0	1	21	189	169	2.1	39.2
Query_538775	XM_005335831.3	100.000	21	0	0	1	21	217	197	2.1	39.2
Query_538775	XM_040262050.1	100.000	21	0	0	1	21	210	190	2.1	39.2
Query_538775	XM_040127255.1	100.000	21	0	0	1	21	335	315	2.1	39.2
Query_538775	XM_040127254.1	100.000	21	0	0	1	21	200	180	2.1	39.2
Query_538775	XM_040127253.1	100.000	21	0	0	1	21	199	179	2.1	39.2
Query_538775	XR_005701571.1	100.000	21	0	0	1	21	168	148	2.1	39.2
Query_538775	XM_040068808.1	100.000	21	0	0	1	21	197	177	2.1	39.2
Query_538775	XM_040068806.1	100.000	21	0	0	1	21	167	147	2.1	39.2
Query_538775	XM_039841888.1	100.000	21	0	0	1	21	228	208	2.1	39.2
Query_538775	XM_039841887.1	100.000	21	0	0	1	21	229	209	2.1	39.2
Query_538775	XM_039841886.1	100.000	21	0	0	1	21	301	281	2.1	39.2
Query_538775	XM_039841885.1	100.000	21	0	0	1	21	383	363	2.1	39.2
Query_538775	XM_039841884.1	100.000	21	0	0	1	21	339	319	2.1	39.2
Query_538775	XM_039841883.1	100.000	21	0	0	1	21	241	221	2.1	39.2
Query_538775	XM_039841882.1	100.000	21	0	0	1	21	229	209	2.1	39.2
Query_538775	XR_005626829.1	100.000	21	0	0	1	21	174	154	2.1	39.2
Query_538775	XM_039702821.1	100.000	21	0	0	1	21	174	154	2.1	39.2
Query_538775	XR_005626828.1	100.000	21	0	0	1	21	174	154	2.1	39.2
Query_538775	XR_005626827.1	100.000	21	0	0	1	21	174	154	2.1	39.2
Query_538775	XM_039702820.1	100.000	21	0	0	1	21	173	153	2.1	39.2
Query_538775	XM_039702819.1	100.000	21	0	0	1	21	530	510	2.1	39.2
Query_538775	XM_039702818.1	100.000	21	0	0	1	21	131	111	2.1	39.2
Query_538775	XM_039702817.1	100.000	21	0	0	1	21	174	154	2.1	39.2
Query_538775	XM_039571522.1	100.000	21	0	0	1	21	203	183	2.1	39.2
Query_538775	XM_039571520.1	100.000	21	0	0	1	21	150	130	2.1	39.2
Query_538775	XM_039571516.1	100.000	21	0	0	1	21	153	133	2.1	39.2
Query_538775	XM_003940686.2	100.000	21	0	0	1	21	211	191	2.1	39.2
Query_538775	XM_039379837.1	100.000	21	0	0	1	21	161	141	2.1	39.2
Query_538775	XM_039379836.1	100.000	21	0	0	1	21	193	173	2.1	39.2
Query_538775	XM_039379835.1	100.000	21	0	0	1	21	208	188	2.1	39.2
Query_538775	XM_027722050.2	100.000	21	0	0	1	21	208	188	2.1	39.2
Query_538775	XM_039238384.1	100.000	21	0	0	1	21	126	106	2.1	39.2
Query_538775	XM_039238383.1	100.000	21	0	0	1	21	210	190	2.1	39.2
Query_538775	XR_005462119.1	100.000	21	0	0	1	21	194	174	2.1	39.2
Query_538775	XR_005462118.1	100.000	21	0	0	1	21	194	174	2.1	39.2
Query_538775	XM_038809626.1	100.000	21	0	0	1	21	247	227	2.1	39.2
Query_538775	XM_038809625.1	100.000	21	0	0	1	21	194	174	2.1	39.2
Query_538775	XM_038809624.1	100.000	21	0	0	1	21	194	174	2.1	39.2
Query_538775	XM_038809623.1	100.000	21	0	0	1	21	194	174	2.1	39.2
Query_538775	XM_038809622.1	100.000	21	0	0	1	21	194	174	2.1	39.2
Query_538775	XM_038727249.1	100.000	21	0	0	1	21	216	196	2.1	39.2
Query_538775	XM_027452359.2	100.000	21	0	0	1	21	248	228	2.1	39.2
Query_538775	XR_005255694.1	100.000	21	0	0	1	21	176	156	2.1	39.2
Query_538775	XM_038126984.1	100.000	21	0	0	1	21	52	32	2.1	39.2
Query_538775	XM_038126983.1	100.000	21	0	0	1	21	176	156	2.1	39.2
Query_538775	XM_038126982.1	100.000	21	0	0	1	21	138	118	2.1	39.2
Query_538775	XM_038126981.1	100.000	21	0	0	1	21	177	157	2.1	39.2
Query_538775	XM_008000897.2	100.000	21	0	0	1	21	258	238	2.1	39.2
Query_538775	XM_038000381.1	100.000	21	0	0	1	21	309	289	2.1	39.2
Query_538775	XM_008000899.2	100.000	21	0	0	1	21	231	211	2.1	39.2
Query_538775	XM_037735437.1	100.000	21	0	0	1	21	164	144	2.1	39.2
Query_538775	XM_017520170.2	100.000	21	0	0	1	21	204	184	2.1	39.2
Query_538775	XM_017520171.2	100.000	21	0	0	1	21	211	191	2.1	39.2
Query_538775	XM_017696215.2	100.000	21	0	0	1	21	163	143	2.1	39.2
Query_538775	XM_037505287.1	100.000	21	0	0	1	21	492	472	2.1	39.2
Query_538775	XM_037505278.1	100.000	21	0	0	1	21	224	204	2.1	39.2
Query_538775	XM_037505272.1	100.000	21	0	0	1	21	211	191	2.1	39.2
Query_538775	XM_037379052.1	100.000	21	0	0	1	21	254	234	2.1	39.2
Query_538775	XM_037379051.1	100.000	21	0	0	1	21	414	394	2.1	39.2
Query_538775	XR_005102966.1	100.000	21	0	0	1	21	238	218	2.1	39.2
Query_538775	XM_037379050.1	100.000	21	0	0	1	21	238	218	2.1	39.2
Query_538775	XM_037150958.1	100.000	21	0	0	1	21	197	177	2.1	39.2
Query_538775	XM_037150957.1	100.000	21	0	0	1	21	197	177	2.1	39.2
Query_538775	XM_037150956.1	100.000	21	0	0	1	21	197	177	2.1	39.2
Query_538775	XM_037150954.1	100.000	21	0	0	1	21	366	346	2.1	39.2
Query_538775	XM_037150953.1	100.000	21	0	0	1	21	1046	1026	2.1	39.2
Query_538775	XM_037150952.1	100.000	21	0	0	1	21	230	210	2.1	39.2


