# blastn
# Iteration: 0
# Query: 
# RID: 9R2VYUU7013
# Database: nt
# Fields: query acc.ver, subject acc.ver, % identity, alignment length, mismatches, gap opens, q. start, q. end, s. start, s. end, evalue, bit score
# 75 hits found
Query_1791	XM_032913110.1	100.000	21	0	0	1	21	1389	1369	2.1	39.2
Query_1791	XM_032913109.1	100.000	21	0	0	1	21	1252	1232	2.1	39.2
Query_1791	XM_031351268.1	100.000	21	0	0	1	21	1469	1449	2.1	39.2
Query_1791	XM_031351267.1	100.000	21	0	0	1	21	1255	1235	2.1	39.2
Query_1791	XM_031351266.1	100.000	21	0	0	1	21	2381	2361	2.1	39.2
Query_1791	XM_031351265.1	100.000	21	0	0	1	21	1292	1272	2.1	39.2
Query_1791	XM_031351263.1	100.000	21	0	0	1	21	1108	1088	2.1	39.2
Query_1791	XM_031351262.1	100.000	21	0	0	1	21	1427	1407	2.1	39.2
Query_1791	XM_030245499.1	100.000	21	0	0	1	21	1133	1113	2.1	39.2
Query_1791	XM_008845285.3	100.000	21	0	0	1	21	1278	1258	2.1	39.2
Query_1791	XM_008845284.3	100.000	21	0	0	1	21	1410	1390	2.1	39.2
Query_1791	XM_029484033.1	100.000	21	0	0	1	21	1263	1243	2.1	39.2
Query_1791	XM_021175437.2	100.000	21	0	0	1	21	1263	1243	2.1	39.2
Query_1791	XM_021175436.2	100.000	21	0	0	1	21	1398	1378	2.1	39.2
Query_1791	XM_028755045.1	100.000	21	0	0	1	21	1269	1249	2.1	39.2
Query_1791	XM_021646856.1	100.000	21	0	0	1	21	1293	1273	2.1	39.2
Query_1791	XM_021646855.1	100.000	21	0	0	1	21	1403	1383	2.1	39.2
Query_1791	XM_021214131.1	100.000	21	0	0	1	21	1268	1248	2.1	39.2
Query_1791	XM_021214130.1	100.000	21	0	0	1	21	1403	1383	2.1	39.2
Query_1791	XM_006971855.2	100.000	21	0	0	1	21	1130	1110	2.1	39.2
Query_1791	XM_016007344.1	100.000	21	0	0	1	21	1134	1114	2.1	39.2
Query_1791	XM_016007343.1	100.000	21	0	0	1	21	1263	1243	2.1	39.2
Query_1791	XM_016007339.1	100.000	21	0	0	1	21	1153	1133	2.1	39.2
Query_1791	XM_006971854.2	100.000	21	0	0	1	21	1398	1378	2.1	39.2
Query_1791	XM_012948048.1	100.000	21	0	0	1	21	1184	1164	2.1	39.2
Query_1791	XM_004655484.2	100.000	21	0	0	1	21	1138	1118	2.1	39.2
Query_1791	XM_012948047.1	100.000	21	0	0	1	21	1273	1253	2.1	39.2
Query_1791	XM_012948046.1	100.000	21	0	0	1	21	1202	1182	2.1	39.2
Query_1791	NM_031173.4	100.000	21	0	0	1	21	1406	1386	2.1	39.2
Query_1791	NM_001282977.1	100.000	21	0	0	1	21	1406	1386	2.1	39.2
Query_1791	NM_001159319.2	100.000	21	0	0	1	21	1271	1251	2.1	39.2
Query_1791	NM_145121.3	100.000	21	0	0	1	21	1271	1251	2.1	39.2
Query_1791	NM_001159320.2	100.000	21	0	0	1	21	1133	1113	2.1	39.2
Query_1791	NM_001282978.1	100.000	21	0	0	1	21	1247	1227	2.1	39.2
Query_1791	XM_004655483.1	100.000	21	0	0	1	21	1408	1388	2.1	39.2
Query_1791	XM_004655481.1	100.000	21	0	0	1	21	1343	1323	2.1	39.2
Query_1791	XM_021230569.2	100.000	21	0	0	1	21	1360	1340	2.1	39.2
Query_1791	XM_021230568.2	100.000	21	0	0	1	21	1394	1374	2.1	39.2
Query_1791	XM_005075918.3	100.000	21	0	0	1	21	1256	1236	2.1	39.2
Query_1791	XM_005075917.4	100.000	21	0	0	1	21	1392	1372	2.1	39.2
Query_1791	NM_017346.2	100.000	21	0	0	1	21	1261	1241	2.1	39.2
Query_1791	XM_039086662.1	100.000	21	0	0	1	21	485	465	2.1	39.2
Query_1791	XM_006247411.4	100.000	21	0	0	1	21	1189	1169	2.1	39.2
Query_1791	XM_006247410.3	100.000	21	0	0	1	21	1190	1170	2.1	39.2
Query_1791	XM_006247409.4	100.000	21	0	0	1	21	1411	1391	2.1	39.2
Query_1791	XM_038325355.1	100.000	21	0	0	1	21	1342	1322	2.1	39.2
Query_1791	XM_037200617.1	100.000	21	0	0	1	21	1567	1547	2.1	39.2
Query_1791	XM_037200616.1	100.000	21	0	0	1	21	1571	1551	2.1	39.2
Query_1791	XM_028889454.2	100.000	21	0	0	1	21	1266	1246	2.1	39.2
Query_1791	XM_037200615.1	100.000	21	0	0	1	21	1635	1615	2.1	39.2
Query_1791	XM_028889457.2	100.000	21	0	0	1	21	1402	1382	2.1	39.2
Query_1791	AB685743.1	100.000	21	0	0	1	21	1390	1370	2.1	39.2
Query_1791	JN960751.1	100.000	21	0	0	1	21	28978	28958	2.1	39.2
Query_1791	XM_036195897.1	100.000	21	0	0	1	21	1397	1377	2.1	39.2
Query_1791	XM_036195896.1	100.000	21	0	0	1	21	1529	1509	2.1	39.2
Query_1791	XM_036195895.1	100.000	21	0	0	1	21	1262	1242	2.1	39.2
Query_1791	XM_030245500.2	100.000	21	0	0	1	21	1257	1237	2.1	39.2
Query_1791	XM_036156255.1	100.000	21	0	0	1	21	2434	2414	2.1	39.2
Query_1791	XM_006532092.4	100.000	21	0	0	1	21	1132	1112	2.1	39.2
Query_1791	XM_006532091.4	100.000	21	0	0	1	21	1267	1247	2.1	39.2
Query_1791	LR877227.1	100.000	21	0	0	1	21	24404378	24404398	2.1	39.2
Query_1791	XM_035447990.1	100.000	21	0	0	1	21	1045	1025	2.1	39.2
Query_1791	XM_035447989.1	100.000	21	0	0	1	21	1063	1043	2.1	39.2
Query_1791	XM_027424056.2	100.000	21	0	0	1	21	1069	1049	2.1	39.2
Query_1791	XM_027424057.2	100.000	21	0	0	1	21	1204	1184	2.1	39.2
Query_1791	XM_035453992.1	100.000	21	0	0	1	21	1063	1043	2.1	39.2
Query_1791	BC077713.1	100.000	21	0	0	1	21	1243	1223	2.1	39.2
Query_1791	AK155193.1	100.000	21	0	0	1	21	1407	1387	2.1	39.2
Query_1791	AB100389.2	100.000	21	0	0	1	21	4213	4193	2.1	39.2
Query_1791	AK036404.1	100.000	21	0	0	1	21	1133	1113	2.1	39.2
Query_1791	AY094173.1	100.000	21	0	0	1	21	1069	1049	2.1	39.2
Query_1791	AY094172.1	100.000	21	0	0	1	21	1069	1049	2.1	39.2
Query_1791	AF322905.1	100.000	21	0	0	1	21	1410	1390	2.1	39.2
Query_1791	X61394.1	100.000	21	0	0	1	21	1132	1112	2.1	39.2
Query_1791	AL591209.17	100.000	21	0	0	1	21	86486	86506	2.1	39.2


