# blastn
# Iteration: 0
# Query: 
# RID: 6X7E4PTA013
# Database: nt
# Fields: query acc.ver, subject acc.ver, % identity, alignment length, mismatches, gap opens, q. start, q. end, s. start, s. end, evalue, bit score
# 101 hits found
Query_51347	LR812125.1	100.000	21	0	0	1	21	7182396	7182416	2.1	39.2
Query_51347	XM_034941314.1	100.000	21	0	0	1	21	821	801	2.1	39.2
Query_51347	XM_034068831.1	100.000	21	0	0	1	21	417	397	2.1	39.2
Query_51347	XM_034068830.1	100.000	21	0	0	1	21	695	675	2.1	39.2
Query_51347	XM_033764015.1	100.000	21	0	0	1	21	465	445	2.1	39.2
Query_51347	XM_015646847.3	100.000	21	0	0	1	21	717	697	2.1	39.2
Query_51347	XR_004430887.1	100.000	21	0	0	1	21	552	532	2.1	39.2
Query_51347	XR_004430886.1	100.000	21	0	0	1	21	805	785	2.1	39.2
Query_51347	XR_004430885.1	100.000	21	0	0	1	21	775	755	2.1	39.2
Query_51347	XR_004430884.1	100.000	21	0	0	1	21	681	661	2.1	39.2
Query_51347	XR_004430883.1	100.000	21	0	0	1	21	652	632	2.1	39.2
Query_51347	XM_033185036.1	100.000	21	0	0	1	21	836	816	2.1	39.2
Query_51347	XM_033078219.1	100.000	21	0	0	1	21	716	696	2.1	39.2
Query_51347	XM_033078218.1	100.000	21	0	0	1	21	716	696	2.1	39.2
Query_51347	XM_032993718.1	100.000	21	0	0	1	21	573	553	2.1	39.2
Query_51347	XM_030287854.2	100.000	21	0	0	1	21	732	712	2.1	39.2
Query_51347	XR_003963280.2	100.000	21	0	0	1	21	588	568	2.1	39.2
Query_51347	XM_012568622.3	100.000	21	0	0	1	21	588	568	2.1	39.2
Query_51347	XM_032707708.1	100.000	21	0	0	1	21	714	694	2.1	39.2
Query_51347	XR_004360506.1	100.000	21	0	0	1	21	566	546	2.1	39.2
Query_51347	XR_004266997.1	100.000	21	0	0	1	21	203	183	2.1	39.2
Query_51347	XR_004262992.1	100.000	21	0	0	1	21	481	461	2.1	39.2
Query_51347	XM_032200867.1	100.000	21	0	0	1	21	370	350	2.1	39.2
Query_51347	XM_032200866.1	100.000	21	0	0	1	21	669	649	2.1	39.2
Query_51347	XM_032138345.1	100.000	21	0	0	1	21	839	819	2.1	39.2
Query_51347	XM_032130035.1	100.000	21	0	0	1	21	417	397	2.1	39.2
Query_51347	XR_004243981.1	100.000	21	0	0	1	21	726	706	2.1	39.2
Query_51347	XM_032130034.1	100.000	21	0	0	1	21	724	704	2.1	39.2
Query_51347	XM_023184506.2	100.000	21	0	0	1	21	827	807	2.1	39.2
Query_51347	LR738541.1	100.000	21	0	0	1	21	27241395	27241415	2.1	39.2
Query_51347	XR_004179314.1	100.000	21	0	0	1	21	1160	1140	2.1	39.2
Query_51347	XR_004179313.1	100.000	21	0	0	1	21	552	532	2.1	39.2
Query_51347	XM_003912123.3	100.000	21	0	0	1	21	830	810	2.1	39.2
Query_51347	XM_017950278.3	100.000	21	0	0	1	21	668	648	2.1	39.2
Query_51347	XR_004166713.1	100.000	21	0	0	1	21	779	759	2.1	39.2
Query_51347	XM_031591883.1	100.000	21	0	0	1	21	779	759	2.1	39.2
Query_51347	XM_031506422.1	100.000	21	0	0	1	21	598	578	2.1	39.2
Query_51347	XM_021550887.2	100.000	21	0	0	1	21	724	704	2.1	39.2
Query_51347	XM_031063790.1	100.000	21	0	0	1	21	450	430	2.1	39.2
Query_51347	XM_004058312.3	100.000	21	0	0	1	21	830	810	2.1	39.2
Query_51347	XM_030962634.1	100.000	21	0	0	1	21	723	703	2.1	39.2
Query_51347	XM_010382186.2	100.000	21	0	0	1	21	830	810	2.1	39.2
Query_51347	XM_030800357.1	100.000	21	0	0	1	21	830	810	2.1	39.2
Query_51347	XM_030462170.1	100.000	21	0	0	1	21	415	395	2.1	39.2
Query_51347	XM_030462169.1	100.000	21	0	0	1	21	680	660	2.1	39.2
Query_51347	XM_030231782.1	100.000	21	0	0	1	21	725	705	2.1	39.2
Query_51347	XM_030028124.1	100.000	21	0	0	1	21	789	769	2.1	39.2
Query_51347	XM_018076517.2	100.000	21	0	0	1	21	522	502	2.1	39.2
Query_51347	LR606190.1	100.000	21	0	0	1	21	34628610	34628590	2.1	39.2
Query_51347	XM_010165251.2	100.000	21	0	0	1	21	313	293	2.1	39.2
Query_51347	XR_001440232.2	100.000	21	0	0	1	21	923	903	2.1	39.2
Query_51347	XR_001440230.2	100.000	21	0	0	1	21	696	676	2.1	39.2
Query_51347	XM_015118270.2	100.000	21	0	0	1	21	825	805	2.1	39.2
Query_51347	XM_028835904.1	100.000	21	0	0	1	21	553	533	2.1	39.2
Query_51347	XM_026861508.1	100.000	21	0	0	1	21	420	400	2.1	39.2
Query_51347	XM_026861507.1	100.000	21	0	0	1	21	462	442	2.1	39.2
Query_51347	XM_027882082.1	100.000	21	0	0	1	21	720	700	2.1	39.2
Query_51347	XM_027882081.1	100.000	21	0	0	1	21	417	397	2.1	39.2
Query_51347	XM_027806184.1	100.000	21	0	0	1	21	531	511	2.1	39.2
Query_51347	XM_027664414.1	100.000	21	0	0	1	21	714	694	2.1	39.2
Query_51347	XR_003531088.1	100.000	21	0	0	1	21	566	546	2.1	39.2
Query_51347	XM_027690815.1	100.000	21	0	0	1	21	714	694	2.1	39.2
Query_51347	XR_003535469.1	100.000	21	0	0	1	21	564	544	2.1	39.2
Query_51347	CP034495.1	100.000	21	0	0	1	21	4186175	4186195	2.1	39.2
Query_51347	CP034495.1	100.000	21	0	0	1	21	84366444	84366464	2.1	39.2
Query_51347	HG999701.1	100.000	21	0	0	1	21	3127288	3127268	2.1	39.2
Query_51347	HG995354.1	100.000	21	0	0	1	21	1900890	1900910	2.1	39.2
Query_51347	XR_005627145.1	100.000	21	0	0	1	21	739	719	2.1	39.2
Query_51347	XM_039705774.1	100.000	21	0	0	1	21	738	718	2.1	39.2
Query_51347	HG992106.1	100.000	21	0	0	1	21	3406105	3406085	2.1	39.2
Query_51347	XM_039562921.1	100.000	21	0	0	1	21	401	381	2.1	39.2
Query_51347	XR_005603398.1	100.000	21	0	0	1	21	725	705	2.1	39.2
Query_51347	XM_039562920.1	100.000	21	0	0	1	21	725	705	2.1	39.2
Query_51347	XM_027734372.2	100.000	21	0	0	1	21	714	694	2.1	39.2
Query_51347	XM_039333960.1	100.000	21	0	0	1	21	894	874	2.1	39.2
Query_51347	CP068261.1	100.000	21	0	0	1	21	4172440	4172460	2.1	39.2
Query_51347	XM_027445994.2	100.000	21	0	0	1	21	771	751	2.1	39.2
Query_51347	XR_005259454.1	100.000	21	0	0	1	21	748	728	2.1	39.2
Query_51347	XM_038158323.1	100.000	21	0	0	1	21	746	726	2.1	39.2
Query_51347	XR_005236751.1	100.000	21	0	0	1	21	662	642	2.1	39.2
Query_51347	XR_005236750.1	100.000	21	0	0	1	21	650	630	2.1	39.2
Query_51347	XM_008009911.2	100.000	21	0	0	1	21	834	814	2.1	39.2
Query_51347	XM_017512180.2	100.000	21	0	0	1	21	823	803	2.1	39.2
Query_51347	XM_037375088.1	100.000	21	0	0	1	21	417	397	2.1	39.2
Query_51347	XM_037375086.1	100.000	21	0	0	1	21	709	689	2.1	39.2
Query_51347	XM_028888748.2	100.000	21	0	0	1	21	742	722	2.1	39.2
Query_51347	CP062054.1	100.000	21	0	0	1	21	31149209	31149189	2.1	39.2
Query_51347	XM_036395089.1	100.000	21	0	0	1	21	713	693	2.1	39.2
Query_51347	AP023477.1	100.000	21	0	0	1	21	4356349	4356369	2.1	39.2
Query_51347	XM_035900596.1	100.000	21	0	0	1	21	721	701	2.1	39.2
Query_51347	XM_035900595.1	100.000	21	0	0	1	21	654	634	2.1	39.2
Query_51347	XM_035900594.1	100.000	21	0	0	1	21	471	451	2.1	39.2
Query_51347	XM_035900593.1	100.000	21	0	0	1	21	471	451	2.1	39.2
Query_51347	NM_003342.5	100.000	21	0	0	1	21	827	807	2.1	39.2
Query_51347	LR862364.1	100.000	21	0	0	1	21	56811425	56811405	2.1	39.2
Query_51347	XM_035559200.1	100.000	21	0	0	1	21	417	397	2.1	39.2
Query_51347	XM_035559198.1	100.000	21	0	0	1	21	685	665	2.1	39.2
Query_51347	XM_035343106.1	100.000	21	0	0	1	21	825	805	2.1	39.2
Query_51347	XR_004743113.1	100.000	21	0	0	1	21	919	899	2.1	39.2
Query_51347	XM_002747845.5	100.000	21	0	0	1	21	840	820	2.1	39.2
Query_51347	LS423630.1	100.000	21	0	0	1	21	3757914	3757894	2.1	39.2


