# blastn
# Iteration: 0
# Query: 
# RID: 7PW9765C016
# Database: nt
# Fields: query acc.ver, subject acc.ver, % identity, alignment length, mismatches, gap opens, q. start, q. end, s. start, s. end, evalue, bit score
# 100 hits found
Query_30305	XM_034951639.1	100.000	21	0	0	1	21	445	425	2.1	39.2
Query_30305	XM_034951638.1	100.000	21	0	0	1	21	297	277	2.1	39.2
Query_30305	XM_034951637.1	100.000	21	0	0	1	21	574	554	2.1	39.2
Query_30305	XM_034951636.1	100.000	21	0	0	1	21	338	318	2.1	39.2
Query_30305	XM_034951635.1	100.000	21	0	0	1	21	295	275	2.1	39.2
Query_30305	XM_034951634.1	100.000	21	0	0	1	21	298	278	2.1	39.2
Query_30305	XM_034951633.1	100.000	21	0	0	1	21	581	561	2.1	39.2
Query_30305	XM_034951632.1	100.000	21	0	0	1	21	339	319	2.1	39.2
Query_30305	XM_034558746.1	100.000	21	0	0	1	21	478	458	2.1	39.2
Query_30305	XM_034504335.1	100.000	21	0	0	1	21	384	364	2.1	39.2
Query_30305	XM_034504334.1	100.000	21	0	0	1	21	309	289	2.1	39.2
Query_30305	XM_034504333.1	100.000	21	0	0	1	21	336	316	2.1	39.2
Query_30305	XM_034499847.1	100.000	21	0	0	1	21	174	154	2.1	39.2
Query_30305	XR_004604455.1	100.000	21	0	0	1	21	174	154	2.1	39.2
Query_30305	XM_033839727.1	100.000	21	0	0	1	21	291	271	2.1	39.2
Query_30305	XM_033839726.1	100.000	21	0	0	1	21	273	253	2.1	39.2
Query_30305	XM_033839725.1	100.000	21	0	0	1	21	782	762	2.1	39.2
Query_30305	XM_033839724.1	100.000	21	0	0	1	21	293	273	2.1	39.2
Query_30305	XM_010620528.3	100.000	21	0	0	1	21	601	581	2.1	39.2
Query_30305	XM_033429219.1	100.000	21	0	0	1	21	1068	1048	2.1	39.2
Query_30305	XM_033429218.1	100.000	21	0	0	1	21	269	249	2.1	39.2
Query_30305	XM_004270343.3	100.000	21	0	0	1	21	270	250	2.1	39.2
Query_30305	XM_033236300.1	100.000	21	0	0	1	21	441	421	2.1	39.2
Query_30305	XM_033236299.1	100.000	21	0	0	1	21	716	696	2.1	39.2
Query_30305	XM_033236298.1	100.000	21	0	0	1	21	416	396	2.1	39.2
Query_30305	XM_032911988.1	100.000	21	0	0	1	21	891	871	2.1	39.2
Query_30305	XM_032911987.1	100.000	21	0	0	1	21	239	219	2.1	39.2
Query_30305	XM_032911986.1	100.000	21	0	0	1	21	259	239	2.1	39.2
Query_30305	XM_032911985.1	100.000	21	0	0	1	21	322	302	2.1	39.2
Query_30305	XM_032911984.1	100.000	21	0	0	1	21	332	312	2.1	39.2
Query_30305	XM_032911983.1	100.000	21	0	0	1	21	296	276	2.1	39.2
Query_30305	NG_067919.1	100.000	21	0	0	1	21	280	260	2.1	39.2
Query_30305	XM_032605464.1	100.000	21	0	0	1	21	229	209	2.1	39.2
Query_30305	XM_032605463.1	100.000	21	0	0	1	21	416	396	2.1	39.2
Query_30305	XM_032605462.1	100.000	21	0	0	1	21	299	279	2.1	39.2
Query_30305	XM_032268238.1	100.000	21	0	0	1	21	335	315	2.1	39.2
Query_30305	XM_032268236.1	100.000	21	0	0	1	21	296	276	2.1	39.2
Query_30305	XM_032268235.1	100.000	21	0	0	1	21	400	380	2.1	39.2
Query_30305	XR_004257690.1	100.000	21	0	0	1	21	275	255	2.1	39.2
Query_30305	XM_032754107.1	100.000	21	0	0	1	21	352	332	2.1	39.2
Query_30305	XM_032144947.1	100.000	21	0	0	1	21	734	714	2.1	39.2
Query_30305	XM_032144946.1	100.000	21	0	0	1	21	197	177	2.1	39.2
Query_30305	XM_032144945.1	100.000	21	0	0	1	21	839	819	2.1	39.2
Query_30305	XM_023195766.3	100.000	21	0	0	1	21	316	296	2.1	39.2
Query_30305	XM_031843763.1	100.000	21	0	0	1	21	2433	2413	2.1	39.2
Query_30305	NM_001194836.2	100.000	21	0	0	1	21	352	332	2.1	39.2
Query_30305	XM_006204249.3	100.000	21	0	0	1	21	181	161	2.1	39.2
Query_30305	XM_009195636.2	100.000	21	0	0	1	21	297	277	2.1	39.2
Query_30305	XM_030924821.1	100.000	21	0	0	1	21	441	421	2.1	39.2
Query_30305	XM_030872222.1	100.000	21	0	0	1	21	779	759	2.1	39.2
Query_30305	XM_030872221.1	100.000	21	0	0	1	21	270	250	2.1	39.2
Query_30305	XM_030872220.1	100.000	21	0	0	1	21	273	253	2.1	39.2
Query_30305	XM_030798768.1	100.000	21	0	0	1	21	325	305	2.1	39.2
Query_30305	XM_030798767.1	100.000	21	0	0	1	21	325	305	2.1	39.2
Query_30305	XM_030798766.1	100.000	21	0	0	1	21	314	294	2.1	39.2
Query_30305	XM_030798765.1	100.000	21	0	0	1	21	431	411	2.1	39.2
Query_30305	XM_030798764.1	100.000	21	0	0	1	21	734	714	2.1	39.2
Query_30305	XM_030798763.1	100.000	21	0	0	1	21	431	411	2.1	39.2
Query_30305	XM_030798762.1	100.000	21	0	0	1	21	828	808	2.1	39.2
Query_30305	XM_022594419.2	100.000	21	0	0	1	21	298	278	2.1	39.2
Query_30305	XM_021186064.2	100.000	21	0	0	1	21	351	331	2.1	39.2
Query_30305	XM_021186062.2	100.000	21	0	0	1	21	884	864	2.1	39.2
Query_30305	XM_021186066.2	100.000	21	0	0	1	21	453	433	2.1	39.2
Query_30305	NM_194260.3	100.000	21	0	0	1	21	450	430	2.1	39.2
Query_30305	NM_194261.3	100.000	21	0	0	1	21	302	282	2.1	39.2
Query_30305	NM_194259.3	100.000	21	0	0	1	21	577	557	2.1	39.2
Query_30305	XM_029221266.1	100.000	21	0	0	1	21	198	178	2.1	39.2
Query_30305	XM_029221265.1	100.000	21	0	0	1	21	945	925	2.1	39.2
Query_30305	XM_028840603.1	100.000	21	0	0	1	21	347	327	2.1	39.2
Query_30305	XM_040276599.1	100.000	21	0	0	1	21	205	185	2.1	39.2
Query_30305	XM_021734858.2	100.000	21	0	0	1	21	317	297	2.1	39.2
Query_30305	XM_040176065.1	100.000	21	0	0	1	21	335	315	2.1	39.2
Query_30305	XM_039478291.1	100.000	21	0	0	1	21	326	306	2.1	39.2
Query_30305	XM_039478290.1	100.000	21	0	0	1	21	199	179	2.1	39.2
Query_30305	XR_744805.2	100.000	21	0	0	1	21	185	165	2.1	39.2
Query_30305	CP068262.1	100.000	21	0	0	1	21	1331857	1331837	2.1	39.2
Query_30305	XM_039111465.1	100.000	21	0	0	1	21	186	166	2.1	39.2
Query_30305	XR_357789.4	100.000	21	0	0	1	21	257	237	2.1	39.2
Query_30305	XM_017597044.2	100.000	21	0	0	1	21	237	217	2.1	39.2
Query_30305	XM_006245920.4	100.000	21	0	0	1	21	327	307	2.1	39.2
Query_30305	XM_006245919.4	100.000	21	0	0	1	21	912	892	2.1	39.2
Query_30305	XM_008767549.3	100.000	21	0	0	1	21	334	314	2.1	39.2
Query_30305	XM_037990067.1	100.000	21	0	0	1	21	317	297	2.1	39.2
Query_30305	NM_013050.2	100.000	21	0	0	1	21	250	230	2.1	39.2
Query_30305	XM_017510963.2	100.000	21	0	0	1	21	329	309	2.1	39.2
Query_30305	XM_017539359.2	100.000	21	0	0	1	21	298	278	2.1	39.2
Query_30305	XM_037464670.1	100.000	21	0	0	1	21	342	322	2.1	39.2
Query_30305	XM_036825648.1	100.000	21	0	0	1	21	261	241	2.1	39.2
Query_30305	XM_036825647.1	100.000	21	0	0	1	21	1877	1857	2.1	39.2
Query_30305	XM_036825646.1	100.000	21	0	0	1	21	299	279	2.1	39.2
Query_30305	AP023476.1	100.000	21	0	0	1	21	1329503	1329483	2.1	39.2
Query_30305	LR877231.1	100.000	21	0	0	1	21	32268833	32268853	2.1	39.2
Query_30305	XM_009008883.2	100.000	21	0	0	1	21	440	420	2.1	39.2
Query_30305	XM_035266442.1	100.000	21	0	0	1	21	270	250	2.1	39.2
Query_30305	XM_035266441.1	100.000	21	0	0	1	21	431	411	2.1	39.2
Query_30305	XM_035266439.1	100.000	21	0	0	1	21	329	309	2.1	39.2
Query_30305	XM_035266438.1	100.000	21	0	0	1	21	318	298	2.1	39.2
Query_30305	XM_035266440.1	100.000	21	0	0	1	21	712	692	2.1	39.2
Query_30305	XM_035266437.1	100.000	21	0	0	1	21	2707	2687	2.1	39.2
Query_30305	XM_009008885.2	100.000	21	0	0	1	21	453	433	2.1	39.2


