# blastn
# Iteration: 0
# Query: 
# RID: 7J6UKSA8013
# Database: nt
# Fields: query acc.ver, subject acc.ver, % identity, alignment length, mismatches, gap opens, q. start, q. end, s. start, s. end, evalue, bit score
# 67 hits found
Query_9553	XM_034945734.1	100.000	21	0	0	1	21	432	412	2.1	39.2
Query_9553	XM_033224775.1	100.000	21	0	0	1	21	777	757	2.1	39.2
Query_9553	XR_004264264.1	100.000	21	0	0	1	21	219	239	2.1	39.2
Query_9553	XM_032263313.1	100.000	21	0	0	1	21	766	746	2.1	39.2
Query_9553	XM_032171460.1	100.000	21	0	0	1	21	492	472	2.1	39.2
Query_9553	XM_023197562.3	100.000	21	0	0	1	21	773	753	2.1	39.2
Query_9553	NM_001194143.2	100.000	21	0	0	1	21	855	835	2.1	39.2
Query_9553	XM_031659367.1	100.000	21	0	0	1	21	846	826	2.1	39.2
Query_9553	XM_004061618.3	100.000	21	0	0	1	21	784	764	2.1	39.2
Query_9553	XR_002003000.2	100.000	21	0	0	1	21	368	348	2.1	39.2
Query_9553	XM_010361181.2	100.000	21	0	0	1	21	751	731	2.1	39.2
Query_9553	XM_030886391.1	100.000	21	0	0	1	21	166	146	2.1	39.2
Query_9553	XM_030819428.1	100.000	21	0	0	1	21	1080	1060	2.1	39.2
Query_9553	NM_003969.4	100.000	21	0	0	1	21	435	415	2.1	39.2
Query_9553	AC279043.1	100.000	21	0	0	1	21	33443	33463	2.1	39.2
Query_9553	AC279022.1	100.000	21	0	0	1	21	49921	49941	2.1	39.2
Query_9553	GQ891447.1	100.000	21	0	0	1	21	314	294	2.1	39.2
Query_9553	CP034522.1	100.000	21	0	0	1	21	59008429	59008449	2.1	39.2
Query_9553	CP034497.1	100.000	21	0	0	1	21	59008429	59008449	2.1	39.2
Query_9553	CP034494.1	100.000	21	0	0	1	21	34344409	34344429	2.1	39.2
Query_9553	XM_025849383.1	100.000	21	0	0	1	21	464	444	2.1	39.2
Query_9553	XM_025848705.1	100.000	21	0	0	1	21	464	444	2.1	39.2
Query_9553	XM_025367066.1	100.000	21	0	0	1	21	1047	1027	2.1	39.2
Query_9553	XM_025367065.1	100.000	21	0	0	1	21	1047	1027	2.1	39.2
Query_9553	XM_011751675.2	100.000	21	0	0	1	21	856	836	2.1	39.2
Query_9553	XM_016937020.2	100.000	21	0	0	1	21	890	870	2.1	39.2
Query_9553	XR_024683.6	100.000	21	0	0	1	21	394	374	2.1	39.2
Query_9553	XM_024237018.1	100.000	21	0	0	1	21	800	780	2.1	39.2
Query_9553	XM_012473155.2	100.000	21	0	0	1	21	815	795	2.1	39.2
Query_9553	XM_012752406.2	100.000	21	0	0	1	21	833	813	2.1	39.2
Query_9553	LT735850.1	100.000	21	0	0	1	21	692	672	2.1	39.2
Query_9553	XM_017850506.1	100.000	21	0	0	1	21	785	765	2.1	39.2
Query_9553	XM_002721900.3	100.000	21	0	0	1	21	738	718	2.1	39.2
Query_9553	XM_004596908.2	100.000	21	0	0	1	21	452	432	2.1	39.2
Query_9553	XM_012076338.1	100.000	21	0	0	1	21	1048	1028	2.1	39.2
Query_9553	XR_001004754.1	100.000	21	0	0	1	21	238	218	2.1	39.2
Query_9553	XM_011969066.1	100.000	21	0	0	1	21	238	218	2.1	39.2
Query_9553	XM_011959132.1	100.000	21	0	0	1	21	226	206	2.1	39.2
Query_9553	XM_011959131.1	100.000	21	0	0	1	21	717	697	2.1	39.2
Query_9553	XM_008578962.1	100.000	21	0	0	1	21	256	236	2.1	39.2
Query_9553	KJ892674.1	100.000	21	0	0	1	21	270	250	2.1	39.2
Query_9553	XM_006903030.1	100.000	21	0	0	1	21	249	229	2.1	39.2
Query_9553	XM_005590626.1	100.000	21	0	0	1	21	260	240	2.1	39.2
Query_9553	XM_039466383.1	100.000	21	0	0	1	21	1042	1022	2.1	39.2
Query_9553	CP068262.1	100.000	21	0	0	1	21	38958924	38958904	2.1	39.2
Query_9553	CP068259.1	100.000	21	0	0	1	21	61654736	61654756	2.1	39.2
Query_9553	XM_007998466.2	100.000	21	0	0	1	21	959	939	2.1	39.2
Query_9553	XM_017509655.2	100.000	21	0	0	1	21	697	677	2.1	39.2
Query_9553	AP023487.1	100.000	21	0	0	1	21	318992	319012	2.1	39.2
Query_9553	AP023479.1	100.000	21	0	0	1	21	59039869	59039889	2.1	39.2
Query_9553	AC280253.1	100.000	21	0	0	1	21	158124	158144	2.1	39.2
Query_9553	XR_001908768.2	100.000	21	0	0	1	21	187	207	2.1	39.2
Query_9553	XM_017967523.2	100.000	21	0	0	1	21	1038	1018	2.1	39.2
Query_9553	AB590888.1	100.000	21	0	0	1	21	214	194	2.1	39.2
Query_9553	AC240146.3	100.000	21	0	0	1	21	7691	7671	2.1	39.2
Query_9553	CU691337.1	100.000	21	0	0	1	21	363	383	2.1	39.2
Query_9553	CU691336.1	100.000	21	0	0	1	21	221	201	2.1	39.2
Query_9553	BC007657.1	100.000	21	0	0	1	21	274	254	2.1	39.2
Query_9553	BC058924.1	100.000	21	0	0	1	21	314	294	2.1	39.2
Query_9553	AC141057.2	100.000	21	0	0	1	21	46646	46666	2.1	39.2
Query_9553	BT008242.1	100.000	21	0	0	1	21	205	185	2.1	39.2
Query_9553	AC108131.2	100.000	21	0	0	1	21	19193	19173	2.1	39.2
Query_9553	AC016630.6	100.000	21	0	0	1	21	7926	7906	2.1	39.2
Query_9553	NR_002837.1	100.000	21	0	0	1	21	354	334	2.1	39.2
Query_9553	AC023824.6	100.000	21	0	0	1	21	97931	97911	2.1	39.2
Query_9553	AB012191.1	100.000	21	0	0	1	21	205	185	2.1	39.2
Query_9553	AF075599.1	100.000	21	0	0	1	21	208	188	2.1	39.2


