# blastn
# Iteration: 0
# Query: 
# RID: 6MDSGWTF016
# Database: nt
# Fields: query acc.ver, subject acc.ver, % identity, alignment length, mismatches, gap opens, q. start, q. end, s. start, s. end, evalue, bit score
# 101 hits found
Query_39475	XM_040271848.1	100.000	21	0	0	1	21	234	214	2.0	39.2
Query_39475	XM_005327276.3	100.000	21	0	0	1	21	234	214	2.0	39.2
Query_39475	XM_005325742.4	100.000	21	0	0	1	21	498	478	2.0	39.2
Query_39475	XM_040293037.1	100.000	21	0	0	1	21	389	369	2.0	39.2
Query_39475	XM_005325741.4	100.000	21	0	0	1	21	526	506	2.0	39.2
Query_39475	XM_040239983.1	100.000	21	0	0	1	21	720	700	2.0	39.2
Query_39475	XM_040237783.1	100.000	21	0	0	1	21	246	226	2.0	39.2
Query_39475	XM_040237782.1	100.000	21	0	0	1	21	231	211	2.0	39.2
Query_39475	XR_005720632.1	100.000	21	0	0	1	21	522	502	2.0	39.2
Query_39475	XM_040237780.1	100.000	21	0	0	1	21	618	598	2.0	39.2
Query_39475	XM_040237779.1	100.000	21	0	0	1	21	497	477	2.0	39.2
Query_39475	XM_040237778.1	100.000	21	0	0	1	21	522	502	2.0	39.2
Query_39475	XM_040237777.1	100.000	21	0	0	1	21	633	613	2.0	39.2
Query_39475	XM_040237776.1	100.000	21	0	0	1	21	621	601	2.0	39.2
Query_39475	XM_040237775.1	100.000	21	0	0	1	21	535	515	2.0	39.2
Query_39475	XM_040237774.1	100.000	21	0	0	1	21	511	491	2.0	39.2
Query_39475	XM_040237773.1	100.000	21	0	0	1	21	534	514	2.0	39.2
Query_39475	XM_040237772.1	100.000	21	0	0	1	21	397	377	2.0	39.2
Query_39475	XM_040237771.1	100.000	21	0	0	1	21	456	436	2.0	39.2
Query_39475	XM_040237769.1	100.000	21	0	0	1	21	535	515	2.0	39.2
Query_39475	XM_040237768.1	100.000	21	0	0	1	21	509	489	2.0	39.2
Query_39475	XM_040237767.1	100.000	21	0	0	1	21	522	502	2.0	39.2
Query_39475	HG994414.1	100.000	21	0	0	1	21	17435240	17435220	2.0	39.2
Query_39475	HG994404.1	100.000	21	0	0	1	21	11569733	11569713	2.0	39.2
Query_39475	HG994404.1	100.000	21	0	0	1	21	45910489	45910509	2.0	39.2
Query_39475	HG994396.1	100.000	21	0	0	1	21	7498973	7498993	2.0	39.2
Query_39475	HG994387.1	100.000	21	0	0	1	21	35746424	35746404	2.0	39.2
Query_39475	XM_039836278.1	100.000	21	0	0	1	21	613	593	2.0	39.2
Query_39475	XM_039836277.1	100.000	21	0	0	1	21	853	833	2.0	39.2
Query_39475	XM_039848730.1	100.000	21	0	0	1	21	580	560	2.0	39.2
Query_39475	XM_039848729.1	100.000	21	0	0	1	21	512	492	2.0	39.2
Query_39475	XM_039848728.1	100.000	21	0	0	1	21	496	476	2.0	39.2
Query_39475	XM_039848727.1	100.000	21	0	0	1	21	507	487	2.0	39.2
Query_39475	XM_039848726.1	100.000	21	0	0	1	21	689	669	2.0	39.2
Query_39475	XM_039848725.1	100.000	21	0	0	1	21	523	503	2.0	39.2
Query_39475	XM_039759226.1	100.000	21	0	0	1	21	543	523	2.0	39.2
Query_39475	XM_039759225.1	100.000	21	0	0	1	21	547	527	2.0	39.2
Query_39475	XM_003929504.3	100.000	21	0	0	1	21	598	578	2.0	39.2
Query_39475	XM_003929505.3	100.000	21	0	0	1	21	725	705	2.0	39.2
Query_39475	XM_003929502.3	100.000	21	0	0	1	21	533	513	2.0	39.2
Query_39475	XM_010340110.2	100.000	21	0	0	1	21	598	578	2.0	39.2
Query_39475	XM_010340111.2	100.000	21	0	0	1	21	725	705	2.0	39.2
Query_39475	XM_010340109.2	100.000	21	0	0	1	21	533	513	2.0	39.2
Query_39475	XM_039350703.1	100.000	21	0	0	1	21	729	709	2.0	39.2
Query_39475	XM_039350702.1	100.000	21	0	0	1	21	671	651	2.0	39.2
Query_39475	XM_039350701.1	100.000	21	0	0	1	21	673	653	2.0	39.2
Query_39475	XM_039220817.1	100.000	21	0	0	1	21	442	422	2.0	39.2
Query_39475	XM_039220816.1	100.000	21	0	0	1	21	494	474	2.0	39.2
Query_39475	XM_039220815.1	100.000	21	0	0	1	21	473	453	2.0	39.2
Query_39475	XM_039252740.1	100.000	21	0	0	1	21	268	248	2.0	39.2
Query_39475	XM_039252739.1	100.000	21	0	0	1	21	694	674	2.0	39.2
Query_39475	CP068258.1	100.000	21	0	0	1	21	5333569	5333589	2.0	39.2
Query_39475	XM_006233338.3	100.000	21	0	0	1	21	507	487	2.0	39.2
Query_39475	XM_006233337.3	100.000	21	0	0	1	21	681	661	2.0	39.2
Query_39475	XM_006233336.4	100.000	21	0	0	1	21	528	508	2.0	39.2
Query_39475	XM_006233335.3	100.000	21	0	0	1	21	507	487	2.0	39.2
Query_39475	XM_006233334.3	100.000	21	0	0	1	21	651	631	2.0	39.2
Query_39475	XM_006233333.3	100.000	21	0	0	1	21	528	508	2.0	39.2
Query_39475	XM_038444267.1	100.000	21	0	0	1	21	511	491	2.0	39.2
Query_39475	XM_038444266.1	100.000	21	0	0	1	21	530	510	2.0	39.2
Query_39475	XM_038444265.1	100.000	21	0	0	1	21	507	487	2.0	39.2
Query_39475	XM_038444264.1	100.000	21	0	0	1	21	499	479	2.0	39.2
Query_39475	XM_038444263.1	100.000	21	0	0	1	21	513	493	2.0	39.2
Query_39475	XM_038444262.1	100.000	21	0	0	1	21	538	518	2.0	39.2
Query_39475	XM_038444261.1	100.000	21	0	0	1	21	530	510	2.0	39.2
Query_39475	XM_038658592.1	100.000	21	0	0	1	21	536	516	2.0	39.2
Query_39475	XM_038658591.1	100.000	21	0	0	1	21	807	787	2.0	39.2
Query_39475	XM_038462042.1	100.000	21	0	0	1	21	511	491	2.0	39.2
Query_39475	XM_005642458.4	100.000	21	0	0	1	21	530	510	2.0	39.2
Query_39475	XM_038462041.1	100.000	21	0	0	1	21	507	487	2.0	39.2
Query_39475	XM_038462040.1	100.000	21	0	0	1	21	500	480	2.0	39.2
Query_39475	XM_038462039.1	100.000	21	0	0	1	21	513	493	2.0	39.2
Query_39475	XM_038462038.1	100.000	21	0	0	1	21	534	514	2.0	39.2
Query_39475	XM_038462037.1	100.000	21	0	0	1	21	530	510	2.0	39.2
Query_39475	XM_850890.6	100.000	21	0	0	1	21	541	521	2.0	39.2
Query_39475	XM_022408334.2	100.000	21	0	0	1	21	804	784	2.0	39.2
Query_39475	XM_038795671.1	100.000	21	0	0	1	21	590	570	2.0	39.2
Query_39475	XM_038795670.1	100.000	21	0	0	1	21	559	539	2.0	39.2
Query_39475	XM_038795669.1	100.000	21	0	0	1	21	311	291	2.0	39.2
Query_39475	XM_038792896.1	100.000	21	0	0	1	21	508	488	2.0	39.2
Query_39475	XM_038792895.1	100.000	21	0	0	1	21	510	490	2.0	39.2
Query_39475	XM_038329858.1	100.000	21	0	0	1	21	644	624	2.0	39.2
Query_39475	XM_038310764.1	100.000	21	0	0	1	21	481	461	2.0	39.2
Query_39475	XM_038310763.1	100.000	21	0	0	1	21	525	505	2.0	39.2
Query_39475	XM_038310762.1	100.000	21	0	0	1	21	554	534	2.0	39.2
Query_39475	XM_037990392.1	100.000	21	0	0	1	21	706	686	2.0	39.2
Query_39475	XM_037990386.1	100.000	21	0	0	1	21	546	526	2.0	39.2
Query_39475	XM_037990381.1	100.000	21	0	0	1	21	386	366	2.0	39.2
Query_39475	XM_007999423.2	100.000	21	0	0	1	21	603	583	2.0	39.2
Query_39475	XM_037990373.1	100.000	21	0	0	1	21	601	581	2.0	39.2
Query_39475	XM_037990369.1	100.000	21	0	0	1	21	690	670	2.0	39.2
Query_39475	XM_037990364.1	100.000	21	0	0	1	21	864	844	2.0	39.2
Query_39475	XM_007999419.2	100.000	21	0	0	1	21	706	686	2.0	39.2
Query_39475	XM_007999418.2	100.000	21	0	0	1	21	784	764	2.0	39.2
Query_39475	XM_038009536.1	100.000	21	0	0	1	21	1706	1686	2.0	39.2
Query_39475	XM_008014637.2	100.000	21	0	0	1	21	1465	1445	2.0	39.2
Query_39475	XM_038009531.1	100.000	21	0	0	1	21	1465	1445	2.0	39.2
Query_39475	XM_038009527.1	100.000	21	0	0	1	21	1543	1523	2.0	39.2
Query_39475	XM_037821592.1	100.000	21	0	0	1	21	236	216	2.0	39.2
Query_39475	XM_037850263.1	100.000	21	0	0	1	21	233	213	2.0	39.2
Query_39475	XM_037830359.1	100.000	21	0	0	1	21	470	450	2.0	39.2


