# blastn
# Iteration: 0
# Query: 
# RID: 6ZYA060C016
# Database: nt
# Fields: query acc.ver, subject acc.ver, % identity, alignment length, mismatches, gap opens, q. start, q. end, s. start, s. end, evalue, bit score
# 46 hits found
Query_412737	LR812085.1	100.000	21	0	0	1	21	27003925	27003905	2.1	39.2
Query_412737	XM_030465997.1	100.000	21	0	0	1	21	361	341	2.1	39.2
Query_412737	XM_030465996.1	100.000	21	0	0	1	21	521	501	2.1	39.2
Query_412737	XM_030138965.1	100.000	21	0	0	1	21	462	442	2.1	39.2
Query_412737	XM_030138964.1	100.000	21	0	0	1	21	384	364	2.1	39.2
Query_412737	LR597464.1	100.000	21	0	0	1	21	36535628	36535608	2.1	39.2
Query_412737	XM_026236699.1	100.000	21	0	0	1	21	411	391	2.1	39.2
Query_412737	XM_026243887.1	100.000	21	0	0	1	21	1026	1006	2.1	39.2
Query_412737	XM_023809322.1	100.000	21	0	0	1	21	738	718	2.1	39.2
Query_412737	XM_023389150.1	100.000	21	0	0	1	21	1393	1373	2.1	39.2
Query_412737	XM_682310.7	100.000	21	0	0	1	21	627	607	2.1	39.2
Query_412737	XM_021469989.1	100.000	21	0	0	1	21	675	655	2.1	39.2
Query_412737	XM_020172254.1	100.000	21	0	0	1	21	373	353	2.1	39.2
Query_412737	XM_020172253.1	100.000	21	0	0	1	21	364	344	2.1	39.2
Query_412737	XM_020172252.1	100.000	21	0	0	1	21	654	634	2.1	39.2
Query_412737	XM_019069444.1	100.000	21	0	0	1	21	372	352	2.1	39.2
Query_412737	XM_016522552.1	100.000	21	0	0	1	21	530	510	2.1	39.2
Query_412737	XM_016559365.1	100.000	21	0	0	1	21	335	315	2.1	39.2
Query_412737	XM_016495889.1	100.000	21	0	0	1	21	514	494	2.1	39.2
Query_412737	XM_016460497.1	100.000	21	0	0	1	21	511	491	2.1	39.2
Query_412737	XM_016258145.1	100.000	21	0	0	1	21	113	93	2.1	39.2
Query_412737	XM_016256436.1	100.000	21	0	0	1	21	506	486	2.1	39.2
Query_412737	XM_014347845.1	100.000	21	0	0	1	21	878	858	2.1	39.2
Query_412737	XM_014347844.1	100.000	21	0	0	1	21	676	656	2.1	39.2
Query_412737	XR_001338855.1	100.000	21	0	0	1	21	1393	1373	2.1	39.2
Query_412737	XM_014347843.1	100.000	21	0	0	1	21	1393	1373	2.1	39.2
Query_412737	LN590746.1	100.000	21	0	0	1	21	549142	549122	2.1	39.2
Query_412737	NM_017346.2	100.000	21	0	0	1	21	647	627	2.1	39.2
Query_412737	XM_039653106.1	100.000	21	0	0	1	21	612	592	2.1	39.2
Query_412737	XM_006247411.4	100.000	21	0	0	1	21	440	420	2.1	39.2
Query_412737	XM_006247410.3	100.000	21	0	0	1	21	441	421	2.1	39.2
Query_412737	XM_006247409.4	100.000	21	0	0	1	21	662	642	2.1	39.2
Query_412737	XM_036591268.1	100.000	21	0	0	1	21	326	306	2.1	39.2
Query_412737	XM_027019249.2	100.000	21	0	0	1	21	619	599	2.1	39.2
Query_412737	XM_035383549.1	100.000	21	0	0	1	21	536	516	2.1	39.2
Query_412737	LR812060.1	100.000	21	0	0	1	21	26962825	26962805	2.1	39.2
Query_412737	LR812616.1	100.000	21	0	0	1	21	26893671	26893651	2.1	39.2
Query_412737	LR812566.1	100.000	21	0	0	1	21	26397108	26397088	2.1	39.2
Query_412737	LR812541.1	100.000	21	0	0	1	21	30302440	30302420	2.1	39.2
Query_412737	LR812513.1	100.000	21	0	0	1	21	21374516	21374536	2.1	39.2
Query_412737	CT573349.6	100.000	21	0	0	1	21	50338	50318	2.1	39.2
Query_412737	DQ372947.1	100.000	21	0	0	1	21	158	138	2.1	39.2
Query_412737	CR361559.12	100.000	21	0	0	1	21	76689	76669	2.1	39.2
Query_412737	X61394.1	100.000	21	0	0	1	21	518	498	2.1	39.2
Query_412737	L06110.1	100.000	21	0	0	1	21	455	435	2.1	39.2
Query_412737	LR588407.1	100.000	20	0	0	2	21	1583773	1583792	7.2	37.4


