# blastn
# Iteration: 0
# Query: 
# RID: 6XGXVYG2013
# Database: nt
# Fields: query acc.ver, subject acc.ver, % identity, alignment length, mismatches, gap opens, q. start, q. end, s. start, s. end, evalue, bit score
# 100 hits found
Query_26773	XM_040459768.1	100.000	21	0	0	1	21	104	84	2.1	39.2
Query_26773	XM_040459767.1	100.000	21	0	0	1	21	107	87	2.1	39.2
Query_26773	XM_040459766.1	100.000	21	0	0	1	21	128	108	2.1	39.2
Query_26773	XM_040459764.1	100.000	21	0	0	1	21	344	324	2.1	39.2
Query_26773	XM_040459763.1	100.000	21	0	0	1	21	281	261	2.1	39.2
Query_26773	XM_040483671.1	100.000	21	0	0	1	21	280	260	2.1	39.2
Query_26773	XM_040275524.1	100.000	21	0	0	1	21	226	206	2.1	39.2
Query_26773	XM_013358595.3	100.000	21	0	0	1	21	256	236	2.1	39.2
Query_26773	XM_040275522.1	100.000	21	0	0	1	21	272	252	2.1	39.2
Query_26773	XM_040275521.1	100.000	21	0	0	1	21	275	255	2.1	39.2
Query_26773	XR_005722423.1	100.000	21	0	0	1	21	384	364	2.1	39.2
Query_26773	XM_040248194.1	100.000	21	0	0	1	21	466	446	2.1	39.2
Query_26773	XM_040248193.1	100.000	21	0	0	1	21	257	237	2.1	39.2
Query_26773	XM_040248192.1	100.000	21	0	0	1	21	258	238	2.1	39.2
Query_26773	XM_040248191.1	100.000	21	0	0	1	21	359	339	2.1	39.2
Query_26773	XM_040248190.1	100.000	21	0	0	1	21	324	304	2.1	39.2
Query_26773	XM_040248189.1	100.000	21	0	0	1	21	508	488	2.1	39.2
Query_26773	HG994414.1	100.000	21	0	0	1	21	24269147	24269127	2.1	39.2
Query_26773	HG994407.1	100.000	21	0	0	1	21	38719331	38719351	2.1	39.2
Query_26773	HG994402.1	100.000	21	0	0	1	21	6183149	6183129	2.1	39.2
Query_26773	HG994394.1	100.000	21	0	0	1	21	7057467	7057447	2.1	39.2
Query_26773	HG994392.1	100.000	21	0	0	1	21	46905693	46905673	2.1	39.2
Query_26773	HG994388.1	100.000	21	0	0	1	21	62871679	62871699	2.1	39.2
Query_26773	HG994384.1	100.000	21	0	0	1	21	36595889	36595869	2.1	39.2
Query_26773	XM_039864588.1	100.000	21	0	0	1	21	462	442	2.1	39.2
Query_26773	XM_039864587.1	100.000	21	0	0	1	21	326	306	2.1	39.2
Query_26773	XM_039864586.1	100.000	21	0	0	1	21	1959	1939	2.1	39.2
Query_26773	XM_039864584.1	100.000	21	0	0	1	21	342	322	2.1	39.2
Query_26773	XM_010343114.2	100.000	21	0	0	1	21	481	461	2.1	39.2
Query_26773	XM_039479768.1	100.000	21	0	0	1	21	462	442	2.1	39.2
Query_26773	XM_039479767.1	100.000	21	0	0	1	21	317	297	2.1	39.2
Query_26773	XM_039477794.1	100.000	21	0	0	1	21	265	245	2.1	39.2
Query_26773	XM_039477007.1	100.000	21	0	0	1	21	916	896	2.1	39.2
Query_26773	XM_039229992.1	100.000	21	0	0	1	21	253	233	2.1	39.2
Query_26773	XM_039229991.1	100.000	21	0	0	1	21	305	285	2.1	39.2
Query_26773	CP068258.1	100.000	21	0	0	1	21	51853802	51853822	2.1	39.2
Query_26773	XM_038432768.1	100.000	21	0	0	1	21	213	193	2.1	39.2
Query_26773	XM_038432767.1	100.000	21	0	0	1	21	317	297	2.1	39.2
Query_26773	XM_038687102.1	100.000	21	0	0	1	21	269	249	2.1	39.2
Query_26773	XM_037988979.1	100.000	21	0	0	1	21	291	271	2.1	39.2
Query_26773	XM_037983802.1	100.000	21	0	0	1	21	276	256	2.1	39.2
Query_26773	XM_008014329.2	100.000	21	0	0	1	21	469	449	2.1	39.2
Query_26773	XM_037982646.1	100.000	21	0	0	1	21	252	232	2.1	39.2
Query_26773	XM_008014322.2	100.000	21	0	0	1	21	548	528	2.1	39.2
Query_26773	XM_037982645.1	100.000	21	0	0	1	21	253	233	2.1	39.2
Query_26773	XM_008014318.2	100.000	21	0	0	1	21	408	388	2.1	39.2
Query_26773	XM_008014312.2	100.000	21	0	0	1	21	342	322	2.1	39.2
Query_26773	XM_007967039.2	100.000	21	0	0	1	21	173	153	2.1	39.2
Query_26773	XM_037821188.1	100.000	21	0	0	1	21	278	258	2.1	39.2
Query_26773	XM_037844644.1	100.000	21	0	0	1	21	194	174	2.1	39.2
Query_26773	XM_037841023.1	100.000	21	0	0	1	21	257	237	2.1	39.2
Query_26773	XM_037810938.1	100.000	21	0	0	1	21	294	274	2.1	39.2
Query_26773	XM_037799127.1	100.000	21	0	0	1	21	257	237	2.1	39.2
Query_26773	XM_037802681.1	100.000	21	0	0	1	21	281	261	2.1	39.2
Query_26773	XM_037734717.1	100.000	21	0	0	1	21	270	250	2.1	39.2
Query_26773	XR_001817404.2	100.000	21	0	0	1	21	257	237	2.1	39.2
Query_26773	XM_037743277.1	100.000	21	0	0	1	21	239	219	2.1	39.2
Query_26773	XR_005202231.1	100.000	21	0	0	1	21	272	252	2.1	39.2
Query_26773	XM_037739054.1	100.000	21	0	0	1	21	718	698	2.1	39.2
Query_26773	XR_005200512.1	100.000	21	0	0	1	21	554	534	2.1	39.2
Query_26773	XR_005200511.1	100.000	21	0	0	1	21	378	358	2.1	39.2
Query_26773	XR_005200510.1	100.000	21	0	0	1	21	606	586	2.1	39.2
Query_26773	XR_005200509.1	100.000	21	0	0	1	21	430	410	2.1	39.2
Query_26773	XM_017529922.2	100.000	21	0	0	1	21	345	325	2.1	39.2
Query_26773	XM_017529921.2	100.000	21	0	0	1	21	345	325	2.1	39.2
Query_26773	XM_037500285.1	100.000	21	0	0	1	21	306	286	2.1	39.2
Query_26773	XM_037167230.1	100.000	21	0	0	1	21	634	614	2.1	39.2
Query_26773	XM_037059888.1	100.000	21	0	0	1	21	230	210	2.1	39.2
Query_26773	XM_037059887.1	100.000	21	0	0	1	21	343	323	2.1	39.2
Query_26773	XM_017651907.2	100.000	21	0	0	1	21	376	356	2.1	39.2
Query_26773	XM_017651906.2	100.000	21	0	0	1	21	472	452	2.1	39.2
Query_26773	XM_017651904.2	100.000	21	0	0	1	21	364	344	2.1	39.2
Query_26773	XM_017651903.2	100.000	21	0	0	1	21	342	322	2.1	39.2
Query_26773	XM_036901999.1	100.000	21	0	0	1	21	365	345	2.1	39.2
Query_26773	XM_036901998.1	100.000	21	0	0	1	21	468	448	2.1	39.2
Query_26773	XM_036901997.1	100.000	21	0	0	1	21	254	234	2.1	39.2
Query_26773	XM_036901996.1	100.000	21	0	0	1	21	342	322	2.1	39.2
Query_26773	XM_036417747.1	100.000	21	0	0	1	21	273	253	2.1	39.2
Query_26773	XM_036417745.1	100.000	21	0	0	1	21	323	303	2.1	39.2
Query_26773	XM_036417744.1	100.000	21	0	0	1	21	152	132	2.1	39.2
Query_26773	XM_036417743.1	100.000	21	0	0	1	21	385	365	2.1	39.2
Query_26773	XM_036417742.1	100.000	21	0	0	1	21	366	346	2.1	39.2
Query_26773	XM_036323836.1	100.000	21	0	0	1	21	106	86	2.1	39.2
Query_26773	XM_036323834.1	100.000	21	0	0	1	21	609	589	2.1	39.2
Query_26773	XR_004970150.1	100.000	21	0	0	1	21	598	578	2.1	39.2
Query_26773	XM_036323833.1	100.000	21	0	0	1	21	391	371	2.1	39.2
Query_26773	XM_036244480.1	100.000	21	0	0	1	21	356	336	2.1	39.2
Query_26773	XM_036244479.1	100.000	21	0	0	1	21	287	267	2.1	39.2
Query_26773	XM_036244478.1	100.000	21	0	0	1	21	397	377	2.1	39.2
Query_26773	XM_036244476.1	100.000	21	0	0	1	21	309	289	2.1	39.2
Query_26773	XM_036244475.1	100.000	21	0	0	1	21	326	306	2.1	39.2
Query_26773	XM_036253164.1	100.000	21	0	0	1	21	257	237	2.1	39.2
Query_26773	XM_036229301.1	100.000	21	0	0	1	21	462	442	2.1	39.2
Query_26773	XM_016143743.2	100.000	21	0	0	1	21	326	306	2.1	39.2
Query_26773	XM_036229300.1	100.000	21	0	0	1	21	3105	3085	2.1	39.2
Query_26773	XM_016143742.2	100.000	21	0	0	1	21	333	313	2.1	39.2
Query_26773	AP023480.1	100.000	21	0	0	1	21	48146620	48146640	2.1	39.2
Query_26773	XM_036064668.1	100.000	21	0	0	1	21	255	235	2.1	39.2
Query_26773	XM_036064666.1	100.000	21	0	0	1	21	306	286	2.1	39.2
Query_26773	XM_036064665.1	100.000	21	0	0	1	21	255	235	2.1	39.2


