# blastn
# Iteration: 0
# Query: 
# RID: 72K89M2W016
# Database: nt
# Fields: query acc.ver, subject acc.ver, % identity, alignment length, mismatches, gap opens, q. start, q. end, s. start, s. end, evalue, bit score
# 89 hits found
Query_25791	XM_035027437.1	100.000	21	0	0	1	21	473	453	2.1	39.2
Query_25791	XM_003828171.2	100.000	21	0	0	1	21	303	283	2.1	39.2
Query_25791	AP023165.1	100.000	21	0	0	1	21	44115199	44115219	2.1	39.2
Query_25791	XM_019800199.2	100.000	21	0	0	1	21	256	236	2.1	39.2
Query_25791	XM_034506878.1	100.000	21	0	0	1	21	301	281	2.1	39.2
Query_25791	XM_033847962.1	100.000	21	0	0	1	21	290	270	2.1	39.2
Query_25791	CP050593.1	100.000	21	0	0	1	21	19169079	19169059	2.1	39.2
Query_25791	CP050635.1	100.000	21	0	0	1	21	19172995	19172975	2.1	39.2
Query_25791	XM_033088999.1	100.000	21	0	0	1	21	328	308	2.1	39.2
Query_25791	XM_032457288.1	100.000	21	0	0	1	21	356	336	2.1	39.2
Query_25791	XM_032396643.1	100.000	21	0	0	1	21	259	239	2.1	39.2
Query_25791	XM_032279486.1	100.000	21	0	0	1	21	2401	2381	2.1	39.2
Query_25791	XM_032163779.1	100.000	21	0	0	1	21	303	283	2.1	39.2
Query_25791	XM_006217479.2	100.000	21	0	0	1	21	340	320	2.1	39.2
Query_25791	XM_031469764.1	100.000	21	0	0	1	21	356	336	2.1	39.2
Query_25791	XM_004041540.3	100.000	21	0	0	1	21	303	283	2.1	39.2
Query_25791	XM_030848975.1	100.000	21	0	0	1	21	277	257	2.1	39.2
Query_25791	XM_030848974.1	100.000	21	0	0	1	21	290	270	2.1	39.2
Query_25791	XM_003270772.2	100.000	21	0	0	1	21	303	283	2.1	39.2
Query_25791	XM_022565170.2	100.000	21	0	0	1	21	500	480	2.1	39.2
Query_25791	XM_030294706.1	100.000	21	0	0	1	21	256	236	2.1	39.2
Query_25791	XM_029926925.1	100.000	21	0	0	1	21	287	267	2.1	39.2
Query_25791	XM_029212625.1	100.000	21	0	0	1	21	290	270	2.1	39.2
Query_25791	AY358627.2	100.000	21	0	0	1	21	292	272	2.1	39.2
Query_25791	XM_007127969.2	100.000	21	0	0	1	21	296	276	2.1	39.2
Query_25791	NM_025237.3	100.000	21	0	0	1	21	309	289	2.1	39.2
Query_25791	XM_027098941.1	100.000	21	0	0	1	21	323	303	2.1	39.2
Query_25791	XM_027098940.1	100.000	21	0	0	1	21	311	291	2.1	39.2
Query_25791	XM_027048934.1	100.000	21	0	0	1	21	2837	2817	2.1	39.2
Query_25791	XM_026512270.1	100.000	21	0	0	1	21	259	239	2.1	39.2
Query_25791	XM_008149295.2	100.000	21	0	0	1	21	438	418	2.1	39.2
Query_25791	CP034495.1	100.000	21	0	0	1	21	41833093	41833113	2.1	39.2
Query_25791	XM_025986939.1	100.000	21	0	0	1	21	413	393	2.1	39.2
Query_25791	XM_025917641.1	100.000	21	0	0	1	21	256	236	2.1	39.2
Query_25791	XM_001153653.5	100.000	21	0	0	1	21	406	386	2.1	39.2
Query_25791	XM_002827467.3	100.000	21	0	0	1	21	300	280	2.1	39.2
Query_25791	XM_006092295.3	100.000	21	0	0	1	21	305	285	2.1	39.2
Query_25791	XM_001917501.5	100.000	21	0	0	1	21	2543	2523	2.1	39.2
Query_25791	XM_011377213.2	100.000	21	0	0	1	21	294	274	2.1	39.2
Query_25791	XM_004468011.2	100.000	21	0	0	1	21	267	247	2.1	39.2
Query_25791	XM_011289261.3	100.000	21	0	0	1	21	3230	3210	2.1	39.2
Query_25791	XM_021681649.1	100.000	21	0	0	1	21	259	239	2.1	39.2
Query_25791	XM_003131361.3	100.000	21	0	0	1	21	625	605	2.1	39.2
Query_25791	LT735545.1	100.000	21	0	0	1	21	746	726	2.1	39.2
Query_25791	XM_019665562.1	100.000	21	0	0	1	21	338	318	2.1	39.2
Query_25791	XM_019434924.1	100.000	21	0	0	1	21	2834	2814	2.1	39.2
Query_25791	XM_006910090.2	100.000	21	0	0	1	21	275	255	2.1	39.2
Query_25791	XM_006776900.2	100.000	21	0	0	1	21	287	267	2.1	39.2
Query_25791	XM_014849316.1	100.000	21	0	0	1	21	859	839	2.1	39.2
Query_25791	XM_004432532.2	100.000	21	0	0	1	21	818	798	2.1	39.2
Query_25791	XM_012786643.1	100.000	21	0	0	1	21	557	537	2.1	39.2
Query_25791	XM_012659081.1	100.000	21	0	0	1	21	299	279	2.1	39.2
Query_25791	XM_012443855.1	100.000	21	0	0	1	21	300	280	2.1	39.2
Query_25791	XM_010959585.1	100.000	21	0	0	1	21	256	236	2.1	39.2
Query_25791	XM_008542409.1	100.000	21	0	0	1	21	859	839	2.1	39.2
Query_25791	KJ893769.1	100.000	21	0	0	1	21	327	307	2.1	39.2
Query_25791	XM_007455080.1	100.000	21	0	0	1	21	276	256	2.1	39.2
Query_25791	XM_007180240.1	100.000	21	0	0	1	21	256	236	2.1	39.2
Query_25791	XM_006738798.1	100.000	21	0	0	1	21	275	255	2.1	39.2
Query_25791	XM_004620979.1	100.000	21	0	0	1	21	259	239	2.1	39.2
Query_25791	XM_040497706.1	100.000	21	0	0	1	21	2803	2783	2.1	39.2
Query_25791	HG994394.1	100.000	21	0	0	1	21	41713938	41713958	2.1	39.2
Query_25791	XM_039846848.1	100.000	21	0	0	1	21	294	274	2.1	39.2
Query_25791	XM_003943647.2	100.000	21	0	0	1	21	303	283	2.1	39.2
Query_25791	XM_039220888.1	100.000	21	0	0	1	21	311	291	2.1	39.2
Query_25791	CP068261.1	100.000	21	0	0	1	21	44608574	44608594	2.1	39.2
Query_25791	XM_038675186.1	100.000	21	0	0	1	21	455	435	2.1	39.2
Query_25791	XM_548071.7	100.000	21	0	0	1	21	455	435	2.1	39.2
Query_25791	XM_037810786.1	100.000	21	0	0	1	21	291	271	2.1	39.2
Query_25791	XM_017516182.2	100.000	21	0	0	1	21	2095	2075	2.1	39.2
Query_25791	XM_037491595.1	100.000	21	0	0	1	21	345	325	2.1	39.2
Query_25791	XM_037144680.1	100.000	21	0	0	1	21	259	239	2.1	39.2
Query_25791	XM_017645453.2	100.000	21	0	0	1	21	6908	6888	2.1	39.2
Query_25791	XM_036883228.1	100.000	21	0	0	1	21	2816	2796	2.1	39.2
Query_25791	XM_036837604.1	100.000	21	0	0	1	21	290	270	2.1	39.2
Query_25791	XM_016139657.2	100.000	21	0	0	1	21	6565	6545	2.1	39.2
Query_25791	AP023477.1	100.000	21	0	0	1	21	41451764	41451784	2.1	39.2
Query_25791	XM_036071304.1	100.000	21	0	0	1	21	470	450	2.1	39.2
Query_25791	XM_028521821.2	100.000	21	0	0	1	21	333	313	2.1	39.2
Query_25791	XM_025440522.2	100.000	21	0	0	1	21	455	435	2.1	39.2
Query_25791	XM_035303470.1	100.000	21	0	0	1	21	339	319	2.1	39.2
Query_25791	NG_008078.2	100.000	21	0	0	1	21	8064	8044	2.1	39.2
Query_25791	AC003098.2	100.000	21	0	0	1	21	6252	6272	2.1	39.2
Query_25791	AY358203.1	100.000	21	0	0	1	21	576	556	2.1	39.2
Query_25791	BC101086.1	100.000	21	0	0	1	21	286	266	2.1	39.2
Query_25791	AC055813.9	100.000	21	0	0	1	21	63176	63196	2.1	39.2
Query_25791	AF331844.1	100.000	21	0	0	1	21	296	276	2.1	39.2
Query_25791	AF326739.1	100.000	21	0	0	1	21	306	286	2.1	39.2
Query_25791	AF326736.1	100.000	21	0	0	1	21	14977	14957	2.1	39.2


