# blastn
# Iteration: 0
# Query: 
# RID: 73MPDDFY013
# Database: nt
# Fields: query acc.ver, subject acc.ver, % identity, alignment length, mismatches, gap opens, q. start, q. end, s. start, s. end, evalue, bit score
# 100 hits found
Query_37269	XM_035027375.1	100.000	21	0	0	1	21	1207	1187	2.1	39.2
Query_37269	XM_003817410.4	100.000	21	0	0	1	21	1134	1114	2.1	39.2
Query_37269	AP023165.1	100.000	21	0	0	1	21	32209190	32209210	2.1	39.2
Query_37269	XM_019795727.2	100.000	21	0	0	1	21	1229	1209	2.1	39.2
Query_37269	XM_034504298.1	100.000	21	0	0	1	21	1228	1208	2.1	39.2
Query_37269	XM_019945282.2	100.000	21	0	0	1	21	1216	1196	2.1	39.2
Query_37269	XM_010620341.3	100.000	21	0	0	1	21	261	241	2.1	39.2
Query_37269	XM_004271794.3	100.000	21	0	0	1	21	1236	1216	2.1	39.2
Query_37269	CP050593.1	100.000	21	0	0	1	21	31020652	31020632	2.1	39.2
Query_37269	CP050635.1	100.000	21	0	0	1	21	31022359	31022339	2.1	39.2
Query_37269	XM_033183585.1	100.000	21	0	0	1	21	1143	1123	2.1	39.2
Query_37269	XM_032913970.1	100.000	21	0	0	1	21	1208	1188	2.1	39.2
Query_37269	XR_004384313.1	100.000	21	0	0	1	21	1456	1436	2.1	39.2
Query_37269	XM_032872008.1	100.000	21	0	0	1	21	1456	1436	2.1	39.2
Query_37269	XM_032615033.1	100.000	21	0	0	1	21	1221	1201	2.1	39.2
Query_37269	XM_006181400.3	100.000	21	0	0	1	21	1232	1212	2.1	39.2
Query_37269	XM_032428988.1	100.000	21	0	0	1	21	1214	1194	2.1	39.2
Query_37269	XM_032321978.1	100.000	21	0	0	1	21	1584	1564	2.1	39.2
Query_37269	XM_032280103.1	100.000	21	0	0	1	21	1233	1213	2.1	39.2
Query_37269	XM_032162573.1	100.000	21	0	0	1	21	1143	1123	2.1	39.2
Query_37269	LR738418.1	100.000	21	0	0	1	21	31286125	31286105	2.1	39.2
Query_37269	XM_023203969.3	100.000	21	0	0	1	21	1142	1122	2.1	39.2
Query_37269	XM_006216420.2	100.000	21	0	0	1	21	290	270	2.1	39.2
Query_37269	XM_003912784.4	100.000	21	0	0	1	21	1219	1199	2.1	39.2
Query_37269	XM_031468094.1	100.000	21	0	0	1	21	1117	1097	2.1	39.2
Query_37269	XM_031351580.1	100.000	21	0	0	1	21	1505	1485	2.1	39.2
Query_37269	XM_019026567.2	100.000	21	0	0	1	21	1193	1173	2.1	39.2
Query_37269	XM_010380650.2	100.000	21	0	0	1	21	1143	1123	2.1	39.2
Query_37269	XM_030881597.1	100.000	21	0	0	1	21	1213	1193	2.1	39.2
Query_37269	XM_003272285.3	100.000	21	0	0	1	21	1495	1475	2.1	39.2
Query_37269	MH729718.1	100.000	21	0	0	1	21	624	604	2.1	39.2
Query_37269	MH729717.1	100.000	21	0	0	1	21	624	604	2.1	39.2
Query_37269	MH729716.1	100.000	21	0	0	1	21	624	604	2.1	39.2
Query_37269	MH729715.1	100.000	21	0	0	1	21	624	604	2.1	39.2
Query_37269	MH729714.1	100.000	21	0	0	1	21	624	604	2.1	39.2
Query_37269	MH729713.1	100.000	21	0	0	1	21	624	604	2.1	39.2
Query_37269	NM_005450.6	100.000	21	0	0	1	21	1149	1129	2.1	39.2
Query_37269	XM_030296487.1	100.000	21	0	0	1	21	1255	1235	2.1	39.2
Query_37269	XM_029928309.1	100.000	21	0	0	1	21	838	818	2.1	39.2
Query_37269	XM_008838436.3	100.000	21	0	0	1	21	1251	1231	2.1	39.2
Query_37269	XM_021212898.2	100.000	21	0	0	1	21	1218	1198	2.1	39.2
Query_37269	XM_021178260.2	100.000	21	0	0	1	21	817	797	2.1	39.2
Query_37269	XM_029212779.1	100.000	21	0	0	1	21	1144	1124	2.1	39.2
Query_37269	XM_028772481.1	100.000	21	0	0	1	21	1157	1137	2.1	39.2
Query_37269	XM_027087081.1	100.000	21	0	0	1	21	1213	1193	2.1	39.2
Query_37269	XM_027034179.1	100.000	21	0	0	1	21	1255	1235	2.1	39.2
Query_37269	XM_005350519.2	100.000	21	0	0	1	21	638	618	2.1	39.2
Query_37269	XM_026517916.1	100.000	21	0	0	1	21	1090	1070	2.1	39.2
Query_37269	XM_026407803.1	100.000	21	0	0	1	21	1206	1186	2.1	39.2
Query_37269	XM_008147742.2	100.000	21	0	0	1	21	1273	1253	2.1	39.2
Query_37269	XM_028164964.1	100.000	21	0	0	1	21	648	628	2.1	39.2
Query_37269	XM_028092977.1	100.000	21	0	0	1	21	624	604	2.1	39.2
Query_37269	XM_027950363.1	100.000	21	0	0	1	21	1147	1127	2.1	39.2
Query_37269	CP034495.1	100.000	21	0	0	1	21	54672208	54672188	2.1	39.2
Query_37269	XM_027519023.1	100.000	21	0	0	1	21	852	832	2.1	39.2
Query_37269	XM_025996239.1	100.000	21	0	0	1	21	576	556	2.1	39.2
Query_37269	XM_025851038.1	100.000	21	0	0	1	21	624	604	2.1	39.2
Query_37269	MF480653.1	100.000	21	0	0	1	21	651	631	2.1	39.2
Query_37269	XM_006076220.2	100.000	21	0	0	1	21	824	804	2.1	39.2
Query_37269	XM_006924856.3	100.000	21	0	0	1	21	968	948	2.1	39.2
Query_37269	XM_002695554.6	100.000	21	0	0	1	21	1219	1199	2.1	39.2
Query_37269	XM_011732968.2	100.000	21	0	0	1	21	1254	1234	2.1	39.2
Query_37269	XM_024757637.1	100.000	21	0	0	1	21	963	943	2.1	39.2
Query_37269	XM_024573455.1	100.000	21	0	0	1	21	1133	1113	2.1	39.2
Query_37269	XM_523802.6	100.000	21	0	0	1	21	1204	1184	2.1	39.2
Query_37269	CP027087.1	100.000	21	0	0	1	21	7101800	7101780	2.1	39.2
Query_37269	XM_040497066.1	100.000	21	0	0	1	21	1255	1235	2.1	39.2
Query_37269	XM_005321598.3	100.000	21	0	0	1	21	1240	1220	2.1	39.2
Query_37269	XM_040244285.1	100.000	21	0	0	1	21	1277	1257	2.1	39.2
Query_37269	HG994394.1	100.000	21	0	0	1	21	29720325	29720345	2.1	39.2
Query_37269	XM_039885709.1	100.000	21	0	0	1	21	1143	1123	2.1	39.2
Query_37269	XM_003931333.3	100.000	21	0	0	1	21	1804	1784	2.1	39.2
Query_37269	XM_039241125.1	100.000	21	0	0	1	21	1212	1192	2.1	39.2
Query_37269	CP068261.1	100.000	21	0	0	1	21	57471260	57471240	2.1	39.2
Query_37269	XM_038675217.1	100.000	21	0	0	1	21	733	713	2.1	39.2
Query_37269	XM_005624988.2	100.000	21	0	0	1	21	727	707	2.1	39.2
Query_37269	XM_038329121.1	100.000	21	0	0	1	21	624	604	2.1	39.2
Query_37269	XM_008011393.2	100.000	21	0	0	1	21	1210	1190	2.1	39.2
Query_37269	XM_037809573.1	100.000	21	0	0	1	21	1209	1189	2.1	39.2
Query_37269	XM_017538823.2	100.000	21	0	0	1	21	1142	1122	2.1	39.2
Query_37269	XM_037493704.1	100.000	21	0	0	1	21	1118	1098	2.1	39.2
Query_37269	XM_028878202.2	100.000	21	0	0	1	21	1160	1140	2.1	39.2
Query_37269	XM_037163726.1	100.000	21	0	0	1	21	1196	1176	2.1	39.2
Query_37269	XM_017654997.2	100.000	21	0	0	1	21	1232	1212	2.1	39.2
Query_37269	XM_036879834.1	100.000	21	0	0	1	21	1225	1205	2.1	39.2
Query_37269	XM_036454376.1	100.000	21	0	0	1	21	1028	1008	2.1	39.2
Query_37269	XM_036342124.1	100.000	21	0	0	1	21	657	637	2.1	39.2
Query_37269	XM_036269265.1	100.000	21	0	0	1	21	1156	1136	2.1	39.2
Query_37269	XM_016155130.2	100.000	21	0	0	1	21	1213	1193	2.1	39.2
Query_37269	AP023477.1	100.000	21	0	0	1	21	54044060	54044040	2.1	39.2
Query_37269	XM_036198140.1	100.000	21	0	0	1	21	1157	1137	2.1	39.2
Query_37269	XM_036106165.1	100.000	21	0	0	1	21	1224	1204	2.1	39.2
Query_37269	XM_028520706.2	100.000	21	0	0	1	21	1215	1195	2.1	39.2
Query_37269	LR877227.1	100.000	21	0	0	1	21	16109833	16109853	2.1	39.2
Query_37269	XM_025440587.2	100.000	21	0	0	1	21	739	719	2.1	39.2
Query_37269	XM_027626595.2	100.000	21	0	0	1	21	1208	1188	2.1	39.2
Query_37269	LR862372.1	100.000	21	0	0	1	21	24407296	24407276	2.1	39.2
Query_37269	XM_027426115.2	100.000	21	0	0	1	21	624	604	2.1	39.2
Query_37269	XM_007624075.3	100.000	21	0	0	1	21	282	262	2.1	39.2
Query_37269	XM_002748399.4	100.000	21	0	0	1	21	1144	1124	2.1	39.2


