# blastn
# Iteration: 0
# Query: 
# RID: 7J66B520013
# Database: nt
# Fields: query acc.ver, subject acc.ver, % identity, alignment length, mismatches, gap opens, q. start, q. end, s. start, s. end, evalue, bit score
# 100 hits found
Query_22275	XM_034986442.1	100.000	21	0	0	1	21	548	528	2.1	39.2
Query_22275	XM_034945734.1	100.000	21	0	0	1	21	471	451	2.1	39.2
Query_22275	AP023166.1	100.000	21	0	0	1	21	5448559	5448579	2.1	39.2
Query_22275	XM_011234637.3	100.000	21	0	0	1	21	199	179	2.1	39.2
Query_22275	XM_033970510.1	100.000	21	0	0	1	21	414	394	2.1	39.2
Query_22275	XM_033970508.1	100.000	21	0	0	1	21	426	406	2.1	39.2
Query_22275	XM_033970507.1	100.000	21	0	0	1	21	493	473	2.1	39.2
Query_22275	XM_033844831.1	100.000	21	0	0	1	21	760	740	2.1	39.2
Query_22275	XM_004283250.2	100.000	21	0	0	1	21	760	740	2.1	39.2
Query_22275	XM_033224775.1	100.000	21	0	0	1	21	816	796	2.1	39.2
Query_22275	XM_033127806.1	100.000	21	0	0	1	21	751	731	2.1	39.2
Query_22275	XM_032957981.1	100.000	21	0	0	1	21	498	478	2.1	39.2
Query_22275	XM_032847714.1	100.000	21	0	0	1	21	294	274	2.1	39.2
Query_22275	XM_032614966.1	100.000	21	0	0	1	21	760	740	2.1	39.2
Query_22275	XM_032487481.1	100.000	21	0	0	1	21	760	740	2.1	39.2
Query_22275	XM_014564844.2	100.000	21	0	0	1	21	280	260	2.1	39.2
Query_22275	XM_032388640.1	100.000	21	0	0	1	21	889	869	2.1	39.2
Query_22275	XM_032324808.1	100.000	21	0	0	1	21	700	680	2.1	39.2
Query_22275	XM_032263313.1	100.000	21	0	0	1	21	805	785	2.1	39.2
Query_22275	XM_032171460.1	100.000	21	0	0	1	21	531	511	2.1	39.2
Query_22275	LR738419.1	100.000	21	0	0	1	21	60206961	60206981	2.1	39.2
Query_22275	XM_023197562.3	100.000	21	0	0	1	21	812	792	2.1	39.2
Query_22275	NM_001194143.2	100.000	21	0	0	1	21	894	874	2.1	39.2
Query_22275	LR738628.1	100.000	21	0	0	1	21	74931573	74931593	2.1	39.2
Query_22275	LR738606.1	100.000	21	0	0	1	21	66406384	66406364	2.1	39.2
Query_22275	XM_031659367.1	100.000	21	0	0	1	21	885	865	2.1	39.2
Query_22275	XM_010989212.2	100.000	21	0	0	1	21	753	733	2.1	39.2
Query_22275	XM_031457488.1	100.000	21	0	0	1	21	688	668	2.1	39.2
Query_22275	XM_006747778.2	100.000	21	0	0	1	21	789	769	2.1	39.2
Query_22275	XM_004061618.3	100.000	21	0	0	1	21	823	803	2.1	39.2
Query_22275	XR_002003000.2	100.000	21	0	0	1	21	407	387	2.1	39.2
Query_22275	XM_010361181.2	100.000	21	0	0	1	21	790	770	2.1	39.2
Query_22275	XM_030848376.1	100.000	21	0	0	1	21	760	740	2.1	39.2
Query_22275	XM_030819428.1	100.000	21	0	0	1	21	1119	1099	2.1	39.2
Query_22275	XM_022564888.2	100.000	21	0	0	1	21	781	761	2.1	39.2
Query_22275	XM_030297580.1	100.000	21	0	0	1	21	306	286	2.1	39.2
Query_22275	XM_029926448.1	100.000	21	0	0	1	21	284	264	2.1	39.2
Query_22275	XM_008822792.3	100.000	21	0	0	1	21	323	303	2.1	39.2
Query_22275	XM_029240889.1	100.000	21	0	0	1	21	823	803	2.1	39.2
Query_22275	NM_003969.4	100.000	21	0	0	1	21	474	454	2.1	39.2
Query_22275	AC279043.1	100.000	21	0	0	1	21	33404	33424	2.1	39.2
Query_22275	AC279022.1	100.000	21	0	0	1	21	49882	49902	2.1	39.2
Query_22275	XM_007123110.3	100.000	21	0	0	1	21	815	795	2.1	39.2
Query_22275	XM_027097413.1	100.000	21	0	0	1	21	823	803	2.1	39.2
Query_22275	XM_027037588.1	100.000	21	0	0	1	21	334	314	2.1	39.2
Query_22275	XM_013351477.2	100.000	21	0	0	1	21	443	423	2.1	39.2
Query_22275	XM_026721574.1	100.000	21	0	0	1	21	687	667	2.1	39.2
Query_22275	XM_026689970.1	100.000	21	0	0	1	21	684	664	2.1	39.2
Query_22275	XM_026489448.1	100.000	21	0	0	1	21	301	281	2.1	39.2
Query_22275	XM_026379772.1	100.000	21	0	0	1	21	826	806	2.1	39.2
Query_22275	XM_008161091.2	100.000	21	0	0	1	21	283	263	2.1	39.2
Query_22275	XM_028138389.1	100.000	21	0	0	1	21	283	263	2.1	39.2
Query_22275	XM_028093366.1	100.000	21	0	0	1	21	503	483	2.1	39.2
Query_22275	XM_027978947.1	100.000	21	0	0	1	21	293	273	2.1	39.2
Query_22275	XM_027978946.1	100.000	21	0	0	1	21	328	308	2.1	39.2
Query_22275	XM_027978945.1	100.000	21	0	0	1	21	293	273	2.1	39.2
Query_22275	XM_027921197.1	100.000	21	0	0	1	21	837	817	2.1	39.2
Query_22275	CP034522.1	100.000	21	0	0	1	21	59008258	59008278	2.1	39.2
Query_22275	CP034497.1	100.000	21	0	0	1	21	59008258	59008278	2.1	39.2
Query_22275	CP034494.1	100.000	21	0	0	1	21	34344370	34344390	2.1	39.2
Query_22275	XM_027619724.1	100.000	21	0	0	1	21	503	483	2.1	39.2
Query_22275	XM_027514594.1	100.000	21	0	0	1	21	807	787	2.1	39.2
Query_22275	XM_025849383.1	100.000	21	0	0	1	21	503	483	2.1	39.2
Query_22275	XM_025848705.1	100.000	21	0	0	1	21	503	483	2.1	39.2
Query_22275	XM_025367066.1	100.000	21	0	0	1	21	1086	1066	2.1	39.2
Query_22275	XM_025367065.1	100.000	21	0	0	1	21	1086	1066	2.1	39.2
Query_22275	XM_025270420.1	100.000	21	0	0	1	21	348	328	2.1	39.2
Query_22275	XM_006067295.2	100.000	21	0	0	1	21	330	310	2.1	39.2
Query_22275	XM_015458446.2	100.000	21	0	0	1	21	807	787	2.1	39.2
Query_22275	XM_040465311.1	100.000	21	0	0	1	21	327	307	2.1	39.2
Query_22275	XM_040290859.1	100.000	21	0	0	1	21	267	247	2.1	39.2
Query_22275	XM_040251831.1	100.000	21	0	0	1	21	326	306	2.1	39.2
Query_22275	XM_040251830.1	100.000	21	0	0	1	21	765	745	2.1	39.2
Query_22275	XM_040251829.1	100.000	21	0	0	1	21	765	745	2.1	39.2
Query_22275	XM_029073406.2	100.000	21	0	0	1	21	323	303	2.1	39.2
Query_22275	XM_039868785.1	100.000	21	0	0	1	21	804	784	2.1	39.2
Query_22275	XM_039466383.1	100.000	21	0	0	1	21	1081	1061	2.1	39.2
Query_22275	XM_039225255.1	100.000	21	0	0	1	21	794	774	2.1	39.2
Query_22275	CP068262.1	100.000	21	0	0	1	21	38958963	38958943	2.1	39.2
Query_22275	CP068259.1	100.000	21	0	0	1	21	61654565	61654585	2.1	39.2
Query_22275	XM_038752759.1	100.000	21	0	0	1	21	290	270	2.1	39.2
Query_22275	XM_038338840.1	100.000	21	0	0	1	21	808	788	2.1	39.2
Query_22275	XM_007998466.2	100.000	21	0	0	1	21	998	978	2.1	39.2
Query_22275	XM_017509655.2	100.000	21	0	0	1	21	736	716	2.1	39.2
Query_22275	XM_037517301.1	100.000	21	0	0	1	21	346	326	2.1	39.2
Query_22275	XM_028884903.2	100.000	21	0	0	1	21	493	473	2.1	39.2
Query_22275	XM_037148485.1	100.000	21	0	0	1	21	422	402	2.1	39.2
Query_22275	XM_036833162.1	100.000	21	0	0	1	21	763	743	2.1	39.2
Query_22275	XM_036426083.1	100.000	21	0	0	1	21	452	432	2.1	39.2
Query_22275	XM_036273895.1	100.000	21	0	0	1	21	452	432	2.1	39.2
Query_22275	XM_016125757.2	100.000	21	0	0	1	21	479	459	2.1	39.2
Query_22275	AP023487.1	100.000	21	0	0	1	21	318953	318973	2.1	39.2
Query_22275	AP023479.1	100.000	21	0	0	1	21	59039698	59039718	2.1	39.2
Query_22275	XM_036168406.1	100.000	21	0	0	1	21	518	498	2.1	39.2
Query_22275	XM_036079788.1	100.000	21	0	0	1	21	503	483	2.1	39.2
Query_22275	XM_028530497.2	100.000	21	0	0	1	21	386	366	2.1	39.2
Query_22275	AC280253.1	100.000	21	0	0	1	21	158085	158105	2.1	39.2
Query_22275	XM_035449239.1	100.000	21	0	0	1	21	181	161	2.1	39.2
Query_22275	XM_027431227.2	100.000	21	0	0	1	21	307	287	2.1	39.2
Query_22275	XM_017967523.2	100.000	21	0	0	1	21	1077	1057	2.1	39.2


