# blastn
# Iteration: 0
# Query: 
# RID: 6KXZGM3A016
# Database: nt
# Fields: query acc.ver, subject acc.ver, % identity, alignment length, mismatches, gap opens, q. start, q. end, s. start, s. end, evalue, bit score
# 56 hits found
Query_53701	XM_003822660.3	100.000	21	0	0	1	21	3272	3252	2.0	39.2
Query_53701	XM_033175808.1	100.000	21	0	0	1	21	2912	2892	2.0	39.2
Query_53701	XM_033124372.1	100.000	21	0	0	1	21	2623	2603	2.0	39.2
Query_53701	XM_032239463.1	100.000	21	0	0	1	21	2802	2782	2.0	39.2
Query_53701	XM_032239461.1	100.000	21	0	0	1	21	2757	2737	2.0	39.2
Query_53701	XM_032178589.1	100.000	21	0	0	1	21	2470	2450	2.0	39.2
Query_53701	XM_023223830.2	100.000	21	0	0	1	21	3056	3036	2.0	39.2
Query_53701	MN297719.1	100.000	21	0	0	1	21	205	185	2.0	39.2
Query_53701	XM_003908598.4	100.000	21	0	0	1	21	3048	3028	2.0	39.2
Query_53701	XM_031007930.1	100.000	21	0	0	1	21	3068	3048	2.0	39.2
Query_53701	XM_030920698.1	100.000	21	0	0	1	21	2906	2886	2.0	39.2
Query_53701	XM_030799595.1	100.000	21	0	0	1	21	3065	3045	2.0	39.2
Query_53701	XM_015112284.2	100.000	21	0	0	1	21	3456	3436	2.0	39.2
Query_53701	NM_012249.4	100.000	21	0	0	1	21	3076	3056	2.0	39.2
Query_53701	XM_006159892.3	100.000	21	0	0	1	21	2489	2469	2.0	39.2
Query_53701	XM_006159891.3	100.000	21	0	0	1	21	2582	2562	2.0	39.2
Query_53701	XM_025353647.1	100.000	21	0	0	1	21	2827	2807	2.0	39.2
Query_53701	XM_011713140.2	100.000	21	0	0	1	21	3018	2998	2.0	39.2
Query_53701	XM_016948475.2	100.000	21	0	0	1	21	3046	3026	2.0	39.2
Query_53701	XM_016948474.2	100.000	21	0	0	1	21	2907	2887	2.0	39.2
Query_53701	XM_002812061.4	100.000	21	0	0	1	21	2819	2799	2.0	39.2
Query_53701	XM_021719398.1	100.000	21	0	0	1	21	2793	2773	2.0	39.2
Query_53701	XM_012473755.2	100.000	21	0	0	1	21	2804	2784	2.0	39.2
Query_53701	XM_017862694.1	100.000	21	0	0	1	21	2896	2876	2.0	39.2
Query_53701	XM_011532728.2	100.000	21	0	0	1	21	2404	2384	2.0	39.2
Query_53701	XM_017003716.1	100.000	21	0	0	1	21	3288	3268	2.0	39.2
Query_53701	XM_011532726.2	100.000	21	0	0	1	21	3131	3111	2.0	39.2
Query_53701	XM_015433694.1	100.000	21	0	0	1	21	3352	3332	2.0	39.2
Query_53701	XM_005575962.2	100.000	21	0	0	1	21	2666	2646	2.0	39.2
Query_53701	XM_012070312.1	100.000	21	0	0	1	21	3365	3345	2.0	39.2
Query_53701	XM_012070311.1	100.000	21	0	0	1	21	2833	2813	2.0	39.2
Query_53701	XM_011965779.1	100.000	21	0	0	1	21	2850	2830	2.0	39.2
Query_53701	XM_011936021.1	100.000	21	0	0	1	21	2577	2557	2.0	39.2
Query_53701	XM_005264229.2	100.000	21	0	0	1	21	2540	2520	2.0	39.2
Query_53701	XM_008575355.1	100.000	21	0	0	1	21	2493	2473	2.0	39.2
Query_53701	NG_023007.2	100.000	21	0	0	1	21	2914	2894	2.0	39.2
Query_53701	XM_003926747.3	100.000	21	0	0	1	21	3042	3022	2.0	39.2
Query_53701	XM_038006885.1	100.000	21	0	0	1	21	2541	2521	2.0	39.2
Query_53701	XM_007970741.2	100.000	21	0	0	1	21	3046	3026	2.0	39.2
Query_53701	XM_037732867.1	100.000	21	0	0	1	21	2667	2647	2.0	39.2
Query_53701	XM_017512722.2	100.000	21	0	0	1	21	3048	3028	2.0	39.2
Query_53701	XM_036990802.1	100.000	21	0	0	1	21	2866	2846	2.0	39.2
Query_53701	XM_036925856.1	100.000	21	0	0	1	21	2993	2973	2.0	39.2
Query_53701	AC280214.1	100.000	21	0	0	1	21	181781	181801	2.0	39.2
Query_53701	XR_004733630.1	100.000	21	0	0	1	21	3698	3678	2.0	39.2
Query_53701	XM_002757794.5	100.000	21	0	0	1	21	3534	3514	2.0	39.2
Query_53701	EU794657.1	100.000	21	0	0	1	21	2838	2818	2.0	39.2
Query_53701	BC013135.1	100.000	21	0	0	1	21	2998	2978	2.0	39.2
Query_53701	AC185990.2	100.000	21	0	0	1	21	124009	124029	2.0	39.2
Query_53701	AC183985.2	100.000	21	0	0	1	21	124266	124286	2.0	39.2
Query_53701	AC182490.3	100.000	21	0	0	1	21	101611	101631	2.0	39.2
Query_53701	AC120782.25	100.000	21	0	0	1	21	42854	42834	2.0	39.2
Query_53701	AC145214.1	100.000	21	0	0	1	21	39390	39370	2.0	39.2
Query_53701	AC073869.5	100.000	21	0	0	1	21	137762	137742	2.0	39.2
Query_53701	AC018682.4	100.000	21	0	0	1	21	117377	117357	2.0	39.2
Query_53701	XM_004686230.2	100.000	20	0	0	1	20	2506	2487	7.1	37.4


