# blastn
# Iteration: 0
# Query: 
# RID: 6S5DJ4NP01R
# Database: nt
# Fields: query acc.ver, subject acc.ver, % identity, alignment length, mismatches, gap opens, q. start, q. end, s. start, s. end, evalue, bit score
# 100 hits found
Query_158179	XM_008976634.2	100.000	21	0	0	1	21	368	348	2.0	39.2
Query_158179	XM_003823013.3	100.000	21	0	0	1	21	350	330	2.0	39.2
Query_158179	XM_010645083.3	100.000	21	0	0	1	21	324	304	2.0	39.2
Query_158179	XM_033198362.1	100.000	21	0	0	1	21	321	301	2.0	39.2
Query_158179	XM_033198361.1	100.000	21	0	0	1	21	343	323	2.0	39.2
Query_158179	XM_033198360.1	100.000	21	0	0	1	21	343	323	2.0	39.2
Query_158179	XM_033198359.1	100.000	21	0	0	1	21	343	323	2.0	39.2
Query_158179	XM_033198358.1	100.000	21	0	0	1	21	237	217	2.0	39.2
Query_158179	XR_004434096.1	100.000	21	0	0	1	21	343	323	2.0	39.2
Query_158179	XM_033198357.1	100.000	21	0	0	1	21	591	571	2.0	39.2
Query_158179	XM_033198356.1	100.000	21	0	0	1	21	343	323	2.0	39.2
Query_158179	XM_033099474.1	100.000	21	0	0	1	21	370	350	2.0	39.2
Query_158179	XM_033099473.1	100.000	21	0	0	1	21	418	398	2.0	39.2
Query_158179	XM_033099471.1	100.000	21	0	0	1	21	370	350	2.0	39.2
Query_158179	XM_032136927.1	100.000	21	0	0	1	21	326	306	2.0	39.2
Query_158179	XM_032136926.1	100.000	21	0	0	1	21	322	302	2.0	39.2
Query_158179	XM_023186845.3	100.000	21	0	0	1	21	705	685	2.0	39.2
Query_158179	XR_639001.4	100.000	21	0	0	1	21	366	346	2.0	39.2
Query_158179	XM_009189984.4	100.000	21	0	0	1	21	366	346	2.0	39.2
Query_158179	XR_004114407.1	100.000	21	0	0	1	21	249	229	2.0	39.2
Query_158179	XM_031383583.1	100.000	21	0	0	1	21	522	502	2.0	39.2
Query_158179	XM_031383577.1	100.000	21	0	0	1	21	313	293	2.0	39.2
Query_158179	XM_031383570.1	100.000	21	0	0	1	21	641	621	2.0	39.2
Query_158179	XM_030930251.1	100.000	21	0	0	1	21	327	307	2.0	39.2
Query_158179	XM_010378845.2	100.000	21	0	0	1	21	350	330	2.0	39.2
Query_158179	XM_030930243.1	100.000	21	0	0	1	21	350	330	2.0	39.2
Query_158179	XM_012502075.2	100.000	21	0	0	1	21	322	302	2.0	39.2
Query_158179	XM_029539057.1	100.000	21	0	0	1	21	300	280	2.0	39.2
Query_158179	XM_021198822.2	100.000	21	0	0	1	21	316	296	2.0	39.2
Query_158179	XM_015120156.2	100.000	21	0	0	1	21	321	301	2.0	39.2
Query_158179	XM_015120144.2	100.000	21	0	0	1	21	355	335	2.0	39.2
Query_158179	XM_015120123.2	100.000	21	0	0	1	21	355	335	2.0	39.2
Query_158179	XM_028764743.1	100.000	21	0	0	1	21	90	70	2.0	39.2
Query_158179	XM_028764742.1	100.000	21	0	0	1	21	340	320	2.0	39.2
Query_158179	XM_026456675.1	100.000	21	0	0	1	21	342	322	2.0	39.2
Query_158179	XM_023186848.2	100.000	21	0	0	1	21	342	322	2.0	39.2
Query_158179	XM_023186846.2	100.000	21	0	0	1	21	342	322	2.0	39.2
Query_158179	XM_023186844.2	100.000	21	0	0	1	21	342	322	2.0	39.2
Query_158179	XM_025391108.1	100.000	21	0	0	1	21	326	306	2.0	39.2
Query_158179	XM_025391104.1	100.000	21	0	0	1	21	322	302	2.0	39.2
Query_158179	NM_014176.4	100.000	21	0	0	1	21	293	273	2.0	39.2
Query_158179	XM_011746666.2	100.000	21	0	0	1	21	321	301	2.0	39.2
Query_158179	XM_011746665.2	100.000	21	0	0	1	21	692	672	2.0	39.2
Query_158179	XM_011746664.2	100.000	21	0	0	1	21	564	544	2.0	39.2
Query_158179	XM_011746662.2	100.000	21	0	0	1	21	346	326	2.0	39.2
Query_158179	XM_009440790.2	100.000	21	0	0	1	21	342	322	2.0	39.2
Query_158179	XM_024350983.1	100.000	21	0	0	1	21	662	642	2.0	39.2
Query_158179	XM_514102.6	100.000	21	0	0	1	21	353	333	2.0	39.2
Query_158179	XM_004375283.2	100.000	21	0	0	1	21	290	270	2.0	39.2
Query_158179	XM_003410227.3	100.000	21	0	0	1	21	605	585	2.0	39.2
Query_158179	XM_010590212.2	100.000	21	0	0	1	21	327	307	2.0	39.2
Query_158179	XM_023548265.1	100.000	21	0	0	1	21	2546	2526	2.0	39.2
Query_158179	XM_023186847.1	100.000	21	0	0	1	21	342	322	2.0	39.2
Query_158179	XM_003893291.3	100.000	21	0	0	1	21	366	346	2.0	39.2
Query_158179	XM_021706319.1	100.000	21	0	0	1	21	184	164	2.0	39.2
Query_158179	XM_021706318.1	100.000	21	0	0	1	21	252	232	2.0	39.2
Query_158179	XM_008072792.2	100.000	21	0	0	1	21	302	282	2.0	39.2
Query_158179	XM_021706317.1	100.000	21	0	0	1	21	253	233	2.0	39.2
Query_158179	XM_021636669.1	100.000	21	0	0	1	21	327	307	2.0	39.2
Query_158179	XM_021636668.1	100.000	21	0	0	1	21	341	321	2.0	39.2
Query_158179	XM_004921161.3	100.000	21	0	0	1	21	446	426	2.0	39.2
Query_158179	XM_021168726.1	100.000	21	0	0	1	21	347	327	2.0	39.2
Query_158179	LT735351.1	100.000	21	0	0	1	21	674	654	2.0	39.2
Query_158179	XM_009189991.2	100.000	21	0	0	1	21	321	301	2.0	39.2
Query_158179	XM_017896496.1	100.000	21	0	0	1	21	322	302	2.0	39.2
Query_158179	XM_017896495.1	100.000	21	0	0	1	21	364	344	2.0	39.2
Query_158179	XM_017896494.1	100.000	21	0	0	1	21	364	344	2.0	39.2
Query_158179	XM_017896493.1	100.000	21	0	0	1	21	364	344	2.0	39.2
Query_158179	XM_017896491.1	100.000	21	0	0	1	21	195	175	2.0	39.2
Query_158179	XR_001890023.1	100.000	21	0	0	1	21	364	344	2.0	39.2
Query_158179	XM_017896490.1	100.000	21	0	0	1	21	485	465	2.0	39.2
Query_158179	XM_017896489.1	100.000	21	0	0	1	21	364	344	2.0	39.2
Query_158179	XM_007522095.2	100.000	21	0	0	1	21	195	175	2.0	39.2
Query_158179	XM_015448187.1	100.000	21	0	0	1	21	321	301	2.0	39.2
Query_158179	XM_015448182.1	100.000	21	0	0	1	21	358	338	2.0	39.2
Query_158179	XM_015448175.1	100.000	21	0	0	1	21	358	338	2.0	39.2
Query_158179	XM_005540454.2	100.000	21	0	0	1	21	358	338	2.0	39.2
Query_158179	XM_005540453.2	100.000	21	0	0	1	21	292	272	2.0	39.2
Query_158179	XM_005540452.2	100.000	21	0	0	1	21	688	668	2.0	39.2
Query_158179	XM_005540451.2	100.000	21	0	0	1	21	554	534	2.0	39.2
Query_158179	XM_005540450.2	100.000	21	0	0	1	21	358	338	2.0	39.2
Query_158179	XM_013157880.1	100.000	21	0	0	1	21	414	394	2.0	39.2
Query_158179	XM_003474833.2	100.000	21	0	0	1	21	414	394	2.0	39.2
Query_158179	XM_013017363.1	100.000	21	0	0	1	21	332	312	2.0	39.2
Query_158179	XM_012726802.1	100.000	21	0	0	1	21	287	267	2.0	39.2
Query_158179	XM_004685509.2	100.000	21	0	0	1	21	297	277	2.0	39.2
Query_158179	XM_011931764.1	100.000	21	0	0	1	21	322	302	2.0	39.2
Query_158179	XM_011746661.1	100.000	21	0	0	1	21	346	326	2.0	39.2
Query_158179	XM_011990525.1	100.000	21	0	0	1	21	285	265	2.0	39.2
Query_158179	XM_007988939.2	100.000	21	0	0	1	21	292	272	2.0	39.2
Query_158179	XM_037985742.1	100.000	21	0	0	1	21	642	622	2.0	39.2
Query_158179	XM_007988937.2	100.000	21	0	0	1	21	358	338	2.0	39.2
Query_158179	XM_007988936.2	100.000	21	0	0	1	21	357	337	2.0	39.2
Query_158179	XM_037497555.1	100.000	21	0	0	1	21	289	269	2.0	39.2
Query_158179	XM_037497554.1	100.000	21	0	0	1	21	289	269	2.0	39.2
Query_158179	XM_037497553.1	100.000	21	0	0	1	21	414	394	2.0	39.2
Query_158179	XM_037497552.1	100.000	21	0	0	1	21	289	269	2.0	39.2
Query_158179	XM_016130810.2	100.000	21	0	0	1	21	217	197	2.0	39.2
Query_158179	XM_016130808.2	100.000	21	0	0	1	21	313	293	2.0	39.2
Query_158179	NM_001310326.2	100.000	21	0	0	1	21	297	277	2.0	39.2


