# blastn
# Iteration: 0
# Query: 
# RID: 6M7Y2ASM013
# Database: nt
# Fields: query acc.ver, subject acc.ver, % identity, alignment length, mismatches, gap opens, q. start, q. end, s. start, s. end, evalue, bit score
# 77 hits found
Query_27183	MK280312.1	100.000	21	0	0	1	21	1021	1001	2.0	39.2
Query_27183	XM_003822660.3	100.000	21	0	0	1	21	2779	2759	2.0	39.2
Query_27183	XM_033175808.1	100.000	21	0	0	1	21	2418	2398	2.0	39.2
Query_27183	XM_032239463.1	100.000	21	0	0	1	21	2314	2294	2.0	39.2
Query_27183	XM_032239461.1	100.000	21	0	0	1	21	2269	2249	2.0	39.2
Query_27183	XM_032178589.1	100.000	21	0	0	1	21	1975	1955	2.0	39.2
Query_27183	XM_023223830.2	100.000	21	0	0	1	21	2562	2542	2.0	39.2
Query_27183	XM_023223828.2	100.000	21	0	0	1	21	1317	1337	2.0	39.2
Query_27183	XM_003908598.4	100.000	21	0	0	1	21	2554	2534	2.0	39.2
Query_27183	XM_031007930.1	100.000	21	0	0	1	21	2574	2554	2.0	39.2
Query_27183	XM_030920698.1	100.000	21	0	0	1	21	2412	2392	2.0	39.2
Query_27183	XM_030799595.1	100.000	21	0	0	1	21	2570	2550	2.0	39.2
Query_27183	XM_015112284.2	100.000	21	0	0	1	21	2962	2942	2.0	39.2
Query_27183	NM_012249.4	100.000	21	0	0	1	21	2569	2549	2.0	39.2
Query_27183	XM_025353647.1	100.000	21	0	0	1	21	2333	2313	2.0	39.2
Query_27183	AC277863.1	100.000	21	0	0	1	21	188105	188125	2.0	39.2
Query_27183	XM_011713140.2	100.000	21	0	0	1	21	2524	2504	2.0	39.2
Query_27183	XM_016948475.2	100.000	21	0	0	1	21	2553	2533	2.0	39.2
Query_27183	XM_016948474.2	100.000	21	0	0	1	21	2414	2394	2.0	39.2
Query_27183	XM_002812061.4	100.000	21	0	0	1	21	2324	2304	2.0	39.2
Query_27183	XM_012473755.2	100.000	21	0	0	1	21	2312	2292	2.0	39.2
Query_27183	XM_017862694.1	100.000	21	0	0	1	21	2402	2382	2.0	39.2
Query_27183	XM_011532728.2	100.000	21	0	0	1	21	1897	1877	2.0	39.2
Query_27183	XM_017003716.1	100.000	21	0	0	1	21	2781	2761	2.0	39.2
Query_27183	XM_011532726.2	100.000	21	0	0	1	21	2624	2604	2.0	39.2
Query_27183	XM_015433694.1	100.000	21	0	0	1	21	2858	2838	2.0	39.2
Query_27183	XM_005575962.2	100.000	21	0	0	1	21	2172	2152	2.0	39.2
Query_27183	XM_012070312.1	100.000	21	0	0	1	21	2871	2851	2.0	39.2
Query_27183	XM_012070311.1	100.000	21	0	0	1	21	2339	2319	2.0	39.2
Query_27183	XM_012070310.1	100.000	21	0	0	1	21	1145	1165	2.0	39.2
Query_27183	XM_011965779.1	100.000	21	0	0	1	21	2356	2336	2.0	39.2
Query_27183	XM_011936021.1	100.000	21	0	0	1	21	2083	2063	2.0	39.2
Query_27183	XM_005264229.2	100.000	21	0	0	1	21	2033	2013	2.0	39.2
Query_27183	NG_023007.2	100.000	21	0	0	1	21	2418	2398	2.0	39.2
Query_27183	NG_022969.2	100.000	21	0	0	1	21	2415	2395	2.0	39.2
Query_27183	XM_003926747.3	100.000	21	0	0	1	21	2549	2529	2.0	39.2
Query_27183	XM_038006892.1	100.000	21	0	0	1	21	1160	1180	2.0	39.2
Query_27183	XM_038006891.1	100.000	21	0	0	1	21	1137	1157	2.0	39.2
Query_27183	XM_038006885.1	100.000	21	0	0	1	21	2046	2026	2.0	39.2
Query_27183	XM_007970741.2	100.000	21	0	0	1	21	2551	2531	2.0	39.2
Query_27183	XM_037732867.1	100.000	21	0	0	1	21	2176	2156	2.0	39.2
Query_27183	XM_017512722.2	100.000	21	0	0	1	21	2557	2537	2.0	39.2
Query_27183	AC280214.1	100.000	21	0	0	1	21	182276	182296	2.0	39.2
Query_27183	XR_004733630.1	100.000	21	0	0	1	21	3209	3189	2.0	39.2
Query_27183	XM_002757794.5	100.000	21	0	0	1	21	3045	3025	2.0	39.2
Query_27183	AC185240.2	100.000	21	0	0	1	21	185769	185789	2.0	39.2
Query_27183	EU794657.1	100.000	21	0	0	1	21	2331	2311	2.0	39.2
Query_27183	BC013135.1	100.000	21	0	0	1	21	2491	2471	2.0	39.2
Query_27183	AC185990.2	100.000	21	0	0	1	21	124504	124524	2.0	39.2
Query_27183	AC183985.2	100.000	21	0	0	1	21	124761	124781	2.0	39.2
Query_27183	AC182490.3	100.000	21	0	0	1	21	102106	102126	2.0	39.2
Query_27183	AC120782.25	100.000	21	0	0	1	21	42359	42339	2.0	39.2
Query_27183	AC145214.1	100.000	21	0	0	1	21	38895	38875	2.0	39.2
Query_27183	AC018804.9	100.000	21	0	0	1	21	26933	26913	2.0	39.2
Query_27183	AC073869.5	100.000	21	0	0	1	21	137266	137246	2.0	39.2
Query_27183	AC018682.4	100.000	21	0	0	1	21	116870	116850	2.0	39.2
Query_27183	XM_008162169.2	100.000	20	0	0	2	21	2033	2014	7.1	37.4
Query_27183	XM_006159892.3	100.000	20	0	0	2	21	1997	1978	7.1	37.4
Query_27183	XM_006159891.3	100.000	20	0	0	2	21	2090	2071	7.1	37.4
Query_27183	XM_023746102.1	100.000	20	0	0	2	21	1930	1911	7.1	37.4
Query_27183	XM_023619138.1	100.000	20	0	0	2	21	2330	2311	7.1	37.4
Query_27183	LT972180.1	100.000	20	0	0	2	21	8021795	8021776	7.1	37.4
Query_27183	LT972180.1	100.000	20	0	0	2	21	8106018	8106037	7.1	37.4
Query_27183	XM_006986492.2	100.000	20	0	0	2	21	2032	2013	7.1	37.4
Query_27183	XM_006778631.2	100.000	20	0	0	2	21	1899	1880	7.1	37.4
Query_27183	XM_014833243.1	100.000	20	0	0	2	21	2014	1995	7.1	37.4
Query_27183	XM_004436685.2	100.000	20	0	0	2	21	2041	2022	7.1	37.4
Query_27183	XM_008575355.1	100.000	20	0	0	2	21	1998	1979	7.1	37.4
Query_27183	XM_008541481.1	100.000	20	0	0	2	21	2106	2087	7.1	37.4
Query_27183	XM_037528120.1	100.000	20	0	0	2	21	2102	2083	7.1	37.4
Query_27183	XM_028892796.2	100.000	20	0	0	2	21	2179	2160	7.1	37.4
Query_27183	XM_037161178.1	100.000	20	0	0	2	21	2524	2505	7.1	37.4
Query_27183	XM_036435227.1	100.000	20	0	0	2	21	2103	2084	7.1	37.4
Query_27183	XM_036334677.1	100.000	20	0	0	2	21	2348	2329	7.1	37.4
Query_27183	XM_036170862.1	100.000	20	0	0	2	21	2190	2171	7.1	37.4
Query_27183	XM_028515148.2	100.000	20	0	0	2	21	2447	2428	7.1	37.4
Query_27183	LR877208.1	100.000	20	0	0	2	21	17061894	17061913	7.1	37.4


