# blastn
# Iteration: 0
# Query: 
# RID: 6UGJY94E016
# Database: nt
# Fields: query acc.ver, subject acc.ver, % identity, alignment length, mismatches, gap opens, q. start, q. end, s. start, s. end, evalue, bit score
# 75 hits found
Query_62425	XM_034958465.1	100.000	21	0	0	1	21	490	470	2.1	39.2
Query_62425	XM_034958464.1	100.000	21	0	0	1	21	601	581	2.1	39.2
Query_62425	XM_033214027.1	100.000	21	0	0	1	21	394	374	2.1	39.2
Query_62425	XM_033214026.1	100.000	21	0	0	1	21	280	260	2.1	39.2
Query_62425	XM_033214025.1	100.000	21	0	0	1	21	529	509	2.1	39.2
Query_62425	XM_033214024.1	100.000	21	0	0	1	21	480	460	2.1	39.2
Query_62425	XM_033214023.1	100.000	21	0	0	1	21	679	659	2.1	39.2
Query_62425	XM_032136191.1	100.000	21	0	0	1	21	683	663	2.1	39.2
Query_62425	XM_023224702.3	100.000	21	0	0	1	21	217	197	2.1	39.2
Query_62425	XM_023224701.3	100.000	21	0	0	1	21	498	478	2.1	39.2
Query_62425	XM_023224700.3	100.000	21	0	0	1	21	470	450	2.1	39.2
Query_62425	XM_023224699.3	100.000	21	0	0	1	21	679	659	2.1	39.2
Query_62425	XM_031664650.1	100.000	21	0	0	1	21	266	246	2.1	39.2
Query_62425	XM_021938381.2	100.000	21	0	0	1	21	490	470	2.1	39.2
Query_62425	XM_021938380.2	100.000	21	0	0	1	21	679	659	2.1	39.2
Query_62425	XM_003898597.4	100.000	21	0	0	1	21	679	659	2.1	39.2
Query_62425	XM_019025601.2	100.000	21	0	0	1	21	214	194	2.1	39.2
Query_62425	XM_004038573.3	100.000	21	0	0	1	21	679	659	2.1	39.2
Query_62425	XM_010384547.2	100.000	21	0	0	1	21	679	659	2.1	39.2
Query_62425	XM_030800871.1	100.000	21	0	0	1	21	683	663	2.1	39.2
Query_62425	NM_001312647.2	100.000	21	0	0	1	21	501	481	2.1	39.2
Query_62425	NM_001111112.2	100.000	21	0	0	1	21	589	569	2.1	39.2
Query_62425	NM_001312648.2	100.000	21	0	0	1	21	495	475	2.1	39.2
Query_62425	NM_001111113.2	100.000	21	0	0	1	21	436	416	2.1	39.2
Query_62425	XM_028848016.1	100.000	21	0	0	1	21	582	562	2.1	39.2
Query_62425	XM_015138162.2	100.000	21	0	0	1	21	679	659	2.1	39.2
Query_62425	NM_005339.5	100.000	21	0	0	1	21	589	569	2.1	39.2
Query_62425	XM_025385140.1	100.000	21	0	0	1	21	161	141	2.1	39.2
Query_62425	XM_025385138.1	100.000	21	0	0	1	21	203	183	2.1	39.2
Query_62425	XM_025385137.1	100.000	21	0	0	1	21	587	567	2.1	39.2
Query_62425	XM_025385136.1	100.000	21	0	0	1	21	593	573	2.1	39.2
Query_62425	XM_025385134.1	100.000	21	0	0	1	21	528	508	2.1	39.2
Query_62425	XM_025385133.1	100.000	21	0	0	1	21	684	664	2.1	39.2
Query_62425	XM_025385132.1	100.000	21	0	0	1	21	684	664	2.1	39.2
Query_62425	XM_016950973.2	100.000	21	0	0	1	21	583	563	2.1	39.2
Query_62425	XM_009447486.3	100.000	21	0	0	1	21	524	504	2.1	39.2
Query_62425	XM_009447485.3	100.000	21	0	0	1	21	680	660	2.1	39.2
Query_62425	XM_024245916.1	100.000	21	0	0	1	21	587	567	2.1	39.2
Query_62425	XM_002814684.3	100.000	21	0	0	1	21	684	664	2.1	39.2
Query_62425	XM_012474955.2	100.000	21	0	0	1	21	684	664	2.1	39.2
Query_62425	LT735837.1	100.000	21	0	0	1	21	884	864	2.1	39.2
Query_62425	XM_017854256.1	100.000	21	0	0	1	21	803	783	2.1	39.2
Query_62425	XM_015450067.1	100.000	21	0	0	1	21	582	562	2.1	39.2
Query_62425	XM_015450066.1	100.000	21	0	0	1	21	588	568	2.1	39.2
Query_62425	XM_012057902.1	100.000	21	0	0	1	21	679	659	2.1	39.2
Query_62425	XM_012057901.1	100.000	21	0	0	1	21	679	659	2.1	39.2
Query_62425	XM_011949088.1	100.000	21	0	0	1	21	528	508	2.1	39.2
Query_62425	XM_011949087.1	100.000	21	0	0	1	21	684	664	2.1	39.2
Query_62425	XM_011949086.1	100.000	21	0	0	1	21	910	890	2.1	39.2
Query_62425	XM_011949085.1	100.000	21	0	0	1	21	684	664	2.1	39.2
Query_62425	XM_011949084.1	100.000	21	0	0	1	21	910	890	2.1	39.2
Query_62425	XM_011983567.1	100.000	21	0	0	1	21	528	508	2.1	39.2
Query_62425	XM_011983565.1	100.000	21	0	0	1	21	684	664	2.1	39.2
Query_62425	XM_011983564.1	100.000	21	0	0	1	21	684	664	2.1	39.2
Query_62425	KJ891343.1	100.000	21	0	0	1	21	462	442	2.1	39.2
Query_62425	XM_003940989.2	100.000	21	0	0	1	21	476	456	2.1	39.2
Query_62425	XM_039468204.1	100.000	21	0	0	1	21	495	475	2.1	39.2
Query_62425	NM_001260841.2	100.000	21	0	0	1	21	446	426	2.1	39.2
Query_62425	XM_038008617.1	100.000	21	0	0	1	21	507	487	2.1	39.2
Query_62425	XM_008017600.2	100.000	21	0	0	1	21	679	659	2.1	39.2
Query_62425	NM_001246525.1	100.000	21	0	0	1	21	554	534	2.1	39.2
Query_62425	AB527742.1	100.000	21	0	0	1	21	406	386	2.1	39.2
Query_62425	CU690733.1	100.000	21	0	0	1	21	222	242	2.1	39.2
Query_62425	EU446896.1	100.000	21	0	0	1	21	419	399	2.1	39.2
Query_62425	AK315524.1	100.000	21	0	0	1	21	607	587	2.1	39.2
Query_62425	AK307130.1	100.000	21	0	0	1	21	492	472	2.1	39.2
Query_62425	AK291454.1	100.000	21	0	0	1	21	433	413	2.1	39.2
Query_62425	NM_001283819.1	100.000	21	0	0	1	21	604	584	2.1	39.2
Query_62425	BC022804.1	100.000	21	0	0	1	21	557	537	2.1	39.2
Query_62425	AK093533.1	100.000	21	0	0	1	21	502	482	2.1	39.2
Query_62425	AC105287.5	100.000	21	0	0	1	21	24264	24244	2.1	39.2
Query_62425	BC050600.1	100.000	21	0	0	1	21	535	515	2.1	39.2
Query_62425	AB022436.1	100.000	21	0	0	1	21	330	310	2.1	39.2
Query_62425	AB022435.1	100.000	21	0	0	1	21	483	463	2.1	39.2
Query_62425	U58522.1	100.000	21	0	0	1	21	400	380	2.1	39.2


