# blastn
# Iteration: 0
# Query: 
# RID: 6X24YFJ3013
# Database: nt
# Fields: query acc.ver, subject acc.ver, % identity, alignment length, mismatches, gap opens, q. start, q. end, s. start, s. end, evalue, bit score
# 104 hits found
Query_55277	XM_040491239.1	100.000	21	0	0	1	21	574	554	2.1	39.2
Query_55277	XM_040408845.1	100.000	21	0	0	1	21	507	487	2.1	39.2
Query_55277	XM_005335540.4	100.000	21	0	0	1	21	453	433	2.1	39.2
Query_55277	XM_005335534.4	100.000	21	0	0	1	21	457	437	2.1	39.2
Query_55277	XM_040234415.1	100.000	21	0	0	1	21	576	556	2.1	39.2
Query_55277	XM_040062293.1	100.000	21	0	0	1	21	518	498	2.1	39.2
Query_55277	XM_029079248.2	100.000	21	0	0	1	21	516	496	2.1	39.2
Query_55277	HG994418.1	100.000	21	0	0	1	21	23852381	23852361	2.1	39.2
Query_55277	HG994412.1	100.000	21	0	0	1	21	35367844	35367864	2.1	39.2
Query_55277	HG994408.1	100.000	21	0	0	1	21	41251239	41251219	2.1	39.2
Query_55277	HG994406.1	100.000	21	0	0	1	21	33877500	33877520	2.1	39.2
Query_55277	HG994406.1	100.000	20	0	0	1	20	42329009	42329028	7.2	37.4
Query_55277	HG994397.1	100.000	21	0	0	1	21	60010022	60010002	2.1	39.2
Query_55277	HG994397.1	100.000	21	0	0	1	21	60951518	60951498	2.1	39.2
Query_55277	HG994395.1	100.000	21	0	0	1	21	35168287	35168307	2.1	39.2
Query_55277	HG994394.1	100.000	21	0	0	1	21	23149666	23149646	2.1	39.2
Query_55277	HG994393.1	100.000	21	0	0	1	21	43965239	43965259	2.1	39.2
Query_55277	HG994388.1	100.000	21	0	0	1	21	10477692	10477672	2.1	39.2
Query_55277	HG994386.1	100.000	21	0	0	1	21	19075861	19075841	2.1	39.2
Query_55277	HG994386.1	100.000	21	0	0	1	21	20451633	20451613	2.1	39.2
Query_55277	XM_039869043.1	100.000	21	0	0	1	21	557	537	2.1	39.2
Query_55277	XM_039703954.1	100.000	21	0	0	1	21	524	504	2.1	39.2
Query_55277	XM_039570592.1	100.000	21	0	0	1	21	492	472	2.1	39.2
Query_55277	XM_039496494.1	100.000	21	0	0	1	21	669	649	2.1	39.2
Query_55277	XM_039496491.1	100.000	21	0	0	1	21	577	557	2.1	39.2
Query_55277	XM_039471644.1	100.000	21	0	0	1	21	777	757	2.1	39.2
Query_55277	XM_039471339.1	100.000	21	0	0	1	21	449	429	2.1	39.2
Query_55277	XM_027732241.2	100.000	21	0	0	1	21	568	548	2.1	39.2
Query_55277	NG_030475.3	100.000	21	0	0	1	21	574	554	2.1	39.2
Query_55277	XM_039225835.1	100.000	21	0	0	1	21	228	208	2.1	39.2
Query_55277	XM_039238873.1	100.000	21	0	0	1	21	479	459	2.1	39.2
Query_55277	XM_039236607.1	100.000	21	0	0	1	21	505	485	2.1	39.2
Query_55277	XM_039092903.1	100.000	21	0	0	1	21	1602	1582	2.1	39.2
Query_55277	XM_038677314.1	100.000	21	0	0	1	21	433	413	2.1	39.2
Query_55277	XM_038662699.1	100.000	21	0	0	1	21	969	949	2.1	39.2
Query_55277	XM_038447501.1	100.000	21	0	0	1	21	544	524	2.1	39.2
Query_55277	XM_038441557.1	100.000	21	0	0	1	21	448	428	2.1	39.2
Query_55277	XM_038439592.1	100.000	21	0	0	1	21	678	658	2.1	39.2
Query_55277	XM_038680268.1	100.000	21	0	0	1	21	465	445	2.1	39.2
Query_55277	XM_003435294.4	100.000	21	0	0	1	21	433	413	2.1	39.2
Query_55277	XM_003434540.5	100.000	21	0	0	1	21	974	954	2.1	39.2
Query_55277	XM_038463572.1	100.000	21	0	0	1	21	544	524	2.1	39.2
Query_55277	XM_014109332.3	100.000	21	0	0	1	21	448	428	2.1	39.2
Query_55277	XM_022411083.2	100.000	21	0	0	1	21	678	658	2.1	39.2
Query_55277	XM_038644474.1	100.000	21	0	0	1	21	459	439	2.1	39.2
Query_55277	XM_038756364.1	100.000	21	0	0	1	21	487	467	2.1	39.2
Query_55277	XM_038388051.1	100.000	21	0	0	1	21	684	664	2.1	39.2
Query_55277	XM_038333384.1	100.000	21	0	0	1	21	483	463	2.1	39.2
Query_55277	XM_038314678.1	100.000	21	0	0	1	21	571	551	2.1	39.2
Query_55277	XM_027451950.2	100.000	21	0	0	1	21	609	589	2.1	39.2
Query_55277	XM_038153061.1	100.000	21	0	0	1	21	532	512	2.1	39.2
Query_55277	XM_007992884.2	100.000	21	0	0	1	21	417	397	2.1	39.2
Query_55277	XM_038008386.1	100.000	21	0	0	1	21	451	431	2.1	39.2
Query_55277	XM_008004246.2	100.000	21	0	0	1	21	778	758	2.1	39.2
Query_55277	XM_007069234.3	100.000	21	0	0	1	21	532	512	2.1	39.2
Query_55277	XM_037822839.1	100.000	21	0	0	1	21	417	397	2.1	39.2
Query_55277	XM_037846925.1	100.000	21	0	0	1	21	531	511	2.1	39.2
Query_55277	XM_037799864.1	100.000	21	0	0	1	21	955	935	2.1	39.2
Query_55277	XM_037799643.1	100.000	21	0	0	1	21	417	397	2.1	39.2
Query_55277	XM_017502871.2	100.000	21	0	0	1	21	448	428	2.1	39.2
Query_55277	XM_017541827.2	100.000	21	0	0	1	21	443	423	2.1	39.2
Query_55277	XM_017537894.2	100.000	21	0	0	1	21	475	455	2.1	39.2
Query_55277	XM_017534874.2	100.000	21	0	0	1	21	452	432	2.1	39.2
Query_55277	XM_037513877.1	100.000	21	0	0	1	21	586	566	2.1	39.2
Query_55277	XM_037388046.1	100.000	21	0	0	1	21	520	500	2.1	39.2
Query_55277	XM_028855698.2	100.000	21	0	0	1	21	523	503	2.1	39.2
Query_55277	XM_037196800.1	100.000	21	0	0	1	21	569	549	2.1	39.2
Query_55277	XM_037146140.1	100.000	21	0	0	1	21	605	585	2.1	39.2
Query_55277	XM_037064672.1	100.000	21	0	0	1	21	604	584	2.1	39.2
Query_55277	XM_037023059.1	100.000	21	0	0	1	21	569	549	2.1	39.2
Query_55277	XM_036891225.1	100.000	21	0	0	1	21	588	568	2.1	39.2
Query_55277	XM_036852158.1	100.000	21	0	0	1	21	414	394	2.1	39.2
Query_55277	XM_036852157.1	100.000	21	0	0	1	21	441	421	2.1	39.2
Query_55277	XR_004991539.1	100.000	21	0	0	1	21	607	587	2.1	39.2
Query_55277	XM_036458685.1	100.000	21	0	0	1	21	604	584	2.1	39.2
Query_55277	XM_036400770.1	100.000	21	0	0	1	21	504	484	2.1	39.2
Query_55277	XM_036305699.1	100.000	21	0	0	1	21	417	397	2.1	39.2
Query_55277	XM_036302016.1	100.000	21	0	0	1	21	439	419	2.1	39.2
Query_55277	XM_036297571.1	100.000	21	0	0	1	21	602	582	2.1	39.2
Query_55277	XR_004965807.1	100.000	21	0	0	1	21	602	582	2.1	39.2
Query_55277	XM_036297570.1	100.000	21	0	0	1	21	595	575	2.1	39.2
Query_55277	XM_036252541.1	100.000	21	0	0	1	21	509	489	2.1	39.2
Query_55277	XM_016157625.2	100.000	21	0	0	1	21	528	508	2.1	39.2
Query_55277	XM_036170059.1	100.000	21	0	0	1	21	606	586	2.1	39.2
Query_55277	XM_006514344.5	100.000	21	0	0	1	21	751	731	2.1	39.2
Query_55277	XM_036094585.1	100.000	21	0	0	1	21	552	532	2.1	39.2
Query_55277	XM_036089977.1	100.000	21	0	0	1	21	576	556	2.1	39.2
Query_55277	XM_036079636.1	100.000	21	0	0	1	21	438	418	2.1	39.2
Query_55277	XR_004911609.1	100.000	21	0	0	1	21	532	512	2.1	39.2
Query_55277	XM_036077454.1	100.000	21	0	0	1	21	550	530	2.1	39.2
Query_55277	XM_028518699.2	100.000	21	0	0	1	21	431	411	2.1	39.2
Query_55277	XM_028513106.2	100.000	21	0	0	1	21	442	422	2.1	39.2
Query_55277	LR877242.1	100.000	21	0	0	1	21	18522261	18522241	2.1	39.2
Query_55277	LR877232.1	100.000	21	0	0	1	21	34200111	34200131	2.1	39.2
Query_55277	LR877226.1	100.000	21	0	0	1	21	44776655	44776675	2.1	39.2
Query_55277	LR877226.1	100.000	20	0	0	1	20	46192651	46192632	7.2	37.4
Query_55277	LR877217.1	100.000	21	0	0	1	21	46171707	46171687	2.1	39.2
Query_55277	LR877207.1	100.000	21	0	0	1	21	15894955	15894935	2.1	39.2
Query_55277	XM_035901004.1	100.000	21	0	0	1	21	534	514	2.1	39.2
Query_55277	XM_025433563.2	100.000	21	0	0	1	21	440	420	2.1	39.2
Query_55277	XM_025461938.2	100.000	21	0	0	1	21	678	658	2.1	39.2
Query_55277	XM_025449079.2	100.000	21	0	0	1	21	463	443	2.1	39.2
Query_55277	XM_035699157.1	100.000	21	0	0	1	21	580	560	2.1	39.2
Query_55277	XM_025438793.2	100.000	21	0	0	1	21	568	548	2.1	39.2


