# blastn
# Iteration: 0
# Query: 
# RID: 8YEMA63J013
# Database: nt
# Fields: query acc.ver, subject acc.ver, % identity, alignment length, mismatches, gap opens, q. start, q. end, s. start, s. end, evalue, bit score
# 100 hits found
Query_64577	XM_034962171.1	100.000	21	0	0	1	21	1562	1542	2.1	39.2
Query_64577	XM_008958732.2	100.000	21	0	0	1	21	1764	1744	2.1	39.2
Query_64577	XM_003833230.2	100.000	21	0	0	1	21	1735	1715	2.1	39.2
Query_64577	XM_033217305.1	100.000	21	0	0	1	21	1926	1906	2.1	39.2
Query_64577	XM_033217304.1	100.000	21	0	0	1	21	1823	1803	2.1	39.2
Query_64577	XM_033217303.1	100.000	21	0	0	1	21	1698	1678	2.1	39.2
Query_64577	XM_033217302.1	100.000	21	0	0	1	21	1862	1842	2.1	39.2
Query_64577	XM_033217301.1	100.000	21	0	0	1	21	1737	1717	2.1	39.2
Query_64577	XM_033144543.1	100.000	21	0	0	1	21	1775	1755	2.1	39.2
Query_64577	XM_033144542.1	100.000	21	0	0	1	21	1578	1558	2.1	39.2
Query_64577	XM_033144541.1	100.000	21	0	0	1	21	1617	1597	2.1	39.2
Query_64577	XM_032900660.1	100.000	21	0	0	1	21	1764	1744	2.1	39.2
Query_64577	XM_032900659.1	100.000	21	0	0	1	21	1707	1687	2.1	39.2
Query_64577	XM_032900657.1	100.000	21	0	0	1	21	1621	1601	2.1	39.2
Query_64577	XM_032900656.1	100.000	21	0	0	1	21	1746	1726	2.1	39.2
Query_64577	XM_030268585.2	100.000	21	0	0	1	21	1773	1753	2.1	39.2
Query_64577	XM_030268584.2	100.000	21	0	0	1	21	1820	1800	2.1	39.2
Query_64577	XM_030268583.2	100.000	21	0	0	1	21	1726	1706	2.1	39.2
Query_64577	XM_030268582.2	100.000	21	0	0	1	21	1801	1781	2.1	39.2
Query_64577	XM_030268581.2	100.000	21	0	0	1	21	1860	1840	2.1	39.2
Query_64577	XM_030268580.2	100.000	21	0	0	1	21	1788	1768	2.1	39.2
Query_64577	XM_030268578.2	100.000	21	0	0	1	21	1770	1750	2.1	39.2
Query_64577	XM_030268577.2	100.000	21	0	0	1	21	1822	1802	2.1	39.2
Query_64577	XM_032217092.1	100.000	21	0	0	1	21	1756	1736	2.1	39.2
Query_64577	XM_032217091.1	100.000	21	0	0	1	21	1794	1774	2.1	39.2
Query_64577	XM_032141775.1	100.000	21	0	0	1	21	1675	1655	2.1	39.2
Query_64577	XM_032141774.1	100.000	21	0	0	1	21	1802	1782	2.1	39.2
Query_64577	XM_032141773.1	100.000	21	0	0	1	21	1720	1700	2.1	39.2
Query_64577	XM_023212910.2	100.000	21	0	0	1	21	1922	1902	2.1	39.2
Query_64577	XM_009205268.3	100.000	21	0	0	1	21	1823	1803	2.1	39.2
Query_64577	XM_009205267.4	100.000	21	0	0	1	21	1667	1647	2.1	39.2
Query_64577	XM_017957888.2	100.000	21	0	0	1	21	1862	1842	2.1	39.2
Query_64577	XM_009205270.2	100.000	21	0	0	1	21	1777	1757	2.1	39.2
Query_64577	XM_003897656.2	100.000	21	0	0	1	21	1720	1700	2.1	39.2
Query_64577	XM_021550477.2	100.000	21	0	0	1	21	1713	1693	2.1	39.2
Query_64577	XM_019029654.2	100.000	21	0	0	1	21	1824	1804	2.1	39.2
Query_64577	XM_031012164.1	100.000	21	0	0	1	21	1654	1634	2.1	39.2
Query_64577	XM_031012163.1	100.000	21	0	0	1	21	1797	1777	2.1	39.2
Query_64577	XM_019029653.2	100.000	21	0	0	1	21	1863	1843	2.1	39.2
Query_64577	XM_031012162.1	100.000	21	0	0	1	21	1720	1700	2.1	39.2
Query_64577	XM_030928592.1	100.000	21	0	0	1	21	1798	1778	2.1	39.2
Query_64577	XM_010369756.2	100.000	21	0	0	1	21	1821	1801	2.1	39.2
Query_64577	XM_010369755.2	100.000	21	0	0	1	21	1680	1660	2.1	39.2
Query_64577	XM_010369754.2	100.000	21	0	0	1	21	1860	1840	2.1	39.2
Query_64577	XM_010369752.2	100.000	21	0	0	1	21	1719	1699	2.1	39.2
Query_64577	XM_030795985.1	100.000	21	0	0	1	21	1675	1655	2.1	39.2
Query_64577	XM_030795984.1	100.000	21	0	0	1	21	1766	1746	2.1	39.2
Query_64577	XM_030795983.1	100.000	21	0	0	1	21	1802	1782	2.1	39.2
Query_64577	XM_030795982.1	100.000	21	0	0	1	21	1720	1700	2.1	39.2
Query_64577	XM_024193763.2	100.000	21	0	0	1	21	1720	1700	2.1	39.2
Query_64577	XM_024193762.2	100.000	21	0	0	1	21	1759	1739	2.1	39.2
Query_64577	XM_028847511.1	100.000	21	0	0	1	21	1612	1592	2.1	39.2
Query_64577	XM_028847510.1	100.000	21	0	0	1	21	1791	1771	2.1	39.2
Query_64577	XM_028847509.1	100.000	21	0	0	1	21	1755	1735	2.1	39.2
Query_64577	XM_015136438.2	100.000	21	0	0	1	21	1727	1707	2.1	39.2
Query_64577	XM_015136440.2	100.000	21	0	0	1	21	1831	1811	2.1	39.2
Query_64577	XM_028724353.1	100.000	21	0	0	1	21	1477	1457	2.1	39.2
Query_64577	XM_028724352.1	100.000	21	0	0	1	21	1743	1723	2.1	39.2
Query_64577	XM_028724351.1	100.000	21	0	0	1	21	1782	1762	2.1	39.2
Query_64577	XM_028724350.1	100.000	21	0	0	1	21	1672	1652	2.1	39.2
Query_64577	XM_028724349.1	100.000	21	0	0	1	21	1782	1762	2.1	39.2
Query_64577	NM_018426.3	100.000	21	0	0	1	21	1726	1706	2.1	39.2
Query_64577	XM_026695564.1	100.000	21	0	0	1	21	1720	1700	2.1	39.2
Query_64577	XM_026695563.1	100.000	21	0	0	1	21	1720	1700	2.1	39.2
Query_64577	XM_026681159.1	100.000	21	0	0	1	21	1720	1700	2.1	39.2
Query_64577	XM_026681150.1	100.000	21	0	0	1	21	1720	1700	2.1	39.2
Query_64577	XM_025383334.1	100.000	21	0	0	1	21	1773	1753	2.1	39.2
Query_64577	XM_025383333.1	100.000	21	0	0	1	21	1760	1740	2.1	39.2
Query_64577	XM_025383332.1	100.000	21	0	0	1	21	1720	1700	2.1	39.2
Query_64577	XM_025174165.1	100.000	21	0	0	1	21	1600	1580	2.1	39.2
Query_64577	XM_007439818.3	100.000	21	0	0	1	21	1639	1619	2.1	39.2
Query_64577	XM_011754408.2	100.000	21	0	0	1	21	1798	1778	2.1	39.2
Query_64577	XM_011754410.2	100.000	21	0	0	1	21	1656	1636	2.1	39.2
Query_64577	XM_011754409.2	100.000	21	0	0	1	21	1649	1629	2.1	39.2
Query_64577	XM_024795278.1	100.000	21	0	0	1	21	1755	1735	2.1	39.2
Query_64577	XM_011754407.2	100.000	21	0	0	1	21	1721	1701	2.1	39.2
Query_64577	XR_001743506.2	100.000	21	0	0	1	21	2106	2086	2.1	39.2
Query_64577	XM_024446482.1	100.000	21	0	0	1	21	1994	1974	2.1	39.2
Query_64577	XM_009451354.3	100.000	21	0	0	1	21	1798	1778	2.1	39.2
Query_64577	XM_016955600.2	100.000	21	0	0	1	21	1767	1747	2.1	39.2
Query_64577	XM_016955605.2	100.000	21	0	0	1	21	1947	1927	2.1	39.2
Query_64577	XM_024357229.1	100.000	21	0	0	1	21	1664	1644	2.1	39.2
Query_64577	XM_016955604.2	100.000	21	0	0	1	21	1777	1757	2.1	39.2
Query_64577	XM_016955603.2	100.000	21	0	0	1	21	1987	1967	2.1	39.2
Query_64577	XM_016955602.2	100.000	21	0	0	1	21	1720	1700	2.1	39.2
Query_64577	XM_016955601.2	100.000	21	0	0	1	21	2056	2036	2.1	39.2
Query_64577	XM_024248597.1	100.000	21	0	0	1	21	1794	1774	2.1	39.2
Query_64577	XM_024248596.1	100.000	21	0	0	1	21	1635	1615	2.1	39.2
Query_64577	XM_024248595.1	100.000	21	0	0	1	21	1797	1777	2.1	39.2
Query_64577	XM_029047376.2	100.000	21	0	0	1	21	1759	1739	2.1	39.2
Query_64577	XM_029047375.2	100.000	21	0	0	1	21	1774	1754	2.1	39.2
Query_64577	XM_039347018.1	100.000	21	0	0	1	21	1732	1712	2.1	39.2
Query_64577	XM_039347017.1	100.000	21	0	0	1	21	1771	1751	2.1	39.2
Query_64577	XM_039347016.1	100.000	21	0	0	1	21	1906	1886	2.1	39.2
Query_64577	XM_039347015.1	100.000	21	0	0	1	21	1771	1751	2.1	39.2
Query_64577	XM_038761004.1	100.000	21	0	0	1	21	1938	1918	2.1	39.2
Query_64577	XM_038761003.1	100.000	21	0	0	1	21	1610	1590	2.1	39.2
Query_64577	XM_038761002.1	100.000	21	0	0	1	21	1977	1957	2.1	39.2
Query_64577	XM_036573640.1	100.000	21	0	0	1	21	1919	1899	2.1	39.2
Query_64577	XM_036573639.1	100.000	21	0	0	1	21	1958	1938	2.1	39.2


