# blastn
# Iteration: 0
# Query: 
# RID: 8YV4Z3DK01N
# Database: nt
# Fields: query acc.ver, subject acc.ver, % identity, alignment length, mismatches, gap opens, q. start, q. end, s. start, s. end, evalue, bit score
# 90 hits found
Query_410011	XM_003822875.4	100.000	21	0	0	1	21	975	955	2.1	39.2
Query_410011	XM_033234596.1	100.000	21	0	0	1	21	515	495	2.1	39.2
Query_410011	XM_033234595.1	100.000	21	0	0	1	21	508	488	2.1	39.2
Query_410011	XM_032275270.1	100.000	21	0	0	1	21	488	468	2.1	39.2
Query_410011	XM_032275268.1	100.000	21	0	0	1	21	488	468	2.1	39.2
Query_410011	XM_032155254.1	100.000	21	0	0	1	21	505	485	2.1	39.2
Query_410011	XM_023205281.3	100.000	21	0	0	1	21	517	497	2.1	39.2
Query_410011	XM_023205280.3	100.000	21	0	0	1	21	511	491	2.1	39.2
Query_410011	XM_021937596.2	100.000	21	0	0	1	21	490	470	2.1	39.2
Query_410011	XM_021937595.2	100.000	21	0	0	1	21	490	470	2.1	39.2
Query_410011	XM_003897902.3	100.000	21	0	0	1	21	490	470	2.1	39.2
Query_410011	XM_004044402.3	100.000	21	0	0	1	21	492	472	2.1	39.2
Query_410011	XM_010357766.2	100.000	21	0	0	1	21	494	474	2.1	39.2
Query_410011	XM_030809469.1	100.000	21	0	0	1	21	640	620	2.1	39.2
Query_410011	XM_028847361.1	100.000	21	0	0	1	21	514	494	2.1	39.2
Query_410011	XM_015136920.2	100.000	21	0	0	1	21	491	471	2.1	39.2
Query_410011	NM_016021.3	100.000	21	0	0	1	21	323	303	2.1	39.2
Query_410011	XM_025382665.1	100.000	21	0	0	1	21	376	356	2.1	39.2
Query_410011	XM_025382664.1	100.000	21	0	0	1	21	147	127	2.1	39.2
Query_410011	XM_011766817.2	100.000	21	0	0	1	21	491	471	2.1	39.2
Query_410011	XM_011535888.3	100.000	21	0	0	1	21	756	736	2.1	39.2
Query_410011	XM_011535887.2	100.000	21	0	0	1	21	756	736	2.1	39.2
Query_410011	XM_518636.7	100.000	21	0	0	1	21	634	614	2.1	39.2
Query_410011	XM_009242085.2	100.000	21	0	0	1	21	495	475	2.1	39.2
Query_410011	XM_012444259.2	100.000	21	0	0	1	21	494	474	2.1	39.2
Query_410011	XM_012444257.2	100.000	21	0	0	1	21	221	201	2.1	39.2
Query_410011	LT738201.1	100.000	21	0	0	1	21	657	637	2.1	39.2
Query_410011	XM_019029617.1	100.000	21	0	0	1	21	185	165	2.1	39.2
Query_410011	XM_017876809.1	100.000	21	0	0	1	21	239	219	2.1	39.2
Query_410011	XM_015449105.1	100.000	21	0	0	1	21	494	474	2.1	39.2
Query_410011	XM_005552374.2	100.000	21	0	0	1	21	493	473	2.1	39.2
Query_410011	XM_011766827.1	100.000	21	0	0	1	21	491	471	2.1	39.2
Query_410011	XM_012067027.1	100.000	21	0	0	1	21	487	467	2.1	39.2
Query_410011	XM_011941924.1	100.000	21	0	0	1	21	147	127	2.1	39.2
Query_410011	XM_011941922.1	100.000	21	0	0	1	21	232	212	2.1	39.2
Query_410011	XM_011941921.1	100.000	21	0	0	1	21	490	470	2.1	39.2
Query_410011	XM_011984430.1	100.000	21	0	0	1	21	147	127	2.1	39.2
Query_410011	KJ898902.1	100.000	21	0	0	1	21	235	215	2.1	39.2
Query_410011	XM_003922932.3	100.000	21	0	0	1	21	823	803	2.1	39.2
Query_410011	XM_008006598.2	100.000	21	0	0	1	21	815	795	2.1	39.2
Query_410011	XM_008006597.2	100.000	21	0	0	1	21	512	492	2.1	39.2
Query_410011	XM_037730801.1	100.000	21	0	0	1	21	838	818	2.1	39.2
Query_410011	XM_017506803.2	100.000	21	0	0	1	21	822	802	2.1	39.2
Query_410011	XM_035296334.1	100.000	21	0	0	1	21	738	718	2.1	39.2
Query_410011	XM_008994763.2	100.000	21	0	0	1	21	1071	1051	2.1	39.2
Query_410011	AB464335.1	100.000	21	0	0	1	21	179	159	2.1	39.2
Query_410011	AK300629.1	100.000	21	0	0	1	21	246	226	2.1	39.2
Query_410011	AK290574.1	100.000	21	0	0	1	21	343	323	2.1	39.2
Query_410011	EU176317.1	100.000	21	0	0	1	21	192	172	2.1	39.2
Query_410011	DQ895144.2	100.000	21	0	0	1	21	192	172	2.1	39.2
Query_410011	AK223464.1	100.000	21	0	0	1	21	240	220	2.1	39.2
Query_410011	AL138717.6	100.000	21	0	0	1	21	11018	11038	2.1	39.2
Query_410011	AJ245898.1	100.000	21	0	0	1	21	232	212	2.1	39.2
Query_410011	AF161502.1	100.000	21	0	0	1	21	196	176	2.1	39.2
Query_410011	AF151834.1	100.000	21	0	0	1	21	308	288	2.1	39.2
Query_410011	AJ420578.1	100.000	21	0	0	1	21	150	130	2.1	39.2
Query_410011	BC013973.1	100.000	21	0	0	1	21	463	443	2.1	39.2
Query_410011	XM_034490191.1	100.000	20	0	0	1	20	372	353	7.4	37.4
Query_410011	XM_034490190.1	100.000	20	0	0	1	20	369	350	7.4	37.4
Query_410011	XM_032904813.1	100.000	20	0	0	1	20	329	310	7.4	37.4
Query_410011	XM_032904804.1	100.000	20	0	0	1	20	326	307	7.4	37.4
Query_410011	CP039621.1	100.000	20	0	0	2	21	639270	639251	7.4	37.4
Query_410011	CP039663.1	100.000	20	0	0	2	21	671137	671118	7.4	37.4
Query_410011	CP039655.1	100.000	20	0	0	2	21	671350	671331	7.4	37.4
Query_410011	CP039553.1	100.000	20	0	0	2	21	640454	640435	7.4	37.4
Query_410011	CP038487.1	100.000	20	0	0	2	21	639372	639353	7.4	37.4
Query_410011	XM_029476300.1	100.000	20	0	0	1	20	375	356	7.4	37.4
Query_410011	XM_021160351.2	100.000	20	0	0	1	20	375	356	7.4	37.4
Query_410011	XM_028780337.1	100.000	20	0	0	1	20	369	350	7.4	37.4
Query_410011	XM_028780331.1	100.000	20	0	0	1	20	369	350	7.4	37.4
Query_410011	NM_001355494.1	100.000	20	0	0	1	20	376	357	7.4	37.4
Query_410011	NM_019586.4	100.000	20	0	0	1	20	376	357	7.4	37.4
Query_410011	XM_015994189.1	100.000	20	0	0	1	20	186	167	7.4	37.4
Query_410011	NM_001106642.2	100.000	20	0	0	1	20	368	349	7.4	37.4
Query_410011	XM_039109431.1	100.000	20	0	0	1	20	257	238	7.4	37.4
Query_410011	XM_039109430.1	100.000	20	0	0	1	20	257	238	7.4	37.4
Query_410011	XM_008763612.2	100.000	20	0	0	1	20	318	299	7.4	37.4
Query_410011	XM_039109429.1	100.000	20	0	0	1	20	324	305	7.4	37.4
Query_410011	XM_039109428.1	100.000	20	0	0	1	20	387	368	7.4	37.4
Query_410011	XM_028872757.2	100.000	20	0	0	1	20	348	329	7.4	37.4
Query_410011	XM_036178777.1	100.000	20	0	0	1	20	402	383	7.4	37.4
Query_410011	XM_027403420.2	100.000	20	0	0	1	20	324	305	7.4	37.4
Query_410011	XM_007641094.4	100.000	20	0	0	1	20	211	192	7.4	37.4
Query_410011	BC024623.1	100.000	20	0	0	1	20	269	250	7.4	37.4
Query_410011	AK149985.1	100.000	20	0	0	1	20	242	223	7.4	37.4
Query_410011	AK160428.1	100.000	20	0	0	1	20	337	318	7.4	37.4
Query_410011	AK031669.1	100.000	20	0	0	1	20	219	200	7.4	37.4
Query_410011	AK003050.1	100.000	20	0	0	1	20	263	244	7.4	37.4
Query_410011	AJ245899.1	100.000	20	0	0	1	20	265	246	7.4	37.4
Query_410011	AL772288.12	100.000	20	0	0	1	20	122561	122542	7.4	37.4


