# blastn
# Iteration: 0
# Query: 
# RID: 8YNN9VFY013
# Database: nt
# Fields: query acc.ver, subject acc.ver, % identity, alignment length, mismatches, gap opens, q. start, q. end, s. start, s. end, evalue, bit score
# 26 hits found
Query_32099	XM_008976634.2	100.000	21	0	0	1	21	694	674	2.1	39.2
Query_32099	XM_003823013.3	100.000	21	0	0	1	21	676	656	2.1	39.2
Query_32099	XM_019037287.2	100.000	21	0	0	1	21	652	632	2.1	39.2
Query_32099	NM_014176.4	100.000	21	0	0	1	21	619	599	2.1	39.2
Query_32099	XM_009440790.2	100.000	21	0	0	1	21	668	648	2.1	39.2
Query_32099	XM_024350983.1	100.000	21	0	0	1	21	988	968	2.1	39.2
Query_32099	XM_514102.6	100.000	21	0	0	1	21	679	659	2.1	39.2
Query_32099	XM_024239242.1	100.000	21	0	0	1	21	1017	997	2.1	39.2
Query_32099	XM_002809603.4	100.000	21	0	0	1	21	664	644	2.1	39.2
Query_32099	LT735351.1	100.000	21	0	0	1	21	1000	980	2.1	39.2
Query_32099	XM_004028164.2	100.000	21	0	0	1	21	648	628	2.1	39.2
Query_32099	NG_042230.1	100.000	21	0	0	1	21	15051	15031	2.1	39.2
Query_32099	KJ893680.1	100.000	21	0	0	1	21	578	558	2.1	39.2
Query_32099	NM_001310326.2	100.000	21	0	0	1	21	623	603	2.1	39.2
Query_32099	CU678593.1	100.000	21	0	0	1	21	99	119	2.1	39.2
Query_32099	DQ895975.2	100.000	21	0	0	1	21	535	515	2.1	39.2
Query_32099	DQ892729.2	100.000	21	0	0	1	21	535	515	2.1	39.2
Query_32099	BC019284.1	100.000	21	0	0	1	21	611	591	2.1	39.2
Query_32099	AL356953.17	100.000	21	0	0	1	21	148935	148955	2.1	39.2
Query_32099	BC004152.2	100.000	21	0	0	1	21	611	591	2.1	39.2
Query_32099	AF160215.1	100.000	21	0	0	1	21	606	586	2.1	39.2
Query_32099	AK000504.1	100.000	21	0	0	1	21	604	584	2.1	39.2
Query_32099	AF161499.1	100.000	21	0	0	1	21	639	619	2.1	39.2
Query_32099	AY542309.1	100.000	21	0	0	1	21	514	494	2.1	39.2
Query_32099	AB032931.1	100.000	21	0	0	1	21	555	535	2.1	39.2
Query_32099	LR862395.1	100.000	20	0	0	1	20	21570683	21570664	7.4	37.4


