# blastn
# Iteration: 0
# Query: 
# RID: 6XB9V6AT016
# Database: nt
# Fields: query acc.ver, subject acc.ver, % identity, alignment length, mismatches, gap opens, q. start, q. end, s. start, s. end, evalue, bit score
# 73 hits found
Query_46165	XM_034941314.1	100.000	21	0	0	1	21	502	482	2.1	39.2
Query_46165	XR_004430887.1	100.000	21	0	0	1	21	233	213	2.1	39.2
Query_46165	XR_004430886.1	100.000	21	0	0	1	21	486	466	2.1	39.2
Query_46165	XR_004430885.1	100.000	21	0	0	1	21	456	436	2.1	39.2
Query_46165	XR_004430884.1	100.000	21	0	0	1	21	362	342	2.1	39.2
Query_46165	XR_004430883.1	100.000	21	0	0	1	21	333	313	2.1	39.2
Query_46165	XM_033185036.1	100.000	21	0	0	1	21	517	497	2.1	39.2
Query_46165	XR_004266175.1	100.000	21	0	0	1	21	589	569	2.1	39.2
Query_46165	XM_032271694.1	100.000	21	0	0	1	21	103	83	2.1	39.2
Query_46165	XM_032138345.1	100.000	21	0	0	1	21	520	500	2.1	39.2
Query_46165	XM_023184506.2	100.000	21	0	0	1	21	508	488	2.1	39.2
Query_46165	XR_004179314.1	100.000	21	0	0	1	21	841	821	2.1	39.2
Query_46165	XR_004179313.1	100.000	21	0	0	1	21	233	213	2.1	39.2
Query_46165	XM_003912123.3	100.000	21	0	0	1	21	511	491	2.1	39.2
Query_46165	XM_017950278.3	100.000	21	0	0	1	21	349	329	2.1	39.2
Query_46165	XM_031352752.1	100.000	21	0	0	1	21	564	544	2.1	39.2
Query_46165	XM_004058312.3	100.000	21	0	0	1	21	511	491	2.1	39.2
Query_46165	XM_010382186.2	100.000	21	0	0	1	21	511	491	2.1	39.2
Query_46165	XM_030800357.1	100.000	21	0	0	1	21	511	491	2.1	39.2
Query_46165	XR_001440232.2	100.000	21	0	0	1	21	604	584	2.1	39.2
Query_46165	XR_001440230.2	100.000	21	0	0	1	21	377	357	2.1	39.2
Query_46165	XM_015118270.2	100.000	21	0	0	1	21	506	486	2.1	39.2
Query_46165	XM_028835904.1	100.000	21	0	0	1	21	234	214	2.1	39.2
Query_46165	CP034495.1	100.000	21	0	0	1	21	4210316	4210336	2.1	39.2
Query_46165	CP034495.1	100.000	21	0	0	1	21	84390585	84390605	2.1	39.2
Query_46165	XM_025362958.1	100.000	21	0	0	1	21	511	491	2.1	39.2
Query_46165	XR_981472.2	100.000	21	0	0	1	21	278	258	2.1	39.2
Query_46165	XR_003016002.1	100.000	21	0	0	1	21	381	361	2.1	39.2
Query_46165	XR_981462.2	100.000	21	0	0	1	21	803	783	2.1	39.2
Query_46165	XR_003015996.1	100.000	21	0	0	1	21	657	637	2.1	39.2
Query_46165	XR_981464.2	100.000	21	0	0	1	21	835	815	2.1	39.2
Query_46165	XM_009431600.3	100.000	21	0	0	1	21	137	117	2.1	39.2
Query_46165	XM_016931252.2	100.000	21	0	0	1	21	511	491	2.1	39.2
Query_46165	XM_002826864.4	100.000	21	0	0	1	21	511	491	2.1	39.2
Query_46165	XM_023565076.1	100.000	21	0	0	1	21	113	93	2.1	39.2
Query_46165	LT734953.1	100.000	21	0	0	1	21	636	616	2.1	39.2
Query_46165	XM_017860189.1	100.000	21	0	0	1	21	523	503	2.1	39.2
Query_46165	XR_981471.1	100.000	21	0	0	1	21	263	243	2.1	39.2
Query_46165	XR_981470.1	100.000	21	0	0	1	21	263	243	2.1	39.2
Query_46165	XR_981467.1	100.000	21	0	0	1	21	504	484	2.1	39.2
Query_46165	XM_011725127.1	100.000	21	0	0	1	21	511	491	2.1	39.2
Query_46165	XR_001014219.1	100.000	21	0	0	1	21	260	240	2.1	39.2
Query_46165	XR_001014218.1	100.000	21	0	0	1	21	864	844	2.1	39.2
Query_46165	XR_001014217.1	100.000	21	0	0	1	21	895	875	2.1	39.2
Query_46165	XR_001014215.1	100.000	21	0	0	1	21	289	269	2.1	39.2
Query_46165	XR_001014214.1	100.000	21	0	0	1	21	233	213	2.1	39.2
Query_46165	XR_001014213.1	100.000	21	0	0	1	21	263	243	2.1	39.2
Query_46165	XM_012055657.1	100.000	21	0	0	1	21	511	491	2.1	39.2
Query_46165	XM_011947503.1	100.000	21	0	0	1	21	314	294	2.1	39.2
Query_46165	XM_011980458.1	100.000	21	0	0	1	21	317	297	2.1	39.2
Query_46165	KJ892344.1	100.000	21	0	0	1	21	214	194	2.1	39.2
Query_46165	CP068261.1	100.000	21	0	0	1	21	4196559	4196579	2.1	39.2
Query_46165	XM_038324925.1	100.000	21	0	0	1	21	505	485	2.1	39.2
Query_46165	XR_005236751.1	100.000	21	0	0	1	21	343	323	2.1	39.2
Query_46165	XR_005236750.1	100.000	21	0	0	1	21	331	311	2.1	39.2
Query_46165	XM_008009911.2	100.000	21	0	0	1	21	515	495	2.1	39.2
Query_46165	XM_017512180.2	100.000	21	0	0	1	21	504	484	2.1	39.2
Query_46165	AP023477.1	100.000	21	0	0	1	21	4380457	4380477	2.1	39.2
Query_46165	NM_003342.5	100.000	21	0	0	1	21	508	488	2.1	39.2
Query_46165	XR_004743113.1	100.000	21	0	0	1	21	600	580	2.1	39.2
Query_46165	XM_002747845.5	100.000	21	0	0	1	21	521	501	2.1	39.2
Query_46165	AK313059.1	100.000	21	0	0	1	21	354	334	2.1	39.2
Query_46165	BC026288.1	100.000	21	0	0	1	21	315	295	2.1	39.2
Query_46165	BT008255.1	100.000	21	0	0	1	21	149	129	2.1	39.2
Query_46165	BT007416.1	100.000	21	0	0	1	21	149	129	2.1	39.2
Query_46165	NM_001283400.1	100.000	21	0	0	1	21	338	318	2.1	39.2
Query_46165	AC087742.9	100.000	21	0	0	1	21	12849	12829	2.1	39.2
Query_46165	BC002775.2	100.000	21	0	0	1	21	406	386	2.1	39.2
Query_46165	D78514.1	100.000	21	0	0	1	21	167	147	2.1	39.2
Query_46165	NG_046209.1	100.000	20	0	0	2	21	246	227	7.2	37.4
Query_46165	AC240769.3	100.000	20	0	0	2	21	36717	36698	7.2	37.4
Query_46165	AC240624.3	100.000	20	0	0	2	21	134542	134561	7.2	37.4
Query_46165	AC239704.5	100.000	20	0	0	2	21	54369	54388	7.2	37.4


