# blastn
# Iteration: 0
# Query: 
# RID: 73TE89U5013
# Database: nt
# Fields: query acc.ver, subject acc.ver, % identity, alignment length, mismatches, gap opens, q. start, q. end, s. start, s. end, evalue, bit score
# 100 hits found
Query_45919	CP050591.1	100.000	21	0	0	1	21	40018087	40018067	2.1	39.2
Query_45919	CP050588.1	100.000	21	0	0	1	21	33115921	33115901	2.1	39.2
Query_45919	CP050586.1	100.000	21	0	0	1	21	18659739	18659719	2.1	39.2
Query_45919	CP050569.1	100.000	21	0	0	1	21	32847635	32847655	2.1	39.2
Query_45919	CP050643.1	100.000	21	0	0	1	21	33127970	33127950	2.1	39.2
Query_45919	CP050622.1	100.000	21	0	0	1	21	17875342	17875322	2.1	39.2
Query_45919	CP050620.1	100.000	21	0	0	1	21	32851640	32851660	2.1	39.2
Query_45919	CP050611.1	100.000	21	0	0	1	21	40018236	40018216	2.1	39.2
Query_45919	XM_033212850.1	100.000	21	0	0	1	21	268	248	2.1	39.2
Query_45919	XM_033212849.1	100.000	21	0	0	1	21	293	273	2.1	39.2
Query_45919	XM_033212848.1	100.000	21	0	0	1	21	389	369	2.1	39.2
Query_45919	XM_033212847.1	100.000	21	0	0	1	21	398	378	2.1	39.2
Query_45919	XM_033212846.1	100.000	21	0	0	1	21	470	450	2.1	39.2
Query_45919	XM_033119601.1	100.000	21	0	0	1	21	515	495	2.1	39.2
Query_45919	XM_033094387.1	100.000	21	0	0	1	21	572	552	2.1	39.2
Query_45919	XM_032127263.1	100.000	21	0	0	1	21	1009	989	2.1	39.2
Query_45919	XM_031650201.1	100.000	21	0	0	1	21	595	575	2.1	39.2
Query_45919	XM_010357324.2	100.000	21	0	0	1	21	389	369	2.1	39.2
Query_45919	XM_010357323.2	100.000	21	0	0	1	21	398	378	2.1	39.2
Query_45919	XM_010357322.2	100.000	21	0	0	1	21	470	450	2.1	39.2
Query_45919	XM_030502586.1	100.000	21	0	0	1	21	830	810	2.1	39.2
Query_45919	XM_030502585.1	100.000	21	0	0	1	21	1063	1043	2.1	39.2
Query_45919	NR_104037.2	100.000	21	0	0	1	21	325	305	2.1	39.2
Query_45919	NR_104036.2	100.000	21	0	0	1	21	230	210	2.1	39.2
Query_45919	NM_181800.3	100.000	21	0	0	1	21	435	415	2.1	39.2
Query_45919	NM_181799.3	100.000	21	0	0	1	21	468	448	2.1	39.2
Query_45919	NM_181801.4	100.000	21	0	0	1	21	665	645	2.1	39.2
Query_45919	NM_007019.4	100.000	21	0	0	1	21	522	502	2.1	39.2
Query_45919	CP034499.1	100.000	21	0	0	1	21	44384541	44384521	2.1	39.2
Query_45919	XM_027558425.1	100.000	21	0	0	1	21	553	533	2.1	39.2
Query_45919	XM_027558423.1	100.000	21	0	0	1	21	545	525	2.1	39.2
Query_45919	XM_027558422.1	100.000	21	0	0	1	21	566	546	2.1	39.2
Query_45919	XM_027558421.1	100.000	21	0	0	1	21	572	552	2.1	39.2
Query_45919	XM_026014740.1	100.000	21	0	0	1	21	817	797	2.1	39.2
Query_45919	XR_003120191.1	100.000	21	0	0	1	21	508	488	2.1	39.2
Query_45919	XM_025374652.1	100.000	21	0	0	1	21	329	309	2.1	39.2
Query_45919	XM_025374651.1	100.000	21	0	0	1	21	425	405	2.1	39.2
Query_45919	XM_025374650.1	100.000	21	0	0	1	21	434	414	2.1	39.2
Query_45919	XM_025374649.1	100.000	21	0	0	1	21	506	486	2.1	39.2
Query_45919	XM_006051349.2	100.000	21	0	0	1	21	547	527	2.1	39.2
Query_45919	XM_025263365.1	100.000	21	0	0	1	21	574	554	2.1	39.2
Query_45919	XM_005214594.4	100.000	21	0	0	1	21	558	538	2.1	39.2
Query_45919	XM_010811412.3	100.000	21	0	0	1	21	580	560	2.1	39.2
Query_45919	XM_010811411.3	100.000	21	0	0	1	21	585	565	2.1	39.2
Query_45919	XM_024559700.1	100.000	21	0	0	1	21	383	363	2.1	39.2
Query_45919	XM_024559699.1	100.000	21	0	0	1	21	557	537	2.1	39.2
Query_45919	CP027081.1	100.000	21	0	0	1	21	67387080	67387060	2.1	39.2
Query_45919	XM_004485156.2	100.000	21	0	0	1	21	541	521	2.1	39.2
Query_45919	XM_023550290.1	100.000	21	0	0	1	21	681	661	2.1	39.2
Query_45919	XM_003411741.3	100.000	21	0	0	1	21	1279	1259	2.1	39.2
Query_45919	XR_775613.2	100.000	21	0	0	1	21	533	513	2.1	39.2
Query_45919	XM_021716629.1	100.000	21	0	0	1	21	329	309	2.1	39.2
Query_45919	XM_021716627.1	100.000	21	0	0	1	21	425	405	2.1	39.2
Query_45919	XM_021716626.1	100.000	21	0	0	1	21	434	414	2.1	39.2
Query_45919	XM_021716625.1	100.000	21	0	0	1	21	517	497	2.1	39.2
Query_45919	XM_021649032.1	100.000	21	0	0	1	21	513	493	2.1	39.2
Query_45919	XM_021638616.1	100.000	21	0	0	1	21	1353	1333	2.1	39.2
Query_45919	XM_021638608.1	100.000	21	0	0	1	21	1353	1333	2.1	39.2
Query_45919	XR_002222315.1	100.000	21	0	0	1	21	976	956	2.1	39.2
Query_45919	XM_020154602.1	100.000	21	0	0	1	21	389	369	2.1	39.2
Query_45919	XM_020154601.1	100.000	21	0	0	1	21	389	369	2.1	39.2
Query_45919	XM_020154600.1	100.000	21	0	0	1	21	461	441	2.1	39.2
Query_45919	XM_019972483.1	100.000	21	0	0	1	21	1504	1484	2.1	39.2
Query_45919	XM_019972482.1	100.000	21	0	0	1	21	1504	1484	2.1	39.2
Query_45919	XM_019637077.1	100.000	21	0	0	1	21	760	740	2.1	39.2
Query_45919	XM_019637076.1	100.000	21	0	0	1	21	412	392	2.1	39.2
Query_45919	XM_019637075.1	100.000	21	0	0	1	21	582	562	2.1	39.2
Query_45919	XM_008635681.2	100.000	21	0	0	1	21	388	368	2.1	39.2
Query_45919	XM_016303346.1	100.000	21	0	0	1	21	850	830	2.1	39.2
Query_45919	XM_016303345.1	100.000	21	0	0	1	21	813	793	2.1	39.2
Query_45919	KT331146.1	100.000	21	0	0	1	21	5877	5897	2.1	39.2
Query_45919	KT331145.1	100.000	21	0	0	1	21	5877	5897	2.1	39.2
Query_45919	KT331056.1	100.000	21	0	0	1	21	14440	14460	2.1	39.2
Query_45919	HG994407.1	100.000	21	0	0	1	21	35273770	35273750	2.1	39.2
Query_45919	HG994395.1	100.000	21	0	0	1	21	34297887	34297907	2.1	39.2
Query_45919	HG994393.1	100.000	21	0	0	1	21	42093488	42093468	2.1	39.2
Query_45919	XM_039563651.1	100.000	21	0	0	1	21	1011	991	2.1	39.2
Query_45919	CP068258.1	100.000	21	0	0	1	21	47552381	47552361	2.1	39.2
Query_45919	XM_038668540.1	100.000	21	0	0	1	21	599	579	2.1	39.2
Query_45919	XM_038433980.1	100.000	21	0	0	1	21	485	465	2.1	39.2
Query_45919	XM_038433979.1	100.000	21	0	0	1	21	525	505	2.1	39.2
Query_45919	XM_038433978.1	100.000	21	0	0	1	21	529	509	2.1	39.2
Query_45919	XM_038433977.1	100.000	21	0	0	1	21	563	543	2.1	39.2
Query_45919	XM_038678860.1	100.000	21	0	0	1	21	353	333	2.1	39.2
Query_45919	XM_038457716.1	100.000	21	0	0	1	21	484	464	2.1	39.2
Query_45919	XM_038457715.1	100.000	21	0	0	1	21	524	504	2.1	39.2
Query_45919	XM_543022.6	100.000	21	0	0	1	21	531	511	2.1	39.2
Query_45919	XM_022408915.2	100.000	21	0	0	1	21	568	548	2.1	39.2
Query_45919	XM_038651144.1	100.000	21	0	0	1	21	353	333	2.1	39.2
Query_45919	XM_037006216.1	100.000	21	0	0	1	21	832	812	2.1	39.2
Query_45919	XM_036902153.1	100.000	21	0	0	1	21	830	810	2.1	39.2
Query_45919	AP023480.1	100.000	21	0	0	1	21	43851348	43851328	2.1	39.2
Query_45919	NM_001281741.2	100.000	21	0	0	1	21	381	361	2.1	39.2
Query_45919	NM_001281742.2	100.000	21	0	0	1	21	317	297	2.1	39.2
Query_45919	XM_035705670.1	100.000	21	0	0	1	21	485	465	2.1	39.2
Query_45919	XM_035705669.1	100.000	21	0	0	1	21	525	505	2.1	39.2
Query_45919	XM_025470241.2	100.000	21	0	0	1	21	527	507	2.1	39.2
Query_45919	XM_025470239.2	100.000	21	0	0	1	21	562	542	2.1	39.2
Query_45919	XM_035696278.1	100.000	21	0	0	1	21	353	333	2.1	39.2
Query_45919	XM_035718371.1	100.000	21	0	0	1	21	599	579	2.1	39.2


