# blastn
# Iteration: 0
# Query: 
# RID: 6MJ35U7D016
# Database: nt
# Fields: query acc.ver, subject acc.ver, % identity, alignment length, mismatches, gap opens, q. start, q. end, s. start, s. end, evalue, bit score
# 100 hits found
Query_53109	XM_034960512.1	100.000	21	0	0	1	21	380	360	2.0	39.2
Query_53109	XM_003829274.3	100.000	21	0	0	1	21	470	450	2.0	39.2
Query_53109	XM_034656017.1	100.000	21	0	0	1	21	435	415	2.0	39.2
Query_53109	XM_002912915.4	100.000	21	0	0	1	21	513	493	2.0	39.2
Query_53109	XM_033761573.1	100.000	21	0	0	1	21	357	337	2.0	39.2
Query_53109	XM_033761572.1	100.000	21	0	0	1	21	437	417	2.0	39.2
Query_53109	CP050600.1	100.000	21	0	0	1	21	21862015	21861995	2.0	39.2
Query_53109	CP050630.1	100.000	21	0	0	1	21	21854982	21854962	2.0	39.2
Query_53109	XM_033181205.1	100.000	21	0	0	1	21	1327	1307	2.0	39.2
Query_53109	XM_033095936.1	100.000	21	0	0	1	21	502	482	2.0	39.2
Query_53109	XM_032837709.1	100.000	21	0	0	1	21	519	499	2.0	39.2
Query_53109	XM_032837708.1	100.000	21	0	0	1	21	519	499	2.0	39.2
Query_53109	XM_032837707.1	100.000	21	0	0	1	21	519	499	2.0	39.2
Query_53109	LR778265.1	100.000	21	0	0	1	21	42350090	42350110	2.0	39.2
Query_53109	XM_030318352.2	100.000	21	0	0	1	21	508	488	2.0	39.2
Query_53109	XM_006179617.3	100.000	21	0	0	1	21	502	482	2.0	39.2
Query_53109	XM_032336720.1	100.000	21	0	0	1	21	513	493	2.0	39.2
Query_53109	XM_032336718.1	100.000	21	0	0	1	21	513	493	2.0	39.2
Query_53109	XM_032336717.1	100.000	21	0	0	1	21	513	493	2.0	39.2
Query_53109	XM_032251637.1	100.000	21	0	0	1	21	729	709	2.0	39.2
Query_53109	XM_032251564.1	100.000	21	0	0	1	21	819	799	2.0	39.2
Query_53109	XM_032157920.1	100.000	21	0	0	1	21	800	780	2.0	39.2
Query_53109	XM_023196017.2	100.000	21	0	0	1	21	792	772	2.0	39.2
Query_53109	NM_001194433.3	100.000	21	0	0	1	21	801	781	2.0	39.2
Query_53109	XM_006212804.3	100.000	21	0	0	1	21	501	481	2.0	39.2
Query_53109	XM_021939692.2	100.000	21	0	0	1	21	724	704	2.0	39.2
Query_53109	XM_003900106.3	100.000	21	0	0	1	21	814	794	2.0	39.2
Query_53109	XM_010981544.2	100.000	21	0	0	1	21	502	482	2.0	39.2
Query_53109	XM_031010702.1	100.000	21	0	0	1	21	792	772	2.0	39.2
Query_53109	XM_003266384.3	100.000	21	0	0	1	21	799	779	2.0	39.2
Query_53109	XM_030318362.1	100.000	21	0	0	1	21	385	365	2.0	39.2
Query_53109	XM_030318343.1	100.000	21	0	0	1	21	640	620	2.0	39.2
Query_53109	XM_030318333.1	100.000	21	0	0	1	21	723	703	2.0	39.2
Query_53109	XM_029941919.1	100.000	21	0	0	1	21	508	488	2.0	39.2
Query_53109	XM_008827925.3	100.000	21	0	0	1	21	550	530	2.0	39.2
Query_53109	NM_003337.4	100.000	21	0	0	1	21	403	383	2.0	39.2
Query_53109	XM_015087620.2	100.000	21	0	0	1	21	463	443	2.0	39.2
Query_53109	XM_026507995.1	100.000	21	0	0	1	21	448	428	2.0	39.2
Query_53109	XM_028103534.1	100.000	21	0	0	1	21	508	488	2.0	39.2
Query_53109	XM_014583576.2	100.000	21	0	0	1	21	433	413	2.0	39.2
Query_53109	XM_006166855.3	100.000	21	0	0	1	21	433	413	2.0	39.2
Query_53109	XM_027606507.1	100.000	21	0	0	1	21	508	488	2.0	39.2
Query_53109	XM_025994900.1	100.000	21	0	0	1	21	514	494	2.0	39.2
Query_53109	XM_025924543.1	100.000	21	0	0	1	21	435	415	2.0	39.2
Query_53109	XM_025924542.1	100.000	21	0	0	1	21	524	504	2.0	39.2
Query_53109	XM_025860796.1	100.000	21	0	0	1	21	508	488	2.0	39.2
Query_53109	XM_025388144.1	100.000	21	0	0	1	21	723	703	2.0	39.2
Query_53109	XM_025388143.1	100.000	21	0	0	1	21	813	793	2.0	39.2
Query_53109	XM_006923125.3	100.000	21	0	0	1	21	768	748	2.0	39.2
Query_53109	XM_011716582.2	100.000	21	0	0	1	21	325	305	2.0	39.2
Query_53109	XM_011716581.2	100.000	21	0	0	1	21	790	770	2.0	39.2
Query_53109	XM_024575021.1	100.000	21	0	0	1	21	404	384	2.0	39.2
Query_53109	XM_024575020.1	100.000	21	0	0	1	21	892	872	2.0	39.2
Query_53109	XM_024575019.1	100.000	21	0	0	1	21	479	459	2.0	39.2
Query_53109	XM_016953844.2	100.000	21	0	0	1	21	379	359	2.0	39.2
Query_53109	XM_517935.4	100.000	21	0	0	1	21	792	772	2.0	39.2
Query_53109	XM_012514325.2	100.000	21	0	0	1	21	512	492	2.0	39.2
Query_53109	XM_001504396.4	100.000	21	0	0	1	21	545	525	2.0	39.2
Query_53109	XM_011362314.2	100.000	21	0	0	1	21	768	748	2.0	39.2
Query_53109	XM_005001264.3	100.000	21	0	0	1	21	738	718	2.0	39.2
Query_53109	XM_004475904.2	100.000	21	0	0	1	21	513	493	2.0	39.2
Query_53109	XM_023255298.1	100.000	21	0	0	1	21	464	444	2.0	39.2
Query_53109	XM_022493030.1	100.000	21	0	0	1	21	385	365	2.0	39.2
Query_53109	XM_022493029.1	100.000	21	0	0	1	21	448	428	2.0	39.2
Query_53109	XM_022493028.1	100.000	21	0	0	1	21	513	493	2.0	39.2
Query_53109	XM_008065866.2	100.000	21	0	0	1	21	390	370	2.0	39.2
Query_53109	XM_008065865.2	100.000	21	0	0	1	21	511	491	2.0	39.2
Query_53109	XM_021716439.1	100.000	21	0	0	1	21	517	497	2.0	39.2
Query_53109	XM_021241148.1	100.000	21	0	0	1	21	358	338	2.0	39.2
Query_53109	XM_004836575.3	100.000	21	0	0	1	21	658	638	2.0	39.2
Query_53109	HG994391.1	100.000	21	0	0	1	21	23523088	23523068	2.0	39.2
Query_53109	XM_039836039.1	100.000	21	0	0	1	21	766	746	2.0	39.2
Query_53109	XM_010338704.2	100.000	21	0	0	1	21	444	424	2.0	39.2
Query_53109	XM_010338699.2	100.000	21	0	0	1	21	533	513	2.0	39.2
Query_53109	XM_039242287.1	100.000	21	0	0	1	21	489	469	2.0	39.2
Query_53109	XM_039242286.1	100.000	21	0	0	1	21	489	469	2.0	39.2
Query_53109	XM_039242285.1	100.000	21	0	0	1	21	488	468	2.0	39.2
Query_53109	XM_038681540.1	100.000	21	0	0	1	21	624	604	2.0	39.2
Query_53109	XM_022425310.2	100.000	21	0	0	1	21	624	604	2.0	39.2
Query_53109	XM_008014440.2	100.000	21	0	0	1	21	720	700	2.0	39.2
Query_53109	XM_008014439.2	100.000	21	0	0	1	21	810	790	2.0	39.2
Query_53109	XM_037809629.1	100.000	21	0	0	1	21	392	372	2.0	39.2
Query_53109	XM_037800778.1	100.000	21	0	0	1	21	351	331	2.0	39.2
Query_53109	XM_037800777.1	100.000	21	0	0	1	21	485	465	2.0	39.2
Query_53109	XM_017532387.2	100.000	21	0	0	1	21	380	360	2.0	39.2
Query_53109	XM_017532386.2	100.000	21	0	0	1	21	526	506	2.0	39.2
Query_53109	XM_017709996.2	100.000	21	0	0	1	21	503	483	2.0	39.2
Query_53109	XM_037050449.1	100.000	21	0	0	1	21	502	482	2.0	39.2
Query_53109	XM_037050448.1	100.000	21	0	0	1	21	501	481	2.0	39.2
Query_53109	XM_037016069.1	100.000	21	0	0	1	21	352	332	2.0	39.2
Query_53109	XM_037016068.1	100.000	21	0	0	1	21	461	441	2.0	39.2
Query_53109	XM_017641948.2	100.000	21	0	0	1	21	487	467	2.0	39.2
Query_53109	XM_036898390.1	100.000	21	0	0	1	21	351	331	2.0	39.2
Query_53109	XM_036898387.1	100.000	21	0	0	1	21	461	441	2.0	39.2
Query_53109	XM_036898386.1	100.000	21	0	0	1	21	488	468	2.0	39.2
Query_53109	XM_016137659.2	100.000	21	0	0	1	21	766	746	2.0	39.2
Query_53109	XM_025433233.2	100.000	21	0	0	1	21	623	603	2.0	39.2
Query_53109	XM_025433232.2	100.000	21	0	0	1	21	841	821	2.0	39.2
Query_53109	XM_008984915.4	100.000	21	0	0	1	21	731	711	2.0	39.2
Query_53109	XM_002744157.6	100.000	21	0	0	1	21	821	801	2.0	39.2


