# blastn
# Iteration: 0
# Query: 
# RID: 6M710ZMA01R
# Database: nt
# Fields: query acc.ver, subject acc.ver, % identity, alignment length, mismatches, gap opens, q. start, q. end, s. start, s. end, evalue, bit score
# 96 hits found
Query_334693	MK280312.1	100.000	21	0	0	1	21	1144	1124	2.0	39.2
Query_334693	XM_003822660.3	100.000	21	0	0	1	21	2901	2881	2.0	39.2
Query_334693	XM_019793495.2	100.000	21	0	0	1	21	2266	2246	2.0	39.2
Query_334693	CP050591.1	100.000	21	0	0	1	21	49273082	49273062	2.0	39.2
Query_334693	CP050611.1	100.000	21	0	0	1	21	49280502	49280482	2.0	39.2
Query_334693	XM_033175808.1	100.000	21	0	0	1	21	2541	2521	2.0	39.2
Query_334693	XM_032497467.1	100.000	21	0	0	1	21	2580	2560	2.0	39.2
Query_334693	XM_032239463.1	100.000	21	0	0	1	21	2435	2415	2.0	39.2
Query_334693	XM_032239461.1	100.000	21	0	0	1	21	2390	2370	2.0	39.2
Query_334693	XM_032178589.1	100.000	21	0	0	1	21	2098	2078	2.0	39.2
Query_334693	XM_023223830.2	100.000	21	0	0	1	21	2685	2665	2.0	39.2
Query_334693	XM_023223828.2	100.000	21	0	0	1	21	1194	1214	2.0	39.2
Query_334693	XM_003908598.4	100.000	21	0	0	1	21	2677	2657	2.0	39.2
Query_334693	XM_031466949.1	100.000	21	0	0	1	21	2604	2584	2.0	39.2
Query_334693	XM_031018563.1	100.000	21	0	0	1	21	2192	2172	2.0	39.2
Query_334693	XM_031007930.1	100.000	21	0	0	1	21	2696	2676	2.0	39.2
Query_334693	XM_030920698.1	100.000	21	0	0	1	21	2535	2515	2.0	39.2
Query_334693	XM_030799595.1	100.000	21	0	0	1	21	2693	2673	2.0	39.2
Query_334693	XM_029937302.1	100.000	21	0	0	1	21	2086	2066	2.0	39.2
Query_334693	XM_029937301.1	100.000	21	0	0	1	21	2182	2162	2.0	39.2
Query_334693	XM_015112284.2	100.000	21	0	0	1	21	3085	3065	2.0	39.2
Query_334693	NM_012249.4	100.000	21	0	0	1	21	2704	2684	2.0	39.2
Query_334693	XM_027072534.1	100.000	21	0	0	1	21	2153	2133	2.0	39.2
Query_334693	XM_027072533.1	100.000	21	0	0	1	21	2250	2230	2.0	39.2
Query_334693	XM_026385764.1	100.000	21	0	0	1	21	2518	2498	2.0	39.2
Query_334693	XM_015094399.2	100.000	21	0	0	1	21	2365	2345	2.0	39.2
Query_334693	XM_027966877.1	100.000	21	0	0	1	21	2197	2177	2.0	39.2
Query_334693	XM_027934414.1	100.000	21	0	0	1	21	2272	2252	2.0	39.2
Query_334693	XM_027555181.1	100.000	21	0	0	1	21	2430	2410	2.0	39.2
Query_334693	XM_025992592.1	100.000	21	0	0	1	21	2178	2158	2.0	39.2
Query_334693	XM_025868893.1	100.000	21	0	0	1	21	2246	2226	2.0	39.2
Query_334693	XM_025353647.1	100.000	21	0	0	1	21	2456	2436	2.0	39.2
Query_334693	AC277863.1	100.000	21	0	0	1	21	187982	188002	2.0	39.2
Query_334693	XM_024998248.1	100.000	21	0	0	1	21	2355	2335	2.0	39.2
Query_334693	XM_016948475.2	100.000	21	0	0	1	21	2675	2655	2.0	39.2
Query_334693	XM_016948474.2	100.000	21	0	0	1	21	2536	2516	2.0	39.2
Query_334693	XM_002812061.4	100.000	21	0	0	1	21	2447	2427	2.0	39.2
Query_334693	XM_023619138.1	100.000	21	0	0	1	21	2456	2436	2.0	39.2
Query_334693	XM_004447334.3	100.000	21	0	0	1	21	2177	2157	2.0	39.2
Query_334693	XM_023251654.1	100.000	21	0	0	1	21	2240	2220	2.0	39.2
Query_334693	XM_021719398.1	100.000	21	0	0	1	21	2421	2401	2.0	39.2
Query_334693	XM_020876169.1	100.000	21	0	0	1	21	2430	2410	2.0	39.2
Query_334693	XM_020876165.1	100.000	21	0	0	1	21	6324	6344	2.0	39.2
Query_334693	XM_018055194.1	100.000	21	0	0	1	21	2481	2461	2.0	39.2
Query_334693	XM_017862694.1	100.000	21	0	0	1	21	2525	2505	2.0	39.2
Query_334693	XM_011532728.2	100.000	21	0	0	1	21	2032	2012	2.0	39.2
Query_334693	XM_017003716.1	100.000	21	0	0	1	21	2916	2896	2.0	39.2
Query_334693	XM_011532726.2	100.000	21	0	0	1	21	2759	2739	2.0	39.2
Query_334693	XM_016216965.1	100.000	21	0	0	1	21	1987	1967	2.0	39.2
Query_334693	XM_015479387.1	100.000	21	0	0	1	21	2199	2179	2.0	39.2
Query_334693	XM_015433694.1	100.000	21	0	0	1	21	2981	2961	2.0	39.2
Query_334693	XM_005575962.2	100.000	21	0	0	1	21	2295	2275	2.0	39.2
Query_334693	XM_014833243.1	100.000	21	0	0	1	21	2140	2120	2.0	39.2
Query_334693	XM_004436685.2	100.000	21	0	0	1	21	2166	2146	2.0	39.2
Query_334693	XM_005895614.2	100.000	21	0	0	1	21	2274	2254	2.0	39.2
Query_334693	XM_012070312.1	100.000	21	0	0	1	21	2994	2974	2.0	39.2
Query_334693	XM_012070311.1	100.000	21	0	0	1	21	2462	2442	2.0	39.2
Query_334693	XM_012070310.1	100.000	21	0	0	1	21	1022	1042	2.0	39.2
Query_334693	XM_011965779.1	100.000	21	0	0	1	21	2479	2459	2.0	39.2
Query_334693	XM_011936021.1	100.000	21	0	0	1	21	2206	2186	2.0	39.2
Query_334693	XM_005264229.2	100.000	21	0	0	1	21	2168	2148	2.0	39.2
Query_334693	XM_010967736.1	100.000	21	0	0	1	21	2224	2204	2.0	39.2
Query_334693	XM_010838654.1	100.000	21	0	0	1	21	2318	2298	2.0	39.2
Query_334693	XM_008541481.1	100.000	21	0	0	1	21	2232	2212	2.0	39.2
Query_334693	NG_023007.2	100.000	21	0	0	1	21	2542	2522	2.0	39.2
Query_334693	NG_022969.2	100.000	21	0	0	1	21	2538	2518	2.0	39.2
Query_334693	XM_040224753.1	100.000	21	0	0	1	21	2339	2319	2.0	39.2
Query_334693	HG994393.1	100.000	21	0	0	1	21	51299436	51299416	2.0	39.2
Query_334693	XM_003926747.3	100.000	21	0	0	1	21	2670	2650	2.0	39.2
Query_334693	XM_038680494.1	100.000	21	0	0	1	21	2250	2230	2.0	39.2
Query_334693	XM_038646699.1	100.000	21	0	0	1	21	2250	2230	2.0	39.2
Query_334693	XM_038006892.1	100.000	21	0	0	1	21	1036	1056	2.0	39.2
Query_334693	XM_038006891.1	100.000	21	0	0	1	21	1013	1033	2.0	39.2
Query_334693	XM_038006885.1	100.000	21	0	0	1	21	2170	2150	2.0	39.2
Query_334693	XM_007970741.2	100.000	21	0	0	1	21	2675	2655	2.0	39.2
Query_334693	XM_037732867.1	100.000	21	0	0	1	21	2295	2275	2.0	39.2
Query_334693	XM_017512722.2	100.000	21	0	0	1	21	2676	2656	2.0	39.2
Query_334693	XM_036121674.1	100.000	21	0	0	1	21	2329	2309	2.0	39.2
Query_334693	XM_036121672.1	100.000	21	0	0	1	21	2150	2130	2.0	39.2
Query_334693	XM_036121671.1	100.000	21	0	0	1	21	2246	2226	2.0	39.2
Query_334693	XM_025465898.2	100.000	21	0	0	1	21	2249	2229	2.0	39.2
Query_334693	XM_027620825.2	100.000	21	0	0	1	21	2317	2297	2.0	39.2
Query_334693	AC280214.1	100.000	21	0	0	1	21	182153	182173	2.0	39.2
Query_334693	XR_004733630.1	100.000	21	0	0	1	21	3327	3307	2.0	39.2
Query_334693	XM_002757794.5	100.000	21	0	0	1	21	3163	3143	2.0	39.2
Query_334693	EU794657.1	100.000	21	0	0	1	21	2466	2446	2.0	39.2
Query_334693	BC013135.1	100.000	21	0	0	1	21	2626	2606	2.0	39.2
Query_334693	AC185990.2	100.000	21	0	0	1	21	124381	124401	2.0	39.2
Query_334693	AC183985.2	100.000	21	0	0	1	21	124638	124658	2.0	39.2
Query_334693	AC182490.3	100.000	21	0	0	1	21	101983	102003	2.0	39.2
Query_334693	AC120782.25	100.000	21	0	0	1	21	42482	42462	2.0	39.2
Query_334693	AC145214.1	100.000	21	0	0	1	21	39018	38998	2.0	39.2
Query_334693	AC018804.9	100.000	21	0	0	1	21	27056	27036	2.0	39.2
Query_334693	AC073869.5	100.000	21	0	0	1	21	137390	137370	2.0	39.2
Query_334693	AC018682.4	100.000	21	0	0	1	21	117005	116985	2.0	39.2
Query_334693	LR991084.1	100.000	20	0	0	1	20	12708167	12708186	7.1	37.4


