# blastn
# Iteration: 0
# Query: 
# RID: 7PM1A8EU01R
# Database: nt
# Fields: query acc.ver, subject acc.ver, % identity, alignment length, mismatches, gap opens, q. start, q. end, s. start, s. end, evalue, bit score
# 100 hits found
Query_41287	LR812122.1	100.000	21	0	0	1	21	5585614	5585594	2.1	39.2
Query_41287	XM_034948809.1	100.000	21	0	0	1	21	438	418	2.1	39.2
Query_41287	XM_034948808.1	100.000	21	0	0	1	21	963	943	2.1	39.2
Query_41287	XM_003807746.2	100.000	21	0	0	1	21	459	439	2.1	39.2
Query_41287	XM_034937214.1	100.000	21	0	0	1	21	384	364	2.1	39.2
Query_41287	XM_034936518.1	100.000	21	0	0	1	21	1525	1505	2.1	39.2
Query_41287	XM_034936517.1	100.000	21	0	0	1	21	1338	1318	2.1	39.2
Query_41287	XM_034791015.1	100.000	21	0	0	1	21	435	415	2.1	39.2
Query_41287	XM_034496497.1	100.000	21	0	0	1	21	341	321	2.1	39.2
Query_41287	XM_034515059.1	100.000	21	0	0	1	21	373	353	2.1	39.2
Query_41287	XM_034068234.1	100.000	21	0	0	1	21	397	377	2.1	39.2
Query_41287	XM_015643766.2	100.000	21	0	0	1	21	417	397	2.1	39.2
Query_41287	XM_033518052.1	100.000	21	0	0	1	21	413	393	2.1	39.2
Query_41287	XM_033234103.1	100.000	21	0	0	1	21	443	423	2.1	39.2
Query_41287	XM_033234102.1	100.000	21	0	0	1	21	539	519	2.1	39.2
Query_41287	XM_033236163.1	100.000	21	0	0	1	21	382	362	2.1	39.2
Query_41287	XM_033075790.1	100.000	21	0	0	1	21	416	396	2.1	39.2
Query_41287	XM_033008135.1	100.000	21	0	0	1	21	371	351	2.1	39.2
Query_41287	XM_033008134.1	100.000	21	0	0	1	21	456	436	2.1	39.2
Query_41287	XM_032777233.1	100.000	21	0	0	1	21	233	213	2.1	39.2
Query_41287	XM_030285749.2	100.000	21	0	0	1	21	419	399	2.1	39.2
Query_41287	XM_012578119.3	100.000	21	0	0	1	21	439	419	2.1	39.2
Query_41287	XM_032706146.1	100.000	21	0	0	1	21	239	219	2.1	39.2
Query_41287	XM_032273096.1	100.000	21	0	0	1	21	386	366	2.1	39.2
Query_41287	XR_004261699.1	100.000	21	0	0	1	21	317	297	2.1	39.2
Query_41287	XR_004258789.1	100.000	21	0	0	1	21	368	348	2.1	39.2
Query_41287	XM_032294409.1	100.000	21	0	0	1	21	560	540	2.1	39.2
Query_41287	XR_004273668.1	100.000	21	0	0	1	21	243	223	2.1	39.2
Query_41287	XR_004271541.1	100.000	21	0	0	1	21	361	341	2.1	39.2
Query_41287	XM_032229647.1	100.000	21	0	0	1	21	413	393	2.1	39.2
Query_41287	XM_032229426.1	100.000	21	0	0	1	21	401	381	2.1	39.2
Query_41287	XM_032198831.1	100.000	21	0	0	1	21	394	374	2.1	39.2
Query_41287	XM_032138715.1	100.000	21	0	0	1	21	533	513	2.1	39.2
Query_41287	XM_032171530.1	100.000	21	0	0	1	21	245	225	2.1	39.2
Query_41287	XM_032171529.1	100.000	21	0	0	1	21	348	328	2.1	39.2
Query_41287	XM_032150546.1	100.000	21	0	0	1	21	576	556	2.1	39.2
Query_41287	XM_032127604.1	100.000	21	0	0	1	21	413	393	2.1	39.2
Query_41287	XM_023188654.2	100.000	21	0	0	1	21	581	561	2.1	39.2
Query_41287	LR738605.1	100.000	21	0	0	1	21	27250335	27250355	2.1	39.2
Query_41287	XR_642016.3	100.000	21	0	0	1	21	378	358	2.1	39.2
Query_41287	XR_648637.4	100.000	21	0	0	1	21	371	351	2.1	39.2
Query_41287	HG999698.1	100.000	21	0	0	1	21	390575	390555	2.1	39.2
Query_41287	XM_040080680.1	100.000	21	0	0	1	21	410	390	2.1	39.2
Query_41287	XM_040080679.1	100.000	21	0	0	1	21	559	539	2.1	39.2
Query_41287	XM_039724271.1	100.000	21	0	0	1	21	440	420	2.1	39.2
Query_41287	XM_039560884.1	100.000	21	0	0	1	21	409	389	2.1	39.2
Query_41287	XM_039504779.1	100.000	21	0	0	1	21	347	327	2.1	39.2
Query_41287	XM_039504778.1	100.000	21	0	0	1	21	463	443	2.1	39.2
Query_41287	XM_003942643.3	100.000	21	0	0	1	21	412	392	2.1	39.2
Query_41287	XM_039469933.1	100.000	21	0	0	1	21	348	328	2.1	39.2
Query_41287	XM_039385060.1	100.000	21	0	0	1	21	504	484	2.1	39.2
Query_41287	XM_027733003.2	100.000	21	0	0	1	21	414	394	2.1	39.2
Query_41287	CP068259.1	100.000	21	0	0	1	21	9900972	9900952	2.1	39.2
Query_41287	CP068256.1	100.000	21	0	0	1	21	22063797	22063777	2.1	39.2
Query_41287	XM_038372710.1	100.000	21	0	0	1	21	574	554	2.1	39.2
Query_41287	XM_038372709.1	100.000	21	0	0	1	21	549	529	2.1	39.2
Query_41287	XM_038372708.1	100.000	21	0	0	1	21	449	429	2.1	39.2
Query_41287	XM_038320861.1	100.000	21	0	0	1	21	239	219	2.1	39.2
Query_41287	XM_038320860.1	100.000	21	0	0	1	21	335	315	2.1	39.2
Query_41287	XM_038187293.1	100.000	21	0	0	1	21	338	318	2.1	39.2
Query_41287	XM_027469860.2	100.000	21	0	0	1	21	431	411	2.1	39.2
Query_41287	XM_038152212.1	100.000	21	0	0	1	21	413	393	2.1	39.2
Query_41287	XM_038152211.1	100.000	21	0	0	1	21	416	396	2.1	39.2
Query_41287	XM_007974919.2	100.000	21	0	0	1	21	534	514	2.1	39.2
Query_41287	XM_037986854.1	100.000	21	0	0	1	21	566	546	2.1	39.2
Query_41287	XM_037878413.1	100.000	21	0	0	1	21	464	444	2.1	39.2
Query_41287	XM_037734949.1	100.000	21	0	0	1	21	308	288	2.1	39.2
Query_41287	XM_037734947.1	100.000	21	0	0	1	21	377	357	2.1	39.2
Query_41287	XM_017518623.2	100.000	21	0	0	1	21	417	397	2.1	39.2
Query_41287	XM_037741679.1	100.000	21	0	0	1	21	549	529	2.1	39.2
Query_41287	XM_037737901.1	100.000	21	0	0	1	21	365	345	2.1	39.2
Query_41287	XM_037495637.1	100.000	21	0	0	1	21	380	360	2.1	39.2
Query_41287	XM_037375408.1	100.000	21	0	0	1	21	443	423	2.1	39.2
Query_41287	XM_037375400.1	100.000	21	0	0	1	21	377	357	2.1	39.2
Query_41287	XM_037375390.1	100.000	21	0	0	1	21	860	840	2.1	39.2
Query_41287	XM_036392889.1	100.000	21	0	0	1	21	386	366	2.1	39.2
Query_41287	XM_036276571.1	100.000	21	0	0	1	21	511	491	2.1	39.2
Query_41287	XM_036276570.1	100.000	21	0	0	1	21	535	515	2.1	39.2
Query_41287	XM_036276569.1	100.000	21	0	0	1	21	361	341	2.1	39.2
Query_41287	AP023482.1	100.000	21	0	0	1	21	17288314	17288294	2.1	39.2
Query_41287	AP023479.1	100.000	21	0	0	1	21	9660867	9660847	2.1	39.2
Query_41287	XM_036197723.1	100.000	21	0	0	1	21	283	263	2.1	39.2
Query_41287	XM_036197722.1	100.000	21	0	0	1	21	390	370	2.1	39.2
Query_41287	XM_036156152.1	100.000	21	0	0	1	21	370	350	2.1	39.2
Query_41287	XM_035897195.1	100.000	21	0	0	1	21	314	294	2.1	39.2
Query_41287	NM_001256356.2	100.000	21	0	0	1	21	276	256	2.1	39.2
Query_41287	XM_035556969.1	100.000	21	0	0	1	21	331	311	2.1	39.2
Query_41287	XM_035556968.1	100.000	21	0	0	1	21	414	394	2.1	39.2
Query_41287	XM_035556967.1	100.000	21	0	0	1	21	455	435	2.1	39.2
Query_41287	XM_035340457.1	100.000	21	0	0	1	21	440	420	2.1	39.2
Query_41287	XM_002752526.5	100.000	21	0	0	1	21	387	367	2.1	39.2
Query_41287	XM_035284661.1	100.000	21	0	0	1	21	372	352	2.1	39.2
Query_41287	XM_035290943.1	100.000	21	0	0	1	21	372	352	2.1	39.2
Query_41287	XR_617564.3	100.000	21	0	0	1	21	364	344	2.1	39.2
Query_41287	XM_035267121.1	100.000	21	0	0	1	21	305	285	2.1	39.2
Query_41287	XM_035267117.1	100.000	21	0	0	1	21	456	436	2.1	39.2
Query_41287	XM_002806551.5	100.000	21	0	0	1	21	452	432	2.1	39.2
Query_41287	XM_035267104.1	100.000	21	0	0	1	21	419	399	2.1	39.2
Query_41287	XM_035267097.1	100.000	21	0	0	1	21	537	517	2.1	39.2
Query_41287	LS423626.1	100.000	21	0	0	1	21	5306303	5306323	2.1	39.2


