# blastn
# Iteration: 0
# Query: 
# RID: 7PZGD6WN016
# Database: nt
# Fields: query acc.ver, subject acc.ver, % identity, alignment length, mismatches, gap opens, q. start, q. end, s. start, s. end, evalue, bit score
# 58 hits found
Query_32037	XM_003807100.4	100.000	21	0	0	1	21	278	258	2.1	39.2
Query_32037	XM_034942333.1	100.000	21	0	0	1	21	262	242	2.1	39.2
Query_32037	XM_033224473.1	100.000	21	0	0	1	21	646	626	2.1	39.2
Query_32037	XM_003916130.3	100.000	21	0	0	1	21	653	633	2.1	39.2
Query_32037	XR_004067781.1	100.000	21	0	0	1	21	262	242	2.1	39.2
Query_32037	XR_176607.3	100.000	21	0	0	1	21	278	258	2.1	39.2
Query_32037	XM_010379192.2	100.000	21	0	0	1	21	643	623	2.1	39.2
Query_32037	AC279090.1	100.000	21	0	0	1	21	113547	113567	2.1	39.2
Query_32037	NM_014501.3	100.000	21	0	0	1	21	283	263	2.1	39.2
Query_32037	CP034522.1	100.000	21	0	0	1	21	55858250	55858270	2.1	39.2
Query_32037	CP034497.1	100.000	21	0	0	1	21	55858250	55858270	2.1	39.2
Query_32037	CP034495.1	100.000	21	0	0	1	21	15608131	15608151	2.1	39.2
Query_32037	XM_025369037.1	100.000	21	0	0	1	21	652	632	2.1	39.2
Query_32037	AC277988.1	100.000	21	0	0	1	21	96975	96955	2.1	39.2
Query_32037	XM_011752020.2	100.000	21	0	0	1	21	646	626	2.1	39.2
Query_32037	XM_011526752.2	100.000	21	0	0	1	21	934	914	2.1	39.2
Query_32037	XM_016936881.2	100.000	21	0	0	1	21	1826	1806	2.1	39.2
Query_32037	XM_016936880.2	100.000	21	0	0	1	21	346	326	2.1	39.2
Query_32037	XR_677486.3	100.000	21	0	0	1	21	538	518	2.1	39.2
Query_32037	XR_002942167.1	100.000	21	0	0	1	21	221	201	2.1	39.2
Query_32037	XM_024236634.1	100.000	21	0	0	1	21	548	528	2.1	39.2
Query_32037	XM_023184255.1	100.000	21	0	0	1	21	664	644	2.1	39.2
Query_32037	LT741140.1	100.000	21	0	0	1	21	571	551	2.1	39.2
Query_32037	LT736020.1	100.000	21	0	0	1	21	571	551	2.1	39.2
Query_32037	XM_017892532.1	100.000	21	0	0	1	21	644	624	2.1	39.2
Query_32037	XM_005590403.2	100.000	21	0	0	1	21	647	627	2.1	39.2
Query_32037	XM_012053615.1	100.000	21	0	0	1	21	644	624	2.1	39.2
Query_32037	XM_011932455.1	100.000	21	0	0	1	21	645	625	2.1	39.2
Query_32037	XM_011932454.1	100.000	21	0	0	1	21	651	631	2.1	39.2
Query_32037	XM_011997020.1	100.000	21	0	0	1	21	129	109	2.1	39.2
Query_32037	KJ906125.1	100.000	21	0	0	1	21	149	129	2.1	39.2
Query_32037	KJ898691.1	100.000	21	0	0	1	21	149	129	2.1	39.2
Query_32037	KJ898690.1	100.000	21	0	0	1	21	149	129	2.1	39.2
Query_32037	AC254826.1	100.000	21	0	0	1	21	132374	132354	2.1	39.2
Query_32037	NM_001266004.2	100.000	21	0	0	1	21	403	383	2.1	39.2
Query_32037	CP068261.1	100.000	21	0	0	1	21	15611347	15611367	2.1	39.2
Query_32037	CP068259.1	100.000	21	0	0	1	21	58502332	58502352	2.1	39.2
Query_32037	AP023479.1	100.000	21	0	0	1	21	55884674	55884694	2.1	39.2
Query_32037	AP023477.1	100.000	21	0	0	1	21	15791093	15791113	2.1	39.2
Query_32037	HQ448521.1	100.000	21	0	0	1	21	134	114	2.1	39.2
Query_32037	NG_001583.3	100.000	21	0	0	1	21	377	357	2.1	39.2
Query_32037	CU688218.1	100.000	21	0	0	1	21	100	80	2.1	39.2
Query_32037	CU675699.1	100.000	21	0	0	1	21	100	80	2.1	39.2
Query_32037	BC014622.1	100.000	21	0	0	1	21	273	253	2.1	39.2
Query_32037	AC183294.3	100.000	21	0	0	1	21	3230	3210	2.1	39.2
Query_32037	BC066948.1	100.000	21	0	0	1	21	108	88	2.1	39.2
Query_32037	BC065364.1	100.000	21	0	0	1	21	272	252	2.1	39.2
Query_32037	BC004236.2	100.000	21	0	0	1	21	262	242	2.1	39.2
Query_32037	AC018989.15	100.000	21	0	0	1	21	150614	150634	2.1	39.2
Query_32037	AC020922.9	100.000	21	0	0	1	21	115165	115185	2.1	39.2
Query_32037	DQ120720.1	100.000	21	0	0	1	21	84	64	2.1	39.2
Query_32037	DQ120719.1	100.000	21	0	0	1	21	84	64	2.1	39.2
Query_32037	DQ120718.1	100.000	21	0	0	1	21	84	64	2.1	39.2
Query_32037	AB062397.1	100.000	21	0	0	1	21	262	242	2.1	39.2
Query_32037	AC005324.1	100.000	21	0	0	1	21	60208	60188	2.1	39.2
Query_32037	M91670.1	100.000	21	0	0	1	21	143	123	2.1	39.2
Query_32037	XM_032171207.1	100.000	20	0	0	2	21	548	529	7.3	37.4
Query_32037	XM_003277335.4	100.000	20	0	0	2	21	554	535	7.3	37.4


