# blastn
# Iteration: 0
# Query: 
# RID: 6MVYJE8J013
# Database: nt
# Fields: query acc.ver, subject acc.ver, % identity, alignment length, mismatches, gap opens, q. start, q. end, s. start, s. end, evalue, bit score
# 100 hits found
Query_22417	XM_034995424.1	100.000	21	0	0	1	21	2111	2091	2.0	39.2
Query_22417	XM_034932123.1	100.000	21	0	0	1	21	2003	1983	2.0	39.2
Query_22417	XM_034932122.1	100.000	21	0	0	1	21	2316	2296	2.0	39.2
Query_22417	XR_004664993.1	100.000	21	0	0	1	21	2292	2272	2.0	39.2
Query_22417	XM_034932121.1	100.000	21	0	0	1	21	2358	2338	2.0	39.2
Query_22417	XM_034932120.1	100.000	21	0	0	1	21	1968	1948	2.0	39.2
Query_22417	XM_034932119.1	100.000	21	0	0	1	21	2244	2224	2.0	39.2
Query_22417	XM_034932117.1	100.000	21	0	0	1	21	2054	2034	2.0	39.2
Query_22417	XM_034932116.1	100.000	21	0	0	1	21	2316	2296	2.0	39.2
Query_22417	XM_034932115.1	100.000	21	0	0	1	21	2316	2296	2.0	39.2
Query_22417	XM_032166649.2	100.000	21	0	0	1	21	1985	1965	2.0	39.2
Query_22417	XM_032427394.1	100.000	21	0	0	1	21	2000	1980	2.0	39.2
Query_22417	XM_032427393.1	100.000	21	0	0	1	21	2072	2052	2.0	39.2
Query_22417	XM_032240510.1	100.000	21	0	0	1	21	2193	2173	2.0	39.2
Query_22417	XM_032166651.1	100.000	21	0	0	1	21	1952	1932	2.0	39.2
Query_22417	XR_004250229.1	100.000	21	0	0	1	21	1926	1906	2.0	39.2
Query_22417	XM_031933959.1	100.000	21	0	0	1	21	2318	2298	2.0	39.2
Query_22417	XM_023189815.3	100.000	21	0	0	1	21	2385	2365	2.0	39.2
Query_22417	XM_023189814.3	100.000	21	0	0	1	21	2384	2364	2.0	39.2
Query_22417	XM_031653328.1	100.000	21	0	0	1	21	2372	2352	2.0	39.2
Query_22417	XR_004177484.1	100.000	21	0	0	1	21	2372	2352	2.0	39.2
Query_22417	XR_004177483.1	100.000	21	0	0	1	21	2372	2352	2.0	39.2
Query_22417	XR_004177482.1	100.000	21	0	0	1	21	2314	2294	2.0	39.2
Query_22417	XR_004177481.1	100.000	21	0	0	1	21	2372	2352	2.0	39.2
Query_22417	XM_031653326.1	100.000	21	0	0	1	21	2338	2318	2.0	39.2
Query_22417	XM_021926103.2	100.000	21	0	0	1	21	2372	2352	2.0	39.2
Query_22417	XM_031017321.1	100.000	21	0	0	1	21	1988	1968	2.0	39.2
Query_22417	XM_004050666.3	100.000	21	0	0	1	21	2357	2337	2.0	39.2
Query_22417	XM_019037259.2	100.000	21	0	0	1	21	1882	1862	2.0	39.2
Query_22417	XM_019037258.2	100.000	21	0	0	1	21	2244	2224	2.0	39.2
Query_22417	XM_004050664.3	100.000	21	0	0	1	21	2357	2337	2.0	39.2
Query_22417	XM_030917679.1	100.000	21	0	0	1	21	2290	2270	2.0	39.2
Query_22417	XM_030917678.1	100.000	21	0	0	1	21	2362	2342	2.0	39.2
Query_22417	XR_004053563.1	100.000	21	0	0	1	21	2362	2342	2.0	39.2
Query_22417	XM_030917677.1	100.000	21	0	0	1	21	1956	1936	2.0	39.2
Query_22417	XM_010384836.2	100.000	21	0	0	1	21	2362	2342	2.0	39.2
Query_22417	XR_004033591.1	100.000	21	0	0	1	21	2357	2337	2.0	39.2
Query_22417	XR_004033590.1	100.000	21	0	0	1	21	2299	2279	2.0	39.2
Query_22417	XM_030828843.1	100.000	21	0	0	1	21	2323	2303	2.0	39.2
Query_22417	XM_030828842.1	100.000	21	0	0	1	21	2251	2231	2.0	39.2
Query_22417	XM_030828841.1	100.000	21	0	0	1	21	2357	2337	2.0	39.2
Query_22417	XM_029582312.1	100.000	21	0	0	1	21	1852	1832	2.0	39.2
Query_22417	XM_029582311.1	100.000	21	0	0	1	21	1891	1871	2.0	39.2
Query_22417	XM_029582310.1	100.000	21	0	0	1	21	2268	2248	2.0	39.2
Query_22417	XM_029582309.1	100.000	21	0	0	1	21	2340	2320	2.0	39.2
Query_22417	NM_001348749.2	100.000	21	0	0	1	21	2250	2230	2.0	39.2
Query_22417	NM_001348750.2	100.000	21	0	0	1	21	2358	2338	2.0	39.2
Query_22417	NM_001243254.2	100.000	21	0	0	1	21	2322	2302	2.0	39.2
Query_22417	XM_028833701.1	100.000	21	0	0	1	21	2030	2010	2.0	39.2
Query_22417	XM_002799642.3	100.000	21	0	0	1	21	2137	2117	2.0	39.2
Query_22417	XR_003722662.1	100.000	21	0	0	1	21	2137	2117	2.0	39.2
Query_22417	XR_003722661.1	100.000	21	0	0	1	21	2137	2117	2.0	39.2
Query_22417	XM_028833700.1	100.000	21	0	0	1	21	2137	2117	2.0	39.2
Query_22417	XM_015114896.2	100.000	21	0	0	1	21	2030	2010	2.0	39.2
Query_22417	XM_002799641.3	100.000	21	0	0	1	21	2137	2117	2.0	39.2
Query_22417	LR584403.1	100.000	21	0	0	1	21	21671225	21671205	2.0	39.2
Query_22417	NM_015213.4	100.000	21	0	0	1	21	2322	2302	2.0	39.2
Query_22417	XM_026486083.1	100.000	21	0	0	1	21	2056	2036	2.0	39.2
Query_22417	XM_026486082.1	100.000	21	0	0	1	21	2772	2752	2.0	39.2
Query_22417	XM_026486081.1	100.000	21	0	0	1	21	2056	2036	2.0	39.2
Query_22417	NR_145966.2	100.000	21	0	0	1	21	2298	2278	2.0	39.2
Query_22417	XM_026008148.1	100.000	21	0	0	1	21	2605	2585	2.0	39.2
Query_22417	XM_025848554.1	100.000	21	0	0	1	21	1994	1974	2.0	39.2
Query_22417	XR_003115626.1	100.000	21	0	0	1	21	2368	2348	2.0	39.2
Query_22417	XM_025356640.1	100.000	21	0	0	1	21	2346	2326	2.0	39.2
Query_22417	XM_025356639.1	100.000	21	0	0	1	21	2304	2284	2.0	39.2
Query_22417	XM_025356638.1	100.000	21	0	0	1	21	2296	2276	2.0	39.2
Query_22417	XM_025356637.1	100.000	21	0	0	1	21	2232	2212	2.0	39.2
Query_22417	XM_025356636.1	100.000	21	0	0	1	21	2304	2284	2.0	39.2
Query_22417	XM_025356635.1	100.000	21	0	0	1	21	2368	2348	2.0	39.2
Query_22417	XM_011753149.2	100.000	21	0	0	1	21	2392	2372	2.0	39.2
Query_22417	XR_991781.2	100.000	21	0	0	1	21	2333	2313	2.0	39.2
Query_22417	XM_011753148.2	100.000	21	0	0	1	21	2261	2241	2.0	39.2
Query_22417	XM_011753147.2	100.000	21	0	0	1	21	2392	2372	2.0	39.2
Query_22417	XM_003312912.4	100.000	21	0	0	1	21	2356	2336	2.0	39.2
Query_22417	XR_002938439.1	100.000	21	0	0	1	21	2356	2336	2.0	39.2
Query_22417	XM_016920357.2	100.000	21	0	0	1	21	2103	2083	2.0	39.2
Query_22417	XM_024346967.1	100.000	21	0	0	1	21	2356	2336	2.0	39.2
Query_22417	XM_024346966.1	100.000	21	0	0	1	21	2356	2336	2.0	39.2
Query_22417	XM_009459922.3	100.000	21	0	0	1	21	2284	2264	2.0	39.2
Query_22417	XM_016920354.2	100.000	21	0	0	1	21	2284	2264	2.0	39.2
Query_22417	XM_508914.6	100.000	21	0	0	1	21	2356	2336	2.0	39.2
Query_22417	XM_016920352.2	100.000	21	0	0	1	21	2356	2336	2.0	39.2
Query_22417	XM_039470498.1	100.000	21	0	0	1	21	2061	2041	2.0	39.2
Query_22417	XM_039470497.1	100.000	21	0	0	1	21	2388	2368	2.0	39.2
Query_22417	XM_039470496.1	100.000	21	0	0	1	21	2280	2260	2.0	39.2
Query_22417	XM_039470495.1	100.000	21	0	0	1	21	2388	2368	2.0	39.2
Query_22417	XM_037999738.1	100.000	21	0	0	1	21	2071	2051	2.0	39.2
Query_22417	XM_037999737.1	100.000	21	0	0	1	21	2351	2331	2.0	39.2
Query_22417	XM_037999736.1	100.000	21	0	0	1	21	2279	2259	2.0	39.2
Query_22417	XM_008007293.2	100.000	21	0	0	1	21	2351	2331	2.0	39.2
Query_22417	XM_017500309.2	100.000	21	0	0	1	21	2058	2038	2.0	39.2
Query_22417	XM_036068907.1	100.000	21	0	0	1	21	2022	2002	2.0	39.2
Query_22417	XM_036068899.1	100.000	21	0	0	1	21	2095	2075	2.0	39.2
Query_22417	XM_027578364.2	100.000	21	0	0	1	21	2182	2162	2.0	39.2
Query_22417	XM_027578363.2	100.000	21	0	0	1	21	2182	2162	2.0	39.2
Query_22417	XM_027578362.2	100.000	21	0	0	1	21	2182	2162	2.0	39.2
Query_22417	XM_017977897.2	100.000	21	0	0	1	21	2351	2331	2.0	39.2
Query_22417	XM_017977895.2	100.000	21	0	0	1	21	2279	2259	2.0	39.2
Query_22417	XM_002755025.4	100.000	21	0	0	1	21	2351	2331	2.0	39.2


