# blastn
# Iteration: 0
# Query: 
# RID: 6RKZEJE9013
# Database: nt
# Fields: query acc.ver, subject acc.ver, % identity, alignment length, mismatches, gap opens, q. start, q. end, s. start, s. end, evalue, bit score
# 54 hits found
Query_8881	XM_019015478.2	100.000	21	0	0	1	21	304	284	2.1	39.2
Query_8881	LT741140.1	100.000	21	0	0	1	21	942	922	2.1	39.2
Query_8881	LT736020.1	100.000	21	0	0	1	21	942	922	2.1	39.2
Query_8881	KJ898691.1	100.000	21	0	0	1	21	520	500	2.1	39.2
Query_8881	KJ898690.1	100.000	21	0	0	1	21	520	500	2.1	39.2
Query_8881	AP023479.1	100.000	21	0	0	1	21	55879441	55879461	2.1	39.2
Query_8881	CU675700.1	100.000	21	0	0	1	21	230	250	2.1	39.2
Query_8881	CU675699.1	100.000	21	0	0	1	21	472	452	2.1	39.2
Query_8881	BC014622.1	100.000	21	0	0	1	21	644	624	2.1	39.2
Query_8881	BC004236.2	100.000	21	0	0	1	21	633	613	2.1	39.2
Query_8881	AB062397.1	100.000	21	0	0	1	21	633	613	2.1	39.2
Query_8881	XM_003807100.4	100.000	20	0	0	1	20	649	630	7.2	37.4
Query_8881	XM_034942333.1	100.000	20	0	0	1	20	633	614	7.2	37.4
Query_8881	XM_032263200.1	100.000	20	0	0	1	20	575	556	7.2	37.4
Query_8881	XM_032171207.1	100.000	20	0	0	1	20	920	901	7.2	37.4
Query_8881	XR_004067781.1	100.000	20	0	0	1	20	633	614	7.2	37.4
Query_8881	XR_176607.3	100.000	20	0	0	1	20	649	630	7.2	37.4
Query_8881	XM_003277335.4	100.000	20	0	0	1	20	926	907	7.2	37.4
Query_8881	AC279090.1	100.000	20	0	0	1	20	113175	113194	7.2	37.4
Query_8881	NM_014501.3	100.000	20	0	0	1	20	654	635	7.2	37.4
Query_8881	CP034522.1	100.000	20	0	0	1	20	55853018	55853037	7.2	37.4
Query_8881	CP034497.1	100.000	20	0	0	1	20	55853018	55853037	7.2	37.4
Query_8881	CP034495.1	100.000	20	0	0	1	20	15607760	15607779	7.2	37.4
Query_8881	CP034495.1	100.000	20	0	0	1	20	18580858	18580839	7.2	37.4
Query_8881	AC277988.1	100.000	20	0	0	1	20	97346	97327	7.2	37.4
Query_8881	AC277977.1	100.000	20	0	0	1	20	166277	166296	7.2	37.4
Query_8881	XM_016936881.2	100.000	20	0	0	1	20	2197	2178	7.2	37.4
Query_8881	XM_016936880.2	100.000	20	0	0	1	20	717	698	7.2	37.4
Query_8881	XR_677486.3	100.000	20	0	0	1	20	910	891	7.2	37.4
Query_8881	XR_002942167.1	100.000	20	0	0	1	20	593	574	7.2	37.4
Query_8881	XM_024236634.1	100.000	20	0	0	1	20	919	900	7.2	37.4
Query_8881	AC275577.1	100.000	20	0	0	1	20	9043	9024	7.2	37.4
Query_8881	AC275431.1	100.000	20	0	0	1	20	56556	56575	7.2	37.4
Query_8881	NG_031882.2	100.000	20	0	0	1	20	385	366	7.2	37.4
Query_8881	AC254826.1	100.000	20	0	0	1	20	132746	132727	7.2	37.4
Query_8881	XM_003944678.3	100.000	20	0	0	1	20	1017	998	7.2	37.4
Query_8881	CP068261.1	100.000	20	0	0	1	20	15610976	15610995	7.2	37.4
Query_8881	CP068261.1	100.000	20	0	0	1	20	18624658	18624639	7.2	37.4
Query_8881	CP068259.1	100.000	20	0	0	1	20	58497099	58497118	7.2	37.4
Query_8881	XM_017546575.2	100.000	20	0	0	1	20	1013	994	7.2	37.4
Query_8881	AP023477.1	100.000	20	0	0	1	20	15790722	15790741	7.2	37.4
Query_8881	AP023477.1	100.000	20	0	0	1	20	18786238	18786219	7.2	37.4
Query_8881	XM_002762502.3	100.000	20	0	0	1	20	1019	1000	7.2	37.4
Query_8881	NG_001583.3	100.000	20	0	0	1	20	748	729	7.2	37.4
Query_8881	AC183294.3	100.000	20	0	0	1	20	3602	3583	7.2	37.4
Query_8881	BC065364.1	100.000	20	0	0	1	20	643	624	7.2	37.4
Query_8881	AC026271.6	100.000	20	0	0	1	20	41807	41826	7.2	37.4
Query_8881	AC018989.15	100.000	20	0	0	1	20	150243	150262	7.2	37.4
Query_8881	AC020922.9	100.000	20	0	0	1	20	109933	109952	7.2	37.4
Query_8881	DQ120720.1	100.000	20	0	0	1	20	455	436	7.2	37.4
Query_8881	DQ120719.1	100.000	20	0	0	1	20	456	437	7.2	37.4
Query_8881	DQ120718.1	100.000	20	0	0	1	20	455	436	7.2	37.4
Query_8881	AC005324.1	100.000	20	0	0	1	20	60579	60560	7.2	37.4
Query_8881	M91670.1	100.000	20	0	0	1	20	514	495	7.2	37.4


