# blastn
# Iteration: 0
# Query: 
# RID: 7HZZADG4013
# Database: nt
# Fields: query acc.ver, subject acc.ver, % identity, alignment length, mismatches, gap opens, q. start, q. end, s. start, s. end, evalue, bit score
# 101 hits found
Query_11843	XM_034888396.1	100.000	21	0	0	1	21	1201	1181	2.1	39.2
Query_11843	XM_034137688.1	100.000	21	0	0	1	21	1158	1138	2.1	39.2
Query_11843	XM_034104578.1	100.000	21	0	0	1	21	1178	1158	2.1	39.2
Query_11843	LR792562.1	100.000	21	0	0	1	21	20895649	20895629	2.1	39.2
Query_11843	XM_032908698.1	100.000	21	0	0	1	21	808	788	2.1	39.2
Query_11843	AP022707.1	100.000	21	0	0	1	21	18661022	18661002	2.1	39.2
Query_11843	XM_032466215.1	100.000	21	0	0	1	21	750	730	2.1	39.2
Query_11843	XM_032272049.1	100.000	21	0	0	1	21	781	761	2.1	39.2
Query_11843	XM_032147985.1	100.000	21	0	0	1	21	727	707	2.1	39.2
Query_11843	XM_031854393.1	100.000	21	0	0	1	21	1190	1170	2.1	39.2
Query_11843	XM_031436837.1	100.000	21	0	0	1	21	725	705	2.1	39.2
Query_11843	XM_019016478.2	100.000	21	0	0	1	21	783	763	2.1	39.2
Query_11843	XM_010387762.2	100.000	21	0	0	1	21	786	766	2.1	39.2
Query_11843	XR_004031103.1	100.000	21	0	0	1	21	589	569	2.1	39.2
Query_11843	XM_030798515.1	100.000	21	0	0	1	21	814	794	2.1	39.2
Query_11843	XM_030773947.1	100.000	21	0	0	1	21	1094	1074	2.1	39.2
Query_11843	XM_030372553.1	100.000	21	0	0	1	21	1096	1076	2.1	39.2
Query_11843	LR697110.1	100.000	21	0	0	1	21	13253993	13253973	2.1	39.2
Query_11843	XM_030091936.1	100.000	21	0	0	1	21	1174	1154	2.1	39.2
Query_11843	LR633954.1	100.000	21	0	0	1	21	24490764	24490784	2.1	39.2
Query_11843	LR597440.1	100.000	21	0	0	1	21	8049154	8049174	2.1	39.2
Query_11843	LR594574.1	100.000	21	0	0	1	21	758860	758840	2.1	39.2
Query_11843	XM_020634087.2	100.000	21	0	0	1	21	1166	1146	2.1	39.2
Query_11843	XM_015122268.2	100.000	21	0	0	1	21	790	770	2.1	39.2
Query_11843	XM_024134024.2	100.000	21	0	0	1	21	696	676	2.1	39.2
Query_11843	NM_004359.2	100.000	21	0	0	1	21	746	726	2.1	39.2
Query_11843	XM_026457267.1	100.000	21	0	0	1	21	668	648	2.1	39.2
Query_11843	XM_026413990.1	100.000	21	0	0	1	21	627	607	2.1	39.2
Query_11843	XM_026413989.1	100.000	21	0	0	1	21	758	738	2.1	39.2
Query_11843	CP034522.1	100.000	21	0	0	1	21	481415	481395	2.1	39.2
Query_11843	CP034497.1	100.000	21	0	0	1	21	481415	481395	2.1	39.2
Query_11843	XM_011749512.2	100.000	21	0	0	1	21	788	768	2.1	39.2
Query_11843	XM_024569235.1	100.000	21	0	0	1	21	557	537	2.1	39.2
Query_11843	XM_009434229.3	100.000	21	0	0	1	21	787	767	2.1	39.2
Query_11843	XM_004632645.2	100.000	21	0	0	1	21	921	901	2.1	39.2
Query_11843	XM_023644244.1	100.000	21	0	0	1	21	780	760	2.1	39.2
Query_11843	XR_002808973.1	100.000	21	0	0	1	21	2650	2630	2.1	39.2
Query_11843	XR_002808972.1	100.000	21	0	0	1	21	2805	2785	2.1	39.2
Query_11843	XM_023644243.1	100.000	21	0	0	1	21	834	814	2.1	39.2
Query_11843	XM_023644242.1	100.000	21	0	0	1	21	853	833	2.1	39.2
Query_11843	XM_003460883.4	100.000	21	0	0	1	21	670	650	2.1	39.2
Query_11843	XM_021641921.1	100.000	21	0	0	1	21	799	779	2.1	39.2
Query_11843	XM_005509260.2	100.000	21	0	0	1	21	575	555	2.1	39.2
Query_11843	XM_012745890.2	100.000	21	0	0	1	21	792	772	2.1	39.2
Query_11843	LT744874.1	100.000	21	0	0	1	21	1061	1041	2.1	39.2
Query_11843	XM_018676949.1	100.000	21	0	0	1	21	1441	1421	2.1	39.2
Query_11843	XM_017875368.1	100.000	21	0	0	1	21	813	793	2.1	39.2
Query_11843	XM_017348335.1	100.000	21	0	0	1	21	592	572	2.1	39.2
Query_11843	XM_002718269.3	100.000	21	0	0	1	21	594	574	2.1	39.2
Query_11843	XM_008409473.2	100.000	21	0	0	1	21	1226	1206	2.1	39.2
Query_11843	XR_001662392.1	100.000	21	0	0	1	21	1236	1216	2.1	39.2
Query_11843	XM_007554281.2	100.000	21	0	0	1	21	1236	1216	2.1	39.2
Query_11843	XM_007524784.2	100.000	21	0	0	1	21	580	560	2.1	39.2
Query_11843	XM_006904162.2	100.000	21	0	0	1	21	730	710	2.1	39.2
Query_11843	XM_015503779.1	100.000	21	0	0	1	21	505	485	2.1	39.2
Query_11843	XM_015440168.1	100.000	21	0	0	1	21	628	608	2.1	39.2
Query_11843	XR_001421039.1	100.000	21	0	0	1	21	1230	1210	2.1	39.2
Query_11843	XM_015009384.1	100.000	21	0	0	1	21	1230	1210	2.1	39.2
Query_11843	XM_015035228.1	100.000	21	0	0	1	21	1236	1216	2.1	39.2
Query_11843	XM_014845745.1	100.000	21	0	0	1	21	721	701	2.1	39.2
Query_11843	XM_004441382.2	100.000	21	0	0	1	21	606	586	2.1	39.2
Query_11843	XM_014021000.1	100.000	21	0	0	1	21	1803	1783	2.1	39.2
Query_11843	XM_014020992.1	100.000	21	0	0	1	21	1795	1775	2.1	39.2
Query_11843	XM_014020984.1	100.000	21	0	0	1	21	1796	1776	2.1	39.2
Query_11843	XM_005406038.2	100.000	21	0	0	1	21	1140	1120	2.1	39.2
Query_11843	XM_013022933.1	100.000	21	0	0	1	21	730	710	2.1	39.2
Query_11843	XM_011963969.1	100.000	21	0	0	1	21	584	564	2.1	39.2
Query_11843	XM_006722952.2	100.000	21	0	0	1	21	782	762	2.1	39.2
Query_11843	XM_010966604.1	100.000	21	0	0	1	21	466	446	2.1	39.2
Query_11843	XM_010792956.1	100.000	21	0	0	1	21	1166	1146	2.1	39.2
Query_11843	XM_008584482.1	100.000	21	0	0	1	21	589	569	2.1	39.2
Query_11843	XM_008584481.1	100.000	21	0	0	1	21	574	554	2.1	39.2
Query_11843	XM_008291492.1	100.000	21	0	0	1	21	1140	1120	2.1	39.2
Query_11843	KJ890880.1	100.000	21	0	0	1	21	639	619	2.1	39.2
Query_11843	XM_004717010.1	100.000	21	0	0	1	21	532	512	2.1	39.2
Query_11843	XM_039839022.1	100.000	21	0	0	1	21	780	760	2.1	39.2
Query_11843	XM_039839021.1	100.000	21	0	0	1	21	521	501	2.1	39.2
Query_11843	XM_039815154.1	100.000	21	0	0	1	21	1306	1286	2.1	39.2
Query_11843	XM_003944905.3	100.000	21	0	0	1	21	782	762	2.1	39.2
Query_11843	XM_039248064.1	100.000	21	0	0	1	21	635	615	2.1	39.2
Query_11843	LR991637.1	100.000	21	0	0	1	21	33530884	33530904	2.1	39.2
Query_11843	CP068259.1	100.000	21	0	0	1	21	495183	495163	2.1	39.2
Query_11843	XM_039078634.1	100.000	21	0	0	1	21	1187	1167	2.1	39.2
Query_11843	XM_007994557.2	100.000	21	0	0	1	21	792	772	2.1	39.2
Query_11843	XM_017520140.2	100.000	21	0	0	1	21	784	764	2.1	39.2
Query_11843	XM_037504885.1	100.000	21	0	0	1	21	777	757	2.1	39.2
Query_11843	XM_036240758.1	100.000	21	0	0	1	21	713	693	2.1	39.2
Query_11843	XM_036240757.1	100.000	21	0	0	1	21	599	579	2.1	39.2
Query_11843	XM_016126687.2	100.000	21	0	0	1	21	770	750	2.1	39.2
Query_11843	AP023479.1	100.000	21	0	0	1	21	302642	302622	2.1	39.2
Query_11843	AP023479.1	100.000	21	0	0	1	21	379554	379534	2.1	39.2
Query_11843	LR880649.1	100.000	21	0	0	1	21	24159923	24159903	2.1	39.2
Query_11843	XM_012874632.3	100.000	21	0	0	1	21	1236	1216	2.1	39.2
Query_11843	XM_028521023.2	100.000	21	0	0	1	21	583	563	2.1	39.2
Query_11843	XM_028521022.2	100.000	21	0	0	1	21	743	723	2.1	39.2
Query_11843	XM_028521021.2	100.000	21	0	0	1	21	820	800	2.1	39.2
Query_11843	XM_035285863.1	100.000	21	0	0	1	21	770	750	2.1	39.2
Query_11843	AB590273.1	100.000	21	0	0	1	21	583	563	2.1	39.2
Query_11843	FQ228127.1	100.000	21	0	0	1	21	121	101	2.1	39.2
Query_11843	CU676209.1	100.000	21	0	0	1	21	153	173	2.1	39.2
Query_11843	NM_001013103.2	100.000	21	0	0	1	21	592	572	2.1	39.2


