# blastn
# Iteration: 0
# Query: 
# RID: 9PJY305W01N
# Database: nt
# Fields: query acc.ver, subject acc.ver, % identity, alignment length, mismatches, gap opens, q. start, q. end, s. start, s. end, evalue, bit score
# 84 hits found
Query_70181	XM_034944208.1	100.000	21	0	0	1	21	407	387	2.1	39.2
Query_70181	XM_034944207.1	100.000	21	0	0	1	21	420	400	2.1	39.2
Query_70181	XM_033199911.1	100.000	21	0	0	1	21	419	399	2.1	39.2
Query_70181	XM_032466215.1	100.000	21	0	0	1	21	374	354	2.1	39.2
Query_70181	XM_032147985.1	100.000	21	0	0	1	21	351	331	2.1	39.2
Query_70181	XR_004249906.1	100.000	21	0	0	1	21	504	484	2.1	39.2
Query_70181	XM_031673837.1	100.000	21	0	0	1	21	232	212	2.1	39.2
Query_70181	XM_031662211.1	100.000	21	0	0	1	21	426	406	2.1	39.2
Query_70181	XM_031436837.1	100.000	21	0	0	1	21	349	329	2.1	39.2
Query_70181	XM_019016478.2	100.000	21	0	0	1	21	407	387	2.1	39.2
Query_70181	XM_010387762.2	100.000	21	0	0	1	21	410	390	2.1	39.2
Query_70181	XR_004031103.1	100.000	21	0	0	1	21	213	193	2.1	39.2
Query_70181	XM_030798515.1	100.000	21	0	0	1	21	438	418	2.1	39.2
Query_70181	XM_015122268.2	100.000	21	0	0	1	21	414	394	2.1	39.2
Query_70181	NM_004359.2	100.000	21	0	0	1	21	370	350	2.1	39.2
Query_70181	XM_026457267.1	100.000	21	0	0	1	21	292	272	2.1	39.2
Query_70181	CP034522.1	100.000	21	0	0	1	21	475857	475837	2.1	39.2
Query_70181	CP034497.1	100.000	21	0	0	1	21	475857	475837	2.1	39.2
Query_70181	XM_011749512.2	100.000	21	0	0	1	21	412	392	2.1	39.2
Query_70181	XM_009434229.3	100.000	21	0	0	1	21	411	391	2.1	39.2
Query_70181	XM_009252509.2	100.000	21	0	0	1	21	410	390	2.1	39.2
Query_70181	XM_023644245.1	100.000	21	0	0	1	21	404	384	2.1	39.2
Query_70181	XM_023644244.1	100.000	21	0	0	1	21	404	384	2.1	39.2
Query_70181	XR_002808973.1	100.000	21	0	0	1	21	404	384	2.1	39.2
Query_70181	XR_002808972.1	100.000	21	0	0	1	21	404	384	2.1	39.2
Query_70181	XM_023644243.1	100.000	21	0	0	1	21	404	384	2.1	39.2
Query_70181	XM_023644242.1	100.000	21	0	0	1	21	404	384	2.1	39.2
Query_70181	XM_020901414.1	100.000	21	0	0	1	21	253	233	2.1	39.2
Query_70181	XM_012745890.2	100.000	21	0	0	1	21	416	396	2.1	39.2
Query_70181	LT744874.1	100.000	21	0	0	1	21	685	665	2.1	39.2
Query_70181	XM_013965507.2	100.000	21	0	0	1	21	388	368	2.1	39.2
Query_70181	XM_017875368.1	100.000	21	0	0	1	21	407	387	2.1	39.2
Query_70181	XM_005259690.3	100.000	21	0	0	1	21	410	390	2.1	39.2
Query_70181	XM_015440168.1	100.000	21	0	0	1	21	252	232	2.1	39.2
Query_70181	XM_014845745.1	100.000	21	0	0	1	21	345	325	2.1	39.2
Query_70181	XM_012072747.1	100.000	21	0	0	1	21	413	393	2.1	39.2
Query_70181	XM_011963970.1	100.000	21	0	0	1	21	208	188	2.1	39.2
Query_70181	XM_011963969.1	100.000	21	0	0	1	21	208	188	2.1	39.2
Query_70181	XM_011993049.1	100.000	21	0	0	1	21	123	103	2.1	39.2
Query_70181	XM_006722952.2	100.000	21	0	0	1	21	410	390	2.1	39.2
Query_70181	XM_010966604.1	100.000	21	0	0	1	21	90	70	2.1	39.2
Query_70181	XM_008584482.1	100.000	21	0	0	1	21	213	193	2.1	39.2
Query_70181	XM_008584481.1	100.000	21	0	0	1	21	198	178	2.1	39.2
Query_70181	XM_008510108.1	100.000	21	0	0	1	21	282	262	2.1	39.2
Query_70181	KJ890880.1	100.000	21	0	0	1	21	263	243	2.1	39.2
Query_70181	CP068259.2	100.000	21	0	0	1	21	489479	489459	2.1	39.2
Query_70181	XM_040240292.1	100.000	21	0	0	1	21	298	278	2.1	39.2
Query_70181	XM_007994557.2	100.000	21	0	0	1	21	416	396	2.1	39.2
Query_70181	AP023479.1	100.000	21	0	0	1	21	297417	297397	2.1	39.2
Query_70181	AP023479.1	100.000	21	0	0	1	21	373845	373825	2.1	39.2
Query_70181	LR877242.1	100.000	21	0	0	1	21	785330	785310	2.1	39.2
Query_70181	AB590273.1	100.000	21	0	0	1	21	207	187	2.1	39.2
Query_70181	CU676209.1	100.000	21	0	0	1	21	529	549	2.1	39.2
Query_70181	CU676208.1	100.000	21	0	0	1	21	214	194	2.1	39.2
Query_70181	AK291554.1	100.000	21	0	0	1	21	399	379	2.1	39.2
Query_70181	DQ893910.2	100.000	21	0	0	1	21	220	200	2.1	39.2
Query_70181	DQ890738.2	100.000	21	0	0	1	21	220	200	2.1	39.2
Query_70181	AY650399.1	100.000	21	0	0	1	21	6126	6106	2.1	39.2
Query_70181	BC023979.1	100.000	21	0	0	1	21	374	354	2.1	39.2
Query_70181	BT008039.1	100.000	21	0	0	1	21	198	178	2.1	39.2
Query_70181	BT006659.1	100.000	21	0	0	1	21	198	178	2.1	39.2
Query_70181	AC011556.9	100.000	21	0	0	1	21	4339	4319	2.1	39.2
Query_70181	AC011531.7	100.000	21	0	0	1	21	25346	25326	2.1	39.2
Query_70181	BC018143.2	100.000	21	0	0	1	21	400	380	2.1	39.2
Query_70181	BC009850.2	100.000	21	0	0	1	21	397	377	2.1	39.2
Query_70181	L22005.1	100.000	21	0	0	1	21	384	364	2.1	39.2
Query_70181	XM_019925552.2	100.000	20	0	0	2	21	316	297	7.5	37.4
Query_70181	XM_004285895.3	100.000	20	0	0	2	21	311	292	7.5	37.4
Query_70181	XM_032628866.1	100.000	20	0	0	2	21	327	308	7.5	37.4
Query_70181	XM_030845716.1	100.000	20	0	0	2	21	309	290	7.5	37.4
Query_70181	XM_022565640.2	100.000	20	0	0	2	21	376	357	7.5	37.4
Query_70181	XM_029216734.1	100.000	20	0	0	2	21	369	350	7.5	37.4
Query_70181	XM_027085990.1	100.000	20	0	0	2	21	327	308	7.5	37.4
Query_70181	XM_024740015.1	100.000	20	0	0	2	21	809	790	7.5	37.4
Query_70181	XM_021084306.1	100.000	20	0	0	2	21	343	324	7.5	37.4
Query_70181	XM_007462842.1	100.000	20	0	0	2	21	212	193	7.5	37.4
Query_70181	XM_007460424.1	100.000	20	0	0	2	21	212	193	7.5	37.4
Query_70181	XM_007176654.1	100.000	20	0	0	2	21	225	206	7.5	37.4
Query_70181	AK391588.1	100.000	20	0	0	2	21	350	331	7.5	37.4
Query_70181	XM_036848503.1	100.000	20	0	0	2	21	477	458	7.5	37.4
Query_70181	XM_036848502.1	100.000	20	0	0	2	21	487	468	7.5	37.4
Query_70181	XM_036848501.1	100.000	20	0	0	2	21	453	434	7.5	37.4
Query_70181	XM_036874613.1	100.000	20	0	0	2	21	371	352	7.5	37.4
Query_70181	AK233538.1	100.000	20	0	0	2	21	228	209	7.5	37.4


