# blastn
# Iteration: 0
# Query: 
# RID: 73YJX2NT016
# Database: nt
# Fields: query acc.ver, subject acc.ver, % identity, alignment length, mismatches, gap opens, q. start, q. end, s. start, s. end, evalue, bit score
# 100 hits found
Query_26779	XM_035012868.1	100.000	21	0	0	1	21	1958	1938	2.1	39.2
Query_26779	XM_035012867.1	100.000	21	0	0	1	21	1958	1938	2.1	39.2
Query_26779	XM_003826436.5	100.000	21	0	0	1	21	1627	1607	2.1	39.2
Query_26779	XM_033860719.1	100.000	21	0	0	1	21	2784	2764	2.1	39.2
Query_26779	XM_004264119.3	100.000	21	0	0	1	21	2703	2683	2.1	39.2
Query_26779	XM_033207523.1	100.000	21	0	0	1	21	845	825	2.1	39.2
Query_26779	XM_033121437.1	100.000	21	0	0	1	21	1041	1021	2.1	39.2
Query_26779	XM_032846512.1	100.000	21	0	0	1	21	845	825	2.1	39.2
Query_26779	XM_032414879.1	100.000	21	0	0	1	21	845	825	2.1	39.2
Query_26779	XR_004296455.1	100.000	21	0	0	1	21	955	935	2.1	39.2
Query_26779	XR_004296454.1	100.000	21	0	0	1	21	955	935	2.1	39.2
Query_26779	XM_032383297.1	100.000	21	0	0	1	21	955	935	2.1	39.2
Query_26779	XM_032383296.1	100.000	21	0	0	1	21	955	935	2.1	39.2
Query_26779	XM_032359012.1	100.000	21	0	0	1	21	1642	1622	2.1	39.2
Query_26779	XR_004248146.1	100.000	21	0	0	1	21	919	899	2.1	39.2
Query_26779	XM_032152902.1	100.000	21	0	0	1	21	1046	1026	2.1	39.2
Query_26779	XM_023215610.3	100.000	21	0	0	1	21	1046	1026	2.1	39.2
Query_26779	XM_031670104.1	100.000	21	0	0	1	21	914	894	2.1	39.2
Query_26779	XM_015239748.2	100.000	21	0	0	1	21	914	894	2.1	39.2
Query_26779	XM_003909863.5	100.000	21	0	0	1	21	1635	1615	2.1	39.2
Query_26779	XM_021925750.2	100.000	21	0	0	1	21	1140	1120	2.1	39.2
Query_26779	XM_021925748.2	100.000	21	0	0	1	21	1646	1626	2.1	39.2
Query_26779	XM_021925749.2	100.000	21	0	0	1	21	1935	1915	2.1	39.2
Query_26779	XR_004177556.1	100.000	21	0	0	1	21	1934	1914	2.1	39.2
Query_26779	XR_004177555.1	100.000	21	0	0	1	21	1934	1914	2.1	39.2
Query_26779	XM_021925747.2	100.000	21	0	0	1	21	1934	1914	2.1	39.2
Query_26779	XM_021925746.2	100.000	21	0	0	1	21	1933	1913	2.1	39.2
Query_26779	XM_021925745.2	100.000	21	0	0	1	21	1909	1889	2.1	39.2
Query_26779	XM_021925744.2	100.000	21	0	0	1	21	1943	1923	2.1	39.2
Query_26779	XM_004051152.3	100.000	21	0	0	1	21	1046	1026	2.1	39.2
Query_26779	XM_010353410.2	100.000	21	0	0	1	21	1046	1026	2.1	39.2
Query_26779	XR_193717.3	100.000	21	0	0	1	21	913	893	2.1	39.2
Query_26779	XM_004714903.2	100.000	21	0	0	1	21	1038	1018	2.1	39.2
Query_26779	XM_030864399.1	100.000	21	0	0	1	21	2786	2766	2.1	39.2
Query_26779	XR_004029584.1	100.000	21	0	0	1	21	921	901	2.1	39.2
Query_26779	XM_030810123.1	100.000	21	0	0	1	21	1046	1026	2.1	39.2
Query_26779	XM_030332475.1	100.000	21	0	0	1	21	845	825	2.1	39.2
Query_26779	XM_029208585.1	100.000	21	0	0	1	21	846	826	2.1	39.2
Query_26779	NM_002559.5	100.000	21	0	0	1	21	1044	1024	2.1	39.2
Query_26779	XM_001103269.4	100.000	21	0	0	1	21	1547	1527	2.1	39.2
Query_26779	XM_027114691.1	100.000	21	0	0	1	21	2653	2633	2.1	39.2
Query_26779	XM_027045569.1	100.000	21	0	0	1	21	845	825	2.1	39.2
Query_26779	XM_008159313.2	100.000	21	0	0	1	21	877	857	2.1	39.2
Query_26779	XM_028111224.1	100.000	21	0	0	1	21	1914	1894	2.1	39.2
Query_26779	XM_026012932.1	100.000	21	0	0	1	21	845	825	2.1	39.2
Query_26779	XM_025879400.1	100.000	21	0	0	1	21	2582	2562	2.1	39.2
Query_26779	XM_025357428.1	100.000	21	0	0	1	21	1045	1025	2.1	39.2
Query_26779	XM_011766085.2	100.000	21	0	0	1	21	880	860	2.1	39.2
Query_26779	XM_024749217.1	100.000	21	0	0	1	21	845	825	2.1	39.2
Query_26779	XM_024577760.1	100.000	21	0	0	1	21	1021	1001	2.1	39.2
Query_26779	XM_016920882.2	100.000	21	0	0	1	21	1114	1094	2.1	39.2
Query_26779	XM_001136930.4	100.000	21	0	0	1	21	1097	1077	2.1	39.2
Query_26779	XM_002821788.2	100.000	21	0	0	1	21	1046	1026	2.1	39.2
Query_26779	XM_004389182.2	100.000	21	0	0	1	21	873	853	2.1	39.2
Query_26779	XM_003421330.3	100.000	21	0	0	1	21	2673	2653	2.1	39.2
Query_26779	XM_022591980.1	100.000	21	0	0	1	21	883	863	2.1	39.2
Query_26779	XM_022507296.1	100.000	21	0	0	1	21	845	825	2.1	39.2
Query_26779	XM_021715977.1	100.000	21	0	0	1	21	1007	987	2.1	39.2
Query_26779	XM_021684842.1	100.000	21	0	0	1	21	845	825	2.1	39.2
Query_26779	XM_020882573.1	100.000	21	0	0	1	21	824	804	2.1	39.2
Query_26779	XM_020882572.1	100.000	21	0	0	1	21	906	886	2.1	39.2
Query_26779	XM_012749947.2	100.000	21	0	0	1	21	2542	2522	2.1	39.2
Query_26779	XM_012749946.2	100.000	21	0	0	1	21	2536	2516	2.1	39.2
Query_26779	XM_003993362.3	100.000	21	0	0	1	21	845	825	2.1	39.2
Query_26779	XM_019624217.1	100.000	21	0	0	1	21	865	845	2.1	39.2
Query_26779	XM_019414402.1	100.000	21	0	0	1	21	845	825	2.1	39.2
Query_26779	XM_017851320.1	100.000	21	0	0	1	21	1008	988	2.1	39.2
Query_26779	XM_017680527.1	100.000	21	0	0	1	21	845	825	2.1	39.2
Query_26779	XM_002709156.3	100.000	21	0	0	1	21	1545	1525	2.1	39.2
Query_26779	XM_011545072.2	100.000	21	0	0	1	21	1822	1802	2.1	39.2
Query_26779	XR_949950.2	100.000	21	0	0	1	21	1568	1548	2.1	39.2
Query_26779	XM_011545071.2	100.000	21	0	0	1	21	1558	1538	2.1	39.2
Query_26779	XM_011545070.2	100.000	21	0	0	1	21	996	976	2.1	39.2
Query_26779	XM_011545069.2	100.000	21	0	0	1	21	1690	1670	2.1	39.2
Query_26779	XM_016200451.1	100.000	21	0	0	1	21	1035	1015	2.1	39.2
Query_26779	XM_007092617.2	100.000	21	0	0	1	21	1018	998	2.1	39.2
Query_26779	XM_015434713.1	100.000	21	0	0	1	21	1624	1604	2.1	39.2
Query_26779	XR_001484890.1	100.000	21	0	0	1	21	1624	1604	2.1	39.2
Query_26779	XR_001484889.1	100.000	21	0	0	1	21	1624	1604	2.1	39.2
Query_26779	XM_005577865.2	100.000	21	0	0	1	21	1624	1604	2.1	39.2
Query_26779	XM_004437362.2	100.000	21	0	0	1	21	899	879	2.1	39.2
Query_26779	XM_005885097.2	100.000	21	0	0	1	21	1039	1019	2.1	39.2
Query_26779	XM_040495131.1	100.000	21	0	0	1	21	845	825	2.1	39.2
Query_26779	XR_005530627.1	100.000	21	0	0	1	21	1038	1018	2.1	39.2
Query_26779	XM_039245053.1	100.000	21	0	0	1	21	1038	1018	2.1	39.2
Query_26779	XM_037999312.1	100.000	21	0	0	1	21	879	859	2.1	39.2
Query_26779	XM_037839095.1	100.000	21	0	0	1	21	996	976	2.1	39.2
Query_26779	XM_037521487.1	100.000	21	0	0	1	21	891	871	2.1	39.2
Query_26779	XM_037141824.1	100.000	21	0	0	1	21	845	825	2.1	39.2
Query_26779	XM_037027751.1	100.000	21	0	0	1	21	1373	1353	2.1	39.2
Query_26779	XM_036880427.1	100.000	21	0	0	1	21	845	825	2.1	39.2
Query_26779	XM_036861777.1	100.000	21	0	0	1	21	845	825	2.1	39.2
Query_26779	XM_004585300.3	100.000	21	0	0	1	21	863	843	2.1	39.2
Query_26779	XM_036426530.1	100.000	21	0	0	1	21	906	886	2.1	39.2
Query_26779	XM_016160055.2	100.000	21	0	0	1	21	1184	1164	2.1	39.2
Query_26779	XM_036220410.1	100.000	21	0	0	1	21	8855	8835	2.1	39.2
Query_26779	XM_036220409.1	100.000	21	0	0	1	21	3423	3403	2.1	39.2
Query_26779	XM_036076582.1	100.000	21	0	0	1	21	845	825	2.1	39.2
Query_26779	XM_036076581.1	100.000	21	0	0	1	21	2722	2702	2.1	39.2
Query_26779	XM_027579308.2	100.000	21	0	0	1	21	2776	2756	2.1	39.2


