# blastn
# Iteration: 0
# Query: 
# RID: 7R1W21KR013
# Database: nt
# Fields: query acc.ver, subject acc.ver, % identity, alignment length, mismatches, gap opens, q. start, q. end, s. start, s. end, evalue, bit score
# 100 hits found
Query_42037	XM_034991398.1	100.000	21	0	0	1	21	793	773	2.1	39.2
Query_42037	XM_034991397.1	100.000	21	0	0	1	21	793	773	2.1	39.2
Query_42037	XM_003822875.4	100.000	21	0	0	1	21	1384	1364	2.1	39.2
Query_42037	XM_002922660.4	100.000	21	0	0	1	21	720	700	2.1	39.2
Query_42037	XM_004324510.3	100.000	21	0	0	1	21	886	866	2.1	39.2
Query_42037	XM_033418820.1	100.000	21	0	0	1	21	1065	1045	2.1	39.2
Query_42037	CP050578.1	100.000	21	0	0	1	21	48535438	48535458	2.1	39.2
Query_42037	CP050616.1	100.000	21	0	0	1	21	48532541	48532561	2.1	39.2
Query_42037	XM_033234595.1	100.000	21	0	0	1	21	917	897	2.1	39.2
Query_42037	XM_033102457.1	100.000	21	0	0	1	21	1224	1204	2.1	39.2
Query_42037	XM_032858105.1	100.000	21	0	0	1	21	569	549	2.1	39.2
Query_42037	XM_032858104.1	100.000	21	0	0	1	21	788	768	2.1	39.2
Query_42037	XM_032651476.1	100.000	21	0	0	1	21	805	785	2.1	39.2
Query_42037	XM_032409288.1	100.000	21	0	0	1	21	729	709	2.1	39.2
Query_42037	XM_032155254.1	100.000	21	0	0	1	21	914	894	2.1	39.2
Query_42037	XM_031964529.1	100.000	21	0	0	1	21	672	652	2.1	39.2
Query_42037	XM_012549219.2	100.000	21	0	0	1	21	799	779	2.1	39.2
Query_42037	XM_023205280.3	100.000	21	0	0	1	21	920	900	2.1	39.2
Query_42037	XM_021937596.2	100.000	21	0	0	1	21	899	879	2.1	39.2
Query_42037	XM_003897902.3	100.000	21	0	0	1	21	899	879	2.1	39.2
Query_42037	XM_006733702.2	100.000	21	0	0	1	21	880	860	2.1	39.2
Query_42037	XM_004044402.3	100.000	21	0	0	1	21	901	881	2.1	39.2
Query_42037	XM_010357766.2	100.000	21	0	0	1	21	903	883	2.1	39.2
Query_42037	XM_030859493.1	100.000	21	0	0	1	21	886	866	2.1	39.2
Query_42037	XM_030809469.1	100.000	21	0	0	1	21	1049	1029	2.1	39.2
Query_42037	XM_030315962.1	100.000	21	0	0	1	21	687	667	2.1	39.2
Query_42037	XM_029945212.1	100.000	21	0	0	1	21	789	769	2.1	39.2
Query_42037	XM_029945210.1	100.000	21	0	0	1	21	788	768	2.1	39.2
Query_42037	XM_029223916.1	100.000	21	0	0	1	21	1096	1076	2.1	39.2
Query_42037	XM_029223915.1	100.000	21	0	0	1	21	1096	1076	2.1	39.2
Query_42037	XM_015136920.2	100.000	21	0	0	1	21	900	880	2.1	39.2
Query_42037	XM_024116826.2	100.000	21	0	0	1	21	695	675	2.1	39.2
Query_42037	NM_016021.3	100.000	21	0	0	1	21	732	712	2.1	39.2
Query_42037	XM_027090601.1	100.000	21	0	0	1	21	1129	1109	2.1	39.2
Query_42037	XM_027057263.1	100.000	21	0	0	1	21	594	574	2.1	39.2
Query_42037	XM_027057262.1	100.000	21	0	0	1	21	700	680	2.1	39.2
Query_42037	XM_026511822.1	100.000	21	0	0	1	21	719	699	2.1	39.2
Query_42037	XM_026411022.1	100.000	21	0	0	1	21	938	918	2.1	39.2
Query_42037	XM_026411013.1	100.000	21	0	0	1	21	580	560	2.1	39.2
Query_42037	XM_028133890.1	100.000	21	0	0	1	21	476	456	2.1	39.2
Query_42037	XM_028133857.1	100.000	21	0	0	1	21	507	487	2.1	39.2
Query_42037	XM_028133749.1	100.000	21	0	0	1	21	615	595	2.1	39.2
Query_42037	XM_008148916.2	100.000	21	0	0	1	21	639	619	2.1	39.2
Query_42037	XM_028108082.1	100.000	21	0	0	1	21	726	706	2.1	39.2
Query_42037	XM_027928239.1	100.000	21	0	0	1	21	858	838	2.1	39.2
Query_42037	XM_027855078.1	100.000	21	0	0	1	21	694	674	2.1	39.2
Query_42037	XM_027774504.1	100.000	21	0	0	1	21	659	639	2.1	39.2
Query_42037	XM_006155303.3	100.000	21	0	0	1	21	659	639	2.1	39.2
Query_42037	XM_027602663.1	100.000	21	0	0	1	21	846	826	2.1	39.2
Query_42037	XM_025983868.1	100.000	21	0	0	1	21	684	664	2.1	39.2
Query_42037	XM_025925443.1	100.000	21	0	0	1	21	621	601	2.1	39.2
Query_42037	XM_025862555.1	100.000	21	0	0	1	21	783	763	2.1	39.2
Query_42037	XM_025382665.1	100.000	21	0	0	1	21	785	765	2.1	39.2
Query_42037	XM_025382664.1	100.000	21	0	0	1	21	556	536	2.1	39.2
Query_42037	XM_006926311.3	100.000	21	0	0	1	21	682	662	2.1	39.2
Query_42037	XM_011766817.2	100.000	21	0	0	1	21	900	880	2.1	39.2
Query_42037	XM_024747310.1	100.000	21	0	0	1	21	787	767	2.1	39.2
Query_42037	XM_024551710.1	100.000	21	0	0	1	21	771	751	2.1	39.2
Query_42037	XM_011535888.3	100.000	21	0	0	1	21	1165	1145	2.1	39.2
Query_42037	XM_518636.7	100.000	21	0	0	1	21	1043	1023	2.1	39.2
Query_42037	XM_009242085.2	100.000	21	0	0	1	21	904	884	2.1	39.2
Query_42037	XM_014458411.2	100.000	21	0	0	1	21	563	543	2.1	39.2
Query_42037	XM_006091793.3	100.000	21	0	0	1	21	694	674	2.1	39.2
Query_42037	XM_004628208.3	100.000	21	0	0	1	21	688	668	2.1	39.2
Query_42037	XM_013157646.2	100.000	21	0	0	1	21	688	668	2.1	39.2
Query_42037	XM_011367359.2	100.000	21	0	0	1	21	1058	1038	2.1	39.2
Query_42037	XM_012809943.2	100.000	21	0	0	1	21	1253	1233	2.1	39.2
Query_42037	XM_019830949.2	100.000	21	0	0	1	21	666	646	2.1	39.2
Query_42037	XM_003986371.5	100.000	21	0	0	1	21	694	674	2.1	39.2
Query_42037	XM_040627535.1	100.000	21	0	0	1	21	732	712	2.1	39.2
Query_42037	XM_040474158.1	100.000	21	0	0	1	21	594	574	2.1	39.2
Query_42037	XM_040474157.1	100.000	21	0	0	1	21	739	719	2.1	39.2
Query_42037	XM_005324707.4	100.000	21	0	0	1	21	858	838	2.1	39.2
Query_42037	XM_029047279.2	100.000	21	0	0	1	21	760	740	2.1	39.2
Query_42037	XM_029047278.2	100.000	21	0	0	1	21	686	666	2.1	39.2
Query_42037	HG994392.1	100.000	21	0	0	1	21	49747074	49747094	2.1	39.2
Query_42037	XM_039853168.1	100.000	21	0	0	1	21	863	843	2.1	39.2
Query_42037	XM_039232184.1	100.000	21	0	0	1	21	895	875	2.1	39.2
Query_42037	XM_038684153.1	100.000	21	0	0	1	21	762	742	2.1	39.2
Query_42037	XM_038679172.1	100.000	21	0	0	1	21	762	742	2.1	39.2
Query_42037	XM_008006597.2	100.000	21	0	0	1	21	921	901	2.1	39.2
Query_42037	XM_017506803.2	100.000	21	0	0	1	21	1231	1211	2.1	39.2
Query_42037	XM_037131208.1	100.000	21	0	0	1	21	646	626	2.1	39.2
Query_42037	XM_037131207.1	100.000	21	0	0	1	21	741	721	2.1	39.2
Query_42037	XM_017665702.2	100.000	21	0	0	1	21	594	574	2.1	39.2
Query_42037	XM_036871349.1	100.000	21	0	0	1	21	772	752	2.1	39.2
Query_42037	XM_036767113.1	100.000	21	0	0	1	21	881	861	2.1	39.2
Query_42037	XM_036316810.1	100.000	21	0	0	1	21	735	715	2.1	39.2
Query_42037	XM_036316809.1	100.000	21	0	0	1	21	771	751	2.1	39.2
Query_42037	XM_036249188.1	100.000	21	0	0	1	21	586	566	2.1	39.2
Query_42037	XM_036249187.1	100.000	21	0	0	1	21	654	634	2.1	39.2
Query_42037	XM_016140616.2	100.000	21	0	0	1	21	863	843	2.1	39.2
Query_42037	XM_036065170.1	100.000	21	0	0	1	21	622	602	2.1	39.2
Query_42037	XM_036065168.1	100.000	21	0	0	1	21	732	712	2.1	39.2
Query_42037	XM_028509327.2	100.000	21	0	0	1	21	719	699	2.1	39.2
Query_42037	XM_036024457.1	100.000	21	0	0	1	21	725	705	2.1	39.2
Query_42037	XM_035697730.1	100.000	21	0	0	1	21	572	552	2.1	39.2
Query_42037	XM_025444572.2	100.000	21	0	0	1	21	732	712	2.1	39.2
Query_42037	XM_027602662.2	100.000	21	0	0	1	21	749	729	2.1	39.2
Query_42037	XM_027602660.2	100.000	21	0	0	1	21	837	817	2.1	39.2


