# blastn
# Iteration: 0
# Query: 
# RID: 6MRAT6UR016
# Database: nt
# Fields: query acc.ver, subject acc.ver, % identity, alignment length, mismatches, gap opens, q. start, q. end, s. start, s. end, evalue, bit score
# 90 hits found
Query_45435	XM_034945734.1	100.000	21	0	0	1	21	521	501	2.0	39.2
Query_45435	XM_033224775.1	100.000	21	0	0	1	21	866	846	2.0	39.2
Query_45435	LR778287.1	100.000	21	0	0	1	21	13028011	13028031	2.0	39.2
Query_45435	XM_032324808.1	100.000	21	0	0	1	21	750	730	2.0	39.2
Query_45435	XM_032263313.1	100.000	21	0	0	1	21	855	835	2.0	39.2
Query_45435	XM_032171460.1	100.000	21	0	0	1	21	581	561	2.0	39.2
Query_45435	XM_023197562.3	100.000	21	0	0	1	21	862	842	2.0	39.2
Query_45435	NM_001194143.2	100.000	21	0	0	1	21	944	924	2.0	39.2
Query_45435	XM_031659367.1	100.000	21	0	0	1	21	935	915	2.0	39.2
Query_45435	XM_004061618.3	100.000	21	0	0	1	21	873	853	2.0	39.2
Query_45435	XR_002003000.2	100.000	21	0	0	1	21	457	437	2.0	39.2
Query_45435	XM_010361181.2	100.000	21	0	0	1	21	840	820	2.0	39.2
Query_45435	XM_030819428.1	100.000	21	0	0	1	21	1169	1149	2.0	39.2
Query_45435	XM_030297580.1	100.000	21	0	0	1	21	356	336	2.0	39.2
Query_45435	XM_029836884.1	100.000	21	0	0	1	21	425	405	2.0	39.2
Query_45435	XM_029836883.1	100.000	21	0	0	1	21	462	442	2.0	39.2
Query_45435	XM_008822792.3	100.000	21	0	0	1	21	373	353	2.0	39.2
Query_45435	NM_003969.4	100.000	21	0	0	1	21	524	504	2.0	39.2
Query_45435	LR584247.1	100.000	21	0	0	1	21	14434634	14434654	2.0	39.2
Query_45435	AC279043.1	100.000	21	0	0	1	21	33354	33374	2.0	39.2
Query_45435	AC279022.1	100.000	21	0	0	1	21	49832	49852	2.0	39.2
Query_45435	XM_027037588.1	100.000	21	0	0	1	21	384	364	2.0	39.2
Query_45435	XM_013351477.2	100.000	21	0	0	1	21	493	473	2.0	39.2
Query_45435	GQ891447.1	100.000	21	0	0	1	21	403	383	2.0	39.2
Query_45435	XM_027921197.1	100.000	21	0	0	1	21	887	867	2.0	39.2
Query_45435	CP034522.1	100.000	21	0	0	1	21	59008107	59008127	2.0	39.2
Query_45435	CP034497.1	100.000	21	0	0	1	21	59008107	59008127	2.0	39.2
Query_45435	CP034494.1	100.000	21	0	0	1	21	34344320	34344340	2.0	39.2
Query_45435	XM_025367066.1	100.000	21	0	0	1	21	1136	1116	2.0	39.2
Query_45435	XM_025367065.1	100.000	21	0	0	1	21	1136	1116	2.0	39.2
Query_45435	XM_011751675.2	100.000	21	0	0	1	21	945	925	2.0	39.2
Query_45435	XM_016937020.2	100.000	21	0	0	1	21	979	959	2.0	39.2
Query_45435	XR_024683.6	100.000	21	0	0	1	21	483	463	2.0	39.2
Query_45435	XM_024237018.1	100.000	21	0	0	1	21	889	869	2.0	39.2
Query_45435	XM_004472716.3	100.000	21	0	0	1	21	414	394	2.0	39.2
Query_45435	XM_003406679.3	100.000	21	0	0	1	21	355	335	2.0	39.2
Query_45435	XM_023245780.1	100.000	21	0	0	1	21	375	355	2.0	39.2
Query_45435	XM_012473155.2	100.000	21	0	0	1	21	904	884	2.0	39.2
Query_45435	XM_021659849.1	100.000	21	0	0	1	21	545	525	2.0	39.2
Query_45435	XM_005087951.3	100.000	21	0	0	1	21	766	746	2.0	39.2
Query_45435	LT735850.1	100.000	21	0	0	1	21	781	761	2.0	39.2
Query_45435	XM_020158677.1	100.000	21	0	0	1	21	1490	1470	2.0	39.2
Query_45435	XM_019866402.1	100.000	21	0	0	1	21	726	706	2.0	39.2
Query_45435	XM_019438696.1	100.000	21	0	0	1	21	797	777	2.0	39.2
Query_45435	XM_019438694.1	100.000	21	0	0	1	21	797	777	2.0	39.2
Query_45435	XM_017850506.1	100.000	21	0	0	1	21	874	854	2.0	39.2
Query_45435	XM_006997194.2	100.000	21	0	0	1	21	294	274	2.0	39.2
Query_45435	XM_015505554.1	100.000	21	0	0	1	21	1012	992	2.0	39.2
Query_45435	XM_004672888.2	100.000	21	0	0	1	21	323	303	2.0	39.2
Query_45435	XM_012076338.1	100.000	21	0	0	1	21	1137	1117	2.0	39.2
Query_45435	XR_001004754.1	100.000	21	0	0	1	21	327	307	2.0	39.2
Query_45435	XM_011969066.1	100.000	21	0	0	1	21	327	307	2.0	39.2
Query_45435	XM_011959132.1	100.000	21	0	0	1	21	315	295	2.0	39.2
Query_45435	XM_011959131.1	100.000	21	0	0	1	21	806	786	2.0	39.2
Query_45435	KJ892674.1	100.000	21	0	0	1	21	359	339	2.0	39.2
Query_45435	XM_007650108.1	100.000	21	0	0	1	21	311	291	2.0	39.2
Query_45435	XM_007096630.1	100.000	21	0	0	1	21	363	343	2.0	39.2
Query_45435	XM_005590626.1	100.000	21	0	0	1	21	349	329	2.0	39.2
Query_45435	XM_004386917.1	100.000	21	0	0	1	21	297	277	2.0	39.2
Query_45435	XM_039466383.1	100.000	21	0	0	1	21	1131	1111	2.0	39.2
Query_45435	CP068262.1	100.000	21	0	0	1	21	38959013	38958993	2.0	39.2
Query_45435	CP068259.1	100.000	21	0	0	1	21	61654414	61654434	2.0	39.2
Query_45435	XM_038338840.1	100.000	21	0	0	1	21	858	838	2.0	39.2
Query_45435	XM_007998466.2	100.000	21	0	0	1	21	1048	1028	2.0	39.2
Query_45435	XM_037818989.1	100.000	21	0	0	1	21	900	880	2.0	39.2
Query_45435	XM_017509655.2	100.000	21	0	0	1	21	786	766	2.0	39.2
Query_45435	XM_028884903.2	100.000	21	0	0	1	21	543	523	2.0	39.2
Query_45435	XM_036553028.1	100.000	21	0	0	1	21	465	445	2.0	39.2
Query_45435	XM_016125757.2	100.000	21	0	0	1	21	529	509	2.0	39.2
Query_45435	AP023487.1	100.000	21	0	0	1	21	318903	318923	2.0	39.2
Query_45435	AP023479.1	100.000	21	0	0	1	21	59039547	59039567	2.0	39.2
Query_45435	XM_036168406.1	100.000	21	0	0	1	21	568	548	2.0	39.2
Query_45435	AC280253.1	100.000	21	0	0	1	21	158035	158055	2.0	39.2
Query_45435	XM_035449239.1	100.000	21	0	0	1	21	231	211	2.0	39.2
Query_45435	XM_027431227.2	100.000	21	0	0	1	21	357	337	2.0	39.2
Query_45435	XM_017967523.2	100.000	21	0	0	1	21	1127	1107	2.0	39.2
Query_45435	AB590888.1	100.000	21	0	0	1	21	303	283	2.0	39.2
Query_45435	AC240146.3	100.000	21	0	0	1	21	7780	7760	2.0	39.2
Query_45435	CU691337.1	100.000	21	0	0	1	21	274	294	2.0	39.2
Query_45435	CU691336.1	100.000	21	0	0	1	21	310	290	2.0	39.2
Query_45435	BC007657.1	100.000	21	0	0	1	21	363	343	2.0	39.2
Query_45435	BC058924.1	100.000	21	0	0	1	21	403	383	2.0	39.2
Query_45435	AC141057.2	100.000	21	0	0	1	21	46557	46577	2.0	39.2
Query_45435	BT008242.1	100.000	21	0	0	1	21	294	274	2.0	39.2
Query_45435	AC108131.2	100.000	21	0	0	1	21	19282	19262	2.0	39.2
Query_45435	AC016630.6	100.000	21	0	0	1	21	8248	8228	2.0	39.2
Query_45435	NR_002837.1	100.000	21	0	0	1	21	443	423	2.0	39.2
Query_45435	AC023824.6	100.000	21	0	0	1	21	98020	98000	2.0	39.2
Query_45435	AB012191.1	100.000	21	0	0	1	21	294	274	2.0	39.2
Query_45435	AF075599.1	100.000	21	0	0	1	21	297	277	2.0	39.2


