# blastn
# Iteration: 0
# Query: 
# RID: 6MJS0T1X016
# Database: nt
# Fields: query acc.ver, subject acc.ver, % identity, alignment length, mismatches, gap opens, q. start, q. end, s. start, s. end, evalue, bit score
# 100 hits found
Query_57303	XM_034960512.1	100.000	21	0	0	1	21	318	298	2.0	39.2
Query_57303	XM_003829274.3	100.000	21	0	0	1	21	408	388	2.0	39.2
Query_57303	XM_034656017.1	100.000	21	0	0	1	21	373	353	2.0	39.2
Query_57303	XM_002912915.4	100.000	21	0	0	1	21	451	431	2.0	39.2
Query_57303	XM_027949574.2	100.000	21	0	0	1	21	423	403	2.0	39.2
Query_57303	CP050600.1	100.000	21	0	0	1	21	21860363	21860343	2.0	39.2
Query_57303	CP050630.1	100.000	21	0	0	1	21	21853326	21853306	2.0	39.2
Query_57303	XM_033095936.1	100.000	21	0	0	1	21	440	420	2.0	39.2
Query_57303	XM_006179617.3	100.000	21	0	0	1	21	440	420	2.0	39.2
Query_57303	XM_032336720.1	100.000	21	0	0	1	21	451	431	2.0	39.2
Query_57303	XM_032336718.1	100.000	21	0	0	1	21	451	431	2.0	39.2
Query_57303	XM_032336717.1	100.000	21	0	0	1	21	451	431	2.0	39.2
Query_57303	XM_032251637.1	100.000	21	0	0	1	21	667	647	2.0	39.2
Query_57303	XM_032251564.1	100.000	21	0	0	1	21	757	737	2.0	39.2
Query_57303	XM_010981544.2	100.000	21	0	0	1	21	440	420	2.0	39.2
Query_57303	XM_006731022.2	100.000	21	0	0	1	21	701	681	2.0	39.2
Query_57303	XM_031010702.1	100.000	21	0	0	1	21	730	710	2.0	39.2
Query_57303	NM_003337.4	100.000	21	0	0	1	21	341	321	2.0	39.2
Query_57303	XM_026507995.1	100.000	21	0	0	1	21	386	366	2.0	39.2
Query_57303	XM_026413110.1	100.000	21	0	0	1	21	424	404	2.0	39.2
Query_57303	XM_008142249.2	100.000	21	0	0	1	21	445	425	2.0	39.2
Query_57303	XM_028103534.1	100.000	21	0	0	1	21	446	426	2.0	39.2
Query_57303	XM_027949578.1	100.000	21	0	0	1	21	428	408	2.0	39.2
Query_57303	XM_027949576.1	100.000	21	0	0	1	21	341	321	2.0	39.2
Query_57303	XM_027949575.1	100.000	21	0	0	1	21	379	359	2.0	39.2
Query_57303	XR_003584731.1	100.000	21	0	0	1	21	423	403	2.0	39.2
Query_57303	XM_027949573.1	100.000	21	0	0	1	21	423	403	2.0	39.2
Query_57303	XM_014583576.2	100.000	21	0	0	1	21	371	351	2.0	39.2
Query_57303	XM_006166855.3	100.000	21	0	0	1	21	371	351	2.0	39.2
Query_57303	XM_027606507.1	100.000	21	0	0	1	21	446	426	2.0	39.2
Query_57303	XM_025994900.1	100.000	21	0	0	1	21	452	432	2.0	39.2
Query_57303	XM_025860796.1	100.000	21	0	0	1	21	446	426	2.0	39.2
Query_57303	XM_025388144.1	100.000	21	0	0	1	21	661	641	2.0	39.2
Query_57303	XM_025388143.1	100.000	21	0	0	1	21	751	731	2.0	39.2
Query_57303	XM_006923125.3	100.000	21	0	0	1	21	706	686	2.0	39.2
Query_57303	XM_016953844.2	100.000	21	0	0	1	21	317	297	2.0	39.2
Query_57303	XM_517935.4	100.000	21	0	0	1	21	730	710	2.0	39.2
Query_57303	XM_023752160.1	100.000	21	0	0	1	21	423	403	2.0	39.2
Query_57303	XM_006086593.3	100.000	21	0	0	1	21	446	426	2.0	39.2
Query_57303	XM_023738986.1	100.000	21	0	0	1	21	742	722	2.0	39.2
Query_57303	XM_004384715.2	100.000	21	0	0	1	21	415	395	2.0	39.2
Query_57303	XM_001504396.4	100.000	21	0	0	1	21	483	463	2.0	39.2
Query_57303	XM_011362314.2	100.000	21	0	0	1	21	706	686	2.0	39.2
Query_57303	XM_005001264.3	100.000	21	0	0	1	21	676	656	2.0	39.2
Query_57303	XM_003404496.3	100.000	21	0	0	1	21	926	906	2.0	39.2
Query_57303	XM_003782185.3	100.000	21	0	0	1	21	449	429	2.0	39.2
Query_57303	XM_022493030.1	100.000	21	0	0	1	21	323	303	2.0	39.2
Query_57303	XM_022493029.1	100.000	21	0	0	1	21	386	366	2.0	39.2
Query_57303	XM_022493028.1	100.000	21	0	0	1	21	451	431	2.0	39.2
Query_57303	XM_021702227.1	100.000	21	0	0	1	21	451	431	2.0	39.2
Query_57303	XM_021241148.1	100.000	21	0	0	1	21	296	276	2.0	39.2
Query_57303	XM_004836575.3	100.000	21	0	0	1	21	596	576	2.0	39.2
Query_57303	XM_021241140.1	100.000	21	0	0	1	21	708	688	2.0	39.2
Query_57303	LT734769.1	100.000	21	0	0	1	21	801	781	2.0	39.2
Query_57303	XM_019642222.1	100.000	21	0	0	1	21	433	413	2.0	39.2
Query_57303	NG_046936.1	100.000	21	0	0	1	21	22222	22202	2.0	39.2
Query_57303	XM_016186789.1	100.000	21	0	0	1	21	355	335	2.0	39.2
Query_57303	XM_007519906.2	100.000	21	0	0	1	21	445	425	2.0	39.2
Query_57303	XM_006753550.2	100.000	21	0	0	1	21	452	432	2.0	39.2
Query_57303	XM_015492768.1	100.000	21	0	0	1	21	278	258	2.0	39.2
Query_57303	XM_015492766.1	100.000	21	0	0	1	21	368	348	2.0	39.2
Query_57303	XM_014846415.1	100.000	21	0	0	1	21	521	501	2.0	39.2
Query_57303	XM_014846414.1	100.000	21	0	0	1	21	445	425	2.0	39.2
Query_57303	XM_004420192.2	100.000	21	0	0	1	21	441	421	2.0	39.2
Query_57303	XM_005376142.2	100.000	21	0	0	1	21	292	272	2.0	39.2
Query_57303	XM_005376140.2	100.000	21	0	0	1	21	358	338	2.0	39.2
Query_57303	XM_013363114.3	100.000	21	0	0	1	21	395	375	2.0	39.2
Query_57303	XM_040271813.1	100.000	21	0	0	1	21	339	319	2.0	39.2
Query_57303	XM_005335742.4	100.000	21	0	0	1	21	429	409	2.0	39.2
Query_57303	HG994391.1	100.000	21	0	0	1	21	23521399	23521379	2.0	39.2
Query_57303	XM_039836039.1	100.000	21	0	0	1	21	704	684	2.0	39.2
Query_57303	XM_010338704.2	100.000	21	0	0	1	21	382	362	2.0	39.2
Query_57303	XM_010338699.2	100.000	21	0	0	1	21	471	451	2.0	39.2
Query_57303	XM_039242287.1	100.000	21	0	0	1	21	427	407	2.0	39.2
Query_57303	XM_039242286.1	100.000	21	0	0	1	21	427	407	2.0	39.2
Query_57303	XM_039242285.1	100.000	21	0	0	1	21	426	406	2.0	39.2
Query_57303	XM_038681540.1	100.000	21	0	0	1	21	562	542	2.0	39.2
Query_57303	XM_022425310.2	100.000	21	0	0	1	21	562	542	2.0	39.2
Query_57303	XM_037809629.1	100.000	21	0	0	1	21	330	310	2.0	39.2
Query_57303	XM_037800778.1	100.000	21	0	0	1	21	289	269	2.0	39.2
Query_57303	XM_037800777.1	100.000	21	0	0	1	21	423	403	2.0	39.2
Query_57303	XM_017532387.2	100.000	21	0	0	1	21	318	298	2.0	39.2
Query_57303	XM_017532386.2	100.000	21	0	0	1	21	464	444	2.0	39.2
Query_57303	XM_037509311.1	100.000	21	0	0	1	21	394	374	2.0	39.2
Query_57303	XM_037016069.1	100.000	21	0	0	1	21	290	270	2.0	39.2
Query_57303	XM_037016068.1	100.000	21	0	0	1	21	399	379	2.0	39.2
Query_57303	XM_017641948.2	100.000	21	0	0	1	21	425	405	2.0	39.2
Query_57303	XM_036898390.1	100.000	21	0	0	1	21	289	269	2.0	39.2
Query_57303	XM_036898387.1	100.000	21	0	0	1	21	399	379	2.0	39.2
Query_57303	XM_036898386.1	100.000	21	0	0	1	21	426	406	2.0	39.2
Query_57303	XM_036425397.1	100.000	21	0	0	1	21	418	398	2.0	39.2
Query_57303	XM_036425396.1	100.000	21	0	0	1	21	442	422	2.0	39.2
Query_57303	XM_036314880.1	100.000	21	0	0	1	21	292	272	2.0	39.2
Query_57303	XM_036314879.1	100.000	21	0	0	1	21	437	417	2.0	39.2
Query_57303	XM_016137659.2	100.000	21	0	0	1	21	704	684	2.0	39.2
Query_57303	XM_025433233.2	100.000	21	0	0	1	21	561	541	2.0	39.2
Query_57303	XM_025433232.2	100.000	21	0	0	1	21	779	759	2.0	39.2
Query_57303	LR862361.1	100.000	21	0	0	1	21	65642744	65642724	2.0	39.2
Query_57303	XM_008984915.4	100.000	21	0	0	1	21	669	649	2.0	39.2
Query_57303	XM_002744157.6	100.000	21	0	0	1	21	759	739	2.0	39.2


