# blastn
# Iteration: 0
# Query: 
# RID: 8YKGH543013
# Database: nt
# Fields: query acc.ver, subject acc.ver, % identity, alignment length, mismatches, gap opens, q. start, q. end, s. start, s. end, evalue, bit score
# 100 hits found
Query_53017	XM_035009990.1	100.000	21	0	0	1	21	651	631	2.1	39.2
Query_53017	XM_003811844.2	100.000	21	0	0	1	21	640	620	2.1	39.2
Query_53017	AP023168.1	100.000	21	0	0	1	21	69094089	69094109	2.1	39.2
Query_53017	XM_002928742.4	100.000	21	0	0	1	21	604	584	2.1	39.2
Query_53017	CP050585.1	100.000	21	0	0	1	21	21386522	21386542	2.1	39.2
Query_53017	CP050641.1	100.000	21	0	0	1	21	21374273	21374293	2.1	39.2
Query_53017	XM_033196559.1	100.000	21	0	0	1	21	765	745	2.1	39.2
Query_53017	XM_033233047.1	100.000	21	0	0	1	21	515	495	2.1	39.2
Query_53017	XM_033093355.1	100.000	21	0	0	1	21	1062	1042	2.1	39.2
Query_53017	XM_033093354.1	100.000	21	0	0	1	21	1065	1045	2.1	39.2
Query_53017	XM_033093353.1	100.000	21	0	0	1	21	1426	1406	2.1	39.2
Query_53017	XM_032849507.1	100.000	21	0	0	1	21	534	514	2.1	39.2
Query_53017	XM_030302021.2	100.000	21	0	0	1	21	929	909	2.1	39.2
Query_53017	XM_032397263.1	100.000	21	0	0	1	21	664	644	2.1	39.2
Query_53017	XM_032318008.1	100.000	21	0	0	1	21	640	620	2.1	39.2
Query_53017	XM_032260946.1	100.000	21	0	0	1	21	597	577	2.1	39.2
Query_53017	XM_032260945.1	100.000	21	0	0	1	21	673	653	2.1	39.2
Query_53017	XR_004261757.1	100.000	21	0	0	1	21	641	621	2.1	39.2
Query_53017	XR_004258816.1	100.000	21	0	0	1	21	569	549	2.1	39.2
Query_53017	XM_032161224.1	100.000	21	0	0	1	21	781	761	2.1	39.2
Query_53017	LR738417.1	100.000	21	0	0	1	21	64507863	64507883	2.1	39.2
Query_53017	XM_023214308.2	100.000	21	0	0	1	21	732	712	2.1	39.2
Query_53017	XM_031654823.1	100.000	21	0	0	1	21	622	602	2.1	39.2
Query_53017	XM_031654814.1	100.000	21	0	0	1	21	715	695	2.1	39.2
Query_53017	XM_006747389.2	100.000	21	0	0	1	21	519	499	2.1	39.2
Query_53017	XM_031011621.1	100.000	21	0	0	1	21	756	736	2.1	39.2
Query_53017	XM_010367119.2	100.000	21	0	0	1	21	868	848	2.1	39.2
Query_53017	XR_749097.2	100.000	21	0	0	1	21	443	423	2.1	39.2
Query_53017	XM_030824091.1	100.000	21	0	0	1	21	776	756	2.1	39.2
Query_53017	XR_003907004.1	100.000	21	0	0	1	21	1302	1322	2.1	39.2
Query_53017	XM_029935768.1	100.000	21	0	0	1	21	606	586	2.1	39.2
Query_53017	XM_028826846.1	100.000	21	0	0	1	21	676	656	2.1	39.2
Query_53017	XM_015113807.2	100.000	21	0	0	1	21	642	622	2.1	39.2
Query_53017	XM_015113815.2	100.000	21	0	0	1	21	596	576	2.1	39.2
Query_53017	XM_028488730.1	100.000	21	0	0	1	21	666	646	2.1	39.2
Query_53017	XM_007112289.3	100.000	21	0	0	1	21	757	737	2.1	39.2
Query_53017	NM_016406.4	100.000	21	0	0	1	21	463	443	2.1	39.2
Query_53017	XM_015076224.2	100.000	21	0	0	1	21	1044	1024	2.1	39.2
Query_53017	XM_026487420.1	100.000	21	0	0	1	21	467	447	2.1	39.2
Query_53017	XM_023185092.2	100.000	21	0	0	1	21	473	453	2.1	39.2
Query_53017	XM_026380605.1	100.000	21	0	0	1	21	450	430	2.1	39.2
Query_53017	XM_026380604.1	100.000	21	0	0	1	21	510	490	2.1	39.2
Query_53017	XM_028163881.1	100.000	21	0	0	1	21	632	612	2.1	39.2
Query_53017	XM_007171720.2	100.000	21	0	0	1	21	540	520	2.1	39.2
Query_53017	XM_007171719.2	100.000	21	0	0	1	21	587	567	2.1	39.2
Query_53017	XM_028090946.1	100.000	21	0	0	1	21	664	644	2.1	39.2
Query_53017	XM_012184828.3	100.000	21	0	0	1	21	676	656	2.1	39.2
Query_53017	XM_027950720.1	100.000	21	0	0	1	21	402	382	2.1	39.2
Query_53017	XM_027950719.1	100.000	21	0	0	1	21	510	490	2.1	39.2
Query_53017	XM_027528146.1	100.000	21	0	0	1	21	590	570	2.1	39.2
Query_53017	XM_027528137.1	100.000	21	0	0	1	21	460	440	2.1	39.2
Query_53017	XM_027528129.1	100.000	21	0	0	1	21	460	440	2.1	39.2
Query_53017	XM_027528121.1	100.000	21	0	0	1	21	565	545	2.1	39.2
Query_53017	XM_027528111.1	100.000	21	0	0	1	21	461	441	2.1	39.2
Query_53017	XM_025986272.1	100.000	21	0	0	1	21	780	760	2.1	39.2
Query_53017	XM_025915228.1	100.000	21	0	0	1	21	461	441	2.1	39.2
Query_53017	XM_025860682.1	100.000	21	0	0	1	21	664	644	2.1	39.2
Query_53017	XM_025359394.1	100.000	21	0	0	1	21	582	562	2.1	39.2
Query_53017	XM_025359307.1	100.000	21	0	0	1	21	758	738	2.1	39.2
Query_53017	XM_025287502.1	100.000	21	0	0	1	21	527	507	2.1	39.2
Query_53017	XM_006048480.2	100.000	21	0	0	1	21	583	563	2.1	39.2
Query_53017	XM_006048479.2	100.000	21	0	0	1	21	687	667	2.1	39.2
Query_53017	XM_008700659.2	100.000	21	0	0	1	21	479	459	2.1	39.2
Query_53017	XM_040452393.1	100.000	21	0	0	1	21	1043	1023	2.1	39.2
Query_53017	XM_013365962.2	100.000	21	0	0	1	21	458	438	2.1	39.2
Query_53017	XM_040287299.1	100.000	21	0	0	1	21	655	635	2.1	39.2
Query_53017	XM_040287298.1	100.000	21	0	0	1	21	648	628	2.1	39.2
Query_53017	XM_005341838.4	100.000	21	0	0	1	21	699	679	2.1	39.2
Query_53017	XM_040230059.1	100.000	21	0	0	1	21	696	676	2.1	39.2
Query_53017	XM_039839892.1	100.000	21	0	0	1	21	677	657	2.1	39.2
Query_53017	XM_039480650.1	100.000	21	0	0	1	21	757	737	2.1	39.2
Query_53017	XR_005581184.1	100.000	21	0	0	1	21	446	426	2.1	39.2
Query_53017	XM_039246452.1	100.000	21	0	0	1	21	470	450	2.1	39.2
Query_53017	XM_039246451.1	100.000	21	0	0	1	21	525	505	2.1	39.2
Query_53017	XR_005308949.1	100.000	21	0	0	1	21	65	85	2.1	39.2
Query_53017	XM_038448650.1	100.000	21	0	0	1	21	1372	1352	2.1	39.2
Query_53017	XR_005318630.1	100.000	21	0	0	1	21	65	85	2.1	39.2
Query_53017	XM_536135.6	100.000	21	0	0	1	21	1370	1350	2.1	39.2
Query_53017	XM_037984472.1	100.000	21	0	0	1	21	443	423	2.1	39.2
Query_53017	XM_007976437.2	100.000	21	0	0	1	21	650	630	2.1	39.2
Query_53017	XM_017515076.2	100.000	21	0	0	1	21	597	577	2.1	39.2
Query_53017	XM_037733647.1	100.000	21	0	0	1	21	681	661	2.1	39.2
Query_53017	XM_017515075.2	100.000	21	0	0	1	21	750	730	2.1	39.2
Query_53017	XM_017656200.2	100.000	21	0	0	1	21	485	465	2.1	39.2
Query_53017	XM_017656199.2	100.000	21	0	0	1	21	608	588	2.1	39.2
Query_53017	XM_036922785.1	100.000	21	0	0	1	21	488	468	2.1	39.2
Query_53017	XM_036861589.1	100.000	21	0	0	1	21	462	442	2.1	39.2
Query_53017	XM_036861580.1	100.000	21	0	0	1	21	462	442	2.1	39.2
Query_53017	XM_036861569.1	100.000	21	0	0	1	21	632	612	2.1	39.2
Query_53017	XM_036861560.1	100.000	21	0	0	1	21	589	569	2.1	39.2
Query_53017	XM_036861549.1	100.000	21	0	0	1	21	462	442	2.1	39.2
Query_53017	XM_036344036.1	100.000	21	0	0	1	21	674	654	2.1	39.2
Query_53017	XM_036243874.1	100.000	21	0	0	1	21	434	414	2.1	39.2
Query_53017	XM_036273390.1	100.000	21	0	0	1	21	701	681	2.1	39.2
Query_53017	XM_036226567.1	100.000	21	0	0	1	21	461	441	2.1	39.2
Query_53017	XM_016134057.2	100.000	21	0	0	1	21	477	457	2.1	39.2
Query_53017	XM_036101456.1	100.000	21	0	0	1	21	664	644	2.1	39.2
Query_53017	XR_004812831.1	100.000	21	0	0	1	21	130	150	2.1	39.2
Query_53017	XM_025420819.2	100.000	21	0	0	1	21	1939	1919	2.1	39.2
Query_53017	XM_027610910.2	100.000	21	0	0	1	21	688	668	2.1	39.2


