# blastn
# Iteration: 0
# Query: 
# RID: 6M9MJRHW013
# Database: nt
# Fields: query acc.ver, subject acc.ver, % identity, alignment length, mismatches, gap opens, q. start, q. end, s. start, s. end, evalue, bit score
# 61 hits found
Query_48715	XM_034944208.1	100.000	21	0	0	1	21	627	607	2.0	39.2
Query_48715	XM_034944207.1	100.000	21	0	0	1	21	640	620	2.0	39.2
Query_48715	XM_034944206.1	100.000	21	0	0	1	21	473	453	2.0	39.2
Query_48715	XM_028858587.1	100.000	21	0	0	1	21	629	609	2.0	39.2
Query_48715	XM_028858586.1	100.000	21	0	0	1	21	629	609	2.0	39.2
Query_48715	NM_004359.2	100.000	21	0	0	1	21	590	570	2.0	39.2
Query_48715	XM_026785375.1	100.000	21	0	0	1	21	635	615	2.0	39.2
Query_48715	XM_005359112.2	100.000	21	0	0	1	21	634	614	2.0	39.2
Query_48715	CP034522.1	100.000	21	0	0	1	21	477068	477048	2.0	39.2
Query_48715	CP034497.1	100.000	21	0	0	1	21	477068	477048	2.0	39.2
Query_48715	XM_009434229.3	100.000	21	0	0	1	21	631	611	2.0	39.2
Query_48715	XM_021234894.1	100.000	21	0	0	1	21	485	465	2.0	39.2
Query_48715	XM_005074241.3	100.000	21	0	0	1	21	716	696	2.0	39.2
Query_48715	LT744874.1	100.000	21	0	0	1	21	905	885	2.0	39.2
Query_48715	XM_005259690.3	100.000	21	0	0	1	21	630	610	2.0	39.2
Query_48715	XM_006639886.2	100.000	21	0	0	1	21	1220	1200	2.0	39.2
Query_48715	XM_012436401.1	100.000	21	0	0	1	21	436	416	2.0	39.2
Query_48715	XM_006722952.2	100.000	21	0	0	1	21	630	610	2.0	39.2
Query_48715	KJ890880.1	100.000	21	0	0	1	21	483	463	2.0	39.2
Query_48715	XM_006978232.1	100.000	21	0	0	1	21	423	403	2.0	39.2
Query_48715	XM_003944905.3	100.000	21	0	0	1	21	626	606	2.0	39.2
Query_48715	CP068259.1	100.000	21	0	0	1	21	490647	490627	2.0	39.2
Query_48715	XM_038331478.1	100.000	21	0	0	1	21	516	496	2.0	39.2
Query_48715	XM_038331473.1	100.000	21	0	0	1	21	511	491	2.0	39.2
Query_48715	AP023479.1	100.000	21	0	0	1	21	298668	298648	2.0	39.2
Query_48715	AP023479.1	100.000	21	0	0	1	21	375096	375076	2.0	39.2
Query_48715	XM_036171445.1	100.000	21	0	0	1	21	646	626	2.0	39.2
Query_48715	XM_036171444.1	100.000	21	0	0	1	21	646	626	2.0	39.2
Query_48715	LR877208.1	100.000	21	0	0	1	21	826249	826229	2.0	39.2
Query_48715	XM_027419463.2	100.000	21	0	0	1	21	620	600	2.0	39.2
Query_48715	XM_027419462.2	100.000	21	0	0	1	21	617	597	2.0	39.2
Query_48715	XM_035445451.1	100.000	21	0	0	1	21	666	646	2.0	39.2
Query_48715	XM_035455968.1	100.000	21	0	0	1	21	518	498	2.0	39.2
Query_48715	XM_035455967.1	100.000	21	0	0	1	21	557	537	2.0	39.2
Query_48715	XM_035455966.1	100.000	21	0	0	1	21	518	498	2.0	39.2
Query_48715	XM_035455965.1	100.000	21	0	0	1	21	557	537	2.0	39.2
Query_48715	AB590273.1	100.000	21	0	0	1	21	427	407	2.0	39.2
Query_48715	CU676209.1	100.000	21	0	0	1	21	309	329	2.0	39.2
Query_48715	AK291554.1	100.000	21	0	0	1	21	619	599	2.0	39.2
Query_48715	DQ893910.2	100.000	21	0	0	1	21	440	420	2.0	39.2
Query_48715	DQ890738.2	100.000	21	0	0	1	21	440	420	2.0	39.2
Query_48715	AY650399.1	100.000	21	0	0	1	21	7337	7317	2.0	39.2
Query_48715	BC023979.1	100.000	21	0	0	1	21	594	574	2.0	39.2
Query_48715	BT008039.1	100.000	21	0	0	1	21	418	398	2.0	39.2
Query_48715	BT006659.1	100.000	21	0	0	1	21	418	398	2.0	39.2
Query_48715	AC011556.9	100.000	21	0	0	1	21	5550	5530	2.0	39.2
Query_48715	AC011531.7	100.000	21	0	0	1	21	26557	26537	2.0	39.2
Query_48715	BC018143.2	100.000	21	0	0	1	21	620	600	2.0	39.2
Query_48715	BC009850.2	100.000	21	0	0	1	21	617	597	2.0	39.2
Query_48715	L22005.1	100.000	21	0	0	1	21	604	584	2.0	39.2
Query_48715	XM_032241190.1	100.000	20	0	0	1	20	459	440	7.1	37.4
Query_48715	XM_032241189.1	100.000	20	0	0	1	20	150	131	7.1	37.4
Query_48715	AC279278.1	100.000	20	0	0	1	20	133179	133160	7.1	37.4
Query_48715	AC279272.1	100.000	20	0	0	1	20	133219	133238	7.1	37.4
Query_48715	XM_024040497.1	100.000	20	0	0	1	20	944	963	7.1	37.4
Query_48715	XM_021670102.1	100.000	20	0	0	1	20	304	285	7.1	37.4
Query_48715	XM_012656462.1	100.000	20	0	0	1	20	301	282	7.1	37.4
Query_48715	XM_037737129.1	100.000	20	0	0	1	20	195	176	7.1	37.4
Query_48715	XM_017524698.2	100.000	20	0	0	1	20	541	522	7.1	37.4
Query_48715	XM_002748872.4	100.000	20	0	0	1	20	570	551	7.1	37.4
Query_48715	XM_035302288.1	100.000	20	0	0	1	20	832	813	7.1	37.4


