# blastn
# Iteration: 0
# Query: 
# RID: 6XCU9E3Y016
# Database: nt
# Fields: query acc.ver, subject acc.ver, % identity, alignment length, mismatches, gap opens, q. start, q. end, s. start, s. end, evalue, bit score
# 100 hits found
Query_33167	XM_040475549.1	100.000	21	0	0	1	21	614	594	2.1	39.2
Query_33167	XM_040475548.1	100.000	21	0	0	1	21	705	685	2.1	39.2
Query_33167	XM_040440529.1	100.000	21	0	0	1	21	794	774	2.1	39.2
Query_33167	XM_040357645.1	100.000	21	0	0	1	21	848	828	2.1	39.2
Query_33167	XM_040357644.1	100.000	21	0	0	1	21	834	814	2.1	39.2
Query_33167	XM_040294550.1	100.000	21	0	0	1	21	592	572	2.1	39.2
Query_33167	XM_021725967.2	100.000	21	0	0	1	21	922	902	2.1	39.2
Query_33167	XM_040294549.1	100.000	21	0	0	1	21	840	820	2.1	39.2
Query_33167	XM_040294548.1	100.000	21	0	0	1	21	1026	1006	2.1	39.2
Query_33167	XM_040256951.1	100.000	21	0	0	1	21	653	633	2.1	39.2
Query_33167	XM_029072554.2	100.000	21	0	0	1	21	792	772	2.1	39.2
Query_33167	XM_029072553.2	100.000	21	0	0	1	21	679	659	2.1	39.2
Query_33167	HG994416.1	100.000	21	0	0	1	21	26895278	26895258	2.1	39.2
Query_33167	XM_039855835.1	100.000	21	0	0	1	21	700	680	2.1	39.2
Query_33167	XM_039855834.1	100.000	21	0	0	1	21	994	974	2.1	39.2
Query_33167	XM_039855833.1	100.000	21	0	0	1	21	716	696	2.1	39.2
Query_33167	XM_039855832.1	100.000	21	0	0	1	21	863	843	2.1	39.2
Query_33167	XM_039855830.1	100.000	21	0	0	1	21	729	709	2.1	39.2
Query_33167	XM_039855829.1	100.000	21	0	0	1	21	950	930	2.1	39.2
Query_33167	XM_039855828.1	100.000	21	0	0	1	21	771	751	2.1	39.2
Query_33167	XM_039757754.1	100.000	21	0	0	1	21	823	803	2.1	39.2
Query_33167	XM_039757753.1	100.000	21	0	0	1	21	802	782	2.1	39.2
Query_33167	XM_010351541.2	100.000	21	0	0	1	21	941	921	2.1	39.2
Query_33167	XM_039469988.1	100.000	21	0	0	1	21	1021	1001	2.1	39.2
Query_33167	NM_001047857.4	100.000	21	0	0	1	21	945	925	2.1	39.2
Query_33167	XM_039254350.1	100.000	21	0	0	1	21	683	663	2.1	39.2
Query_33167	XM_039239646.1	100.000	21	0	0	1	21	733	713	2.1	39.2
Query_33167	XM_039239644.1	100.000	21	0	0	1	21	692	672	2.1	39.2
Query_33167	XM_039239643.1	100.000	21	0	0	1	21	906	886	2.1	39.2
Query_33167	XM_006234405.4	100.000	21	0	0	1	21	888	868	2.1	39.2
Query_33167	XM_038447236.1	100.000	21	0	0	1	21	612	592	2.1	39.2
Query_33167	XM_038447235.1	100.000	21	0	0	1	21	918	898	2.1	39.2
Query_33167	XM_038463393.1	100.000	21	0	0	1	21	612	592	2.1	39.2
Query_33167	XM_038463392.1	100.000	21	0	0	1	21	918	898	2.1	39.2
Query_33167	XM_038751298.1	100.000	21	0	0	1	21	680	660	2.1	39.2
Query_33167	XM_038337979.1	100.000	21	0	0	1	21	745	725	2.1	39.2
Query_33167	XM_007965532.2	100.000	21	0	0	1	21	1005	985	2.1	39.2
Query_33167	XM_007965531.2	100.000	21	0	0	1	21	935	915	2.1	39.2
Query_33167	XM_007965530.2	100.000	21	0	0	1	21	958	938	2.1	39.2
Query_33167	XM_037849091.1	100.000	21	0	0	1	21	771	751	2.1	39.2
Query_33167	XM_037849090.1	100.000	21	0	0	1	21	733	713	2.1	39.2
Query_33167	XM_037849089.1	100.000	21	0	0	1	21	971	951	2.1	39.2
Query_33167	XM_037839205.1	100.000	21	0	0	1	21	595	575	2.1	39.2
Query_33167	XM_037735836.1	100.000	21	0	0	1	21	580	560	2.1	39.2
Query_33167	XM_017532745.2	100.000	21	0	0	1	21	1011	991	2.1	39.2
Query_33167	XM_017532744.2	100.000	21	0	0	1	21	941	921	2.1	39.2
Query_33167	XM_017532743.2	100.000	21	0	0	1	21	1020	1000	2.1	39.2
Query_33167	XM_037523656.1	100.000	21	0	0	1	21	673	653	2.1	39.2
Query_33167	XM_037523655.1	100.000	21	0	0	1	21	764	744	2.1	39.2
Query_33167	XM_037523654.1	100.000	21	0	0	1	21	663	643	2.1	39.2
Query_33167	XM_037523653.1	100.000	21	0	0	1	21	958	938	2.1	39.2
Query_33167	XM_028884602.2	100.000	21	0	0	1	21	942	922	2.1	39.2
Query_33167	XM_028884601.2	100.000	21	0	0	1	21	1015	995	2.1	39.2
Query_33167	XM_037130039.1	100.000	21	0	0	1	21	669	649	2.1	39.2
Query_33167	XM_037130038.1	100.000	21	0	0	1	21	676	656	2.1	39.2
Query_33167	XM_037130037.1	100.000	21	0	0	1	21	838	818	2.1	39.2
Query_33167	XM_037130036.1	100.000	21	0	0	1	21	938	918	2.1	39.2
Query_33167	XM_037044351.1	100.000	21	0	0	1	21	869	849	2.1	39.2
Query_33167	XM_037044350.1	100.000	21	0	0	1	21	676	656	2.1	39.2
Query_33167	XM_037044349.1	100.000	21	0	0	1	21	669	649	2.1	39.2
Query_33167	XM_037044348.1	100.000	21	0	0	1	21	802	782	2.1	39.2
Query_33167	XM_037044347.1	100.000	21	0	0	1	21	918	898	2.1	39.2
Query_33167	XM_037000303.1	100.000	21	0	0	1	21	729	709	2.1	39.2
Query_33167	XM_037000302.1	100.000	21	0	0	1	21	724	704	2.1	39.2
Query_33167	XM_037000301.1	100.000	21	0	0	1	21	611	591	2.1	39.2
Query_33167	XM_017668147.2	100.000	21	0	0	1	21	745	725	2.1	39.2
Query_33167	XM_017668146.2	100.000	21	0	0	1	21	866	846	2.1	39.2
Query_33167	XM_037000299.1	100.000	21	0	0	1	21	729	709	2.1	39.2
Query_33167	XM_036879408.1	100.000	21	0	0	1	21	723	703	2.1	39.2
Query_33167	XM_036879407.1	100.000	21	0	0	1	21	611	591	2.1	39.2
Query_33167	XM_036879406.1	100.000	21	0	0	1	21	743	723	2.1	39.2
Query_33167	XM_036879404.1	100.000	21	0	0	1	21	862	842	2.1	39.2
Query_33167	XM_036879403.1	100.000	21	0	0	1	21	913	893	2.1	39.2
Query_33167	XR_004984923.1	100.000	21	0	0	1	21	941	921	2.1	39.2
Query_33167	XM_036421414.1	100.000	21	0	0	1	21	941	921	2.1	39.2
Query_33167	XR_004969263.1	100.000	21	0	0	1	21	935	915	2.1	39.2
Query_33167	XM_036319158.1	100.000	21	0	0	1	21	920	900	2.1	39.2
Query_33167	XM_036319157.1	100.000	21	0	0	1	21	935	915	2.1	39.2
Query_33167	XM_036253507.1	100.000	21	0	0	1	21	957	937	2.1	39.2
Query_33167	XR_004958628.1	100.000	21	0	0	1	21	680	660	2.1	39.2
Query_33167	XR_004958627.1	100.000	21	0	0	1	21	740	720	2.1	39.2
Query_33167	XM_036253506.1	100.000	21	0	0	1	21	740	720	2.1	39.2
Query_33167	XR_004958626.1	100.000	21	0	0	1	21	759	739	2.1	39.2
Query_33167	XR_004958625.1	100.000	21	0	0	1	21	740	720	2.1	39.2
Query_33167	XM_036236019.1	100.000	21	0	0	1	21	771	751	2.1	39.2
Query_33167	XM_016164614.2	100.000	21	0	0	1	21	1007	987	2.1	39.2
Query_33167	XM_016164616.2	100.000	21	0	0	1	21	611	591	2.1	39.2
Query_33167	XM_016164613.2	100.000	21	0	0	1	21	732	712	2.1	39.2
Query_33167	XM_016164615.2	100.000	21	0	0	1	21	896	876	2.1	39.2
Query_33167	XM_016164612.2	100.000	21	0	0	1	21	967	947	2.1	39.2
Query_33167	XM_036185310.1	100.000	21	0	0	1	21	718	698	2.1	39.2
Query_33167	XM_036185309.1	100.000	21	0	0	1	21	756	736	2.1	39.2
Query_33167	XM_036185308.1	100.000	21	0	0	1	21	944	924	2.1	39.2
Query_33167	XM_036185307.1	100.000	21	0	0	1	21	970	950	2.1	39.2
Query_33167	XM_006499162.5	100.000	21	0	0	1	21	763	743	2.1	39.2
Query_33167	XM_036079912.1	100.000	21	0	0	1	21	774	754	2.1	39.2
Query_33167	XM_036079911.1	100.000	21	0	0	1	21	974	954	2.1	39.2
Query_33167	XM_036079910.1	100.000	21	0	0	1	21	784	764	2.1	39.2
Query_33167	XM_036079909.1	100.000	21	0	0	1	21	959	939	2.1	39.2
Query_33167	XM_036070133.1	100.000	21	0	0	1	21	691	671	2.1	39.2


