# blastn
# Iteration: 0
# Query: 
# RID: 72KMZ5CK016
# Database: nt
# Fields: query acc.ver, subject acc.ver, % identity, alignment length, mismatches, gap opens, q. start, q. end, s. start, s. end, evalue, bit score
# 77 hits found
Query_51811	XM_003828171.2	100.000	21	0	0	1	21	264	244	2.1	39.2
Query_51811	XM_033847962.1	100.000	21	0	0	1	21	251	231	2.1	39.2
Query_51811	XM_004286017.2	100.000	21	0	0	1	21	251	231	2.1	39.2
Query_51811	XM_033182838.1	100.000	21	0	0	1	21	220	200	2.1	39.2
Query_51811	XM_032617599.1	100.000	21	0	0	1	21	251	231	2.1	39.2
Query_51811	XM_032457288.1	100.000	21	0	0	1	21	317	297	2.1	39.2
Query_51811	XM_032163779.1	100.000	21	0	0	1	21	264	244	2.1	39.2
Query_51811	XM_023191497.3	100.000	21	0	0	1	21	264	244	2.1	39.2
Query_51811	NM_001194608.2	100.000	21	0	0	1	21	238	218	2.1	39.2
Query_51811	XM_006217479.2	100.000	21	0	0	1	21	301	281	2.1	39.2
Query_51811	XM_003913140.4	100.000	21	0	0	1	21	2480	2460	2.1	39.2
Query_51811	XM_031469764.1	100.000	21	0	0	1	21	317	297	2.1	39.2
Query_51811	XM_004041540.3	100.000	21	0	0	1	21	264	244	2.1	39.2
Query_51811	XM_010376233.2	100.000	21	0	0	1	21	236	216	2.1	39.2
Query_51811	XM_030848974.1	100.000	21	0	0	1	21	251	231	2.1	39.2
Query_51811	XM_003270772.2	100.000	21	0	0	1	21	264	244	2.1	39.2
Query_51811	XM_029212625.1	100.000	21	0	0	1	21	251	231	2.1	39.2
Query_51811	AY358627.2	100.000	21	0	0	1	21	253	233	2.1	39.2
Query_51811	XM_007127969.2	100.000	21	0	0	1	21	257	237	2.1	39.2
Query_51811	NM_025237.3	100.000	21	0	0	1	21	270	250	2.1	39.2
Query_51811	XM_027098940.1	100.000	21	0	0	1	21	272	252	2.1	39.2
Query_51811	XM_008149295.2	100.000	21	0	0	1	21	399	379	2.1	39.2
Query_51811	XM_015098809.2	100.000	21	0	0	1	21	327	307	2.1	39.2
Query_51811	CP034495.1	100.000	21	0	0	1	21	41835890	41835910	2.1	39.2
Query_51811	XM_027517099.1	100.000	21	0	0	1	21	1131	1111	2.1	39.2
Query_51811	XM_025363041.1	100.000	21	0	0	1	21	261	241	2.1	39.2
Query_51811	XM_006046841.2	100.000	21	0	0	1	21	1049	1029	2.1	39.2
Query_51811	NM_001166514.2	100.000	21	0	0	1	21	258	238	2.1	39.2
Query_51811	XM_024761226.1	100.000	21	0	0	1	21	217	197	2.1	39.2
Query_51811	XM_024553481.1	100.000	21	0	0	1	21	217	197	2.1	39.2
Query_51811	XM_001153653.5	100.000	21	0	0	1	21	367	347	2.1	39.2
Query_51811	CP027087.1	100.000	21	0	0	1	21	43507418	43507438	2.1	39.2
Query_51811	XM_002827467.3	100.000	21	0	0	1	21	261	241	2.1	39.2
Query_51811	XM_006092295.3	100.000	21	0	0	1	21	266	246	2.1	39.2
Query_51811	XM_021712656.1	100.000	21	0	0	1	21	236	216	2.1	39.2
Query_51811	LT735545.1	100.000	21	0	0	1	21	707	687	2.1	39.2
Query_51811	XM_019981332.1	100.000	21	0	0	1	21	1048	1028	2.1	39.2
Query_51811	XM_019665562.1	100.000	21	0	0	1	21	299	279	2.1	39.2
Query_51811	XM_018065180.1	100.000	21	0	0	1	21	248	228	2.1	39.2
Query_51811	XM_017892802.1	100.000	21	0	0	1	21	261	241	2.1	39.2
Query_51811	XM_016202009.1	100.000	21	0	0	1	21	280	260	2.1	39.2
Query_51811	XM_006776900.2	100.000	21	0	0	1	21	248	228	2.1	39.2
Query_51811	XM_005584371.2	100.000	21	0	0	1	21	271	251	2.1	39.2
Query_51811	XM_014849316.1	100.000	21	0	0	1	21	820	800	2.1	39.2
Query_51811	XM_004432532.2	100.000	21	0	0	1	21	779	759	2.1	39.2
Query_51811	XM_005875784.2	100.000	21	0	0	1	21	250	230	2.1	39.2
Query_51811	XM_012786643.1	100.000	21	0	0	1	21	518	498	2.1	39.2
Query_51811	XM_011720549.1	100.000	21	0	0	1	21	2414	2394	2.1	39.2
Query_51811	XM_012057895.1	100.000	21	0	0	1	21	2423	2403	2.1	39.2
Query_51811	XM_011985860.1	100.000	21	0	0	1	21	261	241	2.1	39.2
Query_51811	XM_011940053.1	100.000	21	0	0	1	21	261	241	2.1	39.2
Query_51811	XM_010959585.1	100.000	21	0	0	1	21	217	197	2.1	39.2
Query_51811	KJ893769.1	100.000	21	0	0	1	21	288	268	2.1	39.2
Query_51811	XM_007455080.1	100.000	21	0	0	1	21	237	217	2.1	39.2
Query_51811	XM_007180240.1	100.000	21	0	0	1	21	217	197	2.1	39.2
Query_51811	XM_005907664.1	100.000	21	0	0	1	21	237	217	2.1	39.2
Query_51811	XM_004597329.1	100.000	21	0	0	1	21	220	200	2.1	39.2
Query_51811	XM_040245214.1	100.000	21	0	0	1	21	407	387	2.1	39.2
Query_51811	CP068261.1	100.000	21	0	0	1	21	44611371	44611391	2.1	39.2
Query_51811	XM_008012517.2	100.000	21	0	0	1	21	248	228	2.1	39.2
Query_51811	XM_037491595.1	100.000	21	0	0	1	21	306	286	2.1	39.2
Query_51811	XM_036837604.1	100.000	21	0	0	1	21	251	231	2.1	39.2
Query_51811	XM_036451266.1	100.000	21	0	0	1	21	292	272	2.1	39.2
Query_51811	XM_036341020.1	100.000	21	0	0	1	21	251	231	2.1	39.2
Query_51811	XM_036269676.1	100.000	21	0	0	1	21	236	216	2.1	39.2
Query_51811	AP023477.1	100.000	21	0	0	1	21	41454561	41454581	2.1	39.2
Query_51811	XM_028521821.2	100.000	21	0	0	1	21	294	274	2.1	39.2
Query_51811	LR862372.1	100.000	21	0	0	1	21	34627373	34627393	2.1	39.2
Query_51811	NG_008078.2	100.000	21	0	0	1	21	5267	5247	2.1	39.2
Query_51811	AC003098.2	100.000	21	0	0	1	21	9049	9069	2.1	39.2
Query_51811	BC101086.1	100.000	21	0	0	1	21	247	227	2.1	39.2
Query_51811	AC055813.9	100.000	21	0	0	1	21	65973	65993	2.1	39.2
Query_51811	AF331844.1	100.000	21	0	0	1	21	257	237	2.1	39.2
Query_51811	AF326742.1	100.000	21	0	0	1	21	220	200	2.1	39.2
Query_51811	AF326739.1	100.000	21	0	0	1	21	267	247	2.1	39.2
Query_51811	AF326738.1	100.000	21	0	0	1	21	129	109	2.1	39.2
Query_51811	AF326736.1	100.000	21	0	0	1	21	12180	12160	2.1	39.2


