# blastn
# Iteration: 0
# Query: 
# RID: 7PHM7J9T013
# Database: nt
# Fields: query acc.ver, subject acc.ver, % identity, alignment length, mismatches, gap opens, q. start, q. end, s. start, s. end, evalue, bit score
# 100 hits found
Query_9079	XM_034995424.1	100.000	21	0	0	1	21	1560	1540	2.1	39.2
Query_9079	XM_034932123.1	100.000	21	0	0	1	21	1452	1432	2.1	39.2
Query_9079	XM_034932122.1	100.000	21	0	0	1	21	1765	1745	2.1	39.2
Query_9079	XR_004664993.1	100.000	21	0	0	1	21	1741	1721	2.1	39.2
Query_9079	XM_034932121.1	100.000	21	0	0	1	21	1807	1787	2.1	39.2
Query_9079	XM_034932120.1	100.000	21	0	0	1	21	1417	1397	2.1	39.2
Query_9079	XM_034932119.1	100.000	21	0	0	1	21	1693	1673	2.1	39.2
Query_9079	XM_034932117.1	100.000	21	0	0	1	21	1503	1483	2.1	39.2
Query_9079	XM_034932116.1	100.000	21	0	0	1	21	1765	1745	2.1	39.2
Query_9079	XM_034932115.1	100.000	21	0	0	1	21	1765	1745	2.1	39.2
Query_9079	XM_033862515.1	100.000	21	0	0	1	21	1730	1710	2.1	39.2
Query_9079	XM_033862513.1	100.000	21	0	0	1	21	1729	1709	2.1	39.2
Query_9079	XM_033862512.1	100.000	21	0	0	1	21	1766	1746	2.1	39.2
Query_9079	XM_033404430.1	100.000	21	0	0	1	21	1707	1687	2.1	39.2
Query_9079	CP050601.1	100.000	21	0	0	1	21	32786615	32786635	2.1	39.2
Query_9079	CP050624.1	100.000	21	0	0	1	21	32772944	32772964	2.1	39.2
Query_9079	XM_033207624.1	100.000	21	0	0	1	21	1750	1730	2.1	39.2
Query_9079	XM_033207623.1	100.000	21	0	0	1	21	1817	1797	2.1	39.2
Query_9079	XR_004436191.1	100.000	21	0	0	1	21	1820	1800	2.1	39.2
Query_9079	XR_004436190.1	100.000	21	0	0	1	21	1755	1735	2.1	39.2
Query_9079	XM_033207622.1	100.000	21	0	0	1	21	1816	1796	2.1	39.2
Query_9079	XM_032853438.1	100.000	21	0	0	1	21	1515	1495	2.1	39.2
Query_9079	XR_004382158.1	100.000	21	0	0	1	21	1517	1497	2.1	39.2
Query_9079	XM_032853437.1	100.000	21	0	0	1	21	1516	1496	2.1	39.2
Query_9079	XM_032853436.1	100.000	21	0	0	1	21	1516	1496	2.1	39.2
Query_9079	XM_032853435.1	100.000	21	0	0	1	21	1442	1422	2.1	39.2
Query_9079	XM_032853434.1	100.000	21	0	0	1	21	1514	1494	2.1	39.2
Query_9079	XM_032166649.2	100.000	21	0	0	1	21	1434	1414	2.1	39.2
Query_9079	XM_032641658.1	100.000	21	0	0	1	21	1800	1780	2.1	39.2
Query_9079	XM_032641657.1	100.000	21	0	0	1	21	1421	1401	2.1	39.2
Query_9079	XM_032641656.1	100.000	21	0	0	1	21	1796	1776	2.1	39.2
Query_9079	XM_032427394.1	100.000	21	0	0	1	21	1449	1429	2.1	39.2
Query_9079	XM_032427393.1	100.000	21	0	0	1	21	1521	1501	2.1	39.2
Query_9079	XM_032357951.1	100.000	21	0	0	1	21	1587	1567	2.1	39.2
Query_9079	XM_032357950.1	100.000	21	0	0	1	21	1587	1567	2.1	39.2
Query_9079	XM_032357949.1	100.000	21	0	0	1	21	1587	1567	2.1	39.2
Query_9079	XM_032357948.1	100.000	21	0	0	1	21	1514	1494	2.1	39.2
Query_9079	XM_032357947.1	100.000	21	0	0	1	21	1586	1566	2.1	39.2
Query_9079	XM_032166651.1	100.000	21	0	0	1	21	1401	1381	2.1	39.2
Query_9079	XR_004250229.1	100.000	21	0	0	1	21	1375	1355	2.1	39.2
Query_9079	XM_031933959.1	100.000	21	0	0	1	21	1767	1747	2.1	39.2
Query_9079	XM_023189815.3	100.000	21	0	0	1	21	1834	1814	2.1	39.2
Query_9079	XM_023189814.3	100.000	21	0	0	1	21	1833	1813	2.1	39.2
Query_9079	XM_031653328.1	100.000	21	0	0	1	21	1821	1801	2.1	39.2
Query_9079	XR_004177484.1	100.000	21	0	0	1	21	1821	1801	2.1	39.2
Query_9079	XR_004177483.1	100.000	21	0	0	1	21	1821	1801	2.1	39.2
Query_9079	XM_040456926.1	100.000	21	0	0	1	21	1493	1473	2.1	39.2
Query_9079	XM_040456925.1	100.000	21	0	0	1	21	1528	1508	2.1	39.2
Query_9079	XM_040456924.1	100.000	21	0	0	1	21	1493	1473	2.1	39.2
Query_9079	XM_040456923.1	100.000	21	0	0	1	21	1531	1511	2.1	39.2
Query_9079	XM_040456922.1	100.000	21	0	0	1	21	1531	1511	2.1	39.2
Query_9079	HG994405.1	100.000	21	0	0	1	21	18318831	18318811	2.1	39.2
Query_9079	XM_039863542.1	100.000	21	0	0	1	21	1535	1515	2.1	39.2
Query_9079	XM_039244588.1	100.000	21	0	0	1	21	1524	1504	2.1	39.2
Query_9079	XM_038430473.1	100.000	21	0	0	1	21	1532	1512	2.1	39.2
Query_9079	XM_038430472.1	100.000	21	0	0	1	21	1532	1512	2.1	39.2
Query_9079	XM_037999738.1	100.000	21	0	0	1	21	1520	1500	2.1	39.2
Query_9079	XM_037999737.1	100.000	21	0	0	1	21	1800	1780	2.1	39.2
Query_9079	XM_037999736.1	100.000	21	0	0	1	21	1728	1708	2.1	39.2
Query_9079	XM_008007293.2	100.000	21	0	0	1	21	1800	1780	2.1	39.2
Query_9079	XM_037840027.1	100.000	21	0	0	1	21	1737	1717	2.1	39.2
Query_9079	XM_037840026.1	100.000	21	0	0	1	21	1730	1710	2.1	39.2
Query_9079	XM_037133802.1	100.000	21	0	0	1	21	1827	1807	2.1	39.2
Query_9079	XM_036860165.1	100.000	21	0	0	1	21	1470	1450	2.1	39.2
Query_9079	XM_036860164.1	100.000	21	0	0	1	21	1542	1522	2.1	39.2
Query_9079	XM_036428615.1	100.000	21	0	0	1	21	1784	1764	2.1	39.2
Query_9079	XM_036428614.1	100.000	21	0	0	1	21	1773	1753	2.1	39.2
Query_9079	XR_004986364.1	100.000	21	0	0	1	21	1770	1750	2.1	39.2
Query_9079	XM_036428612.1	100.000	21	0	0	1	21	1782	1762	2.1	39.2
Query_9079	XM_036428611.1	100.000	21	0	0	1	21	1443	1423	2.1	39.2
Query_9079	XM_036428610.1	100.000	21	0	0	1	21	1770	1750	2.1	39.2
Query_9079	XM_036428609.1	100.000	21	0	0	1	21	1765	1745	2.1	39.2
Query_9079	XM_036428608.1	100.000	21	0	0	1	21	1764	1744	2.1	39.2
Query_9079	XM_036428607.1	100.000	21	0	0	1	21	1712	1692	2.1	39.2
Query_9079	XM_036428606.1	100.000	21	0	0	1	21	1775	1755	2.1	39.2
Query_9079	XM_036428605.1	100.000	21	0	0	1	21	1784	1764	2.1	39.2
Query_9079	XM_036325330.1	100.000	21	0	0	1	21	1755	1735	2.1	39.2
Query_9079	XM_036325329.1	100.000	21	0	0	1	21	1759	1739	2.1	39.2
Query_9079	XM_036325328.1	100.000	21	0	0	1	21	1759	1739	2.1	39.2
Query_9079	XM_036325327.1	100.000	21	0	0	1	21	1757	1737	2.1	39.2
Query_9079	XM_036325326.1	100.000	21	0	0	1	21	1758	1738	2.1	39.2
Query_9079	XM_036325325.1	100.000	21	0	0	1	21	1757	1737	2.1	39.2
Query_9079	XM_036325324.1	100.000	21	0	0	1	21	1757	1737	2.1	39.2
Query_9079	XM_036325323.1	100.000	21	0	0	1	21	1460	1440	2.1	39.2
Query_9079	XM_036325322.1	100.000	21	0	0	1	21	1757	1737	2.1	39.2
Query_9079	XM_036325321.1	100.000	21	0	0	1	21	1756	1736	2.1	39.2
Query_9079	XM_036325320.1	100.000	21	0	0	1	21	1758	1738	2.1	39.2
Query_9079	XM_036325319.1	100.000	21	0	0	1	21	1756	1736	2.1	39.2
Query_9079	XM_036258063.1	100.000	21	0	0	1	21	1768	1748	2.1	39.2
Query_9079	XM_036258062.1	100.000	21	0	0	1	21	1472	1452	2.1	39.2
Query_9079	XM_036258061.1	100.000	21	0	0	1	21	1768	1748	2.1	39.2
Query_9079	XM_016147368.2	100.000	21	0	0	1	21	1777	1757	2.1	39.2
Query_9079	XM_036221862.1	100.000	21	0	0	1	21	1520	1500	2.1	39.2
Query_9079	XM_016147367.2	100.000	21	0	0	1	21	1777	1757	2.1	39.2
Query_9079	XM_036068907.1	100.000	21	0	0	1	21	1471	1451	2.1	39.2
Query_9079	XM_036068899.1	100.000	21	0	0	1	21	1544	1524	2.1	39.2
Query_9079	XM_027578364.2	100.000	21	0	0	1	21	1631	1611	2.1	39.2
Query_9079	XM_027578363.2	100.000	21	0	0	1	21	1631	1611	2.1	39.2
Query_9079	XM_027578362.2	100.000	21	0	0	1	21	1631	1611	2.1	39.2
Query_9079	LR862365.1	100.000	21	0	0	1	21	31666240	31666220	2.1	39.2


