# blastn
# Iteration: 0
# Query: 
# RID: 73R4GPMD013
# Database: nt
# Fields: query acc.ver, subject acc.ver, % identity, alignment length, mismatches, gap opens, q. start, q. end, s. start, s. end, evalue, bit score
# 53 hits found
Query_14157	XM_003817410.4	100.000	21	0	0	1	21	921	901	2.1	39.2
Query_14157	XM_010620341.3	100.000	21	0	0	1	21	48	28	2.1	39.2
Query_14157	XM_032162573.1	100.000	21	0	0	1	21	930	910	2.1	39.2
Query_14157	XM_019026567.2	100.000	21	0	0	1	21	980	960	2.1	39.2
Query_14157	XM_003272285.3	100.000	21	0	0	1	21	1282	1262	2.1	39.2
Query_14157	NM_005450.6	100.000	21	0	0	1	21	936	916	2.1	39.2
Query_14157	CP034495.1	100.000	21	0	0	1	21	54671995	54671975	2.1	39.2
Query_14157	XM_523802.6	100.000	21	0	0	1	21	991	971	2.1	39.2
Query_14157	XM_002827353.4	100.000	21	0	0	1	21	930	910	2.1	39.2
Query_14157	LT744950.1	100.000	21	0	0	1	21	898	878	2.1	39.2
Query_14157	KJ892724.1	100.000	21	0	0	1	21	476	456	2.1	39.2
Query_14157	CP068261.1	100.000	21	0	0	1	21	57471047	57471027	2.1	39.2
Query_14157	AP023477.1	100.000	21	0	0	1	21	54043847	54043827	2.1	39.2
Query_14157	NG_011958.1	100.000	21	0	0	1	21	5936	5916	2.1	39.2
Query_14157	CU689813.1	100.000	21	0	0	1	21	304	324	2.1	39.2
Query_14157	CU689812.1	100.000	21	0	0	1	21	427	407	2.1	39.2
Query_14157	AK314080.1	100.000	21	0	0	1	21	936	916	2.1	39.2
Query_14157	BC034027.1	100.000	21	0	0	1	21	721	701	2.1	39.2
Query_14157	AC015724.9	100.000	21	0	0	1	21	61169	61189	2.1	39.2
Query_14157	AY890603.1	100.000	21	0	0	1	21	411	391	2.1	39.2
Query_14157	AY893078.1	100.000	21	0	0	1	21	411	391	2.1	39.2
Query_14157	AC005553.1	100.000	21	0	0	1	21	145792	145812	2.1	39.2
Query_14157	U31202.1	100.000	21	0	0	1	21	1222	1202	2.1	39.2
Query_14157	XM_033183585.1	100.000	20	0	0	2	21	929	910	7.3	37.4
Query_14157	XM_032280103.1	100.000	20	0	0	2	21	1019	1000	7.3	37.4
Query_14157	XM_023203969.3	100.000	20	0	0	2	21	928	909	7.3	37.4
Query_14157	XM_003912784.4	100.000	20	0	0	2	21	1005	986	7.3	37.4
Query_14157	XM_010380650.2	100.000	20	0	0	2	21	929	910	7.3	37.4
Query_14157	XM_026407803.1	100.000	20	0	0	2	21	992	973	7.3	37.4
Query_14157	XM_027950363.1	100.000	20	0	0	2	21	933	914	7.3	37.4
Query_14157	XM_006172059.3	100.000	20	0	0	2	21	651	632	7.3	37.4
Query_14157	XM_025362689.1	100.000	20	0	0	2	21	984	965	7.3	37.4
Query_14157	XM_011732968.2	100.000	20	0	0	2	21	1040	1021	7.3	37.4
Query_14157	XM_004645279.2	100.000	20	0	0	2	21	615	596	7.3	37.4
Query_14157	XM_023563808.1	100.000	20	0	0	2	21	374	355	7.3	37.4
Query_14157	XM_012460453.2	100.000	20	0	0	2	21	1021	1002	7.3	37.4
Query_14157	XM_012741827.2	100.000	20	0	0	2	21	950	931	7.3	37.4
Query_14157	XM_017866509.1	100.000	20	0	0	2	21	1006	987	7.3	37.4
Query_14157	XM_015495857.1	100.000	20	0	0	2	21	413	394	7.3	37.4
Query_14157	XM_005583787.2	100.000	20	0	0	2	21	929	910	7.3	37.4
Query_14157	XM_015343818.1	100.000	20	0	0	2	21	872	891	7.3	37.4
Query_14157	XM_012665691.1	100.000	20	0	0	2	21	976	957	7.3	37.4
Query_14157	XM_012054883.1	100.000	20	0	0	2	21	929	910	7.3	37.4
Query_14157	XM_011953737.1	100.000	20	0	0	2	21	418	399	7.3	37.4
Query_14157	XM_011979238.1	100.000	20	0	0	2	21	373	354	7.3	37.4
Query_14157	XM_008072012.1	100.000	20	0	0	2	21	640	621	7.3	37.4
Query_14157	XM_005321598.3	100.000	20	0	0	2	21	1026	1007	7.3	37.4
Query_14157	XM_003931333.3	100.000	20	0	0	2	21	1590	1571	7.3	37.4
Query_14157	XM_008011393.2	100.000	20	0	0	2	21	996	977	7.3	37.4
Query_14157	XM_017538823.2	100.000	20	0	0	2	21	928	909	7.3	37.4
Query_14157	NM_001265629.1	100.000	20	0	0	2	21	420	401	7.3	37.4
Query_14157	XM_002748399.4	100.000	20	0	0	2	21	930	911	7.3	37.4
Query_14157	AY650332.1	100.000	20	0	0	2	21	146	127	7.3	37.4


