# blastn
# Iteration: 0
# Query: 
# RID: 7PYXX17Z016
# Database: nt
# Fields: query acc.ver, subject acc.ver, % identity, alignment length, mismatches, gap opens, q. start, q. end, s. start, s. end, evalue, bit score
# 57 hits found
Query_33641	XM_003807100.4	100.000	21	0	0	1	21	360	340	2.1	39.2
Query_33641	XM_034942333.1	100.000	21	0	0	1	21	344	324	2.1	39.2
Query_33641	XM_032263200.1	100.000	21	0	0	1	21	286	266	2.1	39.2
Query_33641	XM_032171207.1	100.000	21	0	0	1	21	631	611	2.1	39.2
Query_33641	XM_003916130.3	100.000	21	0	0	1	21	735	715	2.1	39.2
Query_33641	XR_176607.3	100.000	21	0	0	1	21	360	340	2.1	39.2
Query_33641	XM_010379192.2	100.000	21	0	0	1	21	725	705	2.1	39.2
Query_33641	XM_003277335.4	100.000	21	0	0	1	21	637	617	2.1	39.2
Query_33641	XM_022586052.2	100.000	21	0	0	1	21	421	401	2.1	39.2
Query_33641	AC279090.1	100.000	21	0	0	1	21	113464	113484	2.1	39.2
Query_33641	NM_014501.3	100.000	21	0	0	1	21	365	345	2.1	39.2
Query_33641	XM_025369037.1	100.000	21	0	0	1	21	734	714	2.1	39.2
Query_33641	XM_011752020.2	100.000	21	0	0	1	21	728	708	2.1	39.2
Query_33641	XM_011526752.2	100.000	21	0	0	1	21	1016	996	2.1	39.2
Query_33641	XR_677486.3	100.000	21	0	0	1	21	621	601	2.1	39.2
Query_33641	XR_002942167.1	100.000	21	0	0	1	21	304	284	2.1	39.2
Query_33641	XM_024236634.1	100.000	21	0	0	1	21	630	610	2.1	39.2
Query_33641	XM_010586620.2	100.000	21	0	0	1	21	340	320	2.1	39.2
Query_33641	XM_023184255.1	100.000	21	0	0	1	21	746	726	2.1	39.2
Query_33641	XM_021673446.1	100.000	21	0	0	1	21	532	512	2.1	39.2
Query_33641	XM_012465289.2	100.000	21	0	0	1	21	306	286	2.1	39.2
Query_33641	XM_012750226.2	100.000	21	0	0	1	21	547	527	2.1	39.2
Query_33641	LT741140.1	100.000	21	0	0	1	21	653	633	2.1	39.2
Query_33641	LT736020.1	100.000	21	0	0	1	21	653	633	2.1	39.2
Query_33641	XM_020179726.1	100.000	21	0	0	1	21	351	331	2.1	39.2
Query_33641	XM_017892532.1	100.000	21	0	0	1	21	726	706	2.1	39.2
Query_33641	XM_005590403.2	100.000	21	0	0	1	21	729	709	2.1	39.2
Query_33641	XM_005862777.2	100.000	21	0	0	1	21	206	186	2.1	39.2
Query_33641	XM_012643186.1	100.000	21	0	0	1	21	513	493	2.1	39.2
Query_33641	XM_012053615.1	100.000	21	0	0	1	21	726	706	2.1	39.2
Query_33641	XM_011932455.1	100.000	21	0	0	1	21	727	707	2.1	39.2
Query_33641	XM_011932454.1	100.000	21	0	0	1	21	733	713	2.1	39.2
Query_33641	XM_011997020.1	100.000	21	0	0	1	21	211	191	2.1	39.2
Query_33641	XM_008591281.1	100.000	21	0	0	1	21	534	514	2.1	39.2
Query_33641	KJ898691.1	100.000	21	0	0	1	21	231	211	2.1	39.2
Query_33641	KJ898690.1	100.000	21	0	0	1	21	231	211	2.1	39.2
Query_33641	XM_007181410.1	100.000	21	0	0	1	21	715	695	2.1	39.2
Query_33641	AC254826.1	100.000	21	0	0	1	21	132457	132437	2.1	39.2
Query_33641	XM_003944678.3	100.000	21	0	0	1	21	728	708	2.1	39.2
Query_33641	NM_001266004.2	100.000	21	0	0	1	21	485	465	2.1	39.2
Query_33641	XM_007998158.2	100.000	21	0	0	1	21	731	711	2.1	39.2
Query_33641	XM_017546575.2	100.000	21	0	0	1	21	724	704	2.1	39.2
Query_33641	XM_037038096.1	100.000	21	0	0	1	21	763	743	2.1	39.2
Query_33641	XM_017647228.2	100.000	21	0	0	1	21	361	341	2.1	39.2
Query_33641	XM_036909194.1	100.000	21	0	0	1	21	362	342	2.1	39.2
Query_33641	XM_002762502.3	100.000	21	0	0	1	21	730	710	2.1	39.2
Query_33641	CU675700.1	100.000	21	0	0	1	21	519	539	2.1	39.2
Query_33641	CU675699.1	100.000	21	0	0	1	21	182	162	2.1	39.2
Query_33641	BC014622.1	100.000	21	0	0	1	21	355	335	2.1	39.2
Query_33641	AC183294.3	100.000	21	0	0	1	21	3313	3293	2.1	39.2
Query_33641	BC065364.1	100.000	21	0	0	1	21	354	334	2.1	39.2
Query_33641	BC004236.2	100.000	21	0	0	1	21	344	324	2.1	39.2
Query_33641	DQ120720.1	100.000	21	0	0	1	21	166	146	2.1	39.2
Query_33641	DQ120719.1	100.000	21	0	0	1	21	167	147	2.1	39.2
Query_33641	AB062397.1	100.000	21	0	0	1	21	344	324	2.1	39.2
Query_33641	M91670.1	100.000	21	0	0	1	21	225	205	2.1	39.2
Query_33641	LR812500.1	100.000	20	0	0	2	21	418812	418793	7.3	37.4


