# blastn
# Iteration: 0
# Query: 
# RID: 7PFCUJYB016
# Database: nt
# Fields: query acc.ver, subject acc.ver, % identity, alignment length, mismatches, gap opens, q. start, q. end, s. start, s. end, evalue, bit score
# 100 hits found
Query_61979	XM_034995424.1	100.000	21	0	0	1	21	191	171	2.1	39.2
Query_61979	XM_034666539.1	100.000	21	0	0	1	21	376	356	2.1	39.2
Query_61979	XM_034666538.1	100.000	21	0	0	1	21	376	356	2.1	39.2
Query_61979	XM_011220930.3	100.000	21	0	0	1	21	371	351	2.1	39.2
Query_61979	XM_027942433.2	100.000	21	0	0	1	21	405	385	2.1	39.2
Query_61979	XM_034495199.1	100.000	21	0	0	1	21	369	349	2.1	39.2
Query_61979	XM_033862515.1	100.000	21	0	0	1	21	361	341	2.1	39.2
Query_61979	XM_033862513.1	100.000	21	0	0	1	21	360	340	2.1	39.2
Query_61979	XM_033862512.1	100.000	21	0	0	1	21	397	377	2.1	39.2
Query_61979	XM_033404430.1	100.000	21	0	0	1	21	404	384	2.1	39.2
Query_61979	XM_033207623.1	100.000	21	0	0	1	21	448	428	2.1	39.2
Query_61979	XR_004436191.1	100.000	21	0	0	1	21	451	431	2.1	39.2
Query_61979	XR_004436190.1	100.000	21	0	0	1	21	386	366	2.1	39.2
Query_61979	XM_033207622.1	100.000	21	0	0	1	21	447	427	2.1	39.2
Query_61979	XM_032892923.1	100.000	21	0	0	1	21	121	101	2.1	39.2
Query_61979	XM_032853438.1	100.000	21	0	0	1	21	149	129	2.1	39.2
Query_61979	XR_004382158.1	100.000	21	0	0	1	21	151	131	2.1	39.2
Query_61979	XM_032853437.1	100.000	21	0	0	1	21	150	130	2.1	39.2
Query_61979	XM_032853436.1	100.000	21	0	0	1	21	150	130	2.1	39.2
Query_61979	XM_032853434.1	100.000	21	0	0	1	21	148	128	2.1	39.2
Query_61979	XM_032641658.1	100.000	21	0	0	1	21	431	411	2.1	39.2
Query_61979	XM_032641656.1	100.000	21	0	0	1	21	427	407	2.1	39.2
Query_61979	XM_032489050.1	100.000	21	0	0	1	21	454	434	2.1	39.2
Query_61979	XM_032489049.1	100.000	21	0	0	1	21	455	435	2.1	39.2
Query_61979	XM_032489048.1	100.000	21	0	0	1	21	453	433	2.1	39.2
Query_61979	XM_032489047.1	100.000	21	0	0	1	21	454	434	2.1	39.2
Query_61979	XM_032427393.1	100.000	21	0	0	1	21	152	132	2.1	39.2
Query_61979	XM_032357951.1	100.000	21	0	0	1	21	221	201	2.1	39.2
Query_61979	XM_032357950.1	100.000	21	0	0	1	21	221	201	2.1	39.2
Query_61979	XM_032357949.1	100.000	21	0	0	1	21	221	201	2.1	39.2
Query_61979	XM_032357947.1	100.000	21	0	0	1	21	220	200	2.1	39.2
Query_61979	XM_023189815.3	100.000	21	0	0	1	21	465	445	2.1	39.2
Query_61979	XM_023189814.3	100.000	21	0	0	1	21	464	444	2.1	39.2
Query_61979	XM_031681219.1	100.000	21	0	0	1	21	31	11	2.1	39.2
Query_61979	LR738628.1	100.000	21	0	0	1	21	118134	118154	2.1	39.2
Query_61979	XM_031653328.1	100.000	21	0	0	1	21	452	432	2.1	39.2
Query_61979	XR_004177484.1	100.000	21	0	0	1	21	452	432	2.1	39.2
Query_61979	XM_040456925.1	100.000	21	0	0	1	21	159	139	2.1	39.2
Query_61979	XM_040456923.1	100.000	21	0	0	1	21	162	142	2.1	39.2
Query_61979	XM_040456922.1	100.000	21	0	0	1	21	162	142	2.1	39.2
Query_61979	XM_040258410.1	100.000	21	0	0	1	21	400	380	2.1	39.2
Query_61979	XM_039470497.1	100.000	21	0	0	1	21	468	448	2.1	39.2
Query_61979	XM_039470495.1	100.000	21	0	0	1	21	468	448	2.1	39.2
Query_61979	XM_039244588.1	100.000	21	0	0	1	21	155	135	2.1	39.2
Query_61979	XM_039078190.1	100.000	21	0	0	1	21	410	390	2.1	39.2
Query_61979	XM_038430473.1	100.000	21	0	0	1	21	163	143	2.1	39.2
Query_61979	XM_038430472.1	100.000	21	0	0	1	21	163	143	2.1	39.2
Query_61979	XM_037999737.1	100.000	21	0	0	1	21	431	411	2.1	39.2
Query_61979	XM_008007293.2	100.000	21	0	0	1	21	431	411	2.1	39.2
Query_61979	XM_037840027.1	100.000	21	0	0	1	21	368	348	2.1	39.2
Query_61979	XM_037840026.1	100.000	21	0	0	1	21	361	341	2.1	39.2
Query_61979	XM_017500309.2	100.000	21	0	0	1	21	138	118	2.1	39.2
Query_61979	XM_037522637.1	100.000	21	0	0	1	21	395	375	2.1	39.2
Query_61979	XM_028894622.2	100.000	21	0	0	1	21	362	342	2.1	39.2
Query_61979	XM_028894620.2	100.000	21	0	0	1	21	361	341	2.1	39.2
Query_61979	XM_037133802.1	100.000	21	0	0	1	21	458	438	2.1	39.2
Query_61979	XM_037050106.1	100.000	21	0	0	1	21	453	433	2.1	39.2
Query_61979	XM_037026326.1	100.000	21	0	0	1	21	156	136	2.1	39.2
Query_61979	XM_036930927.1	100.000	21	0	0	1	21	197	177	2.1	39.2
Query_61979	XM_036860164.1	100.000	21	0	0	1	21	173	153	2.1	39.2
Query_61979	XM_036428615.1	100.000	21	0	0	1	21	415	395	2.1	39.2
Query_61979	XM_036428614.1	100.000	21	0	0	1	21	404	384	2.1	39.2
Query_61979	XR_004986364.1	100.000	21	0	0	1	21	401	381	2.1	39.2
Query_61979	XM_036428612.1	100.000	21	0	0	1	21	413	393	2.1	39.2
Query_61979	XM_036428611.1	100.000	21	0	0	1	21	392	372	2.1	39.2
Query_61979	XM_036428610.1	100.000	21	0	0	1	21	401	381	2.1	39.2
Query_61979	XM_036428609.1	100.000	21	0	0	1	21	396	376	2.1	39.2
Query_61979	XM_036428608.1	100.000	21	0	0	1	21	395	375	2.1	39.2
Query_61979	XM_036428606.1	100.000	21	0	0	1	21	406	386	2.1	39.2
Query_61979	XM_036428605.1	100.000	21	0	0	1	21	415	395	2.1	39.2
Query_61979	XM_036325330.1	100.000	21	0	0	1	21	386	366	2.1	39.2
Query_61979	XM_036325329.1	100.000	21	0	0	1	21	390	370	2.1	39.2
Query_61979	XM_036325328.1	100.000	21	0	0	1	21	390	370	2.1	39.2
Query_61979	XM_036325327.1	100.000	21	0	0	1	21	388	368	2.1	39.2
Query_61979	XM_036325326.1	100.000	21	0	0	1	21	389	369	2.1	39.2
Query_61979	XM_036325325.1	100.000	21	0	0	1	21	388	368	2.1	39.2
Query_61979	XM_036325324.1	100.000	21	0	0	1	21	388	368	2.1	39.2
Query_61979	XM_036325322.1	100.000	21	0	0	1	21	388	368	2.1	39.2
Query_61979	XM_036325321.1	100.000	21	0	0	1	21	387	367	2.1	39.2
Query_61979	XM_036325320.1	100.000	21	0	0	1	21	389	369	2.1	39.2
Query_61979	XM_036325319.1	100.000	21	0	0	1	21	387	367	2.1	39.2
Query_61979	XM_036258063.1	100.000	21	0	0	1	21	399	379	2.1	39.2
Query_61979	XM_036258061.1	100.000	21	0	0	1	21	399	379	2.1	39.2
Query_61979	XM_016147368.2	100.000	21	0	0	1	21	408	388	2.1	39.2
Query_61979	XM_036221862.1	100.000	21	0	0	1	21	151	131	2.1	39.2
Query_61979	XM_016147367.2	100.000	21	0	0	1	21	408	388	2.1	39.2
Query_61979	XM_036189007.1	100.000	21	0	0	1	21	313	293	2.1	39.2
Query_61979	XM_036188991.1	100.000	21	0	0	1	21	356	336	2.1	39.2
Query_61979	XM_036068899.1	100.000	21	0	0	1	21	175	155	2.1	39.2
Query_61979	XM_028514394.2	100.000	21	0	0	1	21	442	422	2.1	39.2
Query_61979	XM_036028997.1	100.000	21	0	0	1	21	444	424	2.1	39.2
Query_61979	XM_028514392.2	100.000	21	0	0	1	21	441	421	2.1	39.2
Query_61979	XM_027578364.2	100.000	21	0	0	1	21	262	242	2.1	39.2
Query_61979	XM_027578363.2	100.000	21	0	0	1	21	262	242	2.1	39.2
Query_61979	XM_027578362.2	100.000	21	0	0	1	21	262	242	2.1	39.2
Query_61979	XM_035437289.1	100.000	21	0	0	1	21	168	148	2.1	39.2
Query_61979	XR_004767501.1	100.000	21	0	0	1	21	168	148	2.1	39.2
Query_61979	XM_003513382.4	100.000	21	0	0	1	21	168	148	2.1	39.2
Query_61979	XM_017977897.2	100.000	21	0	0	1	21	431	411	2.1	39.2
Query_61979	XM_002755025.4	100.000	21	0	0	1	21	431	411	2.1	39.2


