# blastn
# Iteration: 0
# Query: 
# RID: 7RSD0T9N01R
# Database: nt
# Fields: query acc.ver, subject acc.ver, % identity, alignment length, mismatches, gap opens, q. start, q. end, s. start, s. end, evalue, bit score
# 100 hits found
Query_542569	XM_040459764.1	100.000	21	0	0	1	21	210	190	2.1	39.2
Query_542569	XM_040459763.1	100.000	21	0	0	1	21	147	127	2.1	39.2
Query_542569	XM_040483671.1	100.000	21	0	0	1	21	146	126	2.1	39.2
Query_542569	XM_013358595.3	100.000	21	0	0	1	21	122	102	2.1	39.2
Query_542569	XM_040275523.1	100.000	21	0	0	1	21	141	121	2.1	39.2
Query_542569	XM_040275522.1	100.000	21	0	0	1	21	138	118	2.1	39.2
Query_542569	XM_040275521.1	100.000	21	0	0	1	21	141	121	2.1	39.2
Query_542569	XR_005722423.1	100.000	21	0	0	1	21	250	230	2.1	39.2
Query_542569	XM_040248194.1	100.000	21	0	0	1	21	148	128	2.1	39.2
Query_542569	XM_040248193.1	100.000	21	0	0	1	21	123	103	2.1	39.2
Query_542569	XM_040248192.1	100.000	21	0	0	1	21	124	104	2.1	39.2
Query_542569	XM_040248190.1	100.000	21	0	0	1	21	190	170	2.1	39.2
Query_542569	XM_040248189.1	100.000	21	0	0	1	21	374	354	2.1	39.2
Query_542569	HG994414.1	100.000	21	0	0	1	21	24269012	24268992	2.1	39.2
Query_542569	HG994412.1	100.000	21	0	0	1	21	4440936	4440956	2.1	39.2
Query_542569	HG994407.1	100.000	21	0	0	1	21	38728569	38728589	2.1	39.2
Query_542569	HG994402.1	100.000	21	0	0	1	21	6182817	6182797	2.1	39.2
Query_542569	HG994392.1	100.000	21	0	0	1	21	46905559	46905539	2.1	39.2
Query_542569	XM_039864588.1	100.000	21	0	0	1	21	140	120	2.1	39.2
Query_542569	XM_039864587.1	100.000	21	0	0	1	21	140	120	2.1	39.2
Query_542569	XM_039864584.1	100.000	21	0	0	1	21	208	188	2.1	39.2
Query_542569	XM_010343114.2	100.000	21	0	0	1	21	347	327	2.1	39.2
Query_542569	XM_039479769.1	100.000	21	0	0	1	21	183	163	2.1	39.2
Query_542569	XM_039479768.1	100.000	21	0	0	1	21	140	120	2.1	39.2
Query_542569	XM_039479767.1	100.000	21	0	0	1	21	183	163	2.1	39.2
Query_542569	XM_039477794.1	100.000	21	0	0	1	21	131	111	2.1	39.2
Query_542569	XM_039229992.1	100.000	21	0	0	1	21	119	99	2.1	39.2
Query_542569	XM_039229991.1	100.000	21	0	0	1	21	171	151	2.1	39.2
Query_542569	CP068258.1	100.000	21	0	0	1	21	51866497	51866517	2.1	39.2
Query_542569	XM_038432767.1	100.000	21	0	0	1	21	183	163	2.1	39.2
Query_542569	XM_038687102.1	100.000	21	0	0	1	21	135	115	2.1	39.2
Query_542569	XM_037983802.1	100.000	21	0	0	1	21	142	122	2.1	39.2
Query_542569	XM_008014329.2	100.000	21	0	0	1	21	145	125	2.1	39.2
Query_542569	XM_037982646.1	100.000	21	0	0	1	21	118	98	2.1	39.2
Query_542569	XM_008014322.2	100.000	21	0	0	1	21	414	394	2.1	39.2
Query_542569	XM_037982645.1	100.000	21	0	0	1	21	119	99	2.1	39.2
Query_542569	XM_008014318.2	100.000	21	0	0	1	21	274	254	2.1	39.2
Query_542569	XM_008014312.2	100.000	21	0	0	1	21	208	188	2.1	39.2
Query_542569	XM_037821188.1	100.000	21	0	0	1	21	144	124	2.1	39.2
Query_542569	XM_037810938.1	100.000	21	0	0	1	21	160	140	2.1	39.2
Query_542569	XM_037799127.1	100.000	21	0	0	1	21	123	103	2.1	39.2
Query_542569	XR_001817404.2	100.000	21	0	0	1	21	123	103	2.1	39.2
Query_542569	XR_005202231.1	100.000	21	0	0	1	21	138	118	2.1	39.2
Query_542569	XM_037739054.1	100.000	21	0	0	1	21	584	564	2.1	39.2
Query_542569	XR_005200512.1	100.000	21	0	0	1	21	211	191	2.1	39.2
Query_542569	XR_005200511.1	100.000	21	0	0	1	21	211	191	2.1	39.2
Query_542569	XR_005200510.1	100.000	21	0	0	1	21	211	191	2.1	39.2
Query_542569	XR_005200509.1	100.000	21	0	0	1	21	211	191	2.1	39.2
Query_542569	XM_017529922.2	100.000	21	0	0	1	21	211	191	2.1	39.2
Query_542569	XM_017529921.2	100.000	21	0	0	1	21	211	191	2.1	39.2
Query_542569	XM_037500285.1	100.000	21	0	0	1	21	172	152	2.1	39.2
Query_542569	XM_037167230.1	100.000	21	0	0	1	21	500	480	2.1	39.2
Query_542569	XM_037059887.1	100.000	21	0	0	1	21	209	189	2.1	39.2
Query_542569	XM_017651907.2	100.000	21	0	0	1	21	242	222	2.1	39.2
Query_542569	XM_017651906.2	100.000	21	0	0	1	21	338	318	2.1	39.2
Query_542569	XM_017651904.2	100.000	21	0	0	1	21	230	210	2.1	39.2
Query_542569	XM_017651903.2	100.000	21	0	0	1	21	208	188	2.1	39.2
Query_542569	XM_036901999.1	100.000	21	0	0	1	21	231	211	2.1	39.2
Query_542569	XM_036901998.1	100.000	21	0	0	1	21	334	314	2.1	39.2
Query_542569	XM_036901997.1	100.000	21	0	0	1	21	120	100	2.1	39.2
Query_542569	XM_036901996.1	100.000	21	0	0	1	21	208	188	2.1	39.2
Query_542569	XM_036417747.1	100.000	21	0	0	1	21	87	67	2.1	39.2
Query_542569	XM_036417746.1	100.000	21	0	0	1	21	233	213	2.1	39.2
Query_542569	XM_036417745.1	100.000	21	0	0	1	21	189	169	2.1	39.2
Query_542569	XM_036417743.1	100.000	21	0	0	1	21	101	81	2.1	39.2
Query_542569	XM_036417742.1	100.000	21	0	0	1	21	232	212	2.1	39.2
Query_542569	XM_036323834.1	100.000	21	0	0	1	21	258	238	2.1	39.2
Query_542569	XR_004970150.1	100.000	21	0	0	1	21	258	238	2.1	39.2
Query_542569	XM_036323833.1	100.000	21	0	0	1	21	257	237	2.1	39.2
Query_542569	XM_036244480.1	100.000	21	0	0	1	21	222	202	2.1	39.2
Query_542569	XM_036244479.1	100.000	21	0	0	1	21	153	133	2.1	39.2
Query_542569	XM_036244478.1	100.000	21	0	0	1	21	263	243	2.1	39.2
Query_542569	XM_036244476.1	100.000	21	0	0	1	21	175	155	2.1	39.2
Query_542569	XM_036244475.1	100.000	21	0	0	1	21	192	172	2.1	39.2
Query_542569	XM_036253164.1	100.000	21	0	0	1	21	123	103	2.1	39.2
Query_542569	XM_036229301.1	100.000	21	0	0	1	21	140	120	2.1	39.2
Query_542569	XM_016143743.2	100.000	21	0	0	1	21	140	120	2.1	39.2
Query_542569	XM_016143742.2	100.000	21	0	0	1	21	199	179	2.1	39.2
Query_542569	AP023480.1	100.000	21	0	0	1	21	48159167	48159187	2.1	39.2
Query_542569	XM_036064668.1	100.000	21	0	0	1	21	69	49	2.1	39.2
Query_542569	XM_036064667.1	100.000	21	0	0	1	21	455	435	2.1	39.2
Query_542569	XM_036064666.1	100.000	21	0	0	1	21	172	152	2.1	39.2
Query_542569	XM_036064665.1	100.000	21	0	0	1	21	121	101	2.1	39.2
Query_542569	XM_028523955.2	100.000	21	0	0	1	21	208	188	2.1	39.2
Query_542569	NR_104218.2	100.000	21	0	0	1	21	419	399	2.1	39.2
Query_542569	NM_001282580.2	100.000	21	0	0	1	21	145	125	2.1	39.2
Query_542569	NM_001257398.2	100.000	21	0	0	1	21	284	264	2.1	39.2
Query_542569	NM_001282579.2	100.000	21	0	0	1	21	245	225	2.1	39.2
Query_542569	NM_001282576.2	100.000	21	0	0	1	21	419	399	2.1	39.2
Query_542569	XM_035705783.1	100.000	21	0	0	1	21	244	224	2.1	39.2
Query_542569	XM_025470385.2	100.000	21	0	0	1	21	208	188	2.1	39.2
Query_542569	XM_027621509.2	100.000	21	0	0	1	21	176	156	2.1	39.2
Query_542569	XM_027621508.2	100.000	21	0	0	1	21	176	156	2.1	39.2
Query_542569	XM_035728383.1	100.000	21	0	0	1	21	123	103	2.1	39.2
Query_542569	LR862363.1	100.000	21	0	0	1	21	9943772	9943752	2.1	39.2
Query_542569	XM_017971642.2	100.000	21	0	0	1	21	557	537	2.1	39.2
Query_542569	XR_088662.5	100.000	21	0	0	1	21	138	118	2.1	39.2
Query_542569	XM_035297863.1	100.000	21	0	0	1	21	378	358	2.1	39.2
Query_542569	XM_017971646.2	100.000	21	0	0	1	21	155	135	2.1	39.2
Query_542569	XM_035297862.1	100.000	21	0	0	1	21	557	537	2.1	39.2


