# blastn
# Iteration: 0
# Query: 
# RID: 7PMJTCJB016
# Database: nt
# Fields: query acc.ver, subject acc.ver, % identity, alignment length, mismatches, gap opens, q. start, q. end, s. start, s. end, evalue, bit score
# 100 hits found
Query_48573	LR812122.1	100.000	21	0	0	1	21	5582538	5582518	2.1	39.2
Query_48573	XM_034989199.1	100.000	21	0	0	1	21	214	194	2.1	39.2
Query_48573	XM_034989198.1	100.000	21	0	0	1	21	326	306	2.1	39.2
Query_48573	XM_035022127.1	100.000	21	0	0	1	21	362	342	2.1	39.2
Query_48573	XM_040464657.1	100.000	21	0	0	1	21	217	197	2.1	39.2
Query_48573	XM_040464656.1	100.000	21	0	0	1	21	397	377	2.1	39.2
Query_48573	HG999698.1	100.000	21	0	0	1	21	388289	388269	2.1	39.2
Query_48573	XM_040238594.1	100.000	21	0	0	1	21	325	305	2.1	39.2
Query_48573	XM_040080680.1	100.000	21	0	0	1	21	367	347	2.1	39.2
Query_48573	XM_040080679.1	100.000	21	0	0	1	21	516	496	2.1	39.2
Query_48573	HG994409.1	100.000	21	0	0	1	21	16024148	16024128	2.1	39.2
Query_48573	HG994406.1	100.000	21	0	0	1	21	33172743	33172723	2.1	39.2
Query_48573	HG994404.1	100.000	21	0	0	1	21	25818432	25818412	2.1	39.2
Query_48573	HG994402.1	100.000	21	0	0	1	21	46756936	46756956	2.1	39.2
Query_48573	HG994397.1	100.000	21	0	0	1	21	44833139	44833119	2.1	39.2
Query_48573	XM_039868429.1	100.000	21	0	0	1	21	404	384	2.1	39.2
Query_48573	XM_039868428.1	100.000	21	0	0	1	21	361	341	2.1	39.2
Query_48573	XM_039724271.1	100.000	21	0	0	1	21	397	377	2.1	39.2
Query_48573	XM_039560884.1	100.000	21	0	0	1	21	366	346	2.1	39.2
Query_48573	XM_039504779.1	100.000	21	0	0	1	21	304	284	2.1	39.2
Query_48573	XM_039504778.1	100.000	21	0	0	1	21	420	400	2.1	39.2
Query_48573	XM_003942643.3	100.000	21	0	0	1	21	369	349	2.1	39.2
Query_48573	XM_039385060.1	100.000	21	0	0	1	21	461	441	2.1	39.2
Query_48573	XM_027733003.2	100.000	21	0	0	1	21	371	351	2.1	39.2
Query_48573	XM_039222468.1	100.000	21	0	0	1	21	298	278	2.1	39.2
Query_48573	XM_039242864.1	100.000	21	0	0	1	21	253	233	2.1	39.2
Query_48573	XM_039242863.1	100.000	21	0	0	1	21	372	352	2.1	39.2
Query_48573	XM_039239305.1	100.000	21	0	0	1	21	304	284	2.1	39.2
Query_48573	CP068259.1	100.000	21	0	0	1	21	9900929	9900909	2.1	39.2
Query_48573	CP068256.1	100.000	21	0	0	1	21	22053278	22053258	2.1	39.2
Query_48573	XM_038437623.1	100.000	21	0	0	1	21	240	220	2.1	39.2
Query_48573	XM_038437622.1	100.000	21	0	0	1	21	340	320	2.1	39.2
Query_48573	XM_005636619.4	100.000	21	0	0	1	21	240	220	2.1	39.2
Query_48573	XM_534767.7	100.000	21	0	0	1	21	340	320	2.1	39.2
Query_48573	XM_038372710.1	100.000	21	0	0	1	21	531	511	2.1	39.2
Query_48573	XM_038372709.1	100.000	21	0	0	1	21	506	486	2.1	39.2
Query_48573	XM_038372708.1	100.000	21	0	0	1	21	406	386	2.1	39.2
Query_48573	XM_038187293.1	100.000	21	0	0	1	21	295	275	2.1	39.2
Query_48573	XM_027469860.2	100.000	21	0	0	1	21	388	368	2.1	39.2
Query_48573	XM_038152212.1	100.000	21	0	0	1	21	370	350	2.1	39.2
Query_48573	XM_038152211.1	100.000	21	0	0	1	21	373	353	2.1	39.2
Query_48573	XM_007974919.2	100.000	21	0	0	1	21	491	471	2.1	39.2
Query_48573	XM_037986854.1	100.000	21	0	0	1	21	523	503	2.1	39.2
Query_48573	XM_037878413.1	100.000	21	0	0	1	21	421	401	2.1	39.2
Query_48573	XM_037734949.1	100.000	21	0	0	1	21	265	245	2.1	39.2
Query_48573	XM_037734947.1	100.000	21	0	0	1	21	334	314	2.1	39.2
Query_48573	XM_017518623.2	100.000	21	0	0	1	21	374	354	2.1	39.2
Query_48573	XM_037495637.1	100.000	21	0	0	1	21	337	317	2.1	39.2
Query_48573	XM_037375408.1	100.000	21	0	0	1	21	400	380	2.1	39.2
Query_48573	XM_037375400.1	100.000	21	0	0	1	21	334	314	2.1	39.2
Query_48573	XM_037375390.1	100.000	21	0	0	1	21	817	797	2.1	39.2
Query_48573	XM_037135932.1	100.000	21	0	0	1	21	298	278	2.1	39.2
Query_48573	XM_037131470.1	100.000	21	0	0	1	21	375	355	2.1	39.2
Query_48573	XM_037153409.1	100.000	21	0	0	1	21	298	278	2.1	39.2
Query_48573	XM_037067302.1	100.000	21	0	0	1	21	217	197	2.1	39.2
Query_48573	XM_037067301.1	100.000	21	0	0	1	21	375	355	2.1	39.2
Query_48573	XM_037040448.1	100.000	21	0	0	1	21	298	278	2.1	39.2
Query_48573	XM_036436159.1	100.000	21	0	0	1	21	298	278	2.1	39.2
Query_48573	XM_036392889.1	100.000	21	0	0	1	21	343	323	2.1	39.2
Query_48573	XM_036307826.1	100.000	21	0	0	1	21	302	282	2.1	39.2
Query_48573	XM_036241633.1	100.000	21	0	0	1	21	202	182	2.1	39.2
Query_48573	XM_036241624.1	100.000	21	0	0	1	21	299	279	2.1	39.2
Query_48573	XM_016120176.2	100.000	21	0	0	1	21	401	381	2.1	39.2
Query_48573	XM_016120175.2	100.000	21	0	0	1	21	366	346	2.1	39.2
Query_48573	AP023482.1	100.000	21	0	0	1	21	17277800	17277780	2.1	39.2
Query_48573	AP023479.1	100.000	21	0	0	1	21	9660824	9660804	2.1	39.2
Query_48573	XM_036078724.1	100.000	21	0	0	1	21	2080	2060	2.1	39.2
Query_48573	XM_036076455.1	100.000	21	0	0	1	21	227	207	2.1	39.2
Query_48573	XM_036076454.1	100.000	21	0	0	1	21	441	421	2.1	39.2
Query_48573	XM_036076453.1	100.000	21	0	0	1	21	375	355	2.1	39.2
Query_48573	XM_036076452.1	100.000	21	0	0	1	21	650	630	2.1	39.2
Query_48573	XM_036076451.1	100.000	21	0	0	1	21	620	600	2.1	39.2
Query_48573	XM_036076450.1	100.000	21	0	0	1	21	722	702	2.1	39.2
Query_48573	XM_028506874.2	100.000	21	0	0	1	21	313	293	2.1	39.2
Query_48573	XM_028505042.2	100.000	21	0	0	1	21	322	302	2.1	39.2
Query_48573	XM_035897195.1	100.000	21	0	0	1	21	271	251	2.1	39.2
Query_48573	NM_001256356.2	100.000	21	0	0	1	21	233	213	2.1	39.2
Query_48573	XM_025474928.2	100.000	21	0	0	1	21	240	220	2.1	39.2
Query_48573	XM_035706285.1	100.000	21	0	0	1	21	290	270	2.1	39.2
Query_48573	XM_035706284.1	100.000	21	0	0	1	21	290	270	2.1	39.2
Query_48573	XM_025474927.2	100.000	21	0	0	1	21	342	322	2.1	39.2
Query_48573	XM_035727311.1	100.000	21	0	0	1	21	298	278	2.1	39.2
Query_48573	XM_027577314.2	100.000	21	0	0	1	21	318	298	2.1	39.2
Query_48573	XM_027576173.2	100.000	21	0	0	1	21	333	313	2.1	39.2
Query_48573	XM_027576172.2	100.000	21	0	0	1	21	405	385	2.1	39.2
Query_48573	XM_027576155.2	100.000	21	0	0	1	21	202	182	2.1	39.2
Query_48573	XM_035556969.1	100.000	21	0	0	1	21	288	268	2.1	39.2
Query_48573	XM_035556968.1	100.000	21	0	0	1	21	371	351	2.1	39.2
Query_48573	XM_035556967.1	100.000	21	0	0	1	21	412	392	2.1	39.2
Query_48573	XM_035340457.1	100.000	21	0	0	1	21	397	377	2.1	39.2
Query_48573	XM_002752526.5	100.000	21	0	0	1	21	344	324	2.1	39.2
Query_48573	XM_035284661.1	100.000	21	0	0	1	21	329	309	2.1	39.2
Query_48573	XM_035290943.1	100.000	21	0	0	1	21	329	309	2.1	39.2
Query_48573	XR_617564.3	100.000	21	0	0	1	21	321	301	2.1	39.2
Query_48573	XM_035267121.1	100.000	21	0	0	1	21	262	242	2.1	39.2
Query_48573	XM_035267117.1	100.000	21	0	0	1	21	413	393	2.1	39.2
Query_48573	XM_002806551.5	100.000	21	0	0	1	21	409	389	2.1	39.2
Query_48573	XM_035267104.1	100.000	21	0	0	1	21	376	356	2.1	39.2
Query_48573	XM_035267097.1	100.000	21	0	0	1	21	401	381	2.1	39.2
Query_48573	LS423626.1	100.000	21	0	0	1	21	5309744	5309764	2.1	39.2


