# blastn
# Iteration: 0
# Query: 
# RID: 6X1W6ZK3016
# Database: nt
# Fields: query acc.ver, subject acc.ver, % identity, alignment length, mismatches, gap opens, q. start, q. end, s. start, s. end, evalue, bit score
# 103 hits found
Query_53073	XM_034987846.1	100.000	21	0	0	1	21	541	521	2.1	39.2
Query_53073	XM_035027346.1	100.000	21	0	0	1	21	1664	1644	2.1	39.2
Query_53073	XM_035017486.1	100.000	21	0	0	1	21	427	407	2.1	39.2
Query_53073	XM_035008315.1	100.000	21	0	0	1	21	466	446	2.1	39.2
Query_53073	XM_034934228.1	100.000	21	0	0	1	21	568	548	2.1	39.2
Query_53073	AP023162.1	100.000	21	0	0	1	21	30676286	30676266	2.1	39.2
Query_53073	XM_040491239.1	100.000	21	0	0	1	21	584	564	2.1	39.2
Query_53073	XM_005335540.4	100.000	21	0	0	1	21	463	443	2.1	39.2
Query_53073	XM_005335534.4	100.000	21	0	0	1	21	467	447	2.1	39.2
Query_53073	XM_040234415.1	100.000	21	0	0	1	21	586	566	2.1	39.2
Query_53073	HG994418.1	100.000	21	0	0	1	21	23852391	23852371	2.1	39.2
Query_53073	HG994417.1	100.000	21	0	0	1	21	2974056	2974076	2.1	39.2
Query_53073	HG994412.1	100.000	21	0	0	1	21	35367834	35367854	2.1	39.2
Query_53073	HG994406.1	100.000	21	0	0	1	21	8450598	8450618	2.1	39.2
Query_53073	HG994406.1	100.000	21	0	0	1	21	33877490	33877510	2.1	39.2
Query_53073	HG994406.1	100.000	21	0	0	1	21	42328999	42329019	2.1	39.2
Query_53073	HG994405.1	100.000	21	0	0	1	21	37623844	37623824	2.1	39.2
Query_53073	HG994394.1	100.000	21	0	0	1	21	23149676	23149656	2.1	39.2
Query_53073	HG994393.1	100.000	21	0	0	1	21	43965229	43965249	2.1	39.2
Query_53073	HG994388.1	100.000	21	0	0	1	21	10477702	10477682	2.1	39.2
Query_53073	HG994386.1	100.000	21	0	0	1	21	19075871	19075851	2.1	39.2
Query_53073	HG994386.1	100.000	21	0	0	1	21	20451643	20451623	2.1	39.2
Query_53073	XM_039869043.1	100.000	21	0	0	1	21	567	547	2.1	39.2
Query_53073	XM_039761538.1	100.000	21	0	0	1	21	526	506	2.1	39.2
Query_53073	XM_039471644.1	100.000	21	0	0	1	21	787	767	2.1	39.2
Query_53073	XM_039471339.1	100.000	21	0	0	1	21	459	439	2.1	39.2
Query_53073	NG_030475.3	100.000	21	0	0	1	21	584	564	2.1	39.2
Query_53073	XM_039225835.1	100.000	21	0	0	1	21	238	218	2.1	39.2
Query_53073	XM_039238873.1	100.000	21	0	0	1	21	489	469	2.1	39.2
Query_53073	XM_039236607.1	100.000	21	0	0	1	21	515	495	2.1	39.2
Query_53073	XM_038677314.1	100.000	21	0	0	1	21	443	423	2.1	39.2
Query_53073	XM_038662699.1	100.000	21	0	0	1	21	979	959	2.1	39.2
Query_53073	XM_038447501.1	100.000	21	0	0	1	21	554	534	2.1	39.2
Query_53073	XM_038444630.1	100.000	21	0	0	1	21	421	401	2.1	39.2
Query_53073	XM_038441557.1	100.000	21	0	0	1	21	458	438	2.1	39.2
Query_53073	XM_038432613.1	100.000	21	0	0	1	21	403	383	2.1	39.2
Query_53073	XM_038431898.1	100.000	21	0	0	1	21	437	417	2.1	39.2
Query_53073	XM_038429925.1	100.000	21	0	0	1	21	434	414	2.1	39.2
Query_53073	XM_038680268.1	100.000	21	0	0	1	21	475	455	2.1	39.2
Query_53073	XM_003435294.4	100.000	21	0	0	1	21	443	423	2.1	39.2
Query_53073	XM_003434540.5	100.000	21	0	0	1	21	984	964	2.1	39.2
Query_53073	XM_038463572.1	100.000	21	0	0	1	21	554	534	2.1	39.2
Query_53073	XM_038462342.1	100.000	21	0	0	1	21	421	401	2.1	39.2
Query_53073	XM_014109332.3	100.000	21	0	0	1	21	458	438	2.1	39.2
Query_53073	XM_003433108.5	100.000	21	0	0	1	21	437	417	2.1	39.2
Query_53073	XM_014122538.3	100.000	21	0	0	1	21	427	407	2.1	39.2
Query_53073	XM_038644474.1	100.000	21	0	0	1	21	469	449	2.1	39.2
Query_53073	XM_007992884.2	100.000	21	0	0	1	21	427	407	2.1	39.2
Query_53073	XM_038008386.1	100.000	21	0	0	1	21	461	441	2.1	39.2
Query_53073	XM_008004246.2	100.000	21	0	0	1	21	788	768	2.1	39.2
Query_53073	XM_037822839.1	100.000	21	0	0	1	21	427	407	2.1	39.2
Query_53073	XM_037846925.1	100.000	21	0	0	1	21	541	521	2.1	39.2
Query_53073	XM_037799864.1	100.000	21	0	0	1	21	965	945	2.1	39.2
Query_53073	XM_037799643.1	100.000	21	0	0	1	21	427	407	2.1	39.2
Query_53073	XM_017537894.2	100.000	21	0	0	1	21	485	465	2.1	39.2
Query_53073	XM_037513877.1	100.000	21	0	0	1	21	596	576	2.1	39.2
Query_53073	XM_037146140.1	100.000	21	0	0	1	21	615	595	2.1	39.2
Query_53073	XM_037064672.1	100.000	21	0	0	1	21	614	594	2.1	39.2
Query_53073	XM_037023059.1	100.000	21	0	0	1	21	579	559	2.1	39.2
Query_53073	XM_036891225.1	100.000	21	0	0	1	21	598	578	2.1	39.2
Query_53073	XM_036852158.1	100.000	21	0	0	1	21	424	404	2.1	39.2
Query_53073	XM_036852157.1	100.000	21	0	0	1	21	451	431	2.1	39.2
Query_53073	XM_036458685.1	100.000	21	0	0	1	21	614	594	2.1	39.2
Query_53073	XM_036305699.1	100.000	21	0	0	1	21	427	407	2.1	39.2
Query_53073	XM_036302016.1	100.000	21	0	0	1	21	449	429	2.1	39.2
Query_53073	XM_036297570.1	100.000	21	0	0	1	21	605	585	2.1	39.2
Query_53073	XM_036241407.1	100.000	21	0	0	1	21	439	419	2.1	39.2
Query_53073	XM_036252541.1	100.000	21	0	0	1	21	519	499	2.1	39.2
Query_53073	XM_016157625.2	100.000	21	0	0	1	21	538	518	2.1	39.2
Query_53073	XM_036094585.1	100.000	21	0	0	1	21	562	542	2.1	39.2
Query_53073	XM_036089977.1	100.000	21	0	0	1	21	586	566	2.1	39.2
Query_53073	XM_036079636.1	100.000	21	0	0	1	21	448	428	2.1	39.2
Query_53073	XR_004911609.1	100.000	21	0	0	1	21	542	522	2.1	39.2
Query_53073	XM_036077454.1	100.000	21	0	0	1	21	560	540	2.1	39.2
Query_53073	XM_028518699.2	100.000	21	0	0	1	21	441	421	2.1	39.2
Query_53073	XM_028513106.2	100.000	21	0	0	1	21	452	432	2.1	39.2
Query_53073	XM_025433563.2	100.000	21	0	0	1	21	450	430	2.1	39.2
Query_53073	XM_025461314.2	100.000	21	0	0	1	21	437	417	2.1	39.2
Query_53073	XM_025449079.2	100.000	21	0	0	1	21	473	453	2.1	39.2
Query_53073	XM_025419479.2	100.000	21	0	0	1	21	434	414	2.1	39.2
Query_53073	XM_025438793.2	100.000	21	0	0	1	21	578	558	2.1	39.2
Query_53073	XR_004805211.1	100.000	21	0	0	1	21	3463	3443	2.1	39.2
Query_53073	XM_025440401.2	100.000	21	0	0	1	21	443	423	2.1	39.2
Query_53073	XM_025435197.2	100.000	21	0	0	1	21	975	955	2.1	39.2
Query_53073	XM_025422512.2	100.000	21	0	0	1	21	492	472	2.1	39.2
Query_53073	XM_035729226.1	100.000	21	0	0	1	21	570	550	2.1	39.2
Query_53073	XM_035728362.1	100.000	21	0	0	1	21	427	407	2.1	39.2
Query_53073	XM_035728332.1	100.000	21	0	0	1	21	571	551	2.1	39.2
Query_53073	XM_035727297.1	100.000	21	0	0	1	21	454	434	2.1	39.2
Query_53073	XM_027590249.2	100.000	21	0	0	1	21	531	511	2.1	39.2
Query_53073	XM_027589463.2	100.000	21	0	0	1	21	427	407	2.1	39.2
Query_53073	XM_035726302.1	100.000	21	0	0	1	21	454	434	2.1	39.2
Query_53073	XM_027616597.2	100.000	21	0	0	1	21	427	407	2.1	39.2
Query_53073	XM_027616116.2	100.000	21	0	0	1	21	582	562	2.1	39.2
Query_53073	XM_035722137.1	100.000	21	0	0	1	21	469	449	2.1	39.2
Query_53073	XM_035724634.1	100.000	21	0	0	1	21	478	458	2.1	39.2
Query_53073	XM_027585708.2	100.000	21	0	0	1	21	472	452	2.1	39.2
Query_53073	XM_009004044.4	100.000	21	0	0	1	21	498	478	2.1	39.2
Query_53073	XM_009004364.3	100.000	21	0	0	1	21	506	486	2.1	39.2
Query_53073	XM_009002552.3	100.000	21	0	0	1	21	460	440	2.1	39.2
Query_53073	XM_002751685.5	100.000	21	0	0	1	21	491	471	2.1	39.2
Query_53073	XM_035280129.1	100.000	21	0	0	1	21	456	436	2.1	39.2
Query_53073	XM_008981865.2	100.000	21	0	0	1	21	554	534	2.1	39.2


