# blastn
# Iteration: 0
# Query: 
# RID: 7PZMR59U01R
# Database: nt
# Fields: query acc.ver, subject acc.ver, % identity, alignment length, mismatches, gap opens, q. start, q. end, s. start, s. end, evalue, bit score
# 17 hits found
Query_284683	NM_004223.5	100.000	21	0	0	1	21	498	478	2.1	39.2
Query_284683	LT736766.1	100.000	21	0	0	1	21	924	904	2.1	39.2
Query_284683	KJ892727.1	100.000	21	0	0	1	21	502	482	2.1	39.2
Query_284683	NM_198183.3	100.000	21	0	0	1	21	497	477	2.1	39.2
Query_284683	CU689397.1	100.000	21	0	0	1	21	41	61	2.1	39.2
Query_284683	AK315755.1	100.000	21	0	0	1	21	452	432	2.1	39.2
Query_284683	DQ894475.2	100.000	21	0	0	1	21	459	439	2.1	39.2
Query_284683	DQ891291.2	100.000	21	0	0	1	21	459	439	2.1	39.2
Query_284683	AK226165.1	100.000	21	0	0	1	21	587	567	2.1	39.2
Query_284683	AK093462.1	100.000	21	0	0	1	21	846	826	2.1	39.2
Query_284683	CR457126.1	100.000	21	0	0	1	21	437	417	2.1	39.2
Query_284683	AK129621.1	100.000	21	0	0	1	21	404	384	2.1	39.2
Query_284683	BC032491.1	100.000	21	0	0	1	21	533	513	2.1	39.2
Query_284683	AP002893.3	100.000	21	0	0	1	21	122880	122900	2.1	39.2
Query_284683	AJ243271.1	100.000	21	0	0	1	21	127	107	2.1	39.2
Query_284683	AF061736.1	100.000	21	0	0	1	21	484	464	2.1	39.2
Query_284683	AF031141.1	100.000	21	0	0	1	21	434	414	2.1	39.2


