# blastn
# Iteration: 0
# Query: 
# RID: 6X8CH7G8013
# Database: nt
# Fields: query acc.ver, subject acc.ver, % identity, alignment length, mismatches, gap opens, q. start, q. end, s. start, s. end, evalue, bit score
# 101 hits found
Query_29301	XM_034941314.1	100.000	21	0	0	1	21	738	718	2.1	39.2
Query_29301	XM_034752443.1	100.000	21	0	0	1	21	626	606	2.1	39.2
Query_29301	XM_034752442.1	100.000	21	0	0	1	21	451	431	2.1	39.2
Query_29301	XM_034752441.1	100.000	21	0	0	1	21	620	600	2.1	39.2
Query_29301	XM_034752440.1	100.000	21	0	0	1	21	481	461	2.1	39.2
Query_29301	XR_004607085.1	100.000	21	0	0	1	21	1046	1026	2.1	39.2
Query_29301	XM_034505908.1	100.000	21	0	0	1	21	795	775	2.1	39.2
Query_29301	XM_019926857.2	100.000	21	0	0	1	21	748	728	2.1	39.2
Query_29301	XR_004523990.1	100.000	21	0	0	1	21	751	731	2.1	39.2
Query_29301	XR_004523989.1	100.000	21	0	0	1	21	751	731	2.1	39.2
Query_29301	XM_019926856.2	100.000	21	0	0	1	21	745	725	2.1	39.2
Query_29301	XM_004267021.3	100.000	21	0	0	1	21	748	728	2.1	39.2
Query_29301	XR_004481917.1	100.000	21	0	0	1	21	758	738	2.1	39.2
Query_29301	XR_004481916.1	100.000	21	0	0	1	21	758	738	2.1	39.2
Query_29301	XM_033423172.1	100.000	21	0	0	1	21	753	733	2.1	39.2
Query_29301	XR_004430887.1	100.000	21	0	0	1	21	469	449	2.1	39.2
Query_29301	XR_004430886.1	100.000	21	0	0	1	21	722	702	2.1	39.2
Query_29301	XR_004430885.1	100.000	21	0	0	1	21	692	672	2.1	39.2
Query_29301	XR_004430884.1	100.000	21	0	0	1	21	598	578	2.1	39.2
Query_29301	XR_004430883.1	100.000	21	0	0	1	21	569	549	2.1	39.2
Query_29301	XM_033185036.1	100.000	21	0	0	1	21	753	733	2.1	39.2
Query_29301	XM_032914260.1	100.000	21	0	0	1	21	723	703	2.1	39.2
Query_29301	XM_032616401.1	100.000	21	0	0	1	21	763	743	2.1	39.2
Query_29301	XM_032498029.1	100.000	21	0	0	1	21	746	726	2.1	39.2
Query_29301	XM_032271694.1	100.000	21	0	0	1	21	334	314	2.1	39.2
Query_29301	XR_004262992.1	100.000	21	0	0	1	21	398	378	2.1	39.2
Query_29301	XM_032138345.1	100.000	21	0	0	1	21	756	736	2.1	39.2
Query_29301	XM_023184506.2	100.000	21	0	0	1	21	744	724	2.1	39.2
Query_29301	XR_004179314.1	100.000	21	0	0	1	21	1077	1057	2.1	39.2
Query_29301	XR_004179313.1	100.000	21	0	0	1	21	469	449	2.1	39.2
Query_29301	XM_003912123.3	100.000	21	0	0	1	21	747	727	2.1	39.2
Query_29301	XM_017950278.3	100.000	21	0	0	1	21	585	565	2.1	39.2
Query_29301	XM_031469532.1	100.000	21	0	0	1	21	746	726	2.1	39.2
Query_29301	XM_031352752.1	100.000	21	0	0	1	21	800	780	2.1	39.2
Query_29301	XM_004058312.3	100.000	21	0	0	1	21	747	727	2.1	39.2
Query_29301	XM_010382186.2	100.000	21	0	0	1	21	747	727	2.1	39.2
Query_29301	XM_030861713.1	100.000	21	0	0	1	21	748	728	2.1	39.2
Query_29301	XR_004040642.1	100.000	21	0	0	1	21	752	732	2.1	39.2
Query_29301	XR_004040641.1	100.000	21	0	0	1	21	752	732	2.1	39.2
Query_29301	XM_030861711.1	100.000	21	0	0	1	21	748	728	2.1	39.2
Query_29301	XM_030800357.1	100.000	21	0	0	1	21	747	727	2.1	39.2
Query_29301	XM_022595421.2	100.000	21	0	0	1	21	768	748	2.1	39.2
Query_29301	XM_030536568.1	100.000	21	0	0	1	21	628	608	2.1	39.2
Query_29301	XM_030536567.1	100.000	21	0	0	1	21	632	612	2.1	39.2
Query_29301	XR_003845143.1	100.000	21	0	0	1	21	818	798	2.1	39.2
Query_29301	XR_002381020.2	100.000	21	0	0	1	21	703	683	2.1	39.2
Query_29301	XM_021212464.2	100.000	21	0	0	1	21	714	694	2.1	39.2
Query_29301	XM_021176786.2	100.000	21	0	0	1	21	417	397	2.1	39.2
Query_29301	XM_029211108.1	100.000	21	0	0	1	21	753	733	2.1	39.2
Query_29301	XR_001440232.2	100.000	21	0	0	1	21	840	820	2.1	39.2
Query_29301	XR_001440230.2	100.000	21	0	0	1	21	613	593	2.1	39.2
Query_29301	XM_015118270.2	100.000	21	0	0	1	21	742	722	2.1	39.2
Query_29301	XM_028835904.1	100.000	21	0	0	1	21	470	450	2.1	39.2
Query_29301	XM_028787284.1	100.000	21	0	0	1	21	717	697	2.1	39.2
Query_29301	XM_028498186.1	100.000	21	0	0	1	21	752	732	2.1	39.2
Query_29301	XM_027130745.1	100.000	21	0	0	1	21	748	728	2.1	39.2
Query_29301	XR_003438008.1	100.000	21	0	0	1	21	760	740	2.1	39.2
Query_29301	XR_003438007.1	100.000	21	0	0	1	21	760	740	2.1	39.2
Query_29301	XM_027130744.1	100.000	21	0	0	1	21	755	735	2.1	39.2
Query_29301	XM_026656522.1	100.000	21	0	0	1	21	606	586	2.1	39.2
Query_29301	XM_024207676.2	100.000	21	0	0	1	21	390	370	2.1	39.2
Query_29301	XM_026656521.1	100.000	21	0	0	1	21	611	591	2.1	39.2
Query_29301	XM_026393902.1	100.000	21	0	0	1	21	1121	1101	2.1	39.2
Query_29301	XR_003590717.1	100.000	21	0	0	1	21	793	773	2.1	39.2
Query_29301	XM_027975112.1	100.000	21	0	0	1	21	756	736	2.1	39.2
Query_29301	XM_027922643.1	100.000	21	0	0	1	21	709	689	2.1	39.2
Query_29301	XR_003580586.1	100.000	21	0	0	1	21	388	368	2.1	39.2
Query_29301	XM_027848747.1	100.000	21	0	0	1	21	421	401	2.1	39.2
Query_29301	CP034495.1	100.000	21	0	0	1	21	4192566	4192586	2.1	39.2
Query_29301	CP034495.1	100.000	21	0	0	1	21	84372835	84372855	2.1	39.2
Query_29301	XR_003507019.1	100.000	21	0	0	1	21	839	819	2.1	39.2
Query_29301	XM_027519740.1	100.000	21	0	0	1	21	748	728	2.1	39.2
Query_29301	XM_025920246.1	100.000	21	0	0	1	21	430	410	2.1	39.2
Query_29301	XM_025362958.1	100.000	21	0	0	1	21	747	727	2.1	39.2
Query_29301	XM_040270543.1	100.000	21	0	0	1	21	919	899	2.1	39.2
Query_29301	XR_005721604.1	100.000	21	0	0	1	21	792	772	2.1	39.2
Query_29301	XR_005721603.1	100.000	21	0	0	1	21	822	802	2.1	39.2
Query_29301	XM_040243712.1	100.000	21	0	0	1	21	756	736	2.1	39.2
Query_29301	XM_039507544.1	100.000	21	0	0	1	21	583	563	2.1	39.2
Query_29301	XM_039507543.1	100.000	21	0	0	1	21	576	556	2.1	39.2
Query_29301	XM_039476665.1	100.000	21	0	0	1	21	768	748	2.1	39.2
Query_29301	CP068261.1	100.000	21	0	0	1	21	4178825	4178845	2.1	39.2
Query_29301	XR_005289358.1	100.000	21	0	0	1	21	675	655	2.1	39.2
Query_29301	XM_038375819.1	100.000	21	0	0	1	21	412	392	2.1	39.2
Query_29301	XM_038375818.1	100.000	21	0	0	1	21	675	655	2.1	39.2
Query_29301	XM_038324925.1	100.000	21	0	0	1	21	741	721	2.1	39.2
Query_29301	XR_005236751.1	100.000	21	0	0	1	21	579	559	2.1	39.2
Query_29301	XR_005236750.1	100.000	21	0	0	1	21	567	547	2.1	39.2
Query_29301	XM_008009911.2	100.000	21	0	0	1	21	751	731	2.1	39.2
Query_29301	XM_037880431.1	100.000	21	0	0	1	21	587	567	2.1	39.2
Query_29301	XM_037880430.1	100.000	21	0	0	1	21	581	561	2.1	39.2
Query_29301	XM_017512180.2	100.000	21	0	0	1	21	740	720	2.1	39.2
Query_29301	XM_037201328.1	100.000	21	0	0	1	21	669	649	2.1	39.2
Query_29301	XM_028888748.2	100.000	21	0	0	1	21	659	639	2.1	39.2
Query_29301	XM_037022823.1	100.000	21	0	0	1	21	474	454	2.1	39.2
Query_29301	XM_036887031.1	100.000	21	0	0	1	21	479	459	2.1	39.2
Query_29301	AP023477.1	100.000	21	0	0	1	21	4362722	4362742	2.1	39.2
Query_29301	LR877227.1	100.000	21	0	0	1	21	175829	175809	2.1	39.2
Query_29301	NM_003342.5	100.000	21	0	0	1	21	744	724	2.1	39.2
Query_29301	XM_035447490.1	100.000	21	0	0	1	21	449	429	2.1	39.2
Query_29301	XM_027426818.2	100.000	21	0	0	1	21	449	429	2.1	39.2


