# blastn
# Iteration: 0
# Query: 
# RID: 73Y6DAU0016
# Database: nt
# Fields: query acc.ver, subject acc.ver, % identity, alignment length, mismatches, gap opens, q. start, q. end, s. start, s. end, evalue, bit score
# 100 hits found
Query_46561	XM_003825980.3	100.000	21	0	0	1	21	314	294	2.1	39.2
Query_46561	XM_033197939.1	100.000	21	0	0	1	21	255	235	2.1	39.2
Query_46561	XM_033186571.1	100.000	21	0	0	1	21	333	313	2.1	39.2
Query_46561	XM_033186570.1	100.000	21	0	0	1	21	582	562	2.1	39.2
Query_46561	XM_033236882.1	100.000	21	0	0	1	21	273	253	2.1	39.2
Query_46561	XM_033234905.1	100.000	21	0	0	1	21	264	244	2.1	39.2
Query_46561	XM_033212847.1	100.000	21	0	0	1	21	218	198	2.1	39.2
Query_46561	XM_033212846.1	100.000	21	0	0	1	21	218	198	2.1	39.2
Query_46561	XM_032263582.1	100.000	21	0	0	1	21	333	313	2.1	39.2
Query_46561	XM_032142236.1	100.000	21	0	0	1	21	332	312	2.1	39.2
Query_46561	XM_023223163.2	100.000	21	0	0	1	21	221	201	2.1	39.2
Query_46561	XM_023197069.2	100.000	21	0	0	1	21	413	393	2.1	39.2
Query_46561	XM_031650201.1	100.000	21	0	0	1	21	343	323	2.1	39.2
Query_46561	XM_010374468.2	100.000	21	0	0	1	21	266	246	2.1	39.2
Query_46561	XM_010381962.2	100.000	21	0	0	1	21	261	241	2.1	39.2
Query_46561	XM_010388141.2	100.000	21	0	0	1	21	218	198	2.1	39.2
Query_46561	XM_010388140.2	100.000	21	0	0	1	21	265	245	2.1	39.2
Query_46561	XM_010372908.2	100.000	21	0	0	1	21	264	244	2.1	39.2
Query_46561	XM_010355333.2	100.000	21	0	0	1	21	264	244	2.1	39.2
Query_46561	XM_010384213.2	100.000	21	0	0	1	21	413	393	2.1	39.2
Query_46561	XM_010384210.2	100.000	21	0	0	1	21	332	312	2.1	39.2
Query_46561	XM_010364945.2	100.000	21	0	0	1	21	218	198	2.1	39.2
Query_46561	XM_030926368.1	100.000	21	0	0	1	21	255	235	2.1	39.2
Query_46561	XM_012497289.2	100.000	21	0	0	1	21	218	198	2.1	39.2
Query_46561	XM_003253656.3	100.000	21	0	0	1	21	413	393	2.1	39.2
Query_46561	XM_030825544.1	100.000	21	0	0	1	21	299	279	2.1	39.2
Query_46561	NM_181801.4	100.000	21	0	0	1	21	413	393	2.1	39.2
Query_46561	XM_015148928.2	100.000	21	0	0	1	21	553	533	2.1	39.2
Query_46561	XM_001107065.3	100.000	21	0	0	1	21	333	313	2.1	39.2
Query_46561	XM_001104061.4	100.000	21	0	0	1	21	275	255	2.1	39.2
Query_46561	NM_007019.4	100.000	21	0	0	1	21	270	250	2.1	39.2
Query_46561	XM_023197067.2	100.000	21	0	0	1	21	343	323	2.1	39.2
Query_46561	CP034499.1	100.000	21	0	0	1	21	44383111	44383091	2.1	39.2
Query_46561	XM_025403514.1	100.000	21	0	0	1	21	255	235	2.1	39.2
Query_46561	XM_025403513.1	100.000	21	0	0	1	21	266	246	2.1	39.2
Query_46561	XM_025402919.1	100.000	21	0	0	1	21	218	198	2.1	39.2
Query_46561	XM_025402918.1	100.000	21	0	0	1	21	218	198	2.1	39.2
Query_46561	XM_025399452.1	100.000	21	0	0	1	21	747	727	2.1	39.2
Query_46561	XM_025399448.1	100.000	21	0	0	1	21	332	312	2.1	39.2
Query_46561	XM_025399447.1	100.000	21	0	0	1	21	273	253	2.1	39.2
Query_46561	XM_025398797.1	100.000	21	0	0	1	21	264	244	2.1	39.2
Query_46561	XM_025398787.1	100.000	21	0	0	1	21	266	246	2.1	39.2
Query_46561	XM_025374650.1	100.000	21	0	0	1	21	254	234	2.1	39.2
Query_46561	XM_025374649.1	100.000	21	0	0	1	21	254	234	2.1	39.2
Query_46561	XM_011766880.2	100.000	21	0	0	1	21	333	313	2.1	39.2
Query_46561	XM_009443484.3	100.000	21	0	0	1	21	312	292	2.1	39.2
Query_46561	XM_001156993.5	100.000	21	0	0	1	21	574	554	2.1	39.2
Query_46561	XM_012467302.2	100.000	21	0	0	1	21	259	239	2.1	39.2
Query_46561	XM_012467301.2	100.000	21	0	0	1	21	332	312	2.1	39.2
Query_46561	XM_004062268.2	100.000	21	0	0	1	21	332	312	2.1	39.2
Query_46561	XM_017866612.1	100.000	21	0	0	1	21	265	245	2.1	39.2
Query_46561	XM_017891441.1	100.000	21	0	0	1	21	264	244	2.1	39.2
Query_46561	XR_001887361.1	100.000	21	0	0	1	21	216	196	2.1	39.2
Query_46561	XM_017877944.1	100.000	21	0	0	1	21	333	313	2.1	39.2
Query_46561	XR_001885989.1	100.000	21	0	0	1	21	285	265	2.1	39.2
Query_46561	XM_017863870.1	100.000	21	0	0	1	21	689	669	2.1	39.2
Query_46561	XM_514682.6	100.000	21	0	0	1	21	333	313	2.1	39.2
Query_46561	XM_005540836.2	100.000	21	0	0	1	21	280	260	2.1	39.2
Query_46561	KT331146.1	100.000	21	0	0	1	21	6129	6149	2.1	39.2
Query_46561	KT331056.1	100.000	21	0	0	1	21	14692	14712	2.1	39.2
Query_46561	XM_012467300.1	100.000	21	0	0	1	21	332	312	2.1	39.2
Query_46561	XM_012054675.1	100.000	21	0	0	1	21	264	244	2.1	39.2
Query_46561	XM_011928913.1	100.000	21	0	0	1	21	763	743	2.1	39.2
Query_46561	XM_011928910.1	100.000	21	0	0	1	21	348	328	2.1	39.2
Query_46561	XM_011983800.1	100.000	21	0	0	1	21	748	728	2.1	39.2
Query_46561	XM_011983796.1	100.000	21	0	0	1	21	338	318	2.1	39.2
Query_46561	XM_011972810.1	100.000	21	0	0	1	21	264	244	2.1	39.2
Query_46561	XM_011972809.1	100.000	21	0	0	1	21	264	244	2.1	39.2
Query_46561	XM_002830362.3	100.000	21	0	0	1	21	332	312	2.1	39.2
Query_46561	KJ913421.1	100.000	21	0	0	1	21	17149	17129	2.1	39.2
Query_46561	KJ913257.1	100.000	21	0	0	1	21	17147	17127	2.1	39.2
Query_46561	KJ913239.1	100.000	21	0	0	1	21	20353	20333	2.1	39.2
Query_46561	KJ913107.1	100.000	21	0	0	1	21	15261	15241	2.1	39.2
Query_46561	KJ456643.1	100.000	21	0	0	1	21	15261	15241	2.1	39.2
Query_46561	KJ489681.1	100.000	21	0	0	1	21	4558	4578	2.1	39.2
Query_46561	KJ489673.1	100.000	21	0	0	1	21	7861	7881	2.1	39.2
Query_46561	KJ489634.1	100.000	21	0	0	1	21	17031	17011	2.1	39.2
Query_46561	XM_039473861.1	100.000	21	0	0	1	21	832	812	2.1	39.2
Query_46561	CP068258.1	100.000	21	0	0	1	21	47550950	47550930	2.1	39.2
Query_46561	XM_007962142.2	100.000	21	0	0	1	21	323	303	2.1	39.2
Query_46561	XM_008015737.2	100.000	21	0	0	1	21	287	267	2.1	39.2
Query_46561	XM_008015746.2	100.000	21	0	0	1	21	333	313	2.1	39.2
Query_46561	XM_038002174.1	100.000	21	0	0	1	21	239	219	2.1	39.2
Query_46561	XM_038002173.1	100.000	21	0	0	1	21	277	257	2.1	39.2
Query_46561	XM_017541241.2	100.000	21	0	0	1	21	333	313	2.1	39.2
Query_46561	XM_037739960.1	100.000	21	0	0	1	21	265	245	2.1	39.2
Query_46561	XM_017526538.2	100.000	21	0	0	1	21	35	15	2.1	39.2
Query_46561	AP023480.1	100.000	21	0	0	1	21	43849917	43849897	2.1	39.2
Query_46561	XR_004734476.1	100.000	21	0	0	1	21	266	246	2.1	39.2
Query_46561	XM_017973507.2	100.000	21	0	0	1	21	357	337	2.1	39.2
Query_46561	AL050348.22	100.000	21	0	0	1	21	84131	84111	2.1	39.2
Query_46561	EU831629.1	100.000	21	0	0	1	21	240	220	2.1	39.2
Query_46561	EU831714.1	100.000	21	0	0	1	21	240	220	2.1	39.2
Query_46561	DQ895630.2	100.000	21	0	0	1	21	240	220	2.1	39.2
Query_46561	DQ892416.2	100.000	21	0	0	1	21	240	220	2.1	39.2
Query_46561	BT007300.1	100.000	21	0	0	1	21	218	198	2.1	39.2
Query_46561	BT007515.1	100.000	21	0	0	1	21	218	198	2.1	39.2
Query_46561	NM_001283749.1	100.000	21	0	0	1	21	303	283	2.1	39.2
Query_46561	CR456988.1	100.000	21	0	0	1	21	218	198	2.1	39.2
Query_46561	BC050736.1	100.000	21	0	0	1	21	288	268	2.1	39.2


