# blastn
# Iteration: 0
# Query: 
# RID: 6ZNAH4U2013
# Database: nt
# Fields: query acc.ver, subject acc.ver, % identity, alignment length, mismatches, gap opens, q. start, q. end, s. start, s. end, evalue, bit score
# 69 hits found
Query_55127	XM_034509418.1	100.000	21	0	0	1	21	850	830	2.1	39.2
Query_55127	XM_032915907.1	100.000	21	0	0	1	21	828	808	2.1	39.2
Query_55127	XM_021210658.2	100.000	21	0	0	1	21	821	801	2.1	39.2
Query_55127	XM_021163845.2	100.000	21	0	0	1	21	824	804	2.1	39.2
Query_55127	XM_028758232.1	100.000	21	0	0	1	21	811	791	2.1	39.2
Query_55127	LR536449.1	100.000	21	0	0	1	21	32258361	32258381	2.1	39.2
Query_55127	XM_005365945.3	100.000	21	0	0	1	21	803	783	2.1	39.2
Query_55127	XM_021630388.1	100.000	21	0	0	1	21	819	799	2.1	39.2
Query_55127	XM_005068842.3	100.000	21	0	0	1	21	829	809	2.1	39.2
Query_55127	XM_006985601.2	100.000	21	0	0	1	21	825	805	2.1	39.2
Query_55127	AP014583.1	100.000	21	0	0	1	21	404507	404527	2.1	39.2
Query_55127	XM_028882342.2	100.000	21	0	0	1	21	832	812	2.1	39.2
Query_55127	JN960283.1	100.000	21	0	0	1	21	162	182	2.1	39.2
Query_55127	LR877238.1	100.000	21	0	0	1	21	51282793	51282813	2.1	39.2
Query_55127	LR877238.1	100.000	21	0	0	1	21	51315166	51315186	2.1	39.2
Query_55127	LR877238.1	100.000	21	0	0	1	21	51617027	51617007	2.1	39.2
Query_55127	LR877238.1	100.000	21	0	0	1	21	51649382	51649362	2.1	39.2
Query_55127	LR877233.1	100.000	21	0	0	1	21	28302308	28302328	2.1	39.2
Query_55127	LR877197.1	100.000	21	0	0	1	21	31003502	31003522	2.1	39.2
Query_55127	XM_027387082.2	100.000	21	0	0	1	21	815	795	2.1	39.2
Query_55127	XM_003496616.5	100.000	21	0	0	1	21	812	792	2.1	39.2
Query_55127	JN956630.1	100.000	21	0	0	1	21	162	182	2.1	39.2
Query_55127	FQ214550.1	100.000	21	0	0	1	21	788	768	2.1	39.2
Query_55127	FQ213111.1	100.000	21	0	0	1	21	789	769	2.1	39.2
Query_55127	FQ228750.1	100.000	21	0	0	1	21	788	768	2.1	39.2
Query_55127	FQ213948.1	100.000	21	0	0	1	21	476	456	2.1	39.2
Query_55127	NG_006685.3	100.000	21	0	0	1	21	875	855	2.1	39.2
Query_55127	NM_026242.3	100.000	21	0	0	1	21	823	803	2.1	39.2
Query_55127	AC169036.3	100.000	21	0	0	1	21	131888	131908	2.1	39.2
Query_55127	BC085488.1	100.000	21	0	0	1	21	668	648	2.1	39.2
Query_55127	AC114605.11	100.000	21	0	0	1	21	109944	109924	2.1	39.2
Query_55127	AC112683.10	100.000	21	0	0	1	21	194365	194345	2.1	39.2
Query_55127	AC139214.12	100.000	21	0	0	1	21	1397	1377	2.1	39.2
Query_55127	AK170984.1	100.000	21	0	0	1	21	805	785	2.1	39.2
Query_55127	AK170909.1	100.000	21	0	0	1	21	801	781	2.1	39.2
Query_55127	AK170789.1	100.000	21	0	0	1	21	773	753	2.1	39.2
Query_55127	AK159464.1	100.000	21	0	0	1	21	812	792	2.1	39.2
Query_55127	AK167112.1	100.000	21	0	0	1	21	804	784	2.1	39.2
Query_55127	AK020049.1	100.000	21	0	0	1	21	791	771	2.1	39.2
Query_55127	AK018675.1	100.000	21	0	0	1	21	773	753	2.1	39.2
Query_55127	AK017832.1	100.000	21	0	0	1	21	805	785	2.1	39.2
Query_55127	AK009827.1	100.000	21	0	0	1	21	781	761	2.1	39.2
Query_55127	AK005313.1	100.000	21	0	0	1	21	815	795	2.1	39.2
Query_55127	AK213894.1	100.000	21	0	0	1	21	89	69	2.1	39.2
Query_55127	AC154476.2	100.000	21	0	0	1	21	78403	78423	2.1	39.2
Query_55127	NM_001009264.1	100.000	21	0	0	1	21	768	748	2.1	39.2
Query_55127	BC010209.1	100.000	21	0	0	1	21	792	772	2.1	39.2
Query_55127	AB041651.1	100.000	21	0	0	1	21	803	783	2.1	39.2
Query_55127	XM_032633547.1	100.000	20	0	0	1	20	1008	989	7.2	37.4
Query_55127	XM_031638435.1	100.000	20	0	0	2	21	2203	2184	7.2	37.4
Query_55127	CP045891.1	100.000	20	0	0	1	20	14885245	14885264	7.2	37.4
Query_55127	XM_022554910.2	100.000	20	0	0	1	20	784	765	7.2	37.4
Query_55127	LR697113.1	100.000	20	0	0	1	20	41207802	41207783	7.2	37.4
Query_55127	XM_029235924.1	100.000	20	0	0	1	20	682	663	7.2	37.4
Query_55127	XM_007103823.3	100.000	20	0	0	1	20	748	729	7.2	37.4
Query_55127	XM_028492326.1	100.000	20	0	0	1	20	784	765	7.2	37.4
Query_55127	XM_027103756.1	100.000	20	0	0	1	20	661	642	7.2	37.4
Query_55127	XM_024745185.1	100.000	20	0	0	1	20	756	737	7.2	37.4
Query_55127	XM_024745184.1	100.000	20	0	0	1	20	789	770	7.2	37.4
Query_55127	XM_007456875.1	100.000	20	0	0	1	20	789	770	7.2	37.4
Query_55127	LR994587.1	100.000	20	0	0	1	20	15882407	15882426	7.2	37.4
Query_55127	LR990959.1	100.000	20	0	0	2	21	4166214	4166195	7.2	37.4
Query_55127	LR990667.1	100.000	20	0	0	2	21	777393	777374	7.2	37.4
Query_55127	LR899431.1	100.000	20	0	0	2	21	6315204	6315223	7.2	37.4
Query_55127	LR899428.1	100.000	20	0	0	2	21	22409474	22409493	7.2	37.4
Query_55127	LR899426.1	100.000	20	0	0	2	21	1443723	1443704	7.2	37.4
Query_55127	LR899425.1	100.000	20	0	0	2	21	13601830	13601811	7.2	37.4
Query_55127	LR899423.1	100.000	20	0	0	2	21	15072155	15072136	7.2	37.4
Query_55127	LR862361.1	100.000	20	0	0	2	21	51211900	51211919	7.2	37.4


