# blastn
# Iteration: 0
# Query: 
# RID: 6X7VD9JS016
# Database: nt
# Fields: query acc.ver, subject acc.ver, % identity, alignment length, mismatches, gap opens, q. start, q. end, s. start, s. end, evalue, bit score
# 100 hits found
Query_13879	XM_034941314.1	100.000	21	0	0	1	21	784	764	2.1	39.2
Query_13879	XR_004430887.1	100.000	21	0	0	1	21	515	495	2.1	39.2
Query_13879	XR_004430886.1	100.000	21	0	0	1	21	768	748	2.1	39.2
Query_13879	XR_004430885.1	100.000	21	0	0	1	21	738	718	2.1	39.2
Query_13879	XR_004430884.1	100.000	21	0	0	1	21	644	624	2.1	39.2
Query_13879	XR_004430883.1	100.000	21	0	0	1	21	615	595	2.1	39.2
Query_13879	XM_033185036.1	100.000	21	0	0	1	21	799	779	2.1	39.2
Query_13879	XM_032498029.1	100.000	21	0	0	1	21	792	772	2.1	39.2
Query_13879	XM_032138345.1	100.000	21	0	0	1	21	802	782	2.1	39.2
Query_13879	XM_023184506.2	100.000	21	0	0	1	21	790	770	2.1	39.2
Query_13879	XR_004179314.1	100.000	21	0	0	1	21	1123	1103	2.1	39.2
Query_13879	XR_004179313.1	100.000	21	0	0	1	21	515	495	2.1	39.2
Query_13879	XM_003912123.3	100.000	21	0	0	1	21	793	773	2.1	39.2
Query_13879	XM_017950278.3	100.000	21	0	0	1	21	631	611	2.1	39.2
Query_13879	XM_031469532.1	100.000	21	0	0	1	21	792	772	2.1	39.2
Query_13879	XM_004058312.3	100.000	21	0	0	1	21	793	773	2.1	39.2
Query_13879	XM_010382186.2	100.000	21	0	0	1	21	793	773	2.1	39.2
Query_13879	XM_030800357.1	100.000	21	0	0	1	21	793	773	2.1	39.2
Query_13879	XM_008855635.3	100.000	21	0	0	1	21	746	726	2.1	39.2
Query_13879	XR_001440232.2	100.000	21	0	0	1	21	886	866	2.1	39.2
Query_13879	XR_001440230.2	100.000	21	0	0	1	21	659	639	2.1	39.2
Query_13879	XM_015118270.2	100.000	21	0	0	1	21	788	768	2.1	39.2
Query_13879	XM_028835904.1	100.000	21	0	0	1	21	516	496	2.1	39.2
Query_13879	XM_028534147.1	100.000	21	0	0	1	21	788	768	2.1	39.2
Query_13879	XM_028498186.1	100.000	21	0	0	1	21	798	778	2.1	39.2
Query_13879	XM_026884499.1	100.000	21	0	0	1	21	526	506	2.1	39.2
Query_13879	XM_026884498.1	100.000	21	0	0	1	21	524	504	2.1	39.2
Query_13879	XM_026889380.1	100.000	21	0	0	1	21	407	387	2.1	39.2
Query_13879	XR_003614222.1	100.000	21	0	0	1	21	1016	996	2.1	39.2
Query_13879	XM_008156752.2	100.000	21	0	0	1	21	775	755	2.1	39.2
Query_13879	XM_028133010.1	100.000	21	0	0	1	21	1116	1096	2.1	39.2
Query_13879	XM_028133009.1	100.000	21	0	0	1	21	998	978	2.1	39.2
Query_13879	XR_003614221.1	100.000	21	0	0	1	21	1089	1069	2.1	39.2
Query_13879	XM_028133008.1	100.000	21	0	0	1	21	1086	1066	2.1	39.2
Query_13879	XR_003590717.1	100.000	21	0	0	1	21	839	819	2.1	39.2
Query_13879	XM_027975112.1	100.000	21	0	0	1	21	802	782	2.1	39.2
Query_13879	XM_025362958.1	100.000	21	0	0	1	21	793	773	2.1	39.2
Query_13879	XM_025280830.1	100.000	21	0	0	1	21	407	387	2.1	39.2
Query_13879	XM_006079676.2	100.000	21	0	0	1	21	753	733	2.1	39.2
Query_13879	XM_006922213.3	100.000	21	0	0	1	21	914	894	2.1	39.2
Query_13879	XR_981472.2	100.000	21	0	0	1	21	560	540	2.1	39.2
Query_13879	XR_003016002.1	100.000	21	0	0	1	21	663	643	2.1	39.2
Query_13879	XR_981462.2	100.000	21	0	0	1	21	1085	1065	2.1	39.2
Query_13879	XR_003015996.1	100.000	21	0	0	1	21	939	919	2.1	39.2
Query_13879	XR_981464.2	100.000	21	0	0	1	21	1117	1097	2.1	39.2
Query_13879	XM_024790008.1	100.000	21	0	0	1	21	1536	1516	2.1	39.2
Query_13879	XM_009431600.3	100.000	21	0	0	1	21	419	399	2.1	39.2
Query_13879	XM_016931252.2	100.000	21	0	0	1	21	793	773	2.1	39.2
Query_13879	XM_011479557.3	100.000	21	0	0	1	21	554	534	2.1	39.2
Query_13879	XM_004072769.4	100.000	21	0	0	1	21	554	534	2.1	39.2
Query_13879	XR_002826840.1	100.000	21	0	0	1	21	752	732	2.1	39.2
Query_13879	XM_006105276.3	100.000	21	0	0	1	21	749	729	2.1	39.2
Query_13879	XM_006093772.3	100.000	21	0	0	1	21	648	628	2.1	39.2
Query_13879	XM_023530459.1	100.000	21	0	0	1	21	380	360	2.1	39.2
Query_13879	XM_023530458.1	100.000	21	0	0	1	21	434	414	2.1	39.2
Query_13879	XM_003799047.3	100.000	21	0	0	1	21	791	771	2.1	39.2
Query_13879	XM_008047888.2	100.000	21	0	0	1	21	798	778	2.1	39.2
Query_13879	XM_021671288.1	100.000	21	0	0	1	21	387	367	2.1	39.2
Query_13879	XM_021326811.1	100.000	21	0	0	1	21	547	527	2.1	39.2
Query_13879	XM_021326810.1	100.000	21	0	0	1	21	561	541	2.1	39.2
Query_13879	XM_020882859.1	100.000	21	0	0	1	21	741	721	2.1	39.2
Query_13879	XR_001157657.2	100.000	21	0	0	1	21	1090	1070	2.1	39.2
Query_13879	XR_001157656.2	100.000	21	0	0	1	21	1122	1102	2.1	39.2
Query_13879	XR_001157655.2	100.000	21	0	0	1	21	663	643	2.1	39.2
Query_13879	LT734953.1	100.000	21	0	0	1	21	918	898	2.1	39.2
Query_13879	XM_020163490.1	100.000	21	0	0	1	21	546	526	2.1	39.2
Query_13879	XM_019659874.1	100.000	21	0	0	1	21	724	704	2.1	39.2
Query_13879	XR_002125946.1	100.000	21	0	0	1	21	689	669	2.1	39.2
Query_13879	XM_019659873.1	100.000	21	0	0	1	21	545	525	2.1	39.2
Query_13879	XM_019659872.1	100.000	21	0	0	1	21	632	612	2.1	39.2
Query_13879	XM_019659871.1	100.000	21	0	0	1	21	689	669	2.1	39.2
Query_13879	XM_018064440.1	100.000	21	0	0	1	21	768	748	2.1	39.2
Query_13879	XM_017860189.1	100.000	21	0	0	1	21	805	785	2.1	39.2
Query_13879	XM_016200954.1	100.000	21	0	0	1	21	678	658	2.1	39.2
Query_13879	XM_007521102.2	100.000	21	0	0	1	21	620	600	2.1	39.2
Query_13879	XM_016187815.1	100.000	21	0	0	1	21	556	536	2.1	39.2
Query_13879	XM_040270543.1	100.000	21	0	0	1	21	965	945	2.1	39.2
Query_13879	XR_005721604.1	100.000	21	0	0	1	21	838	818	2.1	39.2
Query_13879	XR_005721603.1	100.000	21	0	0	1	21	868	848	2.1	39.2
Query_13879	XM_040243712.1	100.000	21	0	0	1	21	802	782	2.1	39.2
Query_13879	XR_005658082.1	100.000	21	0	0	1	21	616	596	2.1	39.2
Query_13879	XM_039886420.1	100.000	21	0	0	1	21	785	765	2.1	39.2
Query_13879	XM_039476665.1	100.000	21	0	0	1	21	814	794	2.1	39.2
Query_13879	XR_005236751.1	100.000	21	0	0	1	21	625	605	2.1	39.2
Query_13879	XR_005236750.1	100.000	21	0	0	1	21	613	593	2.1	39.2
Query_13879	XM_008009911.2	100.000	21	0	0	1	21	797	777	2.1	39.2
Query_13879	XM_017512180.2	100.000	21	0	0	1	21	786	766	2.1	39.2
Query_13879	XM_037495089.1	100.000	21	0	0	1	21	758	738	2.1	39.2
Query_13879	XM_037022823.1	100.000	21	0	0	1	21	520	500	2.1	39.2
Query_13879	XM_036887031.1	100.000	21	0	0	1	21	525	505	2.1	39.2
Query_13879	XM_036452373.1	100.000	21	0	0	1	21	786	766	2.1	39.2
Query_13879	XM_036341263.1	100.000	21	0	0	1	21	576	556	2.1	39.2
Query_13879	XM_036341262.1	100.000	21	0	0	1	21	749	729	2.1	39.2
Query_13879	XM_036341261.1	100.000	21	0	0	1	21	521	501	2.1	39.2
Query_13879	XM_036341260.1	100.000	21	0	0	1	21	530	510	2.1	39.2
Query_13879	XM_036268448.1	100.000	21	0	0	1	21	687	667	2.1	39.2
Query_13879	XM_016138806.2	100.000	21	0	0	1	21	899	879	2.1	39.2
Query_13879	NM_003342.5	100.000	21	0	0	1	21	790	770	2.1	39.2
Query_13879	XR_004743113.1	100.000	21	0	0	1	21	882	862	2.1	39.2
Query_13879	XM_002747845.5	100.000	21	0	0	1	21	803	783	2.1	39.2


