# blastn
# Iteration: 0
# Query: 
# RID: 73XW0PMU016
# Database: nt
# Fields: query acc.ver, subject acc.ver, % identity, alignment length, mismatches, gap opens, q. start, q. end, s. start, s. end, evalue, bit score
# 100 hits found
Query_21129	XM_003825980.3	100.000	21	0	0	1	21	328	308	2.1	39.2
Query_21129	XM_033186571.1	100.000	21	0	0	1	21	347	327	2.1	39.2
Query_21129	XM_033186570.1	100.000	21	0	0	1	21	596	576	2.1	39.2
Query_21129	XM_033236882.1	100.000	21	0	0	1	21	287	267	2.1	39.2
Query_21129	XM_033234905.1	100.000	21	0	0	1	21	278	258	2.1	39.2
Query_21129	XM_033212847.1	100.000	21	0	0	1	21	232	212	2.1	39.2
Query_21129	XM_033212846.1	100.000	21	0	0	1	21	232	212	2.1	39.2
Query_21129	XM_032263582.1	100.000	21	0	0	1	21	347	327	2.1	39.2
Query_21129	XR_004274097.1	100.000	21	0	0	1	21	278	258	2.1	39.2
Query_21129	XM_032142236.1	100.000	21	0	0	1	21	346	326	2.1	39.2
Query_21129	XM_023223163.2	100.000	21	0	0	1	21	235	215	2.1	39.2
Query_21129	XM_023197069.2	100.000	21	0	0	1	21	427	407	2.1	39.2
Query_21129	XM_031650201.1	100.000	21	0	0	1	21	357	337	2.1	39.2
Query_21129	XM_009205566.3	100.000	21	0	0	1	21	264	244	2.1	39.2
Query_21129	XM_003904680.3	100.000	21	0	0	1	21	347	327	2.1	39.2
Query_21129	XM_010374468.2	100.000	21	0	0	1	21	280	260	2.1	39.2
Query_21129	XM_010381962.2	100.000	21	0	0	1	21	275	255	2.1	39.2
Query_21129	XM_010388141.2	100.000	21	0	0	1	21	232	212	2.1	39.2
Query_21129	XM_010388140.2	100.000	21	0	0	1	21	279	259	2.1	39.2
Query_21129	XM_010372908.2	100.000	21	0	0	1	21	278	258	2.1	39.2
Query_21129	XM_010355333.2	100.000	21	0	0	1	21	278	258	2.1	39.2
Query_21129	XM_010384213.2	100.000	21	0	0	1	21	427	407	2.1	39.2
Query_21129	XM_010384210.2	100.000	21	0	0	1	21	346	326	2.1	39.2
Query_21129	XM_010364945.2	100.000	21	0	0	1	21	232	212	2.1	39.2
Query_21129	XM_010357323.2	100.000	21	0	0	1	21	232	212	2.1	39.2
Query_21129	XM_010357322.2	100.000	21	0	0	1	21	232	212	2.1	39.2
Query_21129	XM_030926368.1	100.000	21	0	0	1	21	269	249	2.1	39.2
Query_21129	XM_012497289.2	100.000	21	0	0	1	21	232	212	2.1	39.2
Query_21129	XM_003253656.3	100.000	21	0	0	1	21	427	407	2.1	39.2
Query_21129	XM_030825544.1	100.000	21	0	0	1	21	313	293	2.1	39.2
Query_21129	NM_181801.4	100.000	21	0	0	1	21	427	407	2.1	39.2
Query_21129	XM_015148928.2	100.000	21	0	0	1	21	567	547	2.1	39.2
Query_21129	XM_001107065.3	100.000	21	0	0	1	21	347	327	2.1	39.2
Query_21129	XM_001104061.4	100.000	21	0	0	1	21	289	269	2.1	39.2
Query_21129	NM_007019.4	100.000	21	0	0	1	21	284	264	2.1	39.2
Query_21129	XM_023197067.2	100.000	21	0	0	1	21	357	337	2.1	39.2
Query_21129	XR_003120191.1	100.000	21	0	0	1	21	270	250	2.1	39.2
Query_21129	XM_025384232.1	100.000	21	0	0	1	21	232	212	2.1	39.2
Query_21129	XM_025384231.1	100.000	21	0	0	1	21	232	212	2.1	39.2
Query_21129	XM_025403514.1	100.000	21	0	0	1	21	269	249	2.1	39.2
Query_21129	XM_025403513.1	100.000	21	0	0	1	21	280	260	2.1	39.2
Query_21129	XM_025402919.1	100.000	21	0	0	1	21	232	212	2.1	39.2
Query_21129	XM_025402918.1	100.000	21	0	0	1	21	232	212	2.1	39.2
Query_21129	XM_025399452.1	100.000	21	0	0	1	21	761	741	2.1	39.2
Query_21129	XM_025399448.1	100.000	21	0	0	1	21	346	326	2.1	39.2
Query_21129	XM_025399447.1	100.000	21	0	0	1	21	287	267	2.1	39.2
Query_21129	XM_025398797.1	100.000	21	0	0	1	21	278	258	2.1	39.2
Query_21129	XM_025398787.1	100.000	21	0	0	1	21	280	260	2.1	39.2
Query_21129	XM_025374650.1	100.000	21	0	0	1	21	268	248	2.1	39.2
Query_21129	XM_025374649.1	100.000	21	0	0	1	21	268	248	2.1	39.2
Query_21129	XM_011767430.2	100.000	21	0	0	1	21	244	224	2.1	39.2
Query_21129	XM_011766880.2	100.000	21	0	0	1	21	347	327	2.1	39.2
Query_21129	XM_009443484.3	100.000	21	0	0	1	21	326	306	2.1	39.2
Query_21129	XM_001156993.5	100.000	21	0	0	1	21	588	568	2.1	39.2
Query_21129	XM_012467302.2	100.000	21	0	0	1	21	273	253	2.1	39.2
Query_21129	XM_012467301.2	100.000	21	0	0	1	21	346	326	2.1	39.2
Query_21129	XM_004062268.2	100.000	21	0	0	1	21	346	326	2.1	39.2
Query_21129	XM_017866612.1	100.000	21	0	0	1	21	279	259	2.1	39.2
Query_21129	XM_017891441.1	100.000	21	0	0	1	21	278	258	2.1	39.2
Query_21129	XR_001887361.1	100.000	21	0	0	1	21	230	210	2.1	39.2
Query_21129	XM_017877944.1	100.000	21	0	0	1	21	347	327	2.1	39.2
Query_21129	XR_001885989.1	100.000	21	0	0	1	21	299	279	2.1	39.2
Query_21129	XM_017863870.1	100.000	21	0	0	1	21	703	683	2.1	39.2
Query_21129	XM_514682.6	100.000	21	0	0	1	21	347	327	2.1	39.2
Query_21129	XM_015448919.1	100.000	21	0	0	1	21	261	241	2.1	39.2
Query_21129	XM_015448918.1	100.000	21	0	0	1	21	261	241	2.1	39.2
Query_21129	XM_005540836.2	100.000	21	0	0	1	21	294	274	2.1	39.2
Query_21129	KT331146.1	100.000	21	0	0	1	21	6115	6135	2.1	39.2
Query_21129	KT331056.1	100.000	21	0	0	1	21	14678	14698	2.1	39.2
Query_21129	XM_012467300.1	100.000	21	0	0	1	21	346	326	2.1	39.2
Query_21129	XM_012054675.1	100.000	21	0	0	1	21	278	258	2.1	39.2
Query_21129	XM_011928913.1	100.000	21	0	0	1	21	777	757	2.1	39.2
Query_21129	XM_011928910.1	100.000	21	0	0	1	21	362	342	2.1	39.2
Query_21129	XR_001015887.1	100.000	21	0	0	1	21	279	259	2.1	39.2
Query_21129	XM_011984520.1	100.000	21	0	0	1	21	232	212	2.1	39.2
Query_21129	XM_011984519.1	100.000	21	0	0	1	21	232	212	2.1	39.2
Query_21129	XM_011983800.1	100.000	21	0	0	1	21	762	742	2.1	39.2
Query_21129	XM_011983796.1	100.000	21	0	0	1	21	352	332	2.1	39.2
Query_21129	XM_011972810.1	100.000	21	0	0	1	21	278	258	2.1	39.2
Query_21129	XM_011972809.1	100.000	21	0	0	1	21	278	258	2.1	39.2
Query_21129	XM_002830362.3	100.000	21	0	0	1	21	346	326	2.1	39.2
Query_21129	KJ913421.1	100.000	21	0	0	1	21	17163	17143	2.1	39.2
Query_21129	KJ913257.1	100.000	21	0	0	1	21	17161	17141	2.1	39.2
Query_21129	KJ913239.1	100.000	21	0	0	1	21	20367	20347	2.1	39.2
Query_21129	KJ913107.1	100.000	21	0	0	1	21	15275	15255	2.1	39.2
Query_21129	KJ456643.1	100.000	21	0	0	1	21	15275	15255	2.1	39.2
Query_21129	KJ489681.1	100.000	21	0	0	1	21	4544	4564	2.1	39.2
Query_21129	KJ489673.1	100.000	21	0	0	1	21	7847	7867	2.1	39.2
Query_21129	KJ489634.1	100.000	21	0	0	1	21	17045	17025	2.1	39.2
Query_21129	XM_007962142.2	100.000	21	0	0	1	21	337	317	2.1	39.2
Query_21129	XM_008015737.2	100.000	21	0	0	1	21	301	281	2.1	39.2
Query_21129	XM_008015746.2	100.000	21	0	0	1	21	347	327	2.1	39.2
Query_21129	XM_038002174.1	100.000	21	0	0	1	21	253	233	2.1	39.2
Query_21129	XM_038002173.1	100.000	21	0	0	1	21	291	271	2.1	39.2
Query_21129	XM_017541241.2	100.000	21	0	0	1	21	347	327	2.1	39.2
Query_21129	XM_037739960.1	100.000	21	0	0	1	21	279	259	2.1	39.2
Query_21129	XM_017526538.2	100.000	21	0	0	1	21	49	29	2.1	39.2
Query_21129	XR_004734476.1	100.000	21	0	0	1	21	280	260	2.1	39.2
Query_21129	XM_017973507.2	100.000	21	0	0	1	21	371	351	2.1	39.2
Query_21129	EU831629.1	100.000	21	0	0	1	21	254	234	2.1	39.2


