# blastn
# Iteration: 0
# Query: 
# RID: 8YAFEGWN013
# Database: nt
# Fields: query acc.ver, subject acc.ver, % identity, alignment length, mismatches, gap opens, q. start, q. end, s. start, s. end, evalue, bit score
# 93 hits found
Query_40017	XM_034945734.1	100.000	21	0	0	1	21	671	651	2.1	39.2
Query_40017	XM_034492571.1	100.000	21	0	0	1	21	962	942	2.1	39.2
Query_40017	XM_033224775.1	100.000	21	0	0	1	21	1016	996	2.1	39.2
Query_40017	XM_032894453.1	100.000	21	0	0	1	21	1016	996	2.1	39.2
Query_40017	XM_032171460.1	100.000	21	0	0	1	21	731	711	2.1	39.2
Query_40017	XM_023197562.3	100.000	21	0	0	1	21	1012	992	2.1	39.2
Query_40017	NM_001194143.2	100.000	21	0	0	1	21	1094	1074	2.1	39.2
Query_40017	XM_031659367.1	100.000	21	0	0	1	21	1085	1065	2.1	39.2
Query_40017	XM_031385385.1	100.000	21	0	0	1	21	615	595	2.1	39.2
Query_40017	XM_031385384.1	100.000	21	0	0	1	21	925	905	2.1	39.2
Query_40017	XM_004061618.3	100.000	21	0	0	1	21	1023	1003	2.1	39.2
Query_40017	XM_010361181.2	100.000	21	0	0	1	21	990	970	2.1	39.2
Query_40017	XM_030819428.1	100.000	21	0	0	1	21	1319	1299	2.1	39.2
Query_40017	XM_008822792.3	100.000	21	0	0	1	21	523	503	2.1	39.2
Query_40017	XM_021219106.2	100.000	21	0	0	1	21	688	668	2.1	39.2
Query_40017	XM_021165994.2	100.000	21	0	0	1	21	692	672	2.1	39.2
Query_40017	NM_003969.4	100.000	21	0	0	1	21	674	654	2.1	39.2
Query_40017	XM_028781890.1	100.000	21	0	0	1	21	1016	996	2.1	39.2
Query_40017	XM_013351477.2	100.000	21	0	0	1	21	643	623	2.1	39.2
Query_40017	GQ891447.1	100.000	21	0	0	1	21	553	533	2.1	39.2
Query_40017	XM_006166716.3	100.000	21	0	0	1	21	344	324	2.1	39.2
Query_40017	CP034522.1	100.000	21	0	0	1	21	59007564	59007584	2.1	39.2
Query_40017	CP034497.1	100.000	21	0	0	1	21	59007564	59007584	2.1	39.2
Query_40017	XM_025367066.1	100.000	21	0	0	1	21	1286	1266	2.1	39.2
Query_40017	XM_025367065.1	100.000	21	0	0	1	21	1371	1351	2.1	39.2
Query_40017	XM_011751675.2	100.000	21	0	0	1	21	1095	1075	2.1	39.2
Query_40017	XM_016937020.2	100.000	21	0	0	1	21	1129	1109	2.1	39.2
Query_40017	XM_024237018.1	100.000	21	0	0	1	21	1039	1019	2.1	39.2
Query_40017	XM_004647742.3	100.000	21	0	0	1	21	593	573	2.1	39.2
Query_40017	XM_003467189.4	100.000	21	0	0	1	21	1583	1563	2.1	39.2
Query_40017	XM_021708408.1	100.000	21	0	0	1	21	741	721	2.1	39.2
Query_40017	XM_021246106.1	100.000	21	0	0	1	21	459	439	2.1	39.2
Query_40017	XM_004866522.3	100.000	21	0	0	1	21	1032	1012	2.1	39.2
Query_40017	XM_012752406.2	100.000	21	0	0	1	21	1072	1052	2.1	39.2
Query_40017	LT735850.1	100.000	21	0	0	1	21	931	911	2.1	39.2
Query_40017	XM_020158677.1	100.000	21	0	0	1	21	1640	1620	2.1	39.2
Query_40017	XM_017850506.1	100.000	21	0	0	1	21	1024	1004	2.1	39.2
Query_40017	XM_002721900.3	100.000	21	0	0	1	21	977	957	2.1	39.2
Query_40017	XM_006997194.2	100.000	21	0	0	1	21	444	424	2.1	39.2
Query_40017	XM_005414400.2	100.000	21	0	0	1	21	1182	1162	2.1	39.2
Query_40017	XM_004672888.2	100.000	21	0	0	1	21	473	453	2.1	39.2
Query_40017	XM_004596908.2	100.000	21	0	0	1	21	691	671	2.1	39.2
Query_40017	XM_003795336.2	100.000	21	0	0	1	21	1024	1004	2.1	39.2
Query_40017	XM_012655887.1	100.000	21	0	0	1	21	1021	1001	2.1	39.2
Query_40017	XM_012076338.1	100.000	21	0	0	1	21	1287	1267	2.1	39.2
Query_40017	XR_001004754.1	100.000	21	0	0	1	21	477	457	2.1	39.2
Query_40017	XM_011969066.1	100.000	21	0	0	1	21	477	457	2.1	39.2
Query_40017	XM_011959132.1	100.000	21	0	0	1	21	465	445	2.1	39.2
Query_40017	XM_011959131.1	100.000	21	0	0	1	21	956	936	2.1	39.2
Query_40017	XM_010617016.1	100.000	21	0	0	1	21	432	412	2.1	39.2
Query_40017	XM_008578962.1	100.000	21	0	0	1	21	495	475	2.1	39.2
Query_40017	KJ892674.1	100.000	21	0	0	1	21	509	489	2.1	39.2
Query_40017	XM_007650108.1	100.000	21	0	0	1	21	461	441	2.1	39.2
Query_40017	XM_006877326.1	100.000	21	0	0	1	21	547	527	2.1	39.2
Query_40017	XM_006903030.1	100.000	21	0	0	1	21	488	468	2.1	39.2
Query_40017	XM_005590626.1	100.000	21	0	0	1	21	499	479	2.1	39.2
Query_40017	XM_040978181.1	100.000	21	0	0	1	21	699	679	2.1	39.2
Query_40017	XM_005087951.4	100.000	21	0	0	1	21	545	525	2.1	39.2
Query_40017	XM_004386917.1	100.000	21	0	0	1	21	447	427	2.1	39.2
Query_40017	XM_039466383.1	100.000	21	0	0	1	21	1281	1261	2.1	39.2
Query_40017	CP068259.1	100.000	21	0	0	1	21	61653871	61653891	2.1	39.2
Query_40017	XM_038338840.1	100.000	21	0	0	1	21	1008	988	2.1	39.2
Query_40017	XM_007998466.2	100.000	21	0	0	1	21	1198	1178	2.1	39.2
Query_40017	XM_028884903.2	100.000	21	0	0	1	21	693	673	2.1	39.2
Query_40017	JN960492.1	100.000	21	0	0	1	21	30771	30791	2.1	39.2
Query_40017	AP023479.1	100.000	21	0	0	1	21	59039004	59039024	2.1	39.2
Query_40017	XM_035449239.1	100.000	21	0	0	1	21	381	361	2.1	39.2
Query_40017	XM_027431227.2	100.000	21	0	0	1	21	507	487	2.1	39.2
Query_40017	XM_017967523.2	100.000	21	0	0	1	21	1277	1257	2.1	39.2
Query_40017	JN957777.1	100.000	21	0	0	1	21	13671	13651	2.1	39.2
Query_40017	JN957011.1	100.000	21	0	0	1	21	22276	22256	2.1	39.2
Query_40017	JN956748.1	100.000	21	0	0	1	21	30693	30713	2.1	39.2
Query_40017	JN949855.1	100.000	21	0	0	1	21	13671	13651	2.1	39.2
Query_40017	NM_001243968.1	100.000	21	0	0	1	21	408	388	2.1	39.2
Query_40017	NM_145578.3	100.000	21	0	0	1	21	693	673	2.1	39.2
Query_40017	NM_001168469.2	100.000	21	0	0	1	21	626	606	2.1	39.2
Query_40017	AB590888.1	100.000	21	0	0	1	21	453	433	2.1	39.2
Query_40017	FQ209516.1	100.000	21	0	0	1	21	610	590	2.1	39.2
Query_40017	CU691337.1	100.000	21	0	0	1	21	124	144	2.1	39.2
Query_40017	CU691336.1	100.000	21	0	0	1	21	460	440	2.1	39.2
Query_40017	NM_001108471.1	100.000	21	0	0	1	21	1017	997	2.1	39.2
Query_40017	BC007657.1	100.000	21	0	0	1	21	513	493	2.1	39.2
Query_40017	BC021792.1	100.000	21	0	0	1	21	691	671	2.1	39.2
Query_40017	BC058924.1	100.000	21	0	0	1	21	553	533	2.1	39.2
Query_40017	AC121301.8	100.000	21	0	0	1	21	111252	111272	2.1	39.2
Query_40017	BC026581.1	100.000	21	0	0	1	21	488	468	2.1	39.2
Query_40017	BT008242.1	100.000	21	0	0	1	21	444	424	2.1	39.2
Query_40017	AC016630.6	100.000	21	0	0	1	21	8791	8771	2.1	39.2
Query_40017	AK210056.1	100.000	21	0	0	1	21	118	98	2.1	39.2
Query_40017	AB012191.1	100.000	21	0	0	1	21	444	424	2.1	39.2
Query_40017	AF075599.1	100.000	21	0	0	1	21	447	427	2.1	39.2
Query_40017	XM_003406679.3	100.000	20	0	0	2	21	504	485	7.4	37.4
Query_40017	XM_021659849.1	100.000	20	0	0	2	21	694	675	7.4	37.4


