# blastn
# Iteration: 0
# Query: 
# RID: 7RJ9Y1G101R
# Database: nt
# Fields: query acc.ver, subject acc.ver, % identity, alignment length, mismatches, gap opens, q. start, q. end, s. start, s. end, evalue, bit score
# 101 hits found
Query_125945	XM_034941314.1	100.000	21	0	0	1	21	477	457	2.1	39.2
Query_125945	XM_019926857.2	100.000	21	0	0	1	21	487	467	2.1	39.2
Query_125945	XR_004523990.1	100.000	21	0	0	1	21	490	470	2.1	39.2
Query_125945	XR_004523989.1	100.000	21	0	0	1	21	490	470	2.1	39.2
Query_125945	XM_019926856.2	100.000	21	0	0	1	21	484	464	2.1	39.2
Query_125945	XM_004267021.3	100.000	21	0	0	1	21	487	467	2.1	39.2
Query_125945	XR_004481917.1	100.000	21	0	0	1	21	497	477	2.1	39.2
Query_125945	XR_004481916.1	100.000	21	0	0	1	21	497	477	2.1	39.2
Query_125945	XM_033423172.1	100.000	21	0	0	1	21	492	472	2.1	39.2
Query_125945	XR_004430887.1	100.000	21	0	0	1	21	208	188	2.1	39.2
Query_125945	XR_004430886.1	100.000	21	0	0	1	21	461	441	2.1	39.2
Query_125945	XR_004430885.1	100.000	21	0	0	1	21	431	411	2.1	39.2
Query_125945	XR_004430884.1	100.000	21	0	0	1	21	337	317	2.1	39.2
Query_125945	XR_004430883.1	100.000	21	0	0	1	21	308	288	2.1	39.2
Query_125945	XM_033185036.1	100.000	21	0	0	1	21	492	472	2.1	39.2
Query_125945	XM_033090559.1	100.000	21	0	0	1	21	607	587	2.1	39.2
Query_125945	XM_032616401.1	100.000	21	0	0	1	21	502	482	2.1	39.2
Query_125945	XR_004266175.1	100.000	21	0	0	1	21	564	544	2.1	39.2
Query_125945	XM_032271694.1	100.000	21	0	0	1	21	78	58	2.1	39.2
Query_125945	XM_032138345.1	100.000	21	0	0	1	21	495	475	2.1	39.2
Query_125945	XM_023184506.2	100.000	21	0	0	1	21	483	463	2.1	39.2
Query_125945	XM_004058312.3	100.000	21	0	0	1	21	486	466	2.1	39.2
Query_125945	XM_010382186.2	100.000	21	0	0	1	21	486	466	2.1	39.2
Query_125945	XM_030861713.1	100.000	21	0	0	1	21	487	467	2.1	39.2
Query_125945	XR_004040642.1	100.000	21	0	0	1	21	491	471	2.1	39.2
Query_125945	XR_004040641.1	100.000	21	0	0	1	21	491	471	2.1	39.2
Query_125945	XM_030861711.1	100.000	21	0	0	1	21	487	467	2.1	39.2
Query_125945	XM_030800357.1	100.000	21	0	0	1	21	486	466	2.1	39.2
Query_125945	XM_022595421.2	100.000	21	0	0	1	21	507	487	2.1	39.2
Query_125945	XM_029211108.1	100.000	21	0	0	1	21	492	472	2.1	39.2
Query_125945	XR_001440232.2	100.000	21	0	0	1	21	579	559	2.1	39.2
Query_125945	XR_001440230.2	100.000	21	0	0	1	21	352	332	2.1	39.2
Query_125945	XM_015118270.2	100.000	21	0	0	1	21	481	461	2.1	39.2
Query_125945	XM_028835904.1	100.000	21	0	0	1	21	209	189	2.1	39.2
Query_125945	XM_028534147.1	100.000	21	0	0	1	21	481	461	2.1	39.2
Query_125945	XM_028498186.1	100.000	21	0	0	1	21	491	471	2.1	39.2
Query_125945	XM_027130745.1	100.000	21	0	0	1	21	487	467	2.1	39.2
Query_125945	XR_003438008.1	100.000	21	0	0	1	21	499	479	2.1	39.2
Query_125945	XR_003438007.1	100.000	21	0	0	1	21	499	479	2.1	39.2
Query_125945	XM_027130744.1	100.000	21	0	0	1	21	494	474	2.1	39.2
Query_125945	XR_003614222.1	100.000	21	0	0	1	21	709	689	2.1	39.2
Query_125945	XM_008156752.2	100.000	21	0	0	1	21	468	448	2.1	39.2
Query_125945	XM_028133011.1	100.000	21	0	0	1	21	707	687	2.1	39.2
Query_125945	XM_028133010.1	100.000	21	0	0	1	21	809	789	2.1	39.2
Query_125945	XM_028133009.1	100.000	21	0	0	1	21	691	671	2.1	39.2
Query_125945	XR_003614221.1	100.000	21	0	0	1	21	782	762	2.1	39.2
Query_125945	XM_028133008.1	100.000	21	0	0	1	21	779	759	2.1	39.2
Query_125945	XM_028133006.1	100.000	21	0	0	1	21	801	781	2.1	39.2
Query_125945	XM_007177418.2	100.000	21	0	0	1	21	103	83	2.1	39.2
Query_125945	XM_007177417.2	100.000	21	0	0	1	21	450	430	2.1	39.2
Query_125945	XR_003590717.1	100.000	21	0	0	1	21	532	512	2.1	39.2
Query_125945	XM_027975112.1	100.000	21	0	0	1	21	495	475	2.1	39.2
Query_125945	CP034495.1	100.000	21	0	0	1	21	4210341	4210361	2.1	39.2
Query_125945	CP034495.1	100.000	21	0	0	1	21	84390610	84390630	2.1	39.2
Query_125945	XM_025362958.1	100.000	21	0	0	1	21	486	466	2.1	39.2
Query_125945	XM_006922213.3	100.000	21	0	0	1	21	607	587	2.1	39.2
Query_125945	XR_981472.2	100.000	21	0	0	1	21	253	233	2.1	39.2
Query_125945	XR_003016002.1	100.000	21	0	0	1	21	356	336	2.1	39.2
Query_125945	XR_981462.2	100.000	21	0	0	1	21	778	758	2.1	39.2
Query_125945	XR_003015996.1	100.000	21	0	0	1	21	632	612	2.1	39.2
Query_125945	XR_981464.2	100.000	21	0	0	1	21	810	790	2.1	39.2
Query_125945	XM_024736378.1	100.000	21	0	0	1	21	492	472	2.1	39.2
Query_125945	XM_024564898.1	100.000	21	0	0	1	21	455	435	2.1	39.2
Query_125945	XM_009431600.3	100.000	21	0	0	1	21	112	92	2.1	39.2
Query_125945	XM_016931252.2	100.000	21	0	0	1	21	486	466	2.1	39.2
Query_125945	XM_002826864.4	100.000	21	0	0	1	21	486	466	2.1	39.2
Query_125945	XR_002826840.1	100.000	21	0	0	1	21	445	425	2.1	39.2
Query_125945	XM_006105276.3	100.000	21	0	0	1	21	442	422	2.1	39.2
Query_125945	XM_006093772.3	100.000	21	0	0	1	21	341	321	2.1	39.2
Query_125945	XM_023653288.1	100.000	21	0	0	1	21	429	409	2.1	39.2
Query_125945	XR_005721604.1	100.000	21	0	0	1	21	531	511	2.1	39.2
Query_125945	XR_005721603.1	100.000	21	0	0	1	21	561	541	2.1	39.2
Query_125945	XM_040243712.1	100.000	21	0	0	1	21	495	475	2.1	39.2
Query_125945	XR_005658082.1	100.000	21	0	0	1	21	309	289	2.1	39.2
Query_125945	XM_039886420.1	100.000	21	0	0	1	21	478	458	2.1	39.2
Query_125945	XM_039476665.1	100.000	21	0	0	1	21	507	487	2.1	39.2
Query_125945	CP068261.1	100.000	21	0	0	1	21	4196584	4196604	2.1	39.2
Query_125945	XR_005236751.1	100.000	21	0	0	1	21	318	298	2.1	39.2
Query_125945	XR_005236750.1	100.000	21	0	0	1	21	306	286	2.1	39.2
Query_125945	XM_008009911.2	100.000	21	0	0	1	21	490	470	2.1	39.2
Query_125945	XM_037810445.1	100.000	21	0	0	1	21	469	449	2.1	39.2
Query_125945	XM_037801494.1	100.000	21	0	0	1	21	296	276	2.1	39.2
Query_125945	XM_017512180.2	100.000	21	0	0	1	21	479	459	2.1	39.2
Query_125945	XM_037495089.1	100.000	21	0	0	1	21	451	431	2.1	39.2
Query_125945	XM_037133033.1	100.000	21	0	0	1	21	484	464	2.1	39.2
Query_125945	XM_037029619.1	100.000	21	0	0	1	21	481	461	2.1	39.2
Query_125945	XM_037022823.1	100.000	21	0	0	1	21	213	193	2.1	39.2
Query_125945	XM_036887031.1	100.000	21	0	0	1	21	218	198	2.1	39.2
Query_125945	XM_036452373.1	100.000	21	0	0	1	21	479	459	2.1	39.2
Query_125945	XM_036341263.1	100.000	21	0	0	1	21	269	249	2.1	39.2
Query_125945	XM_036341262.1	100.000	21	0	0	1	21	442	422	2.1	39.2
Query_125945	XM_036341261.1	100.000	21	0	0	1	21	214	194	2.1	39.2
Query_125945	XM_036341260.1	100.000	21	0	0	1	21	223	203	2.1	39.2
Query_125945	XM_036318344.1	100.000	21	0	0	1	21	178	158	2.1	39.2
Query_125945	XM_036268448.1	100.000	21	0	0	1	21	380	360	2.1	39.2
Query_125945	XM_016138806.2	100.000	21	0	0	1	21	592	572	2.1	39.2
Query_125945	AP023477.1	100.000	21	0	0	1	21	4380482	4380502	2.1	39.2
Query_125945	NM_003342.5	100.000	21	0	0	1	21	483	463	2.1	39.2
Query_125945	LR862372.1	100.000	21	0	0	1	21	13622629	13622609	2.1	39.2
Query_125945	XR_004743113.1	100.000	21	0	0	1	21	575	555	2.1	39.2
Query_125945	XM_002747845.5	100.000	21	0	0	1	21	496	476	2.1	39.2


