# blastn
# Iteration: 0
# Query: 
# RID: 8YDBPCTN01N
# Database: nt
# Fields: query acc.ver, subject acc.ver, % identity, alignment length, mismatches, gap opens, q. start, q. end, s. start, s. end, evalue, bit score
# 100 hits found
Query_334667	XM_034521250.1	100.000	21	0	0	1	21	684	664	2.1	39.2
Query_334667	XM_034521249.1	100.000	21	0	0	1	21	694	674	2.1	39.2
Query_334667	XM_034521248.1	100.000	21	0	0	1	21	722	702	2.1	39.2
Query_334667	XM_010617711.3	100.000	21	0	0	1	21	584	564	2.1	39.2
Query_334667	XM_019206578.2	100.000	21	0	0	1	21	623	603	2.1	39.2
Query_334667	XM_033217305.1	100.000	21	0	0	1	21	933	913	2.1	39.2
Query_334667	XM_033217304.1	100.000	21	0	0	1	21	830	810	2.1	39.2
Query_334667	XM_033217303.1	100.000	21	0	0	1	21	705	685	2.1	39.2
Query_334667	XM_033217302.1	100.000	21	0	0	1	21	869	849	2.1	39.2
Query_334667	XM_033217301.1	100.000	21	0	0	1	21	744	724	2.1	39.2
Query_334667	XM_032862065.1	100.000	21	0	0	1	21	692	672	2.1	39.2
Query_334667	XM_032862064.1	100.000	21	0	0	1	21	734	714	2.1	39.2
Query_334667	XM_032340102.1	100.000	21	0	0	1	21	714	694	2.1	39.2
Query_334667	XM_032340101.1	100.000	21	0	0	1	21	753	733	2.1	39.2
Query_334667	XM_032299538.1	100.000	21	0	0	1	21	650	630	2.1	39.2
Query_334667	XM_032299537.1	100.000	21	0	0	1	21	784	764	2.1	39.2
Query_334667	XM_032299536.1	100.000	21	0	0	1	21	816	796	2.1	39.2
Query_334667	XM_032299535.1	100.000	21	0	0	1	21	810	790	2.1	39.2
Query_334667	XM_032299534.1	100.000	21	0	0	1	21	733	713	2.1	39.2
Query_334667	XM_032141775.1	100.000	21	0	0	1	21	682	662	2.1	39.2
Query_334667	XM_032141774.1	100.000	21	0	0	1	21	809	789	2.1	39.2
Query_334667	XM_032141773.1	100.000	21	0	0	1	21	727	707	2.1	39.2
Query_334667	XM_023212910.2	100.000	21	0	0	1	21	929	909	2.1	39.2
Query_334667	XM_009205268.3	100.000	21	0	0	1	21	830	810	2.1	39.2
Query_334667	XM_009205267.4	100.000	21	0	0	1	21	674	654	2.1	39.2
Query_334667	XM_017957888.2	100.000	21	0	0	1	21	869	849	2.1	39.2
Query_334667	XM_009205270.2	100.000	21	0	0	1	21	784	764	2.1	39.2
Query_334667	XM_003897656.2	100.000	21	0	0	1	21	727	707	2.1	39.2
Query_334667	XM_019029654.2	100.000	21	0	0	1	21	831	811	2.1	39.2
Query_334667	XM_031012164.1	100.000	21	0	0	1	21	661	641	2.1	39.2
Query_334667	XM_031012163.1	100.000	21	0	0	1	21	804	784	2.1	39.2
Query_334667	XM_019029653.2	100.000	21	0	0	1	21	870	850	2.1	39.2
Query_334667	XM_031012162.1	100.000	21	0	0	1	21	727	707	2.1	39.2
Query_334667	XM_030928592.1	100.000	21	0	0	1	21	805	785	2.1	39.2
Query_334667	XM_010369756.2	100.000	21	0	0	1	21	828	808	2.1	39.2
Query_334667	XM_010369755.2	100.000	21	0	0	1	21	687	667	2.1	39.2
Query_334667	XM_010369754.2	100.000	21	0	0	1	21	867	847	2.1	39.2
Query_334667	XM_010369752.2	100.000	21	0	0	1	21	726	706	2.1	39.2
Query_334667	XM_030795985.1	100.000	21	0	0	1	21	682	662	2.1	39.2
Query_334667	XM_030795984.1	100.000	21	0	0	1	21	773	753	2.1	39.2
Query_334667	XM_030795983.1	100.000	21	0	0	1	21	809	789	2.1	39.2
Query_334667	XM_030795982.1	100.000	21	0	0	1	21	727	707	2.1	39.2
Query_334667	XM_029561598.1	100.000	21	0	0	1	21	691	671	2.1	39.2
Query_334667	XM_008829050.3	100.000	21	0	0	1	21	803	783	2.1	39.2
Query_334667	XM_008829049.3	100.000	21	0	0	1	21	730	710	2.1	39.2
Query_334667	XM_029471107.1	100.000	21	0	0	1	21	675	655	2.1	39.2
Query_334667	XM_029471106.1	100.000	21	0	0	1	21	784	764	2.1	39.2
Query_334667	XM_021149948.2	100.000	21	0	0	1	21	806	786	2.1	39.2
Query_334667	XM_028847511.1	100.000	21	0	0	1	21	619	599	2.1	39.2
Query_334667	XM_028847510.1	100.000	21	0	0	1	21	798	778	2.1	39.2
Query_334667	XM_028847509.1	100.000	21	0	0	1	21	762	742	2.1	39.2
Query_334667	XM_015136438.2	100.000	21	0	0	1	21	734	714	2.1	39.2
Query_334667	XM_015136440.2	100.000	21	0	0	1	21	838	818	2.1	39.2
Query_334667	XM_027959016.1	100.000	21	0	0	1	21	625	605	2.1	39.2
Query_334667	XM_027959015.1	100.000	21	0	0	1	21	691	671	2.1	39.2
Query_334667	XM_040983458.1	100.000	21	0	0	1	21	726	706	2.1	39.2
Query_334667	XM_007972423.2	100.000	21	0	0	1	21	805	785	2.1	39.2
Query_334667	XM_038006128.1	100.000	21	0	0	1	21	830	810	2.1	39.2
Query_334667	XM_038006127.1	100.000	21	0	0	1	21	726	706	2.1	39.2
Query_334667	XM_007972424.2	100.000	21	0	0	1	21	869	849	2.1	39.2
Query_334667	XM_007972422.2	100.000	21	0	0	1	21	765	745	2.1	39.2
Query_334667	XM_037843300.1	100.000	21	0	0	1	21	630	610	2.1	39.2
Query_334667	XM_037843299.1	100.000	21	0	0	1	21	681	661	2.1	39.2
Query_334667	XM_037843298.1	100.000	21	0	0	1	21	733	713	2.1	39.2
Query_334667	XM_037843297.1	100.000	21	0	0	1	21	720	700	2.1	39.2
Query_334667	XM_017547408.2	100.000	21	0	0	1	21	712	692	2.1	39.2
Query_334667	XM_037745344.1	100.000	21	0	0	1	21	784	764	2.1	39.2
Query_334667	XM_017547404.2	100.000	21	0	0	1	21	753	733	2.1	39.2
Query_334667	XM_017547403.2	100.000	21	0	0	1	21	810	790	2.1	39.2
Query_334667	XM_017547402.2	100.000	21	0	0	1	21	728	708	2.1	39.2
Query_334667	XM_037142609.1	100.000	21	0	0	1	21	689	669	2.1	39.2
Query_334667	XM_037142608.1	100.000	21	0	0	1	21	782	762	2.1	39.2
Query_334667	XM_037142607.1	100.000	21	0	0	1	21	728	708	2.1	39.2
Query_334667	XM_037053815.1	100.000	21	0	0	1	21	698	678	2.1	39.2
Query_334667	XM_037053808.1	100.000	21	0	0	1	21	803	783	2.1	39.2
Query_334667	XM_037053800.1	100.000	21	0	0	1	21	737	717	2.1	39.2
Query_334667	XM_036765790.1	100.000	21	0	0	1	21	868	848	2.1	39.2
Query_334667	XM_036765789.1	100.000	21	0	0	1	21	699	679	2.1	39.2
Query_334667	XM_036765788.1	100.000	21	0	0	1	21	746	726	2.1	39.2
Query_334667	XM_004590404.2	100.000	21	0	0	1	21	711	691	2.1	39.2
Query_334667	XR_001782067.3	100.000	21	0	0	1	21	778	758	2.1	39.2
Query_334667	XM_030249734.2	100.000	21	0	0	1	21	793	773	2.1	39.2
Query_334667	XM_006524139.3	100.000	21	0	0	1	21	940	920	2.1	39.2
Query_334667	XM_006524138.5	100.000	21	0	0	1	21	762	742	2.1	39.2
Query_334667	XM_006524136.3	100.000	21	0	0	1	21	979	959	2.1	39.2
Query_334667	XM_028508568.2	100.000	21	0	0	1	21	854	834	2.1	39.2
Query_334667	XM_028508566.2	100.000	21	0	0	1	21	717	697	2.1	39.2
Query_334667	XM_028508565.2	100.000	21	0	0	1	21	756	736	2.1	39.2
Query_334667	XM_036024155.1	100.000	21	0	0	1	21	918	898	2.1	39.2
Query_334667	XM_036024154.1	100.000	21	0	0	1	21	996	976	2.1	39.2
Query_334667	XM_036024153.1	100.000	21	0	0	1	21	957	937	2.1	39.2
Query_334667	MT702919.1	100.000	21	0	0	1	21	83778	83798	2.1	39.2
Query_334667	XM_035295753.1	100.000	21	0	0	1	21	877	857	2.1	39.2
Query_334667	XM_035295752.1	100.000	21	0	0	1	21	713	693	2.1	39.2
Query_334667	XM_035295750.1	100.000	21	0	0	1	21	913	893	2.1	39.2
Query_334667	XM_035295749.1	100.000	21	0	0	1	21	743	723	2.1	39.2
Query_334667	XM_035295748.1	100.000	21	0	0	1	21	757	737	2.1	39.2
Query_334667	XM_035295747.1	100.000	21	0	0	1	21	787	767	2.1	39.2
Query_334667	XM_035295746.1	100.000	21	0	0	1	21	912	892	2.1	39.2
Query_334667	XM_035295745.1	100.000	21	0	0	1	21	762	742	2.1	39.2


