# blastn
# Iteration: 0
# Query: 
# RID: 6UMD9Z5U013
# Database: nt
# Fields: query acc.ver, subject acc.ver, % identity, alignment length, mismatches, gap opens, q. start, q. end, s. start, s. end, evalue, bit score
# 100 hits found
Query_58429	XM_040485326.1	100.000	21	0	0	1	21	250	230	2.1	39.2
Query_58429	HG999684.1	100.000	21	0	0	1	21	48989513	48989533	2.1	39.2
Query_58429	XM_005319928.3	100.000	21	0	0	1	21	351	331	2.1	39.2
Query_58429	XM_040238046.1	100.000	21	0	0	1	21	208	188	2.1	39.2
Query_58429	XM_040238044.1	100.000	21	0	0	1	21	442	422	2.1	39.2
Query_58429	XM_040064212.1	100.000	21	0	0	1	21	145	125	2.1	39.2
Query_58429	XM_040064211.1	100.000	21	0	0	1	21	231	211	2.1	39.2
Query_58429	XM_029083081.2	100.000	21	0	0	1	21	203	183	2.1	39.2
Query_58429	XM_029083082.2	100.000	21	0	0	1	21	125	105	2.1	39.2
Query_58429	HG994384.1	100.000	21	0	0	1	21	74333848	74333868	2.1	39.2
Query_58429	XM_039844998.1	100.000	21	0	0	1	21	386	366	2.1	39.2
Query_58429	XM_039844997.1	100.000	21	0	0	1	21	224	204	2.1	39.2
Query_58429	XM_039844995.1	100.000	21	0	0	1	21	331	311	2.1	39.2
Query_58429	XM_039699084.1	100.000	21	0	0	1	21	258	238	2.1	39.2
Query_58429	XM_039699083.1	100.000	21	0	0	1	21	272	252	2.1	39.2
Query_58429	XM_039550530.1	100.000	21	0	0	1	21	246	226	2.1	39.2
Query_58429	XM_039539606.1	100.000	21	0	0	1	21	270	250	2.1	39.2
Query_58429	XM_003940989.2	100.000	21	0	0	1	21	202	182	2.1	39.2
Query_58429	XM_027731593.2	100.000	21	0	0	1	21	209	189	2.1	39.2
Query_58429	XM_039325268.1	100.000	21	0	0	1	21	264	244	2.1	39.2
Query_58429	XM_039226965.1	100.000	21	0	0	1	21	102	82	2.1	39.2
Query_58429	XM_039226963.1	100.000	21	0	0	1	21	345	325	2.1	39.2
Query_58429	XM_039091716.1	100.000	21	0	0	1	21	449	429	2.1	39.2
Query_58429	XM_038661950.1	100.000	21	0	0	1	21	356	336	2.1	39.2
Query_58429	XM_003434394.5	100.000	21	0	0	1	21	356	336	2.1	39.2
Query_58429	XM_038752828.1	100.000	21	0	0	1	21	173	153	2.1	39.2
Query_58429	XM_038399662.1	100.000	21	0	0	1	21	192	172	2.1	39.2
Query_58429	XM_038399661.1	100.000	21	0	0	1	21	227	207	2.1	39.2
Query_58429	XM_038323543.1	100.000	21	0	0	1	21	460	440	2.1	39.2
Query_58429	XM_027457224.2	100.000	21	0	0	1	21	268	248	2.1	39.2
Query_58429	XM_027457226.2	100.000	21	0	0	1	21	276	256	2.1	39.2
Query_58429	XM_027457223.2	100.000	21	0	0	1	21	406	386	2.1	39.2
Query_58429	XM_038136329.1	100.000	21	0	0	1	21	669	649	2.1	39.2
Query_58429	XM_008017600.2	100.000	21	0	0	1	21	405	385	2.1	39.2
Query_58429	XM_037897915.1	100.000	21	0	0	1	21	235	215	2.1	39.2
Query_58429	XM_037829623.1	100.000	21	0	0	1	21	283	263	2.1	39.2
Query_58429	XR_001826530.2	100.000	21	0	0	1	21	274	254	2.1	39.2
Query_58429	XM_017527247.2	100.000	21	0	0	1	21	405	385	2.1	39.2
Query_58429	XM_017527245.2	100.000	21	0	0	1	21	405	385	2.1	39.2
Query_58429	XM_037530493.1	100.000	21	0	0	1	21	332	312	2.1	39.2
Query_58429	XM_037391649.1	100.000	21	0	0	1	21	120	100	2.1	39.2
Query_58429	XM_037391639.1	100.000	21	0	0	1	21	168	148	2.1	39.2
Query_58429	XM_037391629.1	100.000	21	0	0	1	21	220	200	2.1	39.2
Query_58429	XM_037391619.1	100.000	21	0	0	1	21	296	276	2.1	39.2
Query_58429	XM_028882240.2	100.000	21	0	0	1	21	186	166	2.1	39.2
Query_58429	XM_037138033.1	100.000	21	0	0	1	21	347	327	2.1	39.2
Query_58429	XM_037064306.1	100.000	21	0	0	1	21	331	311	2.1	39.2
Query_58429	XM_017662459.2	100.000	21	0	0	1	21	273	253	2.1	39.2
Query_58429	XM_036908505.1	100.000	21	0	0	1	21	275	255	2.1	39.2
Query_58429	XM_036853403.1	100.000	21	0	0	1	21	255	235	2.1	39.2
Query_58429	XM_036852348.1	100.000	21	0	0	1	21	325	305	2.1	39.2
Query_58429	XM_036852347.1	100.000	21	0	0	1	21	368	348	2.1	39.2
Query_58429	XM_036496827.1	100.000	21	0	0	1	21	238	218	2.1	39.2
Query_58429	XM_036496826.1	100.000	21	0	0	1	21	341	321	2.1	39.2
Query_58429	XM_004579145.3	100.000	21	0	0	1	21	297	277	2.1	39.2
Query_58429	XM_036418282.1	100.000	21	0	0	1	21	353	333	2.1	39.2
Query_58429	XM_036381662.1	100.000	21	0	0	1	21	138	118	2.1	39.2
Query_58429	XM_036381661.1	100.000	21	0	0	1	21	265	245	2.1	39.2
Query_58429	XM_036331571.1	100.000	21	0	0	1	21	502	482	2.1	39.2
Query_58429	XM_036331560.1	100.000	21	0	0	1	21	120	100	2.1	39.2
Query_58429	XM_036331552.1	100.000	21	0	0	1	21	123	103	2.1	39.2
Query_58429	XM_036331544.1	100.000	21	0	0	1	21	184	164	2.1	39.2
Query_58429	XM_036258045.1	100.000	21	0	0	1	21	109	89	2.1	39.2
Query_58429	XM_036258037.1	100.000	21	0	0	1	21	175	155	2.1	39.2
Query_58429	XM_036258027.1	100.000	21	0	0	1	21	245	225	2.1	39.2
Query_58429	XM_036258018.1	100.000	21	0	0	1	21	280	260	2.1	39.2
Query_58429	XM_036258009.1	100.000	21	0	0	1	21	333	313	2.1	39.2
Query_58429	XM_036258001.1	100.000	21	0	0	1	21	332	312	2.1	39.2
Query_58429	XM_036228034.1	100.000	21	0	0	1	21	385	365	2.1	39.2
Query_58429	XM_036228032.1	100.000	21	0	0	1	21	79	59	2.1	39.2
Query_58429	XM_036228031.1	100.000	21	0	0	1	21	226	206	2.1	39.2
Query_58429	XM_016119953.2	100.000	21	0	0	1	21	333	313	2.1	39.2
Query_58429	XM_036228030.1	100.000	21	0	0	1	21	346	326	2.1	39.2
Query_58429	XM_036200412.1	100.000	21	0	0	1	21	399	379	2.1	39.2
Query_58429	XM_036112050.1	100.000	21	0	0	1	21	198	178	2.1	39.2
Query_58429	XM_036112045.1	100.000	21	0	0	1	21	330	310	2.1	39.2
Query_58429	XM_036112039.1	100.000	21	0	0	1	21	156	136	2.1	39.2
Query_58429	XM_036112035.1	100.000	21	0	0	1	21	189	169	2.1	39.2
Query_58429	XM_036112026.1	100.000	21	0	0	1	21	272	252	2.1	39.2
Query_58429	XM_030314001.3	100.000	21	0	0	1	21	311	291	2.1	39.2
Query_58429	XM_028507668.2	100.000	21	0	0	1	21	340	320	2.1	39.2
Query_58429	LR877233.1	100.000	21	0	0	1	21	53841768	53841748	2.1	39.2
Query_58429	LR877197.1	100.000	21	0	0	1	21	44506945	44506965	2.1	39.2
Query_58429	XM_035896737.1	100.000	21	0	0	1	21	297	277	2.1	39.2
Query_58429	XM_035714480.1	100.000	21	0	0	1	21	80	60	2.1	39.2
Query_58429	XM_035714479.1	100.000	21	0	0	1	21	83	63	2.1	39.2
Query_58429	XM_025437022.2	100.000	21	0	0	1	21	355	335	2.1	39.2
Query_58429	XM_027599485.2	100.000	21	0	0	1	21	355	335	2.1	39.2
Query_58429	XM_035551312.1	100.000	21	0	0	1	21	275	255	2.1	39.2
Query_58429	XM_035551303.1	100.000	21	0	0	1	21	455	435	2.1	39.2
Query_58429	XM_035551302.1	100.000	21	0	0	1	21	143	123	2.1	39.2
Query_58429	XM_027390757.2	100.000	21	0	0	1	21	325	305	2.1	39.2
Query_58429	XM_003512233.3	100.000	21	0	0	1	21	469	449	2.1	39.2
Query_58429	XM_035326247.1	100.000	21	0	0	1	21	96	76	2.1	39.2
Query_58429	XM_035326246.1	100.000	21	0	0	1	21	123	103	2.1	39.2
Query_58429	XM_035326245.1	100.000	21	0	0	1	21	211	191	2.1	39.2
Query_58429	XM_008993465.3	100.000	21	0	0	1	21	527	507	2.1	39.2
Query_58429	XM_035293864.1	100.000	21	0	0	1	21	120	100	2.1	39.2
Query_58429	XM_002745900.5	100.000	21	0	0	1	21	512	492	2.1	39.2
Query_58429	LS423614.1	100.000	21	0	0	1	21	51642092	51642112	2.1	39.2


