# blastn
# Iteration: 0
# Query: 
# RID: 6X1KGF8D01R
# Database: nt
# Fields: query acc.ver, subject acc.ver, % identity, alignment length, mismatches, gap opens, q. start, q. end, s. start, s. end, evalue, bit score
# 24 hits found
Query_128391	XR_005491585.1	100.000	21	0	0	1	21	441	421	2.0	39.2
Query_128391	XM_008769306.3	100.000	21	0	0	1	21	138	118	2.0	39.2
Query_128391	XM_017598236.2	100.000	21	0	0	1	21	441	421	2.0	39.2
Query_128391	XM_006249517.4	100.000	21	0	0	1	21	441	421	2.0	39.2
Query_128391	XM_006249516.4	100.000	21	0	0	1	21	441	421	2.0	39.2
Query_128391	XM_039089005.1	100.000	21	0	0	1	21	441	421	2.0	39.2
Query_128391	XM_008769305.3	100.000	21	0	0	1	21	441	421	2.0	39.2
Query_128391	XM_017598234.2	100.000	21	0	0	1	21	441	421	2.0	39.2
Query_128391	XM_006249515.4	100.000	21	0	0	1	21	441	421	2.0	39.2
Query_128391	NM_053656.3	100.000	21	0	0	1	21	168	148	2.0	39.2
Query_128391	AF020759.1	100.000	21	0	0	1	21	149	129	2.0	39.2
Query_128391	AF020758.1	100.000	21	0	0	1	21	149	129	2.0	39.2
Query_128391	AF020757.1	100.000	21	0	0	1	21	149	129	2.0	39.2
Query_128391	AF020756.1	100.000	21	0	0	1	21	149	129	2.0	39.2
Query_128391	Y10475.1	100.000	21	0	0	1	21	168	148	2.0	39.2
Query_128391	Y10474.1	100.000	21	0	0	1	21	168	148	2.0	39.2
Query_128391	Y10473.1	100.000	21	0	0	1	21	168	148	2.0	39.2
Query_128391	Y09910.1	100.000	21	0	0	1	21	132	112	2.0	39.2
Query_128391	U14414.1	100.000	21	0	0	1	21	168	148	2.0	39.2
Query_128391	XM_029494943.1	100.000	20	0	0	1	20	3437	3456	7.1	37.4
Query_128391	XM_029494942.1	100.000	20	0	0	1	20	3458	3477	7.1	37.4
Query_128391	LR584064.1	100.000	20	0	0	1	20	9676858	9676839	7.1	37.4
Query_128391	LR877206.1	100.000	20	0	0	1	20	13212466	13212447	7.1	37.4
Query_128391	AF064549.1	100.000	20	0	0	1	20	111	92	7.1	37.4


