# blastn
# Iteration: 0
# Query: 
# RID: 9PMSSDSB016
# Database: nt
# Fields: query acc.ver, subject acc.ver, % identity, alignment length, mismatches, gap opens, q. start, q. end, s. start, s. end, evalue, bit score
# 100 hits found
Query_32443	XM_034962171.1	100.000	21	0	0	1	21	1548	1528	2.1	39.2
Query_32443	XM_008958732.2	100.000	21	0	0	1	21	1750	1730	2.1	39.2
Query_32443	XM_003833230.2	100.000	21	0	0	1	21	1721	1701	2.1	39.2
Query_32443	XM_033217305.1	100.000	21	0	0	1	21	1912	1892	2.1	39.2
Query_32443	XM_033217304.1	100.000	21	0	0	1	21	1809	1789	2.1	39.2
Query_32443	XM_033217303.1	100.000	21	0	0	1	21	1684	1664	2.1	39.2
Query_32443	XM_033217302.1	100.000	21	0	0	1	21	1848	1828	2.1	39.2
Query_32443	XM_033217301.1	100.000	21	0	0	1	21	1723	1703	2.1	39.2
Query_32443	XM_033144543.1	100.000	21	0	0	1	21	1761	1741	2.1	39.2
Query_32443	XM_033144542.1	100.000	21	0	0	1	21	1564	1544	2.1	39.2
Query_32443	XM_033144541.1	100.000	21	0	0	1	21	1603	1583	2.1	39.2
Query_32443	XM_032900660.1	100.000	21	0	0	1	21	1750	1730	2.1	39.2
Query_32443	XM_032900659.1	100.000	21	0	0	1	21	1693	1673	2.1	39.2
Query_32443	XM_032900657.1	100.000	21	0	0	1	21	1607	1587	2.1	39.2
Query_32443	XM_032900656.1	100.000	21	0	0	1	21	1732	1712	2.1	39.2
Query_32443	XM_032299538.1	100.000	21	0	0	1	21	1629	1609	2.1	39.2
Query_32443	XM_032299537.1	100.000	21	0	0	1	21	1763	1743	2.1	39.2
Query_32443	XM_032299536.1	100.000	21	0	0	1	21	1795	1775	2.1	39.2
Query_32443	XM_032299535.1	100.000	21	0	0	1	21	1789	1769	2.1	39.2
Query_32443	XM_032299534.1	100.000	21	0	0	1	21	1712	1692	2.1	39.2
Query_32443	XM_032141775.1	100.000	21	0	0	1	21	1661	1641	2.1	39.2
Query_32443	XM_032141774.1	100.000	21	0	0	1	21	1788	1768	2.1	39.2
Query_32443	XM_032141773.1	100.000	21	0	0	1	21	1706	1686	2.1	39.2
Query_32443	XM_023212910.2	100.000	21	0	0	1	21	1908	1888	2.1	39.2
Query_32443	XM_009205268.3	100.000	21	0	0	1	21	1809	1789	2.1	39.2
Query_32443	XM_009205267.4	100.000	21	0	0	1	21	1653	1633	2.1	39.2
Query_32443	XM_017957888.2	100.000	21	0	0	1	21	1848	1828	2.1	39.2
Query_32443	XM_009205270.2	100.000	21	0	0	1	21	1763	1743	2.1	39.2
Query_32443	XM_003897656.2	100.000	21	0	0	1	21	1706	1686	2.1	39.2
Query_32443	XM_019029654.2	100.000	21	0	0	1	21	1810	1790	2.1	39.2
Query_32443	XM_031012164.1	100.000	21	0	0	1	21	1640	1620	2.1	39.2
Query_32443	XM_031012163.1	100.000	21	0	0	1	21	1783	1763	2.1	39.2
Query_32443	XM_019029653.2	100.000	21	0	0	1	21	1849	1829	2.1	39.2
Query_32443	XM_031012162.1	100.000	21	0	0	1	21	1706	1686	2.1	39.2
Query_32443	XM_030928592.1	100.000	21	0	0	1	21	1784	1764	2.1	39.2
Query_32443	XM_010369756.2	100.000	21	0	0	1	21	1807	1787	2.1	39.2
Query_32443	XM_010369755.2	100.000	21	0	0	1	21	1666	1646	2.1	39.2
Query_32443	XM_010369754.2	100.000	21	0	0	1	21	1846	1826	2.1	39.2
Query_32443	XM_010369752.2	100.000	21	0	0	1	21	1705	1685	2.1	39.2
Query_32443	XM_030795985.1	100.000	21	0	0	1	21	1661	1641	2.1	39.2
Query_32443	XM_030795984.1	100.000	21	0	0	1	21	1752	1732	2.1	39.2
Query_32443	XM_030795983.1	100.000	21	0	0	1	21	1788	1768	2.1	39.2
Query_32443	XM_030795982.1	100.000	21	0	0	1	21	1706	1686	2.1	39.2
Query_32443	XM_024193763.2	100.000	21	0	0	1	21	1706	1686	2.1	39.2
Query_32443	XM_024193762.2	100.000	21	0	0	1	21	1745	1725	2.1	39.2
Query_32443	XM_028847511.1	100.000	21	0	0	1	21	1598	1578	2.1	39.2
Query_32443	XM_028847510.1	100.000	21	0	0	1	21	1777	1757	2.1	39.2
Query_32443	XM_028847509.1	100.000	21	0	0	1	21	1741	1721	2.1	39.2
Query_32443	XM_015136438.2	100.000	21	0	0	1	21	1713	1693	2.1	39.2
Query_32443	XM_015136440.2	100.000	21	0	0	1	21	1817	1797	2.1	39.2
Query_32443	XM_028724353.1	100.000	21	0	0	1	21	1463	1443	2.1	39.2
Query_32443	XM_028724352.1	100.000	21	0	0	1	21	1729	1709	2.1	39.2
Query_32443	XM_028724351.1	100.000	21	0	0	1	21	1768	1748	2.1	39.2
Query_32443	XM_028724350.1	100.000	21	0	0	1	21	1658	1638	2.1	39.2
Query_32443	XM_028724349.1	100.000	21	0	0	1	21	1768	1748	2.1	39.2
Query_32443	LR132021.2	100.000	21	0	0	1	21	8905336	8905316	2.1	39.2
Query_32443	NM_018426.3	100.000	21	0	0	1	21	1712	1692	2.1	39.2
Query_32443	XM_026274866.1	100.000	21	0	0	1	21	1898	1878	2.1	39.2
Query_32443	XM_026274865.1	100.000	21	0	0	1	21	1937	1917	2.1	39.2
Query_32443	XM_026274864.1	100.000	21	0	0	1	21	1937	1917	2.1	39.2
Query_32443	XM_026250881.1	100.000	21	0	0	1	21	1892	1872	2.1	39.2
Query_32443	XM_026250880.1	100.000	21	0	0	1	21	1931	1911	2.1	39.2
Query_32443	XM_026250878.1	100.000	21	0	0	1	21	1929	1909	2.1	39.2
Query_32443	XM_026250877.1	100.000	21	0	0	1	21	1931	1911	2.1	39.2
Query_32443	XM_026250876.1	100.000	21	0	0	1	21	1931	1911	2.1	39.2
Query_32443	XM_025383334.1	100.000	21	0	0	1	21	1759	1739	2.1	39.2
Query_32443	XM_025383333.1	100.000	21	0	0	1	21	1746	1726	2.1	39.2
Query_32443	XM_025383332.1	100.000	21	0	0	1	21	1706	1686	2.1	39.2
Query_32443	XM_011754408.2	100.000	21	0	0	1	21	1784	1764	2.1	39.2
Query_32443	XM_011754410.2	100.000	21	0	0	1	21	1642	1622	2.1	39.2
Query_32443	XM_011754409.2	100.000	21	0	0	1	21	1635	1615	2.1	39.2
Query_32443	XM_024795278.1	100.000	21	0	0	1	21	1741	1721	2.1	39.2
Query_32443	XM_011754407.2	100.000	21	0	0	1	21	1707	1687	2.1	39.2
Query_32443	XR_001743506.2	100.000	21	0	0	1	21	2092	2072	2.1	39.2
Query_32443	XM_024446482.1	100.000	21	0	0	1	21	1980	1960	2.1	39.2
Query_32443	XM_009451354.3	100.000	21	0	0	1	21	1784	1764	2.1	39.2
Query_32443	XM_016955600.2	100.000	21	0	0	1	21	1753	1733	2.1	39.2
Query_32443	XM_016955605.2	100.000	21	0	0	1	21	1933	1913	2.1	39.2
Query_32443	XM_024357229.1	100.000	21	0	0	1	21	1650	1630	2.1	39.2
Query_32443	XM_016955604.2	100.000	21	0	0	1	21	1763	1743	2.1	39.2
Query_32443	XM_016955603.2	100.000	21	0	0	1	21	1973	1953	2.1	39.2
Query_32443	XM_016955602.2	100.000	21	0	0	1	21	1706	1686	2.1	39.2
Query_32443	XM_029175323.2	100.000	21	0	0	1	21	1910	1890	2.1	39.2
Query_32443	XM_029175322.2	100.000	21	0	0	1	21	1955	1935	2.1	39.2
Query_32443	XM_029175321.2	100.000	21	0	0	1	21	1955	1935	2.1	39.2
Query_32443	XM_039466881.1	100.000	21	0	0	1	21	1836	1816	2.1	39.2
Query_32443	XM_010333936.2	100.000	21	0	0	1	21	1886	1866	2.1	39.2
Query_32443	XM_039466875.1	100.000	21	0	0	1	21	1712	1692	2.1	39.2
Query_32443	XM_038799004.1	100.000	21	0	0	1	21	1839	1819	2.1	39.2
Query_32443	XM_038799003.1	100.000	21	0	0	1	21	1801	1781	2.1	39.2
Query_32443	XM_038799002.1	100.000	21	0	0	1	21	1841	1821	2.1	39.2
Query_32443	XM_017547408.2	100.000	21	0	0	1	21	1691	1671	2.1	39.2
Query_32443	XM_037745344.1	100.000	21	0	0	1	21	1763	1743	2.1	39.2
Query_32443	XM_017547404.2	100.000	21	0	0	1	21	1732	1712	2.1	39.2
Query_32443	XM_017547403.2	100.000	21	0	0	1	21	1789	1769	2.1	39.2
Query_32443	XM_017547402.2	100.000	21	0	0	1	21	1707	1687	2.1	39.2
Query_32443	XM_017702665.2	100.000	21	0	0	1	21	1916	1896	2.1	39.2
Query_32443	XM_037538793.1	100.000	21	0	0	1	21	1955	1935	2.1	39.2
Query_32443	XM_036573640.1	100.000	21	0	0	1	21	1905	1885	2.1	39.2
Query_32443	XM_036573639.1	100.000	21	0	0	1	21	1944	1924	2.1	39.2


