# blastn
# Iteration: 0
# Query: 
# RID: 8YRKWHZK013
# Database: nt
# Fields: query acc.ver, subject acc.ver, % identity, alignment length, mismatches, gap opens, q. start, q. end, s. start, s. end, evalue, bit score
# 100 hits found
Query_4801	XR_005885303.1	100.000	21	0	0	1	21	473	453	2.1	39.2
Query_4801	XM_040994300.1	100.000	21	0	0	1	21	506	486	2.1	39.2
Query_4801	XM_040994291.1	100.000	21	0	0	1	21	393	373	2.1	39.2
Query_4801	XM_040741411.1	100.000	21	0	0	1	21	529	509	2.1	39.2
Query_4801	XR_001465440.3	100.000	21	0	0	1	21	580	560	2.1	39.2
Query_4801	XR_001465439.3	100.000	21	0	0	1	21	736	716	2.1	39.2
Query_4801	XM_015282784.3	100.000	21	0	0	1	21	717	697	2.1	39.2
Query_4801	XM_008710808.2	100.000	21	0	0	1	21	552	532	2.1	39.2
Query_4801	XM_008710807.2	100.000	21	0	0	1	21	551	531	2.1	39.2
Query_4801	XM_040625540.1	100.000	21	0	0	1	21	553	533	2.1	39.2
Query_4801	XR_005833614.1	100.000	21	0	0	1	21	553	533	2.1	39.2
Query_4801	XM_040625539.1	100.000	21	0	0	1	21	553	533	2.1	39.2
Query_4801	XM_040585629.1	100.000	21	0	0	1	21	552	532	2.1	39.2
Query_4801	XM_040585628.1	100.000	21	0	0	1	21	715	695	2.1	39.2
Query_4801	XR_005826679.1	100.000	21	0	0	1	21	557	537	2.1	39.2
Query_4801	XM_040585626.1	100.000	21	0	0	1	21	538	518	2.1	39.2
Query_4801	XM_040546030.1	100.000	21	0	0	1	21	528	508	2.1	39.2
Query_4801	XM_040487575.1	100.000	21	0	0	1	21	510	490	2.1	39.2
Query_4801	HG999682.1	100.000	21	0	0	1	21	63487219	63487239	2.1	39.2
Query_4801	XM_040293935.1	100.000	21	0	0	1	21	489	469	2.1	39.2
Query_4801	XM_005335831.3	100.000	21	0	0	1	21	517	497	2.1	39.2
Query_4801	XM_040262050.1	100.000	21	0	0	1	21	510	490	2.1	39.2
Query_4801	XR_005701571.1	100.000	21	0	0	1	21	487	467	2.1	39.2
Query_4801	XM_040068808.1	100.000	21	0	0	1	21	497	477	2.1	39.2
Query_4801	XM_040068806.1	100.000	21	0	0	1	21	467	447	2.1	39.2
Query_4801	HG994412.1	100.000	21	0	0	1	21	24623298	24623318	2.1	39.2
Query_4801	XM_039841888.1	100.000	21	0	0	1	21	528	508	2.1	39.2
Query_4801	XM_039841887.1	100.000	21	0	0	1	21	373	353	2.1	39.2
Query_4801	XM_039841886.1	100.000	21	0	0	1	21	601	581	2.1	39.2
Query_4801	XM_039841885.1	100.000	21	0	0	1	21	683	663	2.1	39.2
Query_4801	XM_039841884.1	100.000	21	0	0	1	21	639	619	2.1	39.2
Query_4801	XM_039841883.1	100.000	21	0	0	1	21	541	521	2.1	39.2
Query_4801	XM_039841882.1	100.000	21	0	0	1	21	529	509	2.1	39.2
Query_4801	XR_005626829.1	100.000	21	0	0	1	21	563	543	2.1	39.2
Query_4801	XR_005626828.1	100.000	21	0	0	1	21	493	473	2.1	39.2
Query_4801	XR_005626827.1	100.000	21	0	0	1	21	493	473	2.1	39.2
Query_4801	XM_039702820.1	100.000	21	0	0	1	21	473	453	2.1	39.2
Query_4801	XM_039702819.1	100.000	21	0	0	1	21	830	810	2.1	39.2
Query_4801	XM_039702818.1	100.000	21	0	0	1	21	431	411	2.1	39.2
Query_4801	XM_039702817.1	100.000	21	0	0	1	21	474	454	2.1	39.2
Query_4801	XM_039571522.1	100.000	21	0	0	1	21	503	483	2.1	39.2
Query_4801	XM_039571520.1	100.000	21	0	0	1	21	450	430	2.1	39.2
Query_4801	XM_039571516.1	100.000	21	0	0	1	21	453	433	2.1	39.2
Query_4801	XM_003940686.2	100.000	21	0	0	1	21	511	491	2.1	39.2
Query_4801	XM_039379837.1	100.000	21	0	0	1	21	461	441	2.1	39.2
Query_4801	XM_039379836.1	100.000	21	0	0	1	21	493	473	2.1	39.2
Query_4801	XM_039379835.1	100.000	21	0	0	1	21	508	488	2.1	39.2
Query_4801	XM_027722050.2	100.000	21	0	0	1	21	508	488	2.1	39.2
Query_4801	XM_039332080.1	100.000	21	0	0	1	21	644	624	2.1	39.2
Query_4801	XM_039332079.1	100.000	21	0	0	1	21	725	705	2.1	39.2
Query_4801	XM_039332078.1	100.000	21	0	0	1	21	460	440	2.1	39.2
Query_4801	XM_039332077.1	100.000	21	0	0	1	21	1730	1710	2.1	39.2
Query_4801	XM_039332076.1	100.000	21	0	0	1	21	462	442	2.1	39.2
Query_4801	XM_039332074.1	100.000	21	0	0	1	21	3657	3637	2.1	39.2
Query_4801	XM_039332073.1	100.000	21	0	0	1	21	3727	3707	2.1	39.2
Query_4801	XM_039238384.1	100.000	21	0	0	1	21	426	406	2.1	39.2
Query_4801	XM_039238383.1	100.000	21	0	0	1	21	510	490	2.1	39.2
Query_4801	XM_039100160.1	100.000	21	0	0	1	21	752	732	2.1	39.2
Query_4801	XM_039110904.1	100.000	21	0	0	1	21	547	527	2.1	39.2
Query_4801	XM_039110903.1	100.000	21	0	0	1	21	484	464	2.1	39.2
Query_4801	XM_038441411.1	100.000	21	0	0	1	21	361	341	2.1	39.2
Query_4801	XM_038441410.1	100.000	21	0	0	1	21	583	563	2.1	39.2
Query_4801	XM_038441409.1	100.000	21	0	0	1	21	517	497	2.1	39.2
Query_4801	XM_038441408.1	100.000	21	0	0	1	21	517	497	2.1	39.2
Query_4801	XM_038441407.1	100.000	21	0	0	1	21	517	497	2.1	39.2
Query_4801	XM_038460827.1	100.000	21	0	0	1	21	361	341	2.1	39.2
Query_4801	XM_038460825.1	100.000	21	0	0	1	21	583	563	2.1	39.2
Query_4801	XM_544128.6	100.000	21	0	0	1	21	517	497	2.1	39.2
Query_4801	XM_022412442.2	100.000	21	0	0	1	21	517	497	2.1	39.2
Query_4801	XM_022412441.2	100.000	21	0	0	1	21	517	497	2.1	39.2
Query_4801	XM_038766772.1	100.000	21	0	0	1	21	468	448	2.1	39.2
Query_4801	XM_038766771.1	100.000	21	0	0	1	21	533	513	2.1	39.2
Query_4801	XM_038347775.1	100.000	21	0	0	1	21	463	443	2.1	39.2
Query_4801	XM_027452359.2	100.000	21	0	0	1	21	548	528	2.1	39.2
Query_4801	XR_005255694.1	100.000	21	0	0	1	21	495	475	2.1	39.2
Query_4801	XM_038126984.1	100.000	21	0	0	1	21	393	373	2.1	39.2
Query_4801	XM_038126983.1	100.000	21	0	0	1	21	476	456	2.1	39.2
Query_4801	XM_038126982.1	100.000	21	0	0	1	21	438	418	2.1	39.2
Query_4801	XM_038126981.1	100.000	21	0	0	1	21	477	457	2.1	39.2
Query_4801	XM_008000897.2	100.000	21	0	0	1	21	558	538	2.1	39.2
Query_4801	XM_038000381.1	100.000	21	0	0	1	21	609	589	2.1	39.2
Query_4801	XM_008000899.2	100.000	21	0	0	1	21	531	511	2.1	39.2
Query_4801	XM_037830081.1	100.000	21	0	0	1	21	447	427	2.1	39.2
Query_4801	XM_037802819.1	100.000	21	0	0	1	21	438	418	2.1	39.2
Query_4801	XM_037802818.1	100.000	21	0	0	1	21	448	428	2.1	39.2
Query_4801	XM_037735437.1	100.000	21	0	0	1	21	464	444	2.1	39.2
Query_4801	XM_017520170.2	100.000	21	0	0	1	21	504	484	2.1	39.2
Query_4801	XM_017520171.2	100.000	21	0	0	1	21	511	491	2.1	39.2
Query_4801	XM_037379052.1	100.000	21	0	0	1	21	554	534	2.1	39.2
Query_4801	XM_037379051.1	100.000	21	0	0	1	21	714	694	2.1	39.2
Query_4801	XR_005102966.1	100.000	21	0	0	1	21	557	537	2.1	39.2
Query_4801	XM_037379050.1	100.000	21	0	0	1	21	538	518	2.1	39.2
Query_4801	XM_037206429.1	100.000	21	0	0	1	21	516	496	2.1	39.2
Query_4801	XM_028864631.2	100.000	21	0	0	1	21	515	495	2.1	39.2
Query_4801	XM_037150958.1	100.000	21	0	0	1	21	497	477	2.1	39.2
Query_4801	XM_037150957.1	100.000	21	0	0	1	21	497	477	2.1	39.2
Query_4801	XM_037150956.1	100.000	21	0	0	1	21	497	477	2.1	39.2
Query_4801	XM_037150955.1	100.000	21	0	0	1	21	623	603	2.1	39.2
Query_4801	XM_037150954.1	100.000	21	0	0	1	21	666	646	2.1	39.2
Query_4801	XM_037150953.1	100.000	21	0	0	1	21	1346	1326	2.1	39.2


