# blastn
# Iteration: 0
# Query: 
# RID: 8YCER1D3013
# Database: nt
# Fields: query acc.ver, subject acc.ver, % identity, alignment length, mismatches, gap opens, q. start, q. end, s. start, s. end, evalue, bit score
# 100 hits found
Query_26967	XM_040983458.1	100.000	21	0	0	1	21	2046	2026	2.1	39.2
Query_26967	XM_040643530.1	100.000	21	0	0	1	21	2114	2094	2.1	39.2
Query_26967	XM_040643528.1	100.000	21	0	0	1	21	2061	2041	2.1	39.2
Query_26967	XM_040643527.1	100.000	21	0	0	1	21	2117	2097	2.1	39.2
Query_26967	XM_040473640.1	100.000	21	0	0	1	21	2012	1992	2.1	39.2
Query_26967	XM_040473639.1	100.000	21	0	0	1	21	1951	1931	2.1	39.2
Query_26967	XM_040473638.1	100.000	21	0	0	1	21	2054	2034	2.1	39.2
Query_26967	XM_013355738.3	100.000	21	0	0	1	21	2140	2120	2.1	39.2
Query_26967	XM_021721854.2	100.000	21	0	0	1	21	2188	2168	2.1	39.2
Query_26967	XR_005722721.1	100.000	21	0	0	1	21	2048	2028	2.1	39.2
Query_26967	XM_040249572.1	100.000	21	0	0	1	21	2008	1988	2.1	39.2
Query_26967	XM_040249571.1	100.000	21	0	0	1	21	2047	2027	2.1	39.2
Query_26967	XM_040249570.1	100.000	21	0	0	1	21	2011	1991	2.1	39.2
Query_26967	HG994392.1	100.000	21	0	0	1	21	13810296	13810276	2.1	39.2
Query_26967	XM_039854831.1	100.000	21	0	0	1	21	1968	1948	2.1	39.2
Query_26967	XM_039854830.1	100.000	21	0	0	1	21	2372	2352	2.1	39.2
Query_26967	XM_039854829.1	100.000	21	0	0	1	21	2266	2246	2.1	39.2
Query_26967	XM_039854828.1	100.000	21	0	0	1	21	2051	2031	2.1	39.2
Query_26967	XM_039854827.1	100.000	21	0	0	1	21	2110	2090	2.1	39.2
Query_26967	XM_039854826.1	100.000	21	0	0	1	21	2411	2391	2.1	39.2
Query_26967	XM_039466881.1	100.000	21	0	0	1	21	2177	2157	2.1	39.2
Query_26967	XM_010333936.2	100.000	21	0	0	1	21	2227	2207	2.1	39.2
Query_26967	XM_039466875.1	100.000	21	0	0	1	21	2053	2033	2.1	39.2
Query_26967	XM_039231230.1	100.000	21	0	0	1	21	2051	2031	2.1	39.2
Query_26967	XM_039084826.1	100.000	21	0	0	1	21	2097	2077	2.1	39.2
Query_26967	XM_006244582.4	100.000	21	0	0	1	21	2046	2026	2.1	39.2
Query_26967	XM_039084824.1	100.000	21	0	0	1	21	2078	2058	2.1	39.2
Query_26967	XM_003750650.5	100.000	21	0	0	1	21	2085	2065	2.1	39.2
Query_26967	XM_038683648.1	100.000	21	0	0	1	21	2003	1983	2.1	39.2
Query_26967	XM_038683647.1	100.000	21	0	0	1	21	2063	2043	2.1	39.2
Query_26967	XM_038683646.1	100.000	21	0	0	1	21	2045	2025	2.1	39.2
Query_26967	XM_005627398.4	100.000	21	0	0	1	21	2003	1983	2.1	39.2
Query_26967	XM_014118472.3	100.000	21	0	0	1	21	2063	2043	2.1	39.2
Query_26967	XM_846912.7	100.000	21	0	0	1	21	2045	2025	2.1	39.2
Query_26967	XM_038341152.1	100.000	21	0	0	1	21	1904	1884	2.1	39.2
Query_26967	XM_038341151.1	100.000	21	0	0	1	21	2104	2084	2.1	39.2
Query_26967	XM_038341149.1	100.000	21	0	0	1	21	2155	2135	2.1	39.2
Query_26967	XM_007972423.2	100.000	21	0	0	1	21	2125	2105	2.1	39.2
Query_26967	XM_038006128.1	100.000	21	0	0	1	21	2150	2130	2.1	39.2
Query_26967	XM_038006127.1	100.000	21	0	0	1	21	2046	2026	2.1	39.2
Query_26967	XM_007972424.2	100.000	21	0	0	1	21	2189	2169	2.1	39.2
Query_26967	XM_007972422.2	100.000	21	0	0	1	21	2085	2065	2.1	39.2
Query_26967	XM_037843300.1	100.000	21	0	0	1	21	1950	1930	2.1	39.2
Query_26967	XM_037843299.1	100.000	21	0	0	1	21	2001	1981	2.1	39.2
Query_26967	XM_037843298.1	100.000	21	0	0	1	21	2053	2033	2.1	39.2
Query_26967	XM_037843297.1	100.000	21	0	0	1	21	2040	2020	2.1	39.2
Query_26967	XM_017547408.2	100.000	21	0	0	1	21	2032	2012	2.1	39.2
Query_26967	XM_037745344.1	100.000	21	0	0	1	21	2104	2084	2.1	39.2
Query_26967	XM_017547404.2	100.000	21	0	0	1	21	2073	2053	2.1	39.2
Query_26967	XM_017547403.2	100.000	21	0	0	1	21	2130	2110	2.1	39.2
Query_26967	XM_017547402.2	100.000	21	0	0	1	21	2048	2028	2.1	39.2
Query_26967	XM_037519798.1	100.000	21	0	0	1	21	2043	2023	2.1	39.2
Query_26967	XM_037519797.1	100.000	21	0	0	1	21	1976	1956	2.1	39.2
Query_26967	XM_028887108.2	100.000	21	0	0	1	21	1996	1976	2.1	39.2
Query_26967	XM_037142609.1	100.000	21	0	0	1	21	2009	1989	2.1	39.2
Query_26967	XM_037142608.1	100.000	21	0	0	1	21	2102	2082	2.1	39.2
Query_26967	XM_037142607.1	100.000	21	0	0	1	21	2048	2028	2.1	39.2
Query_26967	XM_037053815.1	100.000	21	0	0	1	21	2018	1998	2.1	39.2
Query_26967	XM_037053808.1	100.000	21	0	0	1	21	2123	2103	2.1	39.2
Query_26967	XM_037053800.1	100.000	21	0	0	1	21	2057	2037	2.1	39.2
Query_26967	XM_037013714.1	100.000	21	0	0	1	21	1889	1869	2.1	39.2
Query_26967	XM_037013669.1	100.000	21	0	0	1	21	1949	1929	2.1	39.2
Query_26967	XM_017676271.2	100.000	21	0	0	1	21	2182	2162	2.1	39.2
Query_26967	XM_017676270.2	100.000	21	0	0	1	21	2040	2020	2.1	39.2
Query_26967	XM_017676269.2	100.000	21	0	0	1	21	2076	2056	2.1	39.2
Query_26967	XM_036927364.1	100.000	21	0	0	1	21	1889	1869	2.1	39.2
Query_26967	XM_036927362.1	100.000	21	0	0	1	21	1947	1927	2.1	39.2
Query_26967	XM_036927361.1	100.000	21	0	0	1	21	2041	2021	2.1	39.2
Query_26967	XM_036927360.1	100.000	21	0	0	1	21	2171	2151	2.1	39.2
Query_26967	XM_036927359.1	100.000	21	0	0	1	21	2074	2054	2.1	39.2
Query_26967	XM_036868838.1	100.000	21	0	0	1	21	1668	1648	2.1	39.2
Query_26967	XM_036868837.1	100.000	21	0	0	1	21	1991	1971	2.1	39.2
Query_26967	XM_036868836.1	100.000	21	0	0	1	21	2012	1992	2.1	39.2
Query_26967	XM_036868835.1	100.000	21	0	0	1	21	2029	2009	2.1	39.2
Query_26967	XM_036868834.1	100.000	21	0	0	1	21	2188	2168	2.1	39.2
Query_26967	XM_036868833.1	100.000	21	0	0	1	21	2123	2103	2.1	39.2
Query_26967	XM_036868832.1	100.000	21	0	0	1	21	2206	2186	2.1	39.2
Query_26967	XM_036868831.1	100.000	21	0	0	1	21	2051	2031	2.1	39.2
Query_26967	XM_036765790.1	100.000	21	0	0	1	21	2188	2168	2.1	39.2
Query_26967	XM_036765789.1	100.000	21	0	0	1	21	2019	1999	2.1	39.2
Query_26967	XM_036765788.1	100.000	21	0	0	1	21	2066	2046	2.1	39.2
Query_26967	XM_004590404.2	100.000	21	0	0	1	21	2031	2011	2.1	39.2
Query_26967	XM_036414075.1	100.000	21	0	0	1	21	2071	2051	2.1	39.2
Query_26967	XM_036414074.1	100.000	21	0	0	1	21	2031	2011	2.1	39.2
Query_26967	XM_036414072.1	100.000	21	0	0	1	21	2132	2112	2.1	39.2
Query_26967	XM_036414071.1	100.000	21	0	0	1	21	2070	2050	2.1	39.2
Query_26967	XM_036316794.1	100.000	21	0	0	1	21	1738	1718	2.1	39.2
Query_26967	XM_036316793.1	100.000	21	0	0	1	21	1777	1757	2.1	39.2
Query_26967	XM_036316792.1	100.000	21	0	0	1	21	1857	1837	2.1	39.2
Query_26967	XM_036316791.1	100.000	21	0	0	1	21	2011	1991	2.1	39.2
Query_26967	XM_036316790.1	100.000	21	0	0	1	21	2218	2198	2.1	39.2
Query_26967	XM_036316789.1	100.000	21	0	0	1	21	2050	2030	2.1	39.2
Query_26967	XM_036248030.1	100.000	21	0	0	1	21	2045	2025	2.1	39.2
Query_26967	XM_036248029.1	100.000	21	0	0	1	21	2076	2056	2.1	39.2
Query_26967	XM_036218441.1	100.000	21	0	0	1	21	2061	2041	2.1	39.2
Query_26967	XM_036218440.1	100.000	21	0	0	1	21	1933	1913	2.1	39.2
Query_26967	XM_036218439.1	100.000	21	0	0	1	21	2182	2162	2.1	39.2
Query_26967	XM_016128649.2	100.000	21	0	0	1	21	2034	2014	2.1	39.2
Query_26967	XM_016128651.2	100.000	21	0	0	1	21	2022	2002	2.1	39.2
Query_26967	XM_016128648.2	100.000	21	0	0	1	21	2061	2041	2.1	39.2


