# blastn
# Iteration: 0
# Query: 
# RID: 8Y9E4HPN016
# Database: nt
# Fields: query acc.ver, subject acc.ver, % identity, alignment length, mismatches, gap opens, q. start, q. end, s. start, s. end, evalue, bit score
# 100 hits found
Query_54629	XM_040967200.1	100.000	21	0	0	1	21	607	587	2.1	39.2
Query_54629	XM_040967199.1	100.000	21	0	0	1	21	436	416	2.1	39.2
Query_54629	XM_040967198.1	100.000	21	0	0	1	21	665	645	2.1	39.2
Query_54629	XM_040967197.1	100.000	21	0	0	1	21	467	447	2.1	39.2
Query_54629	XM_040733707.1	100.000	21	0	0	1	21	188	168	2.1	39.2
Query_54629	XM_005081974.4	100.000	21	0	0	1	21	632	612	2.1	39.2
Query_54629	XM_040751758.1	100.000	21	0	0	1	21	460	440	2.1	39.2
Query_54629	XM_040751757.1	100.000	21	0	0	1	21	903	883	2.1	39.2
Query_54629	XM_040751756.1	100.000	21	0	0	1	21	457	437	2.1	39.2
Query_54629	XM_040751754.1	100.000	21	0	0	1	21	773	753	2.1	39.2
Query_54629	XM_008707216.2	100.000	21	0	0	1	21	476	456	2.1	39.2
Query_54629	XM_040624984.1	100.000	21	0	0	1	21	362	342	2.1	39.2
Query_54629	XM_040624983.1	100.000	21	0	0	1	21	358	338	2.1	39.2
Query_54629	XM_040624982.1	100.000	21	0	0	1	21	477	457	2.1	39.2
Query_54629	XM_040624981.1	100.000	21	0	0	1	21	498	478	2.1	39.2
Query_54629	XM_040477280.1	100.000	21	0	0	1	21	451	431	2.1	39.2
Query_54629	XM_040477272.1	100.000	21	0	0	1	21	433	413	2.1	39.2
Query_54629	XM_040477265.1	100.000	21	0	0	1	21	433	413	2.1	39.2
Query_54629	XM_040477257.1	100.000	21	0	0	1	21	452	432	2.1	39.2
Query_54629	XM_005325742.4	100.000	21	0	0	1	21	447	427	2.1	39.2
Query_54629	XM_040293037.1	100.000	21	0	0	1	21	338	318	2.1	39.2
Query_54629	XM_005325741.4	100.000	21	0	0	1	21	475	455	2.1	39.2
Query_54629	XM_040237783.1	100.000	21	0	0	1	21	195	175	2.1	39.2
Query_54629	XM_040237782.1	100.000	21	0	0	1	21	180	160	2.1	39.2
Query_54629	XR_005720632.1	100.000	21	0	0	1	21	471	451	2.1	39.2
Query_54629	XM_040237780.1	100.000	21	0	0	1	21	567	547	2.1	39.2
Query_54629	XM_040237779.1	100.000	21	0	0	1	21	446	426	2.1	39.2
Query_54629	XM_040237778.1	100.000	21	0	0	1	21	471	451	2.1	39.2
Query_54629	XM_040237777.1	100.000	21	0	0	1	21	582	562	2.1	39.2
Query_54629	XM_040237776.1	100.000	21	0	0	1	21	570	550	2.1	39.2
Query_54629	XM_040237775.1	100.000	21	0	0	1	21	484	464	2.1	39.2
Query_54629	XM_040237774.1	100.000	21	0	0	1	21	460	440	2.1	39.2
Query_54629	XM_040237773.1	100.000	21	0	0	1	21	483	463	2.1	39.2
Query_54629	XM_040237772.1	100.000	21	0	0	1	21	346	326	2.1	39.2
Query_54629	XM_040237771.1	100.000	21	0	0	1	21	405	385	2.1	39.2
Query_54629	XM_040237769.1	100.000	21	0	0	1	21	484	464	2.1	39.2
Query_54629	XM_040237768.1	100.000	21	0	0	1	21	458	438	2.1	39.2
Query_54629	XM_040237767.1	100.000	21	0	0	1	21	471	451	2.1	39.2
Query_54629	XM_039472325.1	100.000	21	0	0	1	21	355	335	2.1	39.2
Query_54629	XM_003929504.3	100.000	21	0	0	1	21	547	527	2.1	39.2
Query_54629	XM_003929505.3	100.000	21	0	0	1	21	674	654	2.1	39.2
Query_54629	XM_003929502.3	100.000	21	0	0	1	21	482	462	2.1	39.2
Query_54629	XM_010340110.2	100.000	21	0	0	1	21	547	527	2.1	39.2
Query_54629	XM_010340111.2	100.000	21	0	0	1	21	674	654	2.1	39.2
Query_54629	XM_010340109.2	100.000	21	0	0	1	21	482	462	2.1	39.2
Query_54629	XM_039220817.1	100.000	21	0	0	1	21	391	371	2.1	39.2
Query_54629	XM_039220816.1	100.000	21	0	0	1	21	443	423	2.1	39.2
Query_54629	XM_039220815.1	100.000	21	0	0	1	21	422	402	2.1	39.2
Query_54629	CP068258.1	100.000	21	0	0	1	21	5333620	5333640	2.1	39.2
Query_54629	XM_006233338.3	100.000	21	0	0	1	21	456	436	2.1	39.2
Query_54629	XM_006233337.3	100.000	21	0	0	1	21	630	610	2.1	39.2
Query_54629	XM_006233336.4	100.000	21	0	0	1	21	477	457	2.1	39.2
Query_54629	XM_006233335.3	100.000	21	0	0	1	21	456	436	2.1	39.2
Query_54629	XM_006233334.3	100.000	21	0	0	1	21	600	580	2.1	39.2
Query_54629	XM_006233333.3	100.000	21	0	0	1	21	477	457	2.1	39.2
Query_54629	XM_038444267.1	100.000	21	0	0	1	21	460	440	2.1	39.2
Query_54629	XM_038444266.1	100.000	21	0	0	1	21	479	459	2.1	39.2
Query_54629	XM_038444265.1	100.000	21	0	0	1	21	456	436	2.1	39.2
Query_54629	XM_038444264.1	100.000	21	0	0	1	21	448	428	2.1	39.2
Query_54629	XM_038444263.1	100.000	21	0	0	1	21	462	442	2.1	39.2
Query_54629	XM_038444262.1	100.000	21	0	0	1	21	487	467	2.1	39.2
Query_54629	XM_038444261.1	100.000	21	0	0	1	21	479	459	2.1	39.2
Query_54629	XM_038462042.1	100.000	21	0	0	1	21	460	440	2.1	39.2
Query_54629	XM_005642458.4	100.000	21	0	0	1	21	479	459	2.1	39.2
Query_54629	XM_038462041.1	100.000	21	0	0	1	21	456	436	2.1	39.2
Query_54629	XM_038462040.1	100.000	21	0	0	1	21	449	429	2.1	39.2
Query_54629	XM_038462039.1	100.000	21	0	0	1	21	462	442	2.1	39.2
Query_54629	XM_038462038.1	100.000	21	0	0	1	21	483	463	2.1	39.2
Query_54629	XM_038462037.1	100.000	21	0	0	1	21	479	459	2.1	39.2
Query_54629	XM_038310764.1	100.000	21	0	0	1	21	430	410	2.1	39.2
Query_54629	XM_038310763.1	100.000	21	0	0	1	21	474	454	2.1	39.2
Query_54629	XM_038310762.1	100.000	21	0	0	1	21	503	483	2.1	39.2
Query_54629	XM_037990392.1	100.000	21	0	0	1	21	655	635	2.1	39.2
Query_54629	XM_037990386.1	100.000	21	0	0	1	21	495	475	2.1	39.2
Query_54629	XM_037990381.1	100.000	21	0	0	1	21	335	315	2.1	39.2
Query_54629	XM_007999423.2	100.000	21	0	0	1	21	552	532	2.1	39.2
Query_54629	XM_037990373.1	100.000	21	0	0	1	21	550	530	2.1	39.2
Query_54629	XM_037990369.1	100.000	21	0	0	1	21	639	619	2.1	39.2
Query_54629	XM_037990364.1	100.000	21	0	0	1	21	813	793	2.1	39.2
Query_54629	XM_007999419.2	100.000	21	0	0	1	21	655	635	2.1	39.2
Query_54629	XM_007999418.2	100.000	21	0	0	1	21	733	713	2.1	39.2
Query_54629	XM_037821592.1	100.000	21	0	0	1	21	185	165	2.1	39.2
Query_54629	XM_037830359.1	100.000	21	0	0	1	21	419	399	2.1	39.2
Query_54629	XM_037830358.1	100.000	21	0	0	1	21	430	410	2.1	39.2
Query_54629	XM_037830357.1	100.000	21	0	0	1	21	392	372	2.1	39.2
Query_54629	XM_037830356.1	100.000	21	0	0	1	21	444	424	2.1	39.2
Query_54629	XM_037830355.1	100.000	21	0	0	1	21	463	443	2.1	39.2
Query_54629	XM_017508657.2	100.000	21	0	0	1	21	547	527	2.1	39.2
Query_54629	XM_017508656.2	100.000	21	0	0	1	21	677	657	2.1	39.2
Query_54629	XM_017508655.2	100.000	21	0	0	1	21	451	431	2.1	39.2
Query_54629	XM_017508652.2	100.000	21	0	0	1	21	439	419	2.1	39.2
Query_54629	XM_017508651.2	100.000	21	0	0	1	21	628	608	2.1	39.2
Query_54629	XM_017508650.2	100.000	21	0	0	1	21	747	727	2.1	39.2
Query_54629	XR_001825684.2	100.000	21	0	0	1	21	388	368	2.1	39.2
Query_54629	XM_037207130.1	100.000	21	0	0	1	21	244	224	2.1	39.2
Query_54629	XM_028857385.2	100.000	21	0	0	1	21	460	440	2.1	39.2
Query_54629	XM_028857378.2	100.000	21	0	0	1	21	421	401	2.1	39.2
Query_54629	XM_028857369.2	100.000	21	0	0	1	21	510	490	2.1	39.2
Query_54629	XM_028857360.2	100.000	21	0	0	1	21	462	442	2.1	39.2
Query_54629	XM_037167928.1	100.000	21	0	0	1	21	423	403	2.1	39.2


