# blastn
# Iteration: 0
# Query: 
# RID: 8Z03V2TJ016
# Database: nt
# Fields: query acc.ver, subject acc.ver, % identity, alignment length, mismatches, gap opens, q. start, q. end, s. start, s. end, evalue, bit score
# 101 hits found
Query_5539	XM_034941314.1	100.000	21	0	0	1	21	687	667	2.1	39.2
Query_5539	AP023165.1	100.000	21	0	0	1	21	797330	797350	2.1	39.2
Query_5539	CP050604.1	100.000	21	0	0	1	21	2250565	2250545	2.1	39.2
Query_5539	CP050644.1	100.000	21	0	0	1	21	2251520	2251500	2.1	39.2
Query_5539	XM_032840015.1	100.000	21	0	0	1	21	604	584	2.1	39.2
Query_5539	XM_032498029.1	100.000	21	0	0	1	21	695	675	2.1	39.2
Query_5539	XM_032431655.1	100.000	21	0	0	1	21	694	674	2.1	39.2
Query_5539	XR_004280445.1	100.000	21	0	0	1	21	530	510	2.1	39.2
Query_5539	XM_032320105.1	100.000	21	0	0	1	21	523	503	2.1	39.2
Query_5539	XM_032138345.1	100.000	21	0	0	1	21	705	685	2.1	39.2
Query_5539	LR738418.1	100.000	21	0	0	1	21	61001237	61001217	2.1	39.2
Query_5539	XM_031469532.1	100.000	21	0	0	1	21	695	675	2.1	39.2
Query_5539	XM_006748196.2	100.000	21	0	0	1	21	349	329	2.1	39.2
Query_5539	XM_004058312.3	100.000	21	0	0	1	21	696	676	2.1	39.2
Query_5539	XM_030800357.1	100.000	21	0	0	1	21	696	676	2.1	39.2
Query_5539	XM_030296088.1	100.000	21	0	0	1	21	379	359	2.1	39.2
Query_5539	XM_028498186.1	100.000	21	0	0	1	21	701	681	2.1	39.2
Query_5539	XM_027047482.1	100.000	21	0	0	1	21	630	610	2.1	39.2
Query_5539	XM_027047481.1	100.000	21	0	0	1	21	633	613	2.1	39.2
Query_5539	XM_026393902.1	100.000	21	0	0	1	21	1070	1050	2.1	39.2
Query_5539	XM_007177418.2	100.000	21	0	0	1	21	313	293	2.1	39.2
Query_5539	XM_007177417.2	100.000	21	0	0	1	21	660	640	2.1	39.2
Query_5539	XM_028124951.1	100.000	21	0	0	1	21	650	630	2.1	39.2
Query_5539	XM_028124950.1	100.000	21	0	0	1	21	649	629	2.1	39.2
Query_5539	XR_003590717.1	100.000	21	0	0	1	21	742	722	2.1	39.2
Query_5539	XM_027975112.1	100.000	21	0	0	1	21	705	685	2.1	39.2
Query_5539	XM_027922643.1	100.000	21	0	0	1	21	658	638	2.1	39.2
Query_5539	XR_003580586.1	100.000	21	0	0	1	21	337	317	2.1	39.2
Query_5539	XM_027767169.1	100.000	21	0	0	1	21	331	311	2.1	39.2
Query_5539	CP034495.1	100.000	21	0	0	1	21	4192617	4192637	2.1	39.2
Query_5539	CP034495.1	100.000	21	0	0	1	21	84372886	84372906	2.1	39.2
Query_5539	XM_026005210.1	100.000	21	0	0	1	21	337	317	2.1	39.2
Query_5539	XM_025920246.1	100.000	21	0	0	1	21	379	359	2.1	39.2
Query_5539	XM_025864046.1	100.000	21	0	0	1	21	663	643	2.1	39.2
Query_5539	XM_025864045.1	100.000	21	0	0	1	21	361	341	2.1	39.2
Query_5539	XM_025864044.1	100.000	21	0	0	1	21	361	341	2.1	39.2
Query_5539	XM_009431600.3	100.000	21	0	0	1	21	322	302	2.1	39.2
Query_5539	XM_016931252.2	100.000	21	0	0	1	21	696	676	2.1	39.2
Query_5539	XM_002826864.4	100.000	21	0	0	1	21	696	676	2.1	39.2
Query_5539	XM_004376122.2	100.000	21	0	0	1	21	487	467	2.1	39.2
Query_5539	XM_023731135.1	100.000	21	0	0	1	21	656	636	2.1	39.2
Query_5539	XM_023653288.1	100.000	21	0	0	1	21	639	619	2.1	39.2
Query_5539	XM_023653287.1	100.000	21	0	0	1	21	636	616	2.1	39.2
Query_5539	XM_023584215.1	100.000	21	0	0	1	21	520	500	2.1	39.2
Query_5539	XM_010596517.2	100.000	21	0	0	1	21	635	615	2.1	39.2
Query_5539	XM_023243636.1	100.000	21	0	0	1	21	626	606	2.1	39.2
Query_5539	XM_007228599.3	100.000	21	0	0	1	21	506	486	2.1	39.2
Query_5539	XM_022524550.1	100.000	21	0	0	1	21	535	515	2.1	39.2
Query_5539	XM_008047888.2	100.000	21	0	0	1	21	701	681	2.1	39.2
Query_5539	XM_021694875.1	100.000	21	0	0	1	21	583	563	2.1	39.2
Query_5539	XM_021694873.1	100.000	21	0	0	1	21	680	660	2.1	39.2
Query_5539	XR_002337327.1	100.000	21	0	0	1	21	421	401	2.1	39.2
Query_5539	XR_002337326.1	100.000	21	0	0	1	21	787	767	2.1	39.2
Query_5539	XM_021067700.1	100.000	21	0	0	1	21	703	683	2.1	39.2
Query_5539	XM_020882859.1	100.000	21	0	0	1	21	644	624	2.1	39.2
Query_5539	XR_001157657.2	100.000	21	0	0	1	21	993	973	2.1	39.2
Query_5539	XR_001157656.2	100.000	21	0	0	1	21	1025	1005	2.1	39.2
Query_5539	XR_001157655.2	100.000	21	0	0	1	21	566	546	2.1	39.2
Query_5539	LT734953.1	100.000	21	0	0	1	21	821	801	2.1	39.2
Query_5539	XM_019413822.1	100.000	21	0	0	1	21	274	254	2.1	39.2
Query_5539	XM_019413821.1	100.000	21	0	0	1	21	644	624	2.1	39.2
Query_5539	XM_019413820.1	100.000	21	0	0	1	21	648	628	2.1	39.2
Query_5539	XM_018064440.1	100.000	21	0	0	1	21	671	651	2.1	39.2
Query_5539	XM_007521102.2	100.000	21	0	0	1	21	523	503	2.1	39.2
Query_5539	XM_016187815.1	100.000	21	0	0	1	21	459	439	2.1	39.2
Query_5539	XM_015541548.1	100.000	21	0	0	1	21	333	313	2.1	39.2
Query_5539	XM_015505883.1	100.000	21	0	0	1	21	301	281	2.1	39.2
Query_5539	XM_015502216.1	100.000	21	0	0	1	21	562	542	2.1	39.2
Query_5539	XR_001504252.1	100.000	21	0	0	1	21	337	317	2.1	39.2
Query_5539	XM_015251684.1	100.000	21	0	0	1	21	556	536	2.1	39.2
Query_5539	XM_014832644.1	100.000	21	0	0	1	21	671	651	2.1	39.2
Query_5539	CP071563.1	100.000	21	0	0	1	21	51365692	51365712	2.1	39.2
Query_5539	XM_040453568.1	100.000	21	0	0	1	21	291	271	2.1	39.2
Query_5539	XM_040453567.1	100.000	21	0	0	1	21	346	326	2.1	39.2
Query_5539	XM_040453566.1	100.000	21	0	0	1	21	1676	1656	2.1	39.2
Query_5539	XM_040270543.1	100.000	21	0	0	1	21	868	848	2.1	39.2
Query_5539	XR_005721604.1	100.000	21	0	0	1	21	741	721	2.1	39.2
Query_5539	XR_005721603.1	100.000	21	0	0	1	21	771	751	2.1	39.2
Query_5539	XM_040243712.1	100.000	21	0	0	1	21	705	685	2.1	39.2
Query_5539	HG994385.1	100.000	21	0	0	1	21	31014503	31014523	2.1	39.2
Query_5539	XM_039476665.1	100.000	21	0	0	1	21	717	697	2.1	39.2
Query_5539	CP068261.1	100.000	21	0	0	1	21	4178876	4178896	2.1	39.2
Query_5539	XM_038665135.1	100.000	21	0	0	1	21	328	308	2.1	39.2
Query_5539	XM_038665134.1	100.000	21	0	0	1	21	441	421	2.1	39.2
Query_5539	XM_038512865.1	100.000	21	0	0	1	21	328	308	2.1	39.2
Query_5539	XM_038512854.1	100.000	21	0	0	1	21	441	421	2.1	39.2
Query_5539	XM_017701733.2	100.000	21	0	0	1	21	474	454	2.1	39.2
Query_5539	XM_037495089.1	100.000	21	0	0	1	21	661	641	2.1	39.2
Query_5539	XM_037022823.1	100.000	21	0	0	1	21	423	403	2.1	39.2
Query_5539	XM_036887031.1	100.000	21	0	0	1	21	428	408	2.1	39.2
Query_5539	AP023477.1	100.000	21	0	0	1	21	4362773	4362793	2.1	39.2
Query_5539	XM_036078415.1	100.000	21	0	0	1	21	657	637	2.1	39.2
Query_5539	XM_036078414.1	100.000	21	0	0	1	21	457	437	2.1	39.2
Query_5539	XM_036078412.1	100.000	21	0	0	1	21	457	437	2.1	39.2
Query_5539	NM_003342.5	100.000	21	0	0	1	21	693	673	2.1	39.2
Query_5539	XM_035716269.1	100.000	21	0	0	1	21	328	308	2.1	39.2
Query_5539	XM_035716268.1	100.000	21	0	0	1	21	442	422	2.1	39.2
Query_5539	XM_027625410.2	100.000	21	0	0	1	21	667	647	2.1	39.2
Query_5539	XM_027625409.2	100.000	21	0	0	1	21	798	778	2.1	39.2
Query_5539	XM_027625408.2	100.000	21	0	0	1	21	487	467	2.1	39.2
Query_5539	XM_027625406.2	100.000	21	0	0	1	21	487	467	2.1	39.2


