# blastn
# Iteration: 0
# Query: 
# RID: 6S0ZZ0A8016
# Database: nt
# Fields: query acc.ver, subject acc.ver, % identity, alignment length, mismatches, gap opens, q. start, q. end, s. start, s. end, evalue, bit score
# 84 hits found
Query_61043	XM_003811844.2	100.000	21	0	0	1	21	305	285	2.1	39.2
Query_61043	XM_033196559.1	100.000	21	0	0	1	21	430	410	2.1	39.2
Query_61043	XM_033233047.1	100.000	21	0	0	1	21	180	160	2.1	39.2
Query_61043	XM_032260946.1	100.000	21	0	0	1	21	262	242	2.1	39.2
Query_61043	XM_032260945.1	100.000	21	0	0	1	21	338	318	2.1	39.2
Query_61043	XM_032161224.1	100.000	21	0	0	1	21	440	420	2.1	39.2
Query_61043	XM_023214308.2	100.000	21	0	0	1	21	397	377	2.1	39.2
Query_61043	XR_004184786.1	100.000	21	0	0	1	21	128	108	2.1	39.2
Query_61043	XM_031654823.1	100.000	21	0	0	1	21	287	267	2.1	39.2
Query_61043	XM_031654814.1	100.000	21	0	0	1	21	380	360	2.1	39.2
Query_61043	XM_031389331.1	100.000	21	0	0	1	21	246	226	2.1	39.2
Query_61043	XM_031011621.1	100.000	21	0	0	1	21	421	401	2.1	39.2
Query_61043	XM_010367119.2	100.000	21	0	0	1	21	533	513	2.1	39.2
Query_61043	XR_749097.2	100.000	21	0	0	1	21	108	88	2.1	39.2
Query_61043	XR_750211.2	100.000	21	0	0	1	21	122	102	2.1	39.2
Query_61043	XM_030824091.1	100.000	21	0	0	1	21	441	421	2.1	39.2
Query_61043	XR_012770.4	100.000	21	0	0	1	21	109	89	2.1	39.2
Query_61043	XM_028826846.1	100.000	21	0	0	1	21	341	321	2.1	39.2
Query_61043	XM_015113807.2	100.000	21	0	0	1	21	307	287	2.1	39.2
Query_61043	XM_015113815.2	100.000	21	0	0	1	21	261	241	2.1	39.2
Query_61043	NM_016406.4	100.000	21	0	0	1	21	128	108	2.1	39.2
Query_61043	XM_026780011.1	100.000	21	0	0	1	21	341	321	2.1	39.2
Query_61043	XM_005348804.2	100.000	21	0	0	1	21	341	321	2.1	39.2
Query_61043	XM_023185092.2	100.000	21	0	0	1	21	138	118	2.1	39.2
Query_61043	XR_003120460.1	100.000	21	0	0	1	21	108	88	2.1	39.2
Query_61043	XM_025359394.1	100.000	21	0	0	1	21	247	227	2.1	39.2
Query_61043	XM_025359307.1	100.000	21	0	0	1	21	423	403	2.1	39.2
Query_61043	XM_011770131.2	100.000	21	0	0	1	21	199	179	2.1	39.2
Query_61043	XM_017001450.2	100.000	21	0	0	1	21	258	238	2.1	39.2
Query_61043	XM_002809897.3	100.000	21	0	0	1	21	418	398	2.1	39.2
Query_61043	XM_023214307.1	100.000	21	0	0	1	21	418	398	2.1	39.2
Query_61043	XM_012449634.2	100.000	21	0	0	1	21	409	389	2.1	39.2
Query_61043	XM_012449633.2	100.000	21	0	0	1	21	419	399	2.1	39.2
Query_61043	LT734974.1	100.000	21	0	0	1	21	595	575	2.1	39.2
Query_61043	XR_001884047.1	100.000	21	0	0	1	21	136	116	2.1	39.2
Query_61043	XM_017860834.1	100.000	21	0	0	1	21	423	403	2.1	39.2
Query_61043	XR_001884737.1	100.000	21	0	0	1	21	118	98	2.1	39.2
Query_61043	XM_008264195.2	100.000	21	0	0	1	21	281	261	2.1	39.2
Query_61043	XM_002715200.3	100.000	21	0	0	1	21	270	250	2.1	39.2
Query_61043	XM_008264194.2	100.000	21	0	0	1	21	306	286	2.1	39.2
Query_61043	XM_017001451.1	100.000	21	0	0	1	21	471	451	2.1	39.2
Query_61043	XR_001492658.1	100.000	21	0	0	1	21	108	88	2.1	39.2
Query_61043	XM_013149230.1	100.000	21	0	0	1	21	306	286	2.1	39.2
Query_61043	XM_013149228.1	100.000	21	0	0	1	21	415	395	2.1	39.2
Query_61043	XM_005002280.2	100.000	21	0	0	1	21	346	326	2.1	39.2
Query_61043	XM_005002281.2	100.000	21	0	0	1	21	379	359	2.1	39.2
Query_61043	XM_012639554.1	100.000	21	0	0	1	21	422	402	2.1	39.2
Query_61043	XM_012449632.1	100.000	21	0	0	1	21	417	397	2.1	39.2
Query_61043	XR_978895.1	100.000	21	0	0	1	21	108	88	2.1	39.2
Query_61043	XM_011770130.1	100.000	21	0	0	1	21	269	249	2.1	39.2
Query_61043	XR_001018749.1	100.000	21	0	0	1	21	108	88	2.1	39.2
Query_61043	XM_012067544.1	100.000	21	0	0	1	21	418	398	2.1	39.2
Query_61043	XM_011957583.1	100.000	21	0	0	1	21	423	403	2.1	39.2
Query_61043	XR_001007306.1	100.000	21	0	0	1	21	108	88	2.1	39.2
Query_61043	XM_011976265.1	100.000	21	0	0	1	21	423	403	2.1	39.2
Query_61043	XM_513937.5	100.000	21	0	0	1	21	416	396	2.1	39.2
Query_61043	XM_008984761.1	100.000	21	0	0	1	21	389	369	2.1	39.2
Query_61043	KJ898907.1	100.000	21	0	0	1	21	173	153	2.1	39.2
Query_61043	XM_005245254.1	100.000	21	0	0	1	21	314	294	2.1	39.2
Query_61043	XM_039480650.1	100.000	21	0	0	1	21	422	402	2.1	39.2
Query_61043	XR_005581184.1	100.000	21	0	0	1	21	111	91	2.1	39.2
Query_61043	XM_007976437.2	100.000	21	0	0	1	21	315	295	2.1	39.2
Query_61043	XM_017515076.2	100.000	21	0	0	1	21	262	242	2.1	39.2
Query_61043	XM_037733647.1	100.000	21	0	0	1	21	346	326	2.1	39.2
Query_61043	XM_017515075.2	100.000	21	0	0	1	21	415	395	2.1	39.2
Query_61043	XM_004589102.3	100.000	21	0	0	1	21	194	174	2.1	39.2
Query_61043	XM_035279447.1	100.000	21	0	0	1	21	481	461	2.1	39.2
Query_61043	XM_035279446.1	100.000	21	0	0	1	21	438	418	2.1	39.2
Query_61043	XM_002760186.4	100.000	21	0	0	1	21	325	305	2.1	39.2
Query_61043	XM_035279445.1	100.000	21	0	0	1	21	473	453	2.1	39.2
Query_61043	XM_035279443.1	100.000	21	0	0	1	21	419	399	2.1	39.2
Query_61043	AK292776.1	100.000	21	0	0	1	21	314	294	2.1	39.2
Query_61043	DQ896457.2	100.000	21	0	0	1	21	130	110	2.1	39.2
Query_61043	DQ893161.2	100.000	21	0	0	1	21	130	110	2.1	39.2
Query_61043	BC005187.1	100.000	21	0	0	1	21	354	334	2.1	39.2
Query_61043	AL590714.27	100.000	21	0	0	1	21	9285	9265	2.1	39.2
Query_61043	AB154405.1	100.000	21	0	0	1	21	108	88	2.1	39.2
Query_61043	AF161504.1	100.000	21	0	0	1	21	348	328	2.1	39.2
Query_61043	AF151884.1	100.000	21	0	0	1	21	329	309	2.1	39.2
Query_61043	L77117.1	100.000	21	0	0	1	21	1566453	1566433	2.1	39.2
Query_61043	XM_033925360.1	100.000	20	0	0	2	21	107	88	7.2	37.4
Query_61043	XM_014581955.2	100.000	20	0	0	2	21	375	356	7.2	37.4
Query_61043	XR_002771477.1	100.000	20	0	0	2	21	121	102	7.2	37.4
Query_61043	XM_003785776.2	100.000	20	0	0	2	21	225	206	7.2	37.4


