# blastn
# Iteration: 0
# Query: 
# RID: 73YT51T001R
# Database: nt
# Fields: query acc.ver, subject acc.ver, % identity, alignment length, mismatches, gap opens, q. start, q. end, s. start, s. end, evalue, bit score
# 71 hits found
Query_549877	XM_003826436.5	100.000	21	0	0	1	21	1542	1522	2.0	39.2
Query_549877	XM_033207523.1	100.000	21	0	0	1	21	760	740	2.0	39.2
Query_549877	XM_032283391.1	100.000	21	0	0	1	21	974	954	2.0	39.2
Query_549877	XR_004248146.1	100.000	21	0	0	1	21	834	814	2.0	39.2
Query_549877	XM_032152902.1	100.000	21	0	0	1	21	961	941	2.0	39.2
Query_549877	XM_021925752.2	100.000	21	0	0	1	21	1854	1834	2.0	39.2
Query_549877	XM_021925751.2	100.000	21	0	0	1	21	1854	1834	2.0	39.2
Query_549877	XM_003909863.5	100.000	21	0	0	1	21	1550	1530	2.0	39.2
Query_549877	XM_021925750.2	100.000	21	0	0	1	21	1055	1035	2.0	39.2
Query_549877	XM_021925748.2	100.000	21	0	0	1	21	1561	1541	2.0	39.2
Query_549877	XM_021925749.2	100.000	21	0	0	1	21	1850	1830	2.0	39.2
Query_549877	XR_004177556.1	100.000	21	0	0	1	21	1849	1829	2.0	39.2
Query_549877	XR_004177555.1	100.000	21	0	0	1	21	1849	1829	2.0	39.2
Query_549877	XM_021925747.2	100.000	21	0	0	1	21	1849	1829	2.0	39.2
Query_549877	XM_021925746.2	100.000	21	0	0	1	21	1848	1828	2.0	39.2
Query_549877	XM_021925745.2	100.000	21	0	0	1	21	1824	1804	2.0	39.2
Query_549877	XM_021925744.2	100.000	21	0	0	1	21	1858	1838	2.0	39.2
Query_549877	XM_004051152.3	100.000	21	0	0	1	21	961	941	2.0	39.2
Query_549877	XM_010353410.2	100.000	21	0	0	1	21	961	941	2.0	39.2
Query_549877	XR_004029584.1	100.000	21	0	0	1	21	836	816	2.0	39.2
Query_549877	XM_030810123.1	100.000	21	0	0	1	21	961	941	2.0	39.2
Query_549877	NM_002559.5	100.000	21	0	0	1	21	959	939	2.0	39.2
Query_549877	XM_001103269.4	100.000	21	0	0	1	21	1462	1442	2.0	39.2
Query_549877	XM_025357428.1	100.000	21	0	0	1	21	960	940	2.0	39.2
Query_549877	XM_006905995.3	100.000	21	0	0	1	21	1134	1114	2.0	39.2
Query_549877	XM_024797370.1	100.000	21	0	0	1	21	957	937	2.0	39.2
Query_549877	XM_011766085.2	100.000	21	0	0	1	21	795	775	2.0	39.2
Query_549877	XM_016920882.2	100.000	21	0	0	1	21	1029	1009	2.0	39.2
Query_549877	XM_001136930.4	100.000	21	0	0	1	21	1012	992	2.0	39.2
Query_549877	XM_002821788.2	100.000	21	0	0	1	21	961	941	2.0	39.2
Query_549877	XM_001504914.5	100.000	21	0	0	1	21	944	924	2.0	39.2
Query_549877	XM_003421330.3	100.000	21	0	0	1	21	2588	2568	2.0	39.2
Query_549877	XM_019624217.1	100.000	21	0	0	1	21	780	760	2.0	39.2
Query_549877	XM_017851320.1	100.000	21	0	0	1	21	923	903	2.0	39.2
Query_549877	XM_011545072.2	100.000	21	0	0	1	21	1737	1717	2.0	39.2
Query_549877	XR_949950.2	100.000	21	0	0	1	21	1483	1463	2.0	39.2
Query_549877	XM_011545071.2	100.000	21	0	0	1	21	1473	1453	2.0	39.2
Query_549877	XM_011545070.2	100.000	21	0	0	1	21	911	891	2.0	39.2
Query_549877	XM_011545069.2	100.000	21	0	0	1	21	1605	1585	2.0	39.2
Query_549877	XM_016200451.1	100.000	21	0	0	1	21	950	930	2.0	39.2
Query_549877	XM_015434713.1	100.000	21	0	0	1	21	1539	1519	2.0	39.2
Query_549877	XR_001484890.1	100.000	21	0	0	1	21	1539	1519	2.0	39.2
Query_549877	XR_001484889.1	100.000	21	0	0	1	21	1539	1519	2.0	39.2
Query_549877	XM_005577865.2	100.000	21	0	0	1	21	1539	1519	2.0	39.2
Query_549877	XM_014829422.1	100.000	21	0	0	1	21	907	887	2.0	39.2
Query_549877	XM_004437362.2	100.000	21	0	0	1	21	814	794	2.0	39.2
Query_549877	XM_012643951.1	100.000	21	0	0	1	21	944	924	2.0	39.2
Query_549877	XM_012476474.1	100.000	21	0	0	1	21	914	894	2.0	39.2
Query_549877	XM_012476473.1	100.000	21	0	0	1	21	978	958	2.0	39.2
Query_549877	XM_011766086.1	100.000	21	0	0	1	21	957	937	2.0	39.2
Query_549877	XM_011766083.1	100.000	21	0	0	1	21	957	937	2.0	39.2
Query_549877	XM_012092343.1	100.000	21	0	0	1	21	946	926	2.0	39.2
Query_549877	XM_011963399.1	100.000	21	0	0	1	21	939	919	2.0	39.2
Query_549877	XM_011998703.1	100.000	21	0	0	1	21	946	926	2.0	39.2
Query_549877	XM_011545073.1	100.000	21	0	0	1	21	461	441	2.0	39.2
Query_549877	XM_011387507.1	100.000	21	0	0	1	21	572	552	2.0	39.2
Query_549877	XM_008578927.1	100.000	21	0	0	1	21	1273	1253	2.0	39.2
Query_549877	XM_008537756.1	100.000	21	0	0	1	21	890	870	2.0	39.2
Query_549877	XM_006160805.1	100.000	21	0	0	1	21	948	928	2.0	39.2
Query_549877	XM_037999312.1	100.000	21	0	0	1	21	794	774	2.0	39.2
Query_549877	XM_017498970.2	100.000	21	0	0	1	21	949	929	2.0	39.2
Query_549877	XM_037141824.1	100.000	21	0	0	1	21	760	740	2.0	39.2
Query_549877	XM_037027751.1	100.000	21	0	0	1	21	1288	1268	2.0	39.2
Query_549877	BC109287.2	100.000	21	0	0	1	21	794	774	2.0	39.2
Query_549877	BC074793.2	100.000	21	0	0	1	21	791	771	2.0	39.2
Query_549877	BC074792.2	100.000	21	0	0	1	21	791	771	2.0	39.2
Query_549877	BC069162.1	100.000	21	0	0	1	21	836	816	2.0	39.2
Query_549877	AP000781.6	100.000	21	0	0	1	21	106133	106113	2.0	39.2
Query_549877	AB016608.1	100.000	21	0	0	1	21	760	740	2.0	39.2
Query_549877	Y07683.1	100.000	21	0	0	1	21	925	905	2.0	39.2
Query_549877	XM_023215610.3	100.000	20	0	0	2	21	960	941	7.1	37.4


