# blastn
# Iteration: 0
# Query: 
# RID: 6XCHR9GA013
# Database: nt
# Fields: query acc.ver, subject acc.ver, % identity, alignment length, mismatches, gap opens, q. start, q. end, s. start, s. end, evalue, bit score
# 100 hits found
Query_9973	XM_034950155.1	100.000	21	0	0	1	21	634	614	2.1	39.2
Query_9973	XM_003823547.3	100.000	21	0	0	1	21	822	802	2.1	39.2
Query_9973	XM_003823548.3	100.000	21	0	0	1	21	960	940	2.1	39.2
Query_9973	XM_034954600.1	100.000	21	0	0	1	21	976	956	2.1	39.2
Query_9973	XM_033230979.1	100.000	21	0	0	1	21	979	959	2.1	39.2
Query_9973	XM_033230978.1	100.000	21	0	0	1	21	773	753	2.1	39.2
Query_9973	XM_033230977.1	100.000	21	0	0	1	21	855	835	2.1	39.2
Query_9973	XM_033230976.1	100.000	21	0	0	1	21	1024	1004	2.1	39.2
Query_9973	XM_032903553.1	100.000	21	0	0	1	21	878	858	2.1	39.2
Query_9973	XM_032903552.1	100.000	21	0	0	1	21	1219	1199	2.1	39.2
Query_9973	XM_032755250.1	100.000	21	0	0	1	21	979	959	2.1	39.2
Query_9973	XM_032755249.1	100.000	21	0	0	1	21	961	941	2.1	39.2
Query_9973	XM_032755248.1	100.000	21	0	0	1	21	680	660	2.1	39.2
Query_9973	XM_032272952.1	100.000	21	0	0	1	21	659	639	2.1	39.2
Query_9973	XR_004265519.1	100.000	21	0	0	1	21	898	878	2.1	39.2
Query_9973	XM_032292780.1	100.000	21	0	0	1	21	627	607	2.1	39.2
Query_9973	XM_032292779.1	100.000	21	0	0	1	21	627	607	2.1	39.2
Query_9973	XM_032292777.1	100.000	21	0	0	1	21	961	941	2.1	39.2
Query_9973	XM_032292776.1	100.000	21	0	0	1	21	962	942	2.1	39.2
Query_9973	XR_004272493.1	100.000	21	0	0	1	21	649	629	2.1	39.2
Query_9973	XM_031940352.1	100.000	21	0	0	1	21	661	641	2.1	39.2
Query_9973	XM_031940345.1	100.000	21	0	0	1	21	604	584	2.1	39.2
Query_9973	XM_023212355.2	100.000	21	0	0	1	21	1231	1211	2.1	39.2
Query_9973	XM_003907679.3	100.000	21	0	0	1	21	960	940	2.1	39.2
Query_9973	XM_009182552.3	100.000	21	0	0	1	21	966	946	2.1	39.2
Query_9973	XM_031361034.1	100.000	21	0	0	1	21	501	481	2.1	39.2
Query_9973	XM_031361033.1	100.000	21	0	0	1	21	477	457	2.1	39.2
Query_9973	XM_031361031.1	100.000	21	0	0	1	21	839	819	2.1	39.2
Query_9973	XR_002004173.2	100.000	21	0	0	1	21	700	680	2.1	39.2
Query_9973	XM_019022682.2	100.000	21	0	0	1	21	965	945	2.1	39.2
Query_9973	XM_019022681.2	100.000	21	0	0	1	21	961	941	2.1	39.2
Query_9973	XM_031008716.1	100.000	21	0	0	1	21	1039	1019	2.1	39.2
Query_9973	XM_010368677.2	100.000	21	0	0	1	21	961	941	2.1	39.2
Query_9973	XM_030916695.1	100.000	21	0	0	1	21	1137	1117	2.1	39.2
Query_9973	XM_003253799.3	100.000	21	0	0	1	21	982	962	2.1	39.2
Query_9973	XM_030802719.1	100.000	21	0	0	1	21	855	835	2.1	39.2
Query_9973	XM_030802718.1	100.000	21	0	0	1	21	1045	1025	2.1	39.2
Query_9973	XM_021203516.2	100.000	21	0	0	1	21	585	565	2.1	39.2
Query_9973	XM_015110367.2	100.000	21	0	0	1	21	682	662	2.1	39.2
Query_9973	XM_015110366.2	100.000	21	0	0	1	21	961	941	2.1	39.2
Query_9973	NM_006357.4	100.000	21	0	0	1	21	980	960	2.1	39.2
Query_9973	XM_005348566.2	100.000	21	0	0	1	21	2062	2082	2.1	39.2
Query_9973	XM_005348565.3	100.000	21	0	0	1	21	2040	2060	2.1	39.2
Query_9973	XM_026779663.1	100.000	21	0	0	1	21	768	748	2.1	39.2
Query_9973	XM_013346861.2	100.000	21	0	0	1	21	596	576	2.1	39.2
Query_9973	XM_005348563.3	100.000	21	0	0	1	21	750	730	2.1	39.2
Query_9973	XM_023212356.2	100.000	21	0	0	1	21	879	859	2.1	39.2
Query_9973	XM_027872493.1	100.000	21	0	0	1	21	539	519	2.1	39.2
Query_9973	XM_027872492.1	100.000	21	0	0	1	21	531	511	2.1	39.2
Query_9973	XM_027872491.1	100.000	21	0	0	1	21	582	562	2.1	39.2
Query_9973	XM_027871898.1	100.000	21	0	0	1	21	842	822	2.1	39.2
Query_9973	XM_025404907.1	100.000	21	0	0	1	21	776	756	2.1	39.2
Query_9973	XM_025404906.1	100.000	21	0	0	1	21	963	943	2.1	39.2
Query_9973	XM_025404905.1	100.000	21	0	0	1	21	808	788	2.1	39.2
Query_9973	XM_025404904.1	100.000	21	0	0	1	21	871	851	2.1	39.2
Query_9973	XM_024747850.1	100.000	21	0	0	1	21	39	19	2.1	39.2
Query_9973	XR_676614.3	100.000	21	0	0	1	21	787	767	2.1	39.2
Query_9973	XM_016950121.2	100.000	21	0	0	1	21	1002	982	2.1	39.2
Query_9973	XM_024243530.1	100.000	21	0	0	1	21	661	641	2.1	39.2
Query_9973	XM_002812643.4	100.000	21	0	0	1	21	960	940	2.1	39.2
Query_9973	XM_002812644.4	100.000	21	0	0	1	21	961	941	2.1	39.2
Query_9973	XM_024243529.1	100.000	21	0	0	1	21	1039	1019	2.1	39.2
Query_9973	XM_023514163.1	100.000	21	0	0	1	21	662	642	2.1	39.2
Query_9973	XM_012806204.2	100.000	21	0	0	1	21	796	776	2.1	39.2
Query_9973	XM_022665701.1	100.000	21	0	0	1	21	767	747	2.1	39.2
Query_9973	XM_012471453.2	100.000	21	0	0	1	21	963	943	2.1	39.2
Query_9973	XM_012471452.2	100.000	21	0	0	1	21	853	833	2.1	39.2
Query_9973	XM_021668948.1	100.000	21	0	0	1	21	1001	981	2.1	39.2
Query_9973	XM_010351541.2	100.000	21	0	0	1	21	962	942	2.1	39.2
Query_9973	XM_039469988.1	100.000	21	0	0	1	21	1042	1022	2.1	39.2
Query_9973	NM_001047857.4	100.000	21	0	0	1	21	966	946	2.1	39.2
Query_9973	XM_006234405.4	100.000	21	0	0	1	21	909	889	2.1	39.2
Query_9973	XM_038349236.1	100.000	21	0	0	1	21	636	616	2.1	39.2
Query_9973	XM_038349235.1	100.000	21	0	0	1	21	728	708	2.1	39.2
Query_9973	XM_007965532.2	100.000	21	0	0	1	21	1026	1006	2.1	39.2
Query_9973	XM_007965531.2	100.000	21	0	0	1	21	956	936	2.1	39.2
Query_9973	XM_007965530.2	100.000	21	0	0	1	21	979	959	2.1	39.2
Query_9973	XM_037735836.1	100.000	21	0	0	1	21	601	581	2.1	39.2
Query_9973	XM_037732749.1	100.000	21	0	0	1	21	680	660	2.1	39.2
Query_9973	XM_017532745.2	100.000	21	0	0	1	21	1032	1012	2.1	39.2
Query_9973	XM_017532744.2	100.000	21	0	0	1	21	962	942	2.1	39.2
Query_9973	XM_017532743.2	100.000	21	0	0	1	21	1041	1021	2.1	39.2
Query_9973	XM_037208682.1	100.000	21	0	0	1	21	424	404	2.1	39.2
Query_9973	XM_028875684.2	100.000	21	0	0	1	21	743	723	2.1	39.2
Query_9973	XM_037205313.1	100.000	21	0	0	1	21	576	556	2.1	39.2
Query_9973	XM_036539228.1	100.000	21	0	0	1	21	706	686	2.1	39.2
Query_9973	XM_036199017.1	100.000	21	0	0	1	21	723	703	2.1	39.2
Query_9973	XM_036199016.1	100.000	21	0	0	1	21	947	927	2.1	39.2
Query_9973	XM_036199015.1	100.000	21	0	0	1	21	900	880	2.1	39.2
Query_9973	XM_036164657.1	100.000	21	0	0	1	21	460	440	2.1	39.2
Query_9973	LR877214.1	100.000	21	0	0	1	21	51914885	51914905	2.1	39.2
Query_9973	NM_182678.3	100.000	21	0	0	1	21	830	810	2.1	39.2
Query_9973	NM_001278554.2	100.000	21	0	0	1	21	1031	1011	2.1	39.2
Query_9973	NM_001278555.2	100.000	21	0	0	1	21	798	778	2.1	39.2
Query_9973	XM_027389392.2	100.000	21	0	0	1	21	639	619	2.1	39.2
Query_9973	XM_027389391.2	100.000	21	0	0	1	21	871	851	2.1	39.2
Query_9973	XM_027389390.2	100.000	21	0	0	1	21	736	716	2.1	39.2
Query_9973	XM_007624394.4	100.000	21	0	0	1	21	802	782	2.1	39.2
Query_9973	XM_003733157.3	100.000	21	0	0	1	21	957	937	2.1	39.2
Query_9973	XM_035304362.1	100.000	21	0	0	1	21	1099	1079	2.1	39.2


