# blastn
# Iteration: 0
# Query: 
# RID: 73RKPM9U013
# Database: nt
# Fields: query acc.ver, subject acc.ver, % identity, alignment length, mismatches, gap opens, q. start, q. end, s. start, s. end, evalue, bit score
# 100 hits found
Query_60779	XM_035027375.1	100.000	21	0	0	1	21	914	894	2.1	39.2
Query_60779	XM_034945320.1	100.000	21	0	0	1	21	1022	1002	2.1	39.2
Query_60779	XM_034945319.1	100.000	21	0	0	1	21	1735	1715	2.1	39.2
Query_60779	XM_003817410.4	100.000	21	0	0	1	21	841	821	2.1	39.2
Query_60779	AP023165.1	100.000	21	0	0	1	21	32209483	32209503	2.1	39.2
Query_60779	XM_034504298.1	100.000	21	0	0	1	21	935	915	2.1	39.2
Query_60779	XM_019945282.2	100.000	21	0	0	1	21	923	903	2.1	39.2
Query_60779	XM_004271794.3	100.000	21	0	0	1	21	943	923	2.1	39.2
Query_60779	CP050593.1	100.000	21	0	0	1	21	31020359	31020339	2.1	39.2
Query_60779	CP050635.1	100.000	21	0	0	1	21	31022066	31022046	2.1	39.2
Query_60779	XM_033183585.1	100.000	21	0	0	1	21	850	830	2.1	39.2
Query_60779	XM_033089132.1	100.000	21	0	0	1	21	866	846	2.1	39.2
Query_60779	XM_032913970.1	100.000	21	0	0	1	21	915	895	2.1	39.2
Query_60779	XR_004384313.1	100.000	21	0	0	1	21	1163	1143	2.1	39.2
Query_60779	XM_032872008.1	100.000	21	0	0	1	21	1163	1143	2.1	39.2
Query_60779	XM_032615033.1	100.000	21	0	0	1	21	928	908	2.1	39.2
Query_60779	XM_006181400.3	100.000	21	0	0	1	21	939	919	2.1	39.2
Query_60779	XM_032428988.1	100.000	21	0	0	1	21	921	901	2.1	39.2
Query_60779	XM_032321978.1	100.000	21	0	0	1	21	1291	1271	2.1	39.2
Query_60779	XM_032280103.1	100.000	21	0	0	1	21	940	920	2.1	39.2
Query_60779	XM_032162573.1	100.000	21	0	0	1	21	850	830	2.1	39.2
Query_60779	LR738418.1	100.000	21	0	0	1	21	31285832	31285812	2.1	39.2
Query_60779	XM_003767966.4	100.000	21	0	0	1	21	356	336	2.1	39.2
Query_60779	XM_023203969.3	100.000	21	0	0	1	21	849	829	2.1	39.2
Query_60779	XM_003912784.4	100.000	21	0	0	1	21	926	906	2.1	39.2
Query_60779	XM_031468094.1	100.000	21	0	0	1	21	824	804	2.1	39.2
Query_60779	XM_031351580.1	100.000	21	0	0	1	21	1212	1192	2.1	39.2
Query_60779	XM_019026567.2	100.000	21	0	0	1	21	900	880	2.1	39.2
Query_60779	XM_031004316.1	100.000	21	0	0	1	21	1020	1000	2.1	39.2
Query_60779	XM_019015092.2	100.000	21	0	0	1	21	1045	1025	2.1	39.2
Query_60779	XM_010380650.2	100.000	21	0	0	1	21	850	830	2.1	39.2
Query_60779	XM_030881597.1	100.000	21	0	0	1	21	920	900	2.1	39.2
Query_60779	XM_003272285.3	100.000	21	0	0	1	21	1202	1182	2.1	39.2
Query_60779	MH729718.1	100.000	21	0	0	1	21	331	311	2.1	39.2
Query_60779	MH729717.1	100.000	21	0	0	1	21	331	311	2.1	39.2
Query_60779	MH729716.1	100.000	21	0	0	1	21	331	311	2.1	39.2
Query_60779	MH729715.1	100.000	21	0	0	1	21	331	311	2.1	39.2
Query_60779	MH729714.1	100.000	21	0	0	1	21	331	311	2.1	39.2
Query_60779	MH729713.1	100.000	21	0	0	1	21	331	311	2.1	39.2
Query_60779	NM_005450.6	100.000	21	0	0	1	21	856	836	2.1	39.2
Query_60779	XM_030296487.1	100.000	21	0	0	1	21	962	942	2.1	39.2
Query_60779	MN038322.1	100.000	21	0	0	1	21	886	866	2.1	39.2
Query_60779	XM_029928309.1	100.000	21	0	0	1	21	545	525	2.1	39.2
Query_60779	XM_008838436.3	100.000	21	0	0	1	21	958	938	2.1	39.2
Query_60779	XM_021212898.2	100.000	21	0	0	1	21	925	905	2.1	39.2
Query_60779	XM_021178260.2	100.000	21	0	0	1	21	524	504	2.1	39.2
Query_60779	NM_001321827.2	100.000	21	0	0	1	21	1026	1006	2.1	39.2
Query_60779	NM_001321826.2	100.000	21	0	0	1	21	1026	1006	2.1	39.2
Query_60779	XM_028772481.1	100.000	21	0	0	1	21	864	844	2.1	39.2
Query_60779	XM_027087081.1	100.000	21	0	0	1	21	920	900	2.1	39.2
Query_60779	XM_027034179.1	100.000	21	0	0	1	21	962	942	2.1	39.2
Query_60779	XM_026517916.1	100.000	21	0	0	1	21	797	777	2.1	39.2
Query_60779	XM_026407803.1	100.000	21	0	0	1	21	913	893	2.1	39.2
Query_60779	XM_028164964.1	100.000	21	0	0	1	21	355	335	2.1	39.2
Query_60779	XM_028092977.1	100.000	21	0	0	1	21	331	311	2.1	39.2
Query_60779	XM_027950363.1	100.000	21	0	0	1	21	854	834	2.1	39.2
Query_60779	XM_027870639.1	100.000	21	0	0	1	21	331	311	2.1	39.2
Query_60779	XM_006172059.3	100.000	21	0	0	1	21	575	555	2.1	39.2
Query_60779	CP034522.1	100.000	21	0	0	1	21	17590547	17590527	2.1	39.2
Query_60779	CP034497.1	100.000	21	0	0	1	21	17590547	17590527	2.1	39.2
Query_60779	CP034495.1	100.000	21	0	0	1	21	54671915	54671895	2.1	39.2
Query_60779	XM_027519023.1	100.000	21	0	0	1	21	559	539	2.1	39.2
Query_60779	XM_025851038.1	100.000	21	0	0	1	21	331	311	2.1	39.2
Query_60779	XM_025362689.1	100.000	21	0	0	1	21	905	885	2.1	39.2
Query_60779	MF480653.1	100.000	21	0	0	1	21	358	338	2.1	39.2
Query_60779	XM_006076220.2	100.000	21	0	0	1	21	531	511	2.1	39.2
Query_60779	NM_001363609.1	100.000	21	0	0	1	21	1026	1006	2.1	39.2
Query_60779	XM_006924856.3	100.000	21	0	0	1	21	675	655	2.1	39.2
Query_60779	XM_002695554.6	100.000	21	0	0	1	21	926	906	2.1	39.2
Query_60779	XM_011732968.2	100.000	21	0	0	1	21	961	941	2.1	39.2
Query_60779	XM_024757637.1	100.000	21	0	0	1	21	670	650	2.1	39.2
Query_60779	XM_024573455.1	100.000	21	0	0	1	21	840	820	2.1	39.2
Query_60779	XM_011527787.3	100.000	21	0	0	1	21	1030	1010	2.1	39.2
Query_60779	XM_040497066.1	100.000	21	0	0	1	21	962	942	2.1	39.2
Query_60779	XM_005321598.3	100.000	21	0	0	1	21	947	927	2.1	39.2
Query_60779	XM_040244285.1	100.000	21	0	0	1	21	984	964	2.1	39.2
Query_60779	HG994394.1	100.000	21	0	0	1	21	29720618	29720638	2.1	39.2
Query_60779	XM_039885709.1	100.000	21	0	0	1	21	850	830	2.1	39.2
Query_60779	XM_039241125.1	100.000	21	0	0	1	21	919	899	2.1	39.2
Query_60779	CP068261.1	100.000	21	0	0	1	21	57470967	57470947	2.1	39.2
Query_60779	CP068259.1	100.000	21	0	0	1	21	17674372	17674352	2.1	39.2
Query_60779	XM_039087858.1	100.000	21	0	0	1	21	225	245	2.1	39.2
Query_60779	XM_038675217.1	100.000	21	0	0	1	21	440	420	2.1	39.2
Query_60779	XM_005624988.2	100.000	21	0	0	1	21	434	414	2.1	39.2
Query_60779	XM_008011393.2	100.000	21	0	0	1	21	917	897	2.1	39.2
Query_60779	XM_037809573.1	100.000	21	0	0	1	21	916	896	2.1	39.2
Query_60779	XM_017538823.2	100.000	21	0	0	1	21	849	829	2.1	39.2
Query_60779	XM_037493704.1	100.000	21	0	0	1	21	825	805	2.1	39.2
Query_60779	XM_037163726.1	100.000	21	0	0	1	21	903	883	2.1	39.2
Query_60779	XM_017654997.2	100.000	21	0	0	1	21	939	919	2.1	39.2
Query_60779	XM_016155130.2	100.000	21	0	0	1	21	920	900	2.1	39.2
Query_60779	AP023479.1	100.000	21	0	0	1	21	17432278	17432258	2.1	39.2
Query_60779	AP023477.1	100.000	21	0	0	1	21	54043767	54043747	2.1	39.2
Query_60779	XM_036106165.1	100.000	21	0	0	1	21	931	911	2.1	39.2
Query_60779	XM_028520706.2	100.000	21	0	0	1	21	922	902	2.1	39.2
Query_60779	LR877227.1	100.000	21	0	0	1	21	16110126	16110146	2.1	39.2
Query_60779	NM_001098524.2	100.000	21	0	0	1	21	1183	1163	2.1	39.2
Query_60779	NM_173544.5	100.000	21	0	0	1	21	1183	1163	2.1	39.2
Query_60779	XM_025440587.2	100.000	21	0	0	1	21	446	426	2.1	39.2
Query_60779	XM_027626595.2	100.000	21	0	0	1	21	915	895	2.1	39.2


