# blastn
# Iteration: 0
# Query: 
# RID: 7PP96562016
# Database: nt
# Fields: query acc.ver, subject acc.ver, % identity, alignment length, mismatches, gap opens, q. start, q. end, s. start, s. end, evalue, bit score
# 100 hits found
Query_32235	XM_034989198.1	100.000	21	0	0	1	21	120	100	2.1	39.2
Query_32235	XM_035022127.1	100.000	21	0	0	1	21	156	136	2.1	39.2
Query_32235	XM_035013900.1	100.000	21	0	0	1	21	93	73	2.1	39.2
Query_32235	XM_034948808.1	100.000	21	0	0	1	21	714	694	2.1	39.2
Query_32235	XM_003807746.2	100.000	21	0	0	1	21	210	190	2.1	39.2
Query_32235	XM_034937214.1	100.000	21	0	0	1	21	135	115	2.1	39.2
Query_32235	XM_034936518.1	100.000	21	0	0	1	21	1276	1256	2.1	39.2
Query_32235	XM_034936517.1	100.000	21	0	0	1	21	1089	1069	2.1	39.2
Query_32235	XM_040464656.1	100.000	21	0	0	1	21	191	171	2.1	39.2
Query_32235	XM_005334483.4	100.000	21	0	0	1	21	185	165	2.1	39.2
Query_32235	HG994409.1	100.000	21	0	0	1	21	15986471	15986451	2.1	39.2
Query_32235	HG994406.1	100.000	21	0	0	1	21	33172541	33172521	2.1	39.2
Query_32235	HG994397.1	100.000	21	0	0	1	21	44832707	44832687	2.1	39.2
Query_32235	HG994395.1	100.000	21	0	0	1	21	35546056	35546076	2.1	39.2
Query_32235	HG994387.1	100.000	21	0	0	1	21	46652742	46652722	2.1	39.2
Query_32235	XM_039868429.1	100.000	21	0	0	1	21	198	178	2.1	39.2
Query_32235	XM_039868428.1	100.000	21	0	0	1	21	155	135	2.1	39.2
Query_32235	XM_003942643.3	100.000	21	0	0	1	21	163	143	2.1	39.2
Query_32235	XM_039222468.1	100.000	21	0	0	1	21	92	72	2.1	39.2
Query_32235	XM_039242863.1	100.000	21	0	0	1	21	166	146	2.1	39.2
Query_32235	XM_039239305.1	100.000	21	0	0	1	21	98	78	2.1	39.2
Query_32235	CP068259.1	100.000	21	0	0	1	21	9900723	9900703	2.1	39.2
Query_32235	CP068256.1	100.000	21	0	0	1	21	22035174	22035154	2.1	39.2
Query_32235	XM_039088548.1	100.000	21	0	0	1	21	84	64	2.1	39.2
Query_32235	XM_039088547.1	100.000	21	0	0	1	21	196	176	2.1	39.2
Query_32235	XM_038437622.1	100.000	21	0	0	1	21	134	114	2.1	39.2
Query_32235	XM_534767.7	100.000	21	0	0	1	21	134	114	2.1	39.2
Query_32235	XM_038320860.1	100.000	21	0	0	1	21	92	72	2.1	39.2
Query_32235	XM_038320010.1	100.000	21	0	0	1	21	96	76	2.1	39.2
Query_32235	XM_038319963.1	100.000	21	0	0	1	21	110	90	2.1	39.2
Query_32235	XM_038346230.1	100.000	21	0	0	1	21	136	116	2.1	39.2
Query_32235	XM_038313575.1	100.000	21	0	0	1	21	92	72	2.1	39.2
Query_32235	XM_007974919.2	100.000	21	0	0	1	21	285	265	2.1	39.2
Query_32235	XM_037986854.1	100.000	21	0	0	1	21	317	297	2.1	39.2
Query_32235	XM_037799209.1	100.000	21	0	0	1	21	103	83	2.1	39.2
Query_32235	XM_037823569.1	100.000	21	0	0	1	21	123	103	2.1	39.2
Query_32235	XM_037734947.1	100.000	21	0	0	1	21	128	108	2.1	39.2
Query_32235	XM_017518623.2	100.000	21	0	0	1	21	168	148	2.1	39.2
Query_32235	XM_037741679.1	100.000	21	0	0	1	21	300	280	2.1	39.2
Query_32235	XM_037737901.1	100.000	21	0	0	1	21	116	96	2.1	39.2
Query_32235	XM_037495637.1	100.000	21	0	0	1	21	131	111	2.1	39.2
Query_32235	XM_037135932.1	100.000	21	0	0	1	21	92	72	2.1	39.2
Query_32235	XM_037067301.1	100.000	21	0	0	1	21	169	149	2.1	39.2
Query_32235	XM_036993260.1	100.000	21	0	0	1	21	176	156	2.1	39.2
Query_32235	XM_036461254.1	100.000	21	0	0	1	21	116	96	2.1	39.2
Query_32235	XM_036449777.1	100.000	21	0	0	1	21	206	186	2.1	39.2
Query_32235	XM_036449776.1	100.000	21	0	0	1	21	211	191	2.1	39.2
Query_32235	XM_036449775.1	100.000	21	0	0	1	21	272	252	2.1	39.2
Query_32235	XM_036353530.1	100.000	21	0	0	1	21	210	190	2.1	39.2
Query_32235	XM_036353528.1	100.000	21	0	0	1	21	190	170	2.1	39.2
Query_32235	XM_036353527.1	100.000	21	0	0	1	21	850	830	2.1	39.2
Query_32235	XM_036276571.1	100.000	21	0	0	1	21	262	242	2.1	39.2
Query_32235	XM_036276570.1	100.000	21	0	0	1	21	286	266	2.1	39.2
Query_32235	XM_036276569.1	100.000	21	0	0	1	21	112	92	2.1	39.2
Query_32235	XM_016120176.2	100.000	21	0	0	1	21	195	175	2.1	39.2
Query_32235	XM_016120175.2	100.000	21	0	0	1	21	160	140	2.1	39.2
Query_32235	AP023482.1	100.000	21	0	0	1	21	17259699	17259679	2.1	39.2
Query_32235	AP023479.1	100.000	21	0	0	1	21	9660618	9660598	2.1	39.2
Query_32235	XM_036197722.1	100.000	21	0	0	1	21	141	121	2.1	39.2
Query_32235	XM_036156152.1	100.000	21	0	0	1	21	121	101	2.1	39.2
Query_32235	XM_036078724.1	100.000	21	0	0	1	21	1874	1854	2.1	39.2
Query_32235	XM_036076454.1	100.000	21	0	0	1	21	235	215	2.1	39.2
Query_32235	XM_036076453.1	100.000	21	0	0	1	21	169	149	2.1	39.2
Query_32235	XM_036076452.1	100.000	21	0	0	1	21	65	45	2.1	39.2
Query_32235	XM_036076451.1	100.000	21	0	0	1	21	82	62	2.1	39.2
Query_32235	XM_036076450.1	100.000	21	0	0	1	21	65	45	2.1	39.2
Query_32235	XM_028506874.2	100.000	21	0	0	1	21	107	87	2.1	39.2
Query_32235	LR877235.1	100.000	21	0	0	1	21	31951473	31951493	2.1	39.2
Query_32235	LR877225.1	100.000	21	0	0	1	21	8947755	8947775	2.1	39.2
Query_32235	LR877219.1	100.000	21	0	0	1	21	2405407	2405427	2.1	39.2
Query_32235	XM_035706285.1	100.000	21	0	0	1	21	84	64	2.1	39.2
Query_32235	XM_035706284.1	100.000	21	0	0	1	21	84	64	2.1	39.2
Query_32235	XM_025474927.2	100.000	21	0	0	1	21	136	116	2.1	39.2
Query_32235	XM_035727311.1	100.000	21	0	0	1	21	92	72	2.1	39.2
Query_32235	XM_027599945.2	100.000	21	0	0	1	21	92	72	2.1	39.2
Query_32235	XM_027577635.2	100.000	21	0	0	1	21	92	72	2.1	39.2
Query_32235	XM_027577314.2	100.000	21	0	0	1	21	112	92	2.1	39.2
Query_32235	XM_027576173.2	100.000	21	0	0	1	21	127	107	2.1	39.2
Query_32235	XM_027576172.2	100.000	21	0	0	1	21	127	107	2.1	39.2
Query_32235	LR862375.1	100.000	21	0	0	1	21	8128352	8128372	2.1	39.2
Query_32235	LR862369.1	100.000	21	0	0	1	21	2065074	2065054	2.1	39.2
Query_32235	LR862368.1	100.000	21	0	0	1	21	11412174	11412154	2.1	39.2
Query_32235	LR862365.1	100.000	21	0	0	1	21	58467562	58467582	2.1	39.2
Query_32235	XM_027413209.2	100.000	21	0	0	1	21	105	85	2.1	39.2
Query_32235	XM_035444743.1	100.000	21	0	0	1	21	74	54	2.1	39.2
Query_32235	XM_027413208.2	100.000	21	0	0	1	21	211	191	2.1	39.2
Query_32235	XM_035450944.1	100.000	21	0	0	1	21	80	60	2.1	39.2
Query_32235	XM_035458013.1	100.000	21	0	0	1	21	80	60	2.1	39.2
Query_32235	XM_007643458.4	100.000	21	0	0	1	21	108	88	2.1	39.2
Query_32235	XM_016975801.3	100.000	21	0	0	1	21	74	54	2.1	39.2
Query_32235	XM_003502820.5	100.000	21	0	0	1	21	211	191	2.1	39.2
Query_32235	XM_002752526.5	100.000	21	0	0	1	21	138	118	2.1	39.2
Query_32235	XM_035302434.1	100.000	21	0	0	1	21	252	232	2.1	39.2
Query_32235	XM_035284661.1	100.000	21	0	0	1	21	123	103	2.1	39.2
Query_32235	XM_035290943.1	100.000	21	0	0	1	21	123	103	2.1	39.2
Query_32235	XR_617564.3	100.000	21	0	0	1	21	115	95	2.1	39.2
Query_32235	XM_035267117.1	100.000	21	0	0	1	21	207	187	2.1	39.2
Query_32235	XM_002806551.5	100.000	21	0	0	1	21	203	183	2.1	39.2
Query_32235	XM_035267104.1	100.000	21	0	0	1	21	170	150	2.1	39.2
Query_32235	XM_035267097.1	100.000	21	0	0	1	21	195	175	2.1	39.2


