# blastn
# Iteration: 0
# Query: 
# RID: 6ZWEK0JX013
# Database: nt
# Fields: query acc.ver, subject acc.ver, % identity, alignment length, mismatches, gap opens, q. start, q. end, s. start, s. end, evalue, bit score
# 49 hits found
Query_43413	XM_034505797.1	100.000	21	0	0	1	21	1961	1941	2.1	39.2
Query_43413	XM_034505796.1	100.000	21	0	0	1	21	2067	2047	2.1	39.2
Query_43413	XM_032913110.1	100.000	21	0	0	1	21	2053	2033	2.1	39.2
Query_43413	XM_032913109.1	100.000	21	0	0	1	21	1916	1896	2.1	39.2
Query_43413	XM_031351267.1	100.000	21	0	0	1	21	1919	1899	2.1	39.2
Query_43413	XM_031351266.1	100.000	21	0	0	1	21	3045	3025	2.1	39.2
Query_43413	XM_031351265.1	100.000	21	0	0	1	21	1956	1936	2.1	39.2
Query_43413	XM_031351263.1	100.000	21	0	0	1	21	1772	1752	2.1	39.2
Query_43413	XM_031351262.1	100.000	21	0	0	1	21	2091	2071	2.1	39.2
Query_43413	XM_030245499.1	100.000	21	0	0	1	21	1797	1777	2.1	39.2
Query_43413	XM_021175437.2	100.000	21	0	0	1	21	1927	1907	2.1	39.2
Query_43413	XM_021175436.2	100.000	21	0	0	1	21	2062	2042	2.1	39.2
Query_43413	XM_028755045.1	100.000	21	0	0	1	21	1933	1913	2.1	39.2
Query_43413	XM_026789855.1	100.000	21	0	0	1	21	2070	2050	2.1	39.2
Query_43413	XM_005368301.2	100.000	21	0	0	1	21	1935	1915	2.1	39.2
Query_43413	XM_021646856.1	100.000	21	0	0	1	21	1936	1916	2.1	39.2
Query_43413	XM_021646855.1	100.000	21	0	0	1	21	2046	2026	2.1	39.2
Query_43413	XM_021214131.1	100.000	21	0	0	1	21	1932	1912	2.1	39.2
Query_43413	XM_021214130.1	100.000	21	0	0	1	21	2067	2047	2.1	39.2
Query_43413	XM_016007344.1	100.000	21	0	0	1	21	1798	1778	2.1	39.2
Query_43413	XM_016007343.1	100.000	21	0	0	1	21	1927	1907	2.1	39.2
Query_43413	XM_016007339.1	100.000	21	0	0	1	21	1817	1797	2.1	39.2
Query_43413	XM_006971854.2	100.000	21	0	0	1	21	2062	2042	2.1	39.2
Query_43413	NM_001282977.1	100.000	21	0	0	1	21	2070	2050	2.1	39.2
Query_43413	NM_145121.3	100.000	21	0	0	1	21	1935	1915	2.1	39.2
Query_43413	NM_017346.2	100.000	21	0	0	1	21	1925	1905	2.1	39.2
Query_43413	XM_039086662.1	100.000	21	0	0	1	21	1149	1129	2.1	39.2
Query_43413	XM_006247410.3	100.000	21	0	0	1	21	1854	1834	2.1	39.2
Query_43413	XM_006247409.4	100.000	21	0	0	1	21	2075	2055	2.1	39.2
Query_43413	XM_038325355.1	100.000	21	0	0	1	21	2006	1986	2.1	39.2
Query_43413	XM_037200616.1	100.000	21	0	0	1	21	2235	2215	2.1	39.2
Query_43413	XM_028889454.2	100.000	21	0	0	1	21	1930	1910	2.1	39.2
Query_43413	XM_037200615.1	100.000	21	0	0	1	21	2299	2279	2.1	39.2
Query_43413	XM_028889457.2	100.000	21	0	0	1	21	2066	2046	2.1	39.2
Query_43413	AB685743.1	100.000	21	0	0	1	21	2054	2034	2.1	39.2
Query_43413	JN960751.1	100.000	21	0	0	1	21	31781	31761	2.1	39.2
Query_43413	XM_036195897.1	100.000	21	0	0	1	21	2061	2041	2.1	39.2
Query_43413	XM_036195896.1	100.000	21	0	0	1	21	2193	2173	2.1	39.2
Query_43413	XM_036195895.1	100.000	21	0	0	1	21	1926	1906	2.1	39.2
Query_43413	XM_030245500.2	100.000	21	0	0	1	21	1921	1901	2.1	39.2
Query_43413	XM_036156255.1	100.000	21	0	0	1	21	3098	3078	2.1	39.2
Query_43413	XM_006532092.4	100.000	21	0	0	1	21	1796	1776	2.1	39.2
Query_43413	XM_006532091.4	100.000	21	0	0	1	21	1931	1911	2.1	39.2
Query_43413	LR877227.1	100.000	21	0	0	1	21	24401631	24401651	2.1	39.2
Query_43413	AB100389.2	100.000	21	0	0	1	21	5277	5257	2.1	39.2
Query_43413	AY094173.1	100.000	21	0	0	1	21	1733	1713	2.1	39.2
Query_43413	X61394.1	100.000	21	0	0	1	21	1796	1776	2.1	39.2
Query_43413	AL591209.17	100.000	21	0	0	1	21	83683	83703	2.1	39.2
Query_43413	L06110.1	100.000	21	0	0	1	21	1733	1713	2.1	39.2


