# blastn
# Iteration: 0
# Query: 
# RID: 6RN1J1N7013
# Database: nt
# Fields: query acc.ver, subject acc.ver, % identity, alignment length, mismatches, gap opens, q. start, q. end, s. start, s. end, evalue, bit score
# 97 hits found
Query_46213	XM_003807100.4	100.000	21	0	0	1	21	574	554	2.1	39.2
Query_46213	AP023166.1	100.000	21	0	0	1	21	2454018	2454038	2.1	39.2
Query_46213	XM_002926382.4	100.000	21	0	0	1	21	604	584	2.1	39.2
Query_46213	XM_033845996.1	100.000	21	0	0	1	21	612	592	2.1	39.2
Query_46213	XM_033224473.1	100.000	21	0	0	1	21	942	922	2.1	39.2
Query_46213	XM_032612932.1	100.000	21	0	0	1	21	612	592	2.1	39.2
Query_46213	XM_032263200.1	100.000	21	0	0	1	21	500	480	2.1	39.2
Query_46213	XM_032171207.1	100.000	21	0	0	1	21	845	825	2.1	39.2
Query_46213	LR738628.1	100.000	21	0	0	1	21	71678059	71678079	2.1	39.2
Query_46213	LR738606.1	100.000	21	0	0	1	21	65125549	65125569	2.1	39.2
Query_46213	XM_003916130.3	100.000	21	0	0	1	21	949	929	2.1	39.2
Query_46213	XR_004067781.1	100.000	21	0	0	1	21	558	538	2.1	39.2
Query_46213	XM_019015478.2	100.000	21	0	0	1	21	229	209	2.1	39.2
Query_46213	XR_176607.3	100.000	21	0	0	1	21	574	554	2.1	39.2
Query_46213	XM_010379192.2	100.000	21	0	0	1	21	939	919	2.1	39.2
Query_46213	XM_030851183.1	100.000	21	0	0	1	21	612	592	2.1	39.2
Query_46213	XM_003277335.4	100.000	21	0	0	1	21	851	831	2.1	39.2
Query_46213	XM_022586052.2	100.000	21	0	0	1	21	635	615	2.1	39.2
Query_46213	XM_008846657.2	100.000	21	0	0	1	21	566	546	2.1	39.2
Query_46213	XM_029245354.1	100.000	21	0	0	1	21	612	592	2.1	39.2
Query_46213	XM_028486348.1	100.000	21	0	0	1	21	242	222	2.1	39.2
Query_46213	XM_028486348.1	100.000	21	0	0	1	21	242	222	2.1	39.2
Query_46213	NM_014501.3	100.000	21	0	0	1	21	579	559	2.1	39.2
Query_46213	XM_027097427.1	100.000	21	0	0	1	21	743	723	2.1	39.2
Query_46213	XM_027037387.1	100.000	21	0	0	1	21	587	567	2.1	39.2
Query_46213	XM_026488514.1	100.000	21	0	0	1	21	569	549	2.1	39.2
Query_46213	CP034522.1	100.000	21	0	0	1	21	55853093	55853113	2.1	39.2
Query_46213	CP034497.1	100.000	21	0	0	1	21	55853093	55853113	2.1	39.2
Query_46213	CP034495.1	100.000	21	0	0	1	21	15607835	15607855	2.1	39.2
Query_46213	CP034495.1	100.000	21	0	0	1	21	18580783	18580763	2.1	39.2
Query_46213	XM_025914682.1	100.000	21	0	0	1	21	575	555	2.1	39.2
Query_46213	XM_025369037.1	100.000	21	0	0	1	21	948	928	2.1	39.2
Query_46213	AC277988.1	100.000	21	0	0	1	21	97271	97251	2.1	39.2
Query_46213	AC277977.1	100.000	21	0	0	1	21	166352	166372	2.1	39.2
Query_46213	XM_006915944.3	100.000	21	0	0	1	21	598	578	2.1	39.2
Query_46213	XM_011752020.2	100.000	21	0	0	1	21	942	922	2.1	39.2
Query_46213	XM_024755169.1	100.000	21	0	0	1	21	612	592	2.1	39.2
Query_46213	XM_016936881.2	100.000	21	0	0	1	21	2122	2102	2.1	39.2
Query_46213	XM_016936880.2	100.000	21	0	0	1	21	642	622	2.1	39.2
Query_46213	XR_002942167.1	100.000	21	0	0	1	21	518	498	2.1	39.2
Query_46213	XM_024236634.1	100.000	21	0	0	1	21	844	824	2.1	39.2
Query_46213	XM_001495789.4	100.000	21	0	0	1	21	569	549	2.1	39.2
Query_46213	XM_019819105.2	100.000	21	0	0	1	21	533	513	2.1	39.2
Query_46213	XM_023184255.1	100.000	21	0	0	1	21	960	940	2.1	39.2
Query_46213	XM_021673446.1	100.000	21	0	0	1	21	746	726	2.1	39.2
Query_46213	XM_012465289.2	100.000	21	0	0	1	21	520	500	2.1	39.2
Query_46213	LT741140.1	100.000	21	0	0	1	21	867	847	2.1	39.2
Query_46213	LT736020.1	100.000	21	0	0	1	21	867	847	2.1	39.2
Query_46213	AC275577.1	100.000	21	0	0	1	21	8968	8948	2.1	39.2
Query_46213	XM_019437894.1	100.000	21	0	0	1	21	567	547	2.1	39.2
Query_46213	XM_017892532.1	100.000	21	0	0	1	21	940	920	2.1	39.2
Query_46213	AC275431.1	100.000	21	0	0	1	21	56631	56651	2.1	39.2
Query_46213	XM_005590403.2	100.000	21	0	0	1	21	943	923	2.1	39.2
Query_46213	XM_014856682.1	100.000	21	0	0	1	21	590	570	2.1	39.2
Query_46213	NG_031882.2	100.000	21	0	0	1	21	310	290	2.1	39.2
Query_46213	XM_013034528.1	100.000	21	0	0	1	21	839	819	2.1	39.2
Query_46213	XM_012053615.1	100.000	21	0	0	1	21	940	920	2.1	39.2
Query_46213	XM_011932455.1	100.000	21	0	0	1	21	941	921	2.1	39.2
Query_46213	XM_011932454.1	100.000	21	0	0	1	21	947	927	2.1	39.2
Query_46213	XM_011379260.1	100.000	21	0	0	1	21	707	687	2.1	39.2
Query_46213	XM_008709845.1	100.000	21	0	0	1	21	599	579	2.1	39.2
Query_46213	XM_008538032.1	100.000	21	0	0	1	21	418	398	2.1	39.2
Query_46213	KJ906125.1	100.000	21	0	0	1	21	445	425	2.1	39.2
Query_46213	KJ898691.1	100.000	21	0	0	1	21	445	425	2.1	39.2
Query_46213	KJ898690.1	100.000	21	0	0	1	21	445	425	2.1	39.2
Query_46213	XM_007468007.1	100.000	21	0	0	1	21	743	723	2.1	39.2
Query_46213	XM_040465326.1	100.000	21	0	0	1	21	544	524	2.1	39.2
Query_46213	XM_039857071.1	100.000	21	0	0	1	21	643	623	2.1	39.2
Query_46213	NM_001266004.2	100.000	21	0	0	1	21	699	679	2.1	39.2
Query_46213	CP068261.1	100.000	21	0	0	1	21	15611051	15611071	2.1	39.2
Query_46213	CP068261.1	100.000	21	0	0	1	21	18624583	18624563	2.1	39.2
Query_46213	CP068259.1	100.000	21	0	0	1	21	58497174	58497194	2.1	39.2
Query_46213	XM_007998158.2	100.000	21	0	0	1	21	945	925	2.1	39.2
Query_46213	XM_017546575.2	100.000	21	0	0	1	21	938	918	2.1	39.2
Query_46213	AP023479.1	100.000	21	0	0	1	21	55879516	55879536	2.1	39.2
Query_46213	AP023477.1	100.000	21	0	0	1	21	15790797	15790817	2.1	39.2
Query_46213	AP023477.1	100.000	21	0	0	1	21	18786163	18786143	2.1	39.2
Query_46213	XM_002762502.3	100.000	21	0	0	1	21	944	924	2.1	39.2
Query_46213	HQ448521.1	100.000	21	0	0	1	21	430	410	2.1	39.2
Query_46213	AC240523.3	100.000	21	0	0	1	21	9931	9911	2.1	39.2
Query_46213	NG_001583.3	100.000	21	0	0	1	21	673	653	2.1	39.2
Query_46213	CU688219.1	100.000	21	0	0	1	21	305	325	2.1	39.2
Query_46213	CU688218.1	100.000	21	0	0	1	21	396	376	2.1	39.2
Query_46213	CU675700.1	100.000	21	0	0	1	21	305	325	2.1	39.2
Query_46213	CU675699.1	100.000	21	0	0	1	21	396	376	2.1	39.2
Query_46213	BC014622.1	100.000	21	0	0	1	21	569	549	2.1	39.2
Query_46213	BC066948.1	100.000	21	0	0	1	21	404	384	2.1	39.2
Query_46213	BC065364.1	100.000	21	0	0	1	21	568	548	2.1	39.2
Query_46213	BC004236.2	100.000	21	0	0	1	21	558	538	2.1	39.2
Query_46213	AC026271.6	100.000	21	0	0	1	21	41882	41902	2.1	39.2
Query_46213	AC018989.15	100.000	21	0	0	1	21	150318	150338	2.1	39.2
Query_46213	AC020922.9	100.000	21	0	0	1	21	110008	110028	2.1	39.2
Query_46213	DQ120720.1	100.000	21	0	0	1	21	380	360	2.1	39.2
Query_46213	DQ120718.1	100.000	21	0	0	1	21	380	360	2.1	39.2
Query_46213	AB062397.1	100.000	21	0	0	1	21	558	538	2.1	39.2
Query_46213	AC005324.1	100.000	21	0	0	1	21	60504	60484	2.1	39.2
Query_46213	M91670.1	100.000	21	0	0	1	21	439	419	2.1	39.2


