# blastn
# Iteration: 0
# Query: 
# RID: 741W0NR1016
# Database: nt
# Fields: query acc.ver, subject acc.ver, % identity, alignment length, mismatches, gap opens, q. start, q. end, s. start, s. end, evalue, bit score
# 100 hits found
Query_2253	XM_035012868.1	100.000	21	0	0	1	21	1853	1833	2.1	39.2
Query_2253	XM_035012867.1	100.000	21	0	0	1	21	1853	1833	2.1	39.2
Query_2253	XM_003826436.5	100.000	21	0	0	1	21	1522	1502	2.1	39.2
Query_2253	XM_002922705.4	100.000	21	0	0	1	21	1152	1132	2.1	39.2
Query_2253	XM_033860719.1	100.000	21	0	0	1	21	2679	2659	2.1	39.2
Query_2253	XM_004264119.3	100.000	21	0	0	1	21	2598	2578	2.1	39.2
Query_2253	XM_033121437.1	100.000	21	0	0	1	21	936	916	2.1	39.2
Query_2253	XM_032901983.1	100.000	21	0	0	1	21	944	924	2.1	39.2
Query_2253	XM_032846512.1	100.000	21	0	0	1	21	740	720	2.1	39.2
Query_2253	XM_032414879.1	100.000	21	0	0	1	21	740	720	2.1	39.2
Query_2253	XM_032359012.1	100.000	21	0	0	1	21	1537	1517	2.1	39.2
Query_2253	XM_032283391.1	100.000	21	0	0	1	21	954	934	2.1	39.2
Query_2253	XR_004248146.1	100.000	21	0	0	1	21	814	794	2.1	39.2
Query_2253	XM_032152902.1	100.000	21	0	0	1	21	941	921	2.1	39.2
Query_2253	XM_006214057.2	100.000	21	0	0	1	21	911	891	2.1	39.2
Query_2253	XM_006751597.2	100.000	21	0	0	1	21	1022	1002	2.1	39.2
Query_2253	XM_004051152.3	100.000	21	0	0	1	21	941	921	2.1	39.2
Query_2253	XM_030864399.1	100.000	21	0	0	1	21	2681	2661	2.1	39.2
Query_2253	XR_004029584.1	100.000	21	0	0	1	21	816	796	2.1	39.2
Query_2253	XM_030810123.1	100.000	21	0	0	1	21	941	921	2.1	39.2
Query_2253	XM_030332475.1	100.000	21	0	0	1	21	740	720	2.1	39.2
Query_2253	XM_021185567.2	100.000	21	0	0	1	21	2606	2586	2.1	39.2
Query_2253	NM_002559.5	100.000	21	0	0	1	21	939	919	2.1	39.2
Query_2253	XM_027114691.1	100.000	21	0	0	1	21	2548	2528	2.1	39.2
Query_2253	XM_027045571.1	100.000	21	0	0	1	21	2611	2591	2.1	39.2
Query_2253	XM_027045569.1	100.000	21	0	0	1	21	740	720	2.1	39.2
Query_2253	XM_026486983.1	100.000	21	0	0	1	21	1798	1778	2.1	39.2
Query_2253	XM_008159313.2	100.000	21	0	0	1	21	772	752	2.1	39.2
Query_2253	XM_028111224.1	100.000	21	0	0	1	21	1809	1789	2.1	39.2
Query_2253	XM_015101165.2	100.000	21	0	0	1	21	740	720	2.1	39.2
Query_2253	XM_025879400.1	100.000	21	0	0	1	21	2477	2457	2.1	39.2
Query_2253	XM_006080721.2	100.000	21	0	0	1	21	1159	1139	2.1	39.2
Query_2253	XM_006905995.3	100.000	21	0	0	1	21	1114	1094	2.1	39.2
Query_2253	XM_016920882.2	100.000	21	0	0	1	21	1009	989	2.1	39.2
Query_2253	XM_001136930.4	100.000	21	0	0	1	21	992	972	2.1	39.2
Query_2253	XM_002821788.2	100.000	21	0	0	1	21	941	921	2.1	39.2
Query_2253	XM_007115874.2	100.000	21	0	0	1	21	740	720	2.1	39.2
Query_2253	XM_006091907.3	100.000	21	0	0	1	21	772	752	2.1	39.2
Query_2253	XM_004389182.2	100.000	21	0	0	1	21	768	748	2.1	39.2
Query_2253	XM_004471020.2	100.000	21	0	0	1	21	755	735	2.1	39.2
Query_2253	XM_003421330.3	100.000	21	0	0	1	21	2568	2548	2.1	39.2
Query_2253	XM_022507296.1	100.000	21	0	0	1	21	740	720	2.1	39.2
Query_2253	XM_021684842.1	100.000	21	0	0	1	21	740	720	2.1	39.2
Query_2253	XM_021642864.1	100.000	21	0	0	1	21	928	908	2.1	39.2
Query_2253	XM_021248323.1	100.000	21	0	0	1	21	2221	2201	2.1	39.2
Query_2253	XM_021193776.1	100.000	21	0	0	1	21	924	904	2.1	39.2
Query_2253	XM_020913176.1	100.000	21	0	0	1	21	1076	1056	2.1	39.2
Query_2253	XM_012749947.2	100.000	21	0	0	1	21	2437	2417	2.1	39.2
Query_2253	XM_012749946.2	100.000	21	0	0	1	21	2431	2411	2.1	39.2
Query_2253	XM_019812424.1	100.000	21	0	0	1	21	2553	2533	2.1	39.2
Query_2253	XM_003993362.3	100.000	21	0	0	1	21	740	720	2.1	39.2
Query_2253	XM_019624217.1	100.000	21	0	0	1	21	760	740	2.1	39.2
Query_2253	XM_040495132.1	100.000	21	0	0	1	21	2548	2528	2.1	39.2
Query_2253	XM_040495131.1	100.000	21	0	0	1	21	740	720	2.1	39.2
Query_2253	XM_040259372.1	100.000	21	0	0	1	21	740	720	2.1	39.2
Query_2253	XM_003920107.3	100.000	21	0	0	1	21	779	759	2.1	39.2
Query_2253	XM_017498970.2	100.000	21	0	0	1	21	929	909	2.1	39.2
Query_2253	XM_028894222.2	100.000	21	0	0	1	21	1427	1407	2.1	39.2
Query_2253	XM_036861777.1	100.000	21	0	0	1	21	740	720	2.1	39.2
Query_2253	XM_036323724.1	100.000	21	0	0	1	21	740	720	2.1	39.2
Query_2253	XM_036259406.1	100.000	21	0	0	1	21	772	752	2.1	39.2
Query_2253	XM_016160055.2	100.000	21	0	0	1	21	1079	1059	2.1	39.2
Query_2253	XM_036220410.1	100.000	21	0	0	1	21	8750	8730	2.1	39.2
Query_2253	XM_036220409.1	100.000	21	0	0	1	21	3318	3298	2.1	39.2
Query_2253	XM_036184637.1	100.000	21	0	0	1	21	1375	1355	2.1	39.2
Query_2253	XM_036184636.1	100.000	21	0	0	1	21	1375	1355	2.1	39.2
Query_2253	XM_006499210.5	100.000	21	0	0	1	21	773	753	2.1	39.2
Query_2253	XM_030250186.2	100.000	21	0	0	1	21	1627	1607	2.1	39.2
Query_2253	XM_030250185.2	100.000	21	0	0	1	21	2161	2141	2.1	39.2
Query_2253	XM_011239452.3	100.000	21	0	0	1	21	2409	2389	2.1	39.2
Query_2253	XM_030250184.2	100.000	21	0	0	1	21	3483	3463	2.1	39.2
Query_2253	XM_030250183.2	100.000	21	0	0	1	21	3371	3351	2.1	39.2
Query_2253	XM_036076582.1	100.000	21	0	0	1	21	740	720	2.1	39.2
Query_2253	XM_036076581.1	100.000	21	0	0	1	21	2617	2597	2.1	39.2
Query_2253	LR877235.1	100.000	21	0	0	1	21	2477600	2477580	2.1	39.2
Query_2253	XM_027579308.2	100.000	21	0	0	1	21	2671	2651	2.1	39.2
Query_2253	XM_027422654.2	100.000	21	0	0	1	21	974	954	2.1	39.2
Query_2253	XM_027422653.2	100.000	21	0	0	1	21	937	917	2.1	39.2
Query_2253	XM_035446209.1	100.000	21	0	0	1	21	1074	1054	2.1	39.2
Query_2253	XM_035446208.1	100.000	21	0	0	1	21	1122	1102	2.1	39.2
Query_2253	XM_027422650.2	100.000	21	0	0	1	21	1035	1015	2.1	39.2
Query_2253	XM_027422652.2	100.000	21	0	0	1	21	964	944	2.1	39.2
Query_2253	XM_027422649.2	100.000	21	0	0	1	21	1947	1927	2.1	39.2
Query_2253	XM_027422645.2	100.000	21	0	0	1	21	902	882	2.1	39.2
Query_2253	XM_027422644.2	100.000	21	0	0	1	21	973	953	2.1	39.2
Query_2253	XM_016977435.3	100.000	21	0	0	1	21	982	962	2.1	39.2
Query_2253	XM_007646647.4	100.000	21	0	0	1	21	939	919	2.1	39.2
Query_2253	XM_035458156.1	100.000	21	0	0	1	21	1076	1056	2.1	39.2
Query_2253	XM_035458155.1	100.000	21	0	0	1	21	1124	1104	2.1	39.2
Query_2253	XM_007646646.4	100.000	21	0	0	1	21	1037	1017	2.1	39.2
Query_2253	XM_007646645.4	100.000	21	0	0	1	21	965	945	2.1	39.2
Query_2253	XM_007646644.4	100.000	21	0	0	1	21	1949	1929	2.1	39.2
Query_2253	XM_027439121.2	100.000	21	0	0	1	21	910	890	2.1	39.2
Query_2253	XM_007646642.4	100.000	21	0	0	1	21	982	962	2.1	39.2
Query_2253	XM_035262719.1	100.000	21	0	0	1	21	2451	2431	2.1	39.2
Query_2253	XM_035262718.1	100.000	21	0	0	1	21	915	895	2.1	39.2
Query_2253	XM_035262717.1	100.000	21	0	0	1	21	1174	1154	2.1	39.2
Query_2253	XM_035262716.1	100.000	21	0	0	1	21	2824	2804	2.1	39.2
Query_2253	XM_035262715.1	100.000	21	0	0	1	21	1274	1254	2.1	39.2
Query_2253	XM_002755279.6	100.000	21	0	0	1	21	1392	1372	2.1	39.2


