# blastn
# Iteration: 0
# Query: 
# RID: 7PG74GET01R
# Database: nt
# Fields: query acc.ver, subject acc.ver, % identity, alignment length, mismatches, gap opens, q. start, q. end, s. start, s. end, evalue, bit score
# 100 hits found
Query_66365	XM_034995424.1	100.000	21	0	0	1	21	3150	3130	2.1	39.2
Query_66365	XM_034932122.1	100.000	21	0	0	1	21	3355	3335	2.1	39.2
Query_66365	XR_004664993.1	100.000	21	0	0	1	21	3331	3311	2.1	39.2
Query_66365	XM_034932121.1	100.000	21	0	0	1	21	3397	3377	2.1	39.2
Query_66365	XM_034932120.1	100.000	21	0	0	1	21	3007	2987	2.1	39.2
Query_66365	XM_034932119.1	100.000	21	0	0	1	21	3283	3263	2.1	39.2
Query_66365	XM_034932117.1	100.000	21	0	0	1	21	3093	3073	2.1	39.2
Query_66365	XM_034932116.1	100.000	21	0	0	1	21	3355	3335	2.1	39.2
Query_66365	XM_034932115.1	100.000	21	0	0	1	21	3355	3335	2.1	39.2
Query_66365	XM_034666539.1	100.000	21	0	0	1	21	3335	3315	2.1	39.2
Query_66365	XM_034666538.1	100.000	21	0	0	1	21	3335	3315	2.1	39.2
Query_66365	XM_011220930.3	100.000	21	0	0	1	21	3330	3310	2.1	39.2
Query_66365	XM_033120108.1	100.000	21	0	0	1	21	3277	3257	2.1	39.2
Query_66365	XM_033120107.1	100.000	21	0	0	1	21	3349	3329	2.1	39.2
Query_66365	XM_032166649.2	100.000	21	0	0	1	21	3024	3004	2.1	39.2
Query_66365	XM_032427394.1	100.000	21	0	0	1	21	3039	3019	2.1	39.2
Query_66365	XM_032427393.1	100.000	21	0	0	1	21	3111	3091	2.1	39.2
Query_66365	XM_032240510.1	100.000	21	0	0	1	21	3232	3212	2.1	39.2
Query_66365	XM_032166651.1	100.000	21	0	0	1	21	2991	2971	2.1	39.2
Query_66365	XR_004250229.1	100.000	21	0	0	1	21	2965	2945	2.1	39.2
Query_66365	XM_023189815.3	100.000	21	0	0	1	21	3424	3404	2.1	39.2
Query_66365	XM_023189814.3	100.000	21	0	0	1	21	3423	3403	2.1	39.2
Query_66365	XM_031017321.1	100.000	21	0	0	1	21	3027	3007	2.1	39.2
Query_66365	XM_004050666.3	100.000	21	0	0	1	21	3396	3376	2.1	39.2
Query_66365	XM_019037259.2	100.000	21	0	0	1	21	2921	2901	2.1	39.2
Query_66365	XM_019037258.2	100.000	21	0	0	1	21	3283	3263	2.1	39.2
Query_66365	XM_004050664.3	100.000	21	0	0	1	21	3396	3376	2.1	39.2
Query_66365	XM_030917678.1	100.000	21	0	0	1	21	3401	3381	2.1	39.2
Query_66365	XR_004053563.1	100.000	21	0	0	1	21	3279	3259	2.1	39.2
Query_66365	XM_030917677.1	100.000	21	0	0	1	21	2995	2975	2.1	39.2
Query_66365	XM_010384836.2	100.000	21	0	0	1	21	3401	3381	2.1	39.2
Query_66365	XM_030885848.1	100.000	21	0	0	1	21	2965	2945	2.1	39.2
Query_66365	XM_030885847.1	100.000	21	0	0	1	21	2966	2946	2.1	39.2
Query_66365	XR_004033591.1	100.000	21	0	0	1	21	3396	3376	2.1	39.2
Query_66365	XR_004033590.1	100.000	21	0	0	1	21	3338	3318	2.1	39.2
Query_66365	XM_030828843.1	100.000	21	0	0	1	21	3362	3342	2.1	39.2
Query_66365	XM_030828842.1	100.000	21	0	0	1	21	3290	3270	2.1	39.2
Query_66365	XM_030828841.1	100.000	21	0	0	1	21	3396	3376	2.1	39.2
Query_66365	NM_001348749.2	100.000	21	0	0	1	21	3289	3269	2.1	39.2
Query_66365	NM_001348750.2	100.000	21	0	0	1	21	3397	3377	2.1	39.2
Query_66365	NM_001243254.2	100.000	21	0	0	1	21	3361	3341	2.1	39.2
Query_66365	XM_002799642.3	100.000	21	0	0	1	21	3176	3156	2.1	39.2
Query_66365	XR_003722662.1	100.000	21	0	0	1	21	3054	3034	2.1	39.2
Query_66365	XR_003722661.1	100.000	21	0	0	1	21	3176	3156	2.1	39.2
Query_66365	XM_028833700.1	100.000	21	0	0	1	21	3176	3156	2.1	39.2
Query_66365	XM_015114896.2	100.000	21	0	0	1	21	3069	3049	2.1	39.2
Query_66365	XM_002799641.3	100.000	21	0	0	1	21	3176	3156	2.1	39.2
Query_66365	NM_015213.4	100.000	21	0	0	1	21	3361	3341	2.1	39.2
Query_66365	XM_026486083.1	100.000	21	0	0	1	21	3095	3075	2.1	39.2
Query_66365	XM_026486082.1	100.000	21	0	0	1	21	3811	3791	2.1	39.2
Query_66365	XM_026486081.1	100.000	21	0	0	1	21	3095	3075	2.1	39.2
Query_66365	NR_145966.2	100.000	21	0	0	1	21	3337	3317	2.1	39.2
Query_66365	XM_039863542.1	100.000	21	0	0	1	21	3122	3102	2.1	39.2
Query_66365	XM_039470497.1	100.000	21	0	0	1	21	3427	3407	2.1	39.2
Query_66365	XM_039470496.1	100.000	21	0	0	1	21	3319	3299	2.1	39.2
Query_66365	XM_039470495.1	100.000	21	0	0	1	21	3427	3407	2.1	39.2
Query_66365	XM_037999737.1	100.000	21	0	0	1	21	3390	3370	2.1	39.2
Query_66365	XM_037999736.1	100.000	21	0	0	1	21	3318	3298	2.1	39.2
Query_66365	XM_008007293.2	100.000	21	0	0	1	21	3390	3370	2.1	39.2
Query_66365	XM_037840027.1	100.000	21	0	0	1	21	3327	3307	2.1	39.2
Query_66365	XM_037840026.1	100.000	21	0	0	1	21	3320	3300	2.1	39.2
Query_66365	XM_017500309.2	100.000	21	0	0	1	21	3097	3077	2.1	39.2
Query_66365	XM_037522637.1	100.000	21	0	0	1	21	3354	3334	2.1	39.2
Query_66365	XM_036428615.1	100.000	21	0	0	1	21	3374	3354	2.1	39.2
Query_66365	XM_036428614.1	100.000	21	0	0	1	21	3363	3343	2.1	39.2
Query_66365	XR_004986364.1	100.000	21	0	0	1	21	3360	3340	2.1	39.2
Query_66365	XM_036428611.1	100.000	21	0	0	1	21	3033	3013	2.1	39.2
Query_66365	XM_036428610.1	100.000	21	0	0	1	21	3360	3340	2.1	39.2
Query_66365	XM_036428609.1	100.000	21	0	0	1	21	3355	3335	2.1	39.2
Query_66365	XM_036428608.1	100.000	21	0	0	1	21	3354	3334	2.1	39.2
Query_66365	XM_036428607.1	100.000	21	0	0	1	21	3302	3282	2.1	39.2
Query_66365	XM_036428606.1	100.000	21	0	0	1	21	3365	3345	2.1	39.2
Query_66365	XM_036428605.1	100.000	21	0	0	1	21	3374	3354	2.1	39.2
Query_66365	XM_036325330.1	100.000	21	0	0	1	21	3345	3325	2.1	39.2
Query_66365	XM_036325325.1	100.000	21	0	0	1	21	3497	3477	2.1	39.2
Query_66365	XM_036325324.1	100.000	21	0	0	1	21	3497	3477	2.1	39.2
Query_66365	XM_036325323.1	100.000	21	0	0	1	21	3050	3030	2.1	39.2
Query_66365	XM_036325322.1	100.000	21	0	0	1	21	3497	3477	2.1	39.2
Query_66365	XM_036325321.1	100.000	21	0	0	1	21	3496	3476	2.1	39.2
Query_66365	XM_036325320.1	100.000	21	0	0	1	21	3498	3478	2.1	39.2
Query_66365	XM_036325319.1	100.000	21	0	0	1	21	3496	3476	2.1	39.2
Query_66365	XM_036258063.1	100.000	21	0	0	1	21	3358	3338	2.1	39.2
Query_66365	XM_036258062.1	100.000	21	0	0	1	21	3062	3042	2.1	39.2
Query_66365	XM_036258061.1	100.000	21	0	0	1	21	3358	3338	2.1	39.2
Query_66365	XM_016147368.2	100.000	21	0	0	1	21	3367	3347	2.1	39.2
Query_66365	XM_036221862.1	100.000	21	0	0	1	21	3110	3090	2.1	39.2
Query_66365	XM_016147367.2	100.000	21	0	0	1	21	3367	3347	2.1	39.2
Query_66365	XM_036068907.1	100.000	21	0	0	1	21	3061	3041	2.1	39.2
Query_66365	XM_036068899.1	100.000	21	0	0	1	21	3134	3114	2.1	39.2
Query_66365	XM_028514394.2	100.000	21	0	0	1	21	3401	3381	2.1	39.2
Query_66365	XM_036028997.1	100.000	21	0	0	1	21	3281	3261	2.1	39.2
Query_66365	XM_028514393.2	100.000	21	0	0	1	21	3328	3308	2.1	39.2
Query_66365	XM_028514392.2	100.000	21	0	0	1	21	3400	3380	2.1	39.2
Query_66365	XM_027578364.2	100.000	21	0	0	1	21	3221	3201	2.1	39.2
Query_66365	XM_027578363.2	100.000	21	0	0	1	21	3099	3079	2.1	39.2
Query_66365	XM_027578362.2	100.000	21	0	0	1	21	3221	3201	2.1	39.2
Query_66365	LR862365.1	100.000	21	0	0	1	21	31693746	31693726	2.1	39.2
Query_66365	XM_017977897.2	100.000	21	0	0	1	21	3390	3370	2.1	39.2
Query_66365	XM_017977895.2	100.000	21	0	0	1	21	3318	3298	2.1	39.2
Query_66365	XM_002755025.4	100.000	21	0	0	1	21	3390	3370	2.1	39.2


