# blastn
# Iteration: 0
# Query: 
# RID: 6MUKSAFM013
# Database: nt
# Fields: query acc.ver, subject acc.ver, % identity, alignment length, mismatches, gap opens, q. start, q. end, s. start, s. end, evalue, bit score
# 100 hits found
Query_41831	XM_034932123.1	100.000	21	0	0	1	21	1833	1813	2.0	39.2
Query_41831	XM_034932122.1	100.000	21	0	0	1	21	2146	2126	2.0	39.2
Query_41831	XR_004664993.1	100.000	21	0	0	1	21	2122	2102	2.0	39.2
Query_41831	XM_034932121.1	100.000	21	0	0	1	21	2188	2168	2.0	39.2
Query_41831	XM_034932120.1	100.000	21	0	0	1	21	1798	1778	2.0	39.2
Query_41831	XM_034932119.1	100.000	21	0	0	1	21	2074	2054	2.0	39.2
Query_41831	XM_034932117.1	100.000	21	0	0	1	21	1884	1864	2.0	39.2
Query_41831	XM_034932116.1	100.000	21	0	0	1	21	2146	2126	2.0	39.2
Query_41831	XM_034932115.1	100.000	21	0	0	1	21	2146	2126	2.0	39.2
Query_41831	XM_033207624.1	100.000	21	0	0	1	21	2131	2111	2.0	39.2
Query_41831	XM_033207623.1	100.000	21	0	0	1	21	2198	2178	2.0	39.2
Query_41831	XR_004436191.1	100.000	21	0	0	1	21	2201	2181	2.0	39.2
Query_41831	XR_004436190.1	100.000	21	0	0	1	21	2136	2116	2.0	39.2
Query_41831	XM_033207622.1	100.000	21	0	0	1	21	2197	2177	2.0	39.2
Query_41831	XM_032166649.2	100.000	21	0	0	1	21	1815	1795	2.0	39.2
Query_41831	XM_032240510.1	100.000	21	0	0	1	21	2023	2003	2.0	39.2
Query_41831	XM_032166651.1	100.000	21	0	0	1	21	1782	1762	2.0	39.2
Query_41831	XR_004250229.1	100.000	21	0	0	1	21	1756	1736	2.0	39.2
Query_41831	XM_031933959.1	100.000	21	0	0	1	21	2148	2128	2.0	39.2
Query_41831	XM_023189815.3	100.000	21	0	0	1	21	2215	2195	2.0	39.2
Query_41831	XM_023189814.3	100.000	21	0	0	1	21	2214	2194	2.0	39.2
Query_41831	XM_031653328.1	100.000	21	0	0	1	21	2202	2182	2.0	39.2
Query_41831	XR_004177484.1	100.000	21	0	0	1	21	2202	2182	2.0	39.2
Query_41831	XR_004177483.1	100.000	21	0	0	1	21	2202	2182	2.0	39.2
Query_41831	XR_004177482.1	100.000	21	0	0	1	21	2144	2124	2.0	39.2
Query_41831	XR_004177481.1	100.000	21	0	0	1	21	2202	2182	2.0	39.2
Query_41831	XM_031653326.1	100.000	21	0	0	1	21	2168	2148	2.0	39.2
Query_41831	XM_021926103.2	100.000	21	0	0	1	21	2202	2182	2.0	39.2
Query_41831	XM_004050666.3	100.000	21	0	0	1	21	2187	2167	2.0	39.2
Query_41831	XM_019037259.2	100.000	21	0	0	1	21	1712	1692	2.0	39.2
Query_41831	XM_019037258.2	100.000	21	0	0	1	21	2074	2054	2.0	39.2
Query_41831	XM_004050664.3	100.000	21	0	0	1	21	2187	2167	2.0	39.2
Query_41831	XM_030917679.1	100.000	21	0	0	1	21	2120	2100	2.0	39.2
Query_41831	XM_030917678.1	100.000	21	0	0	1	21	2192	2172	2.0	39.2
Query_41831	XR_004053563.1	100.000	21	0	0	1	21	2192	2172	2.0	39.2
Query_41831	XM_030917677.1	100.000	21	0	0	1	21	1786	1766	2.0	39.2
Query_41831	XM_010384836.2	100.000	21	0	0	1	21	2192	2172	2.0	39.2
Query_41831	XR_004033591.1	100.000	21	0	0	1	21	2187	2167	2.0	39.2
Query_41831	XR_004033590.1	100.000	21	0	0	1	21	2129	2109	2.0	39.2
Query_41831	XM_030828843.1	100.000	21	0	0	1	21	2153	2133	2.0	39.2
Query_41831	XM_030828842.1	100.000	21	0	0	1	21	2081	2061	2.0	39.2
Query_41831	XM_030828841.1	100.000	21	0	0	1	21	2187	2167	2.0	39.2
Query_41831	NM_001348749.2	100.000	21	0	0	1	21	2080	2060	2.0	39.2
Query_41831	NM_001348750.2	100.000	21	0	0	1	21	2188	2168	2.0	39.2
Query_41831	NM_001243254.2	100.000	21	0	0	1	21	2152	2132	2.0	39.2
Query_41831	XM_028833701.1	100.000	21	0	0	1	21	1860	1840	2.0	39.2
Query_41831	XM_002799642.3	100.000	21	0	0	1	21	1967	1947	2.0	39.2
Query_41831	XR_003722662.1	100.000	21	0	0	1	21	1967	1947	2.0	39.2
Query_41831	XR_003722661.1	100.000	21	0	0	1	21	1967	1947	2.0	39.2
Query_41831	XM_028833700.1	100.000	21	0	0	1	21	1967	1947	2.0	39.2
Query_41831	XM_015114896.2	100.000	21	0	0	1	21	1860	1840	2.0	39.2
Query_41831	XM_002799641.3	100.000	21	0	0	1	21	1967	1947	2.0	39.2
Query_41831	XM_027410313.1	100.000	21	0	0	1	21	2321	2301	2.0	39.2
Query_41831	NM_015213.4	100.000	21	0	0	1	21	2152	2132	2.0	39.2
Query_41831	NR_145966.2	100.000	21	0	0	1	21	2128	2108	2.0	39.2
Query_41831	XR_003115626.1	100.000	21	0	0	1	21	2198	2178	2.0	39.2
Query_41831	XM_025356640.1	100.000	21	0	0	1	21	2176	2156	2.0	39.2
Query_41831	XM_025356639.1	100.000	21	0	0	1	21	2134	2114	2.0	39.2
Query_41831	XM_025356638.1	100.000	21	0	0	1	21	2126	2106	2.0	39.2
Query_41831	XM_025356637.1	100.000	21	0	0	1	21	2062	2042	2.0	39.2
Query_41831	XM_025356636.1	100.000	21	0	0	1	21	2134	2114	2.0	39.2
Query_41831	XM_025356635.1	100.000	21	0	0	1	21	2198	2178	2.0	39.2
Query_41831	XM_011753149.2	100.000	21	0	0	1	21	2222	2202	2.0	39.2
Query_41831	XR_991781.2	100.000	21	0	0	1	21	2163	2143	2.0	39.2
Query_41831	XM_011753148.2	100.000	21	0	0	1	21	2091	2071	2.0	39.2
Query_41831	XM_011753147.2	100.000	21	0	0	1	21	2222	2202	2.0	39.2
Query_41831	XM_003312912.4	100.000	21	0	0	1	21	2186	2166	2.0	39.2
Query_41831	XR_002938439.1	100.000	21	0	0	1	21	2186	2166	2.0	39.2
Query_41831	XM_016920357.2	100.000	21	0	0	1	21	1933	1913	2.0	39.2
Query_41831	XM_024346967.1	100.000	21	0	0	1	21	2186	2166	2.0	39.2
Query_41831	XM_024346966.1	100.000	21	0	0	1	21	2186	2166	2.0	39.2
Query_41831	XM_009459922.3	100.000	21	0	0	1	21	2114	2094	2.0	39.2
Query_41831	XM_016920354.2	100.000	21	0	0	1	21	2114	2094	2.0	39.2
Query_41831	XM_508914.6	100.000	21	0	0	1	21	2186	2166	2.0	39.2
Query_41831	XM_016920352.2	100.000	21	0	0	1	21	2186	2166	2.0	39.2
Query_41831	XM_021675141.1	100.000	21	0	0	1	21	2145	2125	2.0	39.2
Query_41831	XM_021675140.1	100.000	21	0	0	1	21	2073	2053	2.0	39.2
Query_41831	XM_021675139.1	100.000	21	0	0	1	21	1944	1924	2.0	39.2
Query_41831	XM_021675138.1	100.000	21	0	0	1	21	2145	2125	2.0	39.2
Query_41831	NG_053019.1	100.000	21	0	0	1	21	92169	92149	2.0	39.2
Query_41831	LT734349.1	100.000	21	0	0	1	21	1113	1093	2.0	39.2
Query_41831	XM_017891440.1	100.000	21	0	0	1	21	1957	1937	2.0	39.2
Query_41831	XM_017891439.1	100.000	21	0	0	1	21	1783	1763	2.0	39.2
Query_41831	XR_001889067.1	100.000	21	0	0	1	21	1879	1859	2.0	39.2
Query_41831	XM_017891437.1	100.000	21	0	0	1	21	1957	1937	2.0	39.2
Query_41831	XM_017500308.1	100.000	21	0	0	1	21	1857	1837	2.0	39.2
Query_41831	XM_017500307.1	100.000	21	0	0	1	21	1960	1940	2.0	39.2
Query_41831	XM_039470498.1	100.000	21	0	0	1	21	1891	1871	2.0	39.2
Query_41831	XM_039470497.1	100.000	21	0	0	1	21	2218	2198	2.0	39.2
Query_41831	XM_039470496.1	100.000	21	0	0	1	21	2110	2090	2.0	39.2
Query_41831	XM_039470495.1	100.000	21	0	0	1	21	2218	2198	2.0	39.2
Query_41831	XM_039244588.1	100.000	21	0	0	1	21	1905	1885	2.0	39.2
Query_41831	XM_037999738.1	100.000	21	0	0	1	21	1901	1881	2.0	39.2
Query_41831	XM_037999737.1	100.000	21	0	0	1	21	2181	2161	2.0	39.2
Query_41831	XM_037999736.1	100.000	21	0	0	1	21	2109	2089	2.0	39.2
Query_41831	XM_008007293.2	100.000	21	0	0	1	21	2181	2161	2.0	39.2
Query_41831	XM_017500309.2	100.000	21	0	0	1	21	1888	1868	2.0	39.2
Query_41831	XM_035437289.1	100.000	21	0	0	1	21	1918	1898	2.0	39.2
Query_41831	XR_004767501.1	100.000	21	0	0	1	21	1918	1898	2.0	39.2
Query_41831	XM_003513382.4	100.000	21	0	0	1	21	1918	1898	2.0	39.2


