# blastn
# Iteration: 0
# Query: 
# RID: 6M9E7EKP016
# Database: nt
# Fields: query acc.ver, subject acc.ver, % identity, alignment length, mismatches, gap opens, q. start, q. end, s. start, s. end, evalue, bit score
# 63 hits found
Query_33821	XM_034944208.1	100.000	21	0	0	1	21	656	636	2.0	39.2
Query_33821	XM_034944207.1	100.000	21	0	0	1	21	669	649	2.0	39.2
Query_33821	XM_034944206.1	100.000	21	0	0	1	21	502	482	2.0	39.2
Query_33821	XM_033199911.1	100.000	21	0	0	1	21	668	648	2.0	39.2
Query_33821	XM_008214729.4	100.000	21	0	0	1	21	1102	1082	2.0	39.2
Query_33821	XM_032303083.1	100.000	21	0	0	1	21	729	709	2.0	39.2
Query_33821	XM_032272049.1	100.000	21	0	0	1	21	654	634	2.0	39.2
Query_33821	XM_019016478.2	100.000	21	0	0	1	21	656	636	2.0	39.2
Query_33821	XM_010387762.2	100.000	21	0	0	1	21	659	639	2.0	39.2
Query_33821	XM_030798515.1	100.000	21	0	0	1	21	687	667	2.0	39.2
Query_33821	XM_015122268.2	100.000	21	0	0	1	21	663	643	2.0	39.2
Query_33821	NM_004359.2	100.000	21	0	0	1	21	619	599	2.0	39.2
Query_33821	XM_026457267.1	100.000	21	0	0	1	21	541	521	2.0	39.2
Query_33821	CP034522.1	100.000	21	0	0	1	21	477097	477077	2.0	39.2
Query_33821	CP034497.1	100.000	21	0	0	1	21	477097	477077	2.0	39.2
Query_33821	XM_011749512.2	100.000	21	0	0	1	21	661	641	2.0	39.2
Query_33821	XM_009434229.3	100.000	21	0	0	1	21	660	640	2.0	39.2
Query_33821	XM_023733146.1	100.000	21	0	0	1	21	453	433	2.0	39.2
Query_33821	XM_004483738.3	100.000	21	0	0	1	21	297	277	2.0	39.2
Query_33821	LT744874.1	100.000	21	0	0	1	21	934	914	2.0	39.2
Query_33821	XM_017875368.1	100.000	21	0	0	1	21	686	666	2.0	39.2
Query_33821	XM_005259690.3	100.000	21	0	0	1	21	659	639	2.0	39.2
Query_33821	XM_006904162.2	100.000	21	0	0	1	21	603	583	2.0	39.2
Query_33821	XM_015440168.1	100.000	21	0	0	1	21	501	481	2.0	39.2
Query_33821	XM_004778138.2	100.000	21	0	0	1	21	448	428	2.0	39.2
Query_33821	XM_004595961.2	100.000	21	0	0	1	21	393	373	2.0	39.2
Query_33821	XM_012072747.1	100.000	21	0	0	1	21	662	642	2.0	39.2
Query_33821	XM_011963970.1	100.000	21	0	0	1	21	457	437	2.0	39.2
Query_33821	XM_011963969.1	100.000	21	0	0	1	21	457	437	2.0	39.2
Query_33821	XM_011993049.1	100.000	21	0	0	1	21	372	352	2.0	39.2
Query_33821	XM_006722952.2	100.000	21	0	0	1	21	659	639	2.0	39.2
Query_33821	XM_011375242.1	100.000	21	0	0	1	21	645	625	2.0	39.2
Query_33821	XM_008584482.1	100.000	21	0	0	1	21	462	442	2.0	39.2
Query_33821	XM_008584481.1	100.000	21	0	0	1	21	447	427	2.0	39.2
Query_33821	KJ890880.1	100.000	21	0	0	1	21	512	492	2.0	39.2
Query_33821	XM_039839022.1	100.000	21	0	0	1	21	653	633	2.0	39.2
Query_33821	XM_039839021.1	100.000	21	0	0	1	21	394	374	2.0	39.2
Query_33821	XM_003944905.3	100.000	21	0	0	1	21	655	635	2.0	39.2
Query_33821	CP068259.1	100.000	21	0	0	1	21	490676	490656	2.0	39.2
Query_33821	XM_017520140.2	100.000	21	0	0	1	21	657	637	2.0	39.2
Query_33821	XM_037018155.1	100.000	21	0	0	1	21	550	530	2.0	39.2
Query_33821	XM_017651491.2	100.000	21	0	0	1	21	629	609	2.0	39.2
Query_33821	XM_036889857.1	100.000	21	0	0	1	21	533	513	2.0	39.2
Query_33821	XM_036889856.1	100.000	21	0	0	1	21	620	600	2.0	39.2
Query_33821	AP023479.1	100.000	21	0	0	1	21	298697	298677	2.0	39.2
Query_33821	AP023479.1	100.000	21	0	0	1	21	375125	375105	2.0	39.2
Query_33821	XM_035285863.1	100.000	21	0	0	1	21	643	623	2.0	39.2
Query_33821	AB590273.1	100.000	21	0	0	1	21	456	436	2.0	39.2
Query_33821	CU676209.1	100.000	21	0	0	1	21	280	300	2.0	39.2
Query_33821	AK291554.1	100.000	21	0	0	1	21	648	628	2.0	39.2
Query_33821	DQ893910.2	100.000	21	0	0	1	21	469	449	2.0	39.2
Query_33821	DQ890738.2	100.000	21	0	0	1	21	469	449	2.0	39.2
Query_33821	AY650399.1	100.000	21	0	0	1	21	7366	7346	2.0	39.2
Query_33821	BC023979.1	100.000	21	0	0	1	21	623	603	2.0	39.2
Query_33821	BT008039.1	100.000	21	0	0	1	21	447	427	2.0	39.2
Query_33821	BT006659.1	100.000	21	0	0	1	21	447	427	2.0	39.2
Query_33821	AC011556.9	100.000	21	0	0	1	21	5579	5559	2.0	39.2
Query_33821	AC011531.7	100.000	21	0	0	1	21	26586	26566	2.0	39.2
Query_33821	BC018143.2	100.000	21	0	0	1	21	649	629	2.0	39.2
Query_33821	BC009850.2	100.000	21	0	0	1	21	646	626	2.0	39.2
Query_33821	L22005.1	100.000	21	0	0	1	21	633	613	2.0	39.2
Query_33821	XR_850185.2	100.000	20	0	0	2	21	914	895	7.1	37.4
Query_33821	XM_011149625.3	100.000	20	0	0	2	21	914	895	7.1	37.4


