# blastn
# Iteration: 0
# Query: 
# RID: 7J1JUSWD016
# Database: nt
# Fields: query acc.ver, subject acc.ver, % identity, alignment length, mismatches, gap opens, q. start, q. end, s. start, s. end, evalue, bit score
# 100 hits found
Query_25437	XM_040477280.1	100.000	21	0	0	1	21	438	418	2.1	39.2
Query_25437	XM_040477272.1	100.000	21	0	0	1	21	420	400	2.1	39.2
Query_25437	XM_040477265.1	100.000	21	0	0	1	21	420	400	2.1	39.2
Query_25437	XM_040477257.1	100.000	21	0	0	1	21	439	419	2.1	39.2
Query_25437	XM_005325742.4	100.000	21	0	0	1	21	434	414	2.1	39.2
Query_25437	XM_040293037.1	100.000	21	0	0	1	21	325	305	2.1	39.2
Query_25437	XM_005325741.4	100.000	21	0	0	1	21	462	442	2.1	39.2
Query_25437	XM_040266533.1	100.000	21	0	0	1	21	373	353	2.1	39.2
Query_25437	XM_040237783.1	100.000	21	0	0	1	21	182	162	2.1	39.2
Query_25437	XM_040237782.1	100.000	21	0	0	1	21	167	147	2.1	39.2
Query_25437	XR_005720632.1	100.000	21	0	0	1	21	458	438	2.1	39.2
Query_25437	XM_040237780.1	100.000	21	0	0	1	21	554	534	2.1	39.2
Query_25437	XM_040237779.1	100.000	21	0	0	1	21	433	413	2.1	39.2
Query_25437	XM_040237778.1	100.000	21	0	0	1	21	458	438	2.1	39.2
Query_25437	XM_040237777.1	100.000	21	0	0	1	21	569	549	2.1	39.2
Query_25437	XM_040237776.1	100.000	21	0	0	1	21	557	537	2.1	39.2
Query_25437	XM_040237775.1	100.000	21	0	0	1	21	471	451	2.1	39.2
Query_25437	XM_040237774.1	100.000	21	0	0	1	21	447	427	2.1	39.2
Query_25437	XM_040237773.1	100.000	21	0	0	1	21	470	450	2.1	39.2
Query_25437	XM_040237772.1	100.000	21	0	0	1	21	333	313	2.1	39.2
Query_25437	XM_040237771.1	100.000	21	0	0	1	21	392	372	2.1	39.2
Query_25437	XM_040237769.1	100.000	21	0	0	1	21	471	451	2.1	39.2
Query_25437	XM_040237768.1	100.000	21	0	0	1	21	445	425	2.1	39.2
Query_25437	XM_040237767.1	100.000	21	0	0	1	21	458	438	2.1	39.2
Query_25437	HG994414.1	100.000	21	0	0	1	21	17433834	17433814	2.1	39.2
Query_25437	HG994392.1	100.000	21	0	0	1	21	67347759	67347779	2.1	39.2
Query_25437	XM_039854835.1	100.000	21	0	0	1	21	201	181	2.1	39.2
Query_25437	XM_039848730.1	100.000	21	0	0	1	21	516	496	2.1	39.2
Query_25437	XM_039848729.1	100.000	21	0	0	1	21	448	428	2.1	39.2
Query_25437	XM_039848728.1	100.000	21	0	0	1	21	432	412	2.1	39.2
Query_25437	XM_039848727.1	100.000	21	0	0	1	21	443	423	2.1	39.2
Query_25437	XM_039848726.1	100.000	21	0	0	1	21	625	605	2.1	39.2
Query_25437	XM_039848725.1	100.000	21	0	0	1	21	459	439	2.1	39.2
Query_25437	XM_039472325.1	100.000	21	0	0	1	21	342	322	2.1	39.2
Query_25437	XM_003929504.3	100.000	21	0	0	1	21	534	514	2.1	39.2
Query_25437	XM_003929505.3	100.000	21	0	0	1	21	661	641	2.1	39.2
Query_25437	XM_003929502.3	100.000	21	0	0	1	21	469	449	2.1	39.2
Query_25437	XM_010340110.2	100.000	21	0	0	1	21	534	514	2.1	39.2
Query_25437	XM_010340111.2	100.000	21	0	0	1	21	661	641	2.1	39.2
Query_25437	XM_010340109.2	100.000	21	0	0	1	21	469	449	2.1	39.2
Query_25437	XM_039220817.1	100.000	21	0	0	1	21	378	358	2.1	39.2
Query_25437	XM_039220816.1	100.000	21	0	0	1	21	430	410	2.1	39.2
Query_25437	XM_039220815.1	100.000	21	0	0	1	21	409	389	2.1	39.2
Query_25437	XM_006233338.3	100.000	21	0	0	1	21	443	423	2.1	39.2
Query_25437	XM_006233337.3	100.000	21	0	0	1	21	617	597	2.1	39.2
Query_25437	XM_006233336.4	100.000	21	0	0	1	21	464	444	2.1	39.2
Query_25437	XM_006233335.3	100.000	21	0	0	1	21	443	423	2.1	39.2
Query_25437	XM_006233334.3	100.000	21	0	0	1	21	587	567	2.1	39.2
Query_25437	XM_006233333.3	100.000	21	0	0	1	21	464	444	2.1	39.2
Query_25437	XM_038444267.1	100.000	21	0	0	1	21	447	427	2.1	39.2
Query_25437	XM_038444266.1	100.000	21	0	0	1	21	466	446	2.1	39.2
Query_25437	XM_038444265.1	100.000	21	0	0	1	21	443	423	2.1	39.2
Query_25437	XM_038444264.1	100.000	21	0	0	1	21	435	415	2.1	39.2
Query_25437	XM_038444263.1	100.000	21	0	0	1	21	449	429	2.1	39.2
Query_25437	XM_038444262.1	100.000	21	0	0	1	21	474	454	2.1	39.2
Query_25437	XM_038444261.1	100.000	21	0	0	1	21	466	446	2.1	39.2
Query_25437	XM_038462042.1	100.000	21	0	0	1	21	447	427	2.1	39.2
Query_25437	XM_005642458.4	100.000	21	0	0	1	21	466	446	2.1	39.2
Query_25437	XM_038462041.1	100.000	21	0	0	1	21	443	423	2.1	39.2
Query_25437	XM_038462040.1	100.000	21	0	0	1	21	436	416	2.1	39.2
Query_25437	XM_038462039.1	100.000	21	0	0	1	21	449	429	2.1	39.2
Query_25437	XM_038462038.1	100.000	21	0	0	1	21	470	450	2.1	39.2
Query_25437	XM_038462037.1	100.000	21	0	0	1	21	466	446	2.1	39.2
Query_25437	XM_038792896.1	100.000	21	0	0	1	21	444	424	2.1	39.2
Query_25437	XM_038792895.1	100.000	21	0	0	1	21	446	426	2.1	39.2
Query_25437	XM_038310764.1	100.000	21	0	0	1	21	417	397	2.1	39.2
Query_25437	XM_038310763.1	100.000	21	0	0	1	21	461	441	2.1	39.2
Query_25437	XM_038310762.1	100.000	21	0	0	1	21	490	470	2.1	39.2
Query_25437	XM_037990392.1	100.000	21	0	0	1	21	642	622	2.1	39.2
Query_25437	XM_037990386.1	100.000	21	0	0	1	21	482	462	2.1	39.2
Query_25437	XM_037990381.1	100.000	21	0	0	1	21	322	302	2.1	39.2
Query_25437	XM_007999423.2	100.000	21	0	0	1	21	539	519	2.1	39.2
Query_25437	XM_037990373.1	100.000	21	0	0	1	21	537	517	2.1	39.2
Query_25437	XM_037990369.1	100.000	21	0	0	1	21	626	606	2.1	39.2
Query_25437	XM_037990364.1	100.000	21	0	0	1	21	800	780	2.1	39.2
Query_25437	XM_007999419.2	100.000	21	0	0	1	21	642	622	2.1	39.2
Query_25437	XM_007999418.2	100.000	21	0	0	1	21	720	700	2.1	39.2
Query_25437	XM_037821592.1	100.000	21	0	0	1	21	172	152	2.1	39.2
Query_25437	XM_037830359.1	100.000	21	0	0	1	21	406	386	2.1	39.2
Query_25437	XM_037830358.1	100.000	21	0	0	1	21	417	397	2.1	39.2
Query_25437	XM_037830357.1	100.000	21	0	0	1	21	379	359	2.1	39.2
Query_25437	XM_037830356.1	100.000	21	0	0	1	21	431	411	2.1	39.2
Query_25437	XM_037830355.1	100.000	21	0	0	1	21	450	430	2.1	39.2
Query_25437	XR_005197369.1	100.000	21	0	0	1	21	311	291	2.1	39.2
Query_25437	XM_017508657.2	100.000	21	0	0	1	21	534	514	2.1	39.2
Query_25437	XM_017508656.2	100.000	21	0	0	1	21	664	644	2.1	39.2
Query_25437	XM_017508655.2	100.000	21	0	0	1	21	438	418	2.1	39.2
Query_25437	XM_017508652.2	100.000	21	0	0	1	21	426	406	2.1	39.2
Query_25437	XM_017508651.2	100.000	21	0	0	1	21	615	595	2.1	39.2
Query_25437	XM_017508650.2	100.000	21	0	0	1	21	734	714	2.1	39.2
Query_25437	XR_001825684.2	100.000	21	0	0	1	21	375	355	2.1	39.2
Query_25437	XM_037509625.1	100.000	21	0	0	1	21	408	388	2.1	39.2
Query_25437	XM_037509624.1	100.000	21	0	0	1	21	358	338	2.1	39.2
Query_25437	XM_037509623.1	100.000	21	0	0	1	21	416	396	2.1	39.2
Query_25437	XM_037207130.1	100.000	21	0	0	1	21	231	211	2.1	39.2
Query_25437	XM_028857385.2	100.000	21	0	0	1	21	447	427	2.1	39.2
Query_25437	XM_028857378.2	100.000	21	0	0	1	21	408	388	2.1	39.2
Query_25437	XM_028857369.2	100.000	21	0	0	1	21	497	477	2.1	39.2
Query_25437	XM_028857360.2	100.000	21	0	0	1	21	449	429	2.1	39.2
Query_25437	XM_037167928.1	100.000	21	0	0	1	21	410	390	2.1	39.2


