# blastn
# Iteration: 0
# Query: 
# RID: 6ZUHFPB101R
# Database: nt
# Fields: query acc.ver, subject acc.ver, % identity, alignment length, mismatches, gap opens, q. start, q. end, s. start, s. end, evalue, bit score
# 56 hits found
Query_400417	XM_034509418.1	100.000	21	0	0	1	21	514	494	2.0	39.2
Query_400417	XM_032915907.1	100.000	21	0	0	1	21	517	497	2.0	39.2
Query_400417	AP022618.1	100.000	21	0	0	1	21	104539	104559	2.0	39.2
Query_400417	XM_031341898.1	100.000	21	0	0	1	21	499	479	2.0	39.2
Query_400417	XM_029556492.1	100.000	21	0	0	1	21	469	449	2.0	39.2
Query_400417	XM_008853801.3	100.000	21	0	0	1	21	469	449	2.0	39.2
Query_400417	XM_021210658.2	100.000	21	0	0	1	21	489	469	2.0	39.2
Query_400417	XM_021163845.2	100.000	21	0	0	1	21	487	467	2.0	39.2
Query_400417	XM_028758232.1	100.000	21	0	0	1	21	486	466	2.0	39.2
Query_400417	XM_005365945.3	100.000	21	0	0	1	21	482	462	2.0	39.2
Query_400417	XM_003461847.4	100.000	21	0	0	1	21	535	515	2.0	39.2
Query_400417	XM_021630388.1	100.000	21	0	0	1	21	508	488	2.0	39.2
Query_400417	XM_004847323.2	100.000	21	0	0	1	21	531	511	2.0	39.2
Query_400417	XM_006985601.2	100.000	21	0	0	1	21	505	485	2.0	39.2
Query_400417	XM_038339243.1	100.000	21	0	0	1	21	514	494	2.0	39.2
Query_400417	XM_028882342.2	100.000	21	0	0	1	21	513	493	2.0	39.2
Query_400417	JN960283.1	100.000	21	0	0	1	21	491	511	2.0	39.2
Query_400417	XM_036200873.1	100.000	21	0	0	1	21	509	489	2.0	39.2
Query_400417	LR877233.1	100.000	21	0	0	1	21	28302890	28302910	2.0	39.2
Query_400417	LR877197.1	100.000	21	0	0	1	21	31004065	31004085	2.0	39.2
Query_400417	CP048814.1	100.000	21	0	0	1	21	1663403	1663423	2.0	39.2
Query_400417	CP048813.1	100.000	21	0	0	1	21	58365	58345	2.0	39.2
Query_400417	JN956630.1	100.000	21	0	0	1	21	491	511	2.0	39.2
Query_400417	FQ214550.1	100.000	21	0	0	1	21	473	453	2.0	39.2
Query_400417	FQ216757.1	100.000	21	0	0	1	21	473	453	2.0	39.2
Query_400417	FQ213111.1	100.000	21	0	0	1	21	474	454	2.0	39.2
Query_400417	FQ225334.1	100.000	21	0	0	1	21	474	454	2.0	39.2
Query_400417	FQ228750.1	100.000	21	0	0	1	21	473	453	2.0	39.2
Query_400417	FQ213948.1	100.000	21	0	0	1	21	161	141	2.0	39.2
Query_400417	NG_006685.3	100.000	21	0	0	1	21	546	526	2.0	39.2
Query_400417	NM_026242.3	100.000	21	0	0	1	21	492	472	2.0	39.2
Query_400417	AC169036.3	100.000	21	0	0	1	21	132477	132497	2.0	39.2
Query_400417	BC085488.1	100.000	21	0	0	1	21	337	317	2.0	39.2
Query_400417	AC114605.11	100.000	21	0	0	1	21	109355	109335	2.0	39.2
Query_400417	AF526268.1	100.000	21	0	0	1	21	403	383	2.0	39.2
Query_400417	AC112683.10	100.000	21	0	0	1	21	194036	194016	2.0	39.2
Query_400417	AC139214.12	100.000	21	0	0	1	21	1068	1048	2.0	39.2
Query_400417	AY325216.1	100.000	21	0	0	1	21	4303	4283	2.0	39.2
Query_400417	AK170984.1	100.000	21	0	0	1	21	475	455	2.0	39.2
Query_400417	AK170909.1	100.000	21	0	0	1	21	469	449	2.0	39.2
Query_400417	AK170789.1	100.000	21	0	0	1	21	443	423	2.0	39.2
Query_400417	AK159464.1	100.000	21	0	0	1	21	480	460	2.0	39.2
Query_400417	AK167112.1	100.000	21	0	0	1	21	474	454	2.0	39.2
Query_400417	AK087716.1	100.000	21	0	0	1	21	37	57	2.0	39.2
Query_400417	AK020049.1	100.000	21	0	0	1	21	446	426	2.0	39.2
Query_400417	AK018675.1	100.000	21	0	0	1	21	443	423	2.0	39.2
Query_400417	AK017832.1	100.000	21	0	0	1	21	474	454	2.0	39.2
Query_400417	AK009827.1	100.000	21	0	0	1	21	447	427	2.0	39.2
Query_400417	AK005313.1	100.000	21	0	0	1	21	480	460	2.0	39.2
Query_400417	AC154476.2	100.000	21	0	0	1	21	78732	78752	2.0	39.2
Query_400417	NM_001009264.1	100.000	21	0	0	1	21	453	433	2.0	39.2
Query_400417	BC010209.1	100.000	21	0	0	1	21	461	441	2.0	39.2
Query_400417	AB041651.1	100.000	21	0	0	1	21	474	454	2.0	39.2
Query_400417	CP036271.1	100.000	20	0	0	1	20	3577332	3577351	7.1	37.4
Query_400417	CP014841.1	100.000	20	0	0	1	20	1557850	1557869	7.1	37.4
Query_400417	CP001472.1	100.000	20	0	0	1	20	3084538	3084519	7.1	37.4


