# blastn
# Iteration: 0
# Query: 
# RID: 740SC6U8013
# Database: nt
# Fields: query acc.ver, subject acc.ver, % identity, alignment length, mismatches, gap opens, q. start, q. end, s. start, s. end, evalue, bit score
# 18 hits found
Query_18257	XR_004248146.1	100.000	21	0	0	1	21	1238	1218	2.1	39.2
Query_18257	XM_032152902.1	100.000	21	0	0	1	21	1361	1341	2.1	39.2
Query_18257	XM_004051152.3	100.000	21	0	0	1	21	1361	1341	2.1	39.2
Query_18257	XR_004029584.1	100.000	21	0	0	1	21	1240	1220	2.1	39.2
Query_18257	XM_030810123.1	100.000	21	0	0	1	21	1361	1341	2.1	39.2
Query_18257	NM_002559.5	100.000	21	0	0	1	21	1359	1339	2.1	39.2
Query_18257	XM_002821788.2	100.000	21	0	0	1	21	1361	1341	2.1	39.2
Query_18257	XM_011545072.2	100.000	21	0	0	1	21	2137	2117	2.1	39.2
Query_18257	XM_011545071.2	100.000	21	0	0	1	21	1873	1853	2.1	39.2
Query_18257	XM_011545070.2	100.000	21	0	0	1	21	1311	1291	2.1	39.2
Query_18257	XM_011545069.2	100.000	21	0	0	1	21	2005	1985	2.1	39.2
Query_18257	XM_011545073.1	100.000	21	0	0	1	21	861	841	2.1	39.2
Query_18257	BC109287.2	100.000	21	0	0	1	21	1194	1174	2.1	39.2
Query_18257	BC074793.2	100.000	21	0	0	1	21	1191	1171	2.1	39.2
Query_18257	BC074792.2	100.000	21	0	0	1	21	1191	1171	2.1	39.2
Query_18257	BC069162.1	100.000	21	0	0	1	21	1233	1213	2.1	39.2
Query_18257	AP000781.6	100.000	21	0	0	1	21	125279	125259	2.1	39.2
Query_18257	Y07683.1	100.000	21	0	0	1	21	1325	1305	2.1	39.2


