# blastn
# Iteration: 0
# Query: 
# RID: 6RTX3PGS013
# Database: nt
# Fields: query acc.ver, subject acc.ver, % identity, alignment length, mismatches, gap opens, q. start, q. end, s. start, s. end, evalue, bit score
# 100 hits found
Query_62369	XM_008951835.2	100.000	21	0	0	1	21	738	718	2.1	39.2
Query_62369	XM_003826427.2	100.000	21	0	0	1	21	385	365	2.1	39.2
Query_62369	AP023167.1	100.000	21	0	0	1	21	37466340	37466320	2.1	39.2
Query_62369	XM_032460308.1	100.000	21	0	0	1	21	1907	1887	2.1	39.2
Query_62369	XM_032460306.1	100.000	21	0	0	1	21	1925	1905	2.1	39.2
Query_62369	XM_032460305.1	100.000	21	0	0	1	21	2164	2144	2.1	39.2
Query_62369	XM_032460304.1	100.000	21	0	0	1	21	2147	2127	2.1	39.2
Query_62369	XM_032460303.1	100.000	21	0	0	1	21	2150	2130	2.1	39.2
Query_62369	XM_032460302.1	100.000	21	0	0	1	21	2165	2145	2.1	39.2
Query_62369	XM_032460301.1	100.000	21	0	0	1	21	2168	2148	2.1	39.2
Query_62369	XM_031686964.1	100.000	21	0	0	1	21	1904	1884	2.1	39.2
Query_62369	XM_031686963.1	100.000	21	0	0	1	21	1922	1902	2.1	39.2
Query_62369	XM_031686962.1	100.000	21	0	0	1	21	2144	2124	2.1	39.2
Query_62369	XM_015239329.2	100.000	21	0	0	1	21	2178	2158	2.1	39.2
Query_62369	XM_015239328.2	100.000	21	0	0	1	21	2162	2142	2.1	39.2
Query_62369	XM_006204337.3	100.000	21	0	0	1	21	2196	2176	2.1	39.2
Query_62369	XM_003909852.4	100.000	21	0	0	1	21	378	358	2.1	39.2
Query_62369	XM_031447772.1	100.000	21	0	0	1	21	1907	1887	2.1	39.2
Query_62369	XM_031447771.1	100.000	21	0	0	1	21	1925	1905	2.1	39.2
Query_62369	XM_010992697.2	100.000	21	0	0	1	21	2164	2144	2.1	39.2
Query_62369	XM_031447770.1	100.000	21	0	0	1	21	2147	2127	2.1	39.2
Query_62369	XM_010992696.2	100.000	21	0	0	1	21	2150	2130	2.1	39.2
Query_62369	XM_031447769.1	100.000	21	0	0	1	21	2165	2145	2.1	39.2
Query_62369	XM_010992695.2	100.000	21	0	0	1	21	2168	2148	2.1	39.2
Query_62369	XM_030300723.1	100.000	21	0	0	1	21	2145	2125	2.1	39.2
Query_62369	XM_030300722.1	100.000	21	0	0	1	21	2160	2140	2.1	39.2
Query_62369	XM_030300721.1	100.000	21	0	0	1	21	2163	2143	2.1	39.2
Query_62369	XM_015114154.2	100.000	21	0	0	1	21	748	728	2.1	39.2
Query_62369	XM_015114153.2	100.000	21	0	0	1	21	471	451	2.1	39.2
Query_62369	NM_004223.5	100.000	21	0	0	1	21	349	329	2.1	39.2
Query_62369	XM_027043297.1	100.000	21	0	0	1	21	2165	2145	2.1	39.2
Query_62369	XM_025357070.1	100.000	21	0	0	1	21	376	356	2.1	39.2
Query_62369	XM_025048243.1	100.000	21	0	0	1	21	2158	2138	2.1	39.2
Query_62369	XM_015591075.2	100.000	21	0	0	1	21	2199	2179	2.1	39.2
Query_62369	XM_006913851.3	100.000	21	0	0	1	21	2217	2197	2.1	39.2
Query_62369	XM_011766099.2	100.000	21	0	0	1	21	471	451	2.1	39.2
Query_62369	XM_521987.5	100.000	21	0	0	1	21	384	364	2.1	39.2
Query_62369	XM_023521212.1	100.000	21	0	0	1	21	2053	2033	2.1	39.2
Query_62369	XM_003998897.5	100.000	21	0	0	1	21	2172	2152	2.1	39.2
Query_62369	LT736766.1	100.000	21	0	0	1	21	775	755	2.1	39.2
Query_62369	XM_019468518.1	100.000	21	0	0	1	21	2159	2139	2.1	39.2
Query_62369	XM_003317981.4	100.000	21	0	0	1	21	741	721	2.1	39.2
Query_62369	XM_015535888.1	100.000	21	0	0	1	21	2110	2090	2.1	39.2
Query_62369	XM_015535885.1	100.000	21	0	0	1	21	2125	2105	2.1	39.2
Query_62369	XM_015535884.1	100.000	21	0	0	1	21	2128	2108	2.1	39.2
Query_62369	XM_015434702.1	100.000	21	0	0	1	21	742	722	2.1	39.2
Query_62369	XM_005577852.2	100.000	21	0	0	1	21	471	451	2.1	39.2
Query_62369	XM_012092325.1	100.000	21	0	0	1	21	471	451	2.1	39.2
Query_62369	XM_011998681.1	100.000	21	0	0	1	21	476	456	2.1	39.2
Query_62369	XM_011998680.1	100.000	21	0	0	1	21	914	894	2.1	39.2
Query_62369	XM_010949778.1	100.000	21	0	0	1	21	2125	2105	2.1	39.2
Query_62369	KJ892727.1	100.000	21	0	0	1	21	353	333	2.1	39.2
Query_62369	XM_040459091.1	100.000	21	0	0	1	21	2145	2125	2.1	39.2
Query_62369	XM_040459090.1	100.000	21	0	0	1	21	2160	2140	2.1	39.2
Query_62369	XM_040459089.1	100.000	21	0	0	1	21	2163	2143	2.1	39.2
Query_62369	XM_039885272.1	100.000	21	0	0	1	21	2156	2136	2.1	39.2
Query_62369	XM_039885270.1	100.000	21	0	0	1	21	2158	2138	2.1	39.2
Query_62369	XM_039885269.1	100.000	21	0	0	1	21	2161	2141	2.1	39.2
Query_62369	XM_039885268.1	100.000	21	0	0	1	21	2176	2156	2.1	39.2
Query_62369	XM_039885267.1	100.000	21	0	0	1	21	2179	2159	2.1	39.2
Query_62369	XM_039239257.1	100.000	21	0	0	1	21	2056	2036	2.1	39.2
Query_62369	XM_039239256.1	100.000	21	0	0	1	21	1865	1845	2.1	39.2
Query_62369	XM_039239255.1	100.000	21	0	0	1	21	1883	1863	2.1	39.2
Query_62369	XM_039239253.1	100.000	21	0	0	1	21	2108	2088	2.1	39.2
Query_62369	XM_039239252.1	100.000	21	0	0	1	21	2126	2106	2.1	39.2
Query_62369	XM_007998290.2	100.000	21	0	0	1	21	383	363	2.1	39.2
Query_62369	XM_036279151.1	100.000	21	0	0	1	21	1885	1865	2.1	39.2
Query_62369	XM_036279150.1	100.000	21	0	0	1	21	1978	1958	2.1	39.2
Query_62369	XM_036279149.1	100.000	21	0	0	1	21	1996	1976	2.1	39.2
Query_62369	XM_036279147.1	100.000	21	0	0	1	21	2083	2063	2.1	39.2
Query_62369	XM_036279145.1	100.000	21	0	0	1	21	2095	2075	2.1	39.2
Query_62369	XM_036279144.1	100.000	21	0	0	1	21	2102	2082	2.1	39.2
Query_62369	XM_036226140.1	100.000	21	0	0	1	21	2107	2087	2.1	39.2
Query_62369	XM_016161159.2	100.000	21	0	0	1	21	2110	2090	2.1	39.2
Query_62369	XM_036226138.1	100.000	21	0	0	1	21	2125	2105	2.1	39.2
Query_62369	XM_036226137.1	100.000	21	0	0	1	21	2128	2108	2.1	39.2
Query_62369	NM_198183.3	100.000	21	0	0	1	21	348	328	2.1	39.2
Query_62369	CU689397.1	100.000	21	0	0	1	21	190	210	2.1	39.2
Query_62369	CU689396.1	100.000	21	0	0	1	21	304	284	2.1	39.2
Query_62369	AK315755.1	100.000	21	0	0	1	21	303	283	2.1	39.2
Query_62369	DQ894475.2	100.000	21	0	0	1	21	310	290	2.1	39.2
Query_62369	DQ891291.2	100.000	21	0	0	1	21	310	290	2.1	39.2
Query_62369	AK226165.1	100.000	21	0	0	1	21	438	418	2.1	39.2
Query_62369	AK093462.1	100.000	21	0	0	1	21	697	677	2.1	39.2
Query_62369	CR457126.1	100.000	21	0	0	1	21	288	268	2.1	39.2
Query_62369	AK129621.1	100.000	21	0	0	1	21	255	235	2.1	39.2
Query_62369	BC032491.1	100.000	21	0	0	1	21	384	364	2.1	39.2
Query_62369	AP002893.3	100.000	21	0	0	1	21	124956	124976	2.1	39.2
Query_62369	AJ243270.1	100.000	21	0	0	1	21	165	145	2.1	39.2
Query_62369	AF061736.1	100.000	21	0	0	1	21	335	315	2.1	39.2
Query_62369	AF031141.1	100.000	21	0	0	1	21	285	265	2.1	39.2
Query_62369	LR812112.1	100.000	20	0	0	1	20	19797044	19797063	7.2	37.4
Query_62369	AP022660.1	100.000	20	0	0	1	20	1191522	1191503	7.2	37.4
Query_62369	CP036266.1	100.000	20	0	0	1	20	6236016	6236035	7.2	37.4
Query_62369	XM_040256232.1	100.000	20	0	0	1	20	2138	2119	7.2	37.4
Query_62369	XM_040256222.1	100.000	20	0	0	1	20	2153	2134	7.2	37.4
Query_62369	XM_040256213.1	100.000	20	0	0	1	20	2156	2137	7.2	37.4
Query_62369	XM_038764682.1	100.000	20	0	0	2	21	353	334	7.2	37.4
Query_62369	CP065872.1	100.000	20	0	0	1	20	4951371	4951390	7.2	37.4
Query_62369	OB660908.1	100.000	20	0	0	1	20	23832	23851	7.2	37.4


