# blastn
# Iteration: 0
# Query: 
# RID: 7J0A0FTC013
# Database: nt
# Fields: query acc.ver, subject acc.ver, % identity, alignment length, mismatches, gap opens, q. start, q. end, s. start, s. end, evalue, bit score
# 44 hits found
Query_441873	XM_034944208.1	100.000	21	0	0	1	21	590	570	2.1	39.2
Query_441873	XM_034944207.1	100.000	21	0	0	1	21	603	583	2.1	39.2
Query_441873	XM_034944206.1	100.000	21	0	0	1	21	436	416	2.1	39.2
Query_441873	XM_019016478.2	100.000	21	0	0	1	21	590	570	2.1	39.2
Query_441873	NM_004359.2	100.000	21	0	0	1	21	553	533	2.1	39.2
Query_441873	CP034522.1	100.000	21	0	0	1	21	477031	477011	2.1	39.2
Query_441873	CP034497.1	100.000	21	0	0	1	21	477031	477011	2.1	39.2
Query_441873	XM_009434229.3	100.000	21	0	0	1	21	594	574	2.1	39.2
Query_441873	XM_009252509.2	100.000	21	0	0	1	21	593	573	2.1	39.2
Query_441873	LT744874.1	100.000	21	0	0	1	21	868	848	2.1	39.2
Query_441873	XM_005259690.3	100.000	21	0	0	1	21	593	573	2.1	39.2
Query_441873	XM_006722952.2	100.000	21	0	0	1	21	593	573	2.1	39.2
Query_441873	KJ890880.1	100.000	21	0	0	1	21	446	426	2.1	39.2
Query_441873	CP068259.1	100.000	21	0	0	1	21	490610	490590	2.1	39.2
Query_441873	AP023479.1	100.000	21	0	0	1	21	298631	298611	2.1	39.2
Query_441873	AP023479.1	100.000	21	0	0	1	21	375059	375039	2.1	39.2
Query_441873	AB590273.1	100.000	21	0	0	1	21	390	370	2.1	39.2
Query_441873	CU676209.1	100.000	21	0	0	1	21	346	366	2.1	39.2
Query_441873	CU676208.1	100.000	21	0	0	1	21	397	377	2.1	39.2
Query_441873	AK291554.1	100.000	21	0	0	1	21	582	562	2.1	39.2
Query_441873	DQ893910.2	100.000	21	0	0	1	21	403	383	2.1	39.2
Query_441873	DQ890738.2	100.000	21	0	0	1	21	403	383	2.1	39.2
Query_441873	AY650399.1	100.000	21	0	0	1	21	7300	7280	2.1	39.2
Query_441873	BC023979.1	100.000	21	0	0	1	21	557	537	2.1	39.2
Query_441873	BT008039.1	100.000	21	0	0	1	21	381	361	2.1	39.2
Query_441873	BT006659.1	100.000	21	0	0	1	21	381	361	2.1	39.2
Query_441873	AC011556.9	100.000	21	0	0	1	21	5513	5493	2.1	39.2
Query_441873	AC011531.7	100.000	21	0	0	1	21	26520	26500	2.1	39.2
Query_441873	BC018143.2	100.000	21	0	0	1	21	583	563	2.1	39.2
Query_441873	BC009850.2	100.000	21	0	0	1	21	580	560	2.1	39.2
Query_441873	L22005.1	100.000	21	0	0	1	21	567	547	2.1	39.2
Query_441873	XM_032993274.1	100.000	20	0	0	1	20	511	492	7.3	37.4
Query_441873	XM_032712241.1	100.000	20	0	0	1	20	404	385	7.3	37.4
Query_441873	XM_029965349.1	100.000	20	0	0	1	20	354	335	7.3	37.4
Query_441873	XM_027664258.1	100.000	20	0	0	1	20	404	385	7.3	37.4
Query_441873	XM_027704603.1	100.000	20	0	0	1	20	406	387	7.3	37.4
Query_441873	XM_017834498.1	100.000	20	0	0	1	20	403	384	7.3	37.4
Query_441873	XM_010305327.1	100.000	20	0	0	1	20	237	218	7.3	37.4
Query_441873	XM_010143754.1	100.000	20	0	0	1	20	204	185	7.3	37.4
Query_441873	XM_009901026.1	100.000	20	0	0	1	20	504	485	7.3	37.4
Query_441873	XM_009808180.1	100.000	20	0	0	1	20	206	187	7.3	37.4
Query_441873	XM_009514332.1	100.000	20	0	0	1	20	206	187	7.3	37.4
Query_441873	XM_027713094.2	100.000	20	0	0	1	20	397	378	7.3	37.4
Query_441873	XM_035285863.1	100.000	20	0	0	2	21	576	557	7.3	37.4


