# blastn
# Iteration: 0
# Query: 
# RID: 7J89PH84016
# Database: nt
# Fields: query acc.ver, subject acc.ver, % identity, alignment length, mismatches, gap opens, q. start, q. end, s. start, s. end, evalue, bit score
# 100 hits found
Query_59581	XM_034986442.1	100.000	21	0	0	1	21	351	331	2.1	39.2
Query_59581	XM_034945734.1	100.000	21	0	0	1	21	274	254	2.1	39.2
Query_59581	AP023166.1	100.000	21	0	0	1	21	5449955	5449975	2.1	39.2
Query_59581	XM_034492571.1	100.000	21	0	0	1	21	565	545	2.1	39.2
Query_59581	XM_033844831.1	100.000	21	0	0	1	21	563	543	2.1	39.2
Query_59581	XM_004283250.2	100.000	21	0	0	1	21	563	543	2.1	39.2
Query_59581	XM_033224775.1	100.000	21	0	0	1	21	619	599	2.1	39.2
Query_59581	XM_033127806.1	100.000	21	0	0	1	21	554	534	2.1	39.2
Query_59581	XM_032894453.1	100.000	21	0	0	1	21	619	599	2.1	39.2
Query_59581	XM_032847714.1	100.000	21	0	0	1	21	97	77	2.1	39.2
Query_59581	XM_032614966.1	100.000	21	0	0	1	21	563	543	2.1	39.2
Query_59581	XM_032487481.1	100.000	21	0	0	1	21	563	543	2.1	39.2
Query_59581	XM_032388640.1	100.000	21	0	0	1	21	692	672	2.1	39.2
Query_59581	XM_032324808.1	100.000	21	0	0	1	21	503	483	2.1	39.2
Query_59581	XM_032263313.1	100.000	21	0	0	1	21	608	588	2.1	39.2
Query_59581	XM_032171460.1	100.000	21	0	0	1	21	334	314	2.1	39.2
Query_59581	LR738419.1	100.000	21	0	0	1	21	60208440	60208460	2.1	39.2
Query_59581	XM_031964148.1	100.000	21	0	0	1	21	574	554	2.1	39.2
Query_59581	XM_023197562.3	100.000	21	0	0	1	21	615	595	2.1	39.2
Query_59581	NM_001194143.2	100.000	21	0	0	1	21	697	677	2.1	39.2
Query_59581	LR738628.1	100.000	21	0	0	1	21	74933022	74933042	2.1	39.2
Query_59581	LR738606.1	100.000	21	0	0	1	21	66404937	66404917	2.1	39.2
Query_59581	XM_010989212.2	100.000	21	0	0	1	21	556	536	2.1	39.2
Query_59581	XM_031385385.1	100.000	21	0	0	1	21	218	198	2.1	39.2
Query_59581	XM_031385384.1	100.000	21	0	0	1	21	528	508	2.1	39.2
Query_59581	XM_006747778.2	100.000	21	0	0	1	21	592	572	2.1	39.2
Query_59581	XM_004061618.3	100.000	21	0	0	1	21	626	606	2.1	39.2
Query_59581	XR_002003000.2	100.000	21	0	0	1	21	210	190	2.1	39.2
Query_59581	XM_010361181.2	100.000	21	0	0	1	21	593	573	2.1	39.2
Query_59581	XM_030848376.1	100.000	21	0	0	1	21	563	543	2.1	39.2
Query_59581	XM_030819428.1	100.000	21	0	0	1	21	922	902	2.1	39.2
Query_59581	XM_022564888.2	100.000	21	0	0	1	21	584	564	2.1	39.2
Query_59581	XM_030297580.1	100.000	21	0	0	1	21	109	89	2.1	39.2
Query_59581	XM_029926448.1	100.000	21	0	0	1	21	87	67	2.1	39.2
Query_59581	XM_008822792.3	100.000	21	0	0	1	21	126	106	2.1	39.2
Query_59581	XM_021219106.2	100.000	21	0	0	1	21	291	271	2.1	39.2
Query_59581	XM_021165994.2	100.000	21	0	0	1	21	295	275	2.1	39.2
Query_59581	XM_029240889.1	100.000	21	0	0	1	21	626	606	2.1	39.2
Query_59581	NM_003969.4	100.000	21	0	0	1	21	277	257	2.1	39.2
Query_59581	XM_028781890.1	100.000	21	0	0	1	21	619	599	2.1	39.2
Query_59581	XM_007123110.3	100.000	21	0	0	1	21	618	598	2.1	39.2
Query_59581	XM_027097413.1	100.000	21	0	0	1	21	626	606	2.1	39.2
Query_59581	XM_027037588.1	100.000	21	0	0	1	21	137	117	2.1	39.2
Query_59581	XM_013351477.2	100.000	21	0	0	1	21	246	226	2.1	39.2
Query_59581	XM_026489448.1	100.000	21	0	0	1	21	104	84	2.1	39.2
Query_59581	XM_026379772.1	100.000	21	0	0	1	21	629	609	2.1	39.2
Query_59581	XM_008161091.2	100.000	21	0	0	1	21	86	66	2.1	39.2
Query_59581	XM_028138389.1	100.000	21	0	0	1	21	86	66	2.1	39.2
Query_59581	XM_028093366.1	100.000	21	0	0	1	21	306	286	2.1	39.2
Query_59581	XM_027978947.1	100.000	21	0	0	1	21	96	76	2.1	39.2
Query_59581	XM_027978945.1	100.000	21	0	0	1	21	96	76	2.1	39.2
Query_59581	XM_027921197.1	100.000	21	0	0	1	21	640	620	2.1	39.2
Query_59581	XM_027859172.1	100.000	21	0	0	1	21	94	74	2.1	39.2
Query_59581	CP034522.1	100.000	21	0	0	1	21	59009702	59009722	2.1	39.2
Query_59581	CP034497.1	100.000	21	0	0	1	21	59009702	59009722	2.1	39.2
Query_59581	XM_027619724.1	100.000	21	0	0	1	21	306	286	2.1	39.2
Query_59581	XM_027514594.1	100.000	21	0	0	1	21	610	590	2.1	39.2
Query_59581	XM_025849383.1	100.000	21	0	0	1	21	306	286	2.1	39.2
Query_59581	XM_025848705.1	100.000	21	0	0	1	21	306	286	2.1	39.2
Query_59581	XM_025367066.1	100.000	21	0	0	1	21	889	869	2.1	39.2
Query_59581	XM_025367065.1	100.000	21	0	0	1	21	889	869	2.1	39.2
Query_59581	XM_025270420.1	100.000	21	0	0	1	21	151	131	2.1	39.2
Query_59581	XM_006067295.2	100.000	21	0	0	1	21	133	113	2.1	39.2
Query_59581	XM_006027474.3	100.000	21	0	0	1	21	63	43	2.1	39.2
Query_59581	XM_015458446.2	100.000	21	0	0	1	21	610	590	2.1	39.2
Query_59581	XM_011751675.2	100.000	21	0	0	1	21	698	678	2.1	39.2
Query_59581	XM_024740917.1	100.000	21	0	0	1	21	47	27	2.1	39.2
Query_59581	XM_040465311.1	100.000	21	0	0	1	21	130	110	2.1	39.2
Query_59581	XM_040251830.1	100.000	21	0	0	1	21	568	548	2.1	39.2
Query_59581	XM_040251829.1	100.000	21	0	0	1	21	568	548	2.1	39.2
Query_59581	XM_029073406.2	100.000	21	0	0	1	21	126	106	2.1	39.2
Query_59581	XM_039868785.1	100.000	21	0	0	1	21	607	587	2.1	39.2
Query_59581	XM_039466383.1	100.000	21	0	0	1	21	884	864	2.1	39.2
Query_59581	XM_039225255.1	100.000	21	0	0	1	21	597	577	2.1	39.2
Query_59581	CP068259.1	100.000	21	0	0	1	21	61656009	61656029	2.1	39.2
Query_59581	XM_038655543.1	100.000	21	0	0	1	21	592	572	2.1	39.2
Query_59581	XM_541337.6	100.000	21	0	0	1	21	592	572	2.1	39.2
Query_59581	XM_038752759.1	100.000	21	0	0	1	21	93	73	2.1	39.2
Query_59581	XM_038338840.1	100.000	21	0	0	1	21	611	591	2.1	39.2
Query_59581	XM_007998466.2	100.000	21	0	0	1	21	801	781	2.1	39.2
Query_59581	XM_017509655.2	100.000	21	0	0	1	21	539	519	2.1	39.2
Query_59581	XM_037517301.1	100.000	21	0	0	1	21	149	129	2.1	39.2
Query_59581	XM_028884903.2	100.000	21	0	0	1	21	296	276	2.1	39.2
Query_59581	XM_037148485.1	100.000	21	0	0	1	21	225	205	2.1	39.2
Query_59581	XM_037047667.1	100.000	21	0	0	1	21	143	123	2.1	39.2
Query_59581	XM_017678136.2	100.000	21	0	0	1	21	93	73	2.1	39.2
Query_59581	XM_036901378.1	100.000	21	0	0	1	21	1087	1067	2.1	39.2
Query_59581	XM_036426083.1	100.000	21	0	0	1	21	255	235	2.1	39.2
Query_59581	XM_036311451.1	100.000	21	0	0	1	21	605	585	2.1	39.2
Query_59581	XM_036273895.1	100.000	21	0	0	1	21	255	235	2.1	39.2
Query_59581	XM_016125757.2	100.000	21	0	0	1	21	282	262	2.1	39.2
Query_59581	AP023479.1	100.000	21	0	0	1	21	59041142	59041162	2.1	39.2
Query_59581	XM_036168406.1	100.000	21	0	0	1	21	321	301	2.1	39.2
Query_59581	XM_036079788.1	100.000	21	0	0	1	21	306	286	2.1	39.2
Query_59581	XM_028530497.2	100.000	21	0	0	1	21	189	169	2.1	39.2
Query_59581	LR877230.1	100.000	21	0	0	1	21	10537835	10537815	2.1	39.2
Query_59581	LR877197.1	100.000	21	0	0	1	21	47139843	47139823	2.1	39.2
Query_59581	XM_025421358.2	100.000	21	0	0	1	21	120	100	2.1	39.2
Query_59581	XM_027431227.2	100.000	21	0	0	1	21	110	90	2.1	39.2
Query_59581	XM_017967523.2	100.000	21	0	0	1	21	880	860	2.1	39.2


