# blastn
# Iteration: 0
# Query: 
# RID: 9PSEG32G016
# Database: nt
# Fields: query acc.ver, subject acc.ver, % identity, alignment length, mismatches, gap opens, q. start, q. end, s. start, s. end, evalue, bit score
# 65 hits found
Query_53559	XM_003811844.2	100.000	21	0	0	1	21	507	487	2.1	39.2
Query_53559	XM_033196559.1	100.000	21	0	0	1	21	632	612	2.1	39.2
Query_53559	XM_033233047.1	100.000	21	0	0	1	21	382	362	2.1	39.2
Query_53559	XM_023214308.2	100.000	21	0	0	1	21	599	579	2.1	39.2
Query_53559	XM_031654823.1	100.000	21	0	0	1	21	489	469	2.1	39.2
Query_53559	XM_031654814.1	100.000	21	0	0	1	21	582	562	2.1	39.2
Query_53559	XM_031011621.1	100.000	21	0	0	1	21	623	603	2.1	39.2
Query_53559	XM_010367119.2	100.000	21	0	0	1	21	735	715	2.1	39.2
Query_53559	XR_749097.2	100.000	21	0	0	1	21	310	290	2.1	39.2
Query_53559	XR_750211.2	100.000	21	0	0	1	21	324	304	2.1	39.2
Query_53559	XM_030824091.1	100.000	21	0	0	1	21	643	623	2.1	39.2
Query_53559	XR_012770.4	100.000	21	0	0	1	21	312	292	2.1	39.2
Query_53559	XM_028826846.1	100.000	21	0	0	1	21	543	523	2.1	39.2
Query_53559	XM_015113807.2	100.000	21	0	0	1	21	509	489	2.1	39.2
Query_53559	XM_015113815.2	100.000	21	0	0	1	21	463	443	2.1	39.2
Query_53559	NM_016406.4	100.000	21	0	0	1	21	330	310	2.1	39.2
Query_53559	XM_023185092.2	100.000	21	0	0	1	21	340	320	2.1	39.2
Query_53559	XR_003120460.1	100.000	21	0	0	1	21	311	291	2.1	39.2
Query_53559	XM_025359394.1	100.000	21	0	0	1	21	449	429	2.1	39.2
Query_53559	XM_025359307.1	100.000	21	0	0	1	21	625	605	2.1	39.2
Query_53559	XM_011770131.2	100.000	21	0	0	1	21	401	381	2.1	39.2
Query_53559	XM_017001450.2	100.000	21	0	0	1	21	460	440	2.1	39.2
Query_53559	XM_002809897.3	100.000	21	0	0	1	21	620	600	2.1	39.2
Query_53559	XM_023214307.1	100.000	21	0	0	1	21	620	600	2.1	39.2
Query_53559	XM_021239618.1	100.000	21	0	0	1	21	576	556	2.1	39.2
Query_53559	XM_021239617.1	100.000	21	0	0	1	21	604	584	2.1	39.2
Query_53559	XM_021239616.1	100.000	21	0	0	1	21	666	646	2.1	39.2
Query_53559	XM_004858676.3	100.000	21	0	0	1	21	701	681	2.1	39.2
Query_53559	XM_004858681.3	100.000	21	0	0	1	21	543	523	2.1	39.2
Query_53559	XM_004858675.3	100.000	21	0	0	1	21	699	679	2.1	39.2
Query_53559	XM_004858679.3	100.000	21	0	0	1	21	580	560	2.1	39.2
Query_53559	XM_004858674.3	100.000	21	0	0	1	21	734	714	2.1	39.2
Query_53559	LT734974.1	100.000	21	0	0	1	21	797	777	2.1	39.2
Query_53559	XR_001884047.1	100.000	21	0	0	1	21	338	318	2.1	39.2
Query_53559	XM_017860834.1	100.000	21	0	0	1	21	625	605	2.1	39.2
Query_53559	XR_001884737.1	100.000	21	0	0	1	21	323	303	2.1	39.2
Query_53559	XM_017001451.1	100.000	21	0	0	1	21	673	653	2.1	39.2
Query_53559	XR_001492658.1	100.000	21	0	0	1	21	311	291	2.1	39.2
Query_53559	XM_015452762.1	100.000	21	0	0	1	21	613	593	2.1	39.2
Query_53559	XR_978895.1	100.000	21	0	0	1	21	311	291	2.1	39.2
Query_53559	XM_011770130.1	100.000	21	0	0	1	21	471	451	2.1	39.2
Query_53559	XR_001018749.1	100.000	21	0	0	1	21	311	291	2.1	39.2
Query_53559	XM_012067544.1	100.000	21	0	0	1	21	620	600	2.1	39.2
Query_53559	XM_011957583.1	100.000	21	0	0	1	21	625	605	2.1	39.2
Query_53559	XR_001007306.1	100.000	21	0	0	1	21	311	291	2.1	39.2
Query_53559	XM_011976265.1	100.000	21	0	0	1	21	625	605	2.1	39.2
Query_53559	XM_513937.5	100.000	21	0	0	1	21	618	598	2.1	39.2
Query_53559	KJ898907.1	100.000	21	0	0	1	21	375	355	2.1	39.2
Query_53559	XM_005245254.1	100.000	21	0	0	1	21	516	496	2.1	39.2
Query_53559	XM_037984472.1	100.000	21	0	0	1	21	310	290	2.1	39.2
Query_53559	XM_007976437.2	100.000	21	0	0	1	21	517	497	2.1	39.2
Query_53559	AK311562.1	100.000	21	0	0	1	21	815	795	2.1	39.2
Query_53559	AK292776.1	100.000	21	0	0	1	21	516	496	2.1	39.2
Query_53559	DQ896457.2	100.000	21	0	0	1	21	332	312	2.1	39.2
Query_53559	DQ893161.2	100.000	21	0	0	1	21	332	312	2.1	39.2
Query_53559	BC005187.1	100.000	21	0	0	1	21	556	536	2.1	39.2
Query_53559	AL590714.27	100.000	21	0	0	1	21	12851	12831	2.1	39.2
Query_53559	AB154405.1	100.000	21	0	0	1	21	310	290	2.1	39.2
Query_53559	AF161504.1	100.000	21	0	0	1	21	550	530	2.1	39.2
Query_53559	AF151884.1	100.000	21	0	0	1	21	531	511	2.1	39.2
Query_53559	CP044222.1	100.000	20	0	0	2	21	3998920	3998901	7.5	37.4
Query_53559	XM_006474734.3	100.000	20	0	0	1	20	1180	1199	7.5	37.4
Query_53559	XM_006452651.2	100.000	20	0	0	1	20	1198	1217	7.5	37.4
Query_53559	CP019343.1	100.000	20	0	0	1	20	3620473	3620454	7.5	37.4
Query_53559	LR877217.1	100.000	20	0	0	1	20	69103296	69103277	7.5	37.4


