# blastn
# Iteration: 0
# Query: 
# RID: 6M53UXAF016
# Database: nt
# Fields: query acc.ver, subject acc.ver, % identity, alignment length, mismatches, gap opens, q. start, q. end, s. start, s. end, evalue, bit score
# 27 hits found
Query_55569	XM_003822660.3	100.000	21	0	0	1	21	3196	3176	2.0	39.2
Query_55569	XM_032239463.1	100.000	21	0	0	1	21	2727	2707	2.0	39.2
Query_55569	XM_032239461.1	100.000	21	0	0	1	21	2682	2662	2.0	39.2
Query_55569	XM_032178589.1	100.000	21	0	0	1	21	2394	2374	2.0	39.2
Query_55569	MN297719.1	100.000	21	0	0	1	21	129	109	2.0	39.2
Query_55569	XM_031007930.1	100.000	21	0	0	1	21	2992	2972	2.0	39.2
Query_55569	XM_030799595.1	100.000	21	0	0	1	21	2989	2969	2.0	39.2
Query_55569	NM_012249.4	100.000	21	0	0	1	21	3000	2980	2.0	39.2
Query_55569	XM_016948475.2	100.000	21	0	0	1	21	2970	2950	2.0	39.2
Query_55569	XM_016948474.2	100.000	21	0	0	1	21	2831	2811	2.0	39.2
Query_55569	XM_002812061.4	100.000	21	0	0	1	21	2743	2723	2.0	39.2
Query_55569	XM_012473755.2	100.000	21	0	0	1	21	2729	2709	2.0	39.2
Query_55569	XM_011532728.2	100.000	21	0	0	1	21	2328	2308	2.0	39.2
Query_55569	XM_017003716.1	100.000	21	0	0	1	21	3212	3192	2.0	39.2
Query_55569	XM_011532726.2	100.000	21	0	0	1	21	3055	3035	2.0	39.2
Query_55569	XM_005264229.2	100.000	21	0	0	1	21	2464	2444	2.0	39.2
Query_55569	NG_023007.2	100.000	21	0	0	1	21	2838	2818	2.0	39.2
Query_55569	XM_003926747.3	100.000	21	0	0	1	21	2967	2947	2.0	39.2
Query_55569	XM_037732867.1	100.000	21	0	0	1	21	2592	2572	2.0	39.2
Query_55569	XM_017512722.2	100.000	21	0	0	1	21	2973	2953	2.0	39.2
Query_55569	XR_004733630.1	100.000	21	0	0	1	21	3623	3603	2.0	39.2
Query_55569	XM_002757794.5	100.000	21	0	0	1	21	3459	3439	2.0	39.2
Query_55569	EU794657.1	100.000	21	0	0	1	21	2762	2742	2.0	39.2
Query_55569	BC013135.1	100.000	21	0	0	1	21	2922	2902	2.0	39.2
Query_55569	AC145214.1	100.000	21	0	0	1	21	39314	39294	2.0	39.2
Query_55569	AC073869.5	100.000	21	0	0	1	21	137686	137666	2.0	39.2
Query_55569	AC018682.4	100.000	21	0	0	1	21	117301	117281	2.0	39.2


