# blastn
# Iteration: 0
# Query: 
# RID: 8YWJP20N01N
# Database: nt
# Fields: query acc.ver, subject acc.ver, % identity, alignment length, mismatches, gap opens, q. start, q. end, s. start, s. end, evalue, bit score
# 100 hits found
Query_43545	XM_035005109.1	100.000	21	0	0	1	21	484	464	2.1	39.2
Query_43545	XM_035005108.1	100.000	21	0	0	1	21	988	968	2.1	39.2
Query_43545	XM_034958465.1	100.000	21	0	0	1	21	349	329	2.1	39.2
Query_43545	XM_034958464.1	100.000	21	0	0	1	21	460	440	2.1	39.2
Query_43545	XM_002925166.4	100.000	21	0	0	1	21	433	413	2.1	39.2
Query_43545	XM_034671927.1	100.000	21	0	0	1	21	484	464	2.1	39.2
Query_43545	XM_040966395.1	100.000	21	0	0	1	21	699	679	2.1	39.2
Query_43545	XM_040966394.1	100.000	21	0	0	1	21	405	385	2.1	39.2
Query_43545	XM_040966393.1	100.000	21	0	0	1	21	320	300	2.1	39.2
Query_43545	XM_040966391.1	100.000	21	0	0	1	21	287	267	2.1	39.2
Query_43545	XM_040966390.1	100.000	21	0	0	1	21	449	429	2.1	39.2
Query_43545	XM_040966389.1	100.000	21	0	0	1	21	491	471	2.1	39.2
Query_43545	XM_040625099.1	100.000	21	0	0	1	21	257	237	2.1	39.2
Query_43545	XM_008701503.2	100.000	21	0	0	1	21	410	390	2.1	39.2
Query_43545	XM_040485326.1	100.000	21	0	0	1	21	383	363	2.1	39.2
Query_43545	XM_021722734.2	100.000	21	0	0	1	21	380	360	2.1	39.2
Query_43545	XM_005319928.3	100.000	21	0	0	1	21	484	464	2.1	39.2
Query_43545	XM_040238047.1	100.000	21	0	0	1	21	316	296	2.1	39.2
Query_43545	XM_040238046.1	100.000	21	0	0	1	21	341	321	2.1	39.2
Query_43545	XM_040238045.1	100.000	21	0	0	1	21	378	358	2.1	39.2
Query_43545	XM_040238044.1	100.000	21	0	0	1	21	575	555	2.1	39.2
Query_43545	HG996471.1	100.000	21	0	0	1	21	19499751	19499771	2.1	39.2
Query_43545	HG994384.1	100.000	21	0	0	1	21	74320128	74320148	2.1	39.2
Query_43545	XM_003940989.2	100.000	21	0	0	1	21	335	315	2.1	39.2
Query_43545	XM_039468204.1	100.000	21	0	0	1	21	354	334	2.1	39.2
Query_43545	XM_039226965.1	100.000	21	0	0	1	21	235	215	2.1	39.2
Query_43545	XM_039226963.1	100.000	21	0	0	1	21	478	458	2.1	39.2
Query_43545	XM_038661952.1	100.000	21	0	0	1	21	377	357	2.1	39.2
Query_43545	XM_038661951.1	100.000	21	0	0	1	21	340	320	2.1	39.2
Query_43545	XM_038661950.1	100.000	21	0	0	1	21	489	469	2.1	39.2
Query_43545	XM_022417228.2	100.000	21	0	0	1	21	377	357	2.1	39.2
Query_43545	XM_846094.6	100.000	21	0	0	1	21	340	320	2.1	39.2
Query_43545	XM_003434394.5	100.000	21	0	0	1	21	489	469	2.1	39.2
Query_43545	XM_038324635.1	100.000	21	0	0	1	21	187	167	2.1	39.2
Query_43545	XM_038323543.1	100.000	21	0	0	1	21	593	573	2.1	39.2
Query_43545	XM_038008617.1	100.000	21	0	0	1	21	366	346	2.1	39.2
Query_43545	XM_008017600.2	100.000	21	0	0	1	21	538	518	2.1	39.2
Query_43545	XM_037829624.1	100.000	21	0	0	1	21	131	111	2.1	39.2
Query_43545	XM_037829623.1	100.000	21	0	0	1	21	416	396	2.1	39.2
Query_43545	XM_037823026.1	100.000	21	0	0	1	21	238	218	2.1	39.2
Query_43545	XR_001826530.2	100.000	21	0	0	1	21	407	387	2.1	39.2
Query_43545	XM_017527248.2	100.000	21	0	0	1	21	351	331	2.1	39.2
Query_43545	XM_017527247.2	100.000	21	0	0	1	21	538	518	2.1	39.2
Query_43545	XM_017527245.2	100.000	21	0	0	1	21	538	518	2.1	39.2
Query_43545	XM_037530494.1	100.000	21	0	0	1	21	169	149	2.1	39.2
Query_43545	XM_037530493.1	100.000	21	0	0	1	21	465	445	2.1	39.2
Query_43545	XM_028882241.2	100.000	21	0	0	1	21	118	98	2.1	39.2
Query_43545	XM_028882240.2	100.000	21	0	0	1	21	319	299	2.1	39.2
Query_43545	XM_037138034.1	100.000	21	0	0	1	21	178	158	2.1	39.2
Query_43545	XM_037138033.1	100.000	21	0	0	1	21	480	460	2.1	39.2
Query_43545	XM_037064307.1	100.000	21	0	0	1	21	178	158	2.1	39.2
Query_43545	XM_037064306.1	100.000	21	0	0	1	21	464	444	2.1	39.2
Query_43545	XM_017662459.2	100.000	21	0	0	1	21	406	386	2.1	39.2
Query_43545	XM_036908505.1	100.000	21	0	0	1	21	408	388	2.1	39.2
Query_43545	XM_036853403.1	100.000	21	0	0	1	21	385	365	2.1	39.2
Query_43545	XM_036852348.1	100.000	21	0	0	1	21	458	438	2.1	39.2
Query_43545	XM_036852347.1	100.000	21	0	0	1	21	501	481	2.1	39.2
Query_43545	XM_036496828.1	100.000	21	0	0	1	21	199	179	2.1	39.2
Query_43545	XM_036496827.1	100.000	21	0	0	1	21	371	351	2.1	39.2
Query_43545	XM_004579145.3	100.000	21	0	0	1	21	430	410	2.1	39.2
Query_43545	XM_036418288.1	100.000	21	0	0	1	21	388	368	2.1	39.2
Query_43545	XM_036418282.1	100.000	21	0	0	1	21	486	466	2.1	39.2
Query_43545	XM_036331597.1	100.000	21	0	0	1	21	128	108	2.1	39.2
Query_43545	XM_036331588.1	100.000	21	0	0	1	21	289	269	2.1	39.2
Query_43545	XM_036331578.1	100.000	21	0	0	1	21	230	210	2.1	39.2
Query_43545	XM_036331571.1	100.000	21	0	0	1	21	635	615	2.1	39.2
Query_43545	XM_036331560.1	100.000	21	0	0	1	21	253	233	2.1	39.2
Query_43545	XM_036331552.1	100.000	21	0	0	1	21	256	236	2.1	39.2
Query_43545	XM_036331544.1	100.000	21	0	0	1	21	317	297	2.1	39.2
Query_43545	XM_036258045.1	100.000	21	0	0	1	21	242	222	2.1	39.2
Query_43545	XM_036258037.1	100.000	21	0	0	1	21	308	288	2.1	39.2
Query_43545	XM_036258027.1	100.000	21	0	0	1	21	378	358	2.1	39.2
Query_43545	XM_036258018.1	100.000	21	0	0	1	21	413	393	2.1	39.2
Query_43545	XM_036258009.1	100.000	21	0	0	1	21	466	446	2.1	39.2
Query_43545	XM_036258001.1	100.000	21	0	0	1	21	465	445	2.1	39.2
Query_43545	XM_036200412.1	100.000	21	0	0	1	21	532	512	2.1	39.2
Query_43545	XM_036112050.1	100.000	21	0	0	1	21	331	311	2.1	39.2
Query_43545	XM_036112045.1	100.000	21	0	0	1	21	463	443	2.1	39.2
Query_43545	XM_036112039.1	100.000	21	0	0	1	21	289	269	2.1	39.2
Query_43545	XM_036112035.1	100.000	21	0	0	1	21	322	302	2.1	39.2
Query_43545	XM_036112026.1	100.000	21	0	0	1	21	405	385	2.1	39.2
Query_43545	XM_030314001.3	100.000	21	0	0	1	21	444	424	2.1	39.2
Query_43545	XM_028507672.2	100.000	21	0	0	1	21	349	329	2.1	39.2
Query_43545	XM_028507668.2	100.000	21	0	0	1	21	473	453	2.1	39.2
Query_43545	LR877197.1	100.000	21	0	0	1	21	44490523	44490543	2.1	39.2
Query_43545	XM_035714481.1	100.000	21	0	0	1	21	150	130	2.1	39.2
Query_43545	XM_025437023.2	100.000	21	0	0	1	21	339	319	2.1	39.2
Query_43545	XM_035714480.1	100.000	21	0	0	1	21	213	193	2.1	39.2
Query_43545	XM_035714479.1	100.000	21	0	0	1	21	216	196	2.1	39.2
Query_43545	XM_025437022.2	100.000	21	0	0	1	21	488	468	2.1	39.2
Query_43545	XM_027599485.2	100.000	21	0	0	1	21	488	468	2.1	39.2
Query_43545	XM_027390759.2	100.000	21	0	0	1	21	359	339	2.1	39.2
Query_43545	XM_027390758.2	100.000	21	0	0	1	21	307	287	2.1	39.2
Query_43545	XM_027390757.2	100.000	21	0	0	1	21	458	438	2.1	39.2
Query_43545	XM_003512233.3	100.000	21	0	0	1	21	602	582	2.1	39.2
Query_43545	XM_017970616.2	100.000	21	0	0	1	21	552	532	2.1	39.2
Query_43545	XM_035293865.1	100.000	21	0	0	1	21	510	490	2.1	39.2
Query_43545	XM_008993465.3	100.000	21	0	0	1	21	660	640	2.1	39.2
Query_43545	XM_035293864.1	100.000	21	0	0	1	21	253	233	2.1	39.2
Query_43545	XM_002745900.5	100.000	21	0	0	1	21	645	625	2.1	39.2


