# blastn
# Iteration: 0
# Query: 
# RID: 7RJG761A016
# Database: nt
# Fields: query acc.ver, subject acc.ver, % identity, alignment length, mismatches, gap opens, q. start, q. end, s. start, s. end, evalue, bit score
# 101 hits found
Query_30727	XM_034941314.1	100.000	21	0	0	1	21	451	431	2.1	39.2
Query_30727	XR_004430887.1	100.000	21	0	0	1	21	182	162	2.1	39.2
Query_30727	XR_004430886.1	100.000	21	0	0	1	21	435	415	2.1	39.2
Query_30727	XR_004430885.1	100.000	21	0	0	1	21	405	385	2.1	39.2
Query_30727	XR_004430884.1	100.000	21	0	0	1	21	311	291	2.1	39.2
Query_30727	XR_004430883.1	100.000	21	0	0	1	21	282	262	2.1	39.2
Query_30727	XM_033185036.1	100.000	21	0	0	1	21	466	446	2.1	39.2
Query_30727	XR_004266175.1	100.000	21	0	0	1	21	538	518	2.1	39.2
Query_30727	XM_032271694.1	100.000	21	0	0	1	21	52	32	2.1	39.2
Query_30727	XM_032138345.1	100.000	21	0	0	1	21	469	449	2.1	39.2
Query_30727	XM_023184506.2	100.000	21	0	0	1	21	457	437	2.1	39.2
Query_30727	XR_004179314.1	100.000	21	0	0	1	21	790	770	2.1	39.2
Query_30727	XR_004179313.1	100.000	21	0	0	1	21	182	162	2.1	39.2
Query_30727	XM_003912123.3	100.000	21	0	0	1	21	460	440	2.1	39.2
Query_30727	XM_017950278.3	100.000	21	0	0	1	21	298	278	2.1	39.2
Query_30727	XM_004058312.3	100.000	21	0	0	1	21	460	440	2.1	39.2
Query_30727	XM_010382186.2	100.000	21	0	0	1	21	460	440	2.1	39.2
Query_30727	XM_030800357.1	100.000	21	0	0	1	21	460	440	2.1	39.2
Query_30727	XR_001440232.2	100.000	21	0	0	1	21	553	533	2.1	39.2
Query_30727	XR_001440230.2	100.000	21	0	0	1	21	326	306	2.1	39.2
Query_30727	XM_015118270.2	100.000	21	0	0	1	21	455	435	2.1	39.2
Query_30727	XM_028835904.1	100.000	21	0	0	1	21	183	163	2.1	39.2
Query_30727	CP034495.1	100.000	21	0	0	1	21	4210367	4210387	2.1	39.2
Query_30727	CP034495.1	100.000	21	0	0	1	21	84390636	84390656	2.1	39.2
Query_30727	XM_025362958.1	100.000	21	0	0	1	21	460	440	2.1	39.2
Query_30727	XR_981472.2	100.000	21	0	0	1	21	227	207	2.1	39.2
Query_30727	XR_003016002.1	100.000	21	0	0	1	21	330	310	2.1	39.2
Query_30727	XR_981462.2	100.000	21	0	0	1	21	752	732	2.1	39.2
Query_30727	XR_003015996.1	100.000	21	0	0	1	21	606	586	2.1	39.2
Query_30727	XR_981464.2	100.000	21	0	0	1	21	784	764	2.1	39.2
Query_30727	XM_009431600.3	100.000	21	0	0	1	21	86	66	2.1	39.2
Query_30727	XM_016931252.2	100.000	21	0	0	1	21	460	440	2.1	39.2
Query_30727	XM_002826864.4	100.000	21	0	0	1	21	460	440	2.1	39.2
Query_30727	XR_002826840.1	100.000	21	0	0	1	21	419	399	2.1	39.2
Query_30727	XM_006105276.3	100.000	21	0	0	1	21	416	396	2.1	39.2
Query_30727	LT734953.1	100.000	21	0	0	1	21	585	565	2.1	39.2
Query_30727	XM_017860189.1	100.000	21	0	0	1	21	472	452	2.1	39.2
Query_30727	XR_981471.1	100.000	21	0	0	1	21	212	192	2.1	39.2
Query_30727	XR_981470.1	100.000	21	0	0	1	21	212	192	2.1	39.2
Query_30727	XR_981467.1	100.000	21	0	0	1	21	453	433	2.1	39.2
Query_30727	XM_011725127.1	100.000	21	0	0	1	21	460	440	2.1	39.2
Query_30727	XR_001014219.1	100.000	21	0	0	1	21	209	189	2.1	39.2
Query_30727	XR_001014218.1	100.000	21	0	0	1	21	813	793	2.1	39.2
Query_30727	XR_001014217.1	100.000	21	0	0	1	21	844	824	2.1	39.2
Query_30727	XR_001014215.1	100.000	21	0	0	1	21	238	218	2.1	39.2
Query_30727	XR_001014214.1	100.000	21	0	0	1	21	182	162	2.1	39.2
Query_30727	XR_001014213.1	100.000	21	0	0	1	21	212	192	2.1	39.2
Query_30727	XM_012055657.1	100.000	21	0	0	1	21	460	440	2.1	39.2
Query_30727	XM_011947503.1	100.000	21	0	0	1	21	263	243	2.1	39.2
Query_30727	XM_011980458.1	100.000	21	0	0	1	21	266	246	2.1	39.2
Query_30727	KJ892344.1	100.000	21	0	0	1	21	163	143	2.1	39.2
Query_30727	XM_039476665.1	100.000	21	0	0	1	21	481	461	2.1	39.2
Query_30727	LR990669.1	100.000	21	0	0	1	21	13771283	13771303	2.1	39.2
Query_30727	CP068261.1	100.000	21	0	0	1	21	4196610	4196630	2.1	39.2
Query_30727	XR_005236751.1	100.000	21	0	0	1	21	292	272	2.1	39.2
Query_30727	XR_005236750.1	100.000	21	0	0	1	21	280	260	2.1	39.2
Query_30727	XM_008009911.2	100.000	21	0	0	1	21	464	444	2.1	39.2
Query_30727	XM_017512180.2	100.000	21	0	0	1	21	453	433	2.1	39.2
Query_30727	AP023477.1	100.000	21	0	0	1	21	4380508	4380528	2.1	39.2
Query_30727	NM_003342.5	100.000	21	0	0	1	21	457	437	2.1	39.2
Query_30727	XR_004743113.1	100.000	21	0	0	1	21	549	529	2.1	39.2
Query_30727	XM_002747845.5	100.000	21	0	0	1	21	470	450	2.1	39.2
Query_30727	AK313059.1	100.000	21	0	0	1	21	303	283	2.1	39.2
Query_30727	AC152011.2	100.000	21	0	0	1	21	102526	102506	2.1	39.2
Query_30727	BC026288.1	100.000	21	0	0	1	21	264	244	2.1	39.2
Query_30727	BT008255.1	100.000	21	0	0	1	21	98	78	2.1	39.2
Query_30727	BT007416.1	100.000	21	0	0	1	21	98	78	2.1	39.2
Query_30727	NM_001283400.1	100.000	21	0	0	1	21	287	267	2.1	39.2
Query_30727	AC087742.9	100.000	21	0	0	1	21	12798	12778	2.1	39.2
Query_30727	BC002775.2	100.000	21	0	0	1	21	355	335	2.1	39.2
Query_30727	D78514.1	100.000	21	0	0	1	21	116	96	2.1	39.2
Query_30727	XR_005784101.1	100.000	20	0	0	1	20	38	57	7.3	37.4
Query_30727	XM_040453568.1	100.000	20	0	0	1	20	60	41	7.3	37.4
Query_30727	XM_040453567.1	100.000	20	0	0	1	20	110	91	7.3	37.4
Query_30727	XM_040424845.1	100.000	20	0	0	1	20	237	218	7.3	37.4
Query_30727	XM_040270543.1	100.000	20	0	0	1	20	632	613	7.3	37.4
Query_30727	XR_005721604.1	100.000	20	0	0	1	20	505	486	7.3	37.4
Query_30727	XR_005721603.1	100.000	20	0	0	1	20	535	516	7.3	37.4
Query_30727	XM_040243712.1	100.000	20	0	0	1	20	469	450	7.3	37.4
Query_30727	XR_005658082.1	100.000	20	0	0	1	20	283	264	7.3	37.4
Query_30727	XM_039886420.1	100.000	20	0	0	1	20	452	433	7.3	37.4
Query_30727	XM_039333960.1	100.000	20	0	0	1	20	524	505	7.3	37.4
Query_30727	XM_039254527.1	100.000	20	0	0	1	20	716	697	7.3	37.4
Query_30727	XM_037810445.1	100.000	20	0	0	1	20	443	424	7.3	37.4
Query_30727	XM_037495089.1	100.000	20	0	0	1	20	425	406	7.3	37.4
Query_30727	XM_037133033.1	100.000	20	0	0	1	20	458	439	7.3	37.4
Query_30727	XM_037029619.1	100.000	20	0	0	1	20	455	436	7.3	37.4
Query_30727	XM_036452373.1	100.000	20	0	0	1	20	453	434	7.3	37.4
Query_30727	XM_036341263.1	100.000	20	0	0	1	20	243	224	7.3	37.4
Query_30727	XM_036341262.1	100.000	20	0	0	1	20	416	397	7.3	37.4
Query_30727	XM_036341261.1	100.000	20	0	0	1	20	188	169	7.3	37.4
Query_30727	XM_036341260.1	100.000	20	0	0	1	20	197	178	7.3	37.4
Query_30727	XM_036318344.1	100.000	20	0	0	1	20	152	133	7.3	37.4
Query_30727	XM_036268448.1	100.000	20	0	0	1	20	354	335	7.3	37.4
Query_30727	XM_016138806.2	100.000	20	0	0	1	20	566	547	7.3	37.4
Query_30727	XM_036078415.1	100.000	20	0	0	1	20	421	402	7.3	37.4
Query_30727	XM_036078414.1	100.000	20	0	0	1	20	221	202	7.3	37.4
Query_30727	XM_036078412.1	100.000	20	0	0	1	20	221	202	7.3	37.4
Query_30727	XM_027625410.2	100.000	20	0	0	1	20	431	412	7.3	37.4
Query_30727	XM_027625409.2	100.000	20	0	0	1	20	562	543	7.3	37.4
Query_30727	XM_027625408.2	100.000	20	0	0	1	20	251	232	7.3	37.4


