# blastn
# Iteration: 0
# Query: 
# RID: 7RH93R83016
# Database: nt
# Fields: query acc.ver, subject acc.ver, % identity, alignment length, mismatches, gap opens, q. start, q. end, s. start, s. end, evalue, bit score
# 101 hits found
Query_61037	XM_034941314.1	100.000	21	0	0	1	21	676	656	2.1	39.2
Query_61037	XR_004430887.1	100.000	21	0	0	1	21	407	387	2.1	39.2
Query_61037	XR_004430886.1	100.000	21	0	0	1	21	660	640	2.1	39.2
Query_61037	XR_004430885.1	100.000	21	0	0	1	21	630	610	2.1	39.2
Query_61037	XR_004430884.1	100.000	21	0	0	1	21	536	516	2.1	39.2
Query_61037	XR_004430883.1	100.000	21	0	0	1	21	507	487	2.1	39.2
Query_61037	XM_033185036.1	100.000	21	0	0	1	21	691	671	2.1	39.2
Query_61037	XM_032138345.1	100.000	21	0	0	1	21	694	674	2.1	39.2
Query_61037	XM_023184506.2	100.000	21	0	0	1	21	682	662	2.1	39.2
Query_61037	XR_004179314.1	100.000	21	0	0	1	21	1015	995	2.1	39.2
Query_61037	XR_004179313.1	100.000	21	0	0	1	21	407	387	2.1	39.2
Query_61037	XM_003912123.3	100.000	21	0	0	1	21	685	665	2.1	39.2
Query_61037	XM_017950278.3	100.000	21	0	0	1	21	523	503	2.1	39.2
Query_61037	XM_004058312.3	100.000	21	0	0	1	21	685	665	2.1	39.2
Query_61037	XM_010382186.2	100.000	21	0	0	1	21	685	665	2.1	39.2
Query_61037	XM_030800357.1	100.000	21	0	0	1	21	685	665	2.1	39.2
Query_61037	XR_001440232.2	100.000	21	0	0	1	21	778	758	2.1	39.2
Query_61037	XR_001440230.2	100.000	21	0	0	1	21	551	531	2.1	39.2
Query_61037	XM_015118270.2	100.000	21	0	0	1	21	680	660	2.1	39.2
Query_61037	XM_028835904.1	100.000	21	0	0	1	21	408	388	2.1	39.2
Query_61037	CP034495.1	100.000	21	0	0	1	21	4192628	4192648	2.1	39.2
Query_61037	CP034495.1	100.000	21	0	0	1	21	84372897	84372917	2.1	39.2
Query_61037	XM_025362958.1	100.000	21	0	0	1	21	685	665	2.1	39.2
Query_61037	XR_981472.2	100.000	21	0	0	1	21	452	432	2.1	39.2
Query_61037	XR_003016002.1	100.000	21	0	0	1	21	555	535	2.1	39.2
Query_61037	XR_981462.2	100.000	21	0	0	1	21	977	957	2.1	39.2
Query_61037	XR_003015996.1	100.000	21	0	0	1	21	831	811	2.1	39.2
Query_61037	XR_981464.2	100.000	21	0	0	1	21	1009	989	2.1	39.2
Query_61037	XM_024790008.1	100.000	21	0	0	1	21	1428	1408	2.1	39.2
Query_61037	XM_009431600.3	100.000	21	0	0	1	21	311	291	2.1	39.2
Query_61037	XM_016931252.2	100.000	21	0	0	1	21	685	665	2.1	39.2
Query_61037	XM_002826864.4	100.000	21	0	0	1	21	685	665	2.1	39.2
Query_61037	XM_021671288.1	100.000	21	0	0	1	21	279	259	2.1	39.2
Query_61037	LT734953.1	100.000	21	0	0	1	21	810	790	2.1	39.2
Query_61037	XM_017860189.1	100.000	21	0	0	1	21	697	677	2.1	39.2
Query_61037	XR_981471.1	100.000	21	0	0	1	21	437	417	2.1	39.2
Query_61037	XR_981470.1	100.000	21	0	0	1	21	437	417	2.1	39.2
Query_61037	XR_981467.1	100.000	21	0	0	1	21	678	658	2.1	39.2
Query_61037	XM_011725127.1	100.000	21	0	0	1	21	685	665	2.1	39.2
Query_61037	XR_001014219.1	100.000	21	0	0	1	21	434	414	2.1	39.2
Query_61037	XR_001014218.1	100.000	21	0	0	1	21	1038	1018	2.1	39.2
Query_61037	XR_001014217.1	100.000	21	0	0	1	21	1069	1049	2.1	39.2
Query_61037	XR_001014215.1	100.000	21	0	0	1	21	463	443	2.1	39.2
Query_61037	XR_001014214.1	100.000	21	0	0	1	21	407	387	2.1	39.2
Query_61037	XR_001014213.1	100.000	21	0	0	1	21	437	417	2.1	39.2
Query_61037	XM_012055657.1	100.000	21	0	0	1	21	685	665	2.1	39.2
Query_61037	XM_011947503.1	100.000	21	0	0	1	21	488	468	2.1	39.2
Query_61037	XM_011980458.1	100.000	21	0	0	1	21	491	471	2.1	39.2
Query_61037	KJ892344.1	100.000	21	0	0	1	21	388	368	2.1	39.2
Query_61037	XM_039476665.1	100.000	21	0	0	1	21	706	686	2.1	39.2
Query_61037	CP068261.1	100.000	21	0	0	1	21	4178887	4178907	2.1	39.2
Query_61037	XR_005236751.1	100.000	21	0	0	1	21	517	497	2.1	39.2
Query_61037	XR_005236750.1	100.000	21	0	0	1	21	505	485	2.1	39.2
Query_61037	XM_008009911.2	100.000	21	0	0	1	21	689	669	2.1	39.2
Query_61037	AP023477.1	100.000	21	0	0	1	21	4362784	4362804	2.1	39.2
Query_61037	NM_003342.5	100.000	21	0	0	1	21	682	662	2.1	39.2
Query_61037	XR_004743113.1	100.000	21	0	0	1	21	774	754	2.1	39.2
Query_61037	XM_002747845.5	100.000	21	0	0	1	21	695	675	2.1	39.2
Query_61037	AK313059.1	100.000	21	0	0	1	21	528	508	2.1	39.2
Query_61037	BC026288.1	100.000	21	0	0	1	21	489	469	2.1	39.2
Query_61037	BT008255.1	100.000	21	0	0	1	21	323	303	2.1	39.2
Query_61037	BT007416.1	100.000	21	0	0	1	21	323	303	2.1	39.2
Query_61037	NM_001283400.1	100.000	21	0	0	1	21	512	492	2.1	39.2
Query_61037	AC087742.9	100.000	21	0	0	1	21	30537	30517	2.1	39.2
Query_61037	BC002775.2	100.000	21	0	0	1	21	580	560	2.1	39.2
Query_61037	D78514.1	100.000	21	0	0	1	21	341	321	2.1	39.2
Query_61037	XR_004676345.1	100.000	20	0	0	1	20	629	610	7.3	37.4
Query_61037	XM_034989324.1	100.000	20	0	0	1	20	627	608	7.3	37.4
Query_61037	CP050604.1	100.000	20	0	0	1	20	2250554	2250535	7.3	37.4
Query_61037	CP050644.1	100.000	20	0	0	1	20	2251509	2251490	7.3	37.4
Query_61037	XM_032498029.1	100.000	20	0	0	1	20	684	665	7.3	37.4
Query_61037	XM_032431655.1	100.000	20	0	0	1	20	683	664	7.3	37.4
Query_61037	XM_031469532.1	100.000	20	0	0	1	20	684	665	7.3	37.4
Query_61037	XM_006748196.2	100.000	20	0	0	1	20	338	319	7.3	37.4
Query_61037	XM_028498186.1	100.000	20	0	0	1	20	690	671	7.3	37.4
Query_61037	XM_027922643.1	100.000	20	0	0	1	20	647	628	7.3	37.4
Query_61037	XR_003580586.1	100.000	20	0	0	1	20	326	307	7.3	37.4
Query_61037	CP071563.1	100.000	20	0	0	1	20	51365703	51365722	7.3	37.4
Query_61037	XM_040270543.1	100.000	20	0	0	1	20	857	838	7.3	37.4
Query_61037	XR_005721604.1	100.000	20	0	0	1	20	730	711	7.3	37.4
Query_61037	XR_005721603.1	100.000	20	0	0	1	20	760	741	7.3	37.4
Query_61037	XM_040243712.1	100.000	20	0	0	1	20	694	675	7.3	37.4
Query_61037	HG994385.1	100.000	20	0	0	1	20	31014514	31014533	7.3	37.4
Query_61037	XM_038665135.1	100.000	20	0	0	1	20	317	298	7.3	37.4
Query_61037	XM_038665134.1	100.000	20	0	0	1	20	430	411	7.3	37.4
Query_61037	XM_038512865.1	100.000	20	0	0	1	20	317	298	7.3	37.4
Query_61037	XM_038512854.1	100.000	20	0	0	1	20	430	411	7.3	37.4
Query_61037	XM_037810445.1	100.000	20	0	0	1	20	668	649	7.3	37.4
Query_61037	XM_037801494.1	100.000	20	0	0	1	20	495	476	7.3	37.4
Query_61037	XM_037495089.1	100.000	20	0	0	1	20	650	631	7.3	37.4
Query_61037	XM_037022823.1	100.000	20	0	0	1	20	412	393	7.3	37.4
Query_61037	XM_036887031.1	100.000	20	0	0	1	20	417	398	7.3	37.4
Query_61037	XM_036078415.1	100.000	20	0	0	1	20	646	627	7.3	37.4
Query_61037	XM_036078414.1	100.000	20	0	0	1	20	446	427	7.3	37.4
Query_61037	XM_036078412.1	100.000	20	0	0	1	20	446	427	7.3	37.4
Query_61037	XM_035716269.1	100.000	20	0	0	1	20	317	298	7.3	37.4
Query_61037	XM_035716268.1	100.000	20	0	0	1	20	431	412	7.3	37.4
Query_61037	XM_027625410.2	100.000	20	0	0	1	20	656	637	7.3	37.4
Query_61037	XM_027625409.2	100.000	20	0	0	1	20	787	768	7.3	37.4
Query_61037	XM_027625408.2	100.000	20	0	0	1	20	476	457	7.3	37.4
Query_61037	XM_027625406.2	100.000	20	0	0	1	20	476	457	7.3	37.4


