# blastn
# Iteration: 0
# Query: 
# RID: 9R2997BT013
# Database: nt
# Fields: query acc.ver, subject acc.ver, % identity, alignment length, mismatches, gap opens, q. start, q. end, s. start, s. end, evalue, bit score
# 42 hits found
Query_5209	XM_034509418.1	100.000	21	0	0	1	21	537	517	2.1	39.2
Query_5209	XM_032915907.1	100.000	21	0	0	1	21	540	520	2.1	39.2
Query_5209	XM_031341898.1	100.000	21	0	0	1	21	522	502	2.1	39.2
Query_5209	XM_021210658.2	100.000	21	0	0	1	21	512	492	2.1	39.2
Query_5209	XM_021163845.2	100.000	21	0	0	1	21	510	490	2.1	39.2
Query_5209	JN960283.1	100.000	21	0	0	1	21	468	488	2.1	39.2
Query_5209	JN956630.1	100.000	21	0	0	1	21	468	488	2.1	39.2
Query_5209	FQ214550.1	100.000	21	0	0	1	21	496	476	2.1	39.2
Query_5209	FQ216757.1	100.000	21	0	0	1	21	496	476	2.1	39.2
Query_5209	FQ213111.1	100.000	21	0	0	1	21	497	477	2.1	39.2
Query_5209	FQ225334.1	100.000	21	0	0	1	21	497	477	2.1	39.2
Query_5209	FQ228750.1	100.000	21	0	0	1	21	496	476	2.1	39.2
Query_5209	FQ213948.1	100.000	21	0	0	1	21	184	164	2.1	39.2
Query_5209	NG_006685.3	100.000	21	0	0	1	21	569	549	2.1	39.2
Query_5209	NM_026242.3	100.000	21	0	0	1	21	515	495	2.1	39.2
Query_5209	AC169036.3	100.000	21	0	0	1	21	132454	132474	2.1	39.2
Query_5209	BC085488.1	100.000	21	0	0	1	21	360	340	2.1	39.2
Query_5209	AC114605.11	100.000	21	0	0	1	21	109378	109358	2.1	39.2
Query_5209	AF526268.1	100.000	21	0	0	1	21	426	406	2.1	39.2
Query_5209	AC112683.10	100.000	21	0	0	1	21	194059	194039	2.1	39.2
Query_5209	AC139214.12	100.000	21	0	0	1	21	1091	1071	2.1	39.2
Query_5209	AY325216.1	100.000	21	0	0	1	21	4326	4306	2.1	39.2
Query_5209	AK170984.1	100.000	21	0	0	1	21	498	478	2.1	39.2
Query_5209	AK170909.1	100.000	21	0	0	1	21	492	472	2.1	39.2
Query_5209	AK170789.1	100.000	21	0	0	1	21	466	446	2.1	39.2
Query_5209	AK159464.1	100.000	21	0	0	1	21	503	483	2.1	39.2
Query_5209	AK167112.1	100.000	21	0	0	1	21	497	477	2.1	39.2
Query_5209	AK087716.1	100.000	21	0	0	1	21	14	34	2.1	39.2
Query_5209	AK018675.1	100.000	21	0	0	1	21	466	446	2.1	39.2
Query_5209	AK017832.1	100.000	21	0	0	1	21	497	477	2.1	39.2
Query_5209	AK009827.1	100.000	21	0	0	1	21	470	450	2.1	39.2
Query_5209	AK005313.1	100.000	21	0	0	1	21	503	483	2.1	39.2
Query_5209	AC154476.2	100.000	21	0	0	1	21	78709	78729	2.1	39.2
Query_5209	NM_001009264.1	100.000	21	0	0	1	21	476	456	2.1	39.2
Query_5209	BC010209.1	100.000	21	0	0	1	21	484	464	2.1	39.2
Query_5209	AB041651.1	100.000	21	0	0	1	21	497	477	2.1	39.2
Query_5209	XM_005848128.1	100.000	20	0	0	1	20	402	383	7.5	37.4
Query_5209	FR997826.1	100.000	20	0	0	1	20	4193664	4193645	7.5	37.4
Query_5209	FR989896.1	100.000	20	0	0	1	20	9889420	9889439	7.5	37.4
Query_5209	HG996489.1	100.000	20	0	0	1	20	12227008	12227027	7.5	37.4
Query_5209	LR990957.1	100.000	20	0	0	1	20	3237604	3237585	7.5	37.4
Query_5209	BX022258.1	100.000	20	0	0	2	21	477	496	7.5	37.4


