# blastn
# Iteration: 0
# Query: 
# RID: 8YDSX8K3016
# Database: nt
# Fields: query acc.ver, subject acc.ver, % identity, alignment length, mismatches, gap opens, q. start, q. end, s. start, s. end, evalue, bit score
# 100 hits found
Query_39441	XM_034962171.1	100.000	21	0	0	1	21	2440	2420	2.1	39.2
Query_39441	XM_008958732.2	100.000	21	0	0	1	21	2642	2622	2.1	39.2
Query_39441	XM_003833230.2	100.000	21	0	0	1	21	2613	2593	2.1	39.2
Query_39441	NM_018426.3	100.000	21	0	0	1	21	2604	2584	2.1	39.2
Query_39441	XM_024446482.1	100.000	21	0	0	1	21	2872	2852	2.1	39.2
Query_39441	XM_009451354.3	100.000	21	0	0	1	21	2676	2656	2.1	39.2
Query_39441	XM_016955600.2	100.000	21	0	0	1	21	2645	2625	2.1	39.2
Query_39441	XM_016955605.2	100.000	21	0	0	1	21	2825	2805	2.1	39.2
Query_39441	XM_024357229.1	100.000	21	0	0	1	21	2542	2522	2.1	39.2
Query_39441	XM_016955604.2	100.000	21	0	0	1	21	2655	2635	2.1	39.2
Query_39441	XM_016955603.2	100.000	21	0	0	1	21	2865	2845	2.1	39.2
Query_39441	XM_016955602.2	100.000	21	0	0	1	21	2598	2578	2.1	39.2
Query_39441	XM_016955601.2	100.000	21	0	0	1	21	2934	2914	2.1	39.2
Query_39441	XM_017011002.1	100.000	21	0	0	1	21	2645	2625	2.1	39.2
Query_39441	XM_017011001.1	100.000	21	0	0	1	21	2542	2522	2.1	39.2
Query_39441	XM_005249215.4	100.000	21	0	0	1	21	2803	2783	2.1	39.2
Query_39441	XM_005249214.4	100.000	21	0	0	1	21	2498	2478	2.1	39.2
Query_39441	XM_017011000.1	100.000	21	0	0	1	21	2842	2822	2.1	39.2
Query_39441	XM_005249213.4	100.000	21	0	0	1	21	2911	2891	2.1	39.2
Query_39441	XM_017010999.1	100.000	21	0	0	1	21	2861	2841	2.1	39.2
Query_39441	XM_005249211.3	100.000	21	0	0	1	21	2984	2964	2.1	39.2
Query_39441	NM_001318792.1	100.000	21	0	0	1	21	2638	2618	2.1	39.2
Query_39441	XM_006715135.1	100.000	21	0	0	1	21	2660	2640	2.1	39.2
Query_39441	XM_005249217.1	100.000	21	0	0	1	21	2676	2656	2.1	39.2
Query_39441	AB587502.1	100.000	21	0	0	1	21	2464	2444	2.1	39.2
Query_39441	BC136769.1	100.000	21	0	0	1	21	2480	2460	2.1	39.2
Query_39441	BC062989.1	100.000	21	0	0	1	21	1430	1410	2.1	39.2
Query_39441	BC022095.1	100.000	21	0	0	1	21	2241	2221	2.1	39.2
Query_39441	AL365192.22	100.000	21	0	0	1	21	35120	35100	2.1	39.2
Query_39441	CR627460.1	100.000	21	0	0	1	21	2639	2619	2.1	39.2
Query_39441	AL834238.1	100.000	21	0	0	1	21	1786	1766	2.1	39.2
Query_39441	AL353957.1	100.000	21	0	0	1	21	1062	1042	2.1	39.2
Query_39441	XM_040643530.1	100.000	20	0	0	1	20	2665	2646	7.4	37.4
Query_39441	XM_040643528.1	100.000	20	0	0	1	20	2804	2785	7.4	37.4
Query_39441	XM_040643527.1	100.000	20	0	0	1	20	2860	2841	7.4	37.4
Query_39441	XM_040473640.1	100.000	20	0	0	1	20	2563	2544	7.4	37.4
Query_39441	XM_040473639.1	100.000	20	0	0	1	20	2502	2483	7.4	37.4
Query_39441	XM_040473638.1	100.000	20	0	0	1	20	2605	2586	7.4	37.4
Query_39441	XR_005722721.1	100.000	20	0	0	1	20	3564	3545	7.4	37.4
Query_39441	XM_040249572.1	100.000	20	0	0	1	20	2553	2534	7.4	37.4
Query_39441	XM_040249571.1	100.000	20	0	0	1	20	2592	2573	7.4	37.4
Query_39441	XM_040249570.1	100.000	20	0	0	1	20	2556	2537	7.4	37.4
Query_39441	HG994392.1	100.000	20	0	0	1	20	13812563	13812544	7.4	37.4
Query_39441	XM_039466881.1	100.000	20	0	0	1	20	2728	2709	7.4	37.4
Query_39441	XM_010333936.2	100.000	20	0	0	1	20	2778	2759	7.4	37.4
Query_39441	XM_039466875.1	100.000	20	0	0	1	20	2604	2585	7.4	37.4
Query_39441	XM_039231230.1	100.000	20	0	0	1	20	2602	2583	7.4	37.4
Query_39441	XM_039084826.1	100.000	20	0	0	1	20	2648	2629	7.4	37.4
Query_39441	XM_006244582.4	100.000	20	0	0	1	20	2597	2578	7.4	37.4
Query_39441	XM_039084824.1	100.000	20	0	0	1	20	2629	2610	7.4	37.4
Query_39441	XM_003750650.5	100.000	20	0	0	1	20	2636	2617	7.4	37.4
Query_39441	XM_038683648.1	100.000	20	0	0	1	20	2554	2535	7.4	37.4
Query_39441	XM_038683647.1	100.000	20	0	0	1	20	2614	2595	7.4	37.4
Query_39441	XM_038683646.1	100.000	20	0	0	1	20	2596	2577	7.4	37.4
Query_39441	XM_005627398.4	100.000	20	0	0	1	20	2554	2535	7.4	37.4
Query_39441	XM_014118472.3	100.000	20	0	0	1	20	2614	2595	7.4	37.4
Query_39441	XM_846912.7	100.000	20	0	0	1	20	2596	2577	7.4	37.4
Query_39441	XM_007972423.2	100.000	20	0	0	1	20	2676	2657	7.4	37.4
Query_39441	XM_038006128.1	100.000	20	0	0	1	20	2701	2682	7.4	37.4
Query_39441	XM_038006127.1	100.000	20	0	0	1	20	2597	2578	7.4	37.4
Query_39441	XM_007972424.2	100.000	20	0	0	1	20	2740	2721	7.4	37.4
Query_39441	XM_007972422.2	100.000	20	0	0	1	20	2636	2617	7.4	37.4
Query_39441	XM_017547408.2	100.000	20	0	0	1	20	2583	2564	7.4	37.4
Query_39441	XM_037745344.1	100.000	20	0	0	1	20	2655	2636	7.4	37.4
Query_39441	XM_017547404.2	100.000	20	0	0	1	20	2624	2605	7.4	37.4
Query_39441	XM_017547403.2	100.000	20	0	0	1	20	2681	2662	7.4	37.4
Query_39441	XM_017547402.2	100.000	20	0	0	1	20	2599	2580	7.4	37.4
Query_39441	XM_037519798.1	100.000	20	0	0	1	20	2594	2575	7.4	37.4
Query_39441	XM_037519797.1	100.000	20	0	0	1	20	2527	2508	7.4	37.4
Query_39441	XM_028887108.2	100.000	20	0	0	1	20	2547	2528	7.4	37.4
Query_39441	XM_036868838.1	100.000	20	0	0	1	20	2219	2200	7.4	37.4
Query_39441	XM_036868837.1	100.000	20	0	0	1	20	2542	2523	7.4	37.4
Query_39441	XM_036868836.1	100.000	20	0	0	1	20	2563	2544	7.4	37.4
Query_39441	XM_036868835.1	100.000	20	0	0	1	20	2580	2561	7.4	37.4
Query_39441	XM_036868834.1	100.000	20	0	0	1	20	2739	2720	7.4	37.4
Query_39441	XM_036868833.1	100.000	20	0	0	1	20	2674	2655	7.4	37.4
Query_39441	XM_036868832.1	100.000	20	0	0	1	20	2757	2738	7.4	37.4
Query_39441	XM_036868831.1	100.000	20	0	0	1	20	2602	2583	7.4	37.4
Query_39441	XM_036414074.1	100.000	20	0	0	1	20	2582	2563	7.4	37.4
Query_39441	XM_036414072.1	100.000	20	0	0	1	20	2683	2664	7.4	37.4
Query_39441	XM_036414071.1	100.000	20	0	0	1	20	2621	2602	7.4	37.4
Query_39441	XM_036316794.1	100.000	20	0	0	1	20	2289	2270	7.4	37.4
Query_39441	XM_036316793.1	100.000	20	0	0	1	20	2328	2309	7.4	37.4
Query_39441	XM_036316792.1	100.000	20	0	0	1	20	2408	2389	7.4	37.4
Query_39441	XM_036316791.1	100.000	20	0	0	1	20	2562	2543	7.4	37.4
Query_39441	XM_036316790.1	100.000	20	0	0	1	20	2769	2750	7.4	37.4
Query_39441	XM_036316789.1	100.000	20	0	0	1	20	2601	2582	7.4	37.4
Query_39441	XM_036248030.1	100.000	20	0	0	1	20	2596	2577	7.4	37.4
Query_39441	XM_036248029.1	100.000	20	0	0	1	20	2627	2608	7.4	37.4
Query_39441	XM_036218440.1	100.000	20	0	0	1	20	2484	2465	7.4	37.4
Query_39441	XM_036218439.1	100.000	20	0	0	1	20	2733	2714	7.4	37.4
Query_39441	XM_016128649.2	100.000	20	0	0	1	20	2585	2566	7.4	37.4
Query_39441	XM_016128651.2	100.000	20	0	0	1	20	2573	2554	7.4	37.4
Query_39441	XM_016128648.2	100.000	20	0	0	1	20	2612	2593	7.4	37.4
Query_39441	XM_036167119.1	100.000	20	0	0	1	20	2588	2569	7.4	37.4
Query_39441	XM_036167118.1	100.000	20	0	0	1	20	2627	2608	7.4	37.4
Query_39441	XR_001782067.3	100.000	20	0	0	1	20	2543	2524	7.4	37.4
Query_39441	XM_030249734.2	100.000	20	0	0	1	20	2664	2645	7.4	37.4
Query_39441	XM_006524139.3	100.000	20	0	0	1	20	2811	2792	7.4	37.4
Query_39441	XM_006524138.5	100.000	20	0	0	1	20	2633	2614	7.4	37.4


