# blastn
# Iteration: 0
# Query: 
# RID: 72CMZET501R
# Database: nt
# Fields: query acc.ver, subject acc.ver, % identity, alignment length, mismatches, gap opens, q. start, q. end, s. start, s. end, evalue, bit score
# 43 hits found
Query_295691	XM_032910158.1	100.000	21	0	0	1	21	274	254	2.0	39.2
Query_295691	XM_022659079.1	100.000	21	0	0	1	21	298	278	2.0	39.2
Query_295691	NM_012864.2	100.000	21	0	0	1	21	280	260	2.0	39.2
Query_295691	L24374.1	100.000	21	0	0	1	21	294	274	2.0	39.2
Query_295691	X07821.1	100.000	21	0	0	1	21	169	149	2.0	39.2
Query_295691	XM_035129519.1	100.000	20	0	0	1	20	847	828	7.1	37.4
Query_295691	XM_035129518.1	100.000	20	0	0	1	20	847	828	7.1	37.4
Query_295691	XM_009109279.3	100.000	20	0	0	1	20	778	759	7.1	37.4
Query_295691	XM_033166147.1	100.000	20	0	0	1	20	899	880	7.1	37.4
Query_295691	XM_033166146.1	100.000	20	0	0	1	20	899	880	7.1	37.4
Query_295691	XM_029443634.1	100.000	20	0	0	1	20	1419	1400	7.1	37.4
Query_295691	XM_029443633.1	100.000	20	0	0	1	20	1419	1400	7.1	37.4
Query_295691	XM_029443632.1	100.000	20	0	0	1	20	1421	1402	7.1	37.4
Query_295691	XM_028750497.1	100.000	20	0	0	1	20	717	698	7.1	37.4
Query_295691	XM_028750495.1	100.000	20	0	0	1	20	1996	1977	7.1	37.4
Query_295691	XM_028750494.1	100.000	20	0	0	1	20	780	761	7.1	37.4
Query_295691	XM_028750493.1	100.000	20	0	0	1	20	780	761	7.1	37.4
Query_295691	LR131918.1	100.000	20	0	0	1	20	4383968	4383987	7.1	37.4
Query_295691	LR031875.1	100.000	20	0	0	1	20	55149166	55149147	7.1	37.4
Query_295691	LR031577.1	100.000	20	0	0	1	20	12624917	12624898	7.1	37.4
Query_295691	XM_023780879.1	100.000	20	0	0	1	20	718	699	7.1	37.4
Query_295691	XM_006288479.2	100.000	20	0	0	1	20	705	686	7.1	37.4
Query_295691	XM_013866812.2	100.000	20	0	0	1	20	723	704	7.1	37.4
Query_295691	XM_013827645.2	100.000	20	0	0	1	20	728	709	7.1	37.4
Query_295691	XM_020781099.1	100.000	20	0	0	1	20	838	819	7.1	37.4
Query_295691	XM_020781090.1	100.000	20	0	0	1	20	897	878	7.1	37.4
Query_295691	XM_010494411.2	100.000	20	0	0	1	20	706	687	7.1	37.4
Query_295691	XM_008112649.2	100.000	20	0	0	1	20	856	837	7.1	37.4
Query_295691	XM_008112647.2	100.000	20	0	0	1	20	908	889	7.1	37.4
Query_295691	XM_016994366.1	100.000	20	0	0	1	20	909	890	7.1	37.4
Query_295691	XM_003222025.3	100.000	20	0	0	1	20	1074	1055	7.1	37.4
Query_295691	XM_015418864.1	100.000	20	0	0	1	20	801	782	7.1	37.4
Query_295691	XM_015418863.1	100.000	20	0	0	1	20	801	782	7.1	37.4
Query_295691	XM_015418862.1	100.000	20	0	0	1	20	801	782	7.1	37.4
Query_295691	XM_015418861.1	100.000	20	0	0	1	20	801	782	7.1	37.4
Query_295691	XM_013753407.1	100.000	20	0	0	1	20	724	705	7.1	37.4
Query_295691	HG994373.1	100.000	20	0	0	1	20	56997760	56997741	7.1	37.4
Query_295691	HG994364.1	100.000	20	0	0	1	20	15705676	15705657	7.1	37.4
Query_295691	XM_038724583.1	100.000	20	0	0	1	20	1328	1309	7.1	37.4
Query_295691	XM_038724581.1	100.000	20	0	0	1	20	1328	1309	7.1	37.4
Query_295691	XM_038724580.1	100.000	20	0	0	1	20	1330	1311	7.1	37.4
Query_295691	XM_036494528.1	100.000	20	0	0	2	21	128	109	7.1	37.4
Query_295691	XM_036494527.1	100.000	20	0	0	2	21	128	109	7.1	37.4


