# blastn
# Iteration: 0
# Query: 
# RID: 7RGEB4FD016
# Database: nt
# Fields: query acc.ver, subject acc.ver, % identity, alignment length, mismatches, gap opens, q. start, q. end, s. start, s. end, evalue, bit score
# 101 hits found
Query_25925	XM_034941314.1	100.000	21	0	0	1	21	776	756	2.1	39.2
Query_25925	CP050604.1	100.000	21	0	0	1	21	2250654	2250634	2.1	39.2
Query_25925	CP050644.1	100.000	21	0	0	1	21	2251609	2251589	2.1	39.2
Query_25925	XR_004430887.1	100.000	21	0	0	1	21	507	487	2.1	39.2
Query_25925	XR_004430886.1	100.000	21	0	0	1	21	760	740	2.1	39.2
Query_25925	XR_004430885.1	100.000	21	0	0	1	21	730	710	2.1	39.2
Query_25925	XR_004430884.1	100.000	21	0	0	1	21	636	616	2.1	39.2
Query_25925	XR_004430883.1	100.000	21	0	0	1	21	607	587	2.1	39.2
Query_25925	XM_033185036.1	100.000	21	0	0	1	21	791	771	2.1	39.2
Query_25925	XM_032498029.1	100.000	21	0	0	1	21	784	764	2.1	39.2
Query_25925	XM_032271694.1	100.000	21	0	0	1	21	372	352	2.1	39.2
Query_25925	XR_004262992.1	100.000	21	0	0	1	21	436	416	2.1	39.2
Query_25925	XM_032138345.1	100.000	21	0	0	1	21	794	774	2.1	39.2
Query_25925	XM_023184506.2	100.000	21	0	0	1	21	782	762	2.1	39.2
Query_25925	XR_004179314.1	100.000	21	0	0	1	21	1115	1095	2.1	39.2
Query_25925	XR_004179313.1	100.000	21	0	0	1	21	507	487	2.1	39.2
Query_25925	XM_003912123.3	100.000	21	0	0	1	21	785	765	2.1	39.2
Query_25925	XM_017950278.3	100.000	21	0	0	1	21	623	603	2.1	39.2
Query_25925	XM_031469532.1	100.000	21	0	0	1	21	784	764	2.1	39.2
Query_25925	XM_004058312.3	100.000	21	0	0	1	21	785	765	2.1	39.2
Query_25925	XM_010382186.2	100.000	21	0	0	1	21	785	765	2.1	39.2
Query_25925	XM_030880922.1	100.000	21	0	0	1	21	481	461	2.1	39.2
Query_25925	XM_030800357.1	100.000	21	0	0	1	21	785	765	2.1	39.2
Query_25925	XR_001440232.2	100.000	21	0	0	1	21	878	858	2.1	39.2
Query_25925	XR_001440230.2	100.000	21	0	0	1	21	651	631	2.1	39.2
Query_25925	XM_015118270.2	100.000	21	0	0	1	21	780	760	2.1	39.2
Query_25925	XM_028835904.1	100.000	21	0	0	1	21	508	488	2.1	39.2
Query_25925	XM_028534147.1	100.000	21	0	0	1	21	780	760	2.1	39.2
Query_25925	XM_028498186.1	100.000	21	0	0	1	21	790	770	2.1	39.2
Query_25925	XR_003614222.1	100.000	21	0	0	1	21	1008	988	2.1	39.2
Query_25925	XM_008156752.2	100.000	21	0	0	1	21	767	747	2.1	39.2
Query_25925	XM_028133010.1	100.000	21	0	0	1	21	1108	1088	2.1	39.2
Query_25925	XM_028133009.1	100.000	21	0	0	1	21	990	970	2.1	39.2
Query_25925	XR_003614221.1	100.000	21	0	0	1	21	1081	1061	2.1	39.2
Query_25925	XM_028133008.1	100.000	21	0	0	1	21	1078	1058	2.1	39.2
Query_25925	XR_003590717.1	100.000	21	0	0	1	21	831	811	2.1	39.2
Query_25925	XM_027975112.1	100.000	21	0	0	1	21	794	774	2.1	39.2
Query_25925	CP034495.1	100.000	21	0	0	1	21	4192528	4192548	2.1	39.2
Query_25925	CP034495.1	100.000	21	0	0	1	21	84372797	84372817	2.1	39.2
Query_25925	XM_026005210.1	100.000	21	0	0	1	21	426	406	2.1	39.2
Query_25925	XM_025362958.1	100.000	21	0	0	1	21	785	765	2.1	39.2
Query_25925	XM_025280830.1	100.000	21	0	0	1	21	399	379	2.1	39.2
Query_25925	XM_006079676.2	100.000	21	0	0	1	21	745	725	2.1	39.2
Query_25925	XM_006922213.3	100.000	21	0	0	1	21	906	886	2.1	39.2
Query_25925	XR_981472.2	100.000	21	0	0	1	21	552	532	2.1	39.2
Query_25925	XR_003016002.1	100.000	21	0	0	1	21	655	635	2.1	39.2
Query_25925	XR_981462.2	100.000	21	0	0	1	21	1077	1057	2.1	39.2
Query_25925	XR_003015996.1	100.000	21	0	0	1	21	931	911	2.1	39.2
Query_25925	XR_981464.2	100.000	21	0	0	1	21	1109	1089	2.1	39.2
Query_25925	XM_024790008.1	100.000	21	0	0	1	21	1528	1508	2.1	39.2
Query_25925	XM_009431600.3	100.000	21	0	0	1	21	411	391	2.1	39.2
Query_25925	XM_016931252.2	100.000	21	0	0	1	21	785	765	2.1	39.2
Query_25925	XR_002826840.1	100.000	21	0	0	1	21	744	724	2.1	39.2
Query_25925	XM_006105276.3	100.000	21	0	0	1	21	741	721	2.1	39.2
Query_25925	XM_006093772.3	100.000	21	0	0	1	21	640	620	2.1	39.2
Query_25925	XM_023530459.1	100.000	21	0	0	1	21	372	352	2.1	39.2
Query_25925	XM_023530458.1	100.000	21	0	0	1	21	426	406	2.1	39.2
Query_25925	XM_003799047.3	100.000	21	0	0	1	21	783	763	2.1	39.2
Query_25925	XM_008047888.2	100.000	21	0	0	1	21	790	770	2.1	39.2
Query_25925	XM_021671288.1	100.000	21	0	0	1	21	379	359	2.1	39.2
Query_25925	XR_002313662.1	100.000	21	0	0	1	21	804	784	2.1	39.2
Query_25925	XM_020882859.1	100.000	21	0	0	1	21	733	713	2.1	39.2
Query_25925	XR_001157657.2	100.000	21	0	0	1	21	1082	1062	2.1	39.2
Query_25925	XR_001157656.2	100.000	21	0	0	1	21	1114	1094	2.1	39.2
Query_25925	XR_001157655.2	100.000	21	0	0	1	21	655	635	2.1	39.2
Query_25925	FR997757.1	100.000	21	0	0	1	21	1476088	1476068	2.1	39.2
Query_25925	XM_040270543.1	100.000	21	0	0	1	21	957	937	2.1	39.2
Query_25925	XR_005721604.1	100.000	21	0	0	1	21	830	810	2.1	39.2
Query_25925	XR_005721603.1	100.000	21	0	0	1	21	860	840	2.1	39.2
Query_25925	XM_040243712.1	100.000	21	0	0	1	21	794	774	2.1	39.2
Query_25925	HG994385.1	100.000	21	0	0	1	21	31014414	31014434	2.1	39.2
Query_25925	XR_005658082.1	100.000	21	0	0	1	21	608	588	2.1	39.2
Query_25925	XM_039886420.1	100.000	21	0	0	1	21	777	757	2.1	39.2
Query_25925	XM_039476665.1	100.000	21	0	0	1	21	806	786	2.1	39.2
Query_25925	CP068261.1	100.000	21	0	0	1	21	4178787	4178807	2.1	39.2
Query_25925	XM_038665135.1	100.000	21	0	0	1	21	417	397	2.1	39.2
Query_25925	XM_038665134.1	100.000	21	0	0	1	21	530	510	2.1	39.2
Query_25925	XM_038512865.1	100.000	21	0	0	1	21	417	397	2.1	39.2
Query_25925	XM_038512854.1	100.000	21	0	0	1	21	530	510	2.1	39.2
Query_25925	XR_005236751.1	100.000	21	0	0	1	21	617	597	2.1	39.2
Query_25925	XR_005236750.1	100.000	21	0	0	1	21	605	585	2.1	39.2
Query_25925	XM_008009911.2	100.000	21	0	0	1	21	789	769	2.1	39.2
Query_25925	XM_017512180.2	100.000	21	0	0	1	21	778	758	2.1	39.2
Query_25925	XM_037495089.1	100.000	21	0	0	1	21	750	730	2.1	39.2
Query_25925	XM_037133033.1	100.000	21	0	0	1	21	783	763	2.1	39.2
Query_25925	XM_037022823.1	100.000	21	0	0	1	21	512	492	2.1	39.2
Query_25925	XM_036887031.1	100.000	21	0	0	1	21	517	497	2.1	39.2
Query_25925	XM_036452373.1	100.000	21	0	0	1	21	778	758	2.1	39.2
Query_25925	XM_036341263.1	100.000	21	0	0	1	21	568	548	2.1	39.2
Query_25925	XM_036341262.1	100.000	21	0	0	1	21	741	721	2.1	39.2
Query_25925	XM_036341261.1	100.000	21	0	0	1	21	513	493	2.1	39.2
Query_25925	XM_036341260.1	100.000	21	0	0	1	21	522	502	2.1	39.2
Query_25925	XM_036268448.1	100.000	21	0	0	1	21	679	659	2.1	39.2
Query_25925	XM_016138806.2	100.000	21	0	0	1	21	891	871	2.1	39.2
Query_25925	AP023477.1	100.000	21	0	0	1	21	4362684	4362704	2.1	39.2
Query_25925	NM_003342.5	100.000	21	0	0	1	21	782	762	2.1	39.2
Query_25925	XM_035716269.1	100.000	21	0	0	1	21	417	397	2.1	39.2
Query_25925	XM_035716268.1	100.000	21	0	0	1	21	531	511	2.1	39.2
Query_25925	LR862372.1	100.000	21	0	0	1	21	13639379	13639359	2.1	39.2
Query_25925	XR_004743113.1	100.000	21	0	0	1	21	874	854	2.1	39.2
Query_25925	XM_002747845.5	100.000	21	0	0	1	21	795	775	2.1	39.2


