# blastn
# Iteration: 0
# Query: 
# RID: 9R1WW8B0013
# Database: nt
# Fields: query acc.ver, subject acc.ver, % identity, alignment length, mismatches, gap opens, q. start, q. end, s. start, s. end, evalue, bit score
# 41 hits found
Query_44831	XM_032915907.1	100.000	21	0	0	1	21	1136	1116	2.1	39.2
Query_44831	XM_021163845.2	100.000	21	0	0	1	21	1130	1110	2.1	39.2
Query_44831	XM_005365945.3	100.000	21	0	0	1	21	1099	1079	2.1	39.2
Query_44831	XM_006985601.2	100.000	21	0	0	1	21	1135	1115	2.1	39.2
Query_44831	XM_038339243.1	100.000	21	0	0	1	21	1130	1110	2.1	39.2
Query_44831	XM_028882342.2	100.000	21	0	0	1	21	1142	1122	2.1	39.2
Query_44831	LR877238.1	100.000	21	0	0	1	21	51282485	51282505	2.1	39.2
Query_44831	LR877238.1	100.000	21	0	0	1	21	51314859	51314879	2.1	39.2
Query_44831	LR877238.1	100.000	21	0	0	1	21	51617334	51617314	2.1	39.2
Query_44831	LR877238.1	100.000	21	0	0	1	21	51649691	51649671	2.1	39.2
Query_44831	LR877210.1	100.000	21	0	0	1	21	9865117	9865097	2.1	39.2
Query_44831	LR877197.1	100.000	21	0	0	1	21	31003205	31003225	2.1	39.2
Query_44831	FQ214550.1	100.000	21	0	0	1	21	1096	1076	2.1	39.2
Query_44831	FQ216757.1	100.000	21	0	0	1	21	1101	1081	2.1	39.2
Query_44831	FQ213111.1	100.000	21	0	0	1	21	1097	1077	2.1	39.2
Query_44831	FQ225334.1	100.000	21	0	0	1	21	1098	1078	2.1	39.2
Query_44831	FQ228750.1	100.000	21	0	0	1	21	1096	1076	2.1	39.2
Query_44831	FQ213948.1	100.000	21	0	0	1	21	785	765	2.1	39.2
Query_44831	NG_006685.3	100.000	21	0	0	1	21	1177	1157	2.1	39.2
Query_44831	NM_026242.3	100.000	21	0	0	1	21	1125	1105	2.1	39.2
Query_44831	AC169036.3	100.000	21	0	0	1	21	131586	131606	2.1	39.2
Query_44831	BC085488.1	100.000	21	0	0	1	21	970	950	2.1	39.2
Query_44831	AC114605.11	100.000	21	0	0	1	21	110246	110226	2.1	39.2
Query_44831	AC112683.10	100.000	21	0	0	1	21	194667	194647	2.1	39.2
Query_44831	AC139214.12	100.000	21	0	0	1	21	1699	1679	2.1	39.2
Query_44831	AK170984.1	100.000	21	0	0	1	21	1107	1087	2.1	39.2
Query_44831	AK170909.1	100.000	21	0	0	1	21	1103	1083	2.1	39.2
Query_44831	AK170789.1	100.000	21	0	0	1	21	1075	1055	2.1	39.2
Query_44831	AK159464.1	100.000	21	0	0	1	21	1114	1094	2.1	39.2
Query_44831	AK167112.1	100.000	21	0	0	1	21	1106	1086	2.1	39.2
Query_44831	AK020049.1	100.000	21	0	0	1	21	1093	1073	2.1	39.2
Query_44831	AK018675.1	100.000	21	0	0	1	21	1075	1055	2.1	39.2
Query_44831	AK017832.1	100.000	21	0	0	1	21	1107	1087	2.1	39.2
Query_44831	AK009827.1	100.000	21	0	0	1	21	1083	1063	2.1	39.2
Query_44831	AK005313.1	100.000	21	0	0	1	21	1117	1097	2.1	39.2
Query_44831	AC154476.2	100.000	21	0	0	1	21	78101	78121	2.1	39.2
Query_44831	NM_001009264.1	100.000	21	0	0	1	21	1076	1056	2.1	39.2
Query_44831	BC010209.1	100.000	21	0	0	1	21	1094	1074	2.1	39.2
Query_44831	AB041651.1	100.000	21	0	0	1	21	1105	1085	2.1	39.2
Query_44831	XM_034509418.1	100.000	20	0	0	2	21	1166	1147	7.5	37.4
Query_44831	XM_028758232.1	100.000	20	0	0	2	21	1111	1092	7.5	37.4


