# blastn
# Iteration: 0
# Query: 
# RID: 9PY4GDWY01N
# Database: nt
# Fields: query acc.ver, subject acc.ver, % identity, alignment length, mismatches, gap opens, q. start, q. end, s. start, s. end, evalue, bit score
# 100 hits found
Query_535127	XM_034987846.1	100.000	21	0	0	1	21	525	505	2.1	39.2
Query_535127	XM_035027346.1	100.000	21	0	0	1	21	1648	1628	2.1	39.2
Query_535127	XM_035018911.1	100.000	21	0	0	1	21	460	440	2.1	39.2
Query_535127	XM_035017486.1	100.000	21	0	0	1	21	411	391	2.1	39.2
Query_535127	XR_004679463.1	100.000	21	0	0	1	21	2663	2643	2.1	39.2
Query_535127	XM_034934228.1	100.000	21	0	0	1	21	552	532	2.1	39.2
Query_535127	XM_011234308.3	100.000	21	0	0	1	21	639	619	2.1	39.2
Query_535127	XM_034516517.1	100.000	21	0	0	1	21	432	412	2.1	39.2
Query_535127	XM_033852661.1	100.000	21	0	0	1	21	447	427	2.1	39.2
Query_535127	CP050593.1	100.000	21	0	0	1	21	37585799	37585819	2.1	39.2
Query_535127	CP050591.1	100.000	21	0	0	1	21	41951325	41951345	2.1	39.2
Query_535127	CP050590.1	100.000	21	0	0	1	21	33083129	33083149	2.1	39.2
Query_535127	CP050580.1	100.000	21	0	0	1	21	33061775	33061795	2.1	39.2
Query_535127	XM_008695964.2	100.000	21	0	0	1	21	568	548	2.1	39.2
Query_535127	XM_040491239.1	100.000	21	0	0	1	21	568	548	2.1	39.2
Query_535127	XM_005335534.4	100.000	21	0	0	1	21	451	431	2.1	39.2
Query_535127	XM_040281818.1	100.000	21	0	0	1	21	444	424	2.1	39.2
Query_535127	HG994418.1	100.000	21	0	0	1	21	23852375	23852355	2.1	39.2
Query_535127	HG994412.1	100.000	21	0	0	1	21	35367850	35367870	2.1	39.2
Query_535127	HG994406.1	100.000	21	0	0	1	21	33877506	33877526	2.1	39.2
Query_535127	HG994395.1	100.000	21	0	0	1	21	35168293	35168313	2.1	39.2
Query_535127	HG994394.1	100.000	21	0	0	1	21	23149660	23149640	2.1	39.2
Query_535127	HG994393.1	100.000	21	0	0	1	21	43965245	43965265	2.1	39.2
Query_535127	HG994388.1	100.000	21	0	0	1	21	10477686	10477666	2.1	39.2
Query_535127	HG994386.1	100.000	21	0	0	1	21	19075855	19075835	2.1	39.2
Query_535127	XM_039869043.1	100.000	21	0	0	1	21	551	531	2.1	39.2
Query_535127	XM_039471644.1	100.000	21	0	0	1	21	771	751	2.1	39.2
Query_535127	XM_039471339.1	100.000	21	0	0	1	21	443	423	2.1	39.2
Query_535127	NG_030475.3	100.000	21	0	0	1	21	568	548	2.1	39.2
Query_535127	XM_039225835.1	100.000	21	0	0	1	21	222	202	2.1	39.2
Query_535127	XM_039238873.1	100.000	21	0	0	1	21	473	453	2.1	39.2
Query_535127	XM_039236607.1	100.000	21	0	0	1	21	499	479	2.1	39.2
Query_535127	XM_038677314.1	100.000	21	0	0	1	21	427	407	2.1	39.2
Query_535127	XM_038662699.1	100.000	21	0	0	1	21	963	943	2.1	39.2
Query_535127	XM_038447501.1	100.000	21	0	0	1	21	538	518	2.1	39.2
Query_535127	XM_038441557.1	100.000	21	0	0	1	21	442	422	2.1	39.2
Query_535127	XM_038680268.1	100.000	21	0	0	1	21	459	439	2.1	39.2
Query_535127	XM_003435294.4	100.000	21	0	0	1	21	427	407	2.1	39.2
Query_535127	XM_003434540.5	100.000	21	0	0	1	21	968	948	2.1	39.2
Query_535127	XM_038463572.1	100.000	21	0	0	1	21	538	518	2.1	39.2
Query_535127	XM_014109332.3	100.000	21	0	0	1	21	442	422	2.1	39.2
Query_535127	XM_038644474.1	100.000	21	0	0	1	21	453	433	2.1	39.2
Query_535127	XM_007992884.2	100.000	21	0	0	1	21	411	391	2.1	39.2
Query_535127	XM_038008386.1	100.000	21	0	0	1	21	445	425	2.1	39.2
Query_535127	XM_007993861.2	100.000	21	0	0	1	21	416	396	2.1	39.2
Query_535127	XM_008004246.2	100.000	21	0	0	1	21	772	752	2.1	39.2
Query_535127	XM_008000263.2	100.000	21	0	0	1	21	1206	1186	2.1	39.2
Query_535127	XM_037822839.1	100.000	21	0	0	1	21	411	391	2.1	39.2
Query_535127	XM_037846925.1	100.000	21	0	0	1	21	525	505	2.1	39.2
Query_535127	XM_037799864.1	100.000	21	0	0	1	21	949	929	2.1	39.2
Query_535127	XM_037799643.1	100.000	21	0	0	1	21	411	391	2.1	39.2
Query_535127	XM_017502871.2	100.000	21	0	0	1	21	442	422	2.1	39.2
Query_535127	XM_017541827.2	100.000	21	0	0	1	21	437	417	2.1	39.2
Query_535127	XM_017537894.2	100.000	21	0	0	1	21	469	449	2.1	39.2
Query_535127	XM_017534874.2	100.000	21	0	0	1	21	446	426	2.1	39.2
Query_535127	XM_037522123.1	100.000	21	0	0	1	21	531	511	2.1	39.2
Query_535127	XM_037513877.1	100.000	21	0	0	1	21	580	560	2.1	39.2
Query_535127	XM_037146140.1	100.000	21	0	0	1	21	599	579	2.1	39.2
Query_535127	XM_037064672.1	100.000	21	0	0	1	21	598	578	2.1	39.2
Query_535127	XM_036996328.1	100.000	21	0	0	1	21	411	391	2.1	39.2
Query_535127	XM_037023059.1	100.000	21	0	0	1	21	563	543	2.1	39.2
Query_535127	XM_036891225.1	100.000	21	0	0	1	21	582	562	2.1	39.2
Query_535127	XR_004991539.1	100.000	21	0	0	1	21	601	581	2.1	39.2
Query_535127	XM_036458685.1	100.000	21	0	0	1	21	598	578	2.1	39.2
Query_535127	XM_036297571.1	100.000	21	0	0	1	21	596	576	2.1	39.2
Query_535127	XR_004965807.1	100.000	21	0	0	1	21	596	576	2.1	39.2
Query_535127	XM_036297570.1	100.000	21	0	0	1	21	589	569	2.1	39.2
Query_535127	XM_036252541.1	100.000	21	0	0	1	21	503	483	2.1	39.2
Query_535127	XM_016157625.2	100.000	21	0	0	1	21	522	502	2.1	39.2
Query_535127	XM_006514344.5	100.000	21	0	0	1	21	745	725	2.1	39.2
Query_535127	XM_036079636.1	100.000	21	0	0	1	21	432	412	2.1	39.2
Query_535127	XR_004911609.1	100.000	21	0	0	1	21	526	506	2.1	39.2
Query_535127	XM_036077454.1	100.000	21	0	0	1	21	544	524	2.1	39.2
Query_535127	LR877242.1	100.000	21	0	0	1	21	18522255	18522235	2.1	39.2
Query_535127	LR877226.1	100.000	21	0	0	1	21	44776661	44776681	2.1	39.2
Query_535127	LR877217.1	100.000	21	0	0	1	21	46171701	46171681	2.1	39.2
Query_535127	XM_025433563.2	100.000	21	0	0	1	21	434	414	2.1	39.2
Query_535127	XM_025449079.2	100.000	21	0	0	1	21	457	437	2.1	39.2
Query_535127	XM_035699157.1	100.000	21	0	0	1	21	574	554	2.1	39.2
Query_535127	XM_025438793.2	100.000	21	0	0	1	21	562	542	2.1	39.2
Query_535127	XR_004805211.1	100.000	21	0	0	1	21	3447	3427	2.1	39.2
Query_535127	XM_025440401.2	100.000	21	0	0	1	21	427	407	2.1	39.2
Query_535127	XM_025435197.2	100.000	21	0	0	1	21	959	939	2.1	39.2
Query_535127	XM_025422512.2	100.000	21	0	0	1	21	476	456	2.1	39.2
Query_535127	XM_035729226.1	100.000	21	0	0	1	21	554	534	2.1	39.2
Query_535127	XM_035728332.1	100.000	21	0	0	1	21	555	535	2.1	39.2
Query_535127	XM_035727297.1	100.000	21	0	0	1	21	438	418	2.1	39.2
Query_535127	XM_027590249.2	100.000	21	0	0	1	21	515	495	2.1	39.2
Query_535127	XM_035726302.1	100.000	21	0	0	1	21	438	418	2.1	39.2
Query_535127	XM_027616597.2	100.000	21	0	0	1	21	411	391	2.1	39.2
Query_535127	XM_027616116.2	100.000	21	0	0	1	21	566	546	2.1	39.2
Query_535127	XM_035722137.1	100.000	21	0	0	1	21	453	433	2.1	39.2
Query_535127	XM_035724634.1	100.000	21	0	0	1	21	462	442	2.1	39.2
Query_535127	LR862373.1	100.000	21	0	0	1	21	11564682	11564662	2.1	39.2
Query_535127	XM_027030760.2	100.000	21	0	0	1	21	489	469	2.1	39.2
Query_535127	XM_009004044.4	100.000	21	0	0	1	21	482	462	2.1	39.2
Query_535127	XM_009004364.3	100.000	21	0	0	1	21	490	470	2.1	39.2
Query_535127	XM_009002552.3	100.000	21	0	0	1	21	444	424	2.1	39.2
Query_535127	XM_002751685.5	100.000	21	0	0	1	21	475	455	2.1	39.2
Query_535127	XM_035280129.1	100.000	21	0	0	1	21	440	420	2.1	39.2


