# blastn
# Iteration: 0
# Query: 
# RID: 9W1B7X4H01N
# Database: nt
# Fields: query acc.ver, subject acc.ver, % identity, alignment length, mismatches, gap opens, q. start, q. end, s. start, s. end, evalue, bit score
# 100 hits found
Query_365489	XM_008962128.2	100.000	21	0	0	1	21	623	603	2.1	39.2
Query_365489	XM_003809834.3	100.000	21	0	0	1	21	619	599	2.1	39.2
Query_365489	XM_034793214.1	100.000	21	0	0	1	21	1765	1745	2.1	39.2
Query_365489	XM_041462964.1	100.000	21	0	0	1	21	493	473	2.1	39.2
Query_365489	XM_041426255.1	100.000	21	0	0	1	21	629	609	2.1	39.2
Query_365489	XM_030021998.2	100.000	21	0	0	1	21	796	776	2.1	39.2
Query_365489	XM_041000274.1	100.000	21	0	0	1	21	600	580	2.1	39.2
Query_365489	XM_041000273.1	100.000	21	0	0	1	21	345	325	2.1	39.2
Query_365489	XM_041000271.1	100.000	21	0	0	1	21	600	580	2.1	39.2
Query_365489	XM_041000270.1	100.000	21	0	0	1	21	600	580	2.1	39.2
Query_365489	XM_021230569.2	100.000	21	0	0	1	21	572	552	2.1	39.2
Query_365489	XM_021230568.2	100.000	21	0	0	1	21	606	586	2.1	39.2
Query_365489	XM_005075918.3	100.000	21	0	0	1	21	603	583	2.1	39.2
Query_365489	XM_005075917.4	100.000	21	0	0	1	21	604	584	2.1	39.2
Query_365489	XM_040536810.1	100.000	21	0	0	1	21	489	469	2.1	39.2
Query_365489	XM_040536809.1	100.000	21	0	0	1	21	490	470	2.1	39.2
Query_365489	XM_040245503.1	100.000	21	0	0	1	21	612	592	2.1	39.2
Query_365489	XM_040245502.1	100.000	21	0	0	1	21	351	331	2.1	39.2
Query_365489	XM_040245501.1	100.000	21	0	0	1	21	618	598	2.1	39.2
Query_365489	NM_017346.2	100.000	21	0	0	1	21	608	588	2.1	39.2
Query_365489	XM_040087400.1	100.000	21	0	0	1	21	623	603	2.1	39.2
Query_365489	XM_040087399.1	100.000	21	0	0	1	21	343	323	2.1	39.2
Query_365489	XM_040087397.1	100.000	21	0	0	1	21	622	602	2.1	39.2
Query_365489	XM_040087396.1	100.000	21	0	0	1	21	475	455	2.1	39.2
Query_365489	XM_039908889.1	100.000	21	0	0	1	21	411	391	2.1	39.2
Query_365489	XR_005659425.1	100.000	21	0	0	1	21	734	714	2.1	39.2
Query_365489	XR_005659424.1	100.000	21	0	0	1	21	735	715	2.1	39.2
Query_365489	XR_005659423.1	100.000	21	0	0	1	21	735	715	2.1	39.2
Query_365489	XM_039908888.1	100.000	21	0	0	1	21	735	715	2.1	39.2
Query_365489	XM_039908887.1	100.000	21	0	0	1	21	736	716	2.1	39.2
Query_365489	XM_039908886.1	100.000	21	0	0	1	21	736	716	2.1	39.2
Query_365489	XM_039908885.1	100.000	21	0	0	1	21	407	387	2.1	39.2
Query_365489	XM_039908884.1	100.000	21	0	0	1	21	402	382	2.1	39.2
Query_365489	XM_039908883.1	100.000	21	0	0	1	21	734	714	2.1	39.2
Query_365489	XM_039908882.1	100.000	21	0	0	1	21	411	391	2.1	39.2
Query_365489	XM_039908881.1	100.000	21	0	0	1	21	598	578	2.1	39.2
Query_365489	XM_039908880.1	100.000	21	0	0	1	21	737	717	2.1	39.2
Query_365489	XM_039908878.1	100.000	21	0	0	1	21	734	714	2.1	39.2
Query_365489	XM_039908877.1	100.000	21	0	0	1	21	488	468	2.1	39.2
Query_365489	XM_039908876.1	100.000	21	0	0	1	21	737	717	2.1	39.2
Query_365489	XM_039908875.1	100.000	21	0	0	1	21	734	714	2.1	39.2
Query_365489	XM_039697295.1	100.000	21	0	0	1	21	604	584	2.1	39.2
Query_365489	XM_039565822.1	100.000	21	0	0	1	21	1116	1096	2.1	39.2
Query_365489	XM_003931189.2	100.000	21	0	0	1	21	619	599	2.1	39.2
Query_365489	XM_003931188.3	100.000	21	0	0	1	21	619	599	2.1	39.2
Query_365489	XM_010341811.2	100.000	21	0	0	1	21	619	599	2.1	39.2
Query_365489	XM_006247411.4	100.000	21	0	0	1	21	401	381	2.1	39.2
Query_365489	XM_006247410.3	100.000	21	0	0	1	21	402	382	2.1	39.2
Query_365489	XM_006247409.4	100.000	21	0	0	1	21	623	603	2.1	39.2
Query_365489	XM_038378487.1	100.000	21	0	0	1	21	376	356	2.1	39.2
Query_365489	XM_038378485.1	100.000	21	0	0	1	21	510	490	2.1	39.2
Query_365489	XM_038325355.1	100.000	21	0	0	1	21	554	534	2.1	39.2
Query_365489	XM_038121307.1	100.000	21	0	0	1	21	663	643	2.1	39.2
Query_365489	XM_038121306.1	100.000	21	0	0	1	21	664	644	2.1	39.2
Query_365489	XM_038121305.1	100.000	21	0	0	1	21	664	644	2.1	39.2
Query_365489	XM_038121304.1	100.000	21	0	0	1	21	663	643	2.1	39.2
Query_365489	XM_038121303.1	100.000	21	0	0	1	21	390	370	2.1	39.2
Query_365489	XM_038121302.1	100.000	21	0	0	1	21	390	370	2.1	39.2
Query_365489	XM_038121301.1	100.000	21	0	0	1	21	445	425	2.1	39.2
Query_365489	XM_038121300.1	100.000	21	0	0	1	21	530	510	2.1	39.2
Query_365489	XM_038121299.1	100.000	21	0	0	1	21	663	643	2.1	39.2
Query_365489	XM_038121298.1	100.000	21	0	0	1	21	664	644	2.1	39.2
Query_365489	XM_038121297.1	100.000	21	0	0	1	21	665	645	2.1	39.2
Query_365489	XM_038121296.1	100.000	21	0	0	1	21	664	644	2.1	39.2
Query_365489	XM_008012881.2	100.000	21	0	0	1	21	1172	1152	2.1	39.2
Query_365489	XM_008012880.2	100.000	21	0	0	1	21	878	858	2.1	39.2
Query_365489	XM_037883946.1	100.000	21	0	0	1	21	362	342	2.1	39.2
Query_365489	XM_037883945.1	100.000	21	0	0	1	21	555	535	2.1	39.2
Query_365489	XM_037809337.1	100.000	21	0	0	1	21	586	566	2.1	39.2
Query_365489	XM_017497262.2	100.000	21	0	0	1	21	624	604	2.1	39.2
Query_365489	XM_017497261.2	100.000	21	0	0	1	21	352	332	2.1	39.2
Query_365489	XM_017497260.2	100.000	21	0	0	1	21	624	604	2.1	39.2
Query_365489	XM_017497259.2	100.000	21	0	0	1	21	624	604	2.1	39.2
Query_365489	XM_037441693.1	100.000	21	0	0	1	21	573	553	2.1	39.2
Query_365489	XM_037441692.1	100.000	21	0	0	1	21	484	464	2.1	39.2
Query_365489	XM_037441691.1	100.000	21	0	0	1	21	483	463	2.1	39.2
Query_365489	XM_037441690.1	100.000	21	0	0	1	21	484	464	2.1	39.2
Query_365489	XM_037441689.1	100.000	21	0	0	1	21	573	553	2.1	39.2
Query_365489	XM_037441688.1	100.000	21	0	0	1	21	537	517	2.1	39.2
Query_365489	XM_037441687.1	100.000	21	0	0	1	21	573	553	2.1	39.2
Query_365489	XM_037441686.1	100.000	21	0	0	1	21	573	553	2.1	39.2
Query_365489	XM_037441685.1	100.000	21	0	0	1	21	573	553	2.1	39.2
Query_365489	XM_004591133.2	100.000	21	0	0	1	21	598	578	2.1	39.2
Query_365489	XM_036398768.1	100.000	21	0	0	1	21	504	484	2.1	39.2
Query_365489	XM_036398767.1	100.000	21	0	0	1	21	503	483	2.1	39.2
Query_365489	XM_036398766.1	100.000	21	0	0	1	21	504	484	2.1	39.2
Query_365489	XM_036195897.1	100.000	21	0	0	1	21	609	589	2.1	39.2
Query_365489	XM_036195896.1	100.000	21	0	0	1	21	876	856	2.1	39.2
Query_365489	XM_036195895.1	100.000	21	0	0	1	21	609	589	2.1	39.2
Query_365489	XM_035447990.1	100.000	21	0	0	1	21	416	396	2.1	39.2
Query_365489	XM_035447989.1	100.000	21	0	0	1	21	275	255	2.1	39.2
Query_365489	XM_027424056.2	100.000	21	0	0	1	21	416	396	2.1	39.2
Query_365489	XM_027424057.2	100.000	21	0	0	1	21	416	396	2.1	39.2
Query_365489	XM_035453992.1	100.000	21	0	0	1	21	275	255	2.1	39.2
Query_365489	XM_035303317.1	100.000	21	0	0	1	21	645	625	2.1	39.2
Query_365489	XM_035303315.1	100.000	21	0	0	1	21	386	366	2.1	39.2
Query_365489	XM_002806857.4	100.000	21	0	0	1	21	668	648	2.1	39.2
Query_365489	XM_035303314.1	100.000	21	0	0	1	21	657	637	2.1	39.2
Query_365489	XM_035303313.1	100.000	21	0	0	1	21	647	627	2.1	39.2
Query_365489	XM_035303312.1	100.000	21	0	0	1	21	672	652	2.1	39.2


