# blastn
# Iteration: 0
# Query: 
# RID: 7RGTS3SE013
# Database: nt
# Fields: query acc.ver, subject acc.ver, % identity, alignment length, mismatches, gap opens, q. start, q. end, s. start, s. end, evalue, bit score
# 100 hits found
Query_7223	XR_004676345.1	100.000	21	0	0	1	21	675	655	2.1	39.2
Query_7223	XM_034989324.1	100.000	21	0	0	1	21	673	653	2.1	39.2
Query_7223	XM_034941314.1	100.000	21	0	0	1	21	722	702	2.1	39.2
Query_7223	XM_034890400.1	100.000	21	0	0	1	21	578	558	2.1	39.2
Query_7223	AP023165.1	100.000	21	0	0	1	21	797295	797315	2.1	39.2
Query_7223	XM_034683297.1	100.000	21	0	0	1	21	537	517	2.1	39.2
Query_7223	XM_034606223.1	100.000	21	0	0	1	21	544	524	2.1	39.2
Query_7223	XM_034550739.1	100.000	21	0	0	1	21	663	643	2.1	39.2
Query_7223	XR_004607085.1	100.000	21	0	0	1	21	1030	1010	2.1	39.2
Query_7223	XM_034505908.1	100.000	21	0	0	1	21	779	759	2.1	39.2
Query_7223	XM_034204170.1	100.000	21	0	0	1	21	624	604	2.1	39.2
Query_7223	XM_034204169.1	100.000	21	0	0	1	21	683	663	2.1	39.2
Query_7223	XM_034178992.1	100.000	21	0	0	1	21	517	497	2.1	39.2
Query_7223	XM_034115042.1	100.000	21	0	0	1	21	546	526	2.1	39.2
Query_7223	XM_034099459.1	100.000	21	0	0	1	21	565	545	2.1	39.2
Query_7223	XM_019926857.2	100.000	21	0	0	1	21	732	712	2.1	39.2
Query_7223	XR_004523990.1	100.000	21	0	0	1	21	735	715	2.1	39.2
Query_7223	XR_004523989.1	100.000	21	0	0	1	21	735	715	2.1	39.2
Query_7223	XM_019926856.2	100.000	21	0	0	1	21	729	709	2.1	39.2
Query_7223	XM_033634948.1	100.000	21	0	0	1	21	499	479	2.1	39.2
Query_7223	XM_004267021.3	100.000	21	0	0	1	21	732	712	2.1	39.2
Query_7223	XR_004481917.1	100.000	21	0	0	1	21	742	722	2.1	39.2
Query_7223	XR_004481916.1	100.000	21	0	0	1	21	742	722	2.1	39.2
Query_7223	XM_033423172.1	100.000	21	0	0	1	21	737	717	2.1	39.2
Query_7223	LR792559.1	100.000	21	0	0	1	21	26652229	26652209	2.1	39.2
Query_7223	CP050604.1	100.000	21	0	0	1	21	2250600	2250580	2.1	39.2
Query_7223	CP050644.1	100.000	21	0	0	1	21	2251555	2251535	2.1	39.2
Query_7223	XM_033090559.1	100.000	21	0	0	1	21	852	832	2.1	39.2
Query_7223	XM_033078219.1	100.000	21	0	0	1	21	617	597	2.1	39.2
Query_7223	XM_033078218.1	100.000	21	0	0	1	21	617	597	2.1	39.2
Query_7223	XM_032914260.1	100.000	21	0	0	1	21	707	687	2.1	39.2
Query_7223	XM_032840015.1	100.000	21	0	0	1	21	639	619	2.1	39.2
Query_7223	XM_032707708.1	100.000	21	0	0	1	21	615	595	2.1	39.2
Query_7223	XR_004360506.1	100.000	21	0	0	1	21	467	447	2.1	39.2
Query_7223	XM_040453568.1	100.000	21	0	0	1	21	326	306	2.1	39.2
Query_7223	XM_040453567.1	100.000	21	0	0	1	21	381	361	2.1	39.2
Query_7223	XM_040453566.1	100.000	21	0	0	1	21	1711	1691	2.1	39.2
Query_7223	XM_040270543.1	100.000	21	0	0	1	21	903	883	2.1	39.2
Query_7223	XR_005721604.1	100.000	21	0	0	1	21	776	756	2.1	39.2
Query_7223	XR_005721603.1	100.000	21	0	0	1	21	806	786	2.1	39.2
Query_7223	XM_040243712.1	100.000	21	0	0	1	21	740	720	2.1	39.2
Query_7223	XM_040183100.1	100.000	21	0	0	1	21	495	475	2.1	39.2
Query_7223	XM_040122966.1	100.000	21	0	0	1	21	486	466	2.1	39.2
Query_7223	XM_040122965.1	100.000	21	0	0	1	21	618	598	2.1	39.2
Query_7223	XM_040122964.1	100.000	21	0	0	1	21	573	553	2.1	39.2
Query_7223	XM_040011010.1	100.000	21	0	0	1	21	548	528	2.1	39.2
Query_7223	HG994385.1	100.000	21	0	0	1	21	31014468	31014488	2.1	39.2
Query_7223	XR_005658082.1	100.000	21	0	0	1	21	554	534	2.1	39.2
Query_7223	XM_039886420.1	100.000	21	0	0	1	21	723	703	2.1	39.2
Query_7223	XM_039778344.1	100.000	21	0	0	1	21	497	477	2.1	39.2
Query_7223	XM_031748091.2	100.000	21	0	0	1	21	542	522	2.1	39.2
Query_7223	XM_039476665.1	100.000	21	0	0	1	21	752	732	2.1	39.2
Query_7223	XM_027734372.2	100.000	21	0	0	1	21	615	595	2.1	39.2
Query_7223	LR991640.1	100.000	21	0	0	1	21	9850587	9850567	2.1	39.2
Query_7223	LR699035.1	100.000	21	0	0	1	21	18301153	18301173	2.1	39.2
Query_7223	CP068261.1	100.000	21	0	0	1	21	4178841	4178861	2.1	39.2
Query_7223	XM_039005056.1	100.000	21	0	0	1	21	501	481	2.1	39.2
Query_7223	XM_038665135.1	100.000	21	0	0	1	21	363	343	2.1	39.2
Query_7223	XM_038665134.1	100.000	21	0	0	1	21	476	456	2.1	39.2
Query_7223	XM_038512865.1	100.000	21	0	0	1	21	363	343	2.1	39.2
Query_7223	XM_038512854.1	100.000	21	0	0	1	21	476	456	2.1	39.2
Query_7223	XM_038708488.1	100.000	21	0	0	1	21	545	525	2.1	39.2
Query_7223	XM_038324925.1	100.000	21	0	0	1	21	725	705	2.1	39.2
Query_7223	XM_038302083.1	100.000	21	0	0	1	21	524	504	2.1	39.2
Query_7223	XM_038302082.1	100.000	21	0	0	1	21	524	504	2.1	39.2
Query_7223	XR_005236751.1	100.000	21	0	0	1	21	563	543	2.1	39.2
Query_7223	XR_005236750.1	100.000	21	0	0	1	21	551	531	2.1	39.2
Query_7223	XM_008009911.2	100.000	21	0	0	1	21	735	715	2.1	39.2
Query_7223	XM_037749225.1	100.000	21	0	0	1	21	557	537	2.1	39.2
Query_7223	XM_017512180.2	100.000	21	0	0	1	21	724	704	2.1	39.2
Query_7223	XM_037467759.1	100.000	21	0	0	1	21	547	527	2.1	39.2
Query_7223	XM_037120092.1	100.000	21	0	0	1	21	464	444	2.1	39.2
Query_7223	XM_037022823.1	100.000	21	0	0	1	21	458	438	2.1	39.2
Query_7223	XM_036989624.1	100.000	21	0	0	1	21	520	500	2.1	39.2
Query_7223	XM_036887031.1	100.000	21	0	0	1	21	463	443	2.1	39.2
Query_7223	XM_036341263.1	100.000	21	0	0	1	21	514	494	2.1	39.2
Query_7223	XM_036341262.1	100.000	21	0	0	1	21	687	667	2.1	39.2
Query_7223	XM_036341261.1	100.000	21	0	0	1	21	459	439	2.1	39.2
Query_7223	XM_036341260.1	100.000	21	0	0	1	21	468	448	2.1	39.2
Query_7223	XM_016138806.2	100.000	21	0	0	1	21	837	817	2.1	39.2
Query_7223	AP023477.1	100.000	21	0	0	1	21	4362738	4362758	2.1	39.2
Query_7223	XM_036078415.1	100.000	21	0	0	1	21	692	672	2.1	39.2
Query_7223	XM_036078414.1	100.000	21	0	0	1	21	492	472	2.1	39.2
Query_7223	XM_036078412.1	100.000	21	0	0	1	21	492	472	2.1	39.2
Query_7223	XM_031311009.2	100.000	21	0	0	1	21	577	557	2.1	39.2
Query_7223	LR877227.1	100.000	21	0	0	1	21	175813	175793	2.1	39.2
Query_7223	XM_035766059.1	100.000	21	0	0	1	21	521	501	2.1	39.2
Query_7223	NM_003342.5	100.000	21	0	0	1	21	728	708	2.1	39.2
Query_7223	XM_035716269.1	100.000	21	0	0	1	21	363	343	2.1	39.2
Query_7223	XM_035716268.1	100.000	21	0	0	1	21	477	457	2.1	39.2
Query_7223	XM_027625410.2	100.000	21	0	0	1	21	702	682	2.1	39.2
Query_7223	XM_027625409.2	100.000	21	0	0	1	21	833	813	2.1	39.2
Query_7223	XM_027625408.2	100.000	21	0	0	1	21	522	502	2.1	39.2
Query_7223	XM_027625406.2	100.000	21	0	0	1	21	522	502	2.1	39.2
Query_7223	XM_035666707.1	100.000	21	0	0	1	21	534	514	2.1	39.2
Query_7223	XM_035447490.1	100.000	21	0	0	1	21	433	413	2.1	39.2
Query_7223	XM_027426818.2	100.000	21	0	0	1	21	433	413	2.1	39.2
Query_7223	XR_004743113.1	100.000	21	0	0	1	21	820	800	2.1	39.2
Query_7223	XM_002747845.5	100.000	21	0	0	1	21	741	721	2.1	39.2
Query_7223	XM_035178137.1	100.000	21	0	0	1	21	543	523	2.1	39.2


