# blastn
# Iteration: 0
# Query: 
# RID: 6MJ9E8BF016
# Database: nt
# Fields: query acc.ver, subject acc.ver, % identity, alignment length, mismatches, gap opens, q. start, q. end, s. start, s. end, evalue, bit score
# 55 hits found
Query_34159	XM_034960512.1	100.000	21	0	0	1	21	360	340	2.0	39.2
Query_34159	XM_003829274.3	100.000	21	0	0	1	21	450	430	2.0	39.2
Query_34159	XM_033181205.1	100.000	21	0	0	1	21	1307	1287	2.0	39.2
Query_34159	XM_032251637.1	100.000	21	0	0	1	21	709	689	2.0	39.2
Query_34159	XM_032251564.1	100.000	21	0	0	1	21	799	779	2.0	39.2
Query_34159	XM_032157920.1	100.000	21	0	0	1	21	780	760	2.0	39.2
Query_34159	XM_023196017.2	100.000	21	0	0	1	21	772	752	2.0	39.2
Query_34159	NM_001194433.3	100.000	21	0	0	1	21	781	761	2.0	39.2
Query_34159	XM_021939692.2	100.000	21	0	0	1	21	704	684	2.0	39.2
Query_34159	XM_003900106.3	100.000	21	0	0	1	21	794	774	2.0	39.2
Query_34159	XM_031010702.1	100.000	21	0	0	1	21	772	752	2.0	39.2
Query_34159	XM_003266384.3	100.000	21	0	0	1	21	779	759	2.0	39.2
Query_34159	NM_003337.4	100.000	21	0	0	1	21	383	363	2.0	39.2
Query_34159	XM_025388144.1	100.000	21	0	0	1	21	703	683	2.0	39.2
Query_34159	XM_025388143.1	100.000	21	0	0	1	21	793	773	2.0	39.2
Query_34159	XM_011716582.2	100.000	21	0	0	1	21	305	285	2.0	39.2
Query_34159	XM_011716581.2	100.000	21	0	0	1	21	770	750	2.0	39.2
Query_34159	XM_016953844.2	100.000	21	0	0	1	21	359	339	2.0	39.2
Query_34159	XM_517935.4	100.000	21	0	0	1	21	772	752	2.0	39.2
Query_34159	LT734769.1	100.000	21	0	0	1	21	843	823	2.0	39.2
Query_34159	XM_017871979.1	100.000	21	0	0	1	21	497	477	2.0	39.2
Query_34159	NG_046936.1	100.000	21	0	0	1	21	24075	24055	2.0	39.2
Query_34159	XM_012440436.1	100.000	21	0	0	1	21	511	491	2.0	39.2
Query_34159	XR_001019994.1	100.000	21	0	0	1	21	684	664	2.0	39.2
Query_34159	XM_012090260.1	100.000	21	0	0	1	21	304	284	2.0	39.2
Query_34159	XM_011969215.1	100.000	21	0	0	1	21	706	686	2.0	39.2
Query_34159	XM_011969214.1	100.000	21	0	0	1	21	796	776	2.0	39.2
Query_34159	XM_010359943.1	100.000	21	0	0	1	21	497	477	2.0	39.2
Query_34159	XM_002815889.3	100.000	21	0	0	1	21	787	767	2.0	39.2
Query_34159	KJ892340.1	100.000	21	0	0	1	21	421	401	2.0	39.2
Query_34159	XM_010338704.2	100.000	21	0	0	1	21	424	404	2.0	39.2
Query_34159	XM_010338699.2	100.000	21	0	0	1	21	513	493	2.0	39.2
Query_34159	XM_008014440.2	100.000	21	0	0	1	21	700	680	2.0	39.2
Query_34159	XM_008014439.2	100.000	21	0	0	1	21	790	770	2.0	39.2
Query_34159	XM_017532387.2	100.000	21	0	0	1	21	360	340	2.0	39.2
Query_34159	XM_017532386.2	100.000	21	0	0	1	21	506	486	2.0	39.2
Query_34159	XM_008984915.4	100.000	21	0	0	1	21	711	691	2.0	39.2
Query_34159	XM_002744157.6	100.000	21	0	0	1	21	801	781	2.0	39.2
Query_34159	AB590169.1	100.000	21	0	0	1	21	365	345	2.0	39.2
Query_34159	AK312012.1	100.000	21	0	0	1	21	440	420	2.0	39.2
Query_34159	DQ896387.2	100.000	21	0	0	1	21	378	358	2.0	39.2
Query_34159	DQ893113.2	100.000	21	0	0	1	21	378	358	2.0	39.2
Query_34159	NM_001285819.1	100.000	21	0	0	1	21	389	369	2.0	39.2
Query_34159	BC005979.1	100.000	21	0	0	1	21	383	363	2.0	39.2
Query_34159	BT008091.1	100.000	21	0	0	1	21	356	336	2.0	39.2
Query_34159	BT007071.1	100.000	21	0	0	1	21	356	336	2.0	39.2
Query_34159	DQ090910.1	100.000	21	0	0	1	21	21075	21055	2.0	39.2
Query_34159	AC109454.3	100.000	21	0	0	1	21	85792	85772	2.0	39.2
Query_34159	CR407634.1	100.000	21	0	0	1	21	356	336	2.0	39.2
Query_34159	AY893437.1	100.000	21	0	0	1	21	356	336	2.0	39.2
Query_34159	BC008470.1	100.000	21	0	0	1	21	443	423	2.0	39.2
Query_34159	BC008404.1	100.000	21	0	0	1	21	443	423	2.0	39.2
Query_34159	AC001479.1	100.000	21	0	0	1	21	1397	1417	2.0	39.2
Query_34159	M74525.1	100.000	21	0	0	1	21	777	757	2.0	39.2
Query_34159	X53251.1	100.000	21	0	0	1	21	394	374	2.0	39.2


