# blastn
# Iteration: 0
# Query: 
# RID: 7PKB9JHW016
# Database: nt
# Fields: query acc.ver, subject acc.ver, % identity, alignment length, mismatches, gap opens, q. start, q. end, s. start, s. end, evalue, bit score
# 100 hits found
Query_37853	XM_040464657.1	100.000	21	0	0	1	21	309	289	2.1	39.2
Query_37853	XM_040464656.1	100.000	21	0	0	1	21	489	469	2.1	39.2
Query_37853	HG999698.1	100.000	21	0	0	1	21	390624	390604	2.1	39.2
Query_37853	XM_013362518.3	100.000	21	0	0	1	21	385	365	2.1	39.2
Query_37853	XM_005334483.4	100.000	21	0	0	1	21	483	463	2.1	39.2
Query_37853	XM_040080680.1	100.000	21	0	0	1	21	459	439	2.1	39.2
Query_37853	XM_040080679.1	100.000	21	0	0	1	21	608	588	2.1	39.2
Query_37853	HG994409.1	100.000	21	0	0	1	21	16030695	16030675	2.1	39.2
Query_37853	HG994404.1	100.000	21	0	0	1	21	25818531	25818511	2.1	39.2
Query_37853	HG994397.1	100.000	21	0	0	1	21	44833231	44833211	2.1	39.2
Query_37853	HG994387.1	100.000	21	0	0	1	21	46653047	46653027	2.1	39.2
Query_37853	XM_039868429.1	100.000	21	0	0	1	21	496	476	2.1	39.2
Query_37853	XM_039868428.1	100.000	21	0	0	1	21	453	433	2.1	39.2
Query_37853	XM_039724271.1	100.000	21	0	0	1	21	489	469	2.1	39.2
Query_37853	XM_039560884.1	100.000	21	0	0	1	21	458	438	2.1	39.2
Query_37853	XM_039504779.1	100.000	21	0	0	1	21	396	376	2.1	39.2
Query_37853	XM_039504778.1	100.000	21	0	0	1	21	512	492	2.1	39.2
Query_37853	XM_003942643.3	100.000	21	0	0	1	21	461	441	2.1	39.2
Query_37853	XM_039385060.1	100.000	21	0	0	1	21	553	533	2.1	39.2
Query_37853	XM_027733003.2	100.000	21	0	0	1	21	463	443	2.1	39.2
Query_37853	XM_039222468.1	100.000	21	0	0	1	21	390	370	2.1	39.2
Query_37853	XM_039242864.1	100.000	21	0	0	1	21	345	325	2.1	39.2
Query_37853	XM_039242863.1	100.000	21	0	0	1	21	464	444	2.1	39.2
Query_37853	XM_039239305.1	100.000	21	0	0	1	21	396	376	2.1	39.2
Query_37853	CP068259.1	100.000	21	0	0	1	21	9901021	9901001	2.1	39.2
Query_37853	CP068256.1	100.000	21	0	0	1	21	22063846	22063826	2.1	39.2
Query_37853	XM_039088548.1	100.000	21	0	0	1	21	382	362	2.1	39.2
Query_37853	XM_039088547.1	100.000	21	0	0	1	21	494	474	2.1	39.2
Query_37853	XM_038437623.1	100.000	21	0	0	1	21	332	312	2.1	39.2
Query_37853	XM_038437622.1	100.000	21	0	0	1	21	432	412	2.1	39.2
Query_37853	XM_005636619.4	100.000	21	0	0	1	21	332	312	2.1	39.2
Query_37853	XM_534767.7	100.000	21	0	0	1	21	432	412	2.1	39.2
Query_37853	XM_038811579.1	100.000	21	0	0	1	21	487	467	2.1	39.2
Query_37853	XM_038372710.1	100.000	21	0	0	1	21	623	603	2.1	39.2
Query_37853	XM_038372709.1	100.000	21	0	0	1	21	598	578	2.1	39.2
Query_37853	XM_038372708.1	100.000	21	0	0	1	21	498	478	2.1	39.2
Query_37853	XM_038320861.1	100.000	21	0	0	1	21	288	268	2.1	39.2
Query_37853	XM_038320860.1	100.000	21	0	0	1	21	384	364	2.1	39.2
Query_37853	XM_038320010.1	100.000	21	0	0	1	21	394	374	2.1	39.2
Query_37853	XM_038319963.1	100.000	21	0	0	1	21	408	388	2.1	39.2
Query_37853	XM_038348370.1	100.000	21	0	0	1	21	294	274	2.1	39.2
Query_37853	XM_038348368.1	100.000	21	0	0	1	21	390	370	2.1	39.2
Query_37853	XM_038346230.1	100.000	21	0	0	1	21	434	414	2.1	39.2
Query_37853	XM_038313575.1	100.000	21	0	0	1	21	390	370	2.1	39.2
Query_37853	XM_038187293.1	100.000	21	0	0	1	21	387	367	2.1	39.2
Query_37853	XM_027469860.2	100.000	21	0	0	1	21	480	460	2.1	39.2
Query_37853	XM_038152212.1	100.000	21	0	0	1	21	462	442	2.1	39.2
Query_37853	XM_038152211.1	100.000	21	0	0	1	21	465	445	2.1	39.2
Query_37853	XM_007974919.2	100.000	21	0	0	1	21	583	563	2.1	39.2
Query_37853	XM_037986854.1	100.000	21	0	0	1	21	615	595	2.1	39.2
Query_37853	XM_037878413.1	100.000	21	0	0	1	21	513	493	2.1	39.2
Query_37853	XM_037734949.1	100.000	21	0	0	1	21	357	337	2.1	39.2
Query_37853	XM_037734947.1	100.000	21	0	0	1	21	426	406	2.1	39.2
Query_37853	XM_017518623.2	100.000	21	0	0	1	21	466	446	2.1	39.2
Query_37853	XM_037738360.1	100.000	21	0	0	1	21	399	379	2.1	39.2
Query_37853	XM_037375408.1	100.000	21	0	0	1	21	492	472	2.1	39.2
Query_37853	XM_037375400.1	100.000	21	0	0	1	21	426	406	2.1	39.2
Query_37853	XM_037375390.1	100.000	21	0	0	1	21	909	889	2.1	39.2
Query_37853	XM_028856683.2	100.000	21	0	0	1	21	334	314	2.1	39.2
Query_37853	XM_037131470.1	100.000	21	0	0	1	21	467	447	2.1	39.2
Query_37853	XM_037067302.1	100.000	21	0	0	1	21	309	289	2.1	39.2
Query_37853	XM_037067301.1	100.000	21	0	0	1	21	467	447	2.1	39.2
Query_37853	XM_036993261.1	100.000	21	0	0	1	21	309	289	2.1	39.2
Query_37853	XM_036993260.1	100.000	21	0	0	1	21	474	454	2.1	39.2
Query_37853	XM_036449778.1	100.000	21	0	0	1	21	370	350	2.1	39.2
Query_37853	XM_036449777.1	100.000	21	0	0	1	21	504	484	2.1	39.2
Query_37853	XM_036449776.1	100.000	21	0	0	1	21	509	489	2.1	39.2
Query_37853	XM_036449775.1	100.000	21	0	0	1	21	570	550	2.1	39.2
Query_37853	XM_036436159.1	100.000	21	0	0	1	21	390	370	2.1	39.2
Query_37853	XM_036392889.1	100.000	21	0	0	1	21	435	415	2.1	39.2
Query_37853	XM_036353530.1	100.000	21	0	0	1	21	508	488	2.1	39.2
Query_37853	XM_036353529.1	100.000	21	0	0	1	21	309	289	2.1	39.2
Query_37853	XM_036353528.1	100.000	21	0	0	1	21	488	468	2.1	39.2
Query_37853	XM_036353527.1	100.000	21	0	0	1	21	1148	1128	2.1	39.2
Query_37853	XM_036307826.1	100.000	21	0	0	1	21	394	374	2.1	39.2
Query_37853	XM_036276571.1	100.000	21	0	0	1	21	560	540	2.1	39.2
Query_37853	XM_036276570.1	100.000	21	0	0	1	21	584	564	2.1	39.2
Query_37853	XM_036276569.1	100.000	21	0	0	1	21	410	390	2.1	39.2
Query_37853	XM_036241633.1	100.000	21	0	0	1	21	294	274	2.1	39.2
Query_37853	XM_036241624.1	100.000	21	0	0	1	21	391	371	2.1	39.2
Query_37853	XM_016120176.2	100.000	21	0	0	1	21	493	473	2.1	39.2
Query_37853	XM_016120175.2	100.000	21	0	0	1	21	458	438	2.1	39.2
Query_37853	AP023482.1	100.000	21	0	0	1	21	17288363	17288343	2.1	39.2
Query_37853	AP023479.1	100.000	21	0	0	1	21	9660916	9660896	2.1	39.2
Query_37853	XM_036197723.1	100.000	21	0	0	1	21	332	312	2.1	39.2
Query_37853	XM_036197722.1	100.000	21	0	0	1	21	439	419	2.1	39.2
Query_37853	XM_036154427.1	100.000	21	0	0	1	21	1531	1511	2.1	39.2
Query_37853	XM_036156152.1	100.000	21	0	0	1	21	419	399	2.1	39.2
Query_37853	XM_036076455.1	100.000	21	0	0	1	21	319	299	2.1	39.2
Query_37853	XM_036076454.1	100.000	21	0	0	1	21	533	513	2.1	39.2
Query_37853	XM_036076453.1	100.000	21	0	0	1	21	467	447	2.1	39.2
Query_37853	XM_036076452.1	100.000	21	0	0	1	21	742	722	2.1	39.2
Query_37853	XM_036076451.1	100.000	21	0	0	1	21	712	692	2.1	39.2
Query_37853	XM_036076450.1	100.000	21	0	0	1	21	814	794	2.1	39.2
Query_37853	XM_028506874.2	100.000	21	0	0	1	21	405	385	2.1	39.2
Query_37853	LR877235.1	100.000	21	0	0	1	21	31951175	31951195	2.1	39.2
Query_37853	LR877219.1	100.000	21	0	0	1	21	2388126	2388146	2.1	39.2
Query_37853	XM_035897195.1	100.000	21	0	0	1	21	363	343	2.1	39.2
Query_37853	NM_001256356.2	100.000	21	0	0	1	21	325	305	2.1	39.2
Query_37853	XM_025474928.2	100.000	21	0	0	1	21	332	312	2.1	39.2


