# blastn
# Iteration: 0
# Query: 
# RID: 6MTKHT8P013
# Database: nt
# Fields: query acc.ver, subject acc.ver, % identity, alignment length, mismatches, gap opens, q. start, q. end, s. start, s. end, evalue, bit score
# 100 hits found
Query_52145	XM_034962171.1	100.000	21	0	0	1	21	1005	985	2.0	39.2
Query_52145	XM_008958732.2	100.000	21	0	0	1	21	1207	1187	2.0	39.2
Query_52145	XM_003833230.2	100.000	21	0	0	1	21	1178	1158	2.0	39.2
Query_52145	XM_033217305.1	100.000	21	0	0	1	21	1369	1349	2.0	39.2
Query_52145	XM_033217304.1	100.000	21	0	0	1	21	1266	1246	2.0	39.2
Query_52145	XM_033217303.1	100.000	21	0	0	1	21	1141	1121	2.0	39.2
Query_52145	XM_033217302.1	100.000	21	0	0	1	21	1305	1285	2.0	39.2
Query_52145	XM_033217301.1	100.000	21	0	0	1	21	1180	1160	2.0	39.2
Query_52145	XM_030315606.2	100.000	21	0	0	1	21	1166	1146	2.0	39.2
Query_52145	XM_032299538.1	100.000	21	0	0	1	21	1086	1066	2.0	39.2
Query_52145	XM_032299537.1	100.000	21	0	0	1	21	1220	1200	2.0	39.2
Query_52145	XM_032299536.1	100.000	21	0	0	1	21	1252	1232	2.0	39.2
Query_52145	XM_032299535.1	100.000	21	0	0	1	21	1246	1226	2.0	39.2
Query_52145	XM_032299534.1	100.000	21	0	0	1	21	1169	1149	2.0	39.2
Query_52145	XM_032141775.1	100.000	21	0	0	1	21	1118	1098	2.0	39.2
Query_52145	XM_032141774.1	100.000	21	0	0	1	21	1245	1225	2.0	39.2
Query_52145	XM_032141773.1	100.000	21	0	0	1	21	1163	1143	2.0	39.2
Query_52145	XM_023212910.2	100.000	21	0	0	1	21	1365	1345	2.0	39.2
Query_52145	XM_009205268.3	100.000	21	0	0	1	21	1266	1246	2.0	39.2
Query_52145	XM_009205267.4	100.000	21	0	0	1	21	1110	1090	2.0	39.2
Query_52145	XM_017957888.2	100.000	21	0	0	1	21	1305	1285	2.0	39.2
Query_52145	XM_009205270.2	100.000	21	0	0	1	21	1220	1200	2.0	39.2
Query_52145	XM_003897656.2	100.000	21	0	0	1	21	1163	1143	2.0	39.2
Query_52145	XM_031346857.1	100.000	21	0	0	1	21	1184	1164	2.0	39.2
Query_52145	XM_031346856.1	100.000	21	0	0	1	21	1144	1124	2.0	39.2
Query_52145	XM_031346855.1	100.000	21	0	0	1	21	1187	1167	2.0	39.2
Query_52145	XM_031346854.1	100.000	21	0	0	1	21	1183	1163	2.0	39.2
Query_52145	XM_019029654.2	100.000	21	0	0	1	21	1267	1247	2.0	39.2
Query_52145	XM_031012164.1	100.000	21	0	0	1	21	1097	1077	2.0	39.2
Query_52145	XM_031012163.1	100.000	21	0	0	1	21	1240	1220	2.0	39.2
Query_52145	XM_019029653.2	100.000	21	0	0	1	21	1306	1286	2.0	39.2
Query_52145	XM_031012162.1	100.000	21	0	0	1	21	1163	1143	2.0	39.2
Query_52145	XM_030928592.1	100.000	21	0	0	1	21	1241	1221	2.0	39.2
Query_52145	XM_010369756.2	100.000	21	0	0	1	21	1264	1244	2.0	39.2
Query_52145	XM_010369755.2	100.000	21	0	0	1	21	1123	1103	2.0	39.2
Query_52145	XM_010369754.2	100.000	21	0	0	1	21	1303	1283	2.0	39.2
Query_52145	XM_010369752.2	100.000	21	0	0	1	21	1162	1142	2.0	39.2
Query_52145	XM_030795985.1	100.000	21	0	0	1	21	1118	1098	2.0	39.2
Query_52145	XM_030795984.1	100.000	21	0	0	1	21	1209	1189	2.0	39.2
Query_52145	XM_030795983.1	100.000	21	0	0	1	21	1245	1225	2.0	39.2
Query_52145	XM_030795982.1	100.000	21	0	0	1	21	1163	1143	2.0	39.2
Query_52145	XM_030315607.1	100.000	21	0	0	1	21	1106	1086	2.0	39.2
Query_52145	XM_029531323.1	100.000	21	0	0	1	21	1122	1102	2.0	39.2
Query_52145	XM_029531322.1	100.000	21	0	0	1	21	1156	1136	2.0	39.2
Query_52145	XM_021217780.2	100.000	21	0	0	1	21	1161	1141	2.0	39.2
Query_52145	XM_029471107.1	100.000	21	0	0	1	21	1111	1091	2.0	39.2
Query_52145	XM_029471106.1	100.000	21	0	0	1	21	1220	1200	2.0	39.2
Query_52145	XM_021149948.2	100.000	21	0	0	1	21	1242	1222	2.0	39.2
Query_52145	XM_028847511.1	100.000	21	0	0	1	21	1055	1035	2.0	39.2
Query_52145	XM_028847510.1	100.000	21	0	0	1	21	1234	1214	2.0	39.2
Query_52145	XM_028847509.1	100.000	21	0	0	1	21	1198	1178	2.0	39.2
Query_52145	XM_015136438.2	100.000	21	0	0	1	21	1170	1150	2.0	39.2
Query_52145	XM_013355738.3	100.000	21	0	0	1	21	1256	1236	2.0	39.2
Query_52145	XM_021721854.2	100.000	21	0	0	1	21	1304	1284	2.0	39.2
Query_52145	XR_005722721.1	100.000	21	0	0	1	21	1164	1144	2.0	39.2
Query_52145	XM_040249572.1	100.000	21	0	0	1	21	1124	1104	2.0	39.2
Query_52145	XM_040249571.1	100.000	21	0	0	1	21	1163	1143	2.0	39.2
Query_52145	XM_040249570.1	100.000	21	0	0	1	21	1127	1107	2.0	39.2
Query_52145	XM_038341152.1	100.000	21	0	0	1	21	1020	1000	2.0	39.2
Query_52145	XM_038341151.1	100.000	21	0	0	1	21	1220	1200	2.0	39.2
Query_52145	XM_038341149.1	100.000	21	0	0	1	21	1271	1251	2.0	39.2
Query_52145	XM_038176680.1	100.000	21	0	0	1	21	1178	1158	2.0	39.2
Query_52145	XM_038176679.1	100.000	21	0	0	1	21	1198	1178	2.0	39.2
Query_52145	XM_038176678.1	100.000	21	0	0	1	21	1044	1024	2.0	39.2
Query_52145	XM_038176677.1	100.000	21	0	0	1	21	1083	1063	2.0	39.2
Query_52145	XM_038176676.1	100.000	21	0	0	1	21	1083	1063	2.0	39.2
Query_52145	XM_007972423.2	100.000	21	0	0	1	21	1241	1221	2.0	39.2
Query_52145	XM_038006128.1	100.000	21	0	0	1	21	1266	1246	2.0	39.2
Query_52145	XM_038006127.1	100.000	21	0	0	1	21	1162	1142	2.0	39.2
Query_52145	XM_007972424.2	100.000	21	0	0	1	21	1305	1285	2.0	39.2
Query_52145	XM_007972422.2	100.000	21	0	0	1	21	1201	1181	2.0	39.2
Query_52145	XM_017547408.2	100.000	21	0	0	1	21	1148	1128	2.0	39.2
Query_52145	XM_037745344.1	100.000	21	0	0	1	21	1220	1200	2.0	39.2
Query_52145	XM_017547404.2	100.000	21	0	0	1	21	1189	1169	2.0	39.2
Query_52145	XM_017547403.2	100.000	21	0	0	1	21	1246	1226	2.0	39.2
Query_52145	XM_017547402.2	100.000	21	0	0	1	21	1164	1144	2.0	39.2
Query_52145	XM_028887108.2	100.000	21	0	0	1	21	1112	1092	2.0	39.2
Query_52145	XM_037053815.1	100.000	21	0	0	1	21	1134	1114	2.0	39.2
Query_52145	XM_037053808.1	100.000	21	0	0	1	21	1239	1219	2.0	39.2
Query_52145	XM_037053800.1	100.000	21	0	0	1	21	1173	1153	2.0	39.2
Query_52145	XM_004590404.2	100.000	21	0	0	1	21	1147	1127	2.0	39.2
Query_52145	XM_036248030.1	100.000	21	0	0	1	21	1161	1141	2.0	39.2
Query_52145	XM_036248029.1	100.000	21	0	0	1	21	1192	1172	2.0	39.2
Query_52145	XM_036167119.1	100.000	21	0	0	1	21	1153	1133	2.0	39.2
Query_52145	XM_036167118.1	100.000	21	0	0	1	21	1192	1172	2.0	39.2
Query_52145	XR_001782067.3	100.000	21	0	0	1	21	1214	1194	2.0	39.2
Query_52145	XM_030249734.2	100.000	21	0	0	1	21	1229	1209	2.0	39.2
Query_52145	XM_006524139.3	100.000	21	0	0	1	21	1376	1356	2.0	39.2
Query_52145	XM_006524138.5	100.000	21	0	0	1	21	1198	1178	2.0	39.2
Query_52145	XM_006524136.3	100.000	21	0	0	1	21	1415	1395	2.0	39.2
Query_52145	LR877222.1	100.000	21	0	0	1	21	12240750	12240730	2.0	39.2
Query_52145	LR877205.1	100.000	21	0	0	1	21	8591480	8591460	2.0	39.2
Query_52145	XM_035295753.1	100.000	21	0	0	1	21	1313	1293	2.0	39.2
Query_52145	XM_035295752.1	100.000	21	0	0	1	21	1149	1129	2.0	39.2
Query_52145	XM_035295750.1	100.000	21	0	0	1	21	1349	1329	2.0	39.2
Query_52145	XM_035295749.1	100.000	21	0	0	1	21	1179	1159	2.0	39.2
Query_52145	XM_035295748.1	100.000	21	0	0	1	21	1193	1173	2.0	39.2
Query_52145	XM_035295747.1	100.000	21	0	0	1	21	1223	1203	2.0	39.2
Query_52145	XM_035295746.1	100.000	21	0	0	1	21	1348	1328	2.0	39.2
Query_52145	XM_035295745.1	100.000	21	0	0	1	21	1198	1178	2.0	39.2


