# blastn
# Iteration: 0
# Query: 
# RID: 6MCAGWZ9016
# Database: nt
# Fields: query acc.ver, subject acc.ver, % identity, alignment length, mismatches, gap opens, q. start, q. end, s. start, s. end, evalue, bit score
# 101 hits found
Query_33775	XM_005325742.4	100.000	21	0	0	1	21	599	579	2.0	39.2
Query_33775	XM_040293037.1	100.000	21	0	0	1	21	490	470	2.0	39.2
Query_33775	XM_005325741.4	100.000	21	0	0	1	21	627	607	2.0	39.2
Query_33775	XM_040266533.1	100.000	21	0	0	1	21	538	518	2.0	39.2
Query_33775	XM_040237783.1	100.000	21	0	0	1	21	347	327	2.0	39.2
Query_33775	XM_040237782.1	100.000	21	0	0	1	21	332	312	2.0	39.2
Query_33775	XR_005720632.1	100.000	21	0	0	1	21	661	641	2.0	39.2
Query_33775	XM_040237780.1	100.000	21	0	0	1	21	757	737	2.0	39.2
Query_33775	XM_040237779.1	100.000	21	0	0	1	21	636	616	2.0	39.2
Query_33775	XM_040237778.1	100.000	21	0	0	1	21	661	641	2.0	39.2
Query_33775	XM_040237777.1	100.000	21	0	0	1	21	734	714	2.0	39.2
Query_33775	XM_040237776.1	100.000	21	0	0	1	21	722	702	2.0	39.2
Query_33775	XM_040237775.1	100.000	21	0	0	1	21	636	616	2.0	39.2
Query_33775	XM_040237774.1	100.000	21	0	0	1	21	612	592	2.0	39.2
Query_33775	XM_040237773.1	100.000	21	0	0	1	21	635	615	2.0	39.2
Query_33775	XM_040237772.1	100.000	21	0	0	1	21	498	478	2.0	39.2
Query_33775	XM_040237771.1	100.000	21	0	0	1	21	557	537	2.0	39.2
Query_33775	XM_040237769.1	100.000	21	0	0	1	21	636	616	2.0	39.2
Query_33775	XM_040237768.1	100.000	21	0	0	1	21	610	590	2.0	39.2
Query_33775	XM_040237767.1	100.000	21	0	0	1	21	623	603	2.0	39.2
Query_33775	HG994414.1	100.000	21	0	0	1	21	17437183	17437163	2.0	39.2
Query_33775	HG994405.1	100.000	21	0	0	1	21	6085728	6085708	2.0	39.2
Query_33775	HG994404.1	100.000	21	0	0	1	21	11569834	11569814	2.0	39.2
Query_33775	HG994404.1	100.000	21	0	0	1	21	45910388	45910408	2.0	39.2
Query_33775	HG994397.1	100.000	21	0	0	1	21	4491493	4491473	2.0	39.2
Query_33775	HG994396.1	100.000	21	0	0	1	21	7498873	7498893	2.0	39.2
Query_33775	XM_039854835.1	100.000	21	0	0	1	21	366	346	2.0	39.2
Query_33775	XM_039848730.1	100.000	21	0	0	1	21	681	661	2.0	39.2
Query_33775	XM_039848729.1	100.000	21	0	0	1	21	613	593	2.0	39.2
Query_33775	XM_039848728.1	100.000	21	0	0	1	21	597	577	2.0	39.2
Query_33775	XM_039848727.1	100.000	21	0	0	1	21	608	588	2.0	39.2
Query_33775	XM_039848726.1	100.000	21	0	0	1	21	790	770	2.0	39.2
Query_33775	XM_039848725.1	100.000	21	0	0	1	21	624	604	2.0	39.2
Query_33775	HG993177.1	100.000	21	0	0	1	21	8192883	8192903	2.0	39.2
Query_33775	XM_039472325.1	100.000	21	0	0	1	21	507	487	2.0	39.2
Query_33775	XM_003929504.3	100.000	21	0	0	1	21	699	679	2.0	39.2
Query_33775	XM_003929505.3	100.000	21	0	0	1	21	826	806	2.0	39.2
Query_33775	XM_003929502.3	100.000	21	0	0	1	21	634	614	2.0	39.2
Query_33775	XM_010340110.2	100.000	21	0	0	1	21	699	679	2.0	39.2
Query_33775	XM_010340111.2	100.000	21	0	0	1	21	826	806	2.0	39.2
Query_33775	XM_010340109.2	100.000	21	0	0	1	21	634	614	2.0	39.2
Query_33775	XM_039220817.1	100.000	21	0	0	1	21	543	523	2.0	39.2
Query_33775	XM_039220816.1	100.000	21	0	0	1	21	595	575	2.0	39.2
Query_33775	XM_039220815.1	100.000	21	0	0	1	21	574	554	2.0	39.2
Query_33775	LR990597.1	100.000	21	0	0	1	21	6578864	6578884	2.0	39.2
Query_33775	CP068258.1	100.000	21	0	0	1	21	5333468	5333488	2.0	39.2
Query_33775	XM_006233338.3	100.000	21	0	0	1	21	608	588	2.0	39.2
Query_33775	XM_006233337.3	100.000	21	0	0	1	21	782	762	2.0	39.2
Query_33775	XM_006233336.4	100.000	21	0	0	1	21	629	609	2.0	39.2
Query_33775	XM_006233335.3	100.000	21	0	0	1	21	608	588	2.0	39.2
Query_33775	XM_006233334.3	100.000	21	0	0	1	21	752	732	2.0	39.2
Query_33775	XM_006233333.3	100.000	21	0	0	1	21	629	609	2.0	39.2
Query_33775	XM_039087789.1	100.000	21	0	0	1	21	1145	1125	2.0	39.2
Query_33775	XM_039087787.1	100.000	21	0	0	1	21	1157	1137	2.0	39.2
Query_33775	XM_038444267.1	100.000	21	0	0	1	21	612	592	2.0	39.2
Query_33775	XM_038444266.1	100.000	21	0	0	1	21	631	611	2.0	39.2
Query_33775	XM_038444265.1	100.000	21	0	0	1	21	608	588	2.0	39.2
Query_33775	XM_038444264.1	100.000	21	0	0	1	21	600	580	2.0	39.2
Query_33775	XM_038444263.1	100.000	21	0	0	1	21	614	594	2.0	39.2
Query_33775	XM_038444262.1	100.000	21	0	0	1	21	639	619	2.0	39.2
Query_33775	XM_038444261.1	100.000	21	0	0	1	21	631	611	2.0	39.2
Query_33775	XM_038462042.1	100.000	21	0	0	1	21	612	592	2.0	39.2
Query_33775	XM_005642458.4	100.000	21	0	0	1	21	631	611	2.0	39.2
Query_33775	XM_038462041.1	100.000	21	0	0	1	21	608	588	2.0	39.2
Query_33775	XM_038462040.1	100.000	21	0	0	1	21	601	581	2.0	39.2
Query_33775	XM_038462039.1	100.000	21	0	0	1	21	614	594	2.0	39.2
Query_33775	XM_038462038.1	100.000	21	0	0	1	21	635	615	2.0	39.2
Query_33775	XM_038462037.1	100.000	21	0	0	1	21	631	611	2.0	39.2
Query_33775	XM_038769165.1	100.000	21	0	0	1	21	761	741	2.0	39.2
Query_33775	XM_038769164.1	100.000	21	0	0	1	21	557	537	2.0	39.2
Query_33775	XM_038769163.1	100.000	21	0	0	1	21	558	538	2.0	39.2
Query_33775	XM_038769162.1	100.000	21	0	0	1	21	761	741	2.0	39.2
Query_33775	XM_037990392.1	100.000	21	0	0	1	21	807	787	2.0	39.2
Query_33775	XM_037990386.1	100.000	21	0	0	1	21	647	627	2.0	39.2
Query_33775	XM_037990381.1	100.000	21	0	0	1	21	487	467	2.0	39.2
Query_33775	XM_007999423.2	100.000	21	0	0	1	21	704	684	2.0	39.2
Query_33775	XM_037990373.1	100.000	21	0	0	1	21	702	682	2.0	39.2
Query_33775	XM_037990369.1	100.000	21	0	0	1	21	791	771	2.0	39.2
Query_33775	XM_037990364.1	100.000	21	0	0	1	21	965	945	2.0	39.2
Query_33775	XM_007999419.2	100.000	21	0	0	1	21	807	787	2.0	39.2
Query_33775	XM_007999418.2	100.000	21	0	0	1	21	885	865	2.0	39.2
Query_33775	XM_037830359.1	100.000	21	0	0	1	21	571	551	2.0	39.2
Query_33775	XM_037830358.1	100.000	21	0	0	1	21	582	562	2.0	39.2
Query_33775	XM_037830357.1	100.000	21	0	0	1	21	544	524	2.0	39.2
Query_33775	XM_037830356.1	100.000	21	0	0	1	21	596	576	2.0	39.2
Query_33775	XM_037830355.1	100.000	21	0	0	1	21	615	595	2.0	39.2
Query_33775	XM_017508657.2	100.000	21	0	0	1	21	699	679	2.0	39.2
Query_33775	XM_017508656.2	100.000	21	0	0	1	21	829	809	2.0	39.2
Query_33775	XM_017508655.2	100.000	21	0	0	1	21	603	583	2.0	39.2
Query_33775	XM_017508652.2	100.000	21	0	0	1	21	591	571	2.0	39.2
Query_33775	XM_017508651.2	100.000	21	0	0	1	21	780	760	2.0	39.2
Query_33775	XM_017508650.2	100.000	21	0	0	1	21	899	879	2.0	39.2
Query_33775	XR_001825684.2	100.000	21	0	0	1	21	540	520	2.0	39.2
Query_33775	XM_037509625.1	100.000	21	0	0	1	21	573	553	2.0	39.2
Query_33775	XM_037509624.1	100.000	21	0	0	1	21	523	503	2.0	39.2
Query_33775	XM_037509623.1	100.000	21	0	0	1	21	581	561	2.0	39.2
Query_33775	XM_037207130.1	100.000	21	0	0	1	21	396	376	2.0	39.2
Query_33775	XM_028857385.2	100.000	21	0	0	1	21	612	592	2.0	39.2
Query_33775	XM_028857378.2	100.000	21	0	0	1	21	573	553	2.0	39.2
Query_33775	XM_028857369.2	100.000	21	0	0	1	21	662	642	2.0	39.2
Query_33775	XM_028857360.2	100.000	21	0	0	1	21	614	594	2.0	39.2


