# blastn
# Iteration: 0
# Query: 
# RID: 7PZJH489016
# Database: nt
# Fields: query acc.ver, subject acc.ver, % identity, alignment length, mismatches, gap opens, q. start, q. end, s. start, s. end, evalue, bit score
# 35 hits found
Query_36873	XM_008951835.2	100.000	21	0	0	1	21	894	874	2.1	39.2
Query_36873	XM_003826427.2	100.000	21	0	0	1	21	541	521	2.1	39.2
Query_36873	XM_032283370.1	100.000	21	0	0	1	21	614	594	2.1	39.2
Query_36873	XM_032283369.1	100.000	21	0	0	1	21	868	848	2.1	39.2
Query_36873	NM_004223.5	100.000	21	0	0	1	21	505	485	2.1	39.2
Query_36873	XM_521987.5	100.000	21	0	0	1	21	540	520	2.1	39.2
Query_36873	XM_009246347.2	100.000	21	0	0	1	21	358	338	2.1	39.2
Query_36873	XM_009246345.2	100.000	21	0	0	1	21	899	879	2.1	39.2
Query_36873	XM_003777762.3	100.000	21	0	0	1	21	542	522	2.1	39.2
Query_36873	XM_009246344.2	100.000	21	0	0	1	21	706	686	2.1	39.2
Query_36873	XM_012476491.2	100.000	21	0	0	1	21	883	863	2.1	39.2
Query_36873	XM_021676426.1	100.000	21	0	0	1	21	434	414	2.1	39.2
Query_36873	XM_012476490.2	100.000	21	0	0	1	21	636	616	2.1	39.2
Query_36873	XM_012476489.2	100.000	21	0	0	1	21	700	680	2.1	39.2
Query_36873	XM_012476488.2	100.000	21	0	0	1	21	514	494	2.1	39.2
Query_36873	LT736766.1	100.000	21	0	0	1	21	931	911	2.1	39.2
Query_36873	XM_004051168.2	100.000	21	0	0	1	21	901	881	2.1	39.2
Query_36873	XM_004051167.2	100.000	21	0	0	1	21	534	514	2.1	39.2
Query_36873	XM_003317981.4	100.000	21	0	0	1	21	897	877	2.1	39.2
Query_36873	KJ892727.1	100.000	21	0	0	1	21	509	489	2.1	39.2
Query_36873	XM_003920114.2	100.000	21	0	0	1	21	539	519	2.1	39.2
Query_36873	NM_198183.3	100.000	21	0	0	1	21	504	484	2.1	39.2
Query_36873	CU689397.1	100.000	21	0	0	1	21	34	54	2.1	39.2
Query_36873	AK315755.1	100.000	21	0	0	1	21	459	439	2.1	39.2
Query_36873	DQ894475.2	100.000	21	0	0	1	21	466	446	2.1	39.2
Query_36873	DQ891291.2	100.000	21	0	0	1	21	466	446	2.1	39.2
Query_36873	AK226165.1	100.000	21	0	0	1	21	594	574	2.1	39.2
Query_36873	AK093462.1	100.000	21	0	0	1	21	853	833	2.1	39.2
Query_36873	CR457126.1	100.000	21	0	0	1	21	444	424	2.1	39.2
Query_36873	AK129621.1	100.000	21	0	0	1	21	411	391	2.1	39.2
Query_36873	BC032491.1	100.000	21	0	0	1	21	540	520	2.1	39.2
Query_36873	AP002893.3	100.000	21	0	0	1	21	122873	122893	2.1	39.2
Query_36873	AJ243271.1	100.000	21	0	0	1	21	134	114	2.1	39.2
Query_36873	AF061736.1	100.000	21	0	0	1	21	491	471	2.1	39.2
Query_36873	AF031141.1	100.000	21	0	0	1	21	441	421	2.1	39.2


