# blastn
# Iteration: 0
# Query: 
# RID: 6RS2GDTN013
# Database: nt
# Fields: query acc.ver, subject acc.ver, % identity, alignment length, mismatches, gap opens, q. start, q. end, s. start, s. end, evalue, bit score
# 35 hits found
Query_63783	XM_008951835.2	100.000	21	0	0	1	21	893	873	2.1	39.2
Query_63783	XM_003826427.2	100.000	21	0	0	1	21	540	520	2.1	39.2
Query_63783	XM_032283370.1	100.000	21	0	0	1	21	613	593	2.1	39.2
Query_63783	XM_032283369.1	100.000	21	0	0	1	21	867	847	2.1	39.2
Query_63783	NM_004223.5	100.000	21	0	0	1	21	504	484	2.1	39.2
Query_63783	XM_521987.5	100.000	21	0	0	1	21	539	519	2.1	39.2
Query_63783	XM_009246347.2	100.000	21	0	0	1	21	357	337	2.1	39.2
Query_63783	XM_009246345.2	100.000	21	0	0	1	21	898	878	2.1	39.2
Query_63783	XM_003777762.3	100.000	21	0	0	1	21	541	521	2.1	39.2
Query_63783	XM_009246344.2	100.000	21	0	0	1	21	705	685	2.1	39.2
Query_63783	XM_012476491.2	100.000	21	0	0	1	21	882	862	2.1	39.2
Query_63783	XM_021676426.1	100.000	21	0	0	1	21	433	413	2.1	39.2
Query_63783	XM_012476490.2	100.000	21	0	0	1	21	635	615	2.1	39.2
Query_63783	XM_012476489.2	100.000	21	0	0	1	21	699	679	2.1	39.2
Query_63783	XM_012476488.2	100.000	21	0	0	1	21	513	493	2.1	39.2
Query_63783	LT736766.1	100.000	21	0	0	1	21	930	910	2.1	39.2
Query_63783	XM_004051168.2	100.000	21	0	0	1	21	900	880	2.1	39.2
Query_63783	XM_004051167.2	100.000	21	0	0	1	21	533	513	2.1	39.2
Query_63783	XM_003317981.4	100.000	21	0	0	1	21	896	876	2.1	39.2
Query_63783	KJ892727.1	100.000	21	0	0	1	21	508	488	2.1	39.2
Query_63783	XM_003920114.2	100.000	21	0	0	1	21	538	518	2.1	39.2
Query_63783	NM_198183.3	100.000	21	0	0	1	21	503	483	2.1	39.2
Query_63783	CU689397.1	100.000	21	0	0	1	21	35	55	2.1	39.2
Query_63783	AK315755.1	100.000	21	0	0	1	21	458	438	2.1	39.2
Query_63783	DQ894475.2	100.000	21	0	0	1	21	465	445	2.1	39.2
Query_63783	DQ891291.2	100.000	21	0	0	1	21	465	445	2.1	39.2
Query_63783	AK226165.1	100.000	21	0	0	1	21	593	573	2.1	39.2
Query_63783	AK093462.1	100.000	21	0	0	1	21	852	832	2.1	39.2
Query_63783	CR457126.1	100.000	21	0	0	1	21	443	423	2.1	39.2
Query_63783	AK129621.1	100.000	21	0	0	1	21	410	390	2.1	39.2
Query_63783	BC032491.1	100.000	21	0	0	1	21	539	519	2.1	39.2
Query_63783	AP002893.3	100.000	21	0	0	1	21	122874	122894	2.1	39.2
Query_63783	AJ243271.1	100.000	21	0	0	1	21	133	113	2.1	39.2
Query_63783	AF061736.1	100.000	21	0	0	1	21	490	470	2.1	39.2
Query_63783	AF031141.1	100.000	21	0	0	1	21	440	420	2.1	39.2


