# blastn
# Iteration: 0
# Query: 
# RID: 7PJYE8M101R
# Database: nt
# Fields: query acc.ver, subject acc.ver, % identity, alignment length, mismatches, gap opens, q. start, q. end, s. start, s. end, evalue, bit score
# 100 hits found
Query_103751	XM_034995424.1	100.000	21	0	0	1	21	521	501	2.1	39.2
Query_103751	XM_034932123.1	100.000	21	0	0	1	21	413	393	2.1	39.2
Query_103751	XM_034932122.1	100.000	21	0	0	1	21	726	706	2.1	39.2
Query_103751	XR_004664993.1	100.000	21	0	0	1	21	702	682	2.1	39.2
Query_103751	XM_034932121.1	100.000	21	0	0	1	21	768	748	2.1	39.2
Query_103751	XM_034932120.1	100.000	21	0	0	1	21	378	358	2.1	39.2
Query_103751	XM_034932119.1	100.000	21	0	0	1	21	654	634	2.1	39.2
Query_103751	XM_034932117.1	100.000	21	0	0	1	21	464	444	2.1	39.2
Query_103751	XM_034932116.1	100.000	21	0	0	1	21	726	706	2.1	39.2
Query_103751	XM_034932115.1	100.000	21	0	0	1	21	726	706	2.1	39.2
Query_103751	XM_034666539.1	100.000	21	0	0	1	21	706	686	2.1	39.2
Query_103751	XM_034666538.1	100.000	21	0	0	1	21	706	686	2.1	39.2
Query_103751	XM_011220930.3	100.000	21	0	0	1	21	701	681	2.1	39.2
Query_103751	XM_027942433.2	100.000	21	0	0	1	21	735	715	2.1	39.2
Query_103751	XM_034495208.1	100.000	21	0	0	1	21	664	644	2.1	39.2
Query_103751	XM_034495199.1	100.000	21	0	0	1	21	699	679	2.1	39.2
Query_103751	XM_034218090.1	100.000	21	0	0	1	21	518	498	2.1	39.2
Query_103751	XM_034218082.1	100.000	21	0	0	1	21	518	498	2.1	39.2
Query_103751	XM_034218072.1	100.000	21	0	0	1	21	569	549	2.1	39.2
Query_103751	XM_034218061.1	100.000	21	0	0	1	21	569	549	2.1	39.2
Query_103751	XM_034116500.1	100.000	21	0	0	1	21	543	523	2.1	39.2
Query_103751	XM_034116499.1	100.000	21	0	0	1	21	471	451	2.1	39.2
Query_103751	XM_034116498.1	100.000	21	0	0	1	21	543	523	2.1	39.2
Query_103751	XM_034111116.1	100.000	21	0	0	1	21	502	482	2.1	39.2
Query_103751	XM_034111113.1	100.000	21	0	0	1	21	502	482	2.1	39.2
Query_103751	XM_034111109.1	100.000	21	0	0	1	21	574	554	2.1	39.2
Query_103751	XM_034111104.1	100.000	21	0	0	1	21	574	554	2.1	39.2
Query_103751	XM_034111100.1	100.000	21	0	0	1	21	574	554	2.1	39.2
Query_103751	XM_033862515.1	100.000	21	0	0	1	21	691	671	2.1	39.2
Query_103751	XM_033862513.1	100.000	21	0	0	1	21	690	670	2.1	39.2
Query_103751	XM_033862512.1	100.000	21	0	0	1	21	727	707	2.1	39.2
Query_103751	HG999685.1	100.000	21	0	0	1	21	8936613	8936593	2.1	39.2
Query_103751	XM_040284772.1	100.000	21	0	0	1	21	373	353	2.1	39.2
Query_103751	XM_040258410.1	100.000	21	0	0	1	21	730	710	2.1	39.2
Query_103751	XM_039470498.1	100.000	21	0	0	1	21	471	451	2.1	39.2
Query_103751	XM_039470497.1	100.000	21	0	0	1	21	798	778	2.1	39.2
Query_103751	XM_039470496.1	100.000	21	0	0	1	21	690	670	2.1	39.2
Query_103751	XM_039470495.1	100.000	21	0	0	1	21	798	778	2.1	39.2
Query_103751	XM_039078190.1	100.000	21	0	0	1	21	740	720	2.1	39.2
Query_103751	XM_017589204.2	100.000	21	0	0	1	21	665	645	2.1	39.2
Query_103751	XM_038341029.1	100.000	21	0	0	1	21	484	464	2.1	39.2
Query_103751	XM_038341024.1	100.000	21	0	0	1	21	484	464	2.1	39.2
Query_103751	XM_037840027.1	100.000	21	0	0	1	21	698	678	2.1	39.2
Query_103751	XM_037840026.1	100.000	21	0	0	1	21	691	671	2.1	39.2
Query_103751	XM_017500309.2	100.000	21	0	0	1	21	468	448	2.1	39.2
Query_103751	XM_028894622.2	100.000	21	0	0	1	21	692	672	2.1	39.2
Query_103751	XM_028894620.2	100.000	21	0	0	1	21	691	671	2.1	39.2
Query_103751	XM_037133802.1	100.000	21	0	0	1	21	788	768	2.1	39.2
Query_103751	XM_037050107.1	100.000	21	0	0	1	21	711	691	2.1	39.2
Query_103751	XM_037050106.1	100.000	21	0	0	1	21	783	763	2.1	39.2
Query_103751	XM_037026327.1	100.000	21	0	0	1	21	414	394	2.1	39.2
Query_103751	XM_037026326.1	100.000	21	0	0	1	21	486	466	2.1	39.2
Query_103751	XM_036930928.1	100.000	21	0	0	1	21	455	435	2.1	39.2
Query_103751	XM_036930927.1	100.000	21	0	0	1	21	527	507	2.1	39.2
Query_103751	XM_036860165.1	100.000	21	0	0	1	21	431	411	2.1	39.2
Query_103751	XM_036860164.1	100.000	21	0	0	1	21	503	483	2.1	39.2
Query_103751	XM_036428615.1	100.000	21	0	0	1	21	745	725	2.1	39.2
Query_103751	XM_036428614.1	100.000	21	0	0	1	21	734	714	2.1	39.2
Query_103751	XR_004986364.1	100.000	21	0	0	1	21	731	711	2.1	39.2
Query_103751	XM_036428612.1	100.000	21	0	0	1	21	743	723	2.1	39.2
Query_103751	XM_036428611.1	100.000	21	0	0	1	21	722	702	2.1	39.2
Query_103751	XM_036428610.1	100.000	21	0	0	1	21	731	711	2.1	39.2
Query_103751	XM_036428609.1	100.000	21	0	0	1	21	726	706	2.1	39.2
Query_103751	XM_036428608.1	100.000	21	0	0	1	21	725	705	2.1	39.2
Query_103751	XM_036428607.1	100.000	21	0	0	1	21	673	653	2.1	39.2
Query_103751	XM_036428606.1	100.000	21	0	0	1	21	736	716	2.1	39.2
Query_103751	XM_036428605.1	100.000	21	0	0	1	21	745	725	2.1	39.2
Query_103751	XM_036325330.1	100.000	21	0	0	1	21	716	696	2.1	39.2
Query_103751	XM_036325329.1	100.000	21	0	0	1	21	720	700	2.1	39.2
Query_103751	XM_036325328.1	100.000	21	0	0	1	21	720	700	2.1	39.2
Query_103751	XM_036325327.1	100.000	21	0	0	1	21	718	698	2.1	39.2
Query_103751	XM_036325326.1	100.000	21	0	0	1	21	719	699	2.1	39.2
Query_103751	XM_036325325.1	100.000	21	0	0	1	21	718	698	2.1	39.2
Query_103751	XM_036325324.1	100.000	21	0	0	1	21	718	698	2.1	39.2
Query_103751	XM_036325323.1	100.000	21	0	0	1	21	421	401	2.1	39.2
Query_103751	XM_036325322.1	100.000	21	0	0	1	21	718	698	2.1	39.2
Query_103751	XM_036325321.1	100.000	21	0	0	1	21	717	697	2.1	39.2
Query_103751	XM_036325320.1	100.000	21	0	0	1	21	719	699	2.1	39.2
Query_103751	XM_036325319.1	100.000	21	0	0	1	21	717	697	2.1	39.2
Query_103751	XM_036258063.1	100.000	21	0	0	1	21	729	709	2.1	39.2
Query_103751	XM_036258062.1	100.000	21	0	0	1	21	433	413	2.1	39.2
Query_103751	XM_036258061.1	100.000	21	0	0	1	21	729	709	2.1	39.2
Query_103751	XM_036189007.1	100.000	21	0	0	1	21	643	623	2.1	39.2
Query_103751	XM_036189000.1	100.000	21	0	0	1	21	660	640	2.1	39.2
Query_103751	XM_036188991.1	100.000	21	0	0	1	21	686	666	2.1	39.2
Query_103751	XM_028514394.2	100.000	21	0	0	1	21	772	752	2.1	39.2
Query_103751	XM_036028997.1	100.000	21	0	0	1	21	774	754	2.1	39.2
Query_103751	XM_028514393.2	100.000	21	0	0	1	21	699	679	2.1	39.2
Query_103751	XM_028514392.2	100.000	21	0	0	1	21	771	751	2.1	39.2
Query_103751	LR877218.1	100.000	21	0	0	1	21	59430154	59430174	2.1	39.2
Query_103751	XM_027578364.2	100.000	21	0	0	1	21	592	572	2.1	39.2
Query_103751	XM_027578363.2	100.000	21	0	0	1	21	592	572	2.1	39.2
Query_103751	XM_027578362.2	100.000	21	0	0	1	21	592	572	2.1	39.2
Query_103751	LR862365.1	100.000	21	0	0	1	21	31652054	31652034	2.1	39.2
Query_103751	XM_035437289.1	100.000	21	0	0	1	21	498	478	2.1	39.2
Query_103751	XR_004767501.1	100.000	21	0	0	1	21	498	478	2.1	39.2
Query_103751	XM_003513382.4	100.000	21	0	0	1	21	498	478	2.1	39.2
Query_103751	XM_017977897.2	100.000	21	0	0	1	21	761	741	2.1	39.2
Query_103751	XM_017977895.2	100.000	21	0	0	1	21	689	669	2.1	39.2
Query_103751	XM_002755025.4	100.000	21	0	0	1	21	761	741	2.1	39.2


