# blastn
# Iteration: 0
# Query: 
# RID: 6UG69NW1016
# Database: nt
# Fields: query acc.ver, subject acc.ver, % identity, alignment length, mismatches, gap opens, q. start, q. end, s. start, s. end, evalue, bit score
# 100 hits found
Query_17091	XM_035005109.1	100.000	21	0	0	1	21	645	625	2.1	39.2
Query_17091	XM_035005108.1	100.000	21	0	0	1	21	1149	1129	2.1	39.2
Query_17091	XM_034958465.1	100.000	21	0	0	1	21	510	490	2.1	39.2
Query_17091	XM_034958464.1	100.000	21	0	0	1	21	621	601	2.1	39.2
Query_17091	XM_002925166.4	100.000	21	0	0	1	21	594	574	2.1	39.2
Query_17091	XM_034671927.1	100.000	21	0	0	1	21	645	625	2.1	39.2
Query_17091	XM_033857235.1	100.000	21	0	0	1	21	463	443	2.1	39.2
Query_17091	XM_033856950.1	100.000	21	0	0	1	21	621	601	2.1	39.2
Query_17091	XM_033856948.1	100.000	21	0	0	1	21	646	626	2.1	39.2
Query_17091	XM_004266248.3	100.000	21	0	0	1	21	621	601	2.1	39.2
Query_17091	XM_033421680.1	100.000	21	0	0	1	21	658	638	2.1	39.2
Query_17091	XM_033214027.1	100.000	21	0	0	1	21	414	394	2.1	39.2
Query_17091	XM_033214026.1	100.000	21	0	0	1	21	300	280	2.1	39.2
Query_17091	XM_033214025.1	100.000	21	0	0	1	21	549	529	2.1	39.2
Query_17091	XM_033214024.1	100.000	21	0	0	1	21	500	480	2.1	39.2
Query_17091	XM_033214023.1	100.000	21	0	0	1	21	699	679	2.1	39.2
Query_17091	XM_032853039.1	100.000	21	0	0	1	21	747	727	2.1	39.2
Query_17091	XM_032633307.1	100.000	21	0	0	1	21	461	441	2.1	39.2
Query_17091	XM_032632480.1	100.000	21	0	0	1	21	496	476	2.1	39.2
Query_17091	XM_032632479.1	100.000	21	0	0	1	21	2526	2506	2.1	39.2
Query_17091	XM_032632478.1	100.000	21	0	0	1	21	622	602	2.1	39.2
Query_17091	XM_032632477.1	100.000	21	0	0	1	21	4457	4437	2.1	39.2
Query_17091	XM_032400221.1	100.000	21	0	0	1	21	630	610	2.1	39.2
Query_17091	XM_032273987.1	100.000	21	0	0	1	21	518	498	2.1	39.2
Query_17091	XM_032273985.1	100.000	21	0	0	1	21	699	679	2.1	39.2
Query_17091	XM_032136191.1	100.000	21	0	0	1	21	703	683	2.1	39.2
Query_17091	XM_023224702.3	100.000	21	0	0	1	21	237	217	2.1	39.2
Query_17091	XM_023224701.3	100.000	21	0	0	1	21	518	498	2.1	39.2
Query_17091	XM_023224700.3	100.000	21	0	0	1	21	490	470	2.1	39.2
Query_17091	XM_023224699.3	100.000	21	0	0	1	21	699	679	2.1	39.2
Query_17091	XM_031664650.1	100.000	21	0	0	1	21	286	266	2.1	39.2
Query_17091	XM_021938381.2	100.000	21	0	0	1	21	510	490	2.1	39.2
Query_17091	XM_003898597.4	100.000	21	0	0	1	21	699	679	2.1	39.2
Query_17091	XM_031027020.1	100.000	21	0	0	1	21	663	643	2.1	39.2
Query_17091	XM_006732317.2	100.000	21	0	0	1	21	621	601	2.1	39.2
Query_17091	XM_019025601.2	100.000	21	0	0	1	21	234	214	2.1	39.2
Query_17091	XM_004038573.3	100.000	21	0	0	1	21	699	679	2.1	39.2
Query_17091	XM_010384547.2	100.000	21	0	0	1	21	699	679	2.1	39.2
Query_17091	XM_030881082.1	100.000	21	0	0	1	21	621	601	2.1	39.2
Query_17091	XM_030881081.1	100.000	21	0	0	1	21	659	639	2.1	39.2
Query_17091	XM_030800871.1	100.000	21	0	0	1	21	703	683	2.1	39.2
Query_17091	XM_022565671.2	100.000	21	0	0	1	21	486	466	2.1	39.2
Query_17091	XR_002643551.2	100.000	21	0	0	1	21	546	526	2.1	39.2
Query_17091	NM_001312647.2	100.000	21	0	0	1	21	521	501	2.1	39.2
Query_17091	NM_001312648.2	100.000	21	0	0	1	21	515	495	2.1	39.2
Query_17091	NM_001111113.2	100.000	21	0	0	1	21	456	436	2.1	39.2
Query_17091	XM_029234871.1	100.000	21	0	0	1	21	626	606	2.1	39.2
Query_17091	XM_028848016.1	100.000	21	0	0	1	21	602	582	2.1	39.2
Query_17091	NM_005339.5	100.000	21	0	0	1	21	609	589	2.1	39.2
Query_17091	XM_027103131.1	100.000	21	0	0	1	21	621	601	2.1	39.2
Query_17091	XM_027103130.1	100.000	21	0	0	1	21	438	418	2.1	39.2
Query_17091	XM_027103129.1	100.000	21	0	0	1	21	657	637	2.1	39.2
Query_17091	XM_026508762.1	100.000	21	0	0	1	21	447	427	2.1	39.2
Query_17091	XM_026508761.1	100.000	21	0	0	1	21	599	579	2.1	39.2
Query_17091	XM_007178803.2	100.000	21	0	0	1	21	645	625	2.1	39.2
Query_17091	XM_025997852.1	100.000	21	0	0	1	21	529	509	2.1	39.2
Query_17091	XM_025997843.1	100.000	21	0	0	1	21	629	609	2.1	39.2
Query_17091	XM_025385140.1	100.000	21	0	0	1	21	181	161	2.1	39.2
Query_17091	XM_025385138.1	100.000	21	0	0	1	21	223	203	2.1	39.2
Query_17091	XM_025385137.1	100.000	21	0	0	1	21	607	587	2.1	39.2
Query_17091	XM_025385136.1	100.000	21	0	0	1	21	613	593	2.1	39.2
Query_17091	XM_025385134.1	100.000	21	0	0	1	21	548	528	2.1	39.2
Query_17091	XM_003940989.2	100.000	21	0	0	1	21	496	476	2.1	39.2
Query_17091	XM_039468204.1	100.000	21	0	0	1	21	515	495	2.1	39.2
Query_17091	XM_038661952.1	100.000	21	0	0	1	21	538	518	2.1	39.2
Query_17091	XM_038661951.1	100.000	21	0	0	1	21	501	481	2.1	39.2
Query_17091	XM_038661950.1	100.000	21	0	0	1	21	650	630	2.1	39.2
Query_17091	XM_022417228.2	100.000	21	0	0	1	21	538	518	2.1	39.2
Query_17091	XM_846094.6	100.000	21	0	0	1	21	501	481	2.1	39.2
Query_17091	XM_003434394.5	100.000	21	0	0	1	21	650	630	2.1	39.2
Query_17091	XM_038008617.1	100.000	21	0	0	1	21	527	507	2.1	39.2
Query_17091	XM_008017600.2	100.000	21	0	0	1	21	699	679	2.1	39.2
Query_17091	XR_001826530.2	100.000	21	0	0	1	21	568	548	2.1	39.2
Query_17091	XM_017527248.2	100.000	21	0	0	1	21	512	492	2.1	39.2
Query_17091	XM_017527245.2	100.000	21	0	0	1	21	699	679	2.1	39.2
Query_17091	XM_036853403.1	100.000	21	0	0	1	21	546	526	2.1	39.2
Query_17091	XM_036852348.1	100.000	21	0	0	1	21	619	599	2.1	39.2
Query_17091	XM_036852347.1	100.000	21	0	0	1	21	662	642	2.1	39.2
Query_17091	XM_036228034.1	100.000	21	0	0	1	21	679	659	2.1	39.2
Query_17091	XM_036228033.1	100.000	21	0	0	1	21	472	452	2.1	39.2
Query_17091	XM_036228032.1	100.000	21	0	0	1	21	373	353	2.1	39.2
Query_17091	XM_036228031.1	100.000	21	0	0	1	21	520	500	2.1	39.2
Query_17091	XM_016119954.2	100.000	21	0	0	1	21	455	435	2.1	39.2
Query_17091	XM_016119953.2	100.000	21	0	0	1	21	627	607	2.1	39.2
Query_17091	XM_036228030.1	100.000	21	0	0	1	21	640	620	2.1	39.2
Query_17091	XM_036112050.1	100.000	21	0	0	1	21	492	472	2.1	39.2
Query_17091	XM_036112045.1	100.000	21	0	0	1	21	624	604	2.1	39.2
Query_17091	XM_036112039.1	100.000	21	0	0	1	21	450	430	2.1	39.2
Query_17091	XM_036112035.1	100.000	21	0	0	1	21	483	463	2.1	39.2
Query_17091	XM_036112026.1	100.000	21	0	0	1	21	566	546	2.1	39.2
Query_17091	XM_035714481.1	100.000	21	0	0	1	21	311	291	2.1	39.2
Query_17091	XM_025437023.2	100.000	21	0	0	1	21	500	480	2.1	39.2
Query_17091	XM_035714480.1	100.000	21	0	0	1	21	374	354	2.1	39.2
Query_17091	XM_035714479.1	100.000	21	0	0	1	21	377	357	2.1	39.2
Query_17091	XM_025437022.2	100.000	21	0	0	1	21	649	629	2.1	39.2
Query_17091	XM_035293866.1	100.000	21	0	0	1	21	309	289	2.1	39.2
Query_17091	XM_017970616.2	100.000	21	0	0	1	21	713	693	2.1	39.2
Query_17091	XM_035293865.1	100.000	21	0	0	1	21	671	651	2.1	39.2
Query_17091	XM_035293864.1	100.000	21	0	0	1	21	414	394	2.1	39.2
Query_17091	XM_002745900.5	100.000	21	0	0	1	21	806	786	2.1	39.2


