# blastn
# Iteration: 0
# Query: 
# RID: 6UHX8SM501N
# Database: nt
# Fields: query acc.ver, subject acc.ver, % identity, alignment length, mismatches, gap opens, q. start, q. end, s. start, s. end, evalue, bit score
# 82 hits found
Query_328023	XM_034958465.1	100.000	21	0	0	1	21	404	384	2.0	39.2
Query_328023	XM_034958464.1	100.000	21	0	0	1	21	515	495	2.0	39.2
Query_328023	XM_033214025.1	100.000	21	0	0	1	21	443	423	2.0	39.2
Query_328023	XM_033214024.1	100.000	21	0	0	1	21	394	374	2.0	39.2
Query_328023	XM_033214023.1	100.000	21	0	0	1	21	593	573	2.0	39.2
Query_328023	XM_032273987.1	100.000	21	0	0	1	21	412	392	2.0	39.2
Query_328023	XM_032273986.1	100.000	21	0	0	1	21	593	573	2.0	39.2
Query_328023	XM_032273985.1	100.000	21	0	0	1	21	593	573	2.0	39.2
Query_328023	XM_032136191.1	100.000	21	0	0	1	21	597	577	2.0	39.2
Query_328023	XM_023224701.3	100.000	21	0	0	1	21	412	392	2.0	39.2
Query_328023	XM_023224700.3	100.000	21	0	0	1	21	384	364	2.0	39.2
Query_328023	XM_023224699.3	100.000	21	0	0	1	21	593	573	2.0	39.2
Query_328023	XM_021938381.2	100.000	21	0	0	1	21	404	384	2.0	39.2
Query_328023	XM_021938380.2	100.000	21	0	0	1	21	593	573	2.0	39.2
Query_328023	XM_003898597.4	100.000	21	0	0	1	21	593	573	2.0	39.2
Query_328023	XM_004038573.3	100.000	21	0	0	1	21	593	573	2.0	39.2
Query_328023	XM_010384547.2	100.000	21	0	0	1	21	593	573	2.0	39.2
Query_328023	XM_030800871.1	100.000	21	0	0	1	21	597	577	2.0	39.2
Query_328023	NM_001312647.2	100.000	21	0	0	1	21	415	395	2.0	39.2
Query_328023	NM_001111112.2	100.000	21	0	0	1	21	503	483	2.0	39.2
Query_328023	NM_001312648.2	100.000	21	0	0	1	21	409	389	2.0	39.2
Query_328023	NM_001111113.2	100.000	21	0	0	1	21	350	330	2.0	39.2
Query_328023	XM_028848016.1	100.000	21	0	0	1	21	496	476	2.0	39.2
Query_328023	XM_015138162.2	100.000	21	0	0	1	21	593	573	2.0	39.2
Query_328023	NM_005339.5	100.000	21	0	0	1	21	503	483	2.0	39.2
Query_328023	XM_025385137.1	100.000	21	0	0	1	21	501	481	2.0	39.2
Query_328023	XM_025385136.1	100.000	21	0	0	1	21	507	487	2.0	39.2
Query_328023	XM_025385134.1	100.000	21	0	0	1	21	442	422	2.0	39.2
Query_328023	XM_025385133.1	100.000	21	0	0	1	21	598	578	2.0	39.2
Query_328023	XM_025385132.1	100.000	21	0	0	1	21	598	578	2.0	39.2
Query_328023	XM_011751348.2	100.000	21	0	0	1	21	593	573	2.0	39.2
Query_328023	XM_016950973.2	100.000	21	0	0	1	21	497	477	2.0	39.2
Query_328023	XM_009447486.3	100.000	21	0	0	1	21	438	418	2.0	39.2
Query_328023	XM_009447485.3	100.000	21	0	0	1	21	594	574	2.0	39.2
Query_328023	XM_024245916.1	100.000	21	0	0	1	21	501	481	2.0	39.2
Query_328023	XM_002814684.3	100.000	21	0	0	1	21	598	578	2.0	39.2
Query_328023	XM_023063789.1	100.000	21	0	0	1	21	697	677	2.0	39.2
Query_328023	XM_012474955.2	100.000	21	0	0	1	21	598	578	2.0	39.2
Query_328023	LT735837.1	100.000	21	0	0	1	21	798	778	2.0	39.2
Query_328023	XM_017854256.1	100.000	21	0	0	1	21	717	697	2.0	39.2
Query_328023	XM_015450067.1	100.000	21	0	0	1	21	496	476	2.0	39.2
Query_328023	XM_015450066.1	100.000	21	0	0	1	21	502	482	2.0	39.2
Query_328023	XM_006629922.2	100.000	21	0	0	1	21	409	389	2.0	39.2
Query_328023	XM_004579146.2	100.000	21	0	0	1	21	347	327	2.0	39.2
Query_328023	XM_004579144.2	100.000	21	0	0	1	21	546	526	2.0	39.2
Query_328023	XM_012057902.1	100.000	21	0	0	1	21	593	573	2.0	39.2
Query_328023	XM_012057901.1	100.000	21	0	0	1	21	593	573	2.0	39.2
Query_328023	XM_011983567.1	100.000	21	0	0	1	21	442	422	2.0	39.2
Query_328023	XM_011983565.1	100.000	21	0	0	1	21	598	578	2.0	39.2
Query_328023	XM_011983564.1	100.000	21	0	0	1	21	598	578	2.0	39.2
Query_328023	KJ891343.1	100.000	21	0	0	1	21	376	356	2.0	39.2
Query_328023	XM_003940989.2	100.000	21	0	0	1	21	390	370	2.0	39.2
Query_328023	XM_039468204.1	100.000	21	0	0	1	21	409	389	2.0	39.2
Query_328023	NM_001260841.2	100.000	21	0	0	1	21	360	340	2.0	39.2
Query_328023	XM_038008617.1	100.000	21	0	0	1	21	421	401	2.0	39.2
Query_328023	XM_008017600.2	100.000	21	0	0	1	21	593	573	2.0	39.2
Query_328023	XR_001826530.2	100.000	21	0	0	1	21	462	442	2.0	39.2
Query_328023	XM_017527248.2	100.000	21	0	0	1	21	406	386	2.0	39.2
Query_328023	XM_017527247.2	100.000	21	0	0	1	21	593	573	2.0	39.2
Query_328023	XM_017527245.2	100.000	21	0	0	1	21	593	573	2.0	39.2
Query_328023	XM_036496828.1	100.000	21	0	0	1	21	254	234	2.0	39.2
Query_328023	XM_036496827.1	100.000	21	0	0	1	21	426	406	2.0	39.2
Query_328023	XM_004579145.3	100.000	21	0	0	1	21	485	465	2.0	39.2
Query_328023	XM_017970616.2	100.000	21	0	0	1	21	607	587	2.0	39.2
Query_328023	XM_035293865.1	100.000	21	0	0	1	21	565	545	2.0	39.2
Query_328023	XM_008993465.3	100.000	21	0	0	1	21	715	695	2.0	39.2
Query_328023	XM_035293864.1	100.000	21	0	0	1	21	308	288	2.0	39.2
Query_328023	XM_002745900.5	100.000	21	0	0	1	21	700	680	2.0	39.2
Query_328023	AB527742.1	100.000	21	0	0	1	21	320	300	2.0	39.2
Query_328023	CU690733.1	100.000	21	0	0	1	21	308	328	2.0	39.2
Query_328023	CU690732.1	100.000	21	0	0	1	21	327	307	2.0	39.2
Query_328023	EU446896.1	100.000	21	0	0	1	21	333	313	2.0	39.2
Query_328023	AK315524.1	100.000	21	0	0	1	21	521	501	2.0	39.2
Query_328023	AK307130.1	100.000	21	0	0	1	21	406	386	2.0	39.2
Query_328023	AK291454.1	100.000	21	0	0	1	21	347	327	2.0	39.2
Query_328023	NM_001283819.1	100.000	21	0	0	1	21	518	498	2.0	39.2
Query_328023	BC022804.1	100.000	21	0	0	1	21	471	451	2.0	39.2
Query_328023	AK093533.1	100.000	21	0	0	1	21	416	396	2.0	39.2
Query_328023	BC050600.1	100.000	21	0	0	1	21	449	429	2.0	39.2
Query_328023	AB022436.1	100.000	21	0	0	1	21	244	224	2.0	39.2
Query_328023	AB022435.1	100.000	21	0	0	1	21	397	377	2.0	39.2
Query_328023	U58522.1	100.000	21	0	0	1	21	314	294	2.0	39.2


