# blastn
# Iteration: 0
# Query: 
# RID: 6UJZACYY016
# Database: nt
# Fields: query acc.ver, subject acc.ver, % identity, alignment length, mismatches, gap opens, q. start, q. end, s. start, s. end, evalue, bit score
# 101 hits found
Query_15127	XM_035005109.1	100.000	21	0	0	1	21	464	444	2.1	39.2
Query_15127	XM_035005108.1	100.000	21	0	0	1	21	968	948	2.1	39.2
Query_15127	XM_034958465.1	100.000	21	0	0	1	21	329	309	2.1	39.2
Query_15127	XM_034958464.1	100.000	21	0	0	1	21	440	420	2.1	39.2
Query_15127	XM_040485326.1	100.000	21	0	0	1	21	363	343	2.1	39.2
Query_15127	XM_021722734.2	100.000	21	0	0	1	21	360	340	2.1	39.2
Query_15127	XM_005319928.3	100.000	21	0	0	1	21	464	444	2.1	39.2
Query_15127	XM_040238047.1	100.000	21	0	0	1	21	296	276	2.1	39.2
Query_15127	XM_040238046.1	100.000	21	0	0	1	21	321	301	2.1	39.2
Query_15127	XM_040238045.1	100.000	21	0	0	1	21	358	338	2.1	39.2
Query_15127	XM_040238044.1	100.000	21	0	0	1	21	555	535	2.1	39.2
Query_15127	HG994384.1	100.000	21	0	0	1	21	74320148	74320168	2.1	39.2
Query_15127	HG994384.1	100.000	21	0	0	1	21	74320275	74320295	2.1	39.2
Query_15127	XM_039844998.1	100.000	21	0	0	1	21	499	479	2.1	39.2
Query_15127	XM_039844997.1	100.000	21	0	0	1	21	337	317	2.1	39.2
Query_15127	XM_039844996.1	100.000	21	0	0	1	21	272	252	2.1	39.2
Query_15127	XM_039844995.1	100.000	21	0	0	1	21	444	424	2.1	39.2
Query_15127	XM_003940989.2	100.000	21	0	0	1	21	315	295	2.1	39.2
Query_15127	XM_039468204.1	100.000	21	0	0	1	21	334	314	2.1	39.2
Query_15127	XM_039226965.1	100.000	21	0	0	1	21	215	195	2.1	39.2
Query_15127	XM_039226963.1	100.000	21	0	0	1	21	458	438	2.1	39.2
Query_15127	XM_039091717.1	100.000	21	0	0	1	21	289	269	2.1	39.2
Query_15127	XM_039091716.1	100.000	21	0	0	1	21	562	542	2.1	39.2
Query_15127	XM_038661952.1	100.000	21	0	0	1	21	357	337	2.1	39.2
Query_15127	XM_038661951.1	100.000	21	0	0	1	21	320	300	2.1	39.2
Query_15127	XM_038661950.1	100.000	21	0	0	1	21	469	449	2.1	39.2
Query_15127	XM_022417228.2	100.000	21	0	0	1	21	357	337	2.1	39.2
Query_15127	XM_846094.6	100.000	21	0	0	1	21	320	300	2.1	39.2
Query_15127	XM_003434394.5	100.000	21	0	0	1	21	469	449	2.1	39.2
Query_15127	XM_038324635.1	100.000	21	0	0	1	21	167	147	2.1	39.2
Query_15127	XM_038323543.1	100.000	21	0	0	1	21	573	553	2.1	39.2
Query_15127	XM_038008617.1	100.000	21	0	0	1	21	346	326	2.1	39.2
Query_15127	XM_008017600.2	100.000	21	0	0	1	21	518	498	2.1	39.2
Query_15127	XM_037829624.1	100.000	21	0	0	1	21	111	91	2.1	39.2
Query_15127	XM_037829623.1	100.000	21	0	0	1	21	396	376	2.1	39.2
Query_15127	XM_037823026.1	100.000	21	0	0	1	21	218	198	2.1	39.2
Query_15127	XM_017527248.2	100.000	21	0	0	1	21	331	311	2.1	39.2
Query_15127	XM_017527247.2	100.000	21	0	0	1	21	518	498	2.1	39.2
Query_15127	XM_017527245.2	100.000	21	0	0	1	21	518	498	2.1	39.2
Query_15127	XM_037530493.1	100.000	21	0	0	1	21	445	425	2.1	39.2
Query_15127	XM_028882241.2	100.000	21	0	0	1	21	98	78	2.1	39.2
Query_15127	XM_028882240.2	100.000	21	0	0	1	21	299	279	2.1	39.2
Query_15127	XM_037138034.1	100.000	21	0	0	1	21	158	138	2.1	39.2
Query_15127	XM_037138033.1	100.000	21	0	0	1	21	460	440	2.1	39.2
Query_15127	XM_037064307.1	100.000	21	0	0	1	21	158	138	2.1	39.2
Query_15127	XM_037064306.1	100.000	21	0	0	1	21	444	424	2.1	39.2
Query_15127	XM_017662459.2	100.000	21	0	0	1	21	386	366	2.1	39.2
Query_15127	XM_036908505.1	100.000	21	0	0	1	21	388	368	2.1	39.2
Query_15127	XM_036853403.1	100.000	21	0	0	1	21	365	345	2.1	39.2
Query_15127	XM_036852348.1	100.000	21	0	0	1	21	438	418	2.1	39.2
Query_15127	XM_036852347.1	100.000	21	0	0	1	21	481	461	2.1	39.2
Query_15127	XM_036496828.1	100.000	21	0	0	1	21	179	159	2.1	39.2
Query_15127	XM_036496827.1	100.000	21	0	0	1	21	351	331	2.1	39.2
Query_15127	XM_004579145.3	100.000	21	0	0	1	21	410	390	2.1	39.2
Query_15127	XM_036418288.1	100.000	21	0	0	1	21	368	348	2.1	39.2
Query_15127	XM_036418282.1	100.000	21	0	0	1	21	466	446	2.1	39.2
Query_15127	XM_036331588.1	100.000	21	0	0	1	21	269	249	2.1	39.2
Query_15127	XM_036331578.1	100.000	21	0	0	1	21	210	190	2.1	39.2
Query_15127	XM_036331571.1	100.000	21	0	0	1	21	615	595	2.1	39.2
Query_15127	XM_036331560.1	100.000	21	0	0	1	21	233	213	2.1	39.2
Query_15127	XM_036331552.1	100.000	21	0	0	1	21	236	216	2.1	39.2
Query_15127	XM_036331544.1	100.000	21	0	0	1	21	297	277	2.1	39.2
Query_15127	XM_036258045.1	100.000	21	0	0	1	21	222	202	2.1	39.2
Query_15127	XM_036258037.1	100.000	21	0	0	1	21	288	268	2.1	39.2
Query_15127	XM_036258027.1	100.000	21	0	0	1	21	358	338	2.1	39.2
Query_15127	XM_036258018.1	100.000	21	0	0	1	21	393	373	2.1	39.2
Query_15127	XM_036258009.1	100.000	21	0	0	1	21	446	426	2.1	39.2
Query_15127	XM_036258001.1	100.000	21	0	0	1	21	445	425	2.1	39.2
Query_15127	XM_036228034.1	100.000	21	0	0	1	21	498	478	2.1	39.2
Query_15127	XM_036228033.1	100.000	21	0	0	1	21	291	271	2.1	39.2
Query_15127	XM_036228032.1	100.000	21	0	0	1	21	192	172	2.1	39.2
Query_15127	XM_036228031.1	100.000	21	0	0	1	21	339	319	2.1	39.2
Query_15127	XM_016119954.2	100.000	21	0	0	1	21	274	254	2.1	39.2
Query_15127	XM_016119953.2	100.000	21	0	0	1	21	446	426	2.1	39.2
Query_15127	XM_036228030.1	100.000	21	0	0	1	21	459	439	2.1	39.2
Query_15127	XM_036200412.1	100.000	21	0	0	1	21	512	492	2.1	39.2
Query_15127	XM_036112050.1	100.000	21	0	0	1	21	311	291	2.1	39.2
Query_15127	XM_036112045.1	100.000	21	0	0	1	21	443	423	2.1	39.2
Query_15127	XM_036112039.1	100.000	21	0	0	1	21	269	249	2.1	39.2
Query_15127	XM_036112035.1	100.000	21	0	0	1	21	302	282	2.1	39.2
Query_15127	XM_036112026.1	100.000	21	0	0	1	21	385	365	2.1	39.2
Query_15127	XM_030314001.3	100.000	21	0	0	1	21	424	404	2.1	39.2
Query_15127	XM_028507672.2	100.000	21	0	0	1	21	329	309	2.1	39.2
Query_15127	XM_028507668.2	100.000	21	0	0	1	21	453	433	2.1	39.2
Query_15127	LR877233.1	100.000	21	0	0	1	21	53860207	53860187	2.1	39.2
Query_15127	LR877197.1	100.000	21	0	0	1	21	44490543	44490563	2.1	39.2
Query_15127	XM_035714481.1	100.000	21	0	0	1	21	130	110	2.1	39.2
Query_15127	XM_025437023.2	100.000	21	0	0	1	21	319	299	2.1	39.2
Query_15127	XM_035714480.1	100.000	21	0	0	1	21	193	173	2.1	39.2
Query_15127	XM_035714479.1	100.000	21	0	0	1	21	196	176	2.1	39.2
Query_15127	XM_025437022.2	100.000	21	0	0	1	21	468	448	2.1	39.2
Query_15127	XM_027599485.2	100.000	21	0	0	1	21	468	448	2.1	39.2
Query_15127	XM_027390759.2	100.000	21	0	0	1	21	339	319	2.1	39.2
Query_15127	XM_027390758.2	100.000	21	0	0	1	21	287	267	2.1	39.2
Query_15127	XM_027390757.2	100.000	21	0	0	1	21	438	418	2.1	39.2
Query_15127	XM_003512233.3	100.000	21	0	0	1	21	582	562	2.1	39.2
Query_15127	XM_017970616.2	100.000	21	0	0	1	21	532	512	2.1	39.2
Query_15127	XM_035293865.1	100.000	21	0	0	1	21	490	470	2.1	39.2
Query_15127	XM_008993465.3	100.000	21	0	0	1	21	640	620	2.1	39.2
Query_15127	XM_035293864.1	100.000	21	0	0	1	21	233	213	2.1	39.2
Query_15127	XM_002745900.5	100.000	21	0	0	1	21	625	605	2.1	39.2


