# blastn
# Iteration: 0
# Query: 
# RID: 6MC4614K013
# Database: nt
# Fields: query acc.ver, subject acc.ver, % identity, alignment length, mismatches, gap opens, q. start, q. end, s. start, s. end, evalue, bit score
# 101 hits found
Query_47829	XM_005325742.4	100.000	21	0	0	1	21	611	591	2.0	39.2
Query_47829	XM_040293037.1	100.000	21	0	0	1	21	502	482	2.0	39.2
Query_47829	XM_005325741.4	100.000	21	0	0	1	21	639	619	2.0	39.2
Query_47829	XM_040266533.1	100.000	21	0	0	1	21	550	530	2.0	39.2
Query_47829	XM_040237783.1	100.000	21	0	0	1	21	359	339	2.0	39.2
Query_47829	XM_040237782.1	100.000	21	0	0	1	21	344	324	2.0	39.2
Query_47829	XR_005720632.1	100.000	21	0	0	1	21	673	653	2.0	39.2
Query_47829	XM_040237780.1	100.000	21	0	0	1	21	769	749	2.0	39.2
Query_47829	XM_040237779.1	100.000	21	0	0	1	21	648	628	2.0	39.2
Query_47829	XM_040237778.1	100.000	21	0	0	1	21	673	653	2.0	39.2
Query_47829	XM_040237777.1	100.000	21	0	0	1	21	746	726	2.0	39.2
Query_47829	XM_040237776.1	100.000	21	0	0	1	21	734	714	2.0	39.2
Query_47829	XM_040237775.1	100.000	21	0	0	1	21	648	628	2.0	39.2
Query_47829	XM_040237774.1	100.000	21	0	0	1	21	624	604	2.0	39.2
Query_47829	XM_040237773.1	100.000	21	0	0	1	21	647	627	2.0	39.2
Query_47829	XM_040237772.1	100.000	21	0	0	1	21	510	490	2.0	39.2
Query_47829	XM_040237771.1	100.000	21	0	0	1	21	569	549	2.0	39.2
Query_47829	XM_040237769.1	100.000	21	0	0	1	21	648	628	2.0	39.2
Query_47829	XM_040237768.1	100.000	21	0	0	1	21	622	602	2.0	39.2
Query_47829	XM_040237767.1	100.000	21	0	0	1	21	635	615	2.0	39.2
Query_47829	XM_040006311.1	100.000	21	0	0	1	21	596	576	2.0	39.2
Query_47829	HG995218.1	100.000	21	0	0	1	21	4321191	4321171	2.0	39.2
Query_47829	HG994414.1	100.000	21	0	0	1	21	17437195	17437175	2.0	39.2
Query_47829	HG994411.1	100.000	21	0	0	1	21	15574110	15574130	2.0	39.2
Query_47829	HG994405.1	100.000	21	0	0	1	21	6085740	6085720	2.0	39.2
Query_47829	HG994404.1	100.000	21	0	0	1	21	11569846	11569826	2.0	39.2
Query_47829	HG994404.1	100.000	21	0	0	1	21	45910376	45910396	2.0	39.2
Query_47829	HG994397.1	100.000	21	0	0	1	21	4491505	4491485	2.0	39.2
Query_47829	XM_039854835.1	100.000	21	0	0	1	21	378	358	2.0	39.2
Query_47829	XM_039848730.1	100.000	21	0	0	1	21	693	673	2.0	39.2
Query_47829	XM_039848729.1	100.000	21	0	0	1	21	625	605	2.0	39.2
Query_47829	XM_039848728.1	100.000	21	0	0	1	21	609	589	2.0	39.2
Query_47829	XM_039848727.1	100.000	21	0	0	1	21	620	600	2.0	39.2
Query_47829	XM_039848726.1	100.000	21	0	0	1	21	802	782	2.0	39.2
Query_47829	XM_039848725.1	100.000	21	0	0	1	21	636	616	2.0	39.2
Query_47829	XM_031739496.2	100.000	21	0	0	1	21	550	530	2.0	39.2
Query_47829	HG992155.1	100.000	21	0	0	1	21	6495397	6495377	2.0	39.2
Query_47829	XM_003929504.3	100.000	21	0	0	1	21	711	691	2.0	39.2
Query_47829	XM_003929505.3	100.000	21	0	0	1	21	838	818	2.0	39.2
Query_47829	XM_003929502.3	100.000	21	0	0	1	21	646	626	2.0	39.2
Query_47829	XM_010340110.2	100.000	21	0	0	1	21	711	691	2.0	39.2
Query_47829	XM_010340111.2	100.000	21	0	0	1	21	838	818	2.0	39.2
Query_47829	XM_010340109.2	100.000	21	0	0	1	21	646	626	2.0	39.2
Query_47829	XM_039220817.1	100.000	21	0	0	1	21	555	535	2.0	39.2
Query_47829	XM_039220816.1	100.000	21	0	0	1	21	607	587	2.0	39.2
Query_47829	XM_039220815.1	100.000	21	0	0	1	21	586	566	2.0	39.2
Query_47829	XM_006233338.3	100.000	21	0	0	1	21	620	600	2.0	39.2
Query_47829	XM_006233337.3	100.000	21	0	0	1	21	794	774	2.0	39.2
Query_47829	XM_006233336.4	100.000	21	0	0	1	21	641	621	2.0	39.2
Query_47829	XM_006233335.3	100.000	21	0	0	1	21	620	600	2.0	39.2
Query_47829	XM_006233334.3	100.000	21	0	0	1	21	764	744	2.0	39.2
Query_47829	XM_006233333.3	100.000	21	0	0	1	21	641	621	2.0	39.2
Query_47829	XM_038444267.1	100.000	21	0	0	1	21	624	604	2.0	39.2
Query_47829	XM_038444266.1	100.000	21	0	0	1	21	643	623	2.0	39.2
Query_47829	XM_038444265.1	100.000	21	0	0	1	21	620	600	2.0	39.2
Query_47829	XM_038444264.1	100.000	21	0	0	1	21	612	592	2.0	39.2
Query_47829	XM_038444263.1	100.000	21	0	0	1	21	626	606	2.0	39.2
Query_47829	XM_038444262.1	100.000	21	0	0	1	21	651	631	2.0	39.2
Query_47829	XM_038444261.1	100.000	21	0	0	1	21	643	623	2.0	39.2
Query_47829	XM_038462042.1	100.000	21	0	0	1	21	624	604	2.0	39.2
Query_47829	XM_005642458.4	100.000	21	0	0	1	21	643	623	2.0	39.2
Query_47829	XM_038462041.1	100.000	21	0	0	1	21	620	600	2.0	39.2
Query_47829	XM_038462040.1	100.000	21	0	0	1	21	613	593	2.0	39.2
Query_47829	XM_038462039.1	100.000	21	0	0	1	21	626	606	2.0	39.2
Query_47829	XM_038462038.1	100.000	21	0	0	1	21	647	627	2.0	39.2
Query_47829	XM_038462037.1	100.000	21	0	0	1	21	643	623	2.0	39.2
Query_47829	XM_038769165.1	100.000	21	0	0	1	21	773	753	2.0	39.2
Query_47829	XM_038769164.1	100.000	21	0	0	1	21	569	549	2.0	39.2
Query_47829	XM_038769163.1	100.000	21	0	0	1	21	570	550	2.0	39.2
Query_47829	XM_038769162.1	100.000	21	0	0	1	21	773	753	2.0	39.2
Query_47829	XM_038310764.1	100.000	21	0	0	1	21	594	574	2.0	39.2
Query_47829	XM_038310763.1	100.000	21	0	0	1	21	638	618	2.0	39.2
Query_47829	XM_038310762.1	100.000	21	0	0	1	21	667	647	2.0	39.2
Query_47829	XM_011553637.2	100.000	21	0	0	1	21	657	637	2.0	39.2
Query_47829	XM_037990392.1	100.000	21	0	0	1	21	819	799	2.0	39.2
Query_47829	XM_037990386.1	100.000	21	0	0	1	21	659	639	2.0	39.2
Query_47829	XM_037990381.1	100.000	21	0	0	1	21	499	479	2.0	39.2
Query_47829	XM_007999423.2	100.000	21	0	0	1	21	716	696	2.0	39.2
Query_47829	XM_037990373.1	100.000	21	0	0	1	21	714	694	2.0	39.2
Query_47829	XM_037990369.1	100.000	21	0	0	1	21	803	783	2.0	39.2
Query_47829	XM_037990364.1	100.000	21	0	0	1	21	977	957	2.0	39.2
Query_47829	XM_007999419.2	100.000	21	0	0	1	21	819	799	2.0	39.2
Query_47829	XM_007999418.2	100.000	21	0	0	1	21	897	877	2.0	39.2
Query_47829	XM_037830359.1	100.000	21	0	0	1	21	583	563	2.0	39.2
Query_47829	XM_037830358.1	100.000	21	0	0	1	21	594	574	2.0	39.2
Query_47829	XM_037830357.1	100.000	21	0	0	1	21	556	536	2.0	39.2
Query_47829	XM_037830356.1	100.000	21	0	0	1	21	608	588	2.0	39.2
Query_47829	XM_037830355.1	100.000	21	0	0	1	21	627	607	2.0	39.2
Query_47829	XM_017508657.2	100.000	21	0	0	1	21	711	691	2.0	39.2
Query_47829	XM_017508656.2	100.000	21	0	0	1	21	841	821	2.0	39.2
Query_47829	XM_017508655.2	100.000	21	0	0	1	21	615	595	2.0	39.2
Query_47829	XM_017508652.2	100.000	21	0	0	1	21	603	583	2.0	39.2
Query_47829	XM_017508651.2	100.000	21	0	0	1	21	792	772	2.0	39.2
Query_47829	XM_017508650.2	100.000	21	0	0	1	21	911	891	2.0	39.2
Query_47829	XM_037509625.1	100.000	21	0	0	1	21	585	565	2.0	39.2
Query_47829	XM_037509624.1	100.000	21	0	0	1	21	535	515	2.0	39.2
Query_47829	XM_037509623.1	100.000	21	0	0	1	21	593	573	2.0	39.2
Query_47829	XM_030164956.2	100.000	21	0	0	1	21	680	660	2.0	39.2
Query_47829	XM_037207130.1	100.000	21	0	0	1	21	408	388	2.0	39.2
Query_47829	XM_028857385.2	100.000	21	0	0	1	21	624	604	2.0	39.2
Query_47829	XM_028857378.2	100.000	21	0	0	1	21	585	565	2.0	39.2


