# blastn
# Iteration: 0
# Query: 
# RID: 7J981M1E01R
# Database: nt
# Fields: query acc.ver, subject acc.ver, % identity, alignment length, mismatches, gap opens, q. start, q. end, s. start, s. end, evalue, bit score
# 100 hits found
Query_68879	LR812110.1	100.000	21	0	0	1	21	35165557	35165577	2.1	39.2
Query_68879	XM_034962171.1	100.000	21	0	0	1	21	2066	2046	2.1	39.2
Query_68879	XM_040430823.1	100.000	21	0	0	1	21	2234	2214	2.1	39.2
Query_68879	XM_040430822.1	100.000	21	0	0	1	21	2273	2253	2.1	39.2
Query_68879	XM_013355738.3	100.000	21	0	0	1	21	2317	2297	2.1	39.2
Query_68879	XM_021721854.2	100.000	21	0	0	1	21	2365	2345	2.1	39.2
Query_68879	XR_005722721.1	100.000	21	0	0	1	21	3196	3176	2.1	39.2
Query_68879	XM_040249572.1	100.000	21	0	0	1	21	2185	2165	2.1	39.2
Query_68879	XM_040249571.1	100.000	21	0	0	1	21	2224	2204	2.1	39.2
Query_68879	XM_040249570.1	100.000	21	0	0	1	21	2188	2168	2.1	39.2
Query_68879	XM_040146906.1	100.000	21	0	0	1	21	710	690	2.1	39.2
Query_68879	XM_040146905.1	100.000	21	0	0	1	21	2380	2360	2.1	39.2
Query_68879	XM_040146904.1	100.000	21	0	0	1	21	2419	2399	2.1	39.2
Query_68879	XM_040146903.1	100.000	21	0	0	1	21	2419	2399	2.1	39.2
Query_68879	XM_040146902.1	100.000	21	0	0	1	21	2419	2399	2.1	39.2
Query_68879	XM_039883297.1	100.000	21	0	0	1	21	1750	1730	2.1	39.2
Query_68879	XM_039883296.1	100.000	21	0	0	1	21	2174	2154	2.1	39.2
Query_68879	XM_039883294.1	100.000	21	0	0	1	21	2382	2362	2.1	39.2
Query_68879	XM_039794124.1	100.000	21	0	0	1	21	1739	1719	2.1	39.2
Query_68879	XM_039794117.1	100.000	21	0	0	1	21	2012	1992	2.1	39.2
Query_68879	XM_039794108.1	100.000	21	0	0	1	21	2563	2543	2.1	39.2
Query_68879	XM_039794100.1	100.000	21	0	0	1	21	2060	2040	2.1	39.2
Query_68879	XM_039794091.1	100.000	21	0	0	1	21	2129	2109	2.1	39.2
Query_68879	XM_039794086.1	100.000	21	0	0	1	21	2129	2109	2.1	39.2
Query_68879	XM_039794078.1	100.000	21	0	0	1	21	2129	2109	2.1	39.2
Query_68879	XM_039084826.1	100.000	21	0	0	1	21	2274	2254	2.1	39.2
Query_68879	XM_006244582.4	100.000	21	0	0	1	21	2223	2203	2.1	39.2
Query_68879	XM_039084824.1	100.000	21	0	0	1	21	2255	2235	2.1	39.2
Query_68879	XM_003750650.5	100.000	21	0	0	1	21	2262	2242	2.1	39.2
Query_68879	XM_007972423.2	100.000	21	0	0	1	21	2302	2282	2.1	39.2
Query_68879	XM_038006128.1	100.000	21	0	0	1	21	2327	2307	2.1	39.2
Query_68879	XM_038006127.1	100.000	21	0	0	1	21	2223	2203	2.1	39.2
Query_68879	XM_007972424.2	100.000	21	0	0	1	21	2366	2346	2.1	39.2
Query_68879	XM_007972422.2	100.000	21	0	0	1	21	2262	2242	2.1	39.2
Query_68879	XM_037974579.1	100.000	21	0	0	1	21	1822	1802	2.1	39.2
Query_68879	XM_037974578.1	100.000	21	0	0	1	21	2236	2216	2.1	39.2
Query_68879	XM_037974577.1	100.000	21	0	0	1	21	2275	2255	2.1	39.2
Query_68879	XM_037974576.1	100.000	21	0	0	1	21	2166	2146	2.1	39.2
Query_68879	XM_037843300.1	100.000	21	0	0	1	21	2127	2107	2.1	39.2
Query_68879	XM_037843299.1	100.000	21	0	0	1	21	2178	2158	2.1	39.2
Query_68879	XM_037843298.1	100.000	21	0	0	1	21	2230	2210	2.1	39.2
Query_68879	XM_037843297.1	100.000	21	0	0	1	21	2217	2197	2.1	39.2
Query_68879	XM_037764227.1	100.000	21	0	0	1	21	2508	2488	2.1	39.2
Query_68879	XM_037764226.1	100.000	21	0	0	1	21	2551	2531	2.1	39.2
Query_68879	XM_037764225.1	100.000	21	0	0	1	21	2551	2531	2.1	39.2
Query_68879	XM_037764223.1	100.000	21	0	0	1	21	2551	2531	2.1	39.2
Query_68879	XM_037764222.1	100.000	21	0	0	1	21	2550	2530	2.1	39.2
Query_68879	XM_037690141.1	100.000	21	0	0	1	21	2375	2355	2.1	39.2
Query_68879	XM_028887108.2	100.000	21	0	0	1	21	2173	2153	2.1	39.2
Query_68879	XM_037142609.1	100.000	21	0	0	1	21	2186	2166	2.1	39.2
Query_68879	XM_037142608.1	100.000	21	0	0	1	21	2279	2259	2.1	39.2
Query_68879	XM_037142607.1	100.000	21	0	0	1	21	2225	2205	2.1	39.2
Query_68879	XR_005076300.1	100.000	21	0	0	1	21	2532	2512	2.1	39.2
Query_68879	XR_005076299.1	100.000	21	0	0	1	21	2573	2553	2.1	39.2
Query_68879	XR_005076298.1	100.000	21	0	0	1	21	2572	2552	2.1	39.2
Query_68879	XM_037105720.1	100.000	21	0	0	1	21	2572	2552	2.1	39.2
Query_68879	XR_005076297.1	100.000	21	0	0	1	21	2572	2552	2.1	39.2
Query_68879	XM_037053815.1	100.000	21	0	0	1	21	2195	2175	2.1	39.2
Query_68879	XM_037053808.1	100.000	21	0	0	1	21	2300	2280	2.1	39.2
Query_68879	XM_037053800.1	100.000	21	0	0	1	21	2234	2214	2.1	39.2
Query_68879	LR884473.1	100.000	21	0	0	1	21	5926725	5926705	2.1	39.2
Query_68879	LR884460.1	100.000	21	0	0	1	21	404417	404437	2.1	39.2
Query_68879	XM_004590404.2	100.000	21	0	0	1	21	2208	2188	2.1	39.2
Query_68879	XM_036414074.1	100.000	21	0	0	1	21	2208	2188	2.1	39.2
Query_68879	XM_036414072.1	100.000	21	0	0	1	21	2309	2289	2.1	39.2
Query_68879	XM_036414071.1	100.000	21	0	0	1	21	2247	2227	2.1	39.2
Query_68879	XM_036316794.1	100.000	21	0	0	1	21	1915	1895	2.1	39.2
Query_68879	XM_036316793.1	100.000	21	0	0	1	21	1954	1934	2.1	39.2
Query_68879	XM_036316792.1	100.000	21	0	0	1	21	2034	2014	2.1	39.2
Query_68879	XM_036316791.1	100.000	21	0	0	1	21	2188	2168	2.1	39.2
Query_68879	XM_036316790.1	100.000	21	0	0	1	21	2395	2375	2.1	39.2
Query_68879	XM_036316789.1	100.000	21	0	0	1	21	2227	2207	2.1	39.2
Query_68879	XM_036248030.1	100.000	21	0	0	1	21	2222	2202	2.1	39.2
Query_68879	XM_036248029.1	100.000	21	0	0	1	21	2253	2233	2.1	39.2
Query_68879	XM_036215880.1	100.000	21	0	0	1	21	2471	2451	2.1	39.2
Query_68879	XM_024267465.2	100.000	21	0	0	1	21	2274	2254	2.1	39.2
Query_68879	XM_036215879.1	100.000	21	0	0	1	21	2282	2262	2.1	39.2
Query_68879	XM_036215878.1	100.000	21	0	0	1	21	2364	2344	2.1	39.2
Query_68879	XR_001782067.3	100.000	21	0	0	1	21	2169	2149	2.1	39.2
Query_68879	XM_030249734.2	100.000	21	0	0	1	21	2290	2270	2.1	39.2
Query_68879	XM_006524139.3	100.000	21	0	0	1	21	2437	2417	2.1	39.2
Query_68879	XM_006524138.5	100.000	21	0	0	1	21	2259	2239	2.1	39.2
Query_68879	XM_006524136.3	100.000	21	0	0	1	21	2476	2456	2.1	39.2
Query_68879	LR880645.1	100.000	21	0	0	1	21	34104346	34104326	2.1	39.2
Query_68879	XM_023264244.2	100.000	21	0	0	1	21	686	666	2.1	39.2
Query_68879	XM_035945433.1	100.000	21	0	0	1	21	1953	1933	2.1	39.2
Query_68879	XM_023264240.2	100.000	21	0	0	1	21	2436	2416	2.1	39.2
Query_68879	XM_035945432.1	100.000	21	0	0	1	21	2461	2441	2.1	39.2
Query_68879	XM_035945431.1	100.000	21	0	0	1	21	2501	2481	2.1	39.2
Query_68879	XM_035945430.1	100.000	21	0	0	1	21	2500	2480	2.1	39.2
Query_68879	LR862362.1	100.000	21	0	0	1	21	11327495	11327475	2.1	39.2
Query_68879	XM_035659697.1	100.000	21	0	0	1	21	2182	2162	2.1	39.2
Query_68879	XM_035295753.1	100.000	21	0	0	1	21	2287	2267	2.1	39.2
Query_68879	XM_035295752.1	100.000	21	0	0	1	21	2210	2190	2.1	39.2
Query_68879	XM_035295750.1	100.000	21	0	0	1	21	2410	2390	2.1	39.2
Query_68879	XM_035295749.1	100.000	21	0	0	1	21	2240	2220	2.1	39.2
Query_68879	XM_035295748.1	100.000	21	0	0	1	21	2254	2234	2.1	39.2
Query_68879	XM_035295747.1	100.000	21	0	0	1	21	2284	2264	2.1	39.2
Query_68879	XM_035295746.1	100.000	21	0	0	1	21	2409	2389	2.1	39.2
Query_68879	XM_035295745.1	100.000	21	0	0	1	21	2259	2239	2.1	39.2


