# blastn
# Iteration: 0
# Query: 
# RID: 7RTSVSUR013
# Database: nt
# Fields: query acc.ver, subject acc.ver, % identity, alignment length, mismatches, gap opens, q. start, q. end, s. start, s. end, evalue, bit score
# 23 hits found
Query_41693	XM_014343092.2	100.000	21	0	0	1	21	386	366	2.1	39.2
Query_41693	XM_019017081.2	100.000	21	0	0	1	21	390	370	2.1	39.2
Query_41693	XM_019017079.2	100.000	21	0	0	1	21	458	438	2.1	39.2
Query_41693	NM_001282575.3	100.000	21	0	0	1	21	468	448	2.1	39.2
Query_41693	NM_199144.3	100.000	21	0	0	1	21	391	371	2.1	39.2
Query_41693	NM_001257393.2	100.000	21	0	0	1	21	260	240	2.1	39.2
Query_41693	NM_001257394.2	100.000	21	0	0	1	21	468	448	2.1	39.2
Query_41693	NM_021988.6	100.000	21	0	0	1	21	468	448	2.1	39.2
Query_41693	NM_022442.6	100.000	21	0	0	1	21	260	240	2.1	39.2
Query_41693	CP034499.1	100.000	21	0	0	1	21	48672027	48672047	2.1	39.2
Query_41693	NG_029526.2	100.000	21	0	0	1	21	5468	5448	2.1	39.2
Query_41693	XM_024351996.1	100.000	21	0	0	1	21	464	444	2.1	39.2
Query_41693	XM_024238566.1	100.000	21	0	0	1	21	467	447	2.1	39.2
Query_41693	XM_024238565.1	100.000	21	0	0	1	21	391	371	2.1	39.2
Query_41693	XM_016937117.1	100.000	21	0	0	1	21	388	368	2.1	39.2
Query_41693	CP068258.1	100.000	21	0	0	1	21	51885270	51885290	2.1	39.2
Query_41693	AP023480.1	100.000	21	0	0	1	21	48177936	48177956	2.1	39.2
Query_41693	AK314754.1	100.000	21	0	0	1	21	458	438	2.1	39.2
Query_41693	BC005215.1	100.000	21	0	0	1	21	468	448	2.1	39.2
Query_41693	AL034423.21	100.000	21	0	0	1	21	73584	73604	2.1	39.2
Query_41693	AY008273.1	100.000	21	0	0	1	21	86	66	2.1	39.2
Query_41693	U97281.1	100.000	21	0	0	1	21	86	66	2.1	39.2
Query_41693	U39360.1	100.000	21	0	0	1	21	155	135	2.1	39.2


