# blastn
# Iteration: 0
# Query: 
# RID: 740FYTSX013
# Database: nt
# Fields: query acc.ver, subject acc.ver, % identity, alignment length, mismatches, gap opens, q. start, q. end, s. start, s. end, evalue, bit score
# 68 hits found
Query_60379	XM_003826436.5	100.000	21	0	0	1	21	867	847	2.1	39.2
Query_60379	XR_004627866.1	100.000	21	0	0	1	21	3137	3157	2.1	39.2
Query_60379	XM_033860719.1	100.000	21	0	0	1	21	2024	2004	2.1	39.2
Query_60379	XM_004264119.3	100.000	21	0	0	1	21	1943	1923	2.1	39.2
Query_60379	XM_033207523.1	100.000	21	0	0	1	21	85	65	2.1	39.2
Query_60379	XR_004248146.1	100.000	21	0	0	1	21	159	139	2.1	39.2
Query_60379	XM_032152902.1	100.000	21	0	0	1	21	286	266	2.1	39.2
Query_60379	XM_023215610.3	100.000	21	0	0	1	21	286	266	2.1	39.2
Query_60379	XM_021925752.2	100.000	21	0	0	1	21	885	865	2.1	39.2
Query_60379	XM_021925751.2	100.000	21	0	0	1	21	885	865	2.1	39.2
Query_60379	XM_003909863.5	100.000	21	0	0	1	21	875	855	2.1	39.2
Query_60379	XM_021925748.2	100.000	21	0	0	1	21	886	866	2.1	39.2
Query_60379	XM_021925749.2	100.000	21	0	0	1	21	881	861	2.1	39.2
Query_60379	XR_004177556.1	100.000	21	0	0	1	21	880	860	2.1	39.2
Query_60379	XR_004177555.1	100.000	21	0	0	1	21	880	860	2.1	39.2
Query_60379	XM_021925747.2	100.000	21	0	0	1	21	880	860	2.1	39.2
Query_60379	XM_021925746.2	100.000	21	0	0	1	21	879	859	2.1	39.2
Query_60379	XM_021925744.2	100.000	21	0	0	1	21	889	869	2.1	39.2
Query_60379	XM_010353410.2	100.000	21	0	0	1	21	286	266	2.1	39.2
Query_60379	XM_030864399.1	100.000	21	0	0	1	21	2026	2006	2.1	39.2
Query_60379	XR_004029584.1	100.000	21	0	0	1	21	161	141	2.1	39.2
Query_60379	XM_030810123.1	100.000	21	0	0	1	21	286	266	2.1	39.2
Query_60379	XM_029687289.1	100.000	21	0	0	1	21	88	68	2.1	39.2
Query_60379	NM_002559.5	100.000	21	0	0	1	21	284	264	2.1	39.2
Query_60379	XM_001103269.4	100.000	21	0	0	1	21	787	767	2.1	39.2
Query_60379	XM_027114691.1	100.000	21	0	0	1	21	1893	1873	2.1	39.2
Query_60379	XM_025357428.1	100.000	21	0	0	1	21	285	265	2.1	39.2
Query_60379	XM_024797370.1	100.000	21	0	0	1	21	282	262	2.1	39.2
Query_60379	XM_011766085.2	100.000	21	0	0	1	21	44	24	2.1	39.2
Query_60379	XM_024438061.1	100.000	21	0	0	1	21	340	320	2.1	39.2
Query_60379	XM_016920882.2	100.000	21	0	0	1	21	354	334	2.1	39.2
Query_60379	XM_001136930.4	100.000	21	0	0	1	21	337	317	2.1	39.2
Query_60379	XM_002821788.2	100.000	21	0	0	1	21	286	266	2.1	39.2
Query_60379	XM_023562622.1	100.000	21	0	0	1	21	179	159	2.1	39.2
Query_60379	XM_003464224.2	100.000	21	0	0	1	21	182	162	2.1	39.2
Query_60379	XM_012749947.2	100.000	21	0	0	1	21	1782	1762	2.1	39.2
Query_60379	XM_012749946.2	100.000	21	0	0	1	21	1776	1756	2.1	39.2
Query_60379	XM_017851320.1	100.000	21	0	0	1	21	248	228	2.1	39.2
Query_60379	XM_002709156.3	100.000	21	0	0	1	21	785	765	2.1	39.2
Query_60379	XM_011545072.2	100.000	21	0	0	1	21	803	783	2.1	39.2
Query_60379	XR_949950.2	100.000	21	0	0	1	21	808	788	2.1	39.2
Query_60379	XM_011545071.2	100.000	21	0	0	1	21	804	784	2.1	39.2
Query_60379	XM_011545070.2	100.000	21	0	0	1	21	236	216	2.1	39.2
Query_60379	XM_011545069.2	100.000	21	0	0	1	21	930	910	2.1	39.2
Query_60379	XM_015434713.1	100.000	21	0	0	1	21	864	844	2.1	39.2
Query_60379	XR_001484890.1	100.000	21	0	0	1	21	864	844	2.1	39.2
Query_60379	XR_001484889.1	100.000	21	0	0	1	21	864	844	2.1	39.2
Query_60379	XM_005577865.2	100.000	21	0	0	1	21	864	844	2.1	39.2
Query_60379	XM_012476474.1	100.000	21	0	0	1	21	239	219	2.1	39.2
Query_60379	XM_012476473.1	100.000	21	0	0	1	21	303	283	2.1	39.2
Query_60379	XM_011766086.1	100.000	21	0	0	1	21	282	262	2.1	39.2
Query_60379	XM_011766083.1	100.000	21	0	0	1	21	282	262	2.1	39.2
Query_60379	XM_012092343.1	100.000	21	0	0	1	21	271	251	2.1	39.2
Query_60379	XM_011998703.1	100.000	21	0	0	1	21	271	251	2.1	39.2
Query_60379	XM_003920107.3	100.000	21	0	0	1	21	124	104	2.1	39.2
Query_60379	XM_038337348.1	100.000	21	0	0	1	21	340	320	2.1	39.2
Query_60379	XM_038337347.1	100.000	21	0	0	1	21	436	416	2.1	39.2
Query_60379	XM_038337346.1	100.000	21	0	0	1	21	1825	1805	2.1	39.2
Query_60379	XM_035742065.1	100.000	21	0	0	1	21	88	68	2.1	39.2
Query_60379	XM_002755279.6	100.000	21	0	0	1	21	737	717	2.1	39.2
Query_60379	AC195611.3	100.000	21	0	0	1	21	159550	159530	2.1	39.2
Query_60379	BC109287.2	100.000	21	0	0	1	21	119	99	2.1	39.2
Query_60379	BC074793.2	100.000	21	0	0	1	21	116	96	2.1	39.2
Query_60379	BC074792.2	100.000	21	0	0	1	21	116	96	2.1	39.2
Query_60379	BC069162.1	100.000	21	0	0	1	21	161	141	2.1	39.2
Query_60379	AP000781.6	100.000	21	0	0	1	21	93952	93932	2.1	39.2
Query_60379	AB016608.1	100.000	21	0	0	1	21	85	65	2.1	39.2
Query_60379	Y07683.1	100.000	21	0	0	1	21	250	230	2.1	39.2


