# blastn
# Iteration: 0
# Query: 
# RID: 73PF70GU01R
# Database: nt
# Fields: query acc.ver, subject acc.ver, % identity, alignment length, mismatches, gap opens, q. start, q. end, s. start, s. end, evalue, bit score
# 21 hits found
Query_319023	XM_003817410.4	100.000	21	0	0	1	21	976	956	2.0	39.2
Query_319023	XM_032162573.1	100.000	21	0	0	1	21	985	965	2.0	39.2
Query_319023	XM_019026567.2	100.000	21	0	0	1	21	1035	1015	2.0	39.2
Query_319023	XM_003272285.3	100.000	21	0	0	1	21	1337	1317	2.0	39.2
Query_319023	NM_005450.6	100.000	21	0	0	1	21	991	971	2.0	39.2
Query_319023	CP034495.1	100.000	21	0	0	1	21	54672050	54672030	2.0	39.2
Query_319023	XM_523802.6	100.000	21	0	0	1	21	1046	1026	2.0	39.2
Query_319023	XM_002827353.4	100.000	21	0	0	1	21	985	965	2.0	39.2
Query_319023	LT744950.1	100.000	21	0	0	1	21	953	933	2.0	39.2
Query_319023	KJ892724.1	100.000	21	0	0	1	21	531	511	2.0	39.2
Query_319023	CP068261.1	100.000	21	0	0	1	21	57471102	57471082	2.0	39.2
Query_319023	AP023477.1	100.000	21	0	0	1	21	54043902	54043882	2.0	39.2
Query_319023	NG_011958.1	100.000	21	0	0	1	21	5991	5971	2.0	39.2
Query_319023	CU689813.1	100.000	21	0	0	1	21	249	269	2.0	39.2
Query_319023	AK314080.1	100.000	21	0	0	1	21	991	971	2.0	39.2
Query_319023	BC034027.1	100.000	21	0	0	1	21	776	756	2.0	39.2
Query_319023	AC015724.9	100.000	21	0	0	1	21	61114	61134	2.0	39.2
Query_319023	AY890603.1	100.000	21	0	0	1	21	466	446	2.0	39.2
Query_319023	AY893078.1	100.000	21	0	0	1	21	466	446	2.0	39.2
Query_319023	AC005553.1	100.000	21	0	0	1	21	145737	145757	2.0	39.2
Query_319023	U31202.1	100.000	21	0	0	1	21	1277	1257	2.0	39.2


