# blastn
# Iteration: 0
# Query: 
# RID: 6RVW5VEG013
# Database: nt
# Fields: query acc.ver, subject acc.ver, % identity, alignment length, mismatches, gap opens, q. start, q. end, s. start, s. end, evalue, bit score
# 24 hits found
Query_27607	XM_008951835.2	100.000	21	0	0	1	21	579	559	2.1	39.2
Query_27607	XM_003826427.2	100.000	21	0	0	1	21	226	206	2.1	39.2
Query_27607	NM_004223.5	100.000	21	0	0	1	21	190	170	2.1	39.2
Query_27607	XM_521987.5	100.000	21	0	0	1	21	225	205	2.1	39.2
Query_27607	XM_009246345.2	100.000	21	0	0	1	21	584	564	2.1	39.2
Query_27607	XM_003777762.3	100.000	21	0	0	1	21	227	207	2.1	39.2
Query_27607	XM_009246344.2	100.000	21	0	0	1	21	391	371	2.1	39.2
Query_27607	LT736766.1	100.000	21	0	0	1	21	616	596	2.1	39.2
Query_27607	XM_004051168.2	100.000	21	0	0	1	21	586	566	2.1	39.2
Query_27607	XM_004051167.2	100.000	21	0	0	1	21	219	199	2.1	39.2
Query_27607	XM_003317981.4	100.000	21	0	0	1	21	582	562	2.1	39.2
Query_27607	KJ892727.1	100.000	21	0	0	1	21	194	174	2.1	39.2
Query_27607	NM_198183.3	100.000	21	0	0	1	21	189	169	2.1	39.2
Query_27607	CU689397.1	100.000	21	0	0	1	21	349	369	2.1	39.2
Query_27607	CU689396.1	100.000	21	0	0	1	21	145	125	2.1	39.2
Query_27607	AK315755.1	100.000	21	0	0	1	21	144	124	2.1	39.2
Query_27607	DQ894475.2	100.000	21	0	0	1	21	151	131	2.1	39.2
Query_27607	DQ891291.2	100.000	21	0	0	1	21	151	131	2.1	39.2
Query_27607	AK226165.1	100.000	21	0	0	1	21	279	259	2.1	39.2
Query_27607	AK093462.1	100.000	21	0	0	1	21	538	518	2.1	39.2
Query_27607	CR457126.1	100.000	21	0	0	1	21	129	109	2.1	39.2
Query_27607	BC032491.1	100.000	21	0	0	1	21	225	205	2.1	39.2
Query_27607	AF061736.1	100.000	21	0	0	1	21	176	156	2.1	39.2
Query_27607	AF031141.1	100.000	21	0	0	1	21	126	106	2.1	39.2


