# blastn
# Iteration: 0
# Query: 
# RID: 8YR389ZH01N
# Database: nt
# Fields: query acc.ver, subject acc.ver, % identity, alignment length, mismatches, gap opens, q. start, q. end, s. start, s. end, evalue, bit score
# 81 hits found
Query_127727	XM_008976634.2	100.000	21	0	0	1	21	351	331	2.1	39.2
Query_127727	XM_003823013.3	100.000	21	0	0	1	21	333	313	2.1	39.2
Query_127727	XM_033198362.1	100.000	21	0	0	1	21	304	284	2.1	39.2
Query_127727	XM_033198361.1	100.000	21	0	0	1	21	326	306	2.1	39.2
Query_127727	XM_033198360.1	100.000	21	0	0	1	21	326	306	2.1	39.2
Query_127727	XM_033198359.1	100.000	21	0	0	1	21	326	306	2.1	39.2
Query_127727	XM_033198358.1	100.000	21	0	0	1	21	220	200	2.1	39.2
Query_127727	XR_004434096.1	100.000	21	0	0	1	21	326	306	2.1	39.2
Query_127727	XM_033198357.1	100.000	21	0	0	1	21	574	554	2.1	39.2
Query_127727	XM_033198356.1	100.000	21	0	0	1	21	326	306	2.1	39.2
Query_127727	XM_032136927.1	100.000	21	0	0	1	21	309	289	2.1	39.2
Query_127727	XM_032136926.1	100.000	21	0	0	1	21	305	285	2.1	39.2
Query_127727	XM_023186845.3	100.000	21	0	0	1	21	688	668	2.1	39.2
Query_127727	XR_639001.4	100.000	21	0	0	1	21	349	329	2.1	39.2
Query_127727	XM_009189984.4	100.000	21	0	0	1	21	349	329	2.1	39.2
Query_127727	XM_019037287.2	100.000	21	0	0	1	21	309	289	2.1	39.2
Query_127727	XM_030930251.1	100.000	21	0	0	1	21	310	290	2.1	39.2
Query_127727	XM_010378845.2	100.000	21	0	0	1	21	333	313	2.1	39.2
Query_127727	XM_030930243.1	100.000	21	0	0	1	21	333	313	2.1	39.2
Query_127727	XM_012502075.2	100.000	21	0	0	1	21	305	285	2.1	39.2
Query_127727	XM_015120156.2	100.000	21	0	0	1	21	304	284	2.1	39.2
Query_127727	XM_015120144.2	100.000	21	0	0	1	21	338	318	2.1	39.2
Query_127727	XM_015120123.2	100.000	21	0	0	1	21	338	318	2.1	39.2
Query_127727	XM_026456675.1	100.000	21	0	0	1	21	325	305	2.1	39.2
Query_127727	XM_023186848.2	100.000	21	0	0	1	21	325	305	2.1	39.2
Query_127727	XM_023186846.2	100.000	21	0	0	1	21	325	305	2.1	39.2
Query_127727	XM_023186844.2	100.000	21	0	0	1	21	325	305	2.1	39.2
Query_127727	XM_025391108.1	100.000	21	0	0	1	21	309	289	2.1	39.2
Query_127727	XM_025391104.1	100.000	21	0	0	1	21	305	285	2.1	39.2
Query_127727	NM_014176.4	100.000	21	0	0	1	21	276	256	2.1	39.2
Query_127727	XM_011746666.2	100.000	21	0	0	1	21	304	284	2.1	39.2
Query_127727	XM_011746665.2	100.000	21	0	0	1	21	675	655	2.1	39.2
Query_127727	XM_011746664.2	100.000	21	0	0	1	21	547	527	2.1	39.2
Query_127727	XM_011746662.2	100.000	21	0	0	1	21	329	309	2.1	39.2
Query_127727	XM_009440790.2	100.000	21	0	0	1	21	325	305	2.1	39.2
Query_127727	XM_024350983.1	100.000	21	0	0	1	21	645	625	2.1	39.2
Query_127727	XM_514102.6	100.000	21	0	0	1	21	336	316	2.1	39.2
Query_127727	XM_024239242.1	100.000	21	0	0	1	21	674	654	2.1	39.2
Query_127727	XM_002809603.4	100.000	21	0	0	1	21	321	301	2.1	39.2
Query_127727	XM_023186847.1	100.000	21	0	0	1	21	325	305	2.1	39.2
Query_127727	XM_003893291.3	100.000	21	0	0	1	21	349	329	2.1	39.2
Query_127727	LT735351.1	100.000	21	0	0	1	21	657	637	2.1	39.2
Query_127727	XM_004028164.2	100.000	21	0	0	1	21	305	285	2.1	39.2
Query_127727	XM_009189991.2	100.000	21	0	0	1	21	304	284	2.1	39.2
Query_127727	XM_017896496.1	100.000	21	0	0	1	21	305	285	2.1	39.2
Query_127727	XM_017896495.1	100.000	21	0	0	1	21	347	327	2.1	39.2
Query_127727	XM_017896494.1	100.000	21	0	0	1	21	347	327	2.1	39.2
Query_127727	XM_017896493.1	100.000	21	0	0	1	21	347	327	2.1	39.2
Query_127727	XM_017896491.1	100.000	21	0	0	1	21	178	158	2.1	39.2
Query_127727	XR_001890023.1	100.000	21	0	0	1	21	347	327	2.1	39.2
Query_127727	XM_017896490.1	100.000	21	0	0	1	21	468	448	2.1	39.2
Query_127727	XM_017896489.1	100.000	21	0	0	1	21	347	327	2.1	39.2
Query_127727	XM_015448187.1	100.000	21	0	0	1	21	304	284	2.1	39.2
Query_127727	XM_015448182.1	100.000	21	0	0	1	21	341	321	2.1	39.2
Query_127727	XM_015448175.1	100.000	21	0	0	1	21	341	321	2.1	39.2
Query_127727	XM_005540454.2	100.000	21	0	0	1	21	341	321	2.1	39.2
Query_127727	XM_005540453.2	100.000	21	0	0	1	21	275	255	2.1	39.2
Query_127727	XM_005540452.2	100.000	21	0	0	1	21	671	651	2.1	39.2
Query_127727	XM_005540451.2	100.000	21	0	0	1	21	537	517	2.1	39.2
Query_127727	XM_005540450.2	100.000	21	0	0	1	21	341	321	2.1	39.2
Query_127727	NG_042230.1	100.000	21	0	0	1	21	11969	11949	2.1	39.2
Query_127727	XM_011746661.1	100.000	21	0	0	1	21	329	309	2.1	39.2
Query_127727	XM_011990525.1	100.000	21	0	0	1	21	268	248	2.1	39.2
Query_127727	XM_011990523.1	100.000	21	0	0	1	21	305	285	2.1	39.2
Query_127727	KJ893680.1	100.000	21	0	0	1	21	235	215	2.1	39.2
Query_127727	XM_007988939.2	100.000	21	0	0	1	21	275	255	2.1	39.2
Query_127727	XM_037985742.1	100.000	21	0	0	1	21	625	605	2.1	39.2
Query_127727	XM_007988937.2	100.000	21	0	0	1	21	341	321	2.1	39.2
Query_127727	XM_007988936.2	100.000	21	0	0	1	21	340	320	2.1	39.2
Query_127727	NM_001310326.2	100.000	21	0	0	1	21	280	260	2.1	39.2
Query_127727	CU678592.1	100.000	21	0	0	1	21	186	166	2.1	39.2
Query_127727	DQ895975.2	100.000	21	0	0	1	21	192	172	2.1	39.2
Query_127727	DQ892729.2	100.000	21	0	0	1	21	192	172	2.1	39.2
Query_127727	BC019284.1	100.000	21	0	0	1	21	268	248	2.1	39.2
Query_127727	AL356953.17	100.000	21	0	0	1	21	152017	152037	2.1	39.2
Query_127727	BC004152.2	100.000	21	0	0	1	21	268	248	2.1	39.2
Query_127727	AF160215.1	100.000	21	0	0	1	21	263	243	2.1	39.2
Query_127727	AK000504.1	100.000	21	0	0	1	21	261	241	2.1	39.2
Query_127727	AF161499.1	100.000	21	0	0	1	21	296	276	2.1	39.2
Query_127727	AY542309.1	100.000	21	0	0	1	21	171	151	2.1	39.2
Query_127727	AB032931.1	100.000	21	0	0	1	21	212	192	2.1	39.2


