# blastn
# Iteration: 0
# Query: 
# RID: 6ME956RD01R
# Database: nt
# Fields: query acc.ver, subject acc.ver, % identity, alignment length, mismatches, gap opens, q. start, q. end, s. start, s. end, evalue, bit score
# 100 hits found
Query_113627	XM_040271848.1	100.000	21	0	0	1	21	210	190	2.0	39.2
Query_113627	XM_005327276.3	100.000	21	0	0	1	21	210	190	2.0	39.2
Query_113627	XM_005325742.4	100.000	21	0	0	1	21	474	454	2.0	39.2
Query_113627	XM_040293037.1	100.000	21	0	0	1	21	365	345	2.0	39.2
Query_113627	XM_005325741.4	100.000	21	0	0	1	21	502	482	2.0	39.2
Query_113627	XM_040266533.1	100.000	21	0	0	1	21	413	393	2.0	39.2
Query_113627	XM_040239983.1	100.000	21	0	0	1	21	696	676	2.0	39.2
Query_113627	XM_040237783.1	100.000	21	0	0	1	21	222	202	2.0	39.2
Query_113627	XM_040237782.1	100.000	21	0	0	1	21	207	187	2.0	39.2
Query_113627	XR_005720632.1	100.000	21	0	0	1	21	498	478	2.0	39.2
Query_113627	XM_040237780.1	100.000	21	0	0	1	21	594	574	2.0	39.2
Query_113627	XM_040237779.1	100.000	21	0	0	1	21	473	453	2.0	39.2
Query_113627	XM_040237778.1	100.000	21	0	0	1	21	498	478	2.0	39.2
Query_113627	XM_040237777.1	100.000	21	0	0	1	21	609	589	2.0	39.2
Query_113627	XM_040237776.1	100.000	21	0	0	1	21	597	577	2.0	39.2
Query_113627	XM_040237775.1	100.000	21	0	0	1	21	511	491	2.0	39.2
Query_113627	XM_040237774.1	100.000	21	0	0	1	21	487	467	2.0	39.2
Query_113627	XM_040237773.1	100.000	21	0	0	1	21	510	490	2.0	39.2
Query_113627	XM_040237772.1	100.000	21	0	0	1	21	373	353	2.0	39.2
Query_113627	XM_040237771.1	100.000	21	0	0	1	21	432	412	2.0	39.2
Query_113627	XM_040237769.1	100.000	21	0	0	1	21	511	491	2.0	39.2
Query_113627	XM_040237768.1	100.000	21	0	0	1	21	485	465	2.0	39.2
Query_113627	XM_040237767.1	100.000	21	0	0	1	21	498	478	2.0	39.2
Query_113627	XM_040063893.1	100.000	21	0	0	1	21	247	227	2.0	39.2
Query_113627	XM_040063892.1	100.000	21	0	0	1	21	461	441	2.0	39.2
Query_113627	XM_040063891.1	100.000	21	0	0	1	21	574	554	2.0	39.2
Query_113627	XM_040078036.1	100.000	21	0	0	1	21	339	319	2.0	39.2
Query_113627	HG994404.1	100.000	21	0	0	1	21	45910513	45910533	2.0	39.2
Query_113627	XM_039836278.1	100.000	21	0	0	1	21	589	569	2.0	39.2
Query_113627	XM_039836277.1	100.000	21	0	0	1	21	829	809	2.0	39.2
Query_113627	XM_039848730.1	100.000	21	0	0	1	21	556	536	2.0	39.2
Query_113627	XM_039848729.1	100.000	21	0	0	1	21	488	468	2.0	39.2
Query_113627	XM_039848728.1	100.000	21	0	0	1	21	472	452	2.0	39.2
Query_113627	XM_039848727.1	100.000	21	0	0	1	21	483	463	2.0	39.2
Query_113627	XM_039848726.1	100.000	21	0	0	1	21	665	645	2.0	39.2
Query_113627	XM_039848725.1	100.000	21	0	0	1	21	499	479	2.0	39.2
Query_113627	XM_039759226.1	100.000	21	0	0	1	21	519	499	2.0	39.2
Query_113627	XM_039759225.1	100.000	21	0	0	1	21	523	503	2.0	39.2
Query_113627	XM_039701993.1	100.000	21	0	0	1	21	814	794	2.0	39.2
Query_113627	XM_039701151.1	100.000	21	0	0	1	21	326	306	2.0	39.2
Query_113627	XM_039550791.1	100.000	21	0	0	1	21	856	836	2.0	39.2
Query_113627	XM_039559556.1	100.000	21	0	0	1	21	303	283	2.0	39.2
Query_113627	XM_039484751.1	100.000	21	0	0	1	21	540	520	2.0	39.2
Query_113627	XM_039484750.1	100.000	21	0	0	1	21	526	506	2.0	39.2
Query_113627	XM_039484749.1	100.000	21	0	0	1	21	540	520	2.0	39.2
Query_113627	XR_005583690.1	100.000	21	0	0	1	21	546	526	2.0	39.2
Query_113627	XM_039484748.1	100.000	21	0	0	1	21	291	271	2.0	39.2
Query_113627	XM_039484747.1	100.000	21	0	0	1	21	579	559	2.0	39.2
Query_113627	XM_039540234.1	100.000	21	0	0	1	21	753	733	2.0	39.2
Query_113627	XM_039472325.1	100.000	21	0	0	1	21	382	362	2.0	39.2
Query_113627	XM_003929504.3	100.000	21	0	0	1	21	574	554	2.0	39.2
Query_113627	XM_003929505.3	100.000	21	0	0	1	21	701	681	2.0	39.2
Query_113627	XM_003929502.3	100.000	21	0	0	1	21	509	489	2.0	39.2
Query_113627	XM_010340110.2	100.000	21	0	0	1	21	574	554	2.0	39.2
Query_113627	XM_010340111.2	100.000	21	0	0	1	21	701	681	2.0	39.2
Query_113627	XM_010340109.2	100.000	21	0	0	1	21	509	489	2.0	39.2
Query_113627	XM_039468319.1	100.000	21	0	0	1	21	845	825	2.0	39.2
Query_113627	XM_027736681.2	100.000	21	0	0	1	21	265	245	2.0	39.2
Query_113627	XM_027736680.2	100.000	21	0	0	1	21	358	338	2.0	39.2
Query_113627	XM_027717876.2	100.000	21	0	0	1	21	805	785	2.0	39.2
Query_113627	XM_039220817.1	100.000	21	0	0	1	21	418	398	2.0	39.2
Query_113627	XM_039220816.1	100.000	21	0	0	1	21	470	450	2.0	39.2
Query_113627	XM_039220815.1	100.000	21	0	0	1	21	449	429	2.0	39.2
Query_113627	XM_039252740.1	100.000	21	0	0	1	21	244	224	2.0	39.2
Query_113627	XM_039252739.1	100.000	21	0	0	1	21	670	650	2.0	39.2
Query_113627	CP068258.1	100.000	21	0	0	1	21	5333593	5333613	2.0	39.2
Query_113627	XM_006233338.3	100.000	21	0	0	1	21	483	463	2.0	39.2
Query_113627	XM_006233337.3	100.000	21	0	0	1	21	657	637	2.0	39.2
Query_113627	XM_006233336.4	100.000	21	0	0	1	21	504	484	2.0	39.2
Query_113627	XM_006233335.3	100.000	21	0	0	1	21	483	463	2.0	39.2
Query_113627	XM_006233334.3	100.000	21	0	0	1	21	627	607	2.0	39.2
Query_113627	XM_006233333.3	100.000	21	0	0	1	21	504	484	2.0	39.2
Query_113627	XM_038444267.1	100.000	21	0	0	1	21	487	467	2.0	39.2
Query_113627	XM_038444266.1	100.000	21	0	0	1	21	506	486	2.0	39.2
Query_113627	XM_038444265.1	100.000	21	0	0	1	21	483	463	2.0	39.2
Query_113627	XM_038444264.1	100.000	21	0	0	1	21	475	455	2.0	39.2
Query_113627	XM_038444263.1	100.000	21	0	0	1	21	489	469	2.0	39.2
Query_113627	XM_038444262.1	100.000	21	0	0	1	21	514	494	2.0	39.2
Query_113627	XM_038444261.1	100.000	21	0	0	1	21	506	486	2.0	39.2
Query_113627	XM_038462042.1	100.000	21	0	0	1	21	487	467	2.0	39.2
Query_113627	XM_005642458.4	100.000	21	0	0	1	21	506	486	2.0	39.2
Query_113627	XM_038462041.1	100.000	21	0	0	1	21	483	463	2.0	39.2
Query_113627	XM_038462040.1	100.000	21	0	0	1	21	476	456	2.0	39.2
Query_113627	XM_038462039.1	100.000	21	0	0	1	21	489	469	2.0	39.2
Query_113627	XM_038462038.1	100.000	21	0	0	1	21	510	490	2.0	39.2
Query_113627	XM_038462037.1	100.000	21	0	0	1	21	506	486	2.0	39.2
Query_113627	XM_038412769.1	100.000	21	0	0	1	21	212	192	2.0	39.2
Query_113627	XM_038412768.1	100.000	21	0	0	1	21	594	574	2.0	39.2
Query_113627	XM_038399897.1	100.000	21	0	0	1	21	1076	1056	2.0	39.2
Query_113627	XM_038329858.1	100.000	21	0	0	1	21	620	600	2.0	39.2
Query_113627	XM_038310764.1	100.000	21	0	0	1	21	457	437	2.0	39.2
Query_113627	XM_038310763.1	100.000	21	0	0	1	21	501	481	2.0	39.2
Query_113627	XM_038310762.1	100.000	21	0	0	1	21	530	510	2.0	39.2
Query_113627	XM_038177848.1	100.000	21	0	0	1	21	565	545	2.0	39.2
Query_113627	XM_027456011.2	100.000	21	0	0	1	21	567	547	2.0	39.2
Query_113627	XM_038186314.1	100.000	21	0	0	1	21	347	327	2.0	39.2
Query_113627	XM_038136308.1	100.000	21	0	0	1	21	858	838	2.0	39.2
Query_113627	XM_038150027.1	100.000	21	0	0	1	21	348	328	2.0	39.2
Query_113627	XM_038150026.1	100.000	21	0	0	1	21	426	406	2.0	39.2
Query_113627	XM_037990392.1	100.000	21	0	0	1	21	682	662	2.0	39.2


