# blastn
# Iteration: 0
# Query: 
# RID: 7JBRDU3T01R
# Database: nt
# Fields: query acc.ver, subject acc.ver, % identity, alignment length, mismatches, gap opens, q. start, q. end, s. start, s. end, evalue, bit score
# 101 hits found
Query_106703	XM_034962171.1	100.000	21	0	0	1	21	594	574	2.1	39.2
Query_106703	XM_008958732.2	100.000	21	0	0	1	21	796	776	2.1	39.2
Query_106703	XM_003833230.2	100.000	21	0	0	1	21	767	747	2.1	39.2
Query_106703	XM_034714202.1	100.000	21	0	0	1	21	1366	1346	2.1	39.2
Query_106703	XM_034713563.1	100.000	21	0	0	1	21	3078	3058	2.1	39.2
Query_106703	XM_034713562.1	100.000	21	0	0	1	21	3147	3127	2.1	39.2
Query_106703	XM_034713561.1	100.000	21	0	0	1	21	3150	3130	2.1	39.2
Query_106703	CP050802.1	100.000	21	0	0	1	21	40398474	40398494	2.1	39.2
Query_106703	CP050802.1	100.000	21	0	0	1	21	40404757	40404777	2.1	39.2
Query_106703	XM_033864160.1	100.000	21	0	0	1	21	991	971	2.1	39.2
Query_106703	XM_033864159.1	100.000	21	0	0	1	21	845	825	2.1	39.2
Query_106703	XM_033864158.1	100.000	21	0	0	1	21	967	947	2.1	39.2
Query_106703	XM_010617711.3	100.000	21	0	0	1	21	609	589	2.1	39.2
Query_106703	XM_019206578.2	100.000	21	0	0	1	21	648	628	2.1	39.2
Query_106703	XM_033423918.1	100.000	21	0	0	1	21	987	967	2.1	39.2
Query_106703	XM_033423917.1	100.000	21	0	0	1	21	841	821	2.1	39.2
Query_106703	XM_004267532.2	100.000	21	0	0	1	21	963	943	2.1	39.2
Query_106703	XM_033217305.1	100.000	21	0	0	1	21	958	938	2.1	39.2
Query_106703	XM_033217304.1	100.000	21	0	0	1	21	855	835	2.1	39.2
Query_106703	XM_033217303.1	100.000	21	0	0	1	21	730	710	2.1	39.2
Query_106703	XM_033217302.1	100.000	21	0	0	1	21	894	874	2.1	39.2
Query_106703	XM_033217301.1	100.000	21	0	0	1	21	769	749	2.1	39.2
Query_106703	XM_033095894.1	100.000	21	0	0	1	21	738	718	2.1	39.2
Query_106703	XM_033095885.1	100.000	21	0	0	1	21	777	757	2.1	39.2
Query_106703	XM_013355738.3	100.000	21	0	0	1	21	845	825	2.1	39.2
Query_106703	XM_021721854.2	100.000	21	0	0	1	21	893	873	2.1	39.2
Query_106703	XR_005722721.1	100.000	21	0	0	1	21	753	733	2.1	39.2
Query_106703	XM_040249572.1	100.000	21	0	0	1	21	713	693	2.1	39.2
Query_106703	XM_040249571.1	100.000	21	0	0	1	21	752	732	2.1	39.2
Query_106703	XM_040249570.1	100.000	21	0	0	1	21	716	696	2.1	39.2
Query_106703	XM_039854831.1	100.000	21	0	0	1	21	673	653	2.1	39.2
Query_106703	XM_039854830.1	100.000	21	0	0	1	21	1077	1057	2.1	39.2
Query_106703	XM_039854829.1	100.000	21	0	0	1	21	971	951	2.1	39.2
Query_106703	XM_039854828.1	100.000	21	0	0	1	21	756	736	2.1	39.2
Query_106703	XM_039854827.1	100.000	21	0	0	1	21	815	795	2.1	39.2
Query_106703	XM_039854826.1	100.000	21	0	0	1	21	1116	1096	2.1	39.2
Query_106703	XM_039466881.1	100.000	21	0	0	1	21	882	862	2.1	39.2
Query_106703	XM_010333936.2	100.000	21	0	0	1	21	932	912	2.1	39.2
Query_106703	XM_039466875.1	100.000	21	0	0	1	21	758	738	2.1	39.2
Query_106703	XM_007972423.2	100.000	21	0	0	1	21	830	810	2.1	39.2
Query_106703	XM_038006128.1	100.000	21	0	0	1	21	855	835	2.1	39.2
Query_106703	XM_038006127.1	100.000	21	0	0	1	21	751	731	2.1	39.2
Query_106703	XM_007972424.2	100.000	21	0	0	1	21	894	874	2.1	39.2
Query_106703	XM_007972422.2	100.000	21	0	0	1	21	790	770	2.1	39.2
Query_106703	XM_037843300.1	100.000	21	0	0	1	21	655	635	2.1	39.2
Query_106703	XM_037843299.1	100.000	21	0	0	1	21	706	686	2.1	39.2
Query_106703	XM_037843298.1	100.000	21	0	0	1	21	758	738	2.1	39.2
Query_106703	XM_037843297.1	100.000	21	0	0	1	21	745	725	2.1	39.2
Query_106703	XM_017547408.2	100.000	21	0	0	1	21	737	717	2.1	39.2
Query_106703	XM_037745344.1	100.000	21	0	0	1	21	809	789	2.1	39.2
Query_106703	XM_017547404.2	100.000	21	0	0	1	21	778	758	2.1	39.2
Query_106703	XM_017547403.2	100.000	21	0	0	1	21	835	815	2.1	39.2
Query_106703	XM_017547402.2	100.000	21	0	0	1	21	753	733	2.1	39.2
Query_106703	XM_037519798.1	100.000	21	0	0	1	21	748	728	2.1	39.2
Query_106703	XM_037519797.1	100.000	21	0	0	1	21	681	661	2.1	39.2
Query_106703	XM_037142609.1	100.000	21	0	0	1	21	714	694	2.1	39.2
Query_106703	XM_037142608.1	100.000	21	0	0	1	21	807	787	2.1	39.2
Query_106703	XM_037142607.1	100.000	21	0	0	1	21	753	733	2.1	39.2
Query_106703	XM_037053815.1	100.000	21	0	0	1	21	723	703	2.1	39.2
Query_106703	XM_037053808.1	100.000	21	0	0	1	21	828	808	2.1	39.2
Query_106703	XM_037053800.1	100.000	21	0	0	1	21	762	742	2.1	39.2
Query_106703	XM_037013714.1	100.000	21	0	0	1	21	594	574	2.1	39.2
Query_106703	XM_037013669.1	100.000	21	0	0	1	21	654	634	2.1	39.2
Query_106703	XM_017676271.2	100.000	21	0	0	1	21	887	867	2.1	39.2
Query_106703	XM_017676270.2	100.000	21	0	0	1	21	745	725	2.1	39.2
Query_106703	XM_017676269.2	100.000	21	0	0	1	21	781	761	2.1	39.2
Query_106703	XM_036927364.1	100.000	21	0	0	1	21	594	574	2.1	39.2
Query_106703	XM_036927362.1	100.000	21	0	0	1	21	652	632	2.1	39.2
Query_106703	XM_036927361.1	100.000	21	0	0	1	21	746	726	2.1	39.2
Query_106703	XM_036927360.1	100.000	21	0	0	1	21	876	856	2.1	39.2
Query_106703	XM_036927359.1	100.000	21	0	0	1	21	779	759	2.1	39.2
Query_106703	XM_036868838.1	100.000	21	0	0	1	21	373	353	2.1	39.2
Query_106703	XM_036868837.1	100.000	21	0	0	1	21	696	676	2.1	39.2
Query_106703	XM_036868836.1	100.000	21	0	0	1	21	717	697	2.1	39.2
Query_106703	XM_036868835.1	100.000	21	0	0	1	21	734	714	2.1	39.2
Query_106703	XM_036868834.1	100.000	21	0	0	1	21	893	873	2.1	39.2
Query_106703	XM_036868833.1	100.000	21	0	0	1	21	828	808	2.1	39.2
Query_106703	XM_036868832.1	100.000	21	0	0	1	21	911	891	2.1	39.2
Query_106703	XM_036868831.1	100.000	21	0	0	1	21	756	736	2.1	39.2
Query_106703	XM_036248030.1	100.000	21	0	0	1	21	750	730	2.1	39.2
Query_106703	XM_036248029.1	100.000	21	0	0	1	21	781	761	2.1	39.2
Query_106703	XM_036218441.1	100.000	21	0	0	1	21	766	746	2.1	39.2
Query_106703	XM_036218440.1	100.000	21	0	0	1	21	638	618	2.1	39.2
Query_106703	XM_036218439.1	100.000	21	0	0	1	21	887	867	2.1	39.2
Query_106703	XM_016128649.2	100.000	21	0	0	1	21	739	719	2.1	39.2
Query_106703	XM_016128651.2	100.000	21	0	0	1	21	727	707	2.1	39.2
Query_106703	XM_016128648.2	100.000	21	0	0	1	21	766	746	2.1	39.2
Query_106703	XM_028508568.2	100.000	21	0	0	1	21	879	859	2.1	39.2
Query_106703	XM_028508566.2	100.000	21	0	0	1	21	742	722	2.1	39.2
Query_106703	XM_028508565.2	100.000	21	0	0	1	21	781	761	2.1	39.2
Query_106703	XM_036024155.1	100.000	21	0	0	1	21	943	923	2.1	39.2
Query_106703	XM_036024154.1	100.000	21	0	0	1	21	1021	1001	2.1	39.2
Query_106703	XM_036024153.1	100.000	21	0	0	1	21	982	962	2.1	39.2
Query_106703	XM_035295753.1	100.000	21	0	0	1	21	902	882	2.1	39.2
Query_106703	XM_035295752.1	100.000	21	0	0	1	21	738	718	2.1	39.2
Query_106703	XM_035295750.1	100.000	21	0	0	1	21	938	918	2.1	39.2
Query_106703	XM_035295749.1	100.000	21	0	0	1	21	768	748	2.1	39.2
Query_106703	XM_035295748.1	100.000	21	0	0	1	21	782	762	2.1	39.2
Query_106703	XM_035295747.1	100.000	21	0	0	1	21	812	792	2.1	39.2
Query_106703	XM_035295746.1	100.000	21	0	0	1	21	937	917	2.1	39.2
Query_106703	XM_035295745.1	100.000	21	0	0	1	21	787	767	2.1	39.2


