# blastn
# Iteration: 0
# Query: 
# RID: 6RKEK8RZ016
# Database: nt
# Fields: query acc.ver, subject acc.ver, % identity, alignment length, mismatches, gap opens, q. start, q. end, s. start, s. end, evalue, bit score
# 72 hits found
Query_41567	XM_003807100.4	100.000	21	0	0	1	21	718	698	2.1	39.2
Query_41567	XM_034942333.1	100.000	21	0	0	1	21	702	682	2.1	39.2
Query_41567	XM_033224473.1	100.000	21	0	0	1	21	1086	1066	2.1	39.2
Query_41567	XM_032171207.1	100.000	21	0	0	1	21	989	969	2.1	39.2
Query_41567	XM_003916130.3	100.000	21	0	0	1	21	1093	1073	2.1	39.2
Query_41567	XR_004067781.1	100.000	21	0	0	1	21	702	682	2.1	39.2
Query_41567	XM_019015478.2	100.000	21	0	0	1	21	373	353	2.1	39.2
Query_41567	XR_176607.3	100.000	21	0	0	1	21	718	698	2.1	39.2
Query_41567	XM_010379192.2	100.000	21	0	0	1	21	1083	1063	2.1	39.2
Query_41567	XM_003277335.4	100.000	21	0	0	1	21	995	975	2.1	39.2
Query_41567	AC279090.1	100.000	21	0	0	1	21	113106	113126	2.1	39.2
Query_41567	NM_014501.3	100.000	21	0	0	1	21	723	703	2.1	39.2
Query_41567	CP034522.1	100.000	21	0	0	1	21	55852949	55852969	2.1	39.2
Query_41567	CP034497.1	100.000	21	0	0	1	21	55852949	55852969	2.1	39.2
Query_41567	XM_025369037.1	100.000	21	0	0	1	21	1092	1072	2.1	39.2
Query_41567	XM_011752020.2	100.000	21	0	0	1	21	1086	1066	2.1	39.2
Query_41567	XM_016936881.2	100.000	21	0	0	1	21	2266	2246	2.1	39.2
Query_41567	XM_016936880.2	100.000	21	0	0	1	21	786	766	2.1	39.2
Query_41567	XR_677486.3	100.000	21	0	0	1	21	979	959	2.1	39.2
Query_41567	XR_002942167.1	100.000	21	0	0	1	21	662	642	2.1	39.2
Query_41567	XM_024236634.1	100.000	21	0	0	1	21	988	968	2.1	39.2
Query_41567	XM_023184255.1	100.000	21	0	0	1	21	1104	1084	2.1	39.2
Query_41567	LT741140.1	100.000	21	0	0	1	21	1011	991	2.1	39.2
Query_41567	LT736020.1	100.000	21	0	0	1	21	1011	991	2.1	39.2
Query_41567	XM_017892532.1	100.000	21	0	0	1	21	1084	1064	2.1	39.2
Query_41567	XM_005590403.2	100.000	21	0	0	1	21	1087	1067	2.1	39.2
Query_41567	XM_012053615.1	100.000	21	0	0	1	21	1084	1064	2.1	39.2
Query_41567	XM_011932455.1	100.000	21	0	0	1	21	1085	1065	2.1	39.2
Query_41567	XM_011932454.1	100.000	21	0	0	1	21	1091	1071	2.1	39.2
Query_41567	XM_011997020.1	100.000	21	0	0	1	21	476	456	2.1	39.2
Query_41567	KJ898691.1	100.000	21	0	0	1	21	589	569	2.1	39.2
Query_41567	KJ898690.1	100.000	21	0	0	1	21	589	569	2.1	39.2
Query_41567	AC254826.1	100.000	21	0	0	1	21	132815	132795	2.1	39.2
Query_41567	NM_001266004.2	100.000	21	0	0	1	21	843	823	2.1	39.2
Query_41567	CP068259.1	100.000	21	0	0	1	21	58497030	58497050	2.1	39.2
Query_41567	XM_007998158.2	100.000	21	0	0	1	21	1089	1069	2.1	39.2
Query_41567	AP023479.1	100.000	21	0	0	1	21	55879372	55879392	2.1	39.2
Query_41567	CU675700.1	100.000	21	0	0	1	21	161	181	2.1	39.2
Query_41567	BC014622.1	100.000	21	0	0	1	21	713	693	2.1	39.2
Query_41567	AC183294.3	100.000	21	0	0	1	21	3671	3651	2.1	39.2
Query_41567	BC065364.1	100.000	21	0	0	1	21	712	692	2.1	39.2
Query_41567	BC004236.2	100.000	21	0	0	1	21	702	682	2.1	39.2
Query_41567	AC020922.9	100.000	21	0	0	1	21	109864	109884	2.1	39.2
Query_41567	DQ120720.1	100.000	21	0	0	1	21	524	504	2.1	39.2
Query_41567	DQ120719.1	100.000	21	0	0	1	21	525	505	2.1	39.2
Query_41567	AB062397.1	100.000	21	0	0	1	21	702	682	2.1	39.2
Query_41567	M91670.1	100.000	21	0	0	1	21	583	563	2.1	39.2
Query_41567	CP051630.1	100.000	20	0	0	1	20	2688689	2688670	7.2	37.4
Query_41567	LR738606.1	100.000	20	0	0	1	20	65125402	65125421	7.2	37.4
Query_41567	CP034495.1	100.000	20	0	0	1	20	15607691	15607710	7.2	37.4
Query_41567	CP034495.1	100.000	20	0	0	1	20	18580927	18580908	7.2	37.4
Query_41567	CP026255.1	100.000	20	0	0	1	20	3375691	3375672	7.2	37.4
Query_41567	AC277988.1	100.000	20	0	0	1	20	97415	97396	7.2	37.4
Query_41567	AC277977.1	100.000	20	0	0	1	20	166208	166227	7.2	37.4
Query_41567	AC275577.1	100.000	20	0	0	1	20	9112	9093	7.2	37.4
Query_41567	AC275431.1	100.000	20	0	0	1	20	56487	56506	7.2	37.4
Query_41567	NG_031882.2	100.000	20	0	0	1	20	454	435	7.2	37.4
Query_41567	KJ906125.1	100.000	20	0	0	1	20	589	570	7.2	37.4
Query_41567	CP069396.1	100.000	20	0	0	1	20	8347311	8347330	7.2	37.4
Query_41567	CP068261.1	100.000	20	0	0	1	20	15610907	15610926	7.2	37.4
Query_41567	CP068261.1	100.000	20	0	0	1	20	18624727	18624708	7.2	37.4
Query_41567	AP023477.1	100.000	20	0	0	1	20	15790653	15790672	7.2	37.4
Query_41567	AP023477.1	100.000	20	0	0	1	20	18786307	18786288	7.2	37.4
Query_41567	HQ448521.1	100.000	20	0	0	1	20	574	555	7.2	37.4
Query_41567	AC240523.3	100.000	20	0	0	1	20	10075	10056	7.2	37.4
Query_41567	NG_001583.3	100.000	20	0	0	1	20	817	798	7.2	37.4
Query_41567	CU688219.1	100.000	20	0	0	1	20	161	180	7.2	37.4
Query_41567	BC066948.1	100.000	20	0	0	1	20	548	529	7.2	37.4
Query_41567	AC026271.6	100.000	20	0	0	1	20	41738	41757	7.2	37.4
Query_41567	AC018989.15	100.000	20	0	0	1	20	150174	150193	7.2	37.4
Query_41567	DQ120718.1	100.000	20	0	0	1	20	524	505	7.2	37.4
Query_41567	AC005324.1	100.000	20	0	0	1	20	60648	60629	7.2	37.4


