# blastn
# Iteration: 0
# Query: 
# RID: 6ZTRZMAK01R
# Database: nt
# Fields: query acc.ver, subject acc.ver, % identity, alignment length, mismatches, gap opens, q. start, q. end, s. start, s. end, evalue, bit score
# 41 hits found
Query_93663	XM_032915907.1	100.000	21	0	0	1	21	832	812	2.0	39.2
Query_93663	XM_021210658.2	100.000	21	0	0	1	21	825	805	2.0	39.2
Query_93663	XM_021163845.2	100.000	21	0	0	1	21	828	808	2.0	39.2
Query_93663	XM_005365945.3	100.000	21	0	0	1	21	807	787	2.0	39.2
Query_93663	XM_005068842.3	100.000	21	0	0	1	21	833	813	2.0	39.2
Query_93663	XM_006985601.2	100.000	21	0	0	1	21	829	809	2.0	39.2
Query_93663	XM_028882342.2	100.000	21	0	0	1	21	836	816	2.0	39.2
Query_93663	JN960283.1	100.000	21	0	0	1	21	158	178	2.0	39.2
Query_93663	LR877197.1	100.000	21	0	0	1	21	31003498	31003518	2.0	39.2
Query_93663	XM_027387082.2	100.000	21	0	0	1	21	819	799	2.0	39.2
Query_93663	XM_003496616.5	100.000	21	0	0	1	21	816	796	2.0	39.2
Query_93663	JN956630.1	100.000	21	0	0	1	21	158	178	2.0	39.2
Query_93663	FQ214550.1	100.000	21	0	0	1	21	792	772	2.0	39.2
Query_93663	FQ213111.1	100.000	21	0	0	1	21	793	773	2.0	39.2
Query_93663	FQ225334.1	100.000	21	0	0	1	21	793	773	2.0	39.2
Query_93663	FQ228750.1	100.000	21	0	0	1	21	792	772	2.0	39.2
Query_93663	FQ213948.1	100.000	21	0	0	1	21	480	460	2.0	39.2
Query_93663	NG_006685.3	100.000	21	0	0	1	21	879	859	2.0	39.2
Query_93663	NM_026242.3	100.000	21	0	0	1	21	827	807	2.0	39.2
Query_93663	AC169036.3	100.000	21	0	0	1	21	131884	131904	2.0	39.2
Query_93663	BC085488.1	100.000	21	0	0	1	21	672	652	2.0	39.2
Query_93663	AC114605.11	100.000	21	0	0	1	21	109948	109928	2.0	39.2
Query_93663	AC112683.10	100.000	21	0	0	1	21	194369	194349	2.0	39.2
Query_93663	AC139214.12	100.000	21	0	0	1	21	1401	1381	2.0	39.2
Query_93663	AK170984.1	100.000	21	0	0	1	21	809	789	2.0	39.2
Query_93663	AK170909.1	100.000	21	0	0	1	21	805	785	2.0	39.2
Query_93663	AK170789.1	100.000	21	0	0	1	21	777	757	2.0	39.2
Query_93663	AK159464.1	100.000	21	0	0	1	21	816	796	2.0	39.2
Query_93663	AK167112.1	100.000	21	0	0	1	21	808	788	2.0	39.2
Query_93663	AK020049.1	100.000	21	0	0	1	21	795	775	2.0	39.2
Query_93663	AK018675.1	100.000	21	0	0	1	21	777	757	2.0	39.2
Query_93663	AK017832.1	100.000	21	0	0	1	21	809	789	2.0	39.2
Query_93663	AK009827.1	100.000	21	0	0	1	21	785	765	2.0	39.2
Query_93663	AK005313.1	100.000	21	0	0	1	21	819	799	2.0	39.2
Query_93663	AK213894.1	100.000	21	0	0	1	21	93	73	2.0	39.2
Query_93663	AC154476.2	100.000	21	0	0	1	21	78399	78419	2.0	39.2
Query_93663	NM_001009264.1	100.000	21	0	0	1	21	772	752	2.0	39.2
Query_93663	BC010209.1	100.000	21	0	0	1	21	796	776	2.0	39.2
Query_93663	AB041651.1	100.000	21	0	0	1	21	807	787	2.0	39.2
Query_93663	AP018270.1	100.000	20	0	0	2	21	189636	189617	7.1	37.4
Query_93663	HG992159.1	100.000	20	0	0	1	20	15506769	15506750	7.1	37.4


