# blastn
# Iteration: 0
# Query: 
# RID: 6MFAU07J01R
# Database: nt
# Fields: query acc.ver, subject acc.ver, % identity, alignment length, mismatches, gap opens, q. start, q. end, s. start, s. end, evalue, bit score
# 100 hits found
Query_456819	XM_005325742.4	100.000	21	0	0	1	21	398	378	2.0	39.2
Query_456819	XM_040293037.1	100.000	21	0	0	1	21	289	269	2.0	39.2
Query_456819	XM_005325741.4	100.000	21	0	0	1	21	426	406	2.0	39.2
Query_456819	XM_040266533.1	100.000	21	0	0	1	21	337	317	2.0	39.2
Query_456819	XM_040237783.1	100.000	21	0	0	1	21	146	126	2.0	39.2
Query_456819	XM_040237782.1	100.000	21	0	0	1	21	131	111	2.0	39.2
Query_456819	XR_005720632.1	100.000	21	0	0	1	21	422	402	2.0	39.2
Query_456819	XM_040237780.1	100.000	21	0	0	1	21	518	498	2.0	39.2
Query_456819	XM_040237779.1	100.000	21	0	0	1	21	397	377	2.0	39.2
Query_456819	XM_040237778.1	100.000	21	0	0	1	21	422	402	2.0	39.2
Query_456819	XM_040237777.1	100.000	21	0	0	1	21	533	513	2.0	39.2
Query_456819	XM_040237776.1	100.000	21	0	0	1	21	521	501	2.0	39.2
Query_456819	XM_040237775.1	100.000	21	0	0	1	21	435	415	2.0	39.2
Query_456819	XM_040237774.1	100.000	21	0	0	1	21	411	391	2.0	39.2
Query_456819	XM_040237773.1	100.000	21	0	0	1	21	434	414	2.0	39.2
Query_456819	XM_040237772.1	100.000	21	0	0	1	21	297	277	2.0	39.2
Query_456819	XM_040237771.1	100.000	21	0	0	1	21	356	336	2.0	39.2
Query_456819	XM_040237769.1	100.000	21	0	0	1	21	435	415	2.0	39.2
Query_456819	XM_040237768.1	100.000	21	0	0	1	21	409	389	2.0	39.2
Query_456819	XM_040237767.1	100.000	21	0	0	1	21	422	402	2.0	39.2
Query_456819	HG994405.1	100.000	21	0	0	1	21	6085527	6085507	2.0	39.2
Query_456819	HG994404.1	100.000	21	0	0	1	21	45910594	45910614	2.0	39.2
Query_456819	HG994397.1	100.000	21	0	0	1	21	4491296	4491276	2.0	39.2
Query_456819	XM_039848730.1	100.000	21	0	0	1	21	480	460	2.0	39.2
Query_456819	XM_039848729.1	100.000	21	0	0	1	21	412	392	2.0	39.2
Query_456819	XM_039848728.1	100.000	21	0	0	1	21	396	376	2.0	39.2
Query_456819	XM_039848727.1	100.000	21	0	0	1	21	407	387	2.0	39.2
Query_456819	XM_039848726.1	100.000	21	0	0	1	21	589	569	2.0	39.2
Query_456819	XM_039848725.1	100.000	21	0	0	1	21	423	403	2.0	39.2
Query_456819	XM_003929504.3	100.000	21	0	0	1	21	498	478	2.0	39.2
Query_456819	XM_003929505.3	100.000	21	0	0	1	21	625	605	2.0	39.2
Query_456819	XM_003929502.3	100.000	21	0	0	1	21	433	413	2.0	39.2
Query_456819	XM_010340110.2	100.000	21	0	0	1	21	498	478	2.0	39.2
Query_456819	XM_010340111.2	100.000	21	0	0	1	21	625	605	2.0	39.2
Query_456819	XM_010340109.2	100.000	21	0	0	1	21	433	413	2.0	39.2
Query_456819	XM_039220817.1	100.000	21	0	0	1	21	342	322	2.0	39.2
Query_456819	XM_039220816.1	100.000	21	0	0	1	21	394	374	2.0	39.2
Query_456819	XM_039220815.1	100.000	21	0	0	1	21	373	353	2.0	39.2
Query_456819	XM_006233338.3	100.000	21	0	0	1	21	407	387	2.0	39.2
Query_456819	XM_006233337.3	100.000	21	0	0	1	21	581	561	2.0	39.2
Query_456819	XM_006233336.4	100.000	21	0	0	1	21	428	408	2.0	39.2
Query_456819	XM_006233335.3	100.000	21	0	0	1	21	407	387	2.0	39.2
Query_456819	XM_006233334.3	100.000	21	0	0	1	21	551	531	2.0	39.2
Query_456819	XM_006233333.3	100.000	21	0	0	1	21	428	408	2.0	39.2
Query_456819	XM_038444267.1	100.000	21	0	0	1	21	411	391	2.0	39.2
Query_456819	XM_038444266.1	100.000	21	0	0	1	21	430	410	2.0	39.2
Query_456819	XM_038444265.1	100.000	21	0	0	1	21	407	387	2.0	39.2
Query_456819	XM_038444264.1	100.000	21	0	0	1	21	399	379	2.0	39.2
Query_456819	XM_038444263.1	100.000	21	0	0	1	21	413	393	2.0	39.2
Query_456819	XM_038444262.1	100.000	21	0	0	1	21	438	418	2.0	39.2
Query_456819	XM_038444261.1	100.000	21	0	0	1	21	430	410	2.0	39.2
Query_456819	XM_038462042.1	100.000	21	0	0	1	21	411	391	2.0	39.2
Query_456819	XM_005642458.4	100.000	21	0	0	1	21	430	410	2.0	39.2
Query_456819	XM_038462041.1	100.000	21	0	0	1	21	407	387	2.0	39.2
Query_456819	XM_038462040.1	100.000	21	0	0	1	21	400	380	2.0	39.2
Query_456819	XM_038462039.1	100.000	21	0	0	1	21	413	393	2.0	39.2
Query_456819	XM_038462038.1	100.000	21	0	0	1	21	434	414	2.0	39.2
Query_456819	XM_038462037.1	100.000	21	0	0	1	21	430	410	2.0	39.2
Query_456819	XM_038310764.1	100.000	21	0	0	1	21	381	361	2.0	39.2
Query_456819	XM_038310763.1	100.000	21	0	0	1	21	425	405	2.0	39.2
Query_456819	XM_038310762.1	100.000	21	0	0	1	21	454	434	2.0	39.2
Query_456819	XM_037850263.1	100.000	21	0	0	1	21	133	113	2.0	39.2
Query_456819	XM_037830359.1	100.000	21	0	0	1	21	370	350	2.0	39.2
Query_456819	XM_037830358.1	100.000	21	0	0	1	21	381	361	2.0	39.2
Query_456819	XM_037830357.1	100.000	21	0	0	1	21	343	323	2.0	39.2
Query_456819	XM_037830356.1	100.000	21	0	0	1	21	395	375	2.0	39.2
Query_456819	XM_037830355.1	100.000	21	0	0	1	21	414	394	2.0	39.2
Query_456819	XR_005197369.1	100.000	21	0	0	1	21	275	255	2.0	39.2
Query_456819	XM_017508657.2	100.000	21	0	0	1	21	498	478	2.0	39.2
Query_456819	XM_017508656.2	100.000	21	0	0	1	21	628	608	2.0	39.2
Query_456819	XM_017508655.2	100.000	21	0	0	1	21	402	382	2.0	39.2
Query_456819	XM_017508652.2	100.000	21	0	0	1	21	390	370	2.0	39.2
Query_456819	XM_017508651.2	100.000	21	0	0	1	21	579	559	2.0	39.2
Query_456819	XM_017508650.2	100.000	21	0	0	1	21	698	678	2.0	39.2
Query_456819	XR_001825684.2	100.000	21	0	0	1	21	339	319	2.0	39.2
Query_456819	XM_037509625.1	100.000	21	0	0	1	21	372	352	2.0	39.2
Query_456819	XM_037509624.1	100.000	21	0	0	1	21	322	302	2.0	39.2
Query_456819	XM_037509623.1	100.000	21	0	0	1	21	380	360	2.0	39.2
Query_456819	XM_037207130.1	100.000	21	0	0	1	21	195	175	2.0	39.2
Query_456819	XM_028857385.2	100.000	21	0	0	1	21	411	391	2.0	39.2
Query_456819	XM_028857378.2	100.000	21	0	0	1	21	372	352	2.0	39.2
Query_456819	XM_028857369.2	100.000	21	0	0	1	21	461	441	2.0	39.2
Query_456819	XM_028857360.2	100.000	21	0	0	1	21	413	393	2.0	39.2
Query_456819	XM_037199050.1	100.000	21	0	0	1	21	262	242	2.0	39.2
Query_456819	XM_037020228.1	100.000	21	0	0	1	21	412	392	2.0	39.2
Query_456819	XM_017654247.2	100.000	21	0	0	1	21	415	395	2.0	39.2
Query_456819	XM_017654245.2	100.000	21	0	0	1	21	406	386	2.0	39.2
Query_456819	XM_017654246.2	100.000	21	0	0	1	21	472	452	2.0	39.2
Query_456819	XM_017654243.2	100.000	21	0	0	1	21	412	392	2.0	39.2
Query_456819	XM_036879212.1	100.000	21	0	0	1	21	137	117	2.0	39.2
Query_456819	XM_036879210.1	100.000	21	0	0	1	21	406	386	2.0	39.2
Query_456819	XM_036879209.1	100.000	21	0	0	1	21	288	268	2.0	39.2
Query_456819	XM_036879208.1	100.000	21	0	0	1	21	406	386	2.0	39.2
Query_456819	XM_036879207.1	100.000	21	0	0	1	21	412	392	2.0	39.2
Query_456819	XM_036879206.1	100.000	21	0	0	1	21	406	386	2.0	39.2
Query_456819	XM_036918460.1	100.000	21	0	0	1	21	379	359	2.0	39.2
Query_456819	XM_036853637.1	100.000	21	0	0	1	21	377	357	2.0	39.2
Query_456819	XM_036853636.1	100.000	21	0	0	1	21	368	348	2.0	39.2
Query_456819	XM_036853635.1	100.000	21	0	0	1	21	427	407	2.0	39.2
Query_456819	XM_036853634.1	100.000	21	0	0	1	21	422	402	2.0	39.2


