# blastn
# Iteration: 0
# Query: 
# RID: 7PT1VJ6H016
# Database: nt
# Fields: query acc.ver, subject acc.ver, % identity, alignment length, mismatches, gap opens, q. start, q. end, s. start, s. end, evalue, bit score
# 79 hits found
Query_44897	XM_008966038.2	100.000	21	0	0	1	21	604	584	2.1	39.2
Query_44897	XM_003813487.3	100.000	21	0	0	1	21	601	581	2.1	39.2
Query_44897	XM_033193634.1	100.000	21	0	0	1	21	120	100	2.1	39.2
Query_44897	XM_033193633.1	100.000	21	0	0	1	21	623	603	2.1	39.2
Query_44897	XM_033193632.1	100.000	21	0	0	1	21	621	601	2.1	39.2
Query_44897	XM_032761727.1	100.000	21	0	0	1	21	626	606	2.1	39.2
Query_44897	XM_032761725.1	100.000	21	0	0	1	21	606	586	2.1	39.2
Query_44897	XM_032275989.1	100.000	21	0	0	1	21	570	550	2.1	39.2
Query_44897	XM_032275988.1	100.000	21	0	0	1	21	604	584	2.1	39.2
Query_44897	XM_032275987.1	100.000	21	0	0	1	21	602	582	2.1	39.2
Query_44897	XM_023207871.3	100.000	21	0	0	1	21	616	596	2.1	39.2
Query_44897	XM_009203857.2	100.000	21	0	0	1	21	70	50	2.1	39.2
Query_44897	XM_009203856.3	100.000	21	0	0	1	21	595	575	2.1	39.2
Query_44897	XM_003896588.4	100.000	21	0	0	1	21	595	575	2.1	39.2
Query_44897	XM_031381413.1	100.000	21	0	0	1	21	634	614	2.1	39.2
Query_44897	XM_031381412.1	100.000	21	0	0	1	21	634	614	2.1	39.2
Query_44897	XM_010378776.2	100.000	21	0	0	1	21	605	585	2.1	39.2
Query_44897	XM_010378773.2	100.000	21	0	0	1	21	605	585	2.1	39.2
Query_44897	XM_030825578.1	100.000	21	0	0	1	21	1226	1206	2.1	39.2
Query_44897	XM_003261322.3	100.000	21	0	0	1	21	587	567	2.1	39.2
Query_44897	NM_001202498.2	100.000	21	0	0	1	21	207	187	2.1	39.2
Query_44897	NM_182697.3	100.000	21	0	0	1	21	586	566	2.1	39.2
Query_44897	NM_003344.4	100.000	21	0	0	1	21	586	566	2.1	39.2
Query_44897	XM_015134892.2	100.000	21	0	0	1	21	993	973	2.1	39.2
Query_44897	XM_023207872.2	100.000	21	0	0	1	21	98	78	2.1	39.2
Query_44897	XM_023207869.2	100.000	21	0	0	1	21	613	593	2.1	39.2
Query_44897	XM_025378151.1	100.000	21	0	0	1	21	190	170	2.1	39.2
Query_44897	XM_025378150.1	100.000	21	0	0	1	21	194	174	2.1	39.2
Query_44897	XM_025378148.1	100.000	21	0	0	1	21	597	577	2.1	39.2
Query_44897	XM_025378147.1	100.000	21	0	0	1	21	597	577	2.1	39.2
Query_44897	XM_025378146.1	100.000	21	0	0	1	21	506	486	2.1	39.2
Query_44897	XM_011723879.2	100.000	21	0	0	1	21	584	564	2.1	39.2
Query_44897	XM_003318791.5	100.000	21	0	0	1	21	600	580	2.1	39.2
Query_44897	XM_001144807.6	100.000	21	0	0	1	21	599	579	2.1	39.2
Query_44897	XM_009243220.2	100.000	21	0	0	1	21	593	573	2.1	39.2
Query_44897	XM_002818440.3	100.000	21	0	0	1	21	593	573	2.1	39.2
Query_44897	XM_012474051.2	100.000	21	0	0	1	21	603	583	2.1	39.2
Query_44897	XM_012474050.2	100.000	21	0	0	1	21	603	583	2.1	39.2
Query_44897	XM_017875046.1	100.000	21	0	0	1	21	629	609	2.1	39.2
Query_44897	XM_005550755.2	100.000	21	0	0	1	21	1112	1092	2.1	39.2
Query_44897	XM_005550754.2	100.000	21	0	0	1	21	599	579	2.1	39.2
Query_44897	XM_012088045.1	100.000	21	0	0	1	21	608	588	2.1	39.2
Query_44897	XM_011995876.1	100.000	21	0	0	1	21	190	170	2.1	39.2
Query_44897	XM_011995875.1	100.000	21	0	0	1	21	194	174	2.1	39.2
Query_44897	XM_011995874.1	100.000	21	0	0	1	21	615	595	2.1	39.2
Query_44897	XM_011995873.1	100.000	21	0	0	1	21	615	595	2.1	39.2
Query_44897	XM_011995872.1	100.000	21	0	0	1	21	149	129	2.1	39.2
Query_44897	XM_011995871.1	100.000	21	0	0	1	21	615	595	2.1	39.2
Query_44897	XM_011995870.1	100.000	21	0	0	1	21	506	486	2.1	39.2
Query_44897	XM_011939593.1	100.000	21	0	0	1	21	190	170	2.1	39.2
Query_44897	XM_011939592.1	100.000	21	0	0	1	21	194	174	2.1	39.2
Query_44897	XM_011939591.1	100.000	21	0	0	1	21	615	595	2.1	39.2
Query_44897	XM_011939590.1	100.000	21	0	0	1	21	615	595	2.1	39.2
Query_44897	XM_011939589.1	100.000	21	0	0	1	21	615	595	2.1	39.2
Query_44897	XM_011939588.1	100.000	21	0	0	1	21	506	486	2.1	39.2
Query_44897	XM_003921004.3	100.000	21	0	0	1	21	604	584	2.1	39.2
Query_44897	NM_001261059.2	100.000	21	0	0	1	21	320	300	2.1	39.2
Query_44897	XM_037739999.1	100.000	21	0	0	1	21	74	54	2.1	39.2
Query_44897	XM_017532568.2	100.000	21	0	0	1	21	189	169	2.1	39.2
Query_44897	XM_017532567.2	100.000	21	0	0	1	21	604	584	2.1	39.2
Query_44897	XM_017532566.2	100.000	21	0	0	1	21	602	582	2.1	39.2
Query_44897	XM_035254744.1	100.000	21	0	0	1	21	193	173	2.1	39.2
Query_44897	XM_035254743.1	100.000	21	0	0	1	21	619	599	2.1	39.2
Query_44897	XM_035254741.1	100.000	21	0	0	1	21	615	595	2.1	39.2
Query_44897	XM_002756944.5	100.000	21	0	0	1	21	565	545	2.1	39.2
Query_44897	JF432609.1	100.000	21	0	0	1	21	231	211	2.1	39.2
Query_44897	AB590728.1	100.000	21	0	0	1	21	190	170	2.1	39.2
Query_44897	AB451490.1	100.000	21	0	0	1	21	181	161	2.1	39.2
Query_44897	AK316590.1	100.000	21	0	0	1	21	169	149	2.1	39.2
Query_44897	AC145891.4	100.000	21	0	0	1	21	102411	102391	2.1	39.2
Query_44897	BC006277.2	100.000	21	0	0	1	21	498	478	2.1	39.2
Query_44897	AY302138.1	100.000	21	0	0	1	21	181	161	2.1	39.2
Query_44897	BT007925.1	100.000	21	0	0	1	21	181	161	2.1	39.2
Query_44897	BT006756.1	100.000	21	0	0	1	21	181	161	2.1	39.2
Query_44897	AC084864.4	100.000	21	0	0	1	21	170635	170655	2.1	39.2
Query_44897	AC084865.3	100.000	21	0	0	1	21	92344	92364	2.1	39.2
Query_44897	AC023880.5	100.000	21	0	0	1	21	22489	22469	2.1	39.2
Query_44897	Z29330.1	100.000	21	0	0	1	21	234	214	2.1	39.2
Query_44897	Z29328.1	100.000	21	0	0	1	21	234	214	2.1	39.2


