# blastn
# Iteration: 0
# Query: 
# RID: 8YPUXM7801N
# Database: nt
# Fields: query acc.ver, subject acc.ver, % identity, alignment length, mismatches, gap opens, q. start, q. end, s. start, s. end, evalue, bit score
# 100 hits found
Query_101751	XM_008976634.2	100.000	21	0	0	1	21	402	382	2.1	39.2
Query_101751	XM_003823013.3	100.000	21	0	0	1	21	384	364	2.1	39.2
Query_101751	XM_033198362.1	100.000	21	0	0	1	21	355	335	2.1	39.2
Query_101751	XM_033198361.1	100.000	21	0	0	1	21	377	357	2.1	39.2
Query_101751	XM_033198360.1	100.000	21	0	0	1	21	377	357	2.1	39.2
Query_101751	XM_033198359.1	100.000	21	0	0	1	21	377	357	2.1	39.2
Query_101751	XM_033198358.1	100.000	21	0	0	1	21	271	251	2.1	39.2
Query_101751	XR_004434096.1	100.000	21	0	0	1	21	377	357	2.1	39.2
Query_101751	XM_033198357.1	100.000	21	0	0	1	21	625	605	2.1	39.2
Query_101751	XM_033198356.1	100.000	21	0	0	1	21	377	357	2.1	39.2
Query_101751	XR_004262057.1	100.000	21	0	0	1	21	316	296	2.1	39.2
Query_101751	XM_032288776.1	100.000	21	0	0	1	21	374	354	2.1	39.2
Query_101751	XM_032136927.1	100.000	21	0	0	1	21	360	340	2.1	39.2
Query_101751	XM_032136926.1	100.000	21	0	0	1	21	356	336	2.1	39.2
Query_101751	XM_023186845.3	100.000	21	0	0	1	21	739	719	2.1	39.2
Query_101751	XR_639001.4	100.000	21	0	0	1	21	400	380	2.1	39.2
Query_101751	XM_009189984.4	100.000	21	0	0	1	21	400	380	2.1	39.2
Query_101751	XM_019037287.2	100.000	21	0	0	1	21	360	340	2.1	39.2
Query_101751	XM_030930251.1	100.000	21	0	0	1	21	361	341	2.1	39.2
Query_101751	XM_010378845.2	100.000	21	0	0	1	21	384	364	2.1	39.2
Query_101751	XM_030930243.1	100.000	21	0	0	1	21	384	364	2.1	39.2
Query_101751	XM_012502075.2	100.000	21	0	0	1	21	356	336	2.1	39.2
Query_101751	XM_029933151.1	100.000	21	0	0	1	21	304	284	2.1	39.2
Query_101751	XM_029933150.1	100.000	21	0	0	1	21	326	306	2.1	39.2
Query_101751	XM_015120156.2	100.000	21	0	0	1	21	355	335	2.1	39.2
Query_101751	XM_015120144.2	100.000	21	0	0	1	21	389	369	2.1	39.2
Query_101751	XM_015120123.2	100.000	21	0	0	1	21	389	369	2.1	39.2
Query_101751	XM_026456675.1	100.000	21	0	0	1	21	376	356	2.1	39.2
Query_101751	XM_023186848.2	100.000	21	0	0	1	21	376	356	2.1	39.2
Query_101751	XM_023186846.2	100.000	21	0	0	1	21	376	356	2.1	39.2
Query_101751	XM_023186844.2	100.000	21	0	0	1	21	376	356	2.1	39.2
Query_101751	XM_025391108.1	100.000	21	0	0	1	21	360	340	2.1	39.2
Query_101751	XM_025391104.1	100.000	21	0	0	1	21	356	336	2.1	39.2
Query_101751	NM_014176.4	100.000	21	0	0	1	21	327	307	2.1	39.2
Query_101751	XM_011746666.2	100.000	21	0	0	1	21	355	335	2.1	39.2
Query_101751	XM_011746665.2	100.000	21	0	0	1	21	726	706	2.1	39.2
Query_101751	XM_011746664.2	100.000	21	0	0	1	21	598	578	2.1	39.2
Query_101751	XM_011746662.2	100.000	21	0	0	1	21	380	360	2.1	39.2
Query_101751	XM_009440790.2	100.000	21	0	0	1	21	376	356	2.1	39.2
Query_101751	XM_024350983.1	100.000	21	0	0	1	21	696	676	2.1	39.2
Query_101751	XM_514102.6	100.000	21	0	0	1	21	387	367	2.1	39.2
Query_101751	XM_024239242.1	100.000	21	0	0	1	21	725	705	2.1	39.2
Query_101751	XM_002809603.4	100.000	21	0	0	1	21	372	352	2.1	39.2
Query_101751	XM_023186847.1	100.000	21	0	0	1	21	376	356	2.1	39.2
Query_101751	XM_003893291.3	100.000	21	0	0	1	21	400	380	2.1	39.2
Query_101751	XM_012744454.2	100.000	21	0	0	1	21	440	420	2.1	39.2
Query_101751	LT735351.1	100.000	21	0	0	1	21	708	688	2.1	39.2
Query_101751	XM_004028164.2	100.000	21	0	0	1	21	356	336	2.1	39.2
Query_101751	XM_009189991.2	100.000	21	0	0	1	21	355	335	2.1	39.2
Query_101751	XM_017896496.1	100.000	21	0	0	1	21	356	336	2.1	39.2
Query_101751	XM_017896495.1	100.000	21	0	0	1	21	398	378	2.1	39.2
Query_101751	XM_017896494.1	100.000	21	0	0	1	21	398	378	2.1	39.2
Query_101751	XM_017896493.1	100.000	21	0	0	1	21	398	378	2.1	39.2
Query_101751	XM_017896491.1	100.000	21	0	0	1	21	229	209	2.1	39.2
Query_101751	XR_001890023.1	100.000	21	0	0	1	21	398	378	2.1	39.2
Query_101751	XM_017896490.1	100.000	21	0	0	1	21	519	499	2.1	39.2
Query_101751	XM_017896489.1	100.000	21	0	0	1	21	398	378	2.1	39.2
Query_101751	XM_015448187.1	100.000	21	0	0	1	21	355	335	2.1	39.2
Query_101751	XM_015448182.1	100.000	21	0	0	1	21	392	372	2.1	39.2
Query_101751	XM_015448175.1	100.000	21	0	0	1	21	392	372	2.1	39.2
Query_101751	XM_005540454.2	100.000	21	0	0	1	21	392	372	2.1	39.2
Query_101751	XM_005540453.2	100.000	21	0	0	1	21	326	306	2.1	39.2
Query_101751	XM_005540452.2	100.000	21	0	0	1	21	722	702	2.1	39.2
Query_101751	XM_005540451.2	100.000	21	0	0	1	21	588	568	2.1	39.2
Query_101751	XM_005540450.2	100.000	21	0	0	1	21	392	372	2.1	39.2
Query_101751	NG_042230.1	100.000	21	0	0	1	21	13453	13433	2.1	39.2
Query_101751	XM_003792267.2	100.000	21	0	0	1	21	269	249	2.1	39.2
Query_101751	XM_012726802.1	100.000	21	0	0	1	21	321	301	2.1	39.2
Query_101751	XM_004685509.2	100.000	21	0	0	1	21	331	311	2.1	39.2
Query_101751	XM_012655909.1	100.000	21	0	0	1	21	221	201	2.1	39.2
Query_101751	XM_012459475.1	100.000	21	0	0	1	21	367	347	2.1	39.2
Query_101751	XM_012459474.1	100.000	21	0	0	1	21	367	347	2.1	39.2
Query_101751	XM_011931764.1	100.000	21	0	0	1	21	356	336	2.1	39.2
Query_101751	XM_011746661.1	100.000	21	0	0	1	21	380	360	2.1	39.2
Query_101751	XM_012037510.1	100.000	21	0	0	1	21	314	294	2.1	39.2
Query_101751	XM_012037503.1	100.000	21	0	0	1	21	298	278	2.1	39.2
Query_101751	XM_012037497.1	100.000	21	0	0	1	21	482	462	2.1	39.2
Query_101751	XM_012037489.1	100.000	21	0	0	1	21	751	731	2.1	39.2
Query_101751	XM_012037480.1	100.000	21	0	0	1	21	364	344	2.1	39.2
Query_101751	XM_012037472.1	100.000	21	0	0	1	21	364	344	2.1	39.2
Query_101751	XM_011990525.1	100.000	21	0	0	1	21	319	299	2.1	39.2
Query_101751	XM_011990523.1	100.000	21	0	0	1	21	356	336	2.1	39.2
Query_101751	XM_003938286.2	100.000	21	0	0	1	21	356	336	2.1	39.2
Query_101751	KJ893680.1	100.000	21	0	0	1	21	286	266	2.1	39.2
Query_101751	XM_007988939.2	100.000	21	0	0	1	21	326	306	2.1	39.2
Query_101751	XM_037985742.1	100.000	21	0	0	1	21	676	656	2.1	39.2
Query_101751	XM_007988937.2	100.000	21	0	0	1	21	392	372	2.1	39.2
Query_101751	XM_007988936.2	100.000	21	0	0	1	21	391	371	2.1	39.2
Query_101751	XM_017520112.2	100.000	21	0	0	1	21	347	327	2.1	39.2
Query_101751	XM_037727245.1	100.000	21	0	0	1	21	316	296	2.1	39.2
Query_101751	NM_001310326.2	100.000	21	0	0	1	21	331	311	2.1	39.2
Query_101751	XM_035280890.1	100.000	21	0	0	1	21	683	663	2.1	39.2
Query_101751	XM_035280892.1	100.000	21	0	0	1	21	397	377	2.1	39.2
Query_101751	XM_002760652.4	100.000	21	0	0	1	21	374	354	2.1	39.2
Query_101751	CU678593.1	100.000	21	0	0	1	21	392	412	2.1	39.2
Query_101751	CU678592.1	100.000	21	0	0	1	21	237	217	2.1	39.2
Query_101751	DQ895975.2	100.000	21	0	0	1	21	243	223	2.1	39.2
Query_101751	DQ892729.2	100.000	21	0	0	1	21	243	223	2.1	39.2
Query_101751	BC019284.1	100.000	21	0	0	1	21	319	299	2.1	39.2
Query_101751	BC004152.2	100.000	21	0	0	1	21	319	299	2.1	39.2


