# blastn
# Iteration: 0
# Query: 
# RID: 6MX7E4WG013
# Database: nt
# Fields: query acc.ver, subject acc.ver, % identity, alignment length, mismatches, gap opens, q. start, q. end, s. start, s. end, evalue, bit score
# 100 hits found
Query_14479	XM_034989199.1	100.000	21	0	0	1	21	231	211	2.0	39.2
Query_14479	XM_034989198.1	100.000	21	0	0	1	21	343	323	2.0	39.2
Query_14479	XM_035022127.1	100.000	21	0	0	1	21	379	359	2.0	39.2
Query_14479	XM_034948809.1	100.000	21	0	0	1	21	412	392	2.0	39.2
Query_14479	XM_034948808.1	100.000	21	0	0	1	21	937	917	2.0	39.2
Query_14479	XM_003807746.2	100.000	21	0	0	1	21	433	413	2.0	39.2
Query_14479	XM_034937214.1	100.000	21	0	0	1	21	358	338	2.0	39.2
Query_14479	XM_034936518.1	100.000	21	0	0	1	21	1499	1479	2.0	39.2
Query_14479	XM_034936517.1	100.000	21	0	0	1	21	1312	1292	2.0	39.2
Query_14479	XM_002926289.4	100.000	21	0	0	1	21	528	508	2.0	39.2
Query_14479	CP050604.1	100.000	21	0	0	1	21	21519667	21519687	2.0	39.2
Query_14479	CP050568.1	100.000	21	0	0	1	21	25769793	25769813	2.0	39.2
Query_14479	CP050644.1	100.000	21	0	0	1	21	21516489	21516509	2.0	39.2
Query_14479	CP050633.1	100.000	21	0	0	1	21	25746466	25746486	2.0	39.2
Query_14479	XM_033234103.1	100.000	21	0	0	1	21	417	397	2.0	39.2
Query_14479	XM_033234102.1	100.000	21	0	0	1	21	513	493	2.0	39.2
Query_14479	XM_033236163.1	100.000	21	0	0	1	21	356	336	2.0	39.2
Query_14479	XM_033097695.1	100.000	21	0	0	1	21	415	395	2.0	39.2
Query_14479	XM_033093560.1	100.000	21	0	0	1	21	348	328	2.0	39.2
Query_14479	XM_033121103.1	100.000	21	0	0	1	21	230	210	2.0	39.2
Query_14479	XM_032875974.1	100.000	21	0	0	1	21	234	214	2.0	39.2
Query_14479	XM_032875973.1	100.000	21	0	0	1	21	368	348	2.0	39.2
Query_14479	XM_032873610.1	100.000	21	0	0	1	21	329	309	2.0	39.2
Query_14479	XM_032595194.1	100.000	21	0	0	1	21	315	295	2.0	39.2
Query_14479	XM_032397584.1	100.000	21	0	0	1	21	259	239	2.0	39.2
Query_14479	XM_032397583.1	100.000	21	0	0	1	21	388	368	2.0	39.2
Query_14479	XM_032305736.1	100.000	21	0	0	1	21	322	302	2.0	39.2
Query_14479	XM_032309817.1	100.000	21	0	0	1	21	234	214	2.0	39.2
Query_14479	XM_032309816.1	100.000	21	0	0	1	21	395	375	2.0	39.2
Query_14479	XM_032273096.1	100.000	21	0	0	1	21	360	340	2.0	39.2
Query_14479	XR_004261699.1	100.000	21	0	0	1	21	291	271	2.0	39.2
Query_14479	HG994404.1	100.000	21	0	0	1	21	25818449	25818429	2.0	39.2
Query_14479	HG994397.1	100.000	21	0	0	1	21	44833156	44833136	2.0	39.2
Query_14479	XM_039868429.1	100.000	21	0	0	1	21	421	401	2.0	39.2
Query_14479	XM_039868428.1	100.000	21	0	0	1	21	378	358	2.0	39.2
Query_14479	XM_039771553.1	100.000	21	0	0	1	21	318	298	2.0	39.2
Query_14479	XM_039771552.1	100.000	21	0	0	1	21	386	366	2.0	39.2
Query_14479	XM_003942643.3	100.000	21	0	0	1	21	386	366	2.0	39.2
Query_14479	XM_039469933.1	100.000	21	0	0	1	21	322	302	2.0	39.2
Query_14479	XM_039222468.1	100.000	21	0	0	1	21	315	295	2.0	39.2
Query_14479	XM_039242864.1	100.000	21	0	0	1	21	270	250	2.0	39.2
Query_14479	XM_039242863.1	100.000	21	0	0	1	21	389	369	2.0	39.2
Query_14479	XM_039239305.1	100.000	21	0	0	1	21	321	301	2.0	39.2
Query_14479	CP068259.1	100.000	21	0	0	1	21	9900946	9900926	2.0	39.2
Query_14479	XM_038437623.1	100.000	21	0	0	1	21	257	237	2.0	39.2
Query_14479	XM_038437622.1	100.000	21	0	0	1	21	357	337	2.0	39.2
Query_14479	XM_005636619.4	100.000	21	0	0	1	21	257	237	2.0	39.2
Query_14479	XM_534767.7	100.000	21	0	0	1	21	357	337	2.0	39.2
Query_14479	XM_038320010.1	100.000	21	0	0	1	21	319	299	2.0	39.2
Query_14479	XM_038319963.1	100.000	21	0	0	1	21	333	313	2.0	39.2
Query_14479	XM_038346230.1	100.000	21	0	0	1	21	359	339	2.0	39.2
Query_14479	XM_038313575.1	100.000	21	0	0	1	21	315	295	2.0	39.2
Query_14479	XM_007974919.2	100.000	21	0	0	1	21	508	488	2.0	39.2
Query_14479	XM_037986854.1	100.000	21	0	0	1	21	540	520	2.0	39.2
Query_14479	XM_037799209.1	100.000	21	0	0	1	21	326	306	2.0	39.2
Query_14479	XM_037734949.1	100.000	21	0	0	1	21	282	262	2.0	39.2
Query_14479	XM_037734947.1	100.000	21	0	0	1	21	351	331	2.0	39.2
Query_14479	XM_017518623.2	100.000	21	0	0	1	21	391	371	2.0	39.2
Query_14479	XM_037741679.1	100.000	21	0	0	1	21	523	503	2.0	39.2
Query_14479	XM_037737901.1	100.000	21	0	0	1	21	339	319	2.0	39.2
Query_14479	XM_037131470.1	100.000	21	0	0	1	21	392	372	2.0	39.2
Query_14479	XM_037067302.1	100.000	21	0	0	1	21	234	214	2.0	39.2
Query_14479	XM_037067301.1	100.000	21	0	0	1	21	392	372	2.0	39.2
Query_14479	XM_036993261.1	100.000	21	0	0	1	21	234	214	2.0	39.2
Query_14479	XM_036993260.1	100.000	21	0	0	1	21	399	379	2.0	39.2
Query_14479	XM_036436159.1	100.000	21	0	0	1	21	315	295	2.0	39.2
Query_14479	XM_036307826.1	100.000	21	0	0	1	21	319	299	2.0	39.2
Query_14479	XM_036241633.1	100.000	21	0	0	1	21	219	199	2.0	39.2
Query_14479	XM_036241624.1	100.000	21	0	0	1	21	316	296	2.0	39.2
Query_14479	XM_016120176.2	100.000	21	0	0	1	21	418	398	2.0	39.2
Query_14479	XM_016120175.2	100.000	21	0	0	1	21	383	363	2.0	39.2
Query_14479	AP023479.1	100.000	21	0	0	1	21	9660841	9660821	2.0	39.2
Query_14479	XM_036076455.1	100.000	21	0	0	1	21	244	224	2.0	39.2
Query_14479	XM_036076454.1	100.000	21	0	0	1	21	458	438	2.0	39.2
Query_14479	XM_036076453.1	100.000	21	0	0	1	21	392	372	2.0	39.2
Query_14479	XM_036076452.1	100.000	21	0	0	1	21	667	647	2.0	39.2
Query_14479	XM_036076451.1	100.000	21	0	0	1	21	637	617	2.0	39.2
Query_14479	XM_036076450.1	100.000	21	0	0	1	21	739	719	2.0	39.2
Query_14479	NM_001256356.2	100.000	21	0	0	1	21	250	230	2.0	39.2
Query_14479	XM_025474928.2	100.000	21	0	0	1	21	257	237	2.0	39.2
Query_14479	XM_035706285.1	100.000	21	0	0	1	21	307	287	2.0	39.2
Query_14479	XM_035706284.1	100.000	21	0	0	1	21	307	287	2.0	39.2
Query_14479	XM_025474927.2	100.000	21	0	0	1	21	359	339	2.0	39.2
Query_14479	XM_035727311.1	100.000	21	0	0	1	21	315	295	2.0	39.2
Query_14479	XM_027599946.2	100.000	21	0	0	1	21	219	199	2.0	39.2
Query_14479	XM_027599945.2	100.000	21	0	0	1	21	315	295	2.0	39.2
Query_14479	XM_027577636.2	100.000	21	0	0	1	21	219	199	2.0	39.2
Query_14479	XM_027577635.2	100.000	21	0	0	1	21	315	295	2.0	39.2
Query_14479	XM_027577314.2	100.000	21	0	0	1	21	335	315	2.0	39.2
Query_14479	XM_027576173.2	100.000	21	0	0	1	21	350	330	2.0	39.2
Query_14479	XM_027576172.2	100.000	21	0	0	1	21	422	402	2.0	39.2
Query_14479	XM_002752526.5	100.000	21	0	0	1	21	361	341	2.0	39.2
Query_14479	XM_035302434.1	100.000	21	0	0	1	21	475	455	2.0	39.2
Query_14479	XM_035284661.1	100.000	21	0	0	1	21	346	326	2.0	39.2
Query_14479	XM_035290943.1	100.000	21	0	0	1	21	346	326	2.0	39.2
Query_14479	XR_617564.3	100.000	21	0	0	1	21	338	318	2.0	39.2
Query_14479	XM_035267121.1	100.000	21	0	0	1	21	279	259	2.0	39.2
Query_14479	XM_035267117.1	100.000	21	0	0	1	21	430	410	2.0	39.2
Query_14479	XM_002806551.5	100.000	21	0	0	1	21	426	406	2.0	39.2
Query_14479	XM_035267104.1	100.000	21	0	0	1	21	393	373	2.0	39.2


