# blastn
# Iteration: 0
# Query: 
# RID: 7JAHPF9901R
# Database: nt
# Fields: query acc.ver, subject acc.ver, % identity, alignment length, mismatches, gap opens, q. start, q. end, s. start, s. end, evalue, bit score
# 100 hits found
Query_363665	XM_034962171.1	100.000	21	0	0	1	21	1319	1299	2.1	39.2
Query_363665	XM_008958732.2	100.000	21	0	0	1	21	1521	1501	2.1	39.2
Query_363665	XM_003833230.2	100.000	21	0	0	1	21	1492	1472	2.1	39.2
Query_363665	XM_034860132.1	100.000	21	0	0	1	21	1556	1576	2.1	39.2
Query_363665	XM_034647925.1	100.000	21	0	0	1	21	1413	1393	2.1	39.2
Query_363665	XM_034647924.1	100.000	21	0	0	1	21	1371	1351	2.1	39.2
Query_363665	XM_034647923.1	100.000	21	0	0	1	21	1413	1393	2.1	39.2
Query_363665	XM_034647922.1	100.000	21	0	0	1	21	1413	1393	2.1	39.2
Query_363665	XM_034647921.1	100.000	21	0	0	1	21	1476	1456	2.1	39.2
Query_363665	XM_034647919.1	100.000	21	0	0	1	21	1544	1524	2.1	39.2
Query_363665	XM_034647918.1	100.000	21	0	0	1	21	1617	1597	2.1	39.2
Query_363665	XM_034647917.1	100.000	21	0	0	1	21	1413	1393	2.1	39.2
Query_363665	XM_034121251.1	100.000	21	0	0	1	21	928	948	2.1	39.2
Query_363665	XM_034121168.1	100.000	21	0	0	1	21	739	759	2.1	39.2
Query_363665	XM_034121083.1	100.000	21	0	0	1	21	866	886	2.1	39.2
Query_363665	XM_033217305.1	100.000	21	0	0	1	21	1683	1663	2.1	39.2
Query_363665	XM_033217304.1	100.000	21	0	0	1	21	1580	1560	2.1	39.2
Query_363665	XM_033217303.1	100.000	21	0	0	1	21	1455	1435	2.1	39.2
Query_363665	XM_033217302.1	100.000	21	0	0	1	21	1619	1599	2.1	39.2
Query_363665	XM_033217301.1	100.000	21	0	0	1	21	1494	1474	2.1	39.2
Query_363665	XM_033095894.1	100.000	21	0	0	1	21	1463	1443	2.1	39.2
Query_363665	XM_033095885.1	100.000	21	0	0	1	21	1502	1482	2.1	39.2
Query_363665	XM_033095876.1	100.000	21	0	0	1	21	1502	1482	2.1	39.2
Query_363665	XM_033095867.1	100.000	21	0	0	1	21	1463	1443	2.1	39.2
Query_363665	XM_033095859.1	100.000	21	0	0	1	21	1523	1503	2.1	39.2
Query_363665	XM_033095849.1	100.000	21	0	0	1	21	1540	1520	2.1	39.2
Query_363665	XM_033095841.1	100.000	21	0	0	1	21	1502	1482	2.1	39.2
Query_363665	XM_032862065.1	100.000	21	0	0	1	21	1442	1422	2.1	39.2
Query_363665	XM_032862064.1	100.000	21	0	0	1	21	1484	1464	2.1	39.2
Query_363665	XM_030315606.2	100.000	21	0	0	1	21	1480	1460	2.1	39.2
Query_363665	XM_032502884.1	100.000	21	0	0	1	21	1553	1573	2.1	39.2
Query_363665	XM_032540208.1	100.000	21	0	0	1	21	1549	1569	2.1	39.2
Query_363665	XM_032340102.1	100.000	21	0	0	1	21	1464	1444	2.1	39.2
Query_363665	XM_032340101.1	100.000	21	0	0	1	21	1503	1483	2.1	39.2
Query_363665	XM_009205268.3	100.000	21	0	0	1	21	1580	1560	2.1	39.2
Query_363665	XM_009205267.4	100.000	21	0	0	1	21	1424	1404	2.1	39.2
Query_363665	XM_017957888.2	100.000	21	0	0	1	21	1619	1599	2.1	39.2
Query_363665	XM_009205270.2	100.000	21	0	0	1	21	1534	1514	2.1	39.2
Query_363665	XM_003897656.2	100.000	21	0	0	1	21	1477	1457	2.1	39.2
Query_363665	XM_019029654.2	100.000	21	0	0	1	21	1581	1561	2.1	39.2
Query_363665	XM_031012164.1	100.000	21	0	0	1	21	1411	1391	2.1	39.2
Query_363665	XM_031012163.1	100.000	21	0	0	1	21	1554	1534	2.1	39.2
Query_363665	XM_019029653.2	100.000	21	0	0	1	21	1620	1600	2.1	39.2
Query_363665	XM_031012162.1	100.000	21	0	0	1	21	1477	1457	2.1	39.2
Query_363665	XM_030928592.1	100.000	21	0	0	1	21	1555	1535	2.1	39.2
Query_363665	XM_010369756.2	100.000	21	0	0	1	21	1578	1558	2.1	39.2
Query_363665	XM_010369755.2	100.000	21	0	0	1	21	1437	1417	2.1	39.2
Query_363665	XM_010369754.2	100.000	21	0	0	1	21	1617	1597	2.1	39.2
Query_363665	XM_010369752.2	100.000	21	0	0	1	21	1476	1456	2.1	39.2
Query_363665	XM_030795985.1	100.000	21	0	0	1	21	1432	1412	2.1	39.2
Query_363665	XM_030795984.1	100.000	21	0	0	1	21	1523	1503	2.1	39.2
Query_363665	XM_030795983.1	100.000	21	0	0	1	21	1559	1539	2.1	39.2
Query_363665	XM_030795982.1	100.000	21	0	0	1	21	1477	1457	2.1	39.2
Query_363665	XM_030315607.1	100.000	21	0	0	1	21	1420	1400	2.1	39.2
Query_363665	XM_029943608.1	100.000	21	0	0	1	21	1408	1388	2.1	39.2
Query_363665	XM_029943607.1	100.000	21	0	0	1	21	1450	1430	2.1	39.2
Query_363665	XM_028567499.1	100.000	21	0	0	1	21	1610	1630	2.1	39.2
Query_363665	XM_028478924.1	100.000	21	0	0	1	21	1350	1330	2.1	39.2
Query_363665	XM_028478923.1	100.000	21	0	0	1	21	1615	1595	2.1	39.2
Query_363665	NM_018426.3	100.000	21	0	0	1	21	1483	1463	2.1	39.2
Query_363665	XM_027950431.1	100.000	21	0	0	1	21	1477	1457	2.1	39.2
Query_363665	XM_040473640.1	100.000	21	0	0	1	21	1442	1422	2.1	39.2
Query_363665	XM_040473639.1	100.000	21	0	0	1	21	1381	1361	2.1	39.2
Query_363665	XM_040473638.1	100.000	21	0	0	1	21	1484	1464	2.1	39.2
Query_363665	XM_039854831.1	100.000	21	0	0	1	21	1398	1378	2.1	39.2
Query_363665	XM_039854830.1	100.000	21	0	0	1	21	1802	1782	2.1	39.2
Query_363665	XM_039854829.1	100.000	21	0	0	1	21	1696	1676	2.1	39.2
Query_363665	XM_039854828.1	100.000	21	0	0	1	21	1481	1461	2.1	39.2
Query_363665	XM_039854827.1	100.000	21	0	0	1	21	1540	1520	2.1	39.2
Query_363665	XM_039854826.1	100.000	21	0	0	1	21	1841	1821	2.1	39.2
Query_363665	XM_039789005.1	100.000	21	0	0	1	21	1578	1598	2.1	39.2
Query_363665	XM_007972423.2	100.000	21	0	0	1	21	1555	1535	2.1	39.2
Query_363665	XM_038006128.1	100.000	21	0	0	1	21	1580	1560	2.1	39.2
Query_363665	XM_038006127.1	100.000	21	0	0	1	21	1476	1456	2.1	39.2
Query_363665	XM_007972424.2	100.000	21	0	0	1	21	1619	1599	2.1	39.2
Query_363665	XM_007972422.2	100.000	21	0	0	1	21	1515	1495	2.1	39.2
Query_363665	XM_037843300.1	100.000	21	0	0	1	21	1380	1360	2.1	39.2
Query_363665	XM_037843299.1	100.000	21	0	0	1	21	1431	1411	2.1	39.2
Query_363665	XM_037843298.1	100.000	21	0	0	1	21	1483	1463	2.1	39.2
Query_363665	XM_037843297.1	100.000	21	0	0	1	21	1470	1450	2.1	39.2
Query_363665	XM_037142609.1	100.000	21	0	0	1	21	1439	1419	2.1	39.2
Query_363665	XM_037142608.1	100.000	21	0	0	1	21	1532	1512	2.1	39.2
Query_363665	XM_037142607.1	100.000	21	0	0	1	21	1478	1458	2.1	39.2
Query_363665	XM_036868838.1	100.000	21	0	0	1	21	1098	1078	2.1	39.2
Query_363665	XM_036868837.1	100.000	21	0	0	1	21	1421	1401	2.1	39.2
Query_363665	XM_036868836.1	100.000	21	0	0	1	21	1442	1422	2.1	39.2
Query_363665	XM_036868835.1	100.000	21	0	0	1	21	1459	1439	2.1	39.2
Query_363665	XM_036868834.1	100.000	21	0	0	1	21	1618	1598	2.1	39.2
Query_363665	XM_036868833.1	100.000	21	0	0	1	21	1553	1533	2.1	39.2
Query_363665	XM_036868832.1	100.000	21	0	0	1	21	1636	1616	2.1	39.2
Query_363665	XM_036868831.1	100.000	21	0	0	1	21	1481	1461	2.1	39.2
Query_363665	XM_004590404.2	100.000	21	0	0	1	21	1461	1441	2.1	39.2
Query_363665	XM_036248030.1	100.000	21	0	0	1	21	1475	1455	2.1	39.2
Query_363665	XM_036248029.1	100.000	21	0	0	1	21	1506	1486	2.1	39.2
Query_363665	XM_035997455.1	100.000	21	0	0	1	21	1632	1652	2.1	39.2
Query_363665	XM_005097909.3	100.000	21	0	0	1	21	1669	1689	2.1	39.2
Query_363665	XM_005097908.3	100.000	21	0	0	1	21	1732	1752	2.1	39.2
Query_363665	XM_027602293.2	100.000	21	0	0	1	21	2741	2721	2.1	39.2
Query_363665	XM_027602292.2	100.000	21	0	0	1	21	2780	2760	2.1	39.2
Query_363665	XM_027602291.2	100.000	21	0	0	1	21	2822	2802	2.1	39.2


