# blastn
# Iteration: 0
# Query: 
# RID: 7JEHNPP7013
# Database: nt
# Fields: query acc.ver, subject acc.ver, % identity, alignment length, mismatches, gap opens, q. start, q. end, s. start, s. end, evalue, bit score
# 100 hits found
Query_36455	XM_040473640.1	100.000	21	0	0	1	21	1858	1838	2.1	39.2
Query_36455	XM_040473639.1	100.000	21	0	0	1	21	1797	1777	2.1	39.2
Query_36455	XM_040473638.1	100.000	21	0	0	1	21	1900	1880	2.1	39.2
Query_36455	XR_005722721.1	100.000	21	0	0	1	21	1894	1874	2.1	39.2
Query_36455	XM_040249572.1	100.000	21	0	0	1	21	1854	1834	2.1	39.2
Query_36455	XM_040249571.1	100.000	21	0	0	1	21	1893	1873	2.1	39.2
Query_36455	XM_040249570.1	100.000	21	0	0	1	21	1857	1837	2.1	39.2
Query_36455	HG994392.1	100.000	21	0	0	1	21	13809574	13809554	2.1	39.2
Query_36455	XM_039854831.1	100.000	21	0	0	1	21	1814	1794	2.1	39.2
Query_36455	XM_039854830.1	100.000	21	0	0	1	21	2218	2198	2.1	39.2
Query_36455	XM_039854829.1	100.000	21	0	0	1	21	2112	2092	2.1	39.2
Query_36455	XM_039854828.1	100.000	21	0	0	1	21	1897	1877	2.1	39.2
Query_36455	XM_039854827.1	100.000	21	0	0	1	21	1956	1936	2.1	39.2
Query_36455	XM_039854826.1	100.000	21	0	0	1	21	2257	2237	2.1	39.2
Query_36455	XM_039466881.1	100.000	21	0	0	1	21	2023	2003	2.1	39.2
Query_36455	XM_010333936.2	100.000	21	0	0	1	21	2073	2053	2.1	39.2
Query_36455	XM_039466875.1	100.000	21	0	0	1	21	1899	1879	2.1	39.2
Query_36455	XM_039231230.1	100.000	21	0	0	1	21	1897	1877	2.1	39.2
Query_36455	XM_038683648.1	100.000	21	0	0	1	21	1849	1829	2.1	39.2
Query_36455	XM_038683647.1	100.000	21	0	0	1	21	1909	1889	2.1	39.2
Query_36455	XM_038683646.1	100.000	21	0	0	1	21	1891	1871	2.1	39.2
Query_36455	XM_005627398.4	100.000	21	0	0	1	21	1849	1829	2.1	39.2
Query_36455	XM_014118472.3	100.000	21	0	0	1	21	1909	1889	2.1	39.2
Query_36455	XM_846912.7	100.000	21	0	0	1	21	1891	1871	2.1	39.2
Query_36455	XM_007972423.2	100.000	21	0	0	1	21	1971	1951	2.1	39.2
Query_36455	XM_038006128.1	100.000	21	0	0	1	21	1996	1976	2.1	39.2
Query_36455	XM_038006127.1	100.000	21	0	0	1	21	1892	1872	2.1	39.2
Query_36455	XM_007972424.2	100.000	21	0	0	1	21	2035	2015	2.1	39.2
Query_36455	XM_007972422.2	100.000	21	0	0	1	21	1931	1911	2.1	39.2
Query_36455	XM_017547408.2	100.000	21	0	0	1	21	1878	1858	2.1	39.2
Query_36455	XM_037745344.1	100.000	21	0	0	1	21	1950	1930	2.1	39.2
Query_36455	XM_017547404.2	100.000	21	0	0	1	21	1919	1899	2.1	39.2
Query_36455	XM_017547403.2	100.000	21	0	0	1	21	1976	1956	2.1	39.2
Query_36455	XM_017547402.2	100.000	21	0	0	1	21	1894	1874	2.1	39.2
Query_36455	XM_037519798.1	100.000	21	0	0	1	21	1889	1869	2.1	39.2
Query_36455	XM_037519797.1	100.000	21	0	0	1	21	1822	1802	2.1	39.2
Query_36455	XM_037142609.1	100.000	21	0	0	1	21	1855	1835	2.1	39.2
Query_36455	XM_037142608.1	100.000	21	0	0	1	21	1948	1928	2.1	39.2
Query_36455	XM_037142607.1	100.000	21	0	0	1	21	1894	1874	2.1	39.2
Query_36455	XM_037053815.1	100.000	21	0	0	1	21	1864	1844	2.1	39.2
Query_36455	XM_037053808.1	100.000	21	0	0	1	21	1969	1949	2.1	39.2
Query_36455	XM_037053800.1	100.000	21	0	0	1	21	1903	1883	2.1	39.2
Query_36455	XM_037013714.1	100.000	21	0	0	1	21	1735	1715	2.1	39.2
Query_36455	XM_037013669.1	100.000	21	0	0	1	21	1795	1775	2.1	39.2
Query_36455	XM_017676271.2	100.000	21	0	0	1	21	2028	2008	2.1	39.2
Query_36455	XM_017676270.2	100.000	21	0	0	1	21	1886	1866	2.1	39.2
Query_36455	XM_017676269.2	100.000	21	0	0	1	21	1922	1902	2.1	39.2
Query_36455	XM_036927364.1	100.000	21	0	0	1	21	1735	1715	2.1	39.2
Query_36455	XM_036927362.1	100.000	21	0	0	1	21	1793	1773	2.1	39.2
Query_36455	XM_036927361.1	100.000	21	0	0	1	21	1887	1867	2.1	39.2
Query_36455	XM_036927360.1	100.000	21	0	0	1	21	2017	1997	2.1	39.2
Query_36455	XM_036927359.1	100.000	21	0	0	1	21	1920	1900	2.1	39.2
Query_36455	XM_036868838.1	100.000	21	0	0	1	21	1514	1494	2.1	39.2
Query_36455	XM_036868837.1	100.000	21	0	0	1	21	1837	1817	2.1	39.2
Query_36455	XM_036868836.1	100.000	21	0	0	1	21	1858	1838	2.1	39.2
Query_36455	XM_036868835.1	100.000	21	0	0	1	21	1875	1855	2.1	39.2
Query_36455	XM_036868834.1	100.000	21	0	0	1	21	2034	2014	2.1	39.2
Query_36455	XM_036868833.1	100.000	21	0	0	1	21	1969	1949	2.1	39.2
Query_36455	XM_036868832.1	100.000	21	0	0	1	21	2052	2032	2.1	39.2
Query_36455	XM_036868831.1	100.000	21	0	0	1	21	1897	1877	2.1	39.2
Query_36455	XM_004590404.2	100.000	21	0	0	1	21	1877	1857	2.1	39.2
Query_36455	XM_036414075.1	100.000	21	0	0	1	21	1917	1897	2.1	39.2
Query_36455	XM_036414074.1	100.000	21	0	0	1	21	1877	1857	2.1	39.2
Query_36455	XM_036414072.1	100.000	21	0	0	1	21	1978	1958	2.1	39.2
Query_36455	XM_036414071.1	100.000	21	0	0	1	21	1916	1896	2.1	39.2
Query_36455	XM_036316794.1	100.000	21	0	0	1	21	1584	1564	2.1	39.2
Query_36455	XM_036316793.1	100.000	21	0	0	1	21	1623	1603	2.1	39.2
Query_36455	XM_036316792.1	100.000	21	0	0	1	21	1703	1683	2.1	39.2
Query_36455	XM_036316791.1	100.000	21	0	0	1	21	1857	1837	2.1	39.2
Query_36455	XM_036316790.1	100.000	21	0	0	1	21	2064	2044	2.1	39.2
Query_36455	XM_036316789.1	100.000	21	0	0	1	21	1896	1876	2.1	39.2
Query_36455	XM_036248030.1	100.000	21	0	0	1	21	1891	1871	2.1	39.2
Query_36455	XM_036248029.1	100.000	21	0	0	1	21	1922	1902	2.1	39.2
Query_36455	XM_036218441.1	100.000	21	0	0	1	21	1907	1887	2.1	39.2
Query_36455	XM_036218440.1	100.000	21	0	0	1	21	1779	1759	2.1	39.2
Query_36455	XM_036218439.1	100.000	21	0	0	1	21	2028	2008	2.1	39.2
Query_36455	XM_016128649.2	100.000	21	0	0	1	21	1880	1860	2.1	39.2
Query_36455	XM_016128651.2	100.000	21	0	0	1	21	1868	1848	2.1	39.2
Query_36455	XM_016128648.2	100.000	21	0	0	1	21	1907	1887	2.1	39.2
Query_36455	XM_036082770.1	100.000	21	0	0	1	21	1866	1846	2.1	39.2
Query_36455	XM_036082769.1	100.000	21	0	0	1	21	1797	1777	2.1	39.2
Query_36455	XM_036082767.1	100.000	21	0	0	1	21	1908	1888	2.1	39.2
Query_36455	XM_028508568.2	100.000	21	0	0	1	21	2020	2000	2.1	39.2
Query_36455	XM_028508566.2	100.000	21	0	0	1	21	1883	1863	2.1	39.2
Query_36455	XM_028508565.2	100.000	21	0	0	1	21	1922	1902	2.1	39.2
Query_36455	XM_036024155.1	100.000	21	0	0	1	21	2084	2064	2.1	39.2
Query_36455	XM_036024154.1	100.000	21	0	0	1	21	2162	2142	2.1	39.2
Query_36455	XM_036024153.1	100.000	21	0	0	1	21	2123	2103	2.1	39.2
Query_36455	XM_025418885.2	100.000	21	0	0	1	21	1854	1834	2.1	39.2
Query_36455	XM_035697506.1	100.000	21	0	0	1	21	2037	2017	2.1	39.2
Query_36455	XM_025418884.2	100.000	21	0	0	1	21	1909	1889	2.1	39.2
Query_36455	XM_025418883.2	100.000	21	0	0	1	21	1896	1876	2.1	39.2
Query_36455	XM_027602293.2	100.000	21	0	0	1	21	3157	3137	2.1	39.2
Query_36455	XM_027602292.2	100.000	21	0	0	1	21	3196	3176	2.1	39.2
Query_36455	XM_027602291.2	100.000	21	0	0	1	21	3238	3218	2.1	39.2
Query_36455	LR862362.1	100.000	21	0	0	1	21	11325716	11325696	2.1	39.2
Query_36455	XM_035295753.1	100.000	21	0	0	1	21	1956	1936	2.1	39.2
Query_36455	XM_035295752.1	100.000	21	0	0	1	21	1879	1859	2.1	39.2
Query_36455	XM_035295750.1	100.000	21	0	0	1	21	2079	2059	2.1	39.2
Query_36455	XM_035295749.1	100.000	21	0	0	1	21	1909	1889	2.1	39.2


