# blastn
# Iteration: 0
# Query: 
# RID: 7RK60NGH013
# Database: nt
# Fields: query acc.ver, subject acc.ver, % identity, alignment length, mismatches, gap opens, q. start, q. end, s. start, s. end, evalue, bit score
# 100 hits found
Query_43403	XM_034950155.1	100.000	21	0	0	1	21	545	525	2.1	39.2
Query_43403	XM_003823547.3	100.000	21	0	0	1	21	733	713	2.1	39.2
Query_43403	XM_003823548.3	100.000	21	0	0	1	21	871	851	2.1	39.2
Query_43403	XM_034954600.1	100.000	21	0	0	1	21	887	867	2.1	39.2
Query_43403	XM_034637349.1	100.000	21	0	0	1	21	517	497	2.1	39.2
Query_43403	XM_034428757.1	100.000	21	0	0	1	21	710	690	2.1	39.2
Query_43403	XM_034428750.1	100.000	21	0	0	1	21	669	649	2.1	39.2
Query_43403	XM_034428742.1	100.000	21	0	0	1	21	822	802	2.1	39.2
Query_43403	XM_033946275.1	100.000	21	0	0	1	21	768	748	2.1	39.2
Query_43403	XM_033946274.1	100.000	21	0	0	1	21	1121	1101	2.1	39.2
Query_43403	XM_010636794.3	100.000	21	0	0	1	21	822	802	2.1	39.2
Query_43403	XM_032783815.1	100.000	21	0	0	1	21	595	575	2.1	39.2
Query_43403	XM_032783814.1	100.000	21	0	0	1	21	864	844	2.1	39.2
Query_43403	XM_032755250.1	100.000	21	0	0	1	21	890	870	2.1	39.2
Query_43403	XM_032755249.1	100.000	21	0	0	1	21	872	852	2.1	39.2
Query_43403	XM_032755248.1	100.000	21	0	0	1	21	591	571	2.1	39.2
Query_43403	XR_004265519.1	100.000	21	0	0	1	21	809	789	2.1	39.2
Query_43403	XM_032292780.1	100.000	21	0	0	1	21	538	518	2.1	39.2
Query_43403	XM_032292779.1	100.000	21	0	0	1	21	538	518	2.1	39.2
Query_43403	XM_032292777.1	100.000	21	0	0	1	21	872	852	2.1	39.2
Query_43403	XM_032292776.1	100.000	21	0	0	1	21	873	853	2.1	39.2
Query_43403	XR_004272493.1	100.000	21	0	0	1	21	560	540	2.1	39.2
Query_43403	XM_032211305.1	100.000	21	0	0	1	21	583	563	2.1	39.2
Query_43403	XM_032211297.1	100.000	21	0	0	1	21	597	577	2.1	39.2
Query_43403	XM_032211289.1	100.000	21	0	0	1	21	684	664	2.1	39.2
Query_43403	XM_032211279.1	100.000	21	0	0	1	21	835	815	2.1	39.2
Query_43403	XM_031960378.1	100.000	21	0	0	1	21	593	573	2.1	39.2
Query_43403	XM_031960377.1	100.000	21	0	0	1	21	596	576	2.1	39.2
Query_43403	XM_031960376.1	100.000	21	0	0	1	21	601	581	2.1	39.2
Query_43403	XM_031960375.1	100.000	21	0	0	1	21	878	858	2.1	39.2
Query_43403	XM_031960374.1	100.000	21	0	0	1	21	931	911	2.1	39.2
Query_43403	LR738626.1	100.000	21	0	0	1	21	24581528	24581508	2.1	39.2
Query_43403	XR_002004173.2	100.000	21	0	0	1	21	611	591	2.1	39.2
Query_43403	XM_019022682.2	100.000	21	0	0	1	21	876	856	2.1	39.2
Query_43403	XM_019022681.2	100.000	21	0	0	1	21	872	852	2.1	39.2
Query_43403	XM_031008716.1	100.000	21	0	0	1	21	950	930	2.1	39.2
Query_43403	XM_003253799.3	100.000	21	0	0	1	21	893	873	2.1	39.2
Query_43403	XM_030802719.1	100.000	21	0	0	1	21	766	746	2.1	39.2
Query_43403	XM_030802718.1	100.000	21	0	0	1	21	956	936	2.1	39.2
Query_43403	XM_030209481.1	100.000	21	0	0	1	21	720	700	2.1	39.2
Query_43403	XM_030189428.1	100.000	21	0	0	1	21	257	237	2.1	39.2
Query_43403	XM_024204025.3	100.000	21	0	0	1	21	925	905	2.1	39.2
Query_43403	XM_024204024.3	100.000	21	0	0	1	21	719	699	2.1	39.2
Query_43403	XM_029605916.1	100.000	21	0	0	1	21	839	819	2.1	39.2
Query_43403	XM_029605914.1	100.000	21	0	0	1	21	825	805	2.1	39.2
Query_43403	NM_006357.4	100.000	21	0	0	1	21	891	871	2.1	39.2
Query_43403	XM_026696963.1	100.000	21	0	0	1	21	605	585	2.1	39.2
Query_43403	XM_026696962.1	100.000	21	0	0	1	21	670	650	2.1	39.2
Query_43403	XM_026696961.1	100.000	21	0	0	1	21	801	781	2.1	39.2
Query_43403	XM_026668049.1	100.000	21	0	0	1	21	595	575	2.1	39.2
Query_43403	XM_026668048.1	100.000	21	0	0	1	21	671	651	2.1	39.2
Query_43403	XM_026668047.1	100.000	21	0	0	1	21	781	761	2.1	39.2
Query_43403	XM_024204023.2	100.000	21	0	0	1	21	868	848	2.1	39.2
Query_43403	XM_026392003.1	100.000	21	0	0	1	21	695	675	2.1	39.2
Query_43403	XM_026392002.1	100.000	21	0	0	1	21	683	663	2.1	39.2
Query_43403	XM_026392001.1	100.000	21	0	0	1	21	709	689	2.1	39.2
Query_43403	XM_026392000.1	100.000	21	0	0	1	21	910	890	2.1	39.2
Query_43403	XM_027943988.1	100.000	21	0	0	1	21	879	859	2.1	39.2
Query_43403	XM_027865661.1	100.000	21	0	0	1	21	600	580	2.1	39.2
Query_43403	XM_027865660.1	100.000	21	0	0	1	21	588	568	2.1	39.2
Query_43403	XM_027865659.1	100.000	21	0	0	1	21	607	587	2.1	39.2
Query_43403	XM_027865658.1	100.000	21	0	0	1	21	750	730	2.1	39.2
Query_43403	XM_006151632.3	100.000	21	0	0	1	21	652	632	2.1	39.2
Query_43403	XM_025210571.1	100.000	21	0	0	1	21	614	594	2.1	39.2
Query_43403	XM_040294550.1	100.000	21	0	0	1	21	524	504	2.1	39.2
Query_43403	XM_021725967.2	100.000	21	0	0	1	21	854	834	2.1	39.2
Query_43403	XM_040294549.1	100.000	21	0	0	1	21	772	752	2.1	39.2
Query_43403	XM_040294548.1	100.000	21	0	0	1	21	958	938	2.1	39.2
Query_43403	XM_039495191.1	100.000	21	0	0	1	21	529	509	2.1	39.2
Query_43403	XM_039495190.1	100.000	21	0	0	1	21	621	601	2.1	39.2
Query_43403	XM_039495189.1	100.000	21	0	0	1	21	644	624	2.1	39.2
Query_43403	XM_039495187.1	100.000	21	0	0	1	21	914	894	2.1	39.2
Query_43403	XM_039495186.1	100.000	21	0	0	1	21	884	864	2.1	39.2
Query_43403	XM_010351541.2	100.000	21	0	0	1	21	873	853	2.1	39.2
Query_43403	XM_039469988.1	100.000	21	0	0	1	21	953	933	2.1	39.2
Query_43403	XM_039322530.1	100.000	21	0	0	1	21	605	585	2.1	39.2
Query_43403	XM_039322529.1	100.000	21	0	0	1	21	635	615	2.1	39.2
Query_43403	XM_039322528.1	100.000	21	0	0	1	21	636	616	2.1	39.2
Query_43403	XM_039322527.1	100.000	21	0	0	1	21	686	666	2.1	39.2
Query_43403	XM_038422435.1	100.000	21	0	0	1	21	600	580	2.1	39.2
Query_43403	XM_038422434.1	100.000	21	0	0	1	21	1110	1090	2.1	39.2
Query_43403	XM_038422433.1	100.000	21	0	0	1	21	1003	983	2.1	39.2
Query_43403	XM_038422432.1	100.000	21	0	0	1	21	944	924	2.1	39.2
Query_43403	XM_027831903.2	100.000	21	0	0	1	21	663	643	2.1	39.2
Query_43403	XM_037912406.1	100.000	21	0	0	1	21	867	847	2.1	39.2
Query_43403	XM_007069768.3	100.000	21	0	0	1	21	885	865	2.1	39.2
Query_43403	XM_027831901.2	100.000	21	0	0	1	21	764	744	2.1	39.2
Query_43403	XM_037735836.1	100.000	21	0	0	1	21	512	492	2.1	39.2
Query_43403	XM_017532745.2	100.000	21	0	0	1	21	943	923	2.1	39.2
Query_43403	XM_017532744.2	100.000	21	0	0	1	21	873	853	2.1	39.2
Query_43403	XM_017532743.2	100.000	21	0	0	1	21	952	932	2.1	39.2
Query_43403	XM_036745446.1	100.000	21	0	0	1	21	770	750	2.1	39.2
Query_43403	XM_036745445.1	100.000	21	0	0	1	21	577	557	2.1	39.2
Query_43403	XM_036745444.1	100.000	21	0	0	1	21	822	802	2.1	39.2
Query_43403	XM_036745443.1	100.000	21	0	0	1	21	972	952	2.1	39.2
Query_43403	NM_182678.3	100.000	21	0	0	1	21	741	721	2.1	39.2
Query_43403	NM_001278554.2	100.000	21	0	0	1	21	942	922	2.1	39.2
Query_43403	NM_001278555.2	100.000	21	0	0	1	21	709	689	2.1	39.2
Query_43403	XM_003733157.3	100.000	21	0	0	1	21	868	848	2.1	39.2
Query_43403	XM_035304362.1	100.000	21	0	0	1	21	1010	990	2.1	39.2


