# blastn
# Iteration: 0
# Query: 
# RID: 73RYN4MU016
# Database: nt
# Fields: query acc.ver, subject acc.ver, % identity, alignment length, mismatches, gap opens, q. start, q. end, s. start, s. end, evalue, bit score
# 100 hits found
Query_11763	XM_003817410.4	100.000	21	0	0	1	21	723	703	2.1	39.2
Query_11763	XM_034504298.1	100.000	21	0	0	1	21	817	797	2.1	39.2
Query_11763	XM_019945282.2	100.000	21	0	0	1	21	805	785	2.1	39.2
Query_11763	XM_004271794.3	100.000	21	0	0	1	21	825	805	2.1	39.2
Query_11763	CP050593.1	100.000	21	0	0	1	21	31020223	31020203	2.1	39.2
Query_11763	CP050635.1	100.000	21	0	0	1	21	31021930	31021910	2.1	39.2
Query_11763	XM_033183585.1	100.000	21	0	0	1	21	732	712	2.1	39.2
Query_11763	XM_032913970.1	100.000	21	0	0	1	21	797	777	2.1	39.2
Query_11763	XM_032615033.1	100.000	21	0	0	1	21	810	790	2.1	39.2
Query_11763	XM_006181400.3	100.000	21	0	0	1	21	821	801	2.1	39.2
Query_11763	XM_032280103.1	100.000	21	0	0	1	21	822	802	2.1	39.2
Query_11763	XM_032162573.1	100.000	21	0	0	1	21	732	712	2.1	39.2
Query_11763	XM_023203969.3	100.000	21	0	0	1	21	731	711	2.1	39.2
Query_11763	XM_003912784.4	100.000	21	0	0	1	21	808	788	2.1	39.2
Query_11763	XM_031468094.1	100.000	21	0	0	1	21	706	686	2.1	39.2
Query_11763	XM_031351580.1	100.000	21	0	0	1	21	1094	1074	2.1	39.2
Query_11763	XM_019026567.2	100.000	21	0	0	1	21	782	762	2.1	39.2
Query_11763	XM_010380650.2	100.000	21	0	0	1	21	732	712	2.1	39.2
Query_11763	XM_030881597.1	100.000	21	0	0	1	21	802	782	2.1	39.2
Query_11763	XM_003272285.3	100.000	21	0	0	1	21	1084	1064	2.1	39.2
Query_11763	MH729718.1	100.000	21	0	0	1	21	213	193	2.1	39.2
Query_11763	MH729716.1	100.000	21	0	0	1	21	213	193	2.1	39.2
Query_11763	MH729715.1	100.000	21	0	0	1	21	213	193	2.1	39.2
Query_11763	MH729714.1	100.000	21	0	0	1	21	213	193	2.1	39.2
Query_11763	MH729713.1	100.000	21	0	0	1	21	213	193	2.1	39.2
Query_11763	NM_005450.6	100.000	21	0	0	1	21	738	718	2.1	39.2
Query_11763	MN038322.1	100.000	21	0	0	1	21	750	730	2.1	39.2
Query_11763	XM_008838436.3	100.000	21	0	0	1	21	840	820	2.1	39.2
Query_11763	XM_021212898.2	100.000	21	0	0	1	21	807	787	2.1	39.2
Query_11763	XM_021178260.2	100.000	21	0	0	1	21	406	386	2.1	39.2
Query_11763	XM_029212779.1	100.000	21	0	0	1	21	733	713	2.1	39.2
Query_11763	XM_028772481.1	100.000	21	0	0	1	21	746	726	2.1	39.2
Query_11763	XM_027087081.1	100.000	21	0	0	1	21	802	782	2.1	39.2
Query_11763	XM_005350519.2	100.000	21	0	0	1	21	227	207	2.1	39.2
Query_11763	XM_026407803.1	100.000	21	0	0	1	21	795	775	2.1	39.2
Query_11763	XM_008147742.2	100.000	21	0	0	1	21	862	842	2.1	39.2
Query_11763	XM_028164964.1	100.000	21	0	0	1	21	237	217	2.1	39.2
Query_11763	XM_027950363.1	100.000	21	0	0	1	21	736	716	2.1	39.2
Query_11763	XM_006172059.3	100.000	21	0	0	1	21	457	437	2.1	39.2
Query_11763	CP034495.1	100.000	21	0	0	1	21	54671797	54671777	2.1	39.2
Query_11763	XM_027519023.1	100.000	21	0	0	1	21	441	421	2.1	39.2
Query_11763	XM_025996239.1	100.000	21	0	0	1	21	213	193	2.1	39.2
Query_11763	XM_025362689.1	100.000	21	0	0	1	21	787	767	2.1	39.2
Query_11763	MF480653.1	100.000	21	0	0	1	21	240	220	2.1	39.2
Query_11763	XM_006076220.2	100.000	21	0	0	1	21	413	393	2.1	39.2
Query_11763	XM_002695554.6	100.000	21	0	0	1	21	808	788	2.1	39.2
Query_11763	XM_011732968.2	100.000	21	0	0	1	21	843	823	2.1	39.2
Query_11763	XM_024757637.1	100.000	21	0	0	1	21	552	532	2.1	39.2
Query_11763	XM_523802.6	100.000	21	0	0	1	21	793	773	2.1	39.2
Query_11763	CP027087.1	100.000	21	0	0	1	21	7101397	7101377	2.1	39.2
Query_11763	XM_002827353.4	100.000	21	0	0	1	21	732	712	2.1	39.2
Query_11763	KY888941.1	100.000	21	0	0	1	21	27	7	2.1	39.2
Query_11763	XM_023652827.1	100.000	21	0	0	1	21	815	795	2.1	39.2
Query_11763	XM_023563808.1	100.000	21	0	0	1	21	177	157	2.1	39.2
Query_11763	XM_004481252.3	100.000	21	0	0	1	21	695	675	2.1	39.2
Query_11763	XM_022552602.1	100.000	21	0	0	1	21	888	868	2.1	39.2
Query_11763	XM_004859790.2	100.000	21	0	0	1	21	464	444	2.1	39.2
Query_11763	XM_020898946.1	100.000	21	0	0	1	21	742	722	2.1	39.2
Query_11763	XM_012741827.2	100.000	21	0	0	1	21	753	733	2.1	39.2
Query_11763	LT744950.1	100.000	21	0	0	1	21	700	680	2.1	39.2
Query_11763	XM_019982609.1	100.000	21	0	0	1	21	501	481	2.1	39.2
Query_11763	XM_013971792.2	100.000	21	0	0	1	21	816	796	2.1	39.2
Query_11763	XM_017866509.1	100.000	21	0	0	1	21	812	792	2.1	39.2
Query_11763	XM_006972019.2	100.000	21	0	0	1	21	612	592	2.1	39.2
Query_11763	XM_015495857.1	100.000	21	0	0	1	21	216	196	2.1	39.2
Query_11763	XM_005583787.2	100.000	21	0	0	1	21	732	712	2.1	39.2
Query_11763	XM_004434751.2	100.000	21	0	0	1	21	824	804	2.1	39.2
Query_11763	XM_005394073.2	100.000	21	0	0	1	21	519	499	2.1	39.2
Query_11763	XM_013037822.1	100.000	21	0	0	1	21	258	238	2.1	39.2
Query_11763	XM_004707032.2	100.000	21	0	0	1	21	554	534	2.1	39.2
Query_11763	XM_004684399.2	100.000	21	0	0	1	21	772	752	2.1	39.2
Query_11763	XM_012665691.1	100.000	21	0	0	1	21	779	759	2.1	39.2
Query_11763	XM_004377901.2	100.000	21	0	0	1	21	742	722	2.1	39.2
Query_11763	XM_012054883.1	100.000	21	0	0	1	21	732	712	2.1	39.2
Query_11763	XM_011953737.1	100.000	21	0	0	1	21	221	201	2.1	39.2
Query_11763	XM_011979238.1	100.000	21	0	0	1	21	176	156	2.1	39.2
Query_11763	XM_010951088.1	100.000	21	0	0	1	21	368	348	2.1	39.2
Query_11763	XM_010852929.1	100.000	21	0	0	1	21	76	56	2.1	39.2
Query_11763	XM_003414604.2	100.000	21	0	0	1	21	475	455	2.1	39.2
Query_11763	XM_008519820.1	100.000	21	0	0	1	21	556	536	2.1	39.2
Query_11763	KJ892724.1	100.000	21	0	0	1	21	278	258	2.1	39.2
Query_11763	XM_008072012.1	100.000	21	0	0	1	21	443	423	2.1	39.2
Query_11763	XM_005321598.3	100.000	21	0	0	1	21	829	809	2.1	39.2
Query_11763	XM_040244285.1	100.000	21	0	0	1	21	866	846	2.1	39.2
Query_11763	HG994394.1	100.000	21	0	0	1	21	29720760	29720780	2.1	39.2
Query_11763	XM_003931333.3	100.000	21	0	0	1	21	1393	1373	2.1	39.2
Query_11763	CP068261.1	100.000	21	0	0	1	21	57470849	57470829	2.1	39.2
Query_11763	XM_038675217.1	100.000	21	0	0	1	21	298	278	2.1	39.2
Query_11763	XM_005624988.2	100.000	21	0	0	1	21	298	278	2.1	39.2
Query_11763	XM_038329121.1	100.000	21	0	0	1	21	213	193	2.1	39.2
Query_11763	XM_008011393.2	100.000	21	0	0	1	21	799	779	2.1	39.2
Query_11763	XM_017538823.2	100.000	21	0	0	1	21	731	711	2.1	39.2
Query_11763	XM_037493704.1	100.000	21	0	0	1	21	707	687	2.1	39.2
Query_11763	XM_028878202.2	100.000	21	0	0	1	21	749	729	2.1	39.2
Query_11763	XM_036454376.1	100.000	21	0	0	1	21	602	582	2.1	39.2
Query_11763	AP023477.1	100.000	21	0	0	1	21	54043649	54043629	2.1	39.2
Query_11763	XM_036198140.1	100.000	21	0	0	1	21	746	726	2.1	39.2
Query_11763	XM_025440587.2	100.000	21	0	0	1	21	298	278	2.1	39.2
Query_11763	LR862372.1	100.000	21	0	0	1	21	24406870	24406850	2.1	39.2
Query_11763	XM_027426115.2	100.000	21	0	0	1	21	213	193	2.1	39.2


