# blastn
# Iteration: 0
# Query: 
# RID: 6ZTBC4C6016
# Database: nt
# Fields: query acc.ver, subject acc.ver, % identity, alignment length, mismatches, gap opens, q. start, q. end, s. start, s. end, evalue, bit score
# 38 hits found
Query_52611	XM_034509418.1	100.000	21	0	0	1	21	985	965	2.1	39.2
Query_52611	XM_032915907.1	100.000	21	0	0	1	21	959	939	2.1	39.2
Query_52611	XM_021210658.2	100.000	21	0	0	1	21	952	932	2.1	39.2
Query_52611	XM_021163845.2	100.000	21	0	0	1	21	955	935	2.1	39.2
Query_52611	XM_028758232.1	100.000	21	0	0	1	21	942	922	2.1	39.2
Query_52611	XM_005365945.3	100.000	21	0	0	1	21	932	912	2.1	39.2
Query_52611	XM_038339243.1	100.000	21	0	0	1	21	963	943	2.1	39.2
Query_52611	JN960283.1	100.000	21	0	0	1	21	31	51	2.1	39.2
Query_52611	LR877233.1	100.000	21	0	0	1	21	28302176	28302196	2.1	39.2
Query_52611	JN956630.1	100.000	21	0	0	1	21	31	51	2.1	39.2
Query_52611	FQ214550.1	100.000	21	0	0	1	21	919	899	2.1	39.2
Query_52611	FQ213111.1	100.000	21	0	0	1	21	920	900	2.1	39.2
Query_52611	FQ225334.1	100.000	21	0	0	1	21	921	901	2.1	39.2
Query_52611	FQ228750.1	100.000	21	0	0	1	21	919	899	2.1	39.2
Query_52611	FQ213948.1	100.000	21	0	0	1	21	607	587	2.1	39.2
Query_52611	NG_006685.3	100.000	21	0	0	1	21	1006	986	2.1	39.2
Query_52611	NM_026242.3	100.000	21	0	0	1	21	954	934	2.1	39.2
Query_52611	AC169036.3	100.000	21	0	0	1	21	131757	131777	2.1	39.2
Query_52611	BC085488.1	100.000	21	0	0	1	21	799	779	2.1	39.2
Query_52611	AC114605.11	100.000	21	0	0	1	21	110075	110055	2.1	39.2
Query_52611	AC112683.10	100.000	21	0	0	1	21	194496	194476	2.1	39.2
Query_52611	AC139214.12	100.000	21	0	0	1	21	1528	1508	2.1	39.2
Query_52611	AK170984.1	100.000	21	0	0	1	21	936	916	2.1	39.2
Query_52611	AK170909.1	100.000	21	0	0	1	21	932	912	2.1	39.2
Query_52611	AK170789.1	100.000	21	0	0	1	21	904	884	2.1	39.2
Query_52611	AK159464.1	100.000	21	0	0	1	21	943	923	2.1	39.2
Query_52611	AK167112.1	100.000	21	0	0	1	21	935	915	2.1	39.2
Query_52611	AK020049.1	100.000	21	0	0	1	21	922	902	2.1	39.2
Query_52611	AK018675.1	100.000	21	0	0	1	21	904	884	2.1	39.2
Query_52611	AK017832.1	100.000	21	0	0	1	21	936	916	2.1	39.2
Query_52611	AK009827.1	100.000	21	0	0	1	21	912	892	2.1	39.2
Query_52611	AK005313.1	100.000	21	0	0	1	21	946	926	2.1	39.2
Query_52611	AK217266.1	100.000	21	0	0	1	21	77	57	2.1	39.2
Query_52611	AK205417.1	100.000	21	0	0	1	21	77	57	2.1	39.2
Query_52611	AC154476.2	100.000	21	0	0	1	21	78272	78292	2.1	39.2
Query_52611	NM_001009264.1	100.000	21	0	0	1	21	899	879	2.1	39.2
Query_52611	BC010209.1	100.000	21	0	0	1	21	923	903	2.1	39.2
Query_52611	AB041651.1	100.000	21	0	0	1	21	934	914	2.1	39.2


