# blastn
# Iteration: 0
# Query: 
# RID: 72JXUXD0016
# Database: nt
# Fields: query acc.ver, subject acc.ver, % identity, alignment length, mismatches, gap opens, q. start, q. end, s. start, s. end, evalue, bit score
# 28 hits found
Query_31129	XM_003828171.2	100.000	21	0	0	1	21	320	300	2.1	39.2
Query_31129	AY358627.2	100.000	21	0	0	1	21	309	289	2.1	39.2
Query_31129	NM_025237.3	100.000	21	0	0	1	21	326	306	2.1	39.2
Query_31129	CP034495.1	100.000	21	0	0	1	21	41833076	41833096	2.1	39.2
Query_31129	XM_027517099.1	100.000	21	0	0	1	21	1187	1167	2.1	39.2
Query_31129	XM_006046841.2	100.000	21	0	0	1	21	1105	1085	2.1	39.2
Query_31129	NM_001166514.2	100.000	21	0	0	1	21	314	294	2.1	39.2
Query_31129	XM_001153653.5	100.000	21	0	0	1	21	423	403	2.1	39.2
Query_31129	CP027087.1	100.000	21	0	0	1	21	43504734	43504754	2.1	39.2
Query_31129	XM_002827467.3	100.000	21	0	0	1	21	317	297	2.1	39.2
Query_31129	LT735545.1	100.000	21	0	0	1	21	763	743	2.1	39.2
Query_31129	XM_019981332.1	100.000	21	0	0	1	21	1104	1084	2.1	39.2
Query_31129	KJ893769.1	100.000	21	0	0	1	21	344	324	2.1	39.2
Query_31129	XM_005907664.1	100.000	21	0	0	1	21	293	273	2.1	39.2
Query_31129	CP068261.1	100.000	21	0	0	1	21	44608557	44608577	2.1	39.2
Query_31129	XM_037144680.1	100.000	21	0	0	1	21	276	256	2.1	39.2
Query_31129	AP023477.1	100.000	21	0	0	1	21	41451747	41451767	2.1	39.2
Query_31129	NG_008078.2	100.000	21	0	0	1	21	8081	8061	2.1	39.2
Query_31129	AC003098.2	100.000	21	0	0	1	21	6235	6255	2.1	39.2
Query_31129	AY358203.1	100.000	21	0	0	1	21	593	573	2.1	39.2
Query_31129	AF184211.1	100.000	21	0	0	1	21	35	15	2.1	39.2
Query_31129	BC101086.1	100.000	21	0	0	1	21	303	283	2.1	39.2
Query_31129	AC055813.9	100.000	21	0	0	1	21	63159	63179	2.1	39.2
Query_31129	AF331844.1	100.000	21	0	0	1	21	313	293	2.1	39.2
Query_31129	AF326742.1	100.000	21	0	0	1	21	276	256	2.1	39.2
Query_31129	AF326739.1	100.000	21	0	0	1	21	323	303	2.1	39.2
Query_31129	AF326738.1	100.000	21	0	0	1	21	185	165	2.1	39.2
Query_31129	AF326736.1	100.000	21	0	0	1	21	14994	14974	2.1	39.2


