# blastn
# Iteration: 0
# Query: 
# RID: 7PPDAPV7016
# Database: nt
# Fields: query acc.ver, subject acc.ver, % identity, alignment length, mismatches, gap opens, q. start, q. end, s. start, s. end, evalue, bit score
# 29 hits found
Query_59167	XM_008966038.2	100.000	21	0	0	1	21	824	804	2.1	39.2
Query_59167	XM_003813487.3	100.000	21	0	0	1	21	914	894	2.1	39.2
Query_59167	XM_032761727.1	100.000	21	0	0	1	21	939	919	2.1	39.2
Query_59167	XM_032761725.1	100.000	21	0	0	1	21	919	899	2.1	39.2
Query_59167	XM_019031233.2	100.000	21	0	0	1	21	810	790	2.1	39.2
Query_59167	XM_019031231.2	100.000	21	0	0	1	21	903	883	2.1	39.2
Query_59167	NM_001202498.2	100.000	21	0	0	1	21	520	500	2.1	39.2
Query_59167	NM_182697.3	100.000	21	0	0	1	21	806	786	2.1	39.2
Query_59167	NM_003344.4	100.000	21	0	0	1	21	899	879	2.1	39.2
Query_59167	XM_003318791.5	100.000	21	0	0	1	21	820	800	2.1	39.2
Query_59167	XM_001144807.6	100.000	21	0	0	1	21	912	892	2.1	39.2
Query_59167	XM_009243220.2	100.000	21	0	0	1	21	813	793	2.1	39.2
Query_59167	XM_002818440.3	100.000	21	0	0	1	21	906	886	2.1	39.2
Query_59167	JF432609.1	100.000	21	0	0	1	21	544	524	2.1	39.2
Query_59167	AB590728.1	100.000	21	0	0	1	21	503	483	2.1	39.2
Query_59167	AB451490.1	100.000	21	0	0	1	21	494	474	2.1	39.2
Query_59167	AK316590.1	100.000	21	0	0	1	21	482	462	2.1	39.2
Query_59167	AC145891.4	100.000	21	0	0	1	21	146169	146149	2.1	39.2
Query_59167	BC006277.2	100.000	21	0	0	1	21	811	791	2.1	39.2
Query_59167	AK091088.1	100.000	21	0	0	1	21	847	827	2.1	39.2
Query_59167	BT007925.1	100.000	21	0	0	1	21	494	474	2.1	39.2
Query_59167	BT006756.1	100.000	21	0	0	1	21	494	474	2.1	39.2
Query_59167	AC084864.4	100.000	21	0	0	1	21	126038	126058	2.1	39.2
Query_59167	AC084865.3	100.000	21	0	0	1	21	47747	47767	2.1	39.2
Query_59167	AC023880.5	100.000	21	0	0	1	21	67106	67086	2.1	39.2
Query_59167	Z29331.1	100.000	21	0	0	1	21	164	144	2.1	39.2
Query_59167	Z29330.1	100.000	21	0	0	1	21	547	527	2.1	39.2
Query_59167	Z29328.1	100.000	21	0	0	1	21	547	527	2.1	39.2
Query_59167	AL832212.1	100.000	21	0	0	1	21	908	888	2.1	39.2


