# blastn
# Iteration: 0
# Query: 
# RID: 6S4FWMBE013
# Database: nt
# Fields: query acc.ver, subject acc.ver, % identity, alignment length, mismatches, gap opens, q. start, q. end, s. start, s. end, evalue, bit score
# 100 hits found
Query_54343	XM_008976634.2	100.000	21	0	0	1	21	440	420	2.1	39.2
Query_54343	XM_003823013.3	100.000	21	0	0	1	21	422	402	2.1	39.2
Query_54343	XM_033633503.1	100.000	21	0	0	1	21	171	151	2.1	39.2
Query_54343	XM_033198362.1	100.000	21	0	0	1	21	393	373	2.1	39.2
Query_54343	XM_033198361.1	100.000	21	0	0	1	21	415	395	2.1	39.2
Query_54343	XM_033198360.1	100.000	21	0	0	1	21	415	395	2.1	39.2
Query_54343	XM_033198359.1	100.000	21	0	0	1	21	415	395	2.1	39.2
Query_54343	XM_033198358.1	100.000	21	0	0	1	21	309	289	2.1	39.2
Query_54343	XR_004434096.1	100.000	21	0	0	1	21	415	395	2.1	39.2
Query_54343	XM_033198357.1	100.000	21	0	0	1	21	663	643	2.1	39.2
Query_54343	XM_033198356.1	100.000	21	0	0	1	21	415	395	2.1	39.2
Query_54343	XR_004262057.1	100.000	21	0	0	1	21	354	334	2.1	39.2
Query_54343	XM_032288776.1	100.000	21	0	0	1	21	412	392	2.1	39.2
Query_54343	XM_032136927.1	100.000	21	0	0	1	21	398	378	2.1	39.2
Query_54343	XM_032136926.1	100.000	21	0	0	1	21	394	374	2.1	39.2
Query_54343	XM_023186845.3	100.000	21	0	0	1	21	777	757	2.1	39.2
Query_54343	XR_639001.4	100.000	21	0	0	1	21	438	418	2.1	39.2
Query_54343	XM_009189984.4	100.000	21	0	0	1	21	438	418	2.1	39.2
Query_54343	XM_019037287.2	100.000	21	0	0	1	21	398	378	2.1	39.2
Query_54343	XM_030930251.1	100.000	21	0	0	1	21	399	379	2.1	39.2
Query_54343	XM_010378845.2	100.000	21	0	0	1	21	422	402	2.1	39.2
Query_54343	XM_030930243.1	100.000	21	0	0	1	21	422	402	2.1	39.2
Query_54343	XM_012502075.2	100.000	21	0	0	1	21	394	374	2.1	39.2
Query_54343	XM_029933151.1	100.000	21	0	0	1	21	342	322	2.1	39.2
Query_54343	XM_029933150.1	100.000	21	0	0	1	21	364	344	2.1	39.2
Query_54343	XM_015120156.2	100.000	21	0	0	1	21	393	373	2.1	39.2
Query_54343	XM_015120144.2	100.000	21	0	0	1	21	427	407	2.1	39.2
Query_54343	XM_015120123.2	100.000	21	0	0	1	21	427	407	2.1	39.2
Query_54343	XM_026456675.1	100.000	21	0	0	1	21	414	394	2.1	39.2
Query_54343	XM_023186848.2	100.000	21	0	0	1	21	414	394	2.1	39.2
Query_54343	XM_023186846.2	100.000	21	0	0	1	21	414	394	2.1	39.2
Query_54343	XM_023186844.2	100.000	21	0	0	1	21	414	394	2.1	39.2
Query_54343	XM_026397216.1	100.000	21	0	0	1	21	387	367	2.1	39.2
Query_54343	XM_027945677.1	100.000	21	0	0	1	21	401	381	2.1	39.2
Query_54343	XM_027945676.1	100.000	21	0	0	1	21	388	368	2.1	39.2
Query_54343	XM_006159140.3	100.000	21	0	0	1	21	409	389	2.1	39.2
Query_54343	XM_025391108.1	100.000	21	0	0	1	21	398	378	2.1	39.2
Query_54343	XM_025391104.1	100.000	21	0	0	1	21	394	374	2.1	39.2
Query_54343	NM_014176.4	100.000	21	0	0	1	21	365	345	2.1	39.2
Query_54343	XM_006908298.3	100.000	21	0	0	1	21	440	420	2.1	39.2
Query_54343	XM_015586561.2	100.000	21	0	0	1	21	440	420	2.1	39.2
Query_54343	XM_011746666.2	100.000	21	0	0	1	21	393	373	2.1	39.2
Query_54343	XM_011746665.2	100.000	21	0	0	1	21	764	744	2.1	39.2
Query_54343	XM_011746664.2	100.000	21	0	0	1	21	636	616	2.1	39.2
Query_54343	XM_011746662.2	100.000	21	0	0	1	21	418	398	2.1	39.2
Query_54343	XM_009440790.2	100.000	21	0	0	1	21	414	394	2.1	39.2
Query_54343	XM_024350983.1	100.000	21	0	0	1	21	734	714	2.1	39.2
Query_54343	XM_514102.6	100.000	21	0	0	1	21	425	405	2.1	39.2
Query_54343	XM_024239242.1	100.000	21	0	0	1	21	763	743	2.1	39.2
Query_54343	XM_002809603.4	100.000	21	0	0	1	21	410	390	2.1	39.2
Query_54343	XM_004375283.2	100.000	21	0	0	1	21	362	342	2.1	39.2
Query_54343	XM_004625355.2	100.000	21	0	0	1	21	400	380	2.1	39.2
Query_54343	XM_011367283.2	100.000	21	0	0	1	21	348	328	2.1	39.2
Query_54343	XM_011367282.2	100.000	21	0	0	1	21	348	328	2.1	39.2
Query_54343	XM_023534795.1	100.000	21	0	0	1	21	348	328	2.1	39.2
Query_54343	XM_004481920.3	100.000	21	0	0	1	21	801	781	2.1	39.2
Query_54343	XM_012520995.2	100.000	21	0	0	1	21	394	374	2.1	39.2
Query_54343	XM_012520994.2	100.000	21	0	0	1	21	409	389	2.1	39.2
Query_54343	XM_003410227.3	100.000	21	0	0	1	21	677	657	2.1	39.2
Query_54343	XM_010590212.2	100.000	21	0	0	1	21	399	379	2.1	39.2
Query_54343	XM_023548265.1	100.000	21	0	0	1	21	2618	2598	2.1	39.2
Query_54343	XM_023186847.1	100.000	21	0	0	1	21	414	394	2.1	39.2
Query_54343	XM_003893291.3	100.000	21	0	0	1	21	438	418	2.1	39.2
Query_54343	XM_004921161.3	100.000	21	0	0	1	21	518	498	2.1	39.2
Query_54343	XM_012744454.2	100.000	21	0	0	1	21	478	458	2.1	39.2
Query_54343	LT735351.1	100.000	21	0	0	1	21	746	726	2.1	39.2
Query_54343	XM_004028164.2	100.000	21	0	0	1	21	394	374	2.1	39.2
Query_54343	XM_009189991.2	100.000	21	0	0	1	21	393	373	2.1	39.2
Query_54343	XM_017896496.1	100.000	21	0	0	1	21	394	374	2.1	39.2
Query_54343	XM_017896495.1	100.000	21	0	0	1	21	436	416	2.1	39.2
Query_54343	XM_017896494.1	100.000	21	0	0	1	21	436	416	2.1	39.2
Query_54343	XM_017896493.1	100.000	21	0	0	1	21	436	416	2.1	39.2
Query_54343	XM_017896491.1	100.000	21	0	0	1	21	267	247	2.1	39.2
Query_54343	XR_001890023.1	100.000	21	0	0	1	21	436	416	2.1	39.2
Query_54343	XM_017896490.1	100.000	21	0	0	1	21	557	537	2.1	39.2
Query_54343	XM_017896489.1	100.000	21	0	0	1	21	436	416	2.1	39.2
Query_54343	XM_007522095.2	100.000	21	0	0	1	21	267	247	2.1	39.2
Query_54343	XM_015483843.1	100.000	21	0	0	1	21	381	361	2.1	39.2
Query_54343	XM_015448187.1	100.000	21	0	0	1	21	393	373	2.1	39.2
Query_54343	XM_015448182.1	100.000	21	0	0	1	21	430	410	2.1	39.2
Query_54343	XM_015448175.1	100.000	21	0	0	1	21	430	410	2.1	39.2
Query_54343	XM_005330340.4	100.000	21	0	0	1	21	439	419	2.1	39.2
Query_54343	XM_039883591.1	100.000	21	0	0	1	21	400	380	2.1	39.2
Query_54343	XM_039883590.1	100.000	21	0	0	1	21	400	380	2.1	39.2
Query_54343	XM_039883589.1	100.000	21	0	0	1	21	459	439	2.1	39.2
Query_54343	XM_039883588.1	100.000	21	0	0	1	21	400	380	2.1	39.2
Query_54343	XM_007988939.2	100.000	21	0	0	1	21	364	344	2.1	39.2
Query_54343	XM_037985742.1	100.000	21	0	0	1	21	714	694	2.1	39.2
Query_54343	XM_007988937.2	100.000	21	0	0	1	21	430	410	2.1	39.2
Query_54343	XM_007988936.2	100.000	21	0	0	1	21	429	409	2.1	39.2
Query_54343	XM_037812190.1	100.000	21	0	0	1	21	349	329	2.1	39.2
Query_54343	XM_037812188.1	100.000	21	0	0	1	21	545	525	2.1	39.2
Query_54343	XM_037812177.1	100.000	21	0	0	1	21	407	387	2.1	39.2
Query_54343	XM_017520112.2	100.000	21	0	0	1	21	385	365	2.1	39.2
Query_54343	XM_037727245.1	100.000	21	0	0	1	21	354	334	2.1	39.2
Query_54343	XM_036495257.1	100.000	21	0	0	1	21	169	149	2.1	39.2
Query_54343	NM_001310326.2	100.000	21	0	0	1	21	369	349	2.1	39.2
Query_54343	XM_035280890.1	100.000	21	0	0	1	21	721	701	2.1	39.2
Query_54343	XM_035280892.1	100.000	21	0	0	1	21	435	415	2.1	39.2
Query_54343	XM_002760652.4	100.000	21	0	0	1	21	412	392	2.1	39.2


