# blastn
# Iteration: 0
# Query: 
# RID: 9PXKJDTC013
# Database: nt
# Fields: query acc.ver, subject acc.ver, % identity, alignment length, mismatches, gap opens, q. start, q. end, s. start, s. end, evalue, bit score
# 64 hits found
Query_10483	XM_032887115.1	100.000	21	0	0	1	21	649	629	2.1	39.2
Query_10483	XM_032887114.1	100.000	21	0	0	1	21	901	881	2.1	39.2
Query_10483	XM_032887113.1	100.000	21	0	0	1	21	865	845	2.1	39.2
Query_10483	XM_032887111.1	100.000	21	0	0	1	21	865	845	2.1	39.2
Query_10483	XM_032887110.1	100.000	21	0	0	1	21	865	845	2.1	39.2
Query_10483	XM_031337322.1	100.000	21	0	0	1	21	759	739	2.1	39.2
Query_10483	XM_031337320.1	100.000	21	0	0	1	21	860	840	2.1	39.2
Query_10483	XM_031337319.1	100.000	21	0	0	1	21	905	885	2.1	39.2
Query_10483	XM_031337318.1	100.000	21	0	0	1	21	791	771	2.1	39.2
Query_10483	XM_031337317.1	100.000	21	0	0	1	21	1065	1045	2.1	39.2
Query_10483	XM_006534921.4	100.000	21	0	0	1	21	979	959	2.1	39.2
Query_10483	XM_006534920.4	100.000	21	0	0	1	21	962	942	2.1	39.2
Query_10483	XM_021186845.1	100.000	21	0	0	1	21	906	886	2.1	39.2
Query_10483	XM_021186844.1	100.000	21	0	0	1	21	906	886	2.1	39.2
Query_10483	XM_021186843.1	100.000	21	0	0	1	21	1084	1064	2.1	39.2
Query_10483	XM_021186842.1	100.000	21	0	0	1	21	942	922	2.1	39.2
Query_10483	XM_011249448.2	100.000	21	0	0	1	21	722	702	2.1	39.2
Query_10483	NM_001310701.1	100.000	21	0	0	1	21	713	693	2.1	39.2
Query_10483	NM_001310700.1	100.000	21	0	0	1	21	942	922	2.1	39.2
Query_10483	XM_005085304.4	100.000	21	0	0	1	21	849	829	2.1	39.2
Query_10483	XR_005491585.1	100.000	21	0	0	1	21	1164	1144	2.1	39.2
Query_10483	XM_039089009.1	100.000	21	0	0	1	21	693	673	2.1	39.2
Query_10483	XM_039089008.1	100.000	21	0	0	1	21	830	810	2.1	39.2
Query_10483	XM_039089007.1	100.000	21	0	0	1	21	809	789	2.1	39.2
Query_10483	XM_008769306.3	100.000	21	0	0	1	21	774	754	2.1	39.2
Query_10483	XM_017598236.2	100.000	21	0	0	1	21	1051	1031	2.1	39.2
Query_10483	XM_006249517.4	100.000	21	0	0	1	21	1096	1076	2.1	39.2
Query_10483	XM_006249516.4	100.000	21	0	0	1	21	1132	1112	2.1	39.2
Query_10483	XM_039089005.1	100.000	21	0	0	1	21	967	947	2.1	39.2
Query_10483	XM_017598235.2	100.000	21	0	0	1	21	1000	980	2.1	39.2
Query_10483	XM_008769305.3	100.000	21	0	0	1	21	1015	995	2.1	39.2
Query_10483	XM_017598234.2	100.000	21	0	0	1	21	1051	1031	2.1	39.2
Query_10483	XM_006249515.4	100.000	21	0	0	1	21	1132	1112	2.1	39.2
Query_10483	NM_053656.3	100.000	21	0	0	1	21	823	803	2.1	39.2
Query_10483	XM_011249447.3	100.000	21	0	0	1	21	817	797	2.1	39.2
Query_10483	LR877230.1	100.000	21	0	0	1	21	65621851	65621831	2.1	39.2
Query_10483	LR877209.1	100.000	21	0	0	1	21	35053611	35053631	2.1	39.2
Query_10483	JN950875.1	100.000	21	0	0	1	21	22451	22431	2.1	39.2
Query_10483	NM_001164834.1	100.000	21	0	0	1	21	906	886	2.1	39.2
Query_10483	NM_001164833.1	100.000	21	0	0	1	21	906	886	2.1	39.2
Query_10483	NM_153400.4	100.000	21	0	0	1	21	906	886	2.1	39.2
Query_10483	BC106964.1	100.000	21	0	0	1	21	713	693	2.1	39.2
Query_10483	BC106963.1	100.000	21	0	0	1	21	797	777	2.1	39.2
Query_10483	AC123699.10	100.000	21	0	0	1	21	65680	65660	2.1	39.2
Query_10483	AK141196.1	100.000	21	0	0	1	21	865	845	2.1	39.2
Query_10483	AK158334.1	100.000	21	0	0	1	21	884	864	2.1	39.2
Query_10483	AY044240.2	100.000	21	0	0	1	21	1082	1062	2.1	39.2
Query_10483	AC169384.2	100.000	21	0	0	1	21	199304	199284	2.1	39.2
Query_10483	AB094664.1	100.000	21	0	0	1	21	826	806	2.1	39.2
Query_10483	AB094663.1	100.000	21	0	0	1	21	826	806	2.1	39.2
Query_10483	AF064549.1	100.000	21	0	0	1	21	860	840	2.1	39.2
Query_10483	AF020759.1	100.000	21	0	0	1	21	785	765	2.1	39.2
Query_10483	AF020758.1	100.000	21	0	0	1	21	863	843	2.1	39.2
Query_10483	AF020757.1	100.000	21	0	0	1	21	769	749	2.1	39.2
Query_10483	AF020756.1	100.000	21	0	0	1	21	723	703	2.1	39.2
Query_10483	AF013241.1	100.000	21	0	0	1	21	48	28	2.1	39.2
Query_10483	Y10475.1	100.000	21	0	0	1	21	859	839	2.1	39.2
Query_10483	Y10474.1	100.000	21	0	0	1	21	805	785	2.1	39.2
Query_10483	Y10473.1	100.000	21	0	0	1	21	823	803	2.1	39.2
Query_10483	Y09910.1	100.000	21	0	0	1	21	1750	1730	2.1	39.2
Query_10483	U14414.1	100.000	21	0	0	1	21	823	803	2.1	39.2
Query_10483	XM_003569380.4	100.000	20	0	0	1	20	1699	1718	7.5	37.4
Query_10483	LR877205.1	100.000	20	0	0	1	20	4436191	4436210	7.5	37.4
Query_10483	LR877197.1	100.000	20	0	0	1	20	50448945	50448926	7.5	37.4


