# blastn
# Iteration: 0
# Query: 
# RID: 7JJEJ5WV013
# Database: nt
# Fields: query acc.ver, subject acc.ver, % identity, alignment length, mismatches, gap opens, q. start, q. end, s. start, s. end, evalue, bit score
# 100 hits found
Query_33037	XM_034932123.1	100.000	21	0	0	1	21	1683	1663	2.1	39.2
Query_33037	XM_034932122.1	100.000	21	0	0	1	21	1996	1976	2.1	39.2
Query_33037	XR_004664993.1	100.000	21	0	0	1	21	1972	1952	2.1	39.2
Query_33037	XM_034932121.1	100.000	21	0	0	1	21	2038	2018	2.1	39.2
Query_33037	XM_034932120.1	100.000	21	0	0	1	21	1648	1628	2.1	39.2
Query_33037	XM_034932119.1	100.000	21	0	0	1	21	1924	1904	2.1	39.2
Query_33037	XM_034932117.1	100.000	21	0	0	1	21	1734	1714	2.1	39.2
Query_33037	XM_034932116.1	100.000	21	0	0	1	21	1996	1976	2.1	39.2
Query_33037	XM_034932115.1	100.000	21	0	0	1	21	1996	1976	2.1	39.2
Query_33037	XM_033120108.1	100.000	21	0	0	1	21	1918	1898	2.1	39.2
Query_33037	XM_033120107.1	100.000	21	0	0	1	21	1990	1970	2.1	39.2
Query_33037	XM_032892923.1	100.000	21	0	0	1	21	1721	1701	2.1	39.2
Query_33037	XM_032166649.2	100.000	21	0	0	1	21	1665	1645	2.1	39.2
Query_33037	XM_032240510.1	100.000	21	0	0	1	21	1873	1853	2.1	39.2
Query_33037	XM_032166651.1	100.000	21	0	0	1	21	1632	1612	2.1	39.2
Query_33037	XR_004250229.1	100.000	21	0	0	1	21	1606	1586	2.1	39.2
Query_33037	XM_031387837.1	100.000	21	0	0	1	21	1941	1921	2.1	39.2
Query_33037	XM_031387836.1	100.000	21	0	0	1	21	1969	1949	2.1	39.2
Query_33037	XM_031387835.1	100.000	21	0	0	1	21	1983	1963	2.1	39.2
Query_33037	XM_004050666.3	100.000	21	0	0	1	21	2037	2017	2.1	39.2
Query_33037	XM_019037259.2	100.000	21	0	0	1	21	1562	1542	2.1	39.2
Query_33037	XM_019037258.2	100.000	21	0	0	1	21	1924	1904	2.1	39.2
Query_33037	XM_004050664.3	100.000	21	0	0	1	21	2037	2017	2.1	39.2
Query_33037	XM_030885848.1	100.000	21	0	0	1	21	1606	1586	2.1	39.2
Query_33037	XM_030885847.1	100.000	21	0	0	1	21	1607	1587	2.1	39.2
Query_33037	XR_004033591.1	100.000	21	0	0	1	21	2037	2017	2.1	39.2
Query_33037	XR_004033590.1	100.000	21	0	0	1	21	1979	1959	2.1	39.2
Query_33037	XM_030828843.1	100.000	21	0	0	1	21	2003	1983	2.1	39.2
Query_33037	XM_030828842.1	100.000	21	0	0	1	21	1931	1911	2.1	39.2
Query_33037	XM_030828841.1	100.000	21	0	0	1	21	2037	2017	2.1	39.2
Query_33037	XM_029556291.1	100.000	21	0	0	1	21	1747	1727	2.1	39.2
Query_33037	XM_008853448.2	100.000	21	0	0	1	21	1747	1727	2.1	39.2
Query_33037	XM_021220019.2	100.000	21	0	0	1	21	1964	1944	2.1	39.2
Query_33037	XM_029479382.1	100.000	21	0	0	1	21	1940	1920	2.1	39.2
Query_33037	NM_001348749.2	100.000	21	0	0	1	21	1930	1910	2.1	39.2
Query_33037	NM_001348750.2	100.000	21	0	0	1	21	2038	2018	2.1	39.2
Query_33037	NM_001243254.2	100.000	21	0	0	1	21	2002	1982	2.1	39.2
Query_33037	XM_028894621.1	100.000	21	0	0	1	21	1944	1924	2.1	39.2
Query_33037	XM_028768043.1	100.000	21	0	0	1	21	1721	1701	2.1	39.2
Query_33037	NM_015213.4	100.000	21	0	0	1	21	2002	1982	2.1	39.2
Query_33037	XM_013347689.2	100.000	21	0	0	1	21	2255	2235	2.1	39.2
Query_33037	NR_145966.2	100.000	21	0	0	1	21	1978	1958	2.1	39.2
Query_33037	XM_027852697.1	100.000	21	0	0	1	21	1644	1624	2.1	39.2
Query_33037	XM_027852696.1	100.000	21	0	0	1	21	1742	1722	2.1	39.2
Query_33037	XM_003312912.4	100.000	21	0	0	1	21	2036	2016	2.1	39.2
Query_33037	XR_002938439.1	100.000	21	0	0	1	21	2036	2016	2.1	39.2
Query_33037	XM_016920357.2	100.000	21	0	0	1	21	1783	1763	2.1	39.2
Query_33037	XM_024346967.1	100.000	21	0	0	1	21	2036	2016	2.1	39.2
Query_33037	XM_024346966.1	100.000	21	0	0	1	21	2036	2016	2.1	39.2
Query_33037	XM_009459922.3	100.000	21	0	0	1	21	1964	1944	2.1	39.2
Query_33037	XM_016920354.2	100.000	21	0	0	1	21	1964	1944	2.1	39.2
Query_33037	XM_508914.6	100.000	21	0	0	1	21	2036	2016	2.1	39.2
Query_33037	XM_016920352.2	100.000	21	0	0	1	21	2036	2016	2.1	39.2
Query_33037	XM_023719267.1	100.000	21	0	0	1	21	1691	1671	2.1	39.2
Query_33037	XM_023522930.1	100.000	21	0	0	1	21	1612	1592	2.1	39.2
Query_33037	XM_023522929.1	100.000	21	0	0	1	21	1691	1671	2.1	39.2
Query_33037	XM_023550866.1	100.000	21	0	0	1	21	1706	1686	2.1	39.2
Query_33037	XM_023550865.1	100.000	21	0	0	1	21	1643	1623	2.1	39.2
Query_33037	XM_023550864.1	100.000	21	0	0	1	21	1702	1682	2.1	39.2
Query_33037	XM_021675141.1	100.000	21	0	0	1	21	1995	1975	2.1	39.2
Query_33037	XM_021675140.1	100.000	21	0	0	1	21	1923	1903	2.1	39.2
Query_33037	XM_021675139.1	100.000	21	0	0	1	21	1794	1774	2.1	39.2
Query_33037	XM_021675138.1	100.000	21	0	0	1	21	1995	1975	2.1	39.2
Query_33037	XM_021263778.1	100.000	21	0	0	1	21	1743	1723	2.1	39.2
Query_33037	XM_021263777.1	100.000	21	0	0	1	21	1625	1605	2.1	39.2
Query_33037	XM_021263776.1	100.000	21	0	0	1	21	1969	1949	2.1	39.2
Query_33037	XM_021263775.1	100.000	21	0	0	1	21	1743	1723	2.1	39.2
Query_33037	XM_021263774.1	100.000	21	0	0	1	21	1671	1651	2.1	39.2
Query_33037	XM_004851774.2	100.000	21	0	0	1	21	1743	1723	2.1	39.2
Query_33037	XM_021166335.1	100.000	21	0	0	1	21	1983	1963	2.1	39.2
Query_33037	XM_021220027.1	100.000	21	0	0	1	21	1937	1917	2.1	39.2
Query_33037	XM_021001903.1	100.000	21	0	0	1	21	1710	1690	2.1	39.2
Query_33037	XM_021001902.1	100.000	21	0	0	1	21	1780	1760	2.1	39.2
Query_33037	NG_053019.1	100.000	21	0	0	1	21	92019	91999	2.1	39.2
Query_33037	LT734349.1	100.000	21	0	0	1	21	963	943	2.1	39.2
Query_33037	XM_019656232.1	100.000	21	0	0	1	21	1691	1671	2.1	39.2
Query_33037	XM_019656231.1	100.000	21	0	0	1	21	1763	1743	2.1	39.2
Query_33037	XM_017500308.1	100.000	21	0	0	1	21	1707	1687	2.1	39.2
Query_33037	XM_017500307.1	100.000	21	0	0	1	21	1810	1790	2.1	39.2
Query_33037	XM_017345292.1	100.000	21	0	0	1	21	1540	1520	2.1	39.2
Query_33037	XM_016920351.1	100.000	21	0	0	1	21	1793	1773	2.1	39.2
Query_33037	XM_001379248.3	100.000	21	0	0	1	21	1832	1812	2.1	39.2
Query_33037	XM_039863542.1	100.000	21	0	0	1	21	1766	1746	2.1	39.2
Query_33037	XM_039078190.1	100.000	21	0	0	1	21	2010	1990	2.1	39.2
Query_33037	XM_039078189.1	100.000	21	0	0	1	21	1166	1146	2.1	39.2
Query_33037	XM_017589204.2	100.000	21	0	0	1	21	1935	1915	2.1	39.2
Query_33037	XM_038341029.1	100.000	21	0	0	1	21	1754	1734	2.1	39.2
Query_33037	XM_038341024.1	100.000	21	0	0	1	21	1754	1734	2.1	39.2
Query_33037	XM_017500309.2	100.000	21	0	0	1	21	1738	1718	2.1	39.2
Query_33037	XM_037522637.1	100.000	21	0	0	1	21	1995	1975	2.1	39.2
Query_33037	XM_028894622.2	100.000	21	0	0	1	21	1962	1942	2.1	39.2
Query_33037	XM_028894620.2	100.000	21	0	0	1	21	1961	1941	2.1	39.2
Query_33037	XM_037026327.1	100.000	21	0	0	1	21	1684	1664	2.1	39.2
Query_33037	XM_037026326.1	100.000	21	0	0	1	21	1756	1736	2.1	39.2
Query_33037	XM_036930928.1	100.000	21	0	0	1	21	1725	1705	2.1	39.2
Query_33037	XM_036930927.1	100.000	21	0	0	1	21	1797	1777	2.1	39.2
Query_33037	LR877218.1	100.000	21	0	0	1	21	59414720	59414740	2.1	39.2
Query_33037	XM_017977897.2	100.000	21	0	0	1	21	2031	2011	2.1	39.2
Query_33037	XM_017977895.2	100.000	21	0	0	1	21	1959	1939	2.1	39.2
Query_33037	XM_002755025.4	100.000	21	0	0	1	21	2031	2011	2.1	39.2


