# blastn
# Iteration: 0
# Query: 
# RID: 6ZZBU9T1013
# Database: nt
# Fields: query acc.ver, subject acc.ver, % identity, alignment length, mismatches, gap opens, q. start, q. end, s. start, s. end, evalue, bit score
# 18 hits found
Query_37761	XM_034491809.1	100.000	21	0	0	1	21	782	762	2.1	39.2
Query_37761	XM_032910158.1	100.000	21	0	0	1	21	767	747	2.1	39.2
Query_37761	XM_031343037.1	100.000	21	0	0	1	21	784	764	2.1	39.2
Query_37761	XM_021173154.1	100.000	21	0	0	1	21	678	658	2.1	39.2
Query_37761	XM_021173153.1	100.000	21	0	0	1	21	784	764	2.1	39.2
Query_37761	XM_021207906.1	100.000	21	0	0	1	21	784	764	2.1	39.2
Query_37761	AH003560.2	100.000	21	0	0	1	21	1274	1254	2.1	39.2
Query_37761	NM_001319986.1	100.000	21	0	0	1	21	684	664	2.1	39.2
Query_37761	NM_010810.5	100.000	21	0	0	1	21	790	770	2.1	39.2
Query_37761	BC120655.1	100.000	21	0	0	1	21	769	749	2.1	39.2
Query_37761	AY622968.1	100.000	21	0	0	1	21	144	124	2.1	39.2
Query_37761	NM_012864.2	100.000	21	0	0	1	21	773	753	2.1	39.2
Query_37761	AK144515.1	100.000	21	0	0	1	21	787	767	2.1	39.2
Query_37761	AL603630.11	100.000	21	0	0	1	21	142801	142781	2.1	39.2
Query_37761	L36244.1	100.000	21	0	0	1	21	794	774	2.1	39.2
Query_37761	L24374.1	100.000	21	0	0	1	21	787	767	2.1	39.2
Query_37761	X07824.1	100.000	21	0	0	1	21	153	133	2.1	39.2
Query_37761	CP059248.1	100.000	20	0	0	2	21	275527	275546	7.2	37.4


