# blastn
# Iteration: 0
# Query: 
# RID: 72GSC6Z3016
# Database: nt
# Fields: query acc.ver, subject acc.ver, % identity, alignment length, mismatches, gap opens, q. start, q. end, s. start, s. end, evalue, bit score
# 87 hits found
Query_37901	XM_003828171.2	100.000	21	0	0	1	21	581	561	2.1	39.2
Query_37901	XM_033182838.1	100.000	21	0	0	1	21	537	517	2.1	39.2
Query_37901	XM_032914271.1	100.000	21	0	0	1	21	772	752	2.1	39.2
Query_37901	XM_032163779.1	100.000	21	0	0	1	21	581	561	2.1	39.2
Query_37901	XM_023191497.3	100.000	21	0	0	1	21	581	561	2.1	39.2
Query_37901	NM_001194608.2	100.000	21	0	0	1	21	555	535	2.1	39.2
Query_37901	XM_031352567.1	100.000	21	0	0	1	21	578	558	2.1	39.2
Query_37901	XM_004041540.3	100.000	21	0	0	1	21	581	561	2.1	39.2
Query_37901	XM_010376233.2	100.000	21	0	0	1	21	553	533	2.1	39.2
Query_37901	XM_003270772.2	100.000	21	0	0	1	21	581	561	2.1	39.2
Query_37901	XM_008838138.2	100.000	21	0	0	1	21	537	517	2.1	39.2
Query_37901	XM_021177535.2	100.000	21	0	0	1	21	767	747	2.1	39.2
Query_37901	AY358627.2	100.000	21	0	0	1	21	570	550	2.1	39.2
Query_37901	NM_025237.3	100.000	21	0	0	1	21	587	567	2.1	39.2
Query_37901	XM_026412429.1	100.000	21	0	0	1	21	550	530	2.1	39.2
Query_37901	XM_027947155.1	100.000	21	0	0	1	21	534	514	2.1	39.2
Query_37901	CP034495.1	100.000	21	0	0	1	21	41832815	41832835	2.1	39.2
Query_37901	XM_025363041.1	100.000	21	0	0	1	21	578	558	2.1	39.2
Query_37901	XM_001153653.5	100.000	21	0	0	1	21	684	664	2.1	39.2
Query_37901	XM_002827467.3	100.000	21	0	0	1	21	578	558	2.1	39.2
Query_37901	XM_011377213.2	100.000	21	0	0	1	21	572	552	2.1	39.2
Query_37901	XM_003414277.2	100.000	21	0	0	1	21	857	837	2.1	39.2
Query_37901	XM_003786295.3	100.000	21	0	0	1	21	537	517	2.1	39.2
Query_37901	XM_021712656.1	100.000	21	0	0	1	21	553	533	2.1	39.2
Query_37901	XM_021642724.1	100.000	21	0	0	1	21	537	517	2.1	39.2
Query_37901	XM_005070072.3	100.000	21	0	0	1	21	560	540	2.1	39.2
Query_37901	XM_021213746.1	100.000	21	0	0	1	21	559	539	2.1	39.2
Query_37901	XM_020972735.1	100.000	21	0	0	1	21	574	554	2.1	39.2
Query_37901	LT735545.1	100.000	21	0	0	1	21	1024	1004	2.1	39.2
Query_37901	XM_020180444.1	100.000	21	0	0	1	21	553	533	2.1	39.2
Query_37901	XM_017892802.1	100.000	21	0	0	1	21	578	558	2.1	39.2
Query_37901	XM_001362146.3	100.000	21	0	0	1	21	1191	1171	2.1	39.2
Query_37901	XM_006910090.2	100.000	21	0	0	1	21	553	533	2.1	39.2
Query_37901	XM_015495879.1	100.000	21	0	0	1	21	555	535	2.1	39.2
Query_37901	XM_005584371.2	100.000	21	0	0	1	21	588	568	2.1	39.2
Query_37901	XM_004655279.2	100.000	21	0	0	1	21	534	514	2.1	39.2
Query_37901	XM_012443855.1	100.000	21	0	0	1	21	578	558	2.1	39.2
Query_37901	XM_011720549.1	100.000	21	0	0	1	21	2731	2711	2.1	39.2
Query_37901	XM_012057895.1	100.000	21	0	0	1	21	2740	2720	2.1	39.2
Query_37901	XM_011985860.1	100.000	21	0	0	1	21	578	558	2.1	39.2
Query_37901	XM_011940053.1	100.000	21	0	0	1	21	578	558	2.1	39.2
Query_37901	KJ893769.1	100.000	21	0	0	1	21	605	585	2.1	39.2
Query_37901	XM_006970625.1	100.000	21	0	0	1	21	560	540	2.1	39.2
Query_37901	XM_006897859.1	100.000	21	0	0	1	21	537	517	2.1	39.2
Query_37901	NM_024449.6	100.000	21	0	0	1	21	573	553	2.1	39.2
Query_37901	XM_005369147.1	100.000	21	0	0	1	21	537	517	2.1	39.2
Query_37901	XM_004597329.1	100.000	21	0	0	1	21	537	517	2.1	39.2
Query_37901	XM_005328089.3	100.000	21	0	0	1	21	633	613	2.1	39.2
Query_37901	XM_004374320.1	100.000	21	0	0	1	21	553	533	2.1	39.2
Query_37901	XM_039846848.1	100.000	21	0	0	1	21	572	552	2.1	39.2
Query_37901	XM_003943647.2	100.000	21	0	0	1	21	581	561	2.1	39.2
Query_37901	CP068261.1	100.000	21	0	0	1	21	44608296	44608316	2.1	39.2
Query_37901	XM_038324615.1	100.000	21	0	0	1	21	537	517	2.1	39.2
Query_37901	XM_008012517.2	100.000	21	0	0	1	21	565	545	2.1	39.2
Query_37901	NM_030584.2	100.000	21	0	0	1	21	564	544	2.1	39.2
Query_37901	XM_017516182.2	100.000	21	0	0	1	21	2373	2353	2.1	39.2
Query_37901	XM_028882528.2	100.000	21	0	0	1	21	762	742	2.1	39.2
Query_37901	XM_036753472.1	100.000	21	0	0	1	21	537	517	2.1	39.2
Query_37901	XM_016139657.2	100.000	21	0	0	1	21	6843	6823	2.1	39.2
Query_37901	AP023477.1	100.000	21	0	0	1	21	41451486	41451506	2.1	39.2
Query_37901	XM_036197445.1	100.000	21	0	0	1	21	537	517	2.1	39.2
Query_37901	XM_006534376.4	100.000	21	0	0	1	21	453	433	2.1	39.2
Query_37901	LR877227.1	100.000	21	0	0	1	21	28347647	28347667	2.1	39.2
Query_37901	XM_027427937.2	100.000	21	0	0	1	21	537	517	2.1	39.2
Query_37901	XM_003504483.3	100.000	21	0	0	1	21	537	517	2.1	39.2
Query_37901	XM_035303470.1	100.000	21	0	0	1	21	617	597	2.1	39.2
Query_37901	JN958106.1	100.000	21	0	0	1	21	22838	22818	2.1	39.2
Query_37901	FQ790373.1	100.000	21	0	0	1	21	214	234	2.1	39.2
Query_37901	NG_008078.2	100.000	21	0	0	1	21	8342	8322	2.1	39.2
Query_37901	BC137833.1	100.000	21	0	0	1	21	563	543	2.1	39.2
Query_37901	AC003098.2	100.000	21	0	0	1	21	5974	5994	2.1	39.2
Query_37901	AY358203.1	100.000	21	0	0	1	21	854	834	2.1	39.2
Query_37901	AF184211.1	100.000	21	0	0	1	21	296	276	2.1	39.2
Query_37901	BC101086.1	100.000	21	0	0	1	21	564	544	2.1	39.2
Query_37901	AK041382.1	100.000	21	0	0	1	21	574	554	2.1	39.2
Query_37901	AF326737.2	100.000	21	0	0	1	21	11058	11038	2.1	39.2
Query_37901	AC055813.9	100.000	21	0	0	1	21	62898	62918	2.1	39.2
Query_37901	AK017295.1	100.000	21	0	0	1	21	574	554	2.1	39.2
Query_37901	AC068807.21	100.000	21	0	0	1	21	58165	58145	2.1	39.2
Query_37901	AF331844.1	100.000	21	0	0	1	21	574	554	2.1	39.2
Query_37901	AF326742.1	100.000	21	0	0	1	21	537	517	2.1	39.2
Query_37901	AF326741.1	100.000	21	0	0	1	21	569	549	2.1	39.2
Query_37901	AF326740.1	100.000	21	0	0	1	21	531	511	2.1	39.2
Query_37901	AF326739.1	100.000	21	0	0	1	21	584	564	2.1	39.2
Query_37901	AF326736.1	100.000	21	0	0	1	21	15255	15235	2.1	39.2
Query_37901	AL591145.25	100.000	21	0	0	1	21	10447	10467	2.1	39.2
Query_37901	CP068497.1	100.000	20	0	0	1	20	87328	87309	7.3	37.4


