# blastn
# Iteration: 0
# Query: 
# RID: 7RTPTUT4013
# Database: nt
# Fields: query acc.ver, subject acc.ver, % identity, alignment length, mismatches, gap opens, q. start, q. end, s. start, s. end, evalue, bit score
# 29 hits found
Query_15095	XM_014343092.2	100.000	21	0	0	1	21	387	367	2.1	39.2
Query_15095	XM_019017081.2	100.000	21	0	0	1	21	391	371	2.1	39.2
Query_15095	XM_019017079.2	100.000	21	0	0	1	21	459	439	2.1	39.2
Query_15095	NM_001282575.3	100.000	21	0	0	1	21	469	449	2.1	39.2
Query_15095	NM_199144.3	100.000	21	0	0	1	21	392	372	2.1	39.2
Query_15095	NM_001257393.2	100.000	21	0	0	1	21	261	241	2.1	39.2
Query_15095	NM_001257394.2	100.000	21	0	0	1	21	469	449	2.1	39.2
Query_15095	NM_021988.6	100.000	21	0	0	1	21	469	449	2.1	39.2
Query_15095	NM_022442.6	100.000	21	0	0	1	21	261	241	2.1	39.2
Query_15095	CP034499.1	100.000	21	0	0	1	21	48672026	48672046	2.1	39.2
Query_15095	NG_029526.2	100.000	21	0	0	1	21	5469	5449	2.1	39.2
Query_15095	XM_024351996.1	100.000	21	0	0	1	21	465	445	2.1	39.2
Query_15095	XM_024238566.1	100.000	21	0	0	1	21	468	448	2.1	39.2
Query_15095	XM_024238565.1	100.000	21	0	0	1	21	392	372	2.1	39.2
Query_15095	XM_016937117.1	100.000	21	0	0	1	21	389	369	2.1	39.2
Query_15095	CP068258.1	100.000	21	0	0	1	21	51885269	51885289	2.1	39.2
Query_15095	AP023480.1	100.000	21	0	0	1	21	48177935	48177955	2.1	39.2
Query_15095	AK314754.1	100.000	21	0	0	1	21	459	439	2.1	39.2
Query_15095	BC005215.1	100.000	21	0	0	1	21	469	449	2.1	39.2
Query_15095	AL034423.21	100.000	21	0	0	1	21	73583	73603	2.1	39.2
Query_15095	AY008273.1	100.000	21	0	0	1	21	87	67	2.1	39.2
Query_15095	U97281.1	100.000	21	0	0	1	21	87	67	2.1	39.2
Query_15095	U39360.1	100.000	21	0	0	1	21	156	136	2.1	39.2
Query_15095	XM_028230258.1	100.000	20	0	0	1	20	1979	1960	7.3	37.4
Query_15095	XM_028228192.1	100.000	20	0	0	1	20	710	691	7.3	37.4
Query_15095	XM_028228191.1	100.000	20	0	0	1	20	725	706	7.3	37.4
Query_15095	XM_028228190.1	100.000	20	0	0	1	20	788	769	7.3	37.4
Query_15095	XM_028228189.1	100.000	20	0	0	1	20	792	773	7.3	37.4
Query_15095	LR990642.1	100.000	20	0	0	1	20	4096191	4096210	7.3	37.4


