# blastn
# Iteration: 0
# Query: 
# RID: 6UD02CUG01N
# Database: nt
# Fields: query acc.ver, subject acc.ver, % identity, alignment length, mismatches, gap opens, q. start, q. end, s. start, s. end, evalue, bit score
# 21 hits found
Query_80303	XM_003822875.4	100.000	21	0	0	1	21	1675	1655	2.0	39.2
Query_80303	NM_016021.3	100.000	21	0	0	1	21	1023	1003	2.0	39.2
Query_80303	XM_011535888.3	100.000	21	0	0	1	21	1486	1466	2.0	39.2
Query_80303	XM_011535887.2	100.000	21	0	0	1	21	1336	1316	2.0	39.2
Query_80303	XM_518636.7	100.000	21	0	0	1	21	1334	1314	2.0	39.2
Query_80303	LT738201.1	100.000	21	0	0	1	21	1357	1337	2.0	39.2
Query_80303	KJ898902.1	100.000	21	0	0	1	21	935	915	2.0	39.2
Query_80303	AB464335.1	100.000	21	0	0	1	21	879	859	2.0	39.2
Query_80303	AK300629.1	100.000	21	0	0	1	21	946	926	2.0	39.2
Query_80303	AK290574.1	100.000	21	0	0	1	21	1043	1023	2.0	39.2
Query_80303	EU176317.1	100.000	21	0	0	1	21	892	872	2.0	39.2
Query_80303	DQ895144.2	100.000	21	0	0	1	21	892	872	2.0	39.2
Query_80303	AK223464.1	100.000	21	0	0	1	21	940	920	2.0	39.2
Query_80303	AL139804.14	100.000	21	0	0	1	21	307	327	2.0	39.2
Query_80303	U93243.1	100.000	21	0	0	1	21	897	877	2.0	39.2
Query_80303	AJ245898.1	100.000	21	0	0	1	21	932	912	2.0	39.2
Query_80303	AF151039.1	100.000	21	0	0	1	21	595	575	2.0	39.2
Query_80303	AF161502.1	100.000	21	0	0	1	21	896	876	2.0	39.2
Query_80303	AF151834.1	100.000	21	0	0	1	21	1008	988	2.0	39.2
Query_80303	AJ420578.1	100.000	21	0	0	1	21	850	830	2.0	39.2
Query_80303	BC013973.1	100.000	21	0	0	1	21	1163	1143	2.0	39.2


