# blastn
# Iteration: 0
# Query: 
# RID: 9PX32UNH016
# Database: nt
# Fields: query acc.ver, subject acc.ver, % identity, alignment length, mismatches, gap opens, q. start, q. end, s. start, s. end, evalue, bit score
# 100 hits found
Query_59681	LR594554.2	100.000	21	0	0	1	21	56297735	56297755	2.1	39.2
Query_59681	XM_041459517.1	100.000	21	0	0	1	21	240	220	2.1	39.2
Query_59681	XM_041403171.1	100.000	21	0	0	1	21	656	636	2.1	39.2
Query_59681	XM_041403170.1	100.000	21	0	0	1	21	567	547	2.1	39.2
Query_59681	XM_041122660.1	100.000	21	0	0	1	21	256	236	2.1	39.2
Query_59681	XM_030010852.2	100.000	21	0	0	1	21	243	223	2.1	39.2
Query_59681	XM_040966394.1	100.000	21	0	0	1	21	260	240	2.1	39.2
Query_59681	XM_040966392.1	100.000	21	0	0	1	21	328	308	2.1	39.2
Query_59681	XM_040966390.1	100.000	21	0	0	1	21	304	284	2.1	39.2
Query_59681	XM_040966389.1	100.000	21	0	0	1	21	346	326	2.1	39.2
Query_59681	XM_008701503.2	100.000	21	0	0	1	21	265	245	2.1	39.2
Query_59681	XM_040587148.1	100.000	21	0	0	1	21	104	84	2.1	39.2
Query_59681	XM_040587141.1	100.000	21	0	0	1	21	157	137	2.1	39.2
Query_59681	XM_040587134.1	100.000	21	0	0	1	21	156	136	2.1	39.2
Query_59681	XM_040587125.1	100.000	21	0	0	1	21	287	267	2.1	39.2
Query_59681	XM_040556074.1	100.000	21	0	0	1	21	340	320	2.1	39.2
Query_59681	XM_040556073.1	100.000	21	0	0	1	21	205	185	2.1	39.2
Query_59681	XM_040485326.1	100.000	21	0	0	1	21	238	218	2.1	39.2
Query_59681	HG999684.1	100.000	21	0	0	1	21	48989525	48989545	2.1	39.2
Query_59681	XM_005319928.3	100.000	21	0	0	1	21	339	319	2.1	39.2
Query_59681	XM_040238046.1	100.000	21	0	0	1	21	196	176	2.1	39.2
Query_59681	XM_040238044.1	100.000	21	0	0	1	21	430	410	2.1	39.2
Query_59681	XM_040064212.1	100.000	21	0	0	1	21	133	113	2.1	39.2
Query_59681	XM_040064211.1	100.000	21	0	0	1	21	219	199	2.1	39.2
Query_59681	XM_029083081.2	100.000	21	0	0	1	21	191	171	2.1	39.2
Query_59681	XM_029083082.2	100.000	21	0	0	1	21	113	93	2.1	39.2
Query_59681	HG994410.1	100.000	21	0	0	1	21	15369771	15369751	2.1	39.2
Query_59681	HG994384.1	100.000	21	0	0	1	21	74333860	74333880	2.1	39.2
Query_59681	XM_039844998.1	100.000	21	0	0	1	21	374	354	2.1	39.2
Query_59681	XM_039844997.1	100.000	21	0	0	1	21	212	192	2.1	39.2
Query_59681	XM_039844995.1	100.000	21	0	0	1	21	319	299	2.1	39.2
Query_59681	XM_039699084.1	100.000	21	0	0	1	21	246	226	2.1	39.2
Query_59681	XM_039699083.1	100.000	21	0	0	1	21	260	240	2.1	39.2
Query_59681	XM_039550530.1	100.000	21	0	0	1	21	234	214	2.1	39.2
Query_59681	XM_039539606.1	100.000	21	0	0	1	21	258	238	2.1	39.2
Query_59681	XM_003940989.2	100.000	21	0	0	1	21	190	170	2.1	39.2
Query_59681	XM_039226965.1	100.000	21	0	0	1	21	90	70	2.1	39.2
Query_59681	XM_039226963.1	100.000	21	0	0	1	21	333	313	2.1	39.2
Query_59681	XM_039091716.1	100.000	21	0	0	1	21	437	417	2.1	39.2
Query_59681	XM_038661950.1	100.000	21	0	0	1	21	344	324	2.1	39.2
Query_59681	XM_003434394.5	100.000	21	0	0	1	21	344	324	2.1	39.2
Query_59681	XM_038752828.1	100.000	21	0	0	1	21	161	141	2.1	39.2
Query_59681	XM_038399662.1	100.000	21	0	0	1	21	180	160	2.1	39.2
Query_59681	XM_038399661.1	100.000	21	0	0	1	21	215	195	2.1	39.2
Query_59681	XM_038323543.1	100.000	21	0	0	1	21	448	428	2.1	39.2
Query_59681	XM_038136329.1	100.000	21	0	0	1	21	657	637	2.1	39.2
Query_59681	XM_008017600.2	100.000	21	0	0	1	21	393	373	2.1	39.2
Query_59681	XM_037897915.1	100.000	21	0	0	1	21	223	203	2.1	39.2
Query_59681	XM_037829623.1	100.000	21	0	0	1	21	271	251	2.1	39.2
Query_59681	XR_001826530.2	100.000	21	0	0	1	21	262	242	2.1	39.2
Query_59681	XM_017527247.2	100.000	21	0	0	1	21	393	373	2.1	39.2
Query_59681	XM_017527245.2	100.000	21	0	0	1	21	393	373	2.1	39.2
Query_59681	XM_037530493.1	100.000	21	0	0	1	21	320	300	2.1	39.2
Query_59681	XM_037391649.1	100.000	21	0	0	1	21	108	88	2.1	39.2
Query_59681	XM_037391639.1	100.000	21	0	0	1	21	156	136	2.1	39.2
Query_59681	XM_037391629.1	100.000	21	0	0	1	21	208	188	2.1	39.2
Query_59681	XM_037391619.1	100.000	21	0	0	1	21	284	264	2.1	39.2
Query_59681	XM_028882240.2	100.000	21	0	0	1	21	174	154	2.1	39.2
Query_59681	XM_037138033.1	100.000	21	0	0	1	21	335	315	2.1	39.2
Query_59681	XM_037064306.1	100.000	21	0	0	1	21	319	299	2.1	39.2
Query_59681	XM_017662459.2	100.000	21	0	0	1	21	261	241	2.1	39.2
Query_59681	XM_036908505.1	100.000	21	0	0	1	21	263	243	2.1	39.2
Query_59681	XM_036853403.1	100.000	21	0	0	1	21	243	223	2.1	39.2
Query_59681	XM_036852348.1	100.000	21	0	0	1	21	313	293	2.1	39.2
Query_59681	XM_036852347.1	100.000	21	0	0	1	21	356	336	2.1	39.2
Query_59681	XM_036496827.1	100.000	21	0	0	1	21	226	206	2.1	39.2
Query_59681	XM_036496826.1	100.000	21	0	0	1	21	329	309	2.1	39.2
Query_59681	XM_004579145.3	100.000	21	0	0	1	21	285	265	2.1	39.2
Query_59681	XM_036418282.1	100.000	21	0	0	1	21	341	321	2.1	39.2
Query_59681	XM_036381662.1	100.000	21	0	0	1	21	126	106	2.1	39.2
Query_59681	XM_036381661.1	100.000	21	0	0	1	21	253	233	2.1	39.2
Query_59681	XM_036331571.1	100.000	21	0	0	1	21	490	470	2.1	39.2
Query_59681	XM_036331560.1	100.000	21	0	0	1	21	108	88	2.1	39.2
Query_59681	XM_036331552.1	100.000	21	0	0	1	21	111	91	2.1	39.2
Query_59681	XM_036331544.1	100.000	21	0	0	1	21	172	152	2.1	39.2
Query_59681	XM_036258045.1	100.000	21	0	0	1	21	97	77	2.1	39.2
Query_59681	XM_036258037.1	100.000	21	0	0	1	21	163	143	2.1	39.2
Query_59681	XM_036258027.1	100.000	21	0	0	1	21	233	213	2.1	39.2
Query_59681	XM_036258018.1	100.000	21	0	0	1	21	268	248	2.1	39.2
Query_59681	XM_036258009.1	100.000	21	0	0	1	21	321	301	2.1	39.2
Query_59681	XM_036258001.1	100.000	21	0	0	1	21	320	300	2.1	39.2
Query_59681	XM_036228034.1	100.000	21	0	0	1	21	373	353	2.1	39.2
Query_59681	XM_036228032.1	100.000	21	0	0	1	21	67	47	2.1	39.2
Query_59681	XM_036228031.1	100.000	21	0	0	1	21	214	194	2.1	39.2
Query_59681	XM_016119953.2	100.000	21	0	0	1	21	321	301	2.1	39.2
Query_59681	XM_036228030.1	100.000	21	0	0	1	21	334	314	2.1	39.2
Query_59681	XM_036200412.1	100.000	21	0	0	1	21	387	367	2.1	39.2
Query_59681	XM_036112050.1	100.000	21	0	0	1	21	186	166	2.1	39.2
Query_59681	XM_036112045.1	100.000	21	0	0	1	21	318	298	2.1	39.2
Query_59681	XM_036112039.1	100.000	21	0	0	1	21	144	124	2.1	39.2
Query_59681	XM_036112035.1	100.000	21	0	0	1	21	177	157	2.1	39.2
Query_59681	XM_036112026.1	100.000	21	0	0	1	21	260	240	2.1	39.2
Query_59681	XM_030314001.3	100.000	21	0	0	1	21	299	279	2.1	39.2
Query_59681	XM_028507668.2	100.000	21	0	0	1	21	328	308	2.1	39.2
Query_59681	LR877233.1	100.000	21	0	0	1	21	53841756	53841736	2.1	39.2
Query_59681	LR877197.1	100.000	21	0	0	1	21	44506957	44506977	2.1	39.2
Query_59681	XM_035896737.1	100.000	21	0	0	1	21	285	265	2.1	39.2
Query_59681	XM_035714480.1	100.000	21	0	0	1	21	68	48	2.1	39.2
Query_59681	XM_035714479.1	100.000	21	0	0	1	21	71	51	2.1	39.2
Query_59681	XM_025437022.2	100.000	21	0	0	1	21	343	323	2.1	39.2


