# blastn
# Iteration: 0
# Query: 
# RID: 7R3550KR013
# Database: nt
# Fields: query acc.ver, subject acc.ver, % identity, alignment length, mismatches, gap opens, q. start, q. end, s. start, s. end, evalue, bit score
# 54 hits found
Query_6543	XM_027952015.2	100.000	21	0	0	1	21	229	209	2.1	39.2
Query_6543	XM_027952014.2	100.000	21	0	0	1	21	229	209	2.1	39.2
Query_6543	XM_027952013.2	100.000	21	0	0	1	21	229	209	2.1	39.2
Query_6543	XM_034489573.1	100.000	21	0	0	1	21	497	477	2.1	39.2
Query_6543	XM_034489572.1	100.000	21	0	0	1	21	497	477	2.1	39.2
Query_6543	XM_034489571.1	100.000	21	0	0	1	21	497	477	2.1	39.2
Query_6543	XM_034489570.1	100.000	21	0	0	1	21	336	316	2.1	39.2
Query_6543	XM_032887115.1	100.000	21	0	0	1	21	192	172	2.1	39.2
Query_6543	XM_032887114.1	100.000	21	0	0	1	21	296	276	2.1	39.2
Query_6543	XM_032887113.1	100.000	21	0	0	1	21	260	240	2.1	39.2
Query_6543	XM_032887111.1	100.000	21	0	0	1	21	260	240	2.1	39.2
Query_6543	XM_032887110.1	100.000	21	0	0	1	21	260	240	2.1	39.2
Query_6543	XM_028777391.1	100.000	21	0	0	1	21	300	280	2.1	39.2
Query_6543	XM_028777390.1	100.000	21	0	0	1	21	300	280	2.1	39.2
Query_6543	XM_028777389.1	100.000	21	0	0	1	21	300	280	2.1	39.2
Query_6543	XM_028777387.1	100.000	21	0	0	1	21	336	316	2.1	39.2
Query_6543	XM_021186845.1	100.000	21	0	0	1	21	301	281	2.1	39.2
Query_6543	XM_021186844.1	100.000	21	0	0	1	21	301	281	2.1	39.2
Query_6543	XM_021186843.1	100.000	21	0	0	1	21	479	459	2.1	39.2
Query_6543	XM_021186842.1	100.000	21	0	0	1	21	337	317	2.1	39.2
Query_6543	XM_021073953.1	100.000	21	0	0	1	21	382	362	2.1	39.2
Query_6543	XM_021073952.1	100.000	21	0	0	1	21	436	416	2.1	39.2
Query_6543	XM_021073951.1	100.000	21	0	0	1	21	406	386	2.1	39.2
Query_6543	XM_021073950.1	100.000	21	0	0	1	21	401	381	2.1	39.2
Query_6543	XM_021073949.1	100.000	21	0	0	1	21	367	347	2.1	39.2
Query_6543	XM_021073948.1	100.000	21	0	0	1	21	386	366	2.1	39.2
Query_6543	XM_021073947.1	100.000	21	0	0	1	21	457	437	2.1	39.2
Query_6543	XM_021073946.1	100.000	21	0	0	1	21	397	377	2.1	39.2
Query_6543	XM_021073945.1	100.000	21	0	0	1	21	432	412	2.1	39.2
Query_6543	XR_005491585.1	100.000	21	0	0	1	21	527	507	2.1	39.2
Query_6543	XM_039089009.1	100.000	21	0	0	1	21	88	68	2.1	39.2
Query_6543	XM_039089008.1	100.000	21	0	0	1	21	225	205	2.1	39.2
Query_6543	XM_039089007.1	100.000	21	0	0	1	21	204	184	2.1	39.2
Query_6543	XM_008769306.3	100.000	21	0	0	1	21	169	149	2.1	39.2
Query_6543	XM_017598236.2	100.000	21	0	0	1	21	527	507	2.1	39.2
Query_6543	XM_006249517.4	100.000	21	0	0	1	21	491	471	2.1	39.2
Query_6543	XM_006249516.4	100.000	21	0	0	1	21	527	507	2.1	39.2
Query_6543	XM_039089005.1	100.000	21	0	0	1	21	527	507	2.1	39.2
Query_6543	XM_017598235.2	100.000	21	0	0	1	21	395	375	2.1	39.2
Query_6543	XM_008769305.3	100.000	21	0	0	1	21	491	471	2.1	39.2
Query_6543	XM_017598234.2	100.000	21	0	0	1	21	527	507	2.1	39.2
Query_6543	XM_006249515.4	100.000	21	0	0	1	21	527	507	2.1	39.2
Query_6543	NM_053656.3	100.000	21	0	0	1	21	218	198	2.1	39.2
Query_6543	LR877230.1	100.000	21	0	0	1	21	65620484	65620464	2.1	39.2
Query_6543	AF064549.1	100.000	21	0	0	1	21	161	141	2.1	39.2
Query_6543	AF020759.1	100.000	21	0	0	1	21	180	160	2.1	39.2
Query_6543	AF020758.1	100.000	21	0	0	1	21	339	319	2.1	39.2
Query_6543	AF020757.1	100.000	21	0	0	1	21	245	225	2.1	39.2
Query_6543	AF020756.1	100.000	21	0	0	1	21	199	179	2.1	39.2
Query_6543	Y10475.1	100.000	21	0	0	1	21	254	234	2.1	39.2
Query_6543	Y10474.1	100.000	21	0	0	1	21	200	180	2.1	39.2
Query_6543	Y10473.1	100.000	21	0	0	1	21	218	198	2.1	39.2
Query_6543	Y09910.1	100.000	21	0	0	1	21	319	299	2.1	39.2
Query_6543	U14414.1	100.000	21	0	0	1	21	218	198	2.1	39.2


