# blastn
# Iteration: 0
# Query: 
# RID: 7RHT79HM016
# Database: nt
# Fields: query acc.ver, subject acc.ver, % identity, alignment length, mismatches, gap opens, q. start, q. end, s. start, s. end, evalue, bit score
# 100 hits found
Query_43743	XR_004676345.1	100.000	21	0	0	1	21	555	535	2.1	39.2
Query_43743	XM_034989324.1	100.000	21	0	0	1	21	553	533	2.1	39.2
Query_43743	XM_034941314.1	100.000	21	0	0	1	21	602	582	2.1	39.2
Query_43743	XM_034870940.1	100.000	21	0	0	1	21	466	446	2.1	39.2
Query_43743	XM_034647198.1	100.000	21	0	0	1	21	243	223	2.1	39.2
Query_43743	XM_034647197.1	100.000	21	0	0	1	21	1097	1077	2.1	39.2
Query_43743	XM_034541851.1	100.000	21	0	0	1	21	405	385	2.1	39.2
Query_43743	XM_019926857.2	100.000	21	0	0	1	21	612	592	2.1	39.2
Query_43743	XR_004523990.1	100.000	21	0	0	1	21	615	595	2.1	39.2
Query_43743	XR_004523989.1	100.000	21	0	0	1	21	615	595	2.1	39.2
Query_43743	XM_019926856.2	100.000	21	0	0	1	21	609	589	2.1	39.2
Query_43743	XM_033618956.1	100.000	21	0	0	1	21	261	241	2.1	39.2
Query_43743	XM_004267021.3	100.000	21	0	0	1	21	612	592	2.1	39.2
Query_43743	XR_004481917.1	100.000	21	0	0	1	21	622	602	2.1	39.2
Query_43743	XR_004481916.1	100.000	21	0	0	1	21	622	602	2.1	39.2
Query_43743	XM_033423172.1	100.000	21	0	0	1	21	617	597	2.1	39.2
Query_43743	XR_004430887.1	100.000	21	0	0	1	21	333	313	2.1	39.2
Query_43743	XR_004430886.1	100.000	21	0	0	1	21	586	566	2.1	39.2
Query_43743	XR_004430885.1	100.000	21	0	0	1	21	556	536	2.1	39.2
Query_43743	XR_004430884.1	100.000	21	0	0	1	21	462	442	2.1	39.2
Query_43743	XR_004430883.1	100.000	21	0	0	1	21	433	413	2.1	39.2
Query_43743	XM_033185036.1	100.000	21	0	0	1	21	617	597	2.1	39.2
Query_43743	XM_033090559.1	100.000	21	0	0	1	21	732	712	2.1	39.2
Query_43743	XM_032616401.1	100.000	21	0	0	1	21	627	607	2.1	39.2
Query_43743	XM_032515807.1	100.000	21	0	0	1	21	468	448	2.1	39.2
Query_43743	XM_032511686.1	100.000	21	0	0	1	21	468	448	2.1	39.2
Query_43743	XM_032498029.1	100.000	21	0	0	1	21	610	590	2.1	39.2
Query_43743	XM_032431655.1	100.000	21	0	0	1	21	609	589	2.1	39.2
Query_43743	XR_004266175.1	100.000	21	0	0	1	21	689	669	2.1	39.2
Query_43743	XM_032271694.1	100.000	21	0	0	1	21	198	178	2.1	39.2
Query_43743	XM_032138345.1	100.000	21	0	0	1	21	620	600	2.1	39.2
Query_43743	XM_031955531.1	100.000	21	0	0	1	21	683	663	2.1	39.2
Query_43743	XM_023184506.2	100.000	21	0	0	1	21	608	588	2.1	39.2
Query_43743	XR_004179314.1	100.000	21	0	0	1	21	941	921	2.1	39.2
Query_43743	XR_004179313.1	100.000	21	0	0	1	21	333	313	2.1	39.2
Query_43743	XM_003912123.3	100.000	21	0	0	1	21	611	591	2.1	39.2
Query_43743	XM_017950278.3	100.000	21	0	0	1	21	449	429	2.1	39.2
Query_43743	XM_031469532.1	100.000	21	0	0	1	21	610	590	2.1	39.2
Query_43743	XM_006748196.2	100.000	21	0	0	1	21	264	244	2.1	39.2
Query_43743	XM_004058312.3	100.000	21	0	0	1	21	611	591	2.1	39.2
Query_43743	XM_010382186.2	100.000	21	0	0	1	21	611	591	2.1	39.2
Query_43743	XM_030861713.1	100.000	21	0	0	1	21	612	592	2.1	39.2
Query_43743	XR_004040642.1	100.000	21	0	0	1	21	616	596	2.1	39.2
Query_43743	XR_004040641.1	100.000	21	0	0	1	21	616	596	2.1	39.2
Query_43743	XM_030861711.1	100.000	21	0	0	1	21	612	592	2.1	39.2
Query_43743	XM_030800357.1	100.000	21	0	0	1	21	611	591	2.1	39.2
Query_43743	XM_022595421.2	100.000	21	0	0	1	21	632	612	2.1	39.2
Query_43743	XM_030418005.1	100.000	21	0	0	1	21	407	387	2.1	39.2
Query_43743	XM_030296088.1	100.000	21	0	0	1	21	294	274	2.1	39.2
Query_43743	XM_030060343.1	100.000	21	0	0	1	21	421	401	2.1	39.2
Query_43743	XM_003974570.3	100.000	21	0	0	1	21	371	351	2.1	39.2
Query_43743	XM_029829106.1	100.000	21	0	0	1	21	571	551	2.1	39.2
Query_43743	XM_008855635.3	100.000	21	0	0	1	21	564	544	2.1	39.2
Query_43743	XM_029510331.1	100.000	21	0	0	1	21	374	354	2.1	39.2
Query_43743	XM_029211108.1	100.000	21	0	0	1	21	617	597	2.1	39.2
Query_43743	XR_001440232.2	100.000	21	0	0	1	21	704	684	2.1	39.2
Query_43743	XR_001440230.2	100.000	21	0	0	1	21	477	457	2.1	39.2
Query_43743	XM_015118270.2	100.000	21	0	0	1	21	606	586	2.1	39.2
Query_43743	XM_028835904.1	100.000	21	0	0	1	21	334	314	2.1	39.2
Query_43743	XM_028577186.1	100.000	21	0	0	1	21	579	559	2.1	39.2
Query_43743	XM_028534147.1	100.000	21	0	0	1	21	606	586	2.1	39.2
Query_43743	XM_028498186.1	100.000	21	0	0	1	21	616	596	2.1	39.2
Query_43743	XM_040453568.1	100.000	21	0	0	1	21	206	186	2.1	39.2
Query_43743	XM_040453567.1	100.000	21	0	0	1	21	261	241	2.1	39.2
Query_43743	XM_040270543.1	100.000	21	0	0	1	21	783	763	2.1	39.2
Query_43743	XM_040196764.1	100.000	21	0	0	1	21	380	360	2.1	39.2
Query_43743	XM_040156090.1	100.000	21	0	0	1	21	399	379	2.1	39.2
Query_43743	XR_005658082.1	100.000	21	0	0	1	21	434	414	2.1	39.2
Query_43743	XM_039886420.1	100.000	21	0	0	1	21	603	583	2.1	39.2
Query_43743	XM_039803275.1	100.000	21	0	0	1	21	394	374	2.1	39.2
Query_43743	XM_039476665.1	100.000	21	0	0	1	21	632	612	2.1	39.2
Query_43743	XM_038703727.1	100.000	21	0	0	1	21	375	355	2.1	39.2
Query_43743	XR_005236751.1	100.000	21	0	0	1	21	443	423	2.1	39.2
Query_43743	XR_005236750.1	100.000	21	0	0	1	21	431	411	2.1	39.2
Query_43743	XM_008009911.2	100.000	21	0	0	1	21	615	595	2.1	39.2
Query_43743	XM_017512180.2	100.000	21	0	0	1	21	604	584	2.1	39.2
Query_43743	XM_037495089.1	100.000	21	0	0	1	21	576	556	2.1	39.2
Query_43743	XM_037483216.1	100.000	21	0	0	1	21	413	393	2.1	39.2
Query_43743	XM_037483215.1	100.000	21	0	0	1	21	412	392	2.1	39.2
Query_43743	XM_037133033.1	100.000	21	0	0	1	21	609	589	2.1	39.2
Query_43743	XM_037029619.1	100.000	21	0	0	1	21	606	586	2.1	39.2
Query_43743	XM_036887031.1	100.000	21	0	0	1	21	343	323	2.1	39.2
Query_43743	XM_036838020.1	100.000	21	0	0	1	21	639	619	2.1	39.2
Query_43743	XM_036838019.1	100.000	21	0	0	1	21	691	671	2.1	39.2
Query_43743	XM_036734210.1	100.000	21	0	0	1	21	249	229	2.1	39.2
Query_43743	XM_036268448.1	100.000	21	0	0	1	21	505	485	2.1	39.2
Query_43743	XM_016138806.2	100.000	21	0	0	1	21	717	697	2.1	39.2
Query_43743	XM_036078415.1	100.000	21	0	0	1	21	572	552	2.1	39.2
Query_43743	XM_036078414.1	100.000	21	0	0	1	21	372	352	2.1	39.2
Query_43743	XM_036078412.1	100.000	21	0	0	1	21	372	352	2.1	39.2
Query_43743	XM_031302202.2	100.000	21	0	0	1	21	472	452	2.1	39.2
Query_43743	NM_003342.5	100.000	21	0	0	1	21	608	588	2.1	39.2
Query_43743	XM_027625410.2	100.000	21	0	0	1	21	582	562	2.1	39.2
Query_43743	XM_027625409.2	100.000	21	0	0	1	21	713	693	2.1	39.2
Query_43743	XM_027625408.2	100.000	21	0	0	1	21	402	382	2.1	39.2
Query_43743	XM_027625406.2	100.000	21	0	0	1	21	402	382	2.1	39.2
Query_43743	XM_035658392.1	100.000	21	0	0	1	21	433	413	2.1	39.2
Query_43743	XM_035638918.1	100.000	21	0	0	1	21	403	383	2.1	39.2
Query_43743	XR_004743113.1	100.000	21	0	0	1	21	700	680	2.1	39.2
Query_43743	XM_002747845.5	100.000	21	0	0	1	21	621	601	2.1	39.2


