# blastn
# Iteration: 0
# Query: 
# RID: 7RSHVR3G016
# Database: nt
# Fields: query acc.ver, subject acc.ver, % identity, alignment length, mismatches, gap opens, q. start, q. end, s. start, s. end, evalue, bit score
# 103 hits found
Query_2323	XM_040459764.1	100.000	21	0	0	1	21	205	185	2.1	39.2
Query_2323	XM_040459763.1	100.000	21	0	0	1	21	142	122	2.1	39.2
Query_2323	XM_040453115.1	100.000	21	0	0	1	21	130	110	2.1	39.2
Query_2323	XM_040483671.1	100.000	21	0	0	1	21	141	121	2.1	39.2
Query_2323	XM_013358595.3	100.000	21	0	0	1	21	117	97	2.1	39.2
Query_2323	XM_040275523.1	100.000	21	0	0	1	21	136	116	2.1	39.2
Query_2323	XM_040275522.1	100.000	21	0	0	1	21	133	113	2.1	39.2
Query_2323	XM_040275521.1	100.000	21	0	0	1	21	136	116	2.1	39.2
Query_2323	XR_005722423.1	100.000	21	0	0	1	21	245	225	2.1	39.2
Query_2323	XM_040248194.1	100.000	21	0	0	1	21	143	123	2.1	39.2
Query_2323	XM_040248193.1	100.000	21	0	0	1	21	118	98	2.1	39.2
Query_2323	XM_040248192.1	100.000	21	0	0	1	21	119	99	2.1	39.2
Query_2323	XM_040248190.1	100.000	21	0	0	1	21	185	165	2.1	39.2
Query_2323	XM_040248189.1	100.000	21	0	0	1	21	369	349	2.1	39.2
Query_2323	HG994414.1	100.000	21	0	0	1	21	24269007	24268987	2.1	39.2
Query_2323	HG994412.1	100.000	21	0	0	1	21	4440941	4440961	2.1	39.2
Query_2323	HG994407.1	100.000	21	0	0	1	21	38728574	38728594	2.1	39.2
Query_2323	HG994402.1	100.000	21	0	0	1	21	6182812	6182792	2.1	39.2
Query_2323	HG994399.1	100.000	21	0	0	1	21	14112992	14113012	2.1	39.2
Query_2323	HG994399.1	100.000	21	0	0	1	21	55249466	55249446	2.1	39.2
Query_2323	HG994392.1	100.000	21	0	0	1	21	46905554	46905534	2.1	39.2
Query_2323	HG994384.1	100.000	21	0	0	1	21	36595749	36595729	2.1	39.2
Query_2323	XM_039864588.1	100.000	21	0	0	1	21	135	115	2.1	39.2
Query_2323	XM_039864587.1	100.000	21	0	0	1	21	135	115	2.1	39.2
Query_2323	XM_039864584.1	100.000	21	0	0	1	21	203	183	2.1	39.2
Query_2323	XM_010343114.2	100.000	21	0	0	1	21	342	322	2.1	39.2
Query_2323	XM_039479769.1	100.000	21	0	0	1	21	178	158	2.1	39.2
Query_2323	XM_039479768.1	100.000	21	0	0	1	21	135	115	2.1	39.2
Query_2323	XM_039479767.1	100.000	21	0	0	1	21	178	158	2.1	39.2
Query_2323	XM_039477794.1	100.000	21	0	0	1	21	126	106	2.1	39.2
Query_2323	XM_039229992.1	100.000	21	0	0	1	21	114	94	2.1	39.2
Query_2323	XM_039229991.1	100.000	21	0	0	1	21	166	146	2.1	39.2
Query_2323	CP068258.1	100.000	21	0	0	1	21	51866502	51866522	2.1	39.2
Query_2323	CP068258.1	100.000	20	0	0	2	21	3393149	3393168	7.3	37.4
Query_2323	XM_038432767.1	100.000	21	0	0	1	21	178	158	2.1	39.2
Query_2323	XM_038687102.1	100.000	21	0	0	1	21	130	110	2.1	39.2
Query_2323	XM_037988979.1	100.000	21	0	0	1	21	152	132	2.1	39.2
Query_2323	XM_037983802.1	100.000	21	0	0	1	21	137	117	2.1	39.2
Query_2323	XM_008014329.2	100.000	21	0	0	1	21	140	120	2.1	39.2
Query_2323	XM_037982646.1	100.000	21	0	0	1	21	113	93	2.1	39.2
Query_2323	XM_008014322.2	100.000	21	0	0	1	21	409	389	2.1	39.2
Query_2323	XM_037982645.1	100.000	21	0	0	1	21	114	94	2.1	39.2
Query_2323	XM_008014318.2	100.000	21	0	0	1	21	269	249	2.1	39.2
Query_2323	XM_008014312.2	100.000	21	0	0	1	21	203	183	2.1	39.2
Query_2323	XM_037821188.1	100.000	21	0	0	1	21	139	119	2.1	39.2
Query_2323	XM_037810938.1	100.000	21	0	0	1	21	155	135	2.1	39.2
Query_2323	XM_037810538.1	100.000	21	0	0	1	21	163	143	2.1	39.2
Query_2323	XM_037799127.1	100.000	21	0	0	1	21	118	98	2.1	39.2
Query_2323	XM_037825966.1	100.000	21	0	0	1	21	118	98	2.1	39.2
Query_2323	XM_037734717.1	100.000	21	0	0	1	21	131	111	2.1	39.2
Query_2323	XR_001817404.2	100.000	21	0	0	1	21	118	98	2.1	39.2
Query_2323	XR_005202231.1	100.000	21	0	0	1	21	133	113	2.1	39.2
Query_2323	XM_037739054.1	100.000	21	0	0	1	21	579	559	2.1	39.2
Query_2323	XR_005200512.1	100.000	21	0	0	1	21	206	186	2.1	39.2
Query_2323	XR_005200511.1	100.000	21	0	0	1	21	206	186	2.1	39.2
Query_2323	XR_005200510.1	100.000	21	0	0	1	21	206	186	2.1	39.2
Query_2323	XR_005200509.1	100.000	21	0	0	1	21	206	186	2.1	39.2
Query_2323	XM_017529922.2	100.000	21	0	0	1	21	206	186	2.1	39.2
Query_2323	XM_017529921.2	100.000	21	0	0	1	21	206	186	2.1	39.2
Query_2323	XM_037500285.1	100.000	21	0	0	1	21	167	147	2.1	39.2
Query_2323	XM_037167230.1	100.000	21	0	0	1	21	495	475	2.1	39.2
Query_2323	XM_037059887.1	100.000	21	0	0	1	21	204	184	2.1	39.2
Query_2323	XM_017651907.2	100.000	21	0	0	1	21	237	217	2.1	39.2
Query_2323	XM_017651906.2	100.000	21	0	0	1	21	333	313	2.1	39.2
Query_2323	XM_017651904.2	100.000	21	0	0	1	21	225	205	2.1	39.2
Query_2323	XM_017651903.2	100.000	21	0	0	1	21	203	183	2.1	39.2
Query_2323	XM_036901999.1	100.000	21	0	0	1	21	226	206	2.1	39.2
Query_2323	XM_036901998.1	100.000	21	0	0	1	21	329	309	2.1	39.2
Query_2323	XM_036901997.1	100.000	21	0	0	1	21	115	95	2.1	39.2
Query_2323	XM_036901996.1	100.000	21	0	0	1	21	203	183	2.1	39.2
Query_2323	XM_036417747.1	100.000	21	0	0	1	21	82	62	2.1	39.2
Query_2323	XM_036417746.1	100.000	21	0	0	1	21	228	208	2.1	39.2
Query_2323	XM_036417745.1	100.000	21	0	0	1	21	184	164	2.1	39.2
Query_2323	XM_036417743.1	100.000	21	0	0	1	21	96	76	2.1	39.2
Query_2323	XM_036417742.1	100.000	21	0	0	1	21	227	207	2.1	39.2
Query_2323	XM_036323834.1	100.000	21	0	0	1	21	253	233	2.1	39.2
Query_2323	XR_004970150.1	100.000	21	0	0	1	21	253	233	2.1	39.2
Query_2323	XM_036323833.1	100.000	21	0	0	1	21	252	232	2.1	39.2
Query_2323	XM_036246753.1	100.000	21	0	0	1	21	118	98	2.1	39.2
Query_2323	XM_036244480.1	100.000	21	0	0	1	21	217	197	2.1	39.2
Query_2323	XM_036244479.1	100.000	21	0	0	1	21	148	128	2.1	39.2
Query_2323	XM_036244478.1	100.000	21	0	0	1	21	258	238	2.1	39.2
Query_2323	XM_036244476.1	100.000	21	0	0	1	21	170	150	2.1	39.2
Query_2323	XM_036244475.1	100.000	21	0	0	1	21	187	167	2.1	39.2
Query_2323	XM_036253164.1	100.000	21	0	0	1	21	118	98	2.1	39.2
Query_2323	XM_036229301.1	100.000	21	0	0	1	21	135	115	2.1	39.2
Query_2323	XM_016143743.2	100.000	21	0	0	1	21	135	115	2.1	39.2
Query_2323	XM_016143742.2	100.000	21	0	0	1	21	194	174	2.1	39.2
Query_2323	AP023480.1	100.000	21	0	0	1	21	48159172	48159192	2.1	39.2
Query_2323	AP023480.1	100.000	20	0	0	2	21	3287935	3287954	7.3	37.4
Query_2323	XM_036064668.1	100.000	21	0	0	1	21	64	44	2.1	39.2
Query_2323	XM_036064667.1	100.000	21	0	0	1	21	450	430	2.1	39.2
Query_2323	XM_036064666.1	100.000	21	0	0	1	21	167	147	2.1	39.2
Query_2323	XM_036064665.1	100.000	21	0	0	1	21	116	96	2.1	39.2
Query_2323	XM_028523955.2	100.000	21	0	0	1	21	203	183	2.1	39.2
Query_2323	NR_104218.2	100.000	21	0	0	1	21	414	394	2.1	39.2
Query_2323	NM_001282580.2	100.000	21	0	0	1	21	140	120	2.1	39.2
Query_2323	NM_001257398.2	100.000	21	0	0	1	21	279	259	2.1	39.2
Query_2323	NM_001282579.2	100.000	21	0	0	1	21	240	220	2.1	39.2
Query_2323	NM_001282576.2	100.000	21	0	0	1	21	414	394	2.1	39.2
Query_2323	XM_035705783.1	100.000	21	0	0	1	21	239	219	2.1	39.2
Query_2323	XM_025470385.2	100.000	21	0	0	1	21	203	183	2.1	39.2
Query_2323	XM_027621509.2	100.000	21	0	0	1	21	171	151	2.1	39.2


