# blastn
# Iteration: 0
# Query: 
# RID: 6MFF1UCW01R
# Database: nt
# Fields: query acc.ver, subject acc.ver, % identity, alignment length, mismatches, gap opens, q. start, q. end, s. start, s. end, evalue, bit score
# 100 hits found
Query_468249	XM_005325742.4	100.000	21	0	0	1	21	390	370	2.0	39.2
Query_468249	XM_040293037.1	100.000	21	0	0	1	21	281	261	2.0	39.2
Query_468249	XM_005325741.4	100.000	21	0	0	1	21	418	398	2.0	39.2
Query_468249	XM_040266533.1	100.000	21	0	0	1	21	329	309	2.0	39.2
Query_468249	XM_040237783.1	100.000	21	0	0	1	21	138	118	2.0	39.2
Query_468249	XM_040237782.1	100.000	21	0	0	1	21	123	103	2.0	39.2
Query_468249	XR_005720632.1	100.000	21	0	0	1	21	414	394	2.0	39.2
Query_468249	XM_040237780.1	100.000	21	0	0	1	21	510	490	2.0	39.2
Query_468249	XM_040237779.1	100.000	21	0	0	1	21	389	369	2.0	39.2
Query_468249	XM_040237778.1	100.000	21	0	0	1	21	414	394	2.0	39.2
Query_468249	XM_040237777.1	100.000	21	0	0	1	21	525	505	2.0	39.2
Query_468249	XM_040237776.1	100.000	21	0	0	1	21	513	493	2.0	39.2
Query_468249	XM_040237775.1	100.000	21	0	0	1	21	427	407	2.0	39.2
Query_468249	XM_040237774.1	100.000	21	0	0	1	21	403	383	2.0	39.2
Query_468249	XM_040237773.1	100.000	21	0	0	1	21	426	406	2.0	39.2
Query_468249	XM_040237772.1	100.000	21	0	0	1	21	289	269	2.0	39.2
Query_468249	XM_040237771.1	100.000	21	0	0	1	21	348	328	2.0	39.2
Query_468249	XM_040237769.1	100.000	21	0	0	1	21	427	407	2.0	39.2
Query_468249	XM_040237768.1	100.000	21	0	0	1	21	401	381	2.0	39.2
Query_468249	XM_040237767.1	100.000	21	0	0	1	21	414	394	2.0	39.2
Query_468249	HG994411.1	100.000	21	0	0	1	21	15574336	15574356	2.0	39.2
Query_468249	HG994404.1	100.000	21	0	0	1	21	45910602	45910622	2.0	39.2
Query_468249	XM_039848730.1	100.000	21	0	0	1	21	472	452	2.0	39.2
Query_468249	XM_039848729.1	100.000	21	0	0	1	21	404	384	2.0	39.2
Query_468249	XM_039848728.1	100.000	21	0	0	1	21	388	368	2.0	39.2
Query_468249	XM_039848727.1	100.000	21	0	0	1	21	399	379	2.0	39.2
Query_468249	XM_039848726.1	100.000	21	0	0	1	21	581	561	2.0	39.2
Query_468249	XM_039848725.1	100.000	21	0	0	1	21	415	395	2.0	39.2
Query_468249	XM_003929504.3	100.000	21	0	0	1	21	490	470	2.0	39.2
Query_468249	XM_003929505.3	100.000	21	0	0	1	21	617	597	2.0	39.2
Query_468249	XM_003929502.3	100.000	21	0	0	1	21	425	405	2.0	39.2
Query_468249	XM_010340110.2	100.000	21	0	0	1	21	490	470	2.0	39.2
Query_468249	XM_010340111.2	100.000	21	0	0	1	21	617	597	2.0	39.2
Query_468249	XM_010340109.2	100.000	21	0	0	1	21	425	405	2.0	39.2
Query_468249	XM_039220817.1	100.000	21	0	0	1	21	334	314	2.0	39.2
Query_468249	XM_039220816.1	100.000	21	0	0	1	21	386	366	2.0	39.2
Query_468249	XM_039220815.1	100.000	21	0	0	1	21	365	345	2.0	39.2
Query_468249	XM_006233338.3	100.000	21	0	0	1	21	399	379	2.0	39.2
Query_468249	XM_006233337.3	100.000	21	0	0	1	21	573	553	2.0	39.2
Query_468249	XM_006233336.4	100.000	21	0	0	1	21	420	400	2.0	39.2
Query_468249	XM_006233335.3	100.000	21	0	0	1	21	399	379	2.0	39.2
Query_468249	XM_006233334.3	100.000	21	0	0	1	21	543	523	2.0	39.2
Query_468249	XM_006233333.3	100.000	21	0	0	1	21	420	400	2.0	39.2
Query_468249	XM_038444267.1	100.000	21	0	0	1	21	403	383	2.0	39.2
Query_468249	XM_038444266.1	100.000	21	0	0	1	21	422	402	2.0	39.2
Query_468249	XM_038444265.1	100.000	21	0	0	1	21	399	379	2.0	39.2
Query_468249	XM_038444264.1	100.000	21	0	0	1	21	391	371	2.0	39.2
Query_468249	XM_038444263.1	100.000	21	0	0	1	21	405	385	2.0	39.2
Query_468249	XM_038444262.1	100.000	21	0	0	1	21	430	410	2.0	39.2
Query_468249	XM_038444261.1	100.000	21	0	0	1	21	422	402	2.0	39.2
Query_468249	XM_038462042.1	100.000	21	0	0	1	21	403	383	2.0	39.2
Query_468249	XM_005642458.4	100.000	21	0	0	1	21	422	402	2.0	39.2
Query_468249	XM_038462041.1	100.000	21	0	0	1	21	399	379	2.0	39.2
Query_468249	XM_038462040.1	100.000	21	0	0	1	21	392	372	2.0	39.2
Query_468249	XM_038462039.1	100.000	21	0	0	1	21	405	385	2.0	39.2
Query_468249	XM_038462038.1	100.000	21	0	0	1	21	426	406	2.0	39.2
Query_468249	XM_038462037.1	100.000	21	0	0	1	21	422	402	2.0	39.2
Query_468249	XM_038310764.1	100.000	21	0	0	1	21	373	353	2.0	39.2
Query_468249	XM_038310763.1	100.000	21	0	0	1	21	417	397	2.0	39.2
Query_468249	XM_038310762.1	100.000	21	0	0	1	21	446	426	2.0	39.2
Query_468249	XM_037850263.1	100.000	21	0	0	1	21	125	105	2.0	39.2
Query_468249	XM_037830359.1	100.000	21	0	0	1	21	362	342	2.0	39.2
Query_468249	XM_037830358.1	100.000	21	0	0	1	21	373	353	2.0	39.2
Query_468249	XM_037830357.1	100.000	21	0	0	1	21	335	315	2.0	39.2
Query_468249	XM_037830356.1	100.000	21	0	0	1	21	387	367	2.0	39.2
Query_468249	XM_037830355.1	100.000	21	0	0	1	21	406	386	2.0	39.2
Query_468249	XR_005197369.1	100.000	21	0	0	1	21	267	247	2.0	39.2
Query_468249	XM_017508657.2	100.000	21	0	0	1	21	490	470	2.0	39.2
Query_468249	XM_017508656.2	100.000	21	0	0	1	21	620	600	2.0	39.2
Query_468249	XM_017508655.2	100.000	21	0	0	1	21	394	374	2.0	39.2
Query_468249	XM_017508652.2	100.000	21	0	0	1	21	382	362	2.0	39.2
Query_468249	XM_017508651.2	100.000	21	0	0	1	21	571	551	2.0	39.2
Query_468249	XM_017508650.2	100.000	21	0	0	1	21	690	670	2.0	39.2
Query_468249	XR_001825684.2	100.000	21	0	0	1	21	331	311	2.0	39.2
Query_468249	XM_037509625.1	100.000	21	0	0	1	21	364	344	2.0	39.2
Query_468249	XM_037509624.1	100.000	21	0	0	1	21	314	294	2.0	39.2
Query_468249	XM_037509623.1	100.000	21	0	0	1	21	372	352	2.0	39.2
Query_468249	XM_037207130.1	100.000	21	0	0	1	21	187	167	2.0	39.2
Query_468249	XM_028857385.2	100.000	21	0	0	1	21	403	383	2.0	39.2
Query_468249	XM_028857378.2	100.000	21	0	0	1	21	364	344	2.0	39.2
Query_468249	XM_028857369.2	100.000	21	0	0	1	21	453	433	2.0	39.2
Query_468249	XM_028857360.2	100.000	21	0	0	1	21	405	385	2.0	39.2
Query_468249	XM_037199050.1	100.000	21	0	0	1	21	254	234	2.0	39.2
Query_468249	XM_037020228.1	100.000	21	0	0	1	21	404	384	2.0	39.2
Query_468249	XM_017654247.2	100.000	21	0	0	1	21	407	387	2.0	39.2
Query_468249	XM_017654245.2	100.000	21	0	0	1	21	398	378	2.0	39.2
Query_468249	XM_017654246.2	100.000	21	0	0	1	21	464	444	2.0	39.2
Query_468249	XM_017654243.2	100.000	21	0	0	1	21	404	384	2.0	39.2
Query_468249	XM_036879212.1	100.000	21	0	0	1	21	129	109	2.0	39.2
Query_468249	XM_036879210.1	100.000	21	0	0	1	21	398	378	2.0	39.2
Query_468249	XM_036879209.1	100.000	21	0	0	1	21	280	260	2.0	39.2
Query_468249	XM_036879208.1	100.000	21	0	0	1	21	398	378	2.0	39.2
Query_468249	XM_036879207.1	100.000	21	0	0	1	21	404	384	2.0	39.2
Query_468249	XM_036879206.1	100.000	21	0	0	1	21	398	378	2.0	39.2
Query_468249	XM_036918460.1	100.000	21	0	0	1	21	371	351	2.0	39.2
Query_468249	XM_036853637.1	100.000	21	0	0	1	21	369	349	2.0	39.2
Query_468249	XM_036853636.1	100.000	21	0	0	1	21	360	340	2.0	39.2
Query_468249	XM_036853635.1	100.000	21	0	0	1	21	419	399	2.0	39.2
Query_468249	XM_036853634.1	100.000	21	0	0	1	21	414	394	2.0	39.2
Query_468249	XM_036853633.1	100.000	21	0	0	1	21	379	359	2.0	39.2


