# blastn
# Iteration: 0
# Query: 
# RID: 9PUJKS29016
# Database: nt
# Fields: query acc.ver, subject acc.ver, % identity, alignment length, mismatches, gap opens, q. start, q. end, s. start, s. end, evalue, bit score
# 100 hits found
Query_60183	XR_003923015.2	100.000	21	0	0	1	21	388	368	2.1	39.2
Query_60183	XM_030011773.2	100.000	21	0	0	1	21	388	368	2.1	39.2
Query_60183	XM_040741411.1	100.000	21	0	0	1	21	401	381	2.1	39.2
Query_60183	XM_008710808.2	100.000	21	0	0	1	21	424	404	2.1	39.2
Query_60183	XM_008710807.2	100.000	21	0	0	1	21	423	403	2.1	39.2
Query_60183	XM_040625540.1	100.000	21	0	0	1	21	425	405	2.1	39.2
Query_60183	XR_005833614.1	100.000	21	0	0	1	21	425	405	2.1	39.2
Query_60183	XM_040625539.1	100.000	21	0	0	1	21	425	405	2.1	39.2
Query_60183	XM_040585629.1	100.000	21	0	0	1	21	424	404	2.1	39.2
Query_60183	XM_040585628.1	100.000	21	0	0	1	21	587	567	2.1	39.2
Query_60183	XR_005826679.1	100.000	21	0	0	1	21	410	390	2.1	39.2
Query_60183	XM_040585626.1	100.000	21	0	0	1	21	410	390	2.1	39.2
Query_60183	XM_040487575.1	100.000	21	0	0	1	21	382	362	2.1	39.2
Query_60183	XM_040293935.1	100.000	21	0	0	1	21	361	341	2.1	39.2
Query_60183	XM_005335831.3	100.000	21	0	0	1	21	389	369	2.1	39.2
Query_60183	XM_040262050.1	100.000	21	0	0	1	21	382	362	2.1	39.2
Query_60183	HG994412.1	100.000	21	0	0	1	21	24627085	24627105	2.1	39.2
Query_60183	XM_039571522.1	100.000	21	0	0	1	21	375	355	2.1	39.2
Query_60183	XM_039571520.1	100.000	21	0	0	1	21	322	302	2.1	39.2
Query_60183	XM_039571516.1	100.000	21	0	0	1	21	325	305	2.1	39.2
Query_60183	XM_039524425.1	100.000	21	0	0	1	21	401	381	2.1	39.2
Query_60183	XM_039524424.1	100.000	21	0	0	1	21	400	380	2.1	39.2
Query_60183	XM_039524423.1	100.000	21	0	0	1	21	402	382	2.1	39.2
Query_60183	XM_039524422.1	100.000	21	0	0	1	21	402	382	2.1	39.2
Query_60183	XM_003940686.2	100.000	21	0	0	1	21	383	363	2.1	39.2
Query_60183	XM_039238384.1	100.000	21	0	0	1	21	298	278	2.1	39.2
Query_60183	XM_039238383.1	100.000	21	0	0	1	21	382	362	2.1	39.2
Query_60183	XM_038441410.1	100.000	21	0	0	1	21	455	435	2.1	39.2
Query_60183	XM_038441409.1	100.000	21	0	0	1	21	389	369	2.1	39.2
Query_60183	XM_038441408.1	100.000	21	0	0	1	21	389	369	2.1	39.2
Query_60183	XM_038441407.1	100.000	21	0	0	1	21	389	369	2.1	39.2
Query_60183	XM_038460825.1	100.000	21	0	0	1	21	455	435	2.1	39.2
Query_60183	XM_544128.6	100.000	21	0	0	1	21	389	369	2.1	39.2
Query_60183	XM_022412442.2	100.000	21	0	0	1	21	389	369	2.1	39.2
Query_60183	XM_022412441.2	100.000	21	0	0	1	21	389	369	2.1	39.2
Query_60183	XM_038392137.1	100.000	21	0	0	1	21	666	646	2.1	39.2
Query_60183	XM_038392136.1	100.000	21	0	0	1	21	474	454	2.1	39.2
Query_60183	XM_038392135.1	100.000	21	0	0	1	21	459	439	2.1	39.2
Query_60183	XM_038347775.1	100.000	21	0	0	1	21	335	315	2.1	39.2
Query_60183	XR_005255694.1	100.000	21	0	0	1	21	348	328	2.1	39.2
Query_60183	XM_038126984.1	100.000	21	0	0	1	21	265	245	2.1	39.2
Query_60183	XM_038126983.1	100.000	21	0	0	1	21	348	328	2.1	39.2
Query_60183	XM_038126982.1	100.000	21	0	0	1	21	310	290	2.1	39.2
Query_60183	XM_038126981.1	100.000	21	0	0	1	21	349	329	2.1	39.2
Query_60183	XM_008000897.2	100.000	21	0	0	1	21	430	410	2.1	39.2
Query_60183	XM_038000381.1	100.000	21	0	0	1	21	481	461	2.1	39.2
Query_60183	XM_008000899.2	100.000	21	0	0	1	21	403	383	2.1	39.2
Query_60183	XM_037892427.1	100.000	21	0	0	1	21	414	394	2.1	39.2
Query_60183	XM_037892426.1	100.000	21	0	0	1	21	384	364	2.1	39.2
Query_60183	XM_037892425.1	100.000	21	0	0	1	21	414	394	2.1	39.2
Query_60183	XM_037892424.1	100.000	21	0	0	1	21	414	394	2.1	39.2
Query_60183	XM_037892423.1	100.000	21	0	0	1	21	414	394	2.1	39.2
Query_60183	XM_037830081.1	100.000	21	0	0	1	21	319	299	2.1	39.2
Query_60183	XM_037802819.1	100.000	21	0	0	1	21	310	290	2.1	39.2
Query_60183	XM_037802818.1	100.000	21	0	0	1	21	320	300	2.1	39.2
Query_60183	XM_037735437.1	100.000	21	0	0	1	21	336	316	2.1	39.2
Query_60183	XM_017520170.2	100.000	21	0	0	1	21	376	356	2.1	39.2
Query_60183	XM_017520171.2	100.000	21	0	0	1	21	383	363	2.1	39.2
Query_60183	XM_037505287.1	100.000	21	0	0	1	21	664	644	2.1	39.2
Query_60183	XM_037505278.1	100.000	21	0	0	1	21	396	376	2.1	39.2
Query_60183	XM_037505272.1	100.000	21	0	0	1	21	383	363	2.1	39.2
Query_60183	XM_037379052.1	100.000	21	0	0	1	21	426	406	2.1	39.2
Query_60183	XM_037379051.1	100.000	21	0	0	1	21	586	566	2.1	39.2
Query_60183	XR_005102966.1	100.000	21	0	0	1	21	410	390	2.1	39.2
Query_60183	XM_037379050.1	100.000	21	0	0	1	21	410	390	2.1	39.2
Query_60183	XM_037206429.1	100.000	21	0	0	1	21	388	368	2.1	39.2
Query_60183	XM_028864631.2	100.000	21	0	0	1	21	387	367	2.1	39.2
Query_60183	XM_037150958.1	100.000	21	0	0	1	21	369	349	2.1	39.2
Query_60183	XM_037150957.1	100.000	21	0	0	1	21	369	349	2.1	39.2
Query_60183	XM_037150956.1	100.000	21	0	0	1	21	369	349	2.1	39.2
Query_60183	XM_037150955.1	100.000	21	0	0	1	21	495	475	2.1	39.2
Query_60183	XM_037150954.1	100.000	21	0	0	1	21	538	518	2.1	39.2
Query_60183	XM_037150953.1	100.000	21	0	0	1	21	1218	1198	2.1	39.2
Query_60183	XM_037150952.1	100.000	21	0	0	1	21	402	382	2.1	39.2
Query_60183	XM_037150950.1	100.000	21	0	0	1	21	369	349	2.1	39.2
Query_60183	XM_037039733.1	100.000	21	0	0	1	21	509	489	2.1	39.2
Query_60183	XM_037039732.1	100.000	21	0	0	1	21	416	396	2.1	39.2
Query_60183	XM_037039731.1	100.000	21	0	0	1	21	397	377	2.1	39.2
Query_60183	XM_037039730.1	100.000	21	0	0	1	21	397	377	2.1	39.2
Query_60183	XM_037039729.1	100.000	21	0	0	1	21	397	377	2.1	39.2
Query_60183	XM_037039728.1	100.000	21	0	0	1	21	397	377	2.1	39.2
Query_60183	XM_037039727.1	100.000	21	0	0	1	21	397	377	2.1	39.2
Query_60183	XM_036997962.1	100.000	21	0	0	1	21	426	406	2.1	39.2
Query_60183	XM_036997961.1	100.000	21	0	0	1	21	388	368	2.1	39.2
Query_60183	XM_036887525.1	100.000	21	0	0	1	21	426	406	2.1	39.2
Query_60183	XM_036887524.1	100.000	21	0	0	1	21	385	365	2.1	39.2
Query_60183	XM_036437154.1	100.000	21	0	0	1	21	388	368	2.1	39.2
Query_60183	XM_036338550.1	100.000	21	0	0	1	21	364	344	2.1	39.2
Query_60183	XM_036338549.1	100.000	21	0	0	1	21	364	344	2.1	39.2
Query_60183	XM_036338548.1	100.000	21	0	0	1	21	364	344	2.1	39.2
Query_60183	XM_036338547.1	100.000	21	0	0	1	21	364	344	2.1	39.2
Query_60183	XM_036263809.1	100.000	21	0	0	1	21	383	363	2.1	39.2
Query_60183	XM_006495557.5	100.000	21	0	0	1	21	489	469	2.1	39.2
Query_60183	XR_003946406.2	100.000	21	0	0	1	21	8773	8753	2.1	39.2
Query_60183	XR_004934078.1	100.000	21	0	0	1	21	8803	8783	2.1	39.2
Query_60183	XM_036065339.1	100.000	21	0	0	1	21	397	377	2.1	39.2
Query_60183	XM_028517848.2	100.000	21	0	0	1	21	395	375	2.1	39.2
Query_60183	XM_036031029.1	100.000	21	0	0	1	21	395	375	2.1	39.2
Query_60183	XM_036031028.1	100.000	21	0	0	1	21	395	375	2.1	39.2
Query_60183	XM_035890058.1	100.000	21	0	0	1	21	350	330	2.1	39.2


