# blastn
# Iteration: 0
# Query: 
# RID: 7R378M4G016
# Database: nt
# Fields: query acc.ver, subject acc.ver, % identity, alignment length, mismatches, gap opens, q. start, q. end, s. start, s. end, evalue, bit score
# 100 hits found
Query_15501	XM_034934931.1	100.000	21	0	0	1	21	204	184	2.1	39.2
Query_15501	XM_034934930.1	100.000	21	0	0	1	21	136	116	2.1	39.2
Query_15501	XM_034934928.1	100.000	21	0	0	1	21	239	219	2.1	39.2
Query_15501	XM_034934927.1	100.000	21	0	0	1	21	204	184	2.1	39.2
Query_15501	XM_034934926.1	100.000	21	0	0	1	21	239	219	2.1	39.2
Query_15501	XM_034934924.1	100.000	21	0	0	1	21	136	116	2.1	39.2
Query_15501	XM_034934923.1	100.000	21	0	0	1	21	239	219	2.1	39.2
Query_15501	XM_034934917.1	100.000	21	0	0	1	21	1228	1208	2.1	39.2
Query_15501	XM_034934916.1	100.000	21	0	0	1	21	1218	1198	2.1	39.2
Query_15501	XM_034934915.1	100.000	21	0	0	1	21	1227	1207	2.1	39.2
Query_15501	XM_034934914.1	100.000	21	0	0	1	21	1218	1198	2.1	39.2
Query_15501	XM_034934913.1	100.000	21	0	0	1	21	1224	1204	2.1	39.2
Query_15501	XM_034934912.1	100.000	21	0	0	1	21	1219	1199	2.1	39.2
Query_15501	XM_034489573.1	100.000	21	0	0	1	21	483	463	2.1	39.2
Query_15501	XM_034489572.1	100.000	21	0	0	1	21	483	463	2.1	39.2
Query_15501	XM_034489571.1	100.000	21	0	0	1	21	483	463	2.1	39.2
Query_15501	XM_034489570.1	100.000	21	0	0	1	21	322	302	2.1	39.2
Query_15501	XM_033220016.1	100.000	21	0	0	1	21	191	171	2.1	39.2
Query_15501	XM_033220015.1	100.000	21	0	0	1	21	259	239	2.1	39.2
Query_15501	XM_032887115.1	100.000	21	0	0	1	21	178	158	2.1	39.2
Query_15501	XM_032887114.1	100.000	21	0	0	1	21	282	262	2.1	39.2
Query_15501	XM_032887113.1	100.000	21	0	0	1	21	246	226	2.1	39.2
Query_15501	XM_032887111.1	100.000	21	0	0	1	21	246	226	2.1	39.2
Query_15501	XM_032887110.1	100.000	21	0	0	1	21	246	226	2.1	39.2
Query_15501	XM_032271385.1	100.000	21	0	0	1	21	142	122	2.1	39.2
Query_15501	XM_032271384.1	100.000	21	0	0	1	21	239	219	2.1	39.2
Query_15501	XM_032271383.1	100.000	21	0	0	1	21	214	194	2.1	39.2
Query_15501	XM_032271382.1	100.000	21	0	0	1	21	239	219	2.1	39.2
Query_15501	XM_032168223.1	100.000	21	0	0	1	21	239	219	2.1	39.2
Query_15501	XM_032168221.1	100.000	21	0	0	1	21	239	219	2.1	39.2
Query_15501	XM_032168220.1	100.000	21	0	0	1	21	239	219	2.1	39.2
Query_15501	XM_032168219.1	100.000	21	0	0	1	21	239	219	2.1	39.2
Query_15501	XM_032168218.1	100.000	21	0	0	1	21	239	219	2.1	39.2
Query_15501	XM_023196793.3	100.000	21	0	0	1	21	204	184	2.1	39.2
Query_15501	XM_023196792.3	100.000	21	0	0	1	21	204	184	2.1	39.2
Query_15501	XM_023196790.3	100.000	21	0	0	1	21	239	219	2.1	39.2
Query_15501	XM_023196788.3	100.000	21	0	0	1	21	204	184	2.1	39.2
Query_15501	XM_026449541.2	100.000	21	0	0	1	21	171	151	2.1	39.2
Query_15501	XM_023196787.3	100.000	21	0	0	1	21	239	219	2.1	39.2
Query_15501	XM_026449540.2	100.000	21	0	0	1	21	239	219	2.1	39.2
Query_15501	XM_026449539.2	100.000	21	0	0	1	21	239	219	2.1	39.2
Query_15501	XM_031650187.1	100.000	21	0	0	1	21	96	76	2.1	39.2
Query_15501	XM_031337322.1	100.000	21	0	0	1	21	140	120	2.1	39.2
Query_15501	XM_031337320.1	100.000	21	0	0	1	21	146	126	2.1	39.2
Query_15501	XM_031337319.1	100.000	21	0	0	1	21	286	266	2.1	39.2
Query_15501	XM_031337318.1	100.000	21	0	0	1	21	253	233	2.1	39.2
Query_15501	XM_031337317.1	100.000	21	0	0	1	21	446	426	2.1	39.2
Query_15501	XM_031000820.1	100.000	21	0	0	1	21	239	219	2.1	39.2
Query_15501	XM_031000819.1	100.000	21	0	0	1	21	239	219	2.1	39.2
Query_15501	XM_031000818.1	100.000	21	0	0	1	21	239	219	2.1	39.2
Query_15501	XM_030939822.1	100.000	21	0	0	1	21	239	219	2.1	39.2
Query_15501	XM_030939821.1	100.000	21	0	0	1	21	204	184	2.1	39.2
Query_15501	XM_030939820.1	100.000	21	0	0	1	21	239	219	2.1	39.2
Query_15501	XM_030939818.1	100.000	21	0	0	1	21	204	184	2.1	39.2
Query_15501	XM_030939817.1	100.000	21	0	0	1	21	171	151	2.1	39.2
Query_15501	XM_030939816.1	100.000	21	0	0	1	21	239	219	2.1	39.2
Query_15501	XM_030939815.1	100.000	21	0	0	1	21	239	219	2.1	39.2
Query_15501	XM_030939814.1	100.000	21	0	0	1	21	239	219	2.1	39.2
Query_15501	XM_030821738.1	100.000	21	0	0	1	21	239	219	2.1	39.2
Query_15501	XM_030821736.1	100.000	21	0	0	1	21	171	151	2.1	39.2
Query_15501	XM_030821735.1	100.000	21	0	0	1	21	239	219	2.1	39.2
Query_15501	XM_039471599.1	100.000	21	0	0	1	21	238	218	2.1	39.2
Query_15501	XM_039471597.1	100.000	21	0	0	1	21	238	218	2.1	39.2
Query_15501	XM_039471596.1	100.000	21	0	0	1	21	238	218	2.1	39.2
Query_15501	XM_039471595.1	100.000	21	0	0	1	21	238	218	2.1	39.2
Query_15501	XM_039471594.1	100.000	21	0	0	1	21	238	218	2.1	39.2
Query_15501	XM_039471593.1	100.000	21	0	0	1	21	238	218	2.1	39.2
Query_15501	XR_005491585.1	100.000	21	0	0	1	21	513	493	2.1	39.2
Query_15501	XM_039089009.1	100.000	21	0	0	1	21	74	54	2.1	39.2
Query_15501	XM_039089008.1	100.000	21	0	0	1	21	211	191	2.1	39.2
Query_15501	XM_039089007.1	100.000	21	0	0	1	21	190	170	2.1	39.2
Query_15501	XM_017598236.2	100.000	21	0	0	1	21	513	493	2.1	39.2
Query_15501	XM_006249517.4	100.000	21	0	0	1	21	477	457	2.1	39.2
Query_15501	XM_006249516.4	100.000	21	0	0	1	21	513	493	2.1	39.2
Query_15501	XM_039089005.1	100.000	21	0	0	1	21	513	493	2.1	39.2
Query_15501	XM_008769305.3	100.000	21	0	0	1	21	477	457	2.1	39.2
Query_15501	XM_017598234.2	100.000	21	0	0	1	21	513	493	2.1	39.2
Query_15501	XM_006249515.4	100.000	21	0	0	1	21	513	493	2.1	39.2
Query_15501	XM_037994833.1	100.000	21	0	0	1	21	283	263	2.1	39.2
Query_15501	XM_008005305.2	100.000	21	0	0	1	21	215	195	2.1	39.2
Query_15501	XM_008005304.2	100.000	21	0	0	1	21	283	263	2.1	39.2
Query_15501	XM_008005303.2	100.000	21	0	0	1	21	283	263	2.1	39.2
Query_15501	XM_008005300.2	100.000	21	0	0	1	21	283	263	2.1	39.2
Query_15501	NM_053656.3	100.000	21	0	0	1	21	204	184	2.1	39.2
Query_15501	XM_037817106.1	100.000	21	0	0	1	21	802	782	2.1	39.2
Query_15501	XM_037817105.1	100.000	21	0	0	1	21	802	782	2.1	39.2
Query_15501	XM_017513626.2	100.000	21	0	0	1	21	243	223	2.1	39.2
Query_15501	XM_037733156.1	100.000	21	0	0	1	21	243	223	2.1	39.2
Query_15501	XM_017513625.2	100.000	21	0	0	1	21	243	223	2.1	39.2
Query_15501	XM_028857030.2	100.000	21	0	0	1	21	274	254	2.1	39.2
Query_15501	XM_037198543.1	100.000	21	0	0	1	21	238	218	2.1	39.2
Query_15501	XM_011249447.3	100.000	21	0	0	1	21	103	83	2.1	39.2
Query_15501	LR877230.1	100.000	21	0	0	1	21	65620470	65620450	2.1	39.2
Query_15501	XM_035258276.1	100.000	21	0	0	1	21	263	243	2.1	39.2
Query_15501	XM_035258275.1	100.000	21	0	0	1	21	264	244	2.1	39.2
Query_15501	XM_035258274.1	100.000	21	0	0	1	21	266	246	2.1	39.2
Query_15501	XM_035258273.1	100.000	21	0	0	1	21	267	247	2.1	39.2
Query_15501	XM_035258272.1	100.000	21	0	0	1	21	263	243	2.1	39.2
Query_15501	XM_035258271.1	100.000	21	0	0	1	21	269	249	2.1	39.2
Query_15501	XM_035258270.1	100.000	21	0	0	1	21	266	246	2.1	39.2


