# blastn
# Iteration: 0
# Query: 
# RID: 7J761NTC013
# Database: nt
# Fields: query acc.ver, subject acc.ver, % identity, alignment length, mismatches, gap opens, q. start, q. end, s. start, s. end, evalue, bit score
# 62 hits found
Query_3265	XM_034945734.1	100.000	21	0	0	1	21	385	365	2.1	39.2
Query_3265	XM_033224775.1	100.000	21	0	0	1	21	730	710	2.1	39.2
Query_3265	XR_004264264.1	100.000	21	0	0	1	21	266	286	2.1	39.2
Query_3265	XM_032263313.1	100.000	21	0	0	1	21	719	699	2.1	39.2
Query_3265	XM_032171460.1	100.000	21	0	0	1	21	445	425	2.1	39.2
Query_3265	XM_023197562.3	100.000	21	0	0	1	21	726	706	2.1	39.2
Query_3265	NM_001194143.2	100.000	21	0	0	1	21	808	788	2.1	39.2
Query_3265	XM_031659367.1	100.000	21	0	0	1	21	799	779	2.1	39.2
Query_3265	XM_004061618.3	100.000	21	0	0	1	21	737	717	2.1	39.2
Query_3265	XR_002003000.2	100.000	21	0	0	1	21	321	301	2.1	39.2
Query_3265	XM_010361181.2	100.000	21	0	0	1	21	704	684	2.1	39.2
Query_3265	XM_030819428.1	100.000	21	0	0	1	21	1033	1013	2.1	39.2
Query_3265	NM_003969.4	100.000	21	0	0	1	21	388	368	2.1	39.2
Query_3265	AC279043.1	100.000	21	0	0	1	21	33490	33510	2.1	39.2
Query_3265	AC279022.1	100.000	21	0	0	1	21	49968	49988	2.1	39.2
Query_3265	GQ891447.1	100.000	21	0	0	1	21	267	247	2.1	39.2
Query_3265	CP034522.1	100.000	21	0	0	1	21	59008476	59008496	2.1	39.2
Query_3265	CP034497.1	100.000	21	0	0	1	21	59008476	59008496	2.1	39.2
Query_3265	CP034494.1	100.000	21	0	0	1	21	34344456	34344476	2.1	39.2
Query_3265	XM_025367066.1	100.000	21	0	0	1	21	1000	980	2.1	39.2
Query_3265	XM_025367065.1	100.000	21	0	0	1	21	1000	980	2.1	39.2
Query_3265	XM_011751675.2	100.000	21	0	0	1	21	809	789	2.1	39.2
Query_3265	XM_016937020.2	100.000	21	0	0	1	21	843	823	2.1	39.2
Query_3265	XR_024683.6	100.000	21	0	0	1	21	347	327	2.1	39.2
Query_3265	XM_021708408.1	100.000	21	0	0	1	21	455	435	2.1	39.2
Query_3265	XM_012473155.2	100.000	21	0	0	1	21	768	748	2.1	39.2
Query_3265	LT735850.1	100.000	21	0	0	1	21	645	625	2.1	39.2
Query_3265	XM_017850506.1	100.000	21	0	0	1	21	738	718	2.1	39.2
Query_3265	XM_012076338.1	100.000	21	0	0	1	21	1001	981	2.1	39.2
Query_3265	XR_001004754.1	100.000	21	0	0	1	21	191	171	2.1	39.2
Query_3265	XM_011969066.1	100.000	21	0	0	1	21	191	171	2.1	39.2
Query_3265	XM_011959132.1	100.000	21	0	0	1	21	179	159	2.1	39.2
Query_3265	XM_011959131.1	100.000	21	0	0	1	21	670	650	2.1	39.2
Query_3265	KJ892674.1	100.000	21	0	0	1	21	223	203	2.1	39.2
Query_3265	XM_005590626.1	100.000	21	0	0	1	21	213	193	2.1	39.2
Query_3265	XM_039466383.1	100.000	21	0	0	1	21	995	975	2.1	39.2
Query_3265	CP068262.1	100.000	21	0	0	1	21	38958877	38958857	2.1	39.2
Query_3265	CP068259.1	100.000	21	0	0	1	21	61654783	61654803	2.1	39.2
Query_3265	XM_007998466.2	100.000	21	0	0	1	21	912	892	2.1	39.2
Query_3265	XM_037818989.1	100.000	21	0	0	1	21	755	735	2.1	39.2
Query_3265	XM_017509655.2	100.000	21	0	0	1	21	650	630	2.1	39.2
Query_3265	AP023487.1	100.000	21	0	0	1	21	319039	319059	2.1	39.2
Query_3265	AP023479.1	100.000	21	0	0	1	21	59039916	59039936	2.1	39.2
Query_3265	AC280253.1	100.000	21	0	0	1	21	158171	158191	2.1	39.2
Query_3265	XR_001908768.2	100.000	21	0	0	1	21	234	254	2.1	39.2
Query_3265	XM_017967523.2	100.000	21	0	0	1	21	991	971	2.1	39.2
Query_3265	AB590888.1	100.000	21	0	0	1	21	167	147	2.1	39.2
Query_3265	AC240146.3	100.000	21	0	0	1	21	7644	7624	2.1	39.2
Query_3265	CU691336.1	100.000	21	0	0	1	21	174	154	2.1	39.2
Query_3265	BC007657.1	100.000	21	0	0	1	21	227	207	2.1	39.2
Query_3265	BC058924.1	100.000	21	0	0	1	21	267	247	2.1	39.2
Query_3265	AC141057.2	100.000	21	0	0	1	21	46693	46713	2.1	39.2
Query_3265	BT008242.1	100.000	21	0	0	1	21	158	138	2.1	39.2
Query_3265	AC108131.2	100.000	21	0	0	1	21	19146	19126	2.1	39.2
Query_3265	AC016630.6	100.000	21	0	0	1	21	7879	7859	2.1	39.2
Query_3265	NR_002837.1	100.000	21	0	0	1	21	307	287	2.1	39.2
Query_3265	AC023824.6	100.000	21	0	0	1	21	97884	97864	2.1	39.2
Query_3265	AB012191.1	100.000	21	0	0	1	21	158	138	2.1	39.2
Query_3265	AF075599.1	100.000	21	0	0	1	21	161	141	2.1	39.2
Query_3265	XM_024237018.1	100.000	20	0	0	1	20	753	734	7.3	37.4
Query_3265	XM_005087951.3	100.000	20	0	0	1	20	630	611	7.3	37.4
Query_3265	XM_036273895.1	100.000	20	0	0	1	20	366	347	7.3	37.4


