# blastn
# Iteration: 0
# Query: 
# RID: 6UGZMKN8016
# Database: nt
# Fields: query acc.ver, subject acc.ver, % identity, alignment length, mismatches, gap opens, q. start, q. end, s. start, s. end, evalue, bit score
# 55 hits found
Query_22125	XM_034958465.1	100.000	21	0	0	1	21	475	455	2.1	39.2
Query_22125	XM_034958464.1	100.000	21	0	0	1	21	586	566	2.1	39.2
Query_22125	XM_033947272.1	100.000	21	0	0	1	21	244	224	2.1	39.2
Query_22125	XM_033947265.1	100.000	21	0	0	1	21	456	436	2.1	39.2
Query_22125	XM_033947259.1	100.000	21	0	0	1	21	315	295	2.1	39.2
Query_22125	XM_033947250.1	100.000	21	0	0	1	21	304	284	2.1	39.2
Query_22125	XM_033947240.1	100.000	21	0	0	1	21	620	600	2.1	39.2
Query_22125	XM_033947230.1	100.000	21	0	0	1	21	665	645	2.1	39.2
Query_22125	XM_019025601.2	100.000	21	0	0	1	21	199	179	2.1	39.2
Query_22125	XM_004038573.3	100.000	21	0	0	1	21	664	644	2.1	39.2
Query_22125	XM_030800871.1	100.000	21	0	0	1	21	668	648	2.1	39.2
Query_22125	XM_030191316.1	100.000	21	0	0	1	21	144	124	2.1	39.2
Query_22125	XM_030191315.1	100.000	21	0	0	1	21	651	631	2.1	39.2
Query_22125	NM_001312647.2	100.000	21	0	0	1	21	486	466	2.1	39.2
Query_22125	NM_001111112.2	100.000	21	0	0	1	21	574	554	2.1	39.2
Query_22125	NM_001312648.2	100.000	21	0	0	1	21	480	460	2.1	39.2
Query_22125	NM_001111113.2	100.000	21	0	0	1	21	421	401	2.1	39.2
Query_22125	NM_005339.5	100.000	21	0	0	1	21	574	554	2.1	39.2
Query_22125	XM_016950973.2	100.000	21	0	0	1	21	568	548	2.1	39.2
Query_22125	XM_009447486.3	100.000	21	0	0	1	21	509	489	2.1	39.2
Query_22125	XM_009447485.3	100.000	21	0	0	1	21	665	645	2.1	39.2
Query_22125	XM_024245916.1	100.000	21	0	0	1	21	572	552	2.1	39.2
Query_22125	XM_002814684.3	100.000	21	0	0	1	21	669	649	2.1	39.2
Query_22125	CP017695.1	100.000	21	0	0	1	21	1871622	1871602	2.1	39.2
Query_22125	MF043383.1	100.000	21	0	0	1	21	930	950	2.1	39.2
Query_22125	MF043378.1	100.000	21	0	0	1	21	930	950	2.1	39.2
Query_22125	MF043371.1	100.000	21	0	0	1	21	930	950	2.1	39.2
Query_22125	MF043365.1	100.000	21	0	0	1	21	930	950	2.1	39.2
Query_22125	MF043347.1	100.000	21	0	0	1	21	930	950	2.1	39.2
Query_22125	LT735837.1	100.000	21	0	0	1	21	869	849	2.1	39.2
Query_22125	XM_019874865.1	100.000	21	0	0	1	21	714	694	2.1	39.2
Query_22125	CP007457.1	100.000	21	0	0	1	21	378438	378458	2.1	39.2
Query_22125	KJ891343.1	100.000	21	0	0	1	21	447	427	2.1	39.2
Query_22125	XM_039631082.1	100.000	21	0	0	1	21	733	713	2.1	39.2
Query_22125	XM_002093228.3	100.000	21	0	0	1	21	755	735	2.1	39.2
Query_22125	LR990039.1	100.000	21	0	0	1	21	23031420	23031440	2.1	39.2
Query_22125	XR_005249146.1	100.000	21	0	0	1	21	842	822	2.1	39.2
Query_22125	XR_005249145.1	100.000	21	0	0	1	21	842	822	2.1	39.2
Query_22125	XR_005249144.1	100.000	21	0	0	1	21	842	822	2.1	39.2
Query_22125	XM_038051697.1	100.000	21	0	0	1	21	643	623	2.1	39.2
Query_22125	XM_038051696.1	100.000	21	0	0	1	21	842	822	2.1	39.2
Query_22125	NM_001246525.1	100.000	21	0	0	1	21	539	519	2.1	39.2
Query_22125	AB527742.1	100.000	21	0	0	1	21	391	371	2.1	39.2
Query_22125	CU690733.1	100.000	21	0	0	1	21	237	257	2.1	39.2
Query_22125	EU446896.1	100.000	21	0	0	1	21	404	384	2.1	39.2
Query_22125	AK315524.1	100.000	21	0	0	1	21	592	572	2.1	39.2
Query_22125	AK307130.1	100.000	21	0	0	1	21	477	457	2.1	39.2
Query_22125	AK291454.1	100.000	21	0	0	1	21	418	398	2.1	39.2
Query_22125	BC022804.1	100.000	21	0	0	1	21	542	522	2.1	39.2
Query_22125	AK093533.1	100.000	21	0	0	1	21	487	467	2.1	39.2
Query_22125	AC105287.5	100.000	21	0	0	1	21	24249	24229	2.1	39.2
Query_22125	BC050600.1	100.000	21	0	0	1	21	520	500	2.1	39.2
Query_22125	AB022436.1	100.000	21	0	0	1	21	315	295	2.1	39.2
Query_22125	AB022435.1	100.000	21	0	0	1	21	468	448	2.1	39.2
Query_22125	U58522.1	100.000	21	0	0	1	21	385	365	2.1	39.2


