# blastn
# Iteration: 0
# Query: 
# RID: 7RHJ5V4S016
# Database: nt
# Fields: query acc.ver, subject acc.ver, % identity, alignment length, mismatches, gap opens, q. start, q. end, s. start, s. end, evalue, bit score
# 101 hits found
Query_30369	XM_034941314.1	100.000	21	0	0	1	21	643	623	2.1	39.2
Query_30369	XR_004607085.1	100.000	21	0	0	1	21	951	931	2.1	39.2
Query_30369	XM_034505908.1	100.000	21	0	0	1	21	700	680	2.1	39.2
Query_30369	XM_019926857.2	100.000	21	0	0	1	21	653	633	2.1	39.2
Query_30369	XR_004523990.1	100.000	21	0	0	1	21	656	636	2.1	39.2
Query_30369	XR_004523989.1	100.000	21	0	0	1	21	656	636	2.1	39.2
Query_30369	XM_019926856.2	100.000	21	0	0	1	21	650	630	2.1	39.2
Query_30369	XM_004267021.3	100.000	21	0	0	1	21	653	633	2.1	39.2
Query_30369	XR_004481917.1	100.000	21	0	0	1	21	663	643	2.1	39.2
Query_30369	XR_004481916.1	100.000	21	0	0	1	21	663	643	2.1	39.2
Query_30369	XM_033423172.1	100.000	21	0	0	1	21	658	638	2.1	39.2
Query_30369	XR_004430887.1	100.000	21	0	0	1	21	374	354	2.1	39.2
Query_30369	XR_004430886.1	100.000	21	0	0	1	21	627	607	2.1	39.2
Query_30369	XR_004430885.1	100.000	21	0	0	1	21	597	577	2.1	39.2
Query_30369	XR_004430884.1	100.000	21	0	0	1	21	503	483	2.1	39.2
Query_30369	XR_004430883.1	100.000	21	0	0	1	21	474	454	2.1	39.2
Query_30369	XM_033185036.1	100.000	21	0	0	1	21	658	638	2.1	39.2
Query_30369	XM_033090559.1	100.000	21	0	0	1	21	773	753	2.1	39.2
Query_30369	XM_032914260.1	100.000	21	0	0	1	21	628	608	2.1	39.2
Query_30369	XR_004266175.1	100.000	21	0	0	1	21	730	710	2.1	39.2
Query_30369	XM_032271694.1	100.000	21	0	0	1	21	239	219	2.1	39.2
Query_30369	XR_004262992.1	100.000	21	0	0	1	21	303	283	2.1	39.2
Query_30369	XM_032138345.1	100.000	21	0	0	1	21	661	641	2.1	39.2
Query_30369	XM_023184506.2	100.000	21	0	0	1	21	649	629	2.1	39.2
Query_30369	XR_004179314.1	100.000	21	0	0	1	21	982	962	2.1	39.2
Query_30369	XR_004179313.1	100.000	21	0	0	1	21	374	354	2.1	39.2
Query_30369	XM_003912123.3	100.000	21	0	0	1	21	652	632	2.1	39.2
Query_30369	XM_017950278.3	100.000	21	0	0	1	21	490	470	2.1	39.2
Query_30369	XM_031352752.1	100.000	21	0	0	1	21	705	685	2.1	39.2
Query_30369	XM_004058312.3	100.000	21	0	0	1	21	652	632	2.1	39.2
Query_30369	XM_010382186.2	100.000	21	0	0	1	21	652	632	2.1	39.2
Query_30369	XM_030861713.1	100.000	21	0	0	1	21	653	633	2.1	39.2
Query_30369	XR_004040642.1	100.000	21	0	0	1	21	657	637	2.1	39.2
Query_30369	XR_004040641.1	100.000	21	0	0	1	21	657	637	2.1	39.2
Query_30369	XM_030861711.1	100.000	21	0	0	1	21	653	633	2.1	39.2
Query_30369	XM_008855635.3	100.000	21	0	0	1	21	605	585	2.1	39.2
Query_30369	XR_003845143.1	100.000	21	0	0	1	21	723	703	2.1	39.2
Query_30369	XR_002381020.2	100.000	21	0	0	1	21	608	588	2.1	39.2
Query_30369	XM_021212464.2	100.000	21	0	0	1	21	619	599	2.1	39.2
Query_30369	XM_021176786.2	100.000	21	0	0	1	21	322	302	2.1	39.2
Query_30369	XR_001440232.2	100.000	21	0	0	1	21	745	725	2.1	39.2
Query_30369	XR_001440230.2	100.000	21	0	0	1	21	518	498	2.1	39.2
Query_30369	XM_015118270.2	100.000	21	0	0	1	21	647	627	2.1	39.2
Query_30369	XM_028835904.1	100.000	21	0	0	1	21	375	355	2.1	39.2
Query_30369	XM_028787284.1	100.000	21	0	0	1	21	622	602	2.1	39.2
Query_30369	XM_028534147.1	100.000	21	0	0	1	21	647	627	2.1	39.2
Query_30369	XM_027130745.1	100.000	21	0	0	1	21	653	633	2.1	39.2
Query_30369	XR_003438008.1	100.000	21	0	0	1	21	665	645	2.1	39.2
Query_30369	XR_003438007.1	100.000	21	0	0	1	21	665	645	2.1	39.2
Query_30369	XM_027130744.1	100.000	21	0	0	1	21	660	640	2.1	39.2
Query_30369	XM_005349621.3	100.000	21	0	0	1	21	1327	1307	2.1	39.2
Query_30369	XM_026393902.1	100.000	21	0	0	1	21	1026	1006	2.1	39.2
Query_30369	XR_003614222.1	100.000	21	0	0	1	21	875	855	2.1	39.2
Query_30369	XM_008156752.2	100.000	21	0	0	1	21	634	614	2.1	39.2
Query_30369	XM_028133010.1	100.000	21	0	0	1	21	975	955	2.1	39.2
Query_30369	XM_028133009.1	100.000	21	0	0	1	21	857	837	2.1	39.2
Query_30369	XR_003614221.1	100.000	21	0	0	1	21	948	928	2.1	39.2
Query_30369	XM_028133008.1	100.000	21	0	0	1	21	945	925	2.1	39.2
Query_30369	XM_027922643.1	100.000	21	0	0	1	21	614	594	2.1	39.2
Query_30369	XR_003580586.1	100.000	21	0	0	1	21	293	273	2.1	39.2
Query_30369	XM_027767169.1	100.000	21	0	0	1	21	287	267	2.1	39.2
Query_30369	CP034495.1	100.000	21	0	0	1	21	4192661	4192681	2.1	39.2
Query_30369	CP034495.1	100.000	21	0	0	1	21	84372930	84372950	2.1	39.2
Query_30369	XM_025362958.1	100.000	21	0	0	1	21	652	632	2.1	39.2
Query_30369	XM_025210628.1	100.000	21	0	0	1	21	344	324	2.1	39.2
Query_30369	XM_006922213.3	100.000	21	0	0	1	21	773	753	2.1	39.2
Query_30369	XR_981472.2	100.000	21	0	0	1	21	419	399	2.1	39.2
Query_30369	XM_040270543.1	100.000	21	0	0	1	21	824	804	2.1	39.2
Query_30369	XR_005658082.1	100.000	21	0	0	1	21	475	455	2.1	39.2
Query_30369	XM_039886420.1	100.000	21	0	0	1	21	644	624	2.1	39.2
Query_30369	XM_039476665.1	100.000	21	0	0	1	21	673	653	2.1	39.2
Query_30369	CP068261.1	100.000	21	0	0	1	21	4178920	4178940	2.1	39.2
Query_30369	XM_038324925.1	100.000	21	0	0	1	21	646	626	2.1	39.2
Query_30369	XR_005236751.1	100.000	21	0	0	1	21	484	464	2.1	39.2
Query_30369	XR_005236750.1	100.000	21	0	0	1	21	472	452	2.1	39.2
Query_30369	XM_008009911.2	100.000	21	0	0	1	21	656	636	2.1	39.2
Query_30369	XM_037810445.1	100.000	21	0	0	1	21	635	615	2.1	39.2
Query_30369	XM_037801494.1	100.000	21	0	0	1	21	462	442	2.1	39.2
Query_30369	XM_017512180.2	100.000	21	0	0	1	21	645	625	2.1	39.2
Query_30369	XM_037495089.1	100.000	21	0	0	1	21	617	597	2.1	39.2
Query_30369	XM_037201328.1	100.000	21	0	0	1	21	574	554	2.1	39.2
Query_30369	XM_028888748.2	100.000	21	0	0	1	21	564	544	2.1	39.2
Query_30369	XM_037133033.1	100.000	21	0	0	1	21	650	630	2.1	39.2
Query_30369	XM_037029619.1	100.000	21	0	0	1	21	647	627	2.1	39.2
Query_30369	XM_037022823.1	100.000	21	0	0	1	21	379	359	2.1	39.2
Query_30369	XM_036887031.1	100.000	21	0	0	1	21	384	364	2.1	39.2
Query_30369	XM_036452373.1	100.000	21	0	0	1	21	645	625	2.1	39.2
Query_30369	XM_036341263.1	100.000	21	0	0	1	21	435	415	2.1	39.2
Query_30369	XM_036341262.1	100.000	21	0	0	1	21	608	588	2.1	39.2
Query_30369	XM_036341261.1	100.000	21	0	0	1	21	380	360	2.1	39.2
Query_30369	XM_036341260.1	100.000	21	0	0	1	21	389	369	2.1	39.2
Query_30369	XM_036268448.1	100.000	21	0	0	1	21	546	526	2.1	39.2
Query_30369	XM_016138806.2	100.000	21	0	0	1	21	758	738	2.1	39.2
Query_30369	AP023477.1	100.000	21	0	0	1	21	4362817	4362837	2.1	39.2
Query_30369	LR877227.1	100.000	21	0	0	1	21	175734	175714	2.1	39.2
Query_30369	NM_003342.5	100.000	21	0	0	1	21	649	629	2.1	39.2
Query_30369	LR862372.1	100.000	21	0	0	1	21	13639246	13639226	2.1	39.2
Query_30369	XM_035447490.1	100.000	21	0	0	1	21	354	334	2.1	39.2
Query_30369	XM_027426818.2	100.000	21	0	0	1	21	354	334	2.1	39.2
Query_30369	XR_004743113.1	100.000	21	0	0	1	21	741	721	2.1	39.2
Query_30369	XM_002747845.5	100.000	21	0	0	1	21	662	642	2.1	39.2


