# blastn
# Iteration: 0
# Query: 
# RID: 73Z1W2CJ013
# Database: nt
# Fields: query acc.ver, subject acc.ver, % identity, alignment length, mismatches, gap opens, q. start, q. end, s. start, s. end, evalue, bit score
# 100 hits found
Query_35147	XM_035012868.1	100.000	21	0	0	1	21	1654	1634	2.1	39.2
Query_35147	XM_035012867.1	100.000	21	0	0	1	21	1654	1634	2.1	39.2
Query_35147	XM_003826436.5	100.000	21	0	0	1	21	1323	1303	2.1	39.2
Query_35147	XM_002922705.4	100.000	21	0	0	1	21	953	933	2.1	39.2
Query_35147	XM_034291064.1	100.000	21	0	0	1	21	823	803	2.1	39.2
Query_35147	XM_034290887.1	100.000	21	0	0	1	21	823	803	2.1	39.2
Query_35147	XM_010891620.3	100.000	21	0	0	1	21	823	803	2.1	39.2
Query_35147	XM_020043646.2	100.000	21	0	0	1	21	823	803	2.1	39.2
Query_35147	XM_033207523.1	100.000	21	0	0	1	21	541	521	2.1	39.2
Query_35147	XM_032901983.1	100.000	21	0	0	1	21	745	725	2.1	39.2
Query_35147	LR778274.1	100.000	21	0	0	1	21	49429998	49430018	2.1	39.2
Query_35147	XM_032414879.1	100.000	21	0	0	1	21	541	521	2.1	39.2
Query_35147	XM_032283391.1	100.000	21	0	0	1	21	755	735	2.1	39.2
Query_35147	XR_004248146.1	100.000	21	0	0	1	21	615	595	2.1	39.2
Query_35147	XM_032152902.1	100.000	21	0	0	1	21	742	722	2.1	39.2
Query_35147	XM_023215610.3	100.000	21	0	0	1	21	742	722	2.1	39.2
Query_35147	XM_020487047.2	100.000	21	0	0	1	21	550	530	2.1	39.2
Query_35147	XM_021925752.2	100.000	21	0	0	1	21	1635	1615	2.1	39.2
Query_35147	XM_021925751.2	100.000	21	0	0	1	21	1635	1615	2.1	39.2
Query_35147	XM_003909863.5	100.000	21	0	0	1	21	1331	1311	2.1	39.2
Query_35147	XM_021925750.2	100.000	21	0	0	1	21	836	816	2.1	39.2
Query_35147	XM_021925748.2	100.000	21	0	0	1	21	1342	1322	2.1	39.2
Query_35147	XM_021925749.2	100.000	21	0	0	1	21	1631	1611	2.1	39.2
Query_35147	XR_004177556.1	100.000	21	0	0	1	21	1630	1610	2.1	39.2
Query_35147	XR_004177555.1	100.000	21	0	0	1	21	1630	1610	2.1	39.2
Query_35147	XM_021925747.2	100.000	21	0	0	1	21	1630	1610	2.1	39.2
Query_35147	XM_021925746.2	100.000	21	0	0	1	21	1629	1609	2.1	39.2
Query_35147	XM_021925745.2	100.000	21	0	0	1	21	1605	1585	2.1	39.2
Query_35147	XM_021925744.2	100.000	21	0	0	1	21	1639	1619	2.1	39.2
Query_35147	XM_031370873.1	100.000	21	0	0	1	21	719	699	2.1	39.2
Query_35147	XM_031370872.1	100.000	21	0	0	1	21	2605	2585	2.1	39.2
Query_35147	XM_006751597.2	100.000	21	0	0	1	21	823	803	2.1	39.2
Query_35147	XM_004051152.3	100.000	21	0	0	1	21	742	722	2.1	39.2
Query_35147	XM_010353410.2	100.000	21	0	0	1	21	742	722	2.1	39.2
Query_35147	XR_004029584.1	100.000	21	0	0	1	21	617	597	2.1	39.2
Query_35147	XM_030810123.1	100.000	21	0	0	1	21	742	722	2.1	39.2
Query_35147	XM_030332475.1	100.000	21	0	0	1	21	541	521	2.1	39.2
Query_35147	XM_030149775.1	100.000	21	0	0	1	21	544	524	2.1	39.2
Query_35147	XM_030058940.1	100.000	21	0	0	1	21	953	933	2.1	39.2
Query_35147	XM_029956923.1	100.000	21	0	0	1	21	699	679	2.1	39.2
Query_35147	XM_029765888.1	100.000	21	0	0	1	21	813	793	2.1	39.2
Query_35147	XM_029687289.1	100.000	21	0	0	1	21	550	530	2.1	39.2
Query_35147	LR597550.1	100.000	21	0	0	1	21	38715922	38715942	2.1	39.2
Query_35147	XM_040495132.1	100.000	21	0	0	1	21	2349	2329	2.1	39.2
Query_35147	XM_040495131.1	100.000	21	0	0	1	21	541	521	2.1	39.2
Query_35147	XM_040284337.1	100.000	21	0	0	1	21	693	673	2.1	39.2
Query_35147	XM_005331595.4	100.000	21	0	0	1	21	764	744	2.1	39.2
Query_35147	XR_005733507.1	100.000	21	0	0	1	21	1107	1087	2.1	39.2
Query_35147	XR_005733506.1	100.000	21	0	0	1	21	1107	1087	2.1	39.2
Query_35147	XR_005733505.1	100.000	21	0	0	1	21	1107	1087	2.1	39.2
Query_35147	XM_040284336.1	100.000	21	0	0	1	21	1107	1087	2.1	39.2
Query_35147	XM_040259372.1	100.000	21	0	0	1	21	541	521	2.1	39.2
Query_35147	XM_003920107.3	100.000	21	0	0	1	21	580	560	2.1	39.2
Query_35147	XR_005530627.1	100.000	21	0	0	1	21	734	714	2.1	39.2
Query_35147	XM_039245053.1	100.000	21	0	0	1	21	734	714	2.1	39.2
Query_35147	XM_039105918.1	100.000	21	0	0	1	21	758	738	2.1	39.2
Query_35147	XM_038982015.1	100.000	21	0	0	1	21	550	530	2.1	39.2
Query_35147	XM_037999312.1	100.000	21	0	0	1	21	575	555	2.1	39.2
Query_35147	XM_017498970.2	100.000	21	0	0	1	21	730	710	2.1	39.2
Query_35147	XM_037261444.1	100.000	21	0	0	1	21	731	711	2.1	39.2
Query_35147	XM_036954369.1	100.000	21	0	0	1	21	867	847	2.1	39.2
Query_35147	XM_036861777.1	100.000	21	0	0	1	21	541	521	2.1	39.2
Query_35147	XM_036517353.1	100.000	21	0	0	1	21	736	716	2.1	39.2
Query_35147	XM_036551786.1	100.000	21	0	0	1	21	556	536	2.1	39.2
Query_35147	XM_036323724.1	100.000	21	0	0	1	21	541	521	2.1	39.2
Query_35147	XM_036259406.1	100.000	21	0	0	1	21	573	553	2.1	39.2
Query_35147	XM_036184637.1	100.000	21	0	0	1	21	1176	1156	2.1	39.2
Query_35147	XM_036184636.1	100.000	21	0	0	1	21	1176	1156	2.1	39.2
Query_35147	XM_006499210.5	100.000	21	0	0	1	21	574	554	2.1	39.2
Query_35147	XM_030250186.2	100.000	21	0	0	1	21	1428	1408	2.1	39.2
Query_35147	XM_030250185.2	100.000	21	0	0	1	21	1962	1942	2.1	39.2
Query_35147	XM_011239452.3	100.000	21	0	0	1	21	2210	2190	2.1	39.2
Query_35147	XM_030250184.2	100.000	21	0	0	1	21	3284	3264	2.1	39.2
Query_35147	XM_030250183.2	100.000	21	0	0	1	21	3172	3152	2.1	39.2
Query_35147	XM_036076582.1	100.000	21	0	0	1	21	541	521	2.1	39.2
Query_35147	XM_036076581.1	100.000	21	0	0	1	21	2418	2398	2.1	39.2
Query_35147	XM_027422654.2	100.000	21	0	0	1	21	775	755	2.1	39.2
Query_35147	XM_027422653.2	100.000	21	0	0	1	21	738	718	2.1	39.2
Query_35147	XM_035446209.1	100.000	21	0	0	1	21	875	855	2.1	39.2
Query_35147	XM_035446208.1	100.000	21	0	0	1	21	923	903	2.1	39.2
Query_35147	XM_027422650.2	100.000	21	0	0	1	21	836	816	2.1	39.2
Query_35147	XM_027422652.2	100.000	21	0	0	1	21	765	745	2.1	39.2
Query_35147	XM_027422649.2	100.000	21	0	0	1	21	1748	1728	2.1	39.2
Query_35147	XM_027422645.2	100.000	21	0	0	1	21	703	683	2.1	39.2
Query_35147	XM_027422644.2	100.000	21	0	0	1	21	774	754	2.1	39.2
Query_35147	XM_016977435.3	100.000	21	0	0	1	21	783	763	2.1	39.2
Query_35147	XM_007646647.4	100.000	21	0	0	1	21	740	720	2.1	39.2
Query_35147	XM_035458156.1	100.000	21	0	0	1	21	877	857	2.1	39.2
Query_35147	XM_035458155.1	100.000	21	0	0	1	21	925	905	2.1	39.2
Query_35147	XM_007646646.4	100.000	21	0	0	1	21	838	818	2.1	39.2
Query_35147	XM_007646645.4	100.000	21	0	0	1	21	766	746	2.1	39.2
Query_35147	XM_007646644.4	100.000	21	0	0	1	21	1750	1730	2.1	39.2
Query_35147	XM_027439121.2	100.000	21	0	0	1	21	711	691	2.1	39.2
Query_35147	XM_007646642.4	100.000	21	0	0	1	21	783	763	2.1	39.2
Query_35147	XM_035262719.1	100.000	21	0	0	1	21	2252	2232	2.1	39.2
Query_35147	XM_035262718.1	100.000	21	0	0	1	21	716	696	2.1	39.2
Query_35147	XM_035262717.1	100.000	21	0	0	1	21	975	955	2.1	39.2
Query_35147	XM_035262716.1	100.000	21	0	0	1	21	2625	2605	2.1	39.2
Query_35147	XM_035262715.1	100.000	21	0	0	1	21	1075	1055	2.1	39.2
Query_35147	XM_002755279.6	100.000	21	0	0	1	21	1193	1173	2.1	39.2


