# blastn
# Iteration: 0
# Query: 
# RID: 7JHWV1RW016
# Database: nt
# Fields: query acc.ver, subject acc.ver, % identity, alignment length, mismatches, gap opens, q. start, q. end, s. start, s. end, evalue, bit score
# 60 hits found
Query_57051	XM_034932123.1	100.000	21	0	0	1	21	2168	2148	2.1	39.2
Query_57051	XM_034932122.1	100.000	21	0	0	1	21	2481	2461	2.1	39.2
Query_57051	XR_004664993.1	100.000	21	0	0	1	21	2457	2437	2.1	39.2
Query_57051	XM_034932121.1	100.000	21	0	0	1	21	2523	2503	2.1	39.2
Query_57051	XM_034932120.1	100.000	21	0	0	1	21	2133	2113	2.1	39.2
Query_57051	XM_034932119.1	100.000	21	0	0	1	21	2409	2389	2.1	39.2
Query_57051	XM_034932117.1	100.000	21	0	0	1	21	2219	2199	2.1	39.2
Query_57051	XM_034932116.1	100.000	21	0	0	1	21	2481	2461	2.1	39.2
Query_57051	XM_034932115.1	100.000	21	0	0	1	21	2481	2461	2.1	39.2
Query_57051	XM_027942433.2	100.000	21	0	0	1	21	2490	2470	2.1	39.2
Query_57051	XM_032166649.2	100.000	21	0	0	1	21	2150	2130	2.1	39.2
Query_57051	XM_032166651.1	100.000	21	0	0	1	21	2117	2097	2.1	39.2
Query_57051	XR_004250229.1	100.000	21	0	0	1	21	2091	2071	2.1	39.2
Query_57051	XM_004050666.3	100.000	21	0	0	1	21	2522	2502	2.1	39.2
Query_57051	XM_019037259.2	100.000	21	0	0	1	21	2047	2027	2.1	39.2
Query_57051	XM_019037258.2	100.000	21	0	0	1	21	2409	2389	2.1	39.2
Query_57051	XM_004050664.3	100.000	21	0	0	1	21	2522	2502	2.1	39.2
Query_57051	XR_004033591.1	100.000	21	0	0	1	21	2522	2502	2.1	39.2
Query_57051	XR_004033590.1	100.000	21	0	0	1	21	2464	2444	2.1	39.2
Query_57051	XM_030828843.1	100.000	21	0	0	1	21	2488	2468	2.1	39.2
Query_57051	XM_030828842.1	100.000	21	0	0	1	21	2416	2396	2.1	39.2
Query_57051	XM_030828841.1	100.000	21	0	0	1	21	2522	2502	2.1	39.2
Query_57051	NM_001348749.2	100.000	21	0	0	1	21	2415	2395	2.1	39.2
Query_57051	NM_001348750.2	100.000	21	0	0	1	21	2523	2503	2.1	39.2
Query_57051	NM_001243254.2	100.000	21	0	0	1	21	2487	2467	2.1	39.2
Query_57051	NM_015213.4	100.000	21	0	0	1	21	2487	2467	2.1	39.2
Query_57051	NR_145966.2	100.000	21	0	0	1	21	2463	2443	2.1	39.2
Query_57051	XM_027942432.1	100.000	21	0	0	1	21	2495	2475	2.1	39.2
Query_57051	XM_003312912.4	100.000	21	0	0	1	21	2521	2501	2.1	39.2
Query_57051	XR_002938439.1	100.000	21	0	0	1	21	2521	2501	2.1	39.2
Query_57051	XM_016920357.2	100.000	21	0	0	1	21	2268	2248	2.1	39.2
Query_57051	XM_024346967.1	100.000	21	0	0	1	21	2521	2501	2.1	39.2
Query_57051	XM_024346966.1	100.000	21	0	0	1	21	2521	2501	2.1	39.2
Query_57051	XM_009459922.3	100.000	21	0	0	1	21	2449	2429	2.1	39.2
Query_57051	XM_016920354.2	100.000	21	0	0	1	21	2449	2429	2.1	39.2
Query_57051	XM_508914.6	100.000	21	0	0	1	21	2521	2501	2.1	39.2
Query_57051	XM_016920352.2	100.000	21	0	0	1	21	2521	2501	2.1	39.2
Query_57051	XM_024255110.1	100.000	21	0	0	1	21	2517	2497	2.1	39.2
Query_57051	XM_009246658.2	100.000	21	0	0	1	21	2140	2120	2.1	39.2
Query_57051	XM_024255109.1	100.000	21	0	0	1	21	2517	2497	2.1	39.2
Query_57051	XM_024255108.1	100.000	21	0	0	1	21	2517	2497	2.1	39.2
Query_57051	NG_053019.1	100.000	21	0	0	1	21	104423	104403	2.1	39.2
Query_57051	LT734349.1	100.000	21	0	0	1	21	1448	1428	2.1	39.2
Query_57051	XM_016920351.1	100.000	21	0	0	1	21	2278	2258	2.1	39.2
Query_57051	XM_015504405.1	100.000	21	0	0	1	21	2044	2024	2.1	39.2
Query_57051	KJ902312.1	100.000	21	0	0	1	21	1026	1006	2.1	39.2
Query_57051	AB463207.1	100.000	21	0	0	1	21	2215	2195	2.1	39.2
Query_57051	AK295881.1	100.000	21	0	0	1	21	2224	2204	2.1	39.2
Query_57051	AK302478.1	100.000	21	0	0	1	21	1924	1904	2.1	39.2
Query_57051	AK294016.1	100.000	21	0	0	1	21	2192	2172	2.1	39.2
Query_57051	AC191648.1	100.000	21	0	0	1	21	14784	14764	2.1	39.2
Query_57051	BC009354.2	100.000	21	0	0	1	21	1191	1171	2.1	39.2
Query_57051	AB029014.1	100.000	21	0	0	1	21	2423	2403	2.1	39.2
Query_57051	AK125444.1	100.000	21	0	0	1	21	1768	1748	2.1	39.2
Query_57051	BC071596.1	100.000	21	0	0	1	21	2268	2248	2.1	39.2
Query_57051	AC079296.5	100.000	21	0	0	1	21	14709	14689	2.1	39.2
Query_57051	AK026007.1	100.000	21	0	0	1	21	539	519	2.1	39.2
Query_57051	AK025499.1	100.000	21	0	0	1	21	1074	1054	2.1	39.2
Query_57051	AL117448.1	100.000	21	0	0	1	21	2219	2199	2.1	39.2
Query_57051	AP006259.1	100.000	21	0	0	1	21	8987	9007	2.1	39.2


