# blastn
# Iteration: 0
# Query: 
# RID: 7PVEF6KJ01R
# Database: nt
# Fields: query acc.ver, subject acc.ver, % identity, alignment length, mismatches, gap opens, q. start, q. end, s. start, s. end, evalue, bit score
# 101 hits found
Query_385323	XM_034951639.1	100.000	21	0	0	1	21	521	501	2.1	39.2
Query_385323	XM_034951638.1	100.000	21	0	0	1	21	373	353	2.1	39.2
Query_385323	XM_034951637.1	100.000	21	0	0	1	21	650	630	2.1	39.2
Query_385323	XM_034951636.1	100.000	21	0	0	1	21	414	394	2.1	39.2
Query_385323	XM_034951635.1	100.000	21	0	0	1	21	371	351	2.1	39.2
Query_385323	XM_034951634.1	100.000	21	0	0	1	21	374	354	2.1	39.2
Query_385323	XM_034951633.1	100.000	21	0	0	1	21	657	637	2.1	39.2
Query_385323	XM_034951632.1	100.000	21	0	0	1	21	415	395	2.1	39.2
Query_385323	XM_032754107.1	100.000	21	0	0	1	21	428	408	2.1	39.2
Query_385323	XM_032144947.1	100.000	21	0	0	1	21	810	790	2.1	39.2
Query_385323	XM_032144946.1	100.000	21	0	0	1	21	273	253	2.1	39.2
Query_385323	XM_032144945.1	100.000	21	0	0	1	21	915	895	2.1	39.2
Query_385323	NM_001194836.2	100.000	21	0	0	1	21	428	408	2.1	39.2
Query_385323	XM_009195636.2	100.000	21	0	0	1	21	373	353	2.1	39.2
Query_385323	XM_031002695.1	100.000	21	0	0	1	21	405	385	2.1	39.2
Query_385323	XM_031002694.1	100.000	21	0	0	1	21	405	385	2.1	39.2
Query_385323	XM_004056937.3	100.000	21	0	0	1	21	372	352	2.1	39.2
Query_385323	XM_004056936.3	100.000	21	0	0	1	21	526	506	2.1	39.2
Query_385323	XM_004056938.3	100.000	21	0	0	1	21	370	350	2.1	39.2
Query_385323	XM_019012582.2	100.000	21	0	0	1	21	370	350	2.1	39.2
Query_385323	XM_030798768.1	100.000	21	0	0	1	21	401	381	2.1	39.2
Query_385323	XM_030798767.1	100.000	21	0	0	1	21	401	381	2.1	39.2
Query_385323	XM_030798766.1	100.000	21	0	0	1	21	390	370	2.1	39.2
Query_385323	XM_030798765.1	100.000	21	0	0	1	21	507	487	2.1	39.2
Query_385323	XM_030798764.1	100.000	21	0	0	1	21	810	790	2.1	39.2
Query_385323	XM_030798763.1	100.000	21	0	0	1	21	507	487	2.1	39.2
Query_385323	XM_030798762.1	100.000	21	0	0	1	21	904	884	2.1	39.2
Query_385323	NM_194260.3	100.000	21	0	0	1	21	526	506	2.1	39.2
Query_385323	NM_194261.3	100.000	21	0	0	1	21	378	358	2.1	39.2
Query_385323	NM_194259.3	100.000	21	0	0	1	21	653	633	2.1	39.2
Query_385323	XM_028840603.1	100.000	21	0	0	1	21	423	403	2.1	39.2
Query_385323	XM_028840602.1	100.000	21	0	0	1	21	427	407	2.1	39.2
Query_385323	XM_001118584.4	100.000	21	0	0	1	21	372	352	2.1	39.2
Query_385323	XM_028840601.1	100.000	21	0	0	1	21	362	342	2.1	39.2
Query_385323	NM_003345.5	100.000	21	0	0	1	21	396	376	2.1	39.2
Query_385323	CP034494.1	100.000	21	0	0	1	21	1310198	1310178	2.1	39.2
Query_385323	CP034494.1	100.000	21	0	0	1	21	90535516	90535496	2.1	39.2
Query_385323	XM_025370151.1	100.000	21	0	0	1	21	515	495	2.1	39.2
Query_385323	XM_025370150.1	100.000	21	0	0	1	21	519	499	2.1	39.2
Query_385323	XM_025370148.1	100.000	21	0	0	1	21	371	351	2.1	39.2
Query_385323	XM_025370147.1	100.000	21	0	0	1	21	659	639	2.1	39.2
Query_385323	XM_025370146.1	100.000	21	0	0	1	21	797	777	2.1	39.2
Query_385323	XM_011748436.2	100.000	21	0	0	1	21	673	653	2.1	39.2
Query_385323	XM_024794102.1	100.000	21	0	0	1	21	344	324	2.1	39.2
Query_385323	XM_024794101.1	100.000	21	0	0	1	21	2511	2491	2.1	39.2
Query_385323	XM_024450432.1	100.000	21	0	0	1	21	554	534	2.1	39.2
Query_385323	XM_016929130.2	100.000	21	0	0	1	21	517	497	2.1	39.2
Query_385323	XM_003314907.5	100.000	21	0	0	1	21	704	684	2.1	39.2
Query_385323	XM_003314906.4	100.000	21	0	0	1	21	420	400	2.1	39.2
Query_385323	XM_003314905.4	100.000	21	0	0	1	21	520	500	2.1	39.2
Query_385323	XM_016929129.2	100.000	21	0	0	1	21	774	754	2.1	39.2
Query_385323	XM_016929128.2	100.000	21	0	0	1	21	517	497	2.1	39.2
Query_385323	XM_009430052.3	100.000	21	0	0	1	21	704	684	2.1	39.2
Query_385323	XM_009430055.3	100.000	21	0	0	1	21	365	345	2.1	39.2
Query_385323	XM_009430053.3	100.000	21	0	0	1	21	507	487	2.1	39.2
Query_385323	XM_016929126.2	100.000	21	0	0	1	21	774	754	2.1	39.2
Query_385323	XM_016929125.2	100.000	21	0	0	1	21	517	497	2.1	39.2
Query_385323	XM_024233921.1	100.000	21	0	0	1	21	371	351	2.1	39.2
Query_385323	XM_002825946.4	100.000	21	0	0	1	21	515	495	2.1	39.2
Query_385323	XM_024233920.1	100.000	21	0	0	1	21	525	505	2.1	39.2
Query_385323	XM_024233919.1	100.000	21	0	0	1	21	399	379	2.1	39.2
Query_385323	XM_024233918.1	100.000	21	0	0	1	21	408	388	2.1	39.2
Query_385323	XM_006107083.3	100.000	21	0	0	1	21	391	371	2.1	39.2
Query_385323	XM_023747833.1	100.000	21	0	0	1	21	303	283	2.1	39.2
Query_385323	LT733828.1	100.000	21	0	0	1	21	734	714	2.1	39.2
Query_385323	U45328.2	100.000	21	0	0	1	21	370	350	2.1	39.2
Query_385323	XM_019012585.1	100.000	21	0	0	1	21	512	492	2.1	39.2
Query_385323	XM_019012583.1	100.000	21	0	0	1	21	348	328	2.1	39.2
Query_385323	XM_017023640.1	100.000	21	0	0	1	21	802	782	2.1	39.2
Query_385323	XM_005255541.4	100.000	21	0	0	1	21	802	782	2.1	39.2
Query_385323	XM_011522644.2	100.000	21	0	0	1	21	642	622	2.1	39.2
Query_385323	XM_015442656.1	100.000	21	0	0	1	21	282	262	2.1	39.2
Query_385323	XM_015442655.1	100.000	21	0	0	1	21	527	507	2.1	39.2
Query_385323	XM_015442654.1	100.000	21	0	0	1	21	277	257	2.1	39.2
Query_385323	XM_015442653.1	100.000	21	0	0	1	21	372	352	2.1	39.2
Query_385323	XM_005590842.2	100.000	21	0	0	1	21	507	487	2.1	39.2
Query_385323	XM_014539992.1	100.000	21	0	0	1	21	257	237	2.1	39.2
Query_385323	XM_011748438.1	100.000	21	0	0	1	21	274	254	2.1	39.2
Query_385323	XM_011748437.1	100.000	21	0	0	1	21	370	350	2.1	39.2
Query_385323	XM_011966925.1	100.000	21	0	0	1	21	282	262	2.1	39.2
Query_385323	XM_011966924.1	100.000	21	0	0	1	21	532	512	2.1	39.2
Query_385323	XM_012034493.1	100.000	21	0	0	1	21	1193	1173	2.1	39.2
Query_385323	XM_012034484.1	100.000	21	0	0	1	21	372	352	2.1	39.2
Query_385323	XM_012034473.1	100.000	21	0	0	1	21	507	487	2.1	39.2
Query_385323	XM_012034463.1	100.000	21	0	0	1	21	1129	1109	2.1	39.2
Query_385323	XM_011522645.1	100.000	21	0	0	1	21	507	487	2.1	39.2
Query_385323	XM_005255540.2	100.000	21	0	0	1	21	396	376	2.1	39.2
Query_385323	KJ892346.1	100.000	21	0	0	1	21	312	292	2.1	39.2
Query_385323	XM_007264702.1	100.000	21	0	0	1	21	259	239	2.1	39.2
Query_385323	CP068262.1	100.000	21	0	0	1	21	1336381	1336361	2.1	39.2
Query_385323	AP023476.1	100.000	21	0	0	1	21	1334027	1334007	2.1	39.2
Query_385323	AK291118.1	100.000	21	0	0	1	21	396	376	2.1	39.2
Query_385323	DQ894552.2	100.000	21	0	0	1	21	269	249	2.1	39.2
Query_385323	DQ891373.2	100.000	21	0	0	1	21	269	249	2.1	39.2
Query_385323	BC002345.1	100.000	21	0	0	1	21	1987	1967	2.1	39.2
Query_385323	BC051289.1	100.000	21	0	0	1	21	339	319	2.1	39.2
Query_385323	BT007741.1	100.000	21	0	0	1	21	247	227	2.1	39.2
Query_385323	BT007635.1	100.000	21	0	0	1	21	247	227	2.1	39.2
Query_385323	BT007010.1	100.000	21	0	0	1	21	247	227	2.1	39.2
Query_385323	BT006932.1	100.000	21	0	0	1	21	247	227	2.1	39.2
Query_385323	AB208988.1	100.000	21	0	0	1	21	486	466	2.1	39.2


