# blastn
# Iteration: 0
# Query: 
# RID: 73TPG0CA013
# Database: nt
# Fields: query acc.ver, subject acc.ver, % identity, alignment length, mismatches, gap opens, q. start, q. end, s. start, s. end, evalue, bit score
# 100 hits found
Query_62589	XM_033212850.1	100.000	21	0	0	1	21	259	239	2.1	39.2
Query_62589	XM_033212849.1	100.000	21	0	0	1	21	284	264	2.1	39.2
Query_62589	XM_033212848.1	100.000	21	0	0	1	21	380	360	2.1	39.2
Query_62589	XM_033212847.1	100.000	21	0	0	1	21	389	369	2.1	39.2
Query_62589	XM_033212846.1	100.000	21	0	0	1	21	461	441	2.1	39.2
Query_62589	XM_031650201.1	100.000	21	0	0	1	21	586	566	2.1	39.2
Query_62589	XM_010357324.2	100.000	21	0	0	1	21	380	360	2.1	39.2
Query_62589	XM_010357323.2	100.000	21	0	0	1	21	389	369	2.1	39.2
Query_62589	XM_010357322.2	100.000	21	0	0	1	21	461	441	2.1	39.2
Query_62589	NR_104037.2	100.000	21	0	0	1	21	316	296	2.1	39.2
Query_62589	NR_104036.2	100.000	21	0	0	1	21	221	201	2.1	39.2
Query_62589	NM_181800.3	100.000	21	0	0	1	21	426	406	2.1	39.2
Query_62589	NM_181799.3	100.000	21	0	0	1	21	459	439	2.1	39.2
Query_62589	NM_181801.4	100.000	21	0	0	1	21	656	636	2.1	39.2
Query_62589	NM_007019.4	100.000	21	0	0	1	21	513	493	2.1	39.2
Query_62589	CP034499.1	100.000	21	0	0	1	21	44384532	44384512	2.1	39.2
Query_62589	XR_003120191.1	100.000	21	0	0	1	21	499	479	2.1	39.2
Query_62589	XM_025374652.1	100.000	21	0	0	1	21	320	300	2.1	39.2
Query_62589	XM_025374651.1	100.000	21	0	0	1	21	416	396	2.1	39.2
Query_62589	XM_025374650.1	100.000	21	0	0	1	21	425	405	2.1	39.2
Query_62589	XM_025374649.1	100.000	21	0	0	1	21	497	477	2.1	39.2
Query_62589	XM_024559700.1	100.000	21	0	0	1	21	374	354	2.1	39.2
Query_62589	XM_024559699.1	100.000	21	0	0	1	21	548	528	2.1	39.2
Query_62589	XM_024555288.1	100.000	21	0	0	1	21	1740	1720	2.1	39.2
Query_62589	XM_017866612.1	100.000	21	0	0	1	21	508	488	2.1	39.2
Query_62589	KT331146.1	100.000	21	0	0	1	21	5886	5906	2.1	39.2
Query_62589	KT331145.1	100.000	21	0	0	1	21	5886	5906	2.1	39.2
Query_62589	KT331056.1	100.000	21	0	0	1	21	14449	14469	2.1	39.2
Query_62589	XM_011972812.1	100.000	21	0	0	1	21	284	264	2.1	39.2
Query_62589	XM_011972811.1	100.000	21	0	0	1	21	380	360	2.1	39.2
Query_62589	XM_011972810.1	100.000	21	0	0	1	21	435	415	2.1	39.2
Query_62589	XM_011972809.1	100.000	21	0	0	1	21	507	487	2.1	39.2
Query_62589	KJ913107.1	100.000	21	0	0	1	21	15504	15484	2.1	39.2
Query_62589	KJ456643.1	100.000	21	0	0	1	21	15504	15484	2.1	39.2
Query_62589	KJ489634.1	100.000	21	0	0	1	21	17274	17254	2.1	39.2
Query_62589	CP068258.1	100.000	21	0	0	1	21	47552372	47552352	2.1	39.2
Query_62589	AP023480.1	100.000	21	0	0	1	21	43851339	43851319	2.1	39.2
Query_62589	NM_001281741.2	100.000	21	0	0	1	21	372	352	2.1	39.2
Query_62589	NM_001281742.2	100.000	21	0	0	1	21	308	288	2.1	39.2
Query_62589	AL050348.22	100.000	21	0	0	1	21	85552	85532	2.1	39.2
Query_62589	EU831629.1	100.000	21	0	0	1	21	483	463	2.1	39.2
Query_62589	EU831714.1	100.000	21	0	0	1	21	483	463	2.1	39.2
Query_62589	AK311949.1	100.000	21	0	0	1	21	548	528	2.1	39.2
Query_62589	DQ895630.2	100.000	21	0	0	1	21	483	463	2.1	39.2
Query_62589	DQ892416.2	100.000	21	0	0	1	21	483	463	2.1	39.2
Query_62589	BC028161.1	100.000	21	0	0	1	21	1120	1100	2.1	39.2
Query_62589	BC016292.1	100.000	21	0	0	1	21	510	490	2.1	39.2
Query_62589	BC007656.2	100.000	21	0	0	1	21	504	484	2.1	39.2
Query_62589	BC032677.2	100.000	21	0	0	1	21	1292	1272	2.1	39.2
Query_62589	BT007300.1	100.000	21	0	0	1	21	461	441	2.1	39.2
Query_62589	BT007515.1	100.000	21	0	0	1	21	461	441	2.1	39.2
Query_62589	CR456988.1	100.000	21	0	0	1	21	461	441	2.1	39.2
Query_62589	BC050736.1	100.000	21	0	0	1	21	531	511	2.1	39.2
Query_62589	U73379.1	100.000	21	0	0	1	21	501	481	2.1	39.2
Query_62589	CP050588.1	100.000	20	0	0	1	20	33115912	33115893	7.3	37.4
Query_62589	CP050586.1	100.000	20	0	0	1	20	18659730	18659711	7.3	37.4
Query_62589	CP050569.1	100.000	20	0	0	1	20	32847644	32847663	7.3	37.4
Query_62589	CP050643.1	100.000	20	0	0	1	20	33127961	33127942	7.3	37.4
Query_62589	CP050622.1	100.000	20	0	0	1	20	17875333	17875314	7.3	37.4
Query_62589	CP050620.1	100.000	20	0	0	1	20	32851649	32851668	7.3	37.4
Query_62589	XM_033119601.1	100.000	20	0	0	1	20	506	487	7.3	37.4
Query_62589	XM_033094387.1	100.000	20	0	0	1	20	563	544	7.3	37.4
Query_62589	XM_030888623.1	100.000	20	0	0	1	20	323	304	7.3	37.4
Query_62589	XM_030886680.1	100.000	20	0	0	1	20	371	352	7.3	37.4
Query_62589	XM_030885755.1	100.000	20	0	0	1	20	380	361	7.3	37.4
Query_62589	XM_030885754.1	100.000	20	0	0	1	20	389	370	7.3	37.4
Query_62589	XM_030885753.1	100.000	20	0	0	1	20	461	442	7.3	37.4
Query_62589	XM_027558425.1	100.000	20	0	0	1	20	544	525	7.3	37.4
Query_62589	XM_027558423.1	100.000	20	0	0	1	20	536	517	7.3	37.4
Query_62589	XM_027558422.1	100.000	20	0	0	1	20	557	538	7.3	37.4
Query_62589	XM_027558421.1	100.000	20	0	0	1	20	563	544	7.3	37.4
Query_62589	XM_026014740.1	100.000	20	0	0	1	20	808	789	7.3	37.4
Query_62589	XM_006051349.2	100.000	20	0	0	1	20	538	519	7.3	37.4
Query_62589	XM_025263365.1	100.000	20	0	0	1	20	565	546	7.3	37.4
Query_62589	XM_005214594.4	100.000	20	0	0	1	20	549	530	7.3	37.4
Query_62589	XM_010811412.3	100.000	20	0	0	1	20	571	552	7.3	37.4
Query_62589	XM_010811411.3	100.000	20	0	0	1	20	576	557	7.3	37.4
Query_62589	CP027081.1	100.000	20	0	0	1	20	67387071	67387052	7.3	37.4
Query_62589	XM_004485156.2	100.000	20	0	0	1	20	532	513	7.3	37.4
Query_62589	XM_021649032.1	100.000	20	0	0	1	20	504	485	7.3	37.4
Query_62589	XM_021638616.1	100.000	20	0	0	1	20	1344	1325	7.3	37.4
Query_62589	HG994407.1	100.000	20	0	0	1	20	35273761	35273742	7.3	37.4
Query_62589	HG994395.1	100.000	20	0	0	1	20	34297896	34297915	7.3	37.4
Query_62589	XM_038668540.1	100.000	20	0	0	1	20	590	571	7.3	37.4
Query_62589	XM_038433980.1	100.000	20	0	0	1	20	476	457	7.3	37.4
Query_62589	XM_038433979.1	100.000	20	0	0	1	20	516	497	7.3	37.4
Query_62589	XM_038433978.1	100.000	20	0	0	1	20	520	501	7.3	37.4
Query_62589	XM_038433977.1	100.000	20	0	0	1	20	554	535	7.3	37.4
Query_62589	XM_038457716.1	100.000	20	0	0	1	20	475	456	7.3	37.4
Query_62589	XM_038457715.1	100.000	20	0	0	1	20	515	496	7.3	37.4
Query_62589	XM_543022.6	100.000	20	0	0	1	20	522	503	7.3	37.4
Query_62589	XM_022408915.2	100.000	20	0	0	1	20	559	540	7.3	37.4
Query_62589	XM_037006216.1	100.000	20	0	0	1	20	823	804	7.3	37.4
Query_62589	XM_036902153.1	100.000	20	0	0	1	20	821	802	7.3	37.4
Query_62589	LR877215.1	100.000	20	0	0	1	20	14230663	14230644	7.3	37.4
Query_62589	XM_035705670.1	100.000	20	0	0	1	20	476	457	7.3	37.4
Query_62589	XM_035705669.1	100.000	20	0	0	1	20	516	497	7.3	37.4
Query_62589	XM_025470241.2	100.000	20	0	0	1	20	518	499	7.3	37.4
Query_62589	XM_025470239.2	100.000	20	0	0	1	20	553	534	7.3	37.4
Query_62589	XM_035718371.1	100.000	20	0	0	1	20	590	571	7.3	37.4


