# blastn
# Iteration: 0
# Query: 
# RID: 73NRKCE5016
# Database: nt
# Fields: query acc.ver, subject acc.ver, % identity, alignment length, mismatches, gap opens, q. start, q. end, s. start, s. end, evalue, bit score
# 100 hits found
Query_11539	XM_035107943.1	100.000	21	0	0	1	21	600	580	2.1	39.2
Query_11539	XM_035027375.1	100.000	21	0	0	1	21	1086	1066	2.1	39.2
Query_11539	XM_003817410.4	100.000	21	0	0	1	21	1013	993	2.1	39.2
Query_11539	AP023165.1	100.000	21	0	0	1	21	32209311	32209331	2.1	39.2
Query_11539	XM_019795727.2	100.000	21	0	0	1	21	1108	1088	2.1	39.2
Query_11539	XM_019945282.2	100.000	21	0	0	1	21	1095	1075	2.1	39.2
Query_11539	XM_010620341.3	100.000	21	0	0	1	21	140	120	2.1	39.2
Query_11539	XM_004271794.3	100.000	21	0	0	1	21	1115	1095	2.1	39.2
Query_11539	CP050593.1	100.000	21	0	0	1	21	31020531	31020511	2.1	39.2
Query_11539	CP050635.1	100.000	21	0	0	1	21	31022238	31022218	2.1	39.2
Query_11539	XM_033183585.1	100.000	21	0	0	1	21	1022	1002	2.1	39.2
Query_11539	XM_033138736.1	100.000	21	0	0	1	21	1040	1020	2.1	39.2
Query_11539	XM_033089132.1	100.000	21	0	0	1	21	1038	1018	2.1	39.2
Query_11539	XR_004384313.1	100.000	21	0	0	1	21	1335	1315	2.1	39.2
Query_11539	XM_032872008.1	100.000	21	0	0	1	21	1335	1315	2.1	39.2
Query_11539	XM_032615033.1	100.000	21	0	0	1	21	1100	1080	2.1	39.2
Query_11539	AP022719.1	100.000	21	0	0	1	21	1905804	1905784	2.1	39.2
Query_11539	XM_006181400.3	100.000	21	0	0	1	21	1111	1091	2.1	39.2
Query_11539	XM_032428988.1	100.000	21	0	0	1	21	1093	1073	2.1	39.2
Query_11539	XM_032321978.1	100.000	21	0	0	1	21	1463	1443	2.1	39.2
Query_11539	XM_032162573.1	100.000	21	0	0	1	21	1022	1002	2.1	39.2
Query_11539	LR738418.1	100.000	21	0	0	1	21	31286004	31285984	2.1	39.2
Query_11539	XM_003767966.4	100.000	21	0	0	1	21	528	508	2.1	39.2
Query_11539	XM_023203969.3	100.000	21	0	0	1	21	1021	1001	2.1	39.2
Query_11539	XM_006216420.2	100.000	21	0	0	1	21	169	149	2.1	39.2
Query_11539	XM_003912784.4	100.000	21	0	0	1	21	1098	1078	2.1	39.2
Query_11539	XM_031468094.1	100.000	21	0	0	1	21	996	976	2.1	39.2
Query_11539	XM_019026567.2	100.000	21	0	0	1	21	1072	1052	2.1	39.2
Query_11539	XM_010380650.2	100.000	21	0	0	1	21	1022	1002	2.1	39.2
Query_11539	XM_030881597.1	100.000	21	0	0	1	21	1092	1072	2.1	39.2
Query_11539	XM_003272285.3	100.000	21	0	0	1	21	1374	1354	2.1	39.2
Query_11539	MH729718.1	100.000	21	0	0	1	21	503	483	2.1	39.2
Query_11539	MH729717.1	100.000	21	0	0	1	21	503	483	2.1	39.2
Query_11539	MH729716.1	100.000	21	0	0	1	21	503	483	2.1	39.2
Query_11539	MH729715.1	100.000	21	0	0	1	21	503	483	2.1	39.2
Query_11539	MH729714.1	100.000	21	0	0	1	21	503	483	2.1	39.2
Query_11539	MH729713.1	100.000	21	0	0	1	21	503	483	2.1	39.2
Query_11539	NM_005450.6	100.000	21	0	0	1	21	1028	1008	2.1	39.2
Query_11539	XM_030296487.1	100.000	21	0	0	1	21	1134	1114	2.1	39.2
Query_11539	XM_029928309.1	100.000	21	0	0	1	21	717	697	2.1	39.2
Query_11539	XM_029600692.1	100.000	21	0	0	1	21	1332	1312	2.1	39.2
Query_11539	XM_008838436.3	100.000	21	0	0	1	21	1130	1110	2.1	39.2
Query_11539	XM_029212779.1	100.000	21	0	0	1	21	1023	1003	2.1	39.2
Query_11539	XM_027087081.1	100.000	21	0	0	1	21	1092	1072	2.1	39.2
Query_11539	XM_027034179.1	100.000	21	0	0	1	21	1134	1114	2.1	39.2
Query_11539	XM_026517916.1	100.000	21	0	0	1	21	969	949	2.1	39.2
Query_11539	XM_008147742.2	100.000	21	0	0	1	21	1152	1132	2.1	39.2
Query_11539	XM_028164964.1	100.000	21	0	0	1	21	527	507	2.1	39.2
Query_11539	XM_028092977.1	100.000	21	0	0	1	21	503	483	2.1	39.2
Query_11539	XM_027870639.1	100.000	21	0	0	1	21	503	483	2.1	39.2
Query_11539	XM_006172059.3	100.000	21	0	0	1	21	744	724	2.1	39.2
Query_11539	CP034495.1	100.000	21	0	0	1	21	54672087	54672067	2.1	39.2
Query_11539	XM_027519023.1	100.000	21	0	0	1	21	731	711	2.1	39.2
Query_11539	XM_025996239.1	100.000	21	0	0	1	21	455	435	2.1	39.2
Query_11539	XM_025851038.1	100.000	21	0	0	1	21	503	483	2.1	39.2
Query_11539	XM_025362689.1	100.000	21	0	0	1	21	1077	1057	2.1	39.2
Query_11539	MF480653.1	100.000	21	0	0	1	21	530	510	2.1	39.2
Query_11539	XM_006076220.2	100.000	21	0	0	1	21	703	683	2.1	39.2
Query_11539	XM_006924856.3	100.000	21	0	0	1	21	847	827	2.1	39.2
Query_11539	XM_002695554.6	100.000	21	0	0	1	21	1098	1078	2.1	39.2
Query_11539	XM_011732968.2	100.000	21	0	0	1	21	1133	1113	2.1	39.2
Query_11539	XM_024757637.1	100.000	21	0	0	1	21	842	822	2.1	39.2
Query_11539	XM_024573455.1	100.000	21	0	0	1	21	1012	992	2.1	39.2
Query_11539	XM_523802.6	100.000	21	0	0	1	21	1083	1063	2.1	39.2
Query_11539	CP027087.1	100.000	21	0	0	1	21	7101679	7101659	2.1	39.2
Query_11539	XM_002827353.4	100.000	21	0	0	1	21	1022	1002	2.1	39.2
Query_11539	XM_007109681.2	100.000	21	0	0	1	21	846	826	2.1	39.2
Query_11539	XM_024127830.1	100.000	21	0	0	1	21	846	826	2.1	39.2
Query_11539	KY888941.1	100.000	21	0	0	1	21	317	297	2.1	39.2
Query_11539	XM_006095589.3	100.000	21	0	0	1	21	1113	1093	2.1	39.2
Query_11539	XM_040497066.1	100.000	21	0	0	1	21	1134	1114	2.1	39.2
Query_11539	XM_040244285.1	100.000	21	0	0	1	21	1156	1136	2.1	39.2
Query_11539	HG994394.1	100.000	21	0	0	1	21	29720446	29720466	2.1	39.2
Query_11539	XM_039885709.1	100.000	21	0	0	1	21	1022	1002	2.1	39.2
Query_11539	XM_039241125.1	100.000	21	0	0	1	21	1091	1071	2.1	39.2
Query_11539	CP068261.1	100.000	21	0	0	1	21	57471139	57471119	2.1	39.2
Query_11539	XM_038675217.1	100.000	21	0	0	1	21	612	592	2.1	39.2
Query_11539	XM_005624988.2	100.000	21	0	0	1	21	606	586	2.1	39.2
Query_11539	XM_038757286.1	100.000	21	0	0	1	21	703	683	2.1	39.2
Query_11539	XM_038329121.1	100.000	21	0	0	1	21	503	483	2.1	39.2
Query_11539	XM_008011393.2	100.000	21	0	0	1	21	1089	1069	2.1	39.2
Query_11539	XM_037809573.1	100.000	21	0	0	1	21	1088	1068	2.1	39.2
Query_11539	XM_037493704.1	100.000	21	0	0	1	21	997	977	2.1	39.2
Query_11539	XM_028878202.2	100.000	21	0	0	1	21	1039	1019	2.1	39.2
Query_11539	XM_037163726.1	100.000	21	0	0	1	21	1075	1055	2.1	39.2
Query_11539	XM_017654997.2	100.000	21	0	0	1	21	1111	1091	2.1	39.2
Query_11539	XM_036879834.1	100.000	21	0	0	1	21	1104	1084	2.1	39.2
Query_11539	XM_036753176.1	100.000	21	0	0	1	21	503	483	2.1	39.2
Query_11539	XM_036454376.1	100.000	21	0	0	1	21	907	887	2.1	39.2
Query_11539	XM_036342124.1	100.000	21	0	0	1	21	536	516	2.1	39.2
Query_11539	XM_036269265.1	100.000	21	0	0	1	21	1035	1015	2.1	39.2
Query_11539	XM_016155130.2	100.000	21	0	0	1	21	1092	1072	2.1	39.2
Query_11539	AP023477.1	100.000	21	0	0	1	21	54043939	54043919	2.1	39.2
Query_11539	XM_036198140.1	100.000	21	0	0	1	21	1036	1016	2.1	39.2
Query_11539	XM_036106165.1	100.000	21	0	0	1	21	1103	1083	2.1	39.2
Query_11539	LR877227.1	100.000	21	0	0	1	21	16109954	16109974	2.1	39.2
Query_11539	XM_025440587.2	100.000	21	0	0	1	21	618	598	2.1	39.2
Query_11539	XM_027626595.2	100.000	21	0	0	1	21	1087	1067	2.1	39.2
Query_11539	LR862372.1	100.000	21	0	0	1	21	24407175	24407155	2.1	39.2
Query_11539	XM_002748399.4	100.000	21	0	0	1	21	1023	1003	2.1	39.2


