# blastn
# Iteration: 0
# Query: 
# RID: 7RKJZS31013
# Database: nt
# Fields: query acc.ver, subject acc.ver, % identity, alignment length, mismatches, gap opens, q. start, q. end, s. start, s. end, evalue, bit score
# 100 hits found
Query_21741	XM_040475549.1	100.000	21	0	0	1	21	480	460	2.1	39.2
Query_21741	XM_040475548.1	100.000	21	0	0	1	21	571	551	2.1	39.2
Query_21741	HG999687.1	100.000	21	0	0	1	21	13923375	13923395	2.1	39.2
Query_21741	XM_040294550.1	100.000	21	0	0	1	21	458	438	2.1	39.2
Query_21741	XM_021725967.2	100.000	21	0	0	1	21	788	768	2.1	39.2
Query_21741	XM_040294549.1	100.000	21	0	0	1	21	706	686	2.1	39.2
Query_21741	XM_040294548.1	100.000	21	0	0	1	21	892	872	2.1	39.2
Query_21741	XM_040069867.1	100.000	21	0	0	1	21	377	357	2.1	39.2
Query_21741	XM_040069866.1	100.000	21	0	0	1	21	334	314	2.1	39.2
Query_21741	XM_040069865.1	100.000	21	0	0	1	21	365	345	2.1	39.2
Query_21741	XM_040069863.1	100.000	21	0	0	1	21	574	554	2.1	39.2
Query_21741	XM_029072554.2	100.000	21	0	0	1	21	658	638	2.1	39.2
Query_21741	XM_029072553.2	100.000	21	0	0	1	21	545	525	2.1	39.2
Query_21741	HG994416.1	100.000	21	0	0	1	21	26894042	26894022	2.1	39.2
Query_21741	XM_039855835.1	100.000	21	0	0	1	21	566	546	2.1	39.2
Query_21741	XM_039855834.1	100.000	21	0	0	1	21	860	840	2.1	39.2
Query_21741	XM_039855833.1	100.000	21	0	0	1	21	582	562	2.1	39.2
Query_21741	XM_039855832.1	100.000	21	0	0	1	21	729	709	2.1	39.2
Query_21741	XM_039855830.1	100.000	21	0	0	1	21	595	575	2.1	39.2
Query_21741	XM_039855829.1	100.000	21	0	0	1	21	816	796	2.1	39.2
Query_21741	XM_039855828.1	100.000	21	0	0	1	21	637	617	2.1	39.2
Query_21741	XM_039696834.1	100.000	21	0	0	1	21	269	249	2.1	39.2
Query_21741	XM_039696825.1	100.000	21	0	0	1	21	585	565	2.1	39.2
Query_21741	XM_019290592.3	100.000	21	0	0	1	21	269	249	2.1	39.2
Query_21741	XM_019290591.3	100.000	21	0	0	1	21	320	300	2.1	39.2
Query_21741	XM_039555277.1	100.000	21	0	0	1	21	461	441	2.1	39.2
Query_21741	XM_039555276.1	100.000	21	0	0	1	21	620	600	2.1	39.2
Query_21741	XM_039495191.1	100.000	21	0	0	1	21	463	443	2.1	39.2
Query_21741	XM_039495190.1	100.000	21	0	0	1	21	555	535	2.1	39.2
Query_21741	XM_039495189.1	100.000	21	0	0	1	21	578	558	2.1	39.2
Query_21741	XM_039495187.1	100.000	21	0	0	1	21	848	828	2.1	39.2
Query_21741	XM_039495186.1	100.000	21	0	0	1	21	818	798	2.1	39.2
Query_21741	XM_010351541.2	100.000	21	0	0	1	21	807	787	2.1	39.2
Query_21741	XM_039469988.1	100.000	21	0	0	1	21	887	867	2.1	39.2
Query_21741	NM_001047857.4	100.000	21	0	0	1	21	811	791	2.1	39.2
Query_21741	XM_027731489.2	100.000	21	0	0	1	21	631	611	2.1	39.2
Query_21741	XM_039322530.1	100.000	21	0	0	1	21	539	519	2.1	39.2
Query_21741	XM_039322529.1	100.000	21	0	0	1	21	569	549	2.1	39.2
Query_21741	XM_039322528.1	100.000	21	0	0	1	21	570	550	2.1	39.2
Query_21741	XM_039322527.1	100.000	21	0	0	1	21	620	600	2.1	39.2
Query_21741	XM_039254350.1	100.000	21	0	0	1	21	549	529	2.1	39.2
Query_21741	XM_039239646.1	100.000	21	0	0	1	21	599	579	2.1	39.2
Query_21741	XM_039239644.1	100.000	21	0	0	1	21	558	538	2.1	39.2
Query_21741	XM_039239643.1	100.000	21	0	0	1	21	772	752	2.1	39.2
Query_21741	XM_006234405.4	100.000	21	0	0	1	21	754	734	2.1	39.2
Query_21741	XM_038447236.1	100.000	21	0	0	1	21	478	458	2.1	39.2
Query_21741	XM_038447235.1	100.000	21	0	0	1	21	784	764	2.1	39.2
Query_21741	XM_038463393.1	100.000	21	0	0	1	21	478	458	2.1	39.2
Query_21741	XM_038463392.1	100.000	21	0	0	1	21	784	764	2.1	39.2
Query_21741	XM_038751298.1	100.000	21	0	0	1	21	546	526	2.1	39.2
Query_21741	XM_038422435.1	100.000	21	0	0	1	21	534	514	2.1	39.2
Query_21741	XM_038422434.1	100.000	21	0	0	1	21	1044	1024	2.1	39.2
Query_21741	XM_038422433.1	100.000	21	0	0	1	21	937	917	2.1	39.2
Query_21741	XM_038422432.1	100.000	21	0	0	1	21	878	858	2.1	39.2
Query_21741	XM_038337979.1	100.000	21	0	0	1	21	611	591	2.1	39.2
Query_21741	XM_027461414.2	100.000	21	0	0	1	21	625	605	2.1	39.2
Query_21741	XM_038142540.1	100.000	21	0	0	1	21	318	298	2.1	39.2
Query_21741	XM_038142539.1	100.000	21	0	0	1	21	816	796	2.1	39.2
Query_21741	XM_038142538.1	100.000	21	0	0	1	21	607	587	2.1	39.2
Query_21741	XM_007965532.2	100.000	21	0	0	1	21	871	851	2.1	39.2
Query_21741	XM_007965531.2	100.000	21	0	0	1	21	801	781	2.1	39.2
Query_21741	XM_007965530.2	100.000	21	0	0	1	21	824	804	2.1	39.2
Query_21741	XM_027831903.2	100.000	21	0	0	1	21	597	577	2.1	39.2
Query_21741	XM_037912406.1	100.000	21	0	0	1	21	801	781	2.1	39.2
Query_21741	XM_007069768.3	100.000	21	0	0	1	21	819	799	2.1	39.2
Query_21741	XM_027831901.2	100.000	21	0	0	1	21	698	678	2.1	39.2
Query_21741	XM_037849091.1	100.000	21	0	0	1	21	637	617	2.1	39.2
Query_21741	XM_037849090.1	100.000	21	0	0	1	21	599	579	2.1	39.2
Query_21741	XM_037849089.1	100.000	21	0	0	1	21	837	817	2.1	39.2
Query_21741	XM_037844356.1	100.000	21	0	0	1	21	431	411	2.1	39.2
Query_21741	XM_037839205.1	100.000	21	0	0	1	21	461	441	2.1	39.2
Query_21741	XM_037735836.1	100.000	21	0	0	1	21	446	426	2.1	39.2
Query_21741	XM_037732749.1	100.000	21	0	0	1	21	525	505	2.1	39.2
Query_21741	XM_017532745.2	100.000	21	0	0	1	21	877	857	2.1	39.2
Query_21741	XM_017532744.2	100.000	21	0	0	1	21	807	787	2.1	39.2
Query_21741	XM_017532743.2	100.000	21	0	0	1	21	886	866	2.1	39.2
Query_21741	XM_037398242.1	100.000	21	0	0	1	21	696	676	2.1	39.2
Query_21741	XM_028884602.2	100.000	21	0	0	1	21	808	788	2.1	39.2
Query_21741	XM_028884601.2	100.000	21	0	0	1	21	881	861	2.1	39.2
Query_21741	XM_037130039.1	100.000	21	0	0	1	21	535	515	2.1	39.2
Query_21741	XM_037130038.1	100.000	21	0	0	1	21	542	522	2.1	39.2
Query_21741	XM_037130037.1	100.000	21	0	0	1	21	704	684	2.1	39.2
Query_21741	XM_037130036.1	100.000	21	0	0	1	21	804	784	2.1	39.2
Query_21741	XM_037044351.1	100.000	21	0	0	1	21	735	715	2.1	39.2
Query_21741	XM_037044350.1	100.000	21	0	0	1	21	542	522	2.1	39.2
Query_21741	XM_037044349.1	100.000	21	0	0	1	21	535	515	2.1	39.2
Query_21741	XM_037044348.1	100.000	21	0	0	1	21	668	648	2.1	39.2
Query_21741	XM_037044347.1	100.000	21	0	0	1	21	784	764	2.1	39.2
Query_21741	XM_037000303.1	100.000	21	0	0	1	21	595	575	2.1	39.2
Query_21741	XM_037000302.1	100.000	21	0	0	1	21	590	570	2.1	39.2
Query_21741	XM_037000301.1	100.000	21	0	0	1	21	477	457	2.1	39.2
Query_21741	XM_017668147.2	100.000	21	0	0	1	21	611	591	2.1	39.2
Query_21741	XM_017668146.2	100.000	21	0	0	1	21	732	712	2.1	39.2
Query_21741	XM_037000299.1	100.000	21	0	0	1	21	595	575	2.1	39.2
Query_21741	XM_036879408.1	100.000	21	0	0	1	21	589	569	2.1	39.2
Query_21741	XM_036879407.1	100.000	21	0	0	1	21	477	457	2.1	39.2
Query_21741	XM_036879406.1	100.000	21	0	0	1	21	609	589	2.1	39.2
Query_21741	XM_036879404.1	100.000	21	0	0	1	21	728	708	2.1	39.2
Query_21741	XM_036879403.1	100.000	21	0	0	1	21	779	759	2.1	39.2
Query_21741	XR_004984923.1	100.000	21	0	0	1	21	807	787	2.1	39.2


