# blastn
# Iteration: 0
# Query: 
# RID: 6MBGXMCY013
# Database: nt
# Fields: query acc.ver, subject acc.ver, % identity, alignment length, mismatches, gap opens, q. start, q. end, s. start, s. end, evalue, bit score
# 33 hits found
Query_32061	XM_034944208.1	100.000	21	0	0	1	21	312	292	2.0	39.2
Query_32061	XM_034944207.1	100.000	21	0	0	1	21	325	305	2.0	39.2
Query_32061	XM_034944206.1	100.000	21	0	0	1	21	245	225	2.0	39.2
Query_32061	XM_032147985.1	100.000	21	0	0	1	21	256	236	2.0	39.2
Query_32061	XM_019016478.2	100.000	21	0	0	1	21	312	292	2.0	39.2
Query_32061	XR_004031103.1	100.000	21	0	0	1	21	118	98	2.0	39.2
Query_32061	XM_030798515.1	100.000	21	0	0	1	21	343	323	2.0	39.2
Query_32061	NM_004359.2	100.000	21	0	0	1	21	275	255	2.0	39.2
Query_32061	CP034522.1	100.000	21	0	0	1	21	472034	472014	2.0	39.2
Query_32061	CP034497.1	100.000	21	0	0	1	21	472034	472014	2.0	39.2
Query_32061	XM_009434229.3	100.000	21	0	0	1	21	316	296	2.0	39.2
Query_32061	XM_009252509.2	100.000	21	0	0	1	21	315	295	2.0	39.2
Query_32061	LT744874.1	100.000	21	0	0	1	21	590	570	2.0	39.2
Query_32061	XM_005259690.3	100.000	21	0	0	1	21	315	295	2.0	39.2
Query_32061	XM_006722952.2	100.000	21	0	0	1	21	315	295	2.0	39.2
Query_32061	KJ890880.1	100.000	21	0	0	1	21	168	148	2.0	39.2
Query_32061	CP068259.1	100.000	21	0	0	1	21	485432	485412	2.0	39.2
Query_32061	AP023479.1	100.000	21	0	0	1	21	293372	293352	2.0	39.2
Query_32061	AP023479.1	100.000	21	0	0	1	21	370066	370046	2.0	39.2
Query_32061	AB590273.1	100.000	21	0	0	1	21	112	92	2.0	39.2
Query_32061	CU676208.1	100.000	21	0	0	1	21	119	99	2.0	39.2
Query_32061	AK291554.1	100.000	21	0	0	1	21	304	284	2.0	39.2
Query_32061	DQ893910.2	100.000	21	0	0	1	21	125	105	2.0	39.2
Query_32061	DQ890738.2	100.000	21	0	0	1	21	125	105	2.0	39.2
Query_32061	AY650399.1	100.000	21	0	0	1	21	2302	2282	2.0	39.2
Query_32061	BC023979.1	100.000	21	0	0	1	21	279	259	2.0	39.2
Query_32061	BT008039.1	100.000	21	0	0	1	21	103	83	2.0	39.2
Query_32061	BT006659.1	100.000	21	0	0	1	21	103	83	2.0	39.2
Query_32061	AC011556.9	100.000	21	0	0	1	21	516	496	2.0	39.2
Query_32061	AC011531.7	100.000	21	0	0	1	21	21523	21503	2.0	39.2
Query_32061	BC018143.2	100.000	21	0	0	1	21	305	285	2.0	39.2
Query_32061	BC009850.2	100.000	21	0	0	1	21	302	282	2.0	39.2
Query_32061	L22005.1	100.000	21	0	0	1	21	289	269	2.0	39.2


