# blastn
# Iteration: 0
# Query: 
# RID: 74320GK601R
# Database: nt
# Fields: query acc.ver, subject acc.ver, % identity, alignment length, mismatches, gap opens, q. start, q. end, s. start, s. end, evalue, bit score
# 69 hits found
Query_49993	XM_035012868.1	100.000	21	0	0	1	21	1550	1530	2.0	39.2
Query_49993	XM_035012867.1	100.000	21	0	0	1	21	1550	1530	2.0	39.2
Query_49993	XM_003826436.5	100.000	21	0	0	1	21	1219	1199	2.0	39.2
Query_49993	XM_002922705.4	100.000	21	0	0	1	21	849	829	2.0	39.2
Query_49993	XM_033207523.1	100.000	21	0	0	1	21	437	417	2.0	39.2
Query_49993	XM_032846512.1	100.000	21	0	0	1	21	437	417	2.0	39.2
Query_49993	XM_032414879.1	100.000	21	0	0	1	21	437	417	2.0	39.2
Query_49993	XM_032359012.1	100.000	21	0	0	1	21	1234	1214	2.0	39.2
Query_49993	XM_032283391.1	100.000	21	0	0	1	21	651	631	2.0	39.2
Query_49993	XR_004248146.1	100.000	21	0	0	1	21	511	491	2.0	39.2
Query_49993	XM_032152902.1	100.000	21	0	0	1	21	638	618	2.0	39.2
Query_49993	XM_023215610.3	100.000	21	0	0	1	21	638	618	2.0	39.2
Query_49993	XM_006751597.2	100.000	21	0	0	1	21	719	699	2.0	39.2
Query_49993	XM_010353410.2	100.000	21	0	0	1	21	638	618	2.0	39.2
Query_49993	XR_004029584.1	100.000	21	0	0	1	21	513	493	2.0	39.2
Query_49993	XM_030810123.1	100.000	21	0	0	1	21	638	618	2.0	39.2
Query_49993	XM_030332475.1	100.000	21	0	0	1	21	437	417	2.0	39.2
Query_49993	NM_002559.5	100.000	21	0	0	1	21	636	616	2.0	39.2
Query_49993	XM_027045571.1	100.000	21	0	0	1	21	2308	2288	2.0	39.2
Query_49993	XM_027045569.1	100.000	21	0	0	1	21	437	417	2.0	39.2
Query_49993	XM_026486983.1	100.000	21	0	0	1	21	1495	1475	2.0	39.2
Query_49993	XM_028111224.1	100.000	21	0	0	1	21	1506	1486	2.0	39.2
Query_49993	XM_025928155.1	100.000	21	0	0	1	21	437	417	2.0	39.2
Query_49993	XM_025879400.1	100.000	21	0	0	1	21	2174	2154	2.0	39.2
Query_49993	XM_016920882.2	100.000	21	0	0	1	21	706	686	2.0	39.2
Query_49993	XM_001136930.4	100.000	21	0	0	1	21	689	669	2.0	39.2
Query_49993	XM_002821788.2	100.000	21	0	0	1	21	638	618	2.0	39.2
Query_49993	XM_001504914.5	100.000	21	0	0	1	21	621	601	2.0	39.2
Query_49993	XM_022507296.1	100.000	21	0	0	1	21	437	417	2.0	39.2
Query_49993	XM_021684842.1	100.000	21	0	0	1	21	437	417	2.0	39.2
Query_49993	XM_003353865.5	100.000	21	0	0	1	21	2503	2483	2.0	39.2
Query_49993	XM_020167647.1	100.000	21	0	0	1	21	965	945	2.0	39.2
Query_49993	XM_019812424.1	100.000	21	0	0	1	21	2250	2230	2.0	39.2
Query_49993	XM_003993362.3	100.000	21	0	0	1	21	437	417	2.0	39.2
Query_49993	XM_017851320.1	100.000	21	0	0	1	21	600	580	2.0	39.2
Query_49993	XM_011545072.2	100.000	21	0	0	1	21	1414	1394	2.0	39.2
Query_49993	XR_949950.2	100.000	21	0	0	1	21	1160	1140	2.0	39.2
Query_49993	XM_011545071.2	100.000	21	0	0	1	21	1150	1130	2.0	39.2
Query_49993	XM_011545070.2	100.000	21	0	0	1	21	588	568	2.0	39.2
Query_49993	XM_011545069.2	100.000	21	0	0	1	21	1282	1262	2.0	39.2
Query_49993	XM_004437362.2	100.000	21	0	0	1	21	491	471	2.0	39.2
Query_49993	XM_013029129.1	100.000	21	0	0	1	21	590	570	2.0	39.2
Query_49993	XM_004667733.2	100.000	21	0	0	1	21	946	926	2.0	39.2
Query_49993	XM_004409265.2	100.000	21	0	0	1	21	630	610	2.0	39.2
Query_49993	XM_012476474.1	100.000	21	0	0	1	21	591	571	2.0	39.2
Query_49993	XM_012476473.1	100.000	21	0	0	1	21	655	635	2.0	39.2
Query_49993	XM_011963399.1	100.000	21	0	0	1	21	616	596	2.0	39.2
Query_49993	XM_011545073.1	100.000	21	0	0	1	21	138	118	2.0	39.2
Query_49993	XM_008694134.1	100.000	21	0	0	1	21	722	702	2.0	39.2
Query_49993	XM_008694133.1	100.000	21	0	0	1	21	794	774	2.0	39.2
Query_49993	XM_008537756.1	100.000	21	0	0	1	21	567	547	2.0	39.2
Query_49993	XM_004777576.1	100.000	21	0	0	1	21	1249	1229	2.0	39.2
Query_49993	XM_003920107.3	100.000	21	0	0	1	21	476	456	2.0	39.2
Query_49993	XR_005530627.1	100.000	21	0	0	1	21	630	610	2.0	39.2
Query_49993	XM_039245053.1	100.000	21	0	0	1	21	630	610	2.0	39.2
Query_49993	XM_017498970.2	100.000	21	0	0	1	21	626	606	2.0	39.2
Query_49993	XM_036076582.1	100.000	21	0	0	1	21	437	417	2.0	39.2
Query_49993	XM_036076581.1	100.000	21	0	0	1	21	2314	2294	2.0	39.2
Query_49993	XM_027579308.2	100.000	21	0	0	1	21	2368	2348	2.0	39.2
Query_49993	BC109287.2	100.000	21	0	0	1	21	471	451	2.0	39.2
Query_49993	DQ777626.1	100.000	21	0	0	1	21	422	402	2.0	39.2
Query_49993	BC074793.2	100.000	21	0	0	1	21	468	448	2.0	39.2
Query_49993	BC074792.2	100.000	21	0	0	1	21	468	448	2.0	39.2
Query_49993	BC069162.1	100.000	21	0	0	1	21	513	493	2.0	39.2
Query_49993	AP000781.6	100.000	21	0	0	1	21	103532	103512	2.0	39.2
Query_49993	AB016608.1	100.000	21	0	0	1	21	437	417	2.0	39.2
Query_49993	Y07683.1	100.000	21	0	0	1	21	602	582	2.0	39.2
Query_49993	XM_033121437.1	100.000	20	0	0	1	20	633	614	7.1	37.4
Query_49993	HG999682.1	100.000	20	0	0	2	21	69522521	69522540	7.1	37.4


