# blastn
# Iteration: 0
# Query: 
# RID: 8Z0C7MXM016
# Database: nt
# Fields: query acc.ver, subject acc.ver, % identity, alignment length, mismatches, gap opens, q. start, q. end, s. start, s. end, evalue, bit score
# 102 hits found
Query_3065	XM_041043746.1	100.000	21	0	0	1	21	542	522	2.1	39.2
Query_3065	XM_041043744.1	100.000	21	0	0	1	21	555	535	2.1	39.2
Query_3065	XM_041043743.1	100.000	21	0	0	1	21	555	535	2.1	39.2
Query_3065	XM_040971811.1	100.000	21	0	0	1	21	613	593	2.1	39.2
Query_3065	XM_040747223.1	100.000	21	0	0	1	21	477	457	2.1	39.2
Query_3065	XM_005065120.4	100.000	21	0	0	1	21	717	697	2.1	39.2
Query_3065	XM_040745685.1	100.000	21	0	0	1	21	774	754	2.1	39.2
Query_3065	XM_008687207.2	100.000	21	0	0	1	21	467	447	2.1	39.2
Query_3065	XM_008687206.2	100.000	21	0	0	1	21	535	515	2.1	39.2
Query_3065	XM_008687208.2	100.000	21	0	0	1	21	466	446	2.1	39.2
Query_3065	XM_040643272.1	100.000	21	0	0	1	21	801	781	2.1	39.2
Query_3065	XM_040475549.1	100.000	21	0	0	1	21	468	448	2.1	39.2
Query_3065	XM_040475548.1	100.000	21	0	0	1	21	559	539	2.1	39.2
Query_3065	XM_040294550.1	100.000	21	0	0	1	21	446	426	2.1	39.2
Query_3065	XM_021725967.2	100.000	21	0	0	1	21	776	756	2.1	39.2
Query_3065	XM_040294549.1	100.000	21	0	0	1	21	694	674	2.1	39.2
Query_3065	XM_040294548.1	100.000	21	0	0	1	21	880	860	2.1	39.2
Query_3065	XM_040118763.1	100.000	21	0	0	1	21	602	582	2.1	39.2
Query_3065	XM_040118417.1	100.000	21	0	0	1	21	540	520	2.1	39.2
Query_3065	XM_040030746.1	100.000	21	0	0	1	21	520	500	2.1	39.2
Query_3065	XM_040030744.1	100.000	21	0	0	1	21	540	520	2.1	39.2
Query_3065	XM_040030743.1	100.000	21	0	0	1	21	536	516	2.1	39.2
Query_3065	XM_039855835.1	100.000	21	0	0	1	21	554	534	2.1	39.2
Query_3065	XM_039855834.1	100.000	21	0	0	1	21	848	828	2.1	39.2
Query_3065	XM_039855833.1	100.000	21	0	0	1	21	570	550	2.1	39.2
Query_3065	XM_039855832.1	100.000	21	0	0	1	21	717	697	2.1	39.2
Query_3065	XM_039855830.1	100.000	21	0	0	1	21	583	563	2.1	39.2
Query_3065	XM_039855829.1	100.000	21	0	0	1	21	804	784	2.1	39.2
Query_3065	XM_039855828.1	100.000	21	0	0	1	21	625	605	2.1	39.2
Query_3065	XM_039805800.1	100.000	21	0	0	1	21	525	505	2.1	39.2
Query_3065	XM_039805799.1	100.000	21	0	0	1	21	428	408	2.1	39.2
Query_3065	XM_039637971.1	100.000	21	0	0	1	21	658	638	2.1	39.2
Query_3065	XM_039637963.1	100.000	21	0	0	1	21	811	791	2.1	39.2
Query_3065	XM_031728434.2	100.000	21	0	0	1	21	614	594	2.1	39.2
Query_3065	XM_010351541.2	100.000	21	0	0	1	21	795	775	2.1	39.2
Query_3065	XM_039469988.1	100.000	21	0	0	1	21	875	855	2.1	39.2
Query_3065	XM_002088242.3	100.000	21	0	0	1	21	662	642	2.1	39.2
Query_3065	XM_015197692.2	100.000	21	0	0	1	21	794	774	2.1	39.2
Query_3065	XM_039322530.1	100.000	21	0	0	1	21	527	507	2.1	39.2
Query_3065	XM_039322529.1	100.000	21	0	0	1	21	557	537	2.1	39.2
Query_3065	XM_039322528.1	100.000	21	0	0	1	21	558	538	2.1	39.2
Query_3065	XM_039322527.1	100.000	21	0	0	1	21	608	588	2.1	39.2
Query_3065	XM_016178463.2	100.000	21	0	0	1	21	828	808	2.1	39.2
Query_3065	XM_039254350.1	100.000	21	0	0	1	21	537	517	2.1	39.2
Query_3065	XM_039239646.1	100.000	21	0	0	1	21	587	567	2.1	39.2
Query_3065	XM_039239644.1	100.000	21	0	0	1	21	546	526	2.1	39.2
Query_3065	XM_039239643.1	100.000	21	0	0	1	21	760	740	2.1	39.2
Query_3065	LR991639.1	100.000	21	0	0	1	21	5671504	5671524	2.1	39.2
Query_3065	LR991639.1	100.000	21	0	0	1	21	5689065	5689085	2.1	39.2
Query_3065	LR699038.1	100.000	21	0	0	1	21	3513132	3513152	2.1	39.2
Query_3065	LR699038.1	100.000	21	0	0	1	21	3531451	3531471	2.1	39.2
Query_3065	XM_038751298.1	100.000	21	0	0	1	21	534	514	2.1	39.2
Query_3065	XM_038710628.1	100.000	21	0	0	1	21	512	492	2.1	39.2
Query_3065	XM_038710627.1	100.000	21	0	0	1	21	563	543	2.1	39.2
Query_3065	XM_038422435.1	100.000	21	0	0	1	21	522	502	2.1	39.2
Query_3065	XM_038422434.1	100.000	21	0	0	1	21	1032	1012	2.1	39.2
Query_3065	XM_038422433.1	100.000	21	0	0	1	21	925	905	2.1	39.2
Query_3065	XM_038422432.1	100.000	21	0	0	1	21	866	846	2.1	39.2
Query_3065	XM_038279558.1	100.000	21	0	0	1	21	508	488	2.1	39.2
Query_3065	XM_038279557.1	100.000	21	0	0	1	21	560	540	2.1	39.2
Query_3065	LR900710.1	100.000	21	0	0	1	21	61316	61296	2.1	39.2
Query_3065	XM_027831903.2	100.000	21	0	0	1	21	585	565	2.1	39.2
Query_3065	XM_037912406.1	100.000	21	0	0	1	21	789	769	2.1	39.2
Query_3065	XM_007069768.3	100.000	21	0	0	1	21	807	787	2.1	39.2
Query_3065	XM_027831901.2	100.000	21	0	0	1	21	686	666	2.1	39.2
Query_3065	XM_037854247.1	100.000	21	0	0	1	21	815	795	2.1	39.2
Query_3065	XM_037849091.1	100.000	21	0	0	1	21	625	605	2.1	39.2
Query_3065	XM_037849090.1	100.000	21	0	0	1	21	587	567	2.1	39.2
Query_3065	XM_037849089.1	100.000	21	0	0	1	21	825	805	2.1	39.2
Query_3065	XM_037844356.1	100.000	21	0	0	1	21	419	399	2.1	39.2
Query_3065	XM_037839205.1	100.000	21	0	0	1	21	449	429	2.1	39.2
Query_3065	XM_037785607.1	100.000	21	0	0	1	21	561	541	2.1	39.2
Query_3065	XM_037785606.1	100.000	21	0	0	1	21	580	560	2.1	39.2
Query_3065	XM_037735836.1	100.000	21	0	0	1	21	434	414	2.1	39.2
Query_3065	XM_037732749.1	100.000	21	0	0	1	21	513	493	2.1	39.2
Query_3065	XM_017532745.2	100.000	21	0	0	1	21	865	845	2.1	39.2
Query_3065	XM_017532744.2	100.000	21	0	0	1	21	795	775	2.1	39.2
Query_3065	XM_017532743.2	100.000	21	0	0	1	21	874	854	2.1	39.2
Query_3065	XM_037676076.1	100.000	21	0	0	1	21	629	609	2.1	39.2
Query_3065	XM_037676075.1	100.000	21	0	0	1	21	577	557	2.1	39.2
Query_3065	XM_028884602.2	100.000	21	0	0	1	21	796	776	2.1	39.2
Query_3065	XM_028884601.2	100.000	21	0	0	1	21	869	849	2.1	39.2
Query_3065	XM_037130039.1	100.000	21	0	0	1	21	523	503	2.1	39.2
Query_3065	XM_037130038.1	100.000	21	0	0	1	21	530	510	2.1	39.2
Query_3065	XM_037130037.1	100.000	21	0	0	1	21	692	672	2.1	39.2
Query_3065	XM_037130036.1	100.000	21	0	0	1	21	792	772	2.1	39.2
Query_3065	XR_005070481.1	100.000	21	0	0	1	21	613	593	2.1	39.2
Query_3065	XM_037072952.1	100.000	21	0	0	1	21	657	637	2.1	39.2
Query_3065	XM_037072951.1	100.000	21	0	0	1	21	609	589	2.1	39.2
Query_3065	XM_037072949.1	100.000	21	0	0	1	21	747	727	2.1	39.2
Query_3065	XM_037072948.1	100.000	21	0	0	1	21	548	528	2.1	39.2
Query_3065	XM_037072947.1	100.000	21	0	0	1	21	569	549	2.1	39.2
Query_3065	XM_037044351.1	100.000	21	0	0	1	21	723	703	2.1	39.2
Query_3065	XM_037044350.1	100.000	21	0	0	1	21	530	510	2.1	39.2
Query_3065	XM_037044349.1	100.000	21	0	0	1	21	523	503	2.1	39.2
Query_3065	XM_037044348.1	100.000	21	0	0	1	21	656	636	2.1	39.2
Query_3065	XM_037044347.1	100.000	21	0	0	1	21	772	752	2.1	39.2
Query_3065	XM_037000303.1	100.000	21	0	0	1	21	583	563	2.1	39.2
Query_3065	XM_037000302.1	100.000	21	0	0	1	21	578	558	2.1	39.2
Query_3065	XM_037000301.1	100.000	21	0	0	1	21	465	445	2.1	39.2
Query_3065	XM_017668147.2	100.000	21	0	0	1	21	599	579	2.1	39.2
Query_3065	XM_017668146.2	100.000	21	0	0	1	21	720	700	2.1	39.2


