# blastn
# Iteration: 0
# Query: 
# RID: 7RNKWGR5016
# Database: nt
# Fields: query acc.ver, subject acc.ver, % identity, alignment length, mismatches, gap opens, q. start, q. end, s. start, s. end, evalue, bit score
# 100 hits found
Query_20301	XM_008687207.2	100.000	21	0	0	1	21	210	190	2.1	39.2
Query_20301	XM_008687206.2	100.000	21	0	0	1	21	278	258	2.1	39.2
Query_20301	XM_008687208.2	100.000	21	0	0	1	21	209	189	2.1	39.2
Query_20301	XM_040643272.1	100.000	21	0	0	1	21	544	524	2.1	39.2
Query_20301	XM_040475549.1	100.000	21	0	0	1	21	211	191	2.1	39.2
Query_20301	XM_040475548.1	100.000	21	0	0	1	21	302	282	2.1	39.2
Query_20301	XM_040294550.1	100.000	21	0	0	1	21	189	169	2.1	39.2
Query_20301	XM_021725967.2	100.000	21	0	0	1	21	519	499	2.1	39.2
Query_20301	XM_040294549.1	100.000	21	0	0	1	21	338	318	2.1	39.2
Query_20301	XM_040294548.1	100.000	21	0	0	1	21	524	504	2.1	39.2
Query_20301	XM_040227739.1	100.000	21	0	0	1	21	406	386	2.1	39.2
Query_20301	XM_040227738.1	100.000	21	0	0	1	21	326	306	2.1	39.2
Query_20301	XM_040227737.1	100.000	21	0	0	1	21	510	490	2.1	39.2
Query_20301	HG994416.1	100.000	21	0	0	1	21	26811418	26811398	2.1	39.2
Query_20301	XM_039855835.1	100.000	21	0	0	1	21	297	277	2.1	39.2
Query_20301	XM_039855834.1	100.000	21	0	0	1	21	591	571	2.1	39.2
Query_20301	XM_039855833.1	100.000	21	0	0	1	21	313	293	2.1	39.2
Query_20301	XM_039855832.1	100.000	21	0	0	1	21	460	440	2.1	39.2
Query_20301	XM_039855830.1	100.000	21	0	0	1	21	326	306	2.1	39.2
Query_20301	XM_039855829.1	100.000	21	0	0	1	21	547	527	2.1	39.2
Query_20301	XM_039855828.1	100.000	21	0	0	1	21	368	348	2.1	39.2
Query_20301	XM_010351541.2	100.000	21	0	0	1	21	538	518	2.1	39.2
Query_20301	XM_039469988.1	100.000	21	0	0	1	21	618	598	2.1	39.2
Query_20301	NM_001047857.4	100.000	21	0	0	1	21	542	522	2.1	39.2
Query_20301	XM_039254350.1	100.000	21	0	0	1	21	280	260	2.1	39.2
Query_20301	XM_039239646.1	100.000	21	0	0	1	21	330	310	2.1	39.2
Query_20301	XM_039239644.1	100.000	21	0	0	1	21	289	269	2.1	39.2
Query_20301	XM_039239643.1	100.000	21	0	0	1	21	503	483	2.1	39.2
Query_20301	XM_039104497.1	100.000	21	0	0	1	21	820	800	2.1	39.2
Query_20301	XM_006234405.4	100.000	21	0	0	1	21	485	465	2.1	39.2
Query_20301	XM_038447236.1	100.000	21	0	0	1	21	209	189	2.1	39.2
Query_20301	XM_038447235.1	100.000	21	0	0	1	21	515	495	2.1	39.2
Query_20301	XM_038463393.1	100.000	21	0	0	1	21	209	189	2.1	39.2
Query_20301	XM_038463392.1	100.000	21	0	0	1	21	515	495	2.1	39.2
Query_20301	XM_007965532.2	100.000	21	0	0	1	21	602	582	2.1	39.2
Query_20301	XM_007965531.2	100.000	21	0	0	1	21	532	512	2.1	39.2
Query_20301	XM_007965530.2	100.000	21	0	0	1	21	555	535	2.1	39.2
Query_20301	XM_037849091.1	100.000	21	0	0	1	21	368	348	2.1	39.2
Query_20301	XM_037849090.1	100.000	21	0	0	1	21	330	310	2.1	39.2
Query_20301	XM_037849089.1	100.000	21	0	0	1	21	568	548	2.1	39.2
Query_20301	XM_037839205.1	100.000	21	0	0	1	21	192	172	2.1	39.2
Query_20301	XM_037732749.1	100.000	21	0	0	1	21	256	236	2.1	39.2
Query_20301	XM_017532745.2	100.000	21	0	0	1	21	608	588	2.1	39.2
Query_20301	XM_017532744.2	100.000	21	0	0	1	21	538	518	2.1	39.2
Query_20301	XM_017532743.2	100.000	21	0	0	1	21	617	597	2.1	39.2
Query_20301	XM_037523656.1	100.000	21	0	0	1	21	270	250	2.1	39.2
Query_20301	XM_037523655.1	100.000	21	0	0	1	21	361	341	2.1	39.2
Query_20301	XM_037523654.1	100.000	21	0	0	1	21	260	240	2.1	39.2
Query_20301	XM_037523653.1	100.000	21	0	0	1	21	555	535	2.1	39.2
Query_20301	XM_037130039.1	100.000	21	0	0	1	21	266	246	2.1	39.2
Query_20301	XM_037130038.1	100.000	21	0	0	1	21	273	253	2.1	39.2
Query_20301	XM_037130037.1	100.000	21	0	0	1	21	435	415	2.1	39.2
Query_20301	XM_037130036.1	100.000	21	0	0	1	21	535	515	2.1	39.2
Query_20301	XM_037044351.1	100.000	21	0	0	1	21	517	497	2.1	39.2
Query_20301	XM_037044350.1	100.000	21	0	0	1	21	273	253	2.1	39.2
Query_20301	XM_037044349.1	100.000	21	0	0	1	21	266	246	2.1	39.2
Query_20301	XM_037044348.1	100.000	21	0	0	1	21	399	379	2.1	39.2
Query_20301	XM_037044347.1	100.000	21	0	0	1	21	515	495	2.1	39.2
Query_20301	XM_037000303.1	100.000	21	0	0	1	21	326	306	2.1	39.2
Query_20301	XM_037000302.1	100.000	21	0	0	1	21	321	301	2.1	39.2
Query_20301	XM_037000301.1	100.000	21	0	0	1	21	208	188	2.1	39.2
Query_20301	XM_017668147.2	100.000	21	0	0	1	21	342	322	2.1	39.2
Query_20301	XM_017668146.2	100.000	21	0	0	1	21	463	443	2.1	39.2
Query_20301	XM_037000299.1	100.000	21	0	0	1	21	326	306	2.1	39.2
Query_20301	XM_036879408.1	100.000	21	0	0	1	21	320	300	2.1	39.2
Query_20301	XM_036879407.1	100.000	21	0	0	1	21	208	188	2.1	39.2
Query_20301	XM_036879406.1	100.000	21	0	0	1	21	340	320	2.1	39.2
Query_20301	XM_036879404.1	100.000	21	0	0	1	21	459	439	2.1	39.2
Query_20301	XM_036879403.1	100.000	21	0	0	1	21	510	490	2.1	39.2
Query_20301	XR_004969263.1	100.000	21	0	0	1	21	532	512	2.1	39.2
Query_20301	XM_036319158.1	100.000	21	0	0	1	21	517	497	2.1	39.2
Query_20301	XM_036319157.1	100.000	21	0	0	1	21	532	512	2.1	39.2
Query_20301	XM_036268012.1	100.000	21	0	0	1	21	216	196	2.1	39.2
Query_20301	XR_004958629.1	100.000	21	0	0	1	21	277	257	2.1	39.2
Query_20301	XM_036253507.1	100.000	21	0	0	1	21	554	534	2.1	39.2
Query_20301	XR_004958628.1	100.000	21	0	0	1	21	277	257	2.1	39.2
Query_20301	XR_004958627.1	100.000	21	0	0	1	21	277	257	2.1	39.2
Query_20301	XM_036253506.1	100.000	21	0	0	1	21	277	257	2.1	39.2
Query_20301	XR_004958626.1	100.000	21	0	0	1	21	296	276	2.1	39.2
Query_20301	XR_004958625.1	100.000	21	0	0	1	21	277	257	2.1	39.2
Query_20301	XM_036236019.1	100.000	21	0	0	1	21	368	348	2.1	39.2
Query_20301	XM_016164614.2	100.000	21	0	0	1	21	604	584	2.1	39.2
Query_20301	XM_016164616.2	100.000	21	0	0	1	21	208	188	2.1	39.2
Query_20301	XM_016164613.2	100.000	21	0	0	1	21	329	309	2.1	39.2
Query_20301	XM_016164615.2	100.000	21	0	0	1	21	493	473	2.1	39.2
Query_20301	XM_016164612.2	100.000	21	0	0	1	21	564	544	2.1	39.2
Query_20301	XM_006499162.5	100.000	21	0	0	1	21	360	340	2.1	39.2
Query_20301	XM_036079912.1	100.000	21	0	0	1	21	371	351	2.1	39.2
Query_20301	XM_036079911.1	100.000	21	0	0	1	21	571	551	2.1	39.2
Query_20301	XM_036079910.1	100.000	21	0	0	1	21	381	361	2.1	39.2
Query_20301	XM_036079909.1	100.000	21	0	0	1	21	556	536	2.1	39.2
Query_20301	XM_036023225.1	100.000	21	0	0	1	21	321	301	2.1	39.2
Query_20301	XM_028508977.2	100.000	21	0	0	1	21	329	309	2.1	39.2
Query_20301	XM_028508979.2	100.000	21	0	0	1	21	258	238	2.1	39.2
Query_20301	XM_028508978.2	100.000	21	0	0	1	21	408	388	2.1	39.2
Query_20301	LR877235.1	100.000	21	0	0	1	21	7855555	7855575	2.1	39.2
Query_20301	NM_182678.3	100.000	21	0	0	1	21	406	386	2.1	39.2
Query_20301	NM_001278554.2	100.000	21	0	0	1	21	607	587	2.1	39.2
Query_20301	NM_001278555.2	100.000	21	0	0	1	21	374	354	2.1	39.2
Query_20301	XM_035696433.1	100.000	21	0	0	1	21	202	182	2.1	39.2


