# blastn
# Iteration: 0
# Query: 
# RID: 9PXRSHFC013
# Database: nt
# Fields: query acc.ver, subject acc.ver, % identity, alignment length, mismatches, gap opens, q. start, q. end, s. start, s. end, evalue, bit score
# 46 hits found
Query_450883	XM_034489573.1	100.000	21	0	0	1	21	982	962	2.1	39.2
Query_450883	XM_034489572.1	100.000	21	0	0	1	21	982	962	2.1	39.2
Query_450883	XM_034489571.1	100.000	21	0	0	1	21	982	962	2.1	39.2
Query_450883	XM_034489570.1	100.000	21	0	0	1	21	821	801	2.1	39.2
Query_450883	XM_032887115.1	100.000	21	0	0	1	21	529	509	2.1	39.2
Query_450883	XM_032887114.1	100.000	21	0	0	1	21	781	761	2.1	39.2
Query_450883	XM_032887113.1	100.000	21	0	0	1	21	745	725	2.1	39.2
Query_450883	XM_032887111.1	100.000	21	0	0	1	21	745	725	2.1	39.2
Query_450883	XM_032887110.1	100.000	21	0	0	1	21	745	725	2.1	39.2
Query_450883	XM_031337322.1	100.000	21	0	0	1	21	639	619	2.1	39.2
Query_450883	XM_031337320.1	100.000	21	0	0	1	21	740	720	2.1	39.2
Query_450883	XM_031337319.1	100.000	21	0	0	1	21	785	765	2.1	39.2
Query_450883	XM_031337318.1	100.000	21	0	0	1	21	671	651	2.1	39.2
Query_450883	XM_031337317.1	100.000	21	0	0	1	21	945	925	2.1	39.2
Query_450883	XM_028777391.1	100.000	21	0	0	1	21	785	765	2.1	39.2
Query_450883	XM_028777390.1	100.000	21	0	0	1	21	785	765	2.1	39.2
Query_450883	XM_028777389.1	100.000	21	0	0	1	21	785	765	2.1	39.2
Query_450883	XM_028777387.1	100.000	21	0	0	1	21	821	801	2.1	39.2
Query_450883	XM_016002596.1	100.000	21	0	0	1	21	742	722	2.1	39.2
Query_450883	XM_006984095.2	100.000	21	0	0	1	21	706	686	2.1	39.2
Query_450883	XM_006984094.2	100.000	21	0	0	1	21	706	686	2.1	39.2
Query_450883	XR_005491585.1	100.000	21	0	0	1	21	1044	1024	2.1	39.2
Query_450883	XM_039089009.1	100.000	21	0	0	1	21	573	553	2.1	39.2
Query_450883	XM_039089008.1	100.000	21	0	0	1	21	710	690	2.1	39.2
Query_450883	XM_039089007.1	100.000	21	0	0	1	21	689	669	2.1	39.2
Query_450883	XM_008769306.3	100.000	21	0	0	1	21	654	634	2.1	39.2
Query_450883	XM_017598236.2	100.000	21	0	0	1	21	931	911	2.1	39.2
Query_450883	XM_006249517.4	100.000	21	0	0	1	21	976	956	2.1	39.2
Query_450883	XM_006249516.4	100.000	21	0	0	1	21	1012	992	2.1	39.2
Query_450883	XM_017598235.2	100.000	21	0	0	1	21	880	860	2.1	39.2
Query_450883	XM_008769305.3	100.000	21	0	0	1	21	895	875	2.1	39.2
Query_450883	XM_017598234.2	100.000	21	0	0	1	21	931	911	2.1	39.2
Query_450883	XM_006249515.4	100.000	21	0	0	1	21	1012	992	2.1	39.2
Query_450883	NM_053656.3	100.000	21	0	0	1	21	703	683	2.1	39.2
Query_450883	XM_028857030.2	100.000	21	0	0	1	21	773	753	2.1	39.2
Query_450883	XM_037198543.1	100.000	21	0	0	1	21	737	717	2.1	39.2
Query_450883	AF064549.1	100.000	21	0	0	1	21	740	720	2.1	39.2
Query_450883	AF020759.1	100.000	21	0	0	1	21	665	645	2.1	39.2
Query_450883	AF020758.1	100.000	21	0	0	1	21	743	723	2.1	39.2
Query_450883	AF020757.1	100.000	21	0	0	1	21	649	629	2.1	39.2
Query_450883	AF020756.1	100.000	21	0	0	1	21	603	583	2.1	39.2
Query_450883	Y10475.1	100.000	21	0	0	1	21	739	719	2.1	39.2
Query_450883	Y10474.1	100.000	21	0	0	1	21	685	665	2.1	39.2
Query_450883	Y10473.1	100.000	21	0	0	1	21	703	683	2.1	39.2
Query_450883	Y09910.1	100.000	21	0	0	1	21	1310	1290	2.1	39.2
Query_450883	U14414.1	100.000	21	0	0	1	21	703	683	2.1	39.2


