# blastn
# Iteration: 0
# Query: 
# RID: 72GWNMC1016
# Database: nt
# Fields: query acc.ver, subject acc.ver, % identity, alignment length, mismatches, gap opens, q. start, q. end, s. start, s. end, evalue, bit score
# 100 hits found
Query_9973	XM_035027437.1	100.000	21	0	0	1	21	727	707	2.1	39.2
Query_9973	XM_003828171.2	100.000	21	0	0	1	21	557	537	2.1	39.2
Query_9973	AP023165.1	100.000	21	0	0	1	21	44114945	44114965	2.1	39.2
Query_9973	XM_019800199.2	100.000	21	0	0	1	21	510	490	2.1	39.2
Query_9973	XM_034506878.1	100.000	21	0	0	1	21	555	535	2.1	39.2
Query_9973	XM_033182838.1	100.000	21	0	0	1	21	513	493	2.1	39.2
Query_9973	XM_033088999.1	100.000	21	0	0	1	21	582	562	2.1	39.2
Query_9973	XM_032914271.1	100.000	21	0	0	1	21	748	728	2.1	39.2
Query_9973	XM_032849084.1	100.000	21	0	0	1	21	593	573	2.1	39.2
Query_9973	XM_032396643.1	100.000	21	0	0	1	21	513	493	2.1	39.2
Query_9973	XM_032322824.1	100.000	21	0	0	1	21	1093	1073	2.1	39.2
Query_9973	XM_032279486.1	100.000	21	0	0	1	21	2655	2635	2.1	39.2
Query_9973	LR738418.1	100.000	21	0	0	1	21	19057197	19057177	2.1	39.2
Query_9973	XM_023191497.3	100.000	21	0	0	1	21	557	537	2.1	39.2
Query_9973	NM_001194608.2	100.000	21	0	0	1	21	531	511	2.1	39.2
Query_9973	XM_003913140.4	100.000	21	0	0	1	21	2773	2753	2.1	39.2
Query_9973	XM_031352567.1	100.000	21	0	0	1	21	554	534	2.1	39.2
Query_9973	XM_004041540.3	100.000	21	0	0	1	21	557	537	2.1	39.2
Query_9973	XM_010376233.2	100.000	21	0	0	1	21	529	509	2.1	39.2
Query_9973	XM_003270772.2	100.000	21	0	0	1	21	557	537	2.1	39.2
Query_9973	XM_030294706.1	100.000	21	0	0	1	21	510	490	2.1	39.2
Query_9973	XM_029926925.1	100.000	21	0	0	1	21	541	521	2.1	39.2
Query_9973	XM_008838138.2	100.000	21	0	0	1	21	513	493	2.1	39.2
Query_9973	XM_021177535.2	100.000	21	0	0	1	21	743	723	2.1	39.2
Query_9973	AY358627.2	100.000	21	0	0	1	21	546	526	2.1	39.2
Query_9973	XM_028780721.1	100.000	21	0	0	1	21	554	534	2.1	39.2
Query_9973	NM_025237.3	100.000	21	0	0	1	21	563	543	2.1	39.2
Query_9973	XM_027048934.1	100.000	21	0	0	1	21	3091	3071	2.1	39.2
Query_9973	XM_026412429.1	100.000	21	0	0	1	21	526	506	2.1	39.2
Query_9973	XM_008149295.2	100.000	21	0	0	1	21	692	672	2.1	39.2
Query_9973	XM_028092719.1	100.000	21	0	0	1	21	513	493	2.1	39.2
Query_9973	XM_027947155.1	100.000	21	0	0	1	21	510	490	2.1	39.2
Query_9973	CP034495.1	100.000	21	0	0	1	21	41832839	41832859	2.1	39.2
Query_9973	XM_025917641.1	100.000	21	0	0	1	21	510	490	2.1	39.2
Query_9973	XM_025861720.1	100.000	21	0	0	1	21	513	493	2.1	39.2
Query_9973	XM_025363041.1	100.000	21	0	0	1	21	554	534	2.1	39.2
Query_9973	XM_024553481.1	100.000	21	0	0	1	21	510	490	2.1	39.2
Query_9973	XM_001153653.5	100.000	21	0	0	1	21	660	640	2.1	39.2
Query_9973	XM_002827467.3	100.000	21	0	0	1	21	554	534	2.1	39.2
Query_9973	XM_006092295.3	100.000	21	0	0	1	21	559	539	2.1	39.2
Query_9973	XM_001917501.5	100.000	21	0	0	1	21	2797	2777	2.1	39.2
Query_9973	XM_011377213.2	100.000	21	0	0	1	21	548	528	2.1	39.2
Query_9973	XM_004468011.2	100.000	21	0	0	1	21	521	501	2.1	39.2
Query_9973	XM_003786295.3	100.000	21	0	0	1	21	513	493	2.1	39.2
Query_9973	XM_011289261.3	100.000	21	0	0	1	21	3484	3464	2.1	39.2
Query_9973	XM_022519797.1	100.000	21	0	0	1	21	513	493	2.1	39.2
Query_9973	XM_021681649.1	100.000	21	0	0	1	21	513	493	2.1	39.2
Query_9973	XM_021642724.1	100.000	21	0	0	1	21	513	493	2.1	39.2
Query_9973	XM_005070072.3	100.000	21	0	0	1	21	536	516	2.1	39.2
Query_9973	XM_021213746.1	100.000	21	0	0	1	21	535	515	2.1	39.2
Query_9973	LT735545.1	100.000	21	0	0	1	21	1000	980	2.1	39.2
Query_9973	XM_020180444.1	100.000	21	0	0	1	21	529	509	2.1	39.2
Query_9973	XM_019434924.1	100.000	21	0	0	1	21	3088	3068	2.1	39.2
Query_9973	XM_017892802.1	100.000	21	0	0	1	21	554	534	2.1	39.2
Query_9973	XM_006910090.2	100.000	21	0	0	1	21	529	509	2.1	39.2
Query_9973	XM_006776900.2	100.000	21	0	0	1	21	541	521	2.1	39.2
Query_9973	XM_015495879.1	100.000	21	0	0	1	21	531	511	2.1	39.2
Query_9973	XM_005584371.2	100.000	21	0	0	1	21	564	544	2.1	39.2
Query_9973	XM_014849316.1	100.000	21	0	0	1	21	1113	1093	2.1	39.2
Query_9973	XM_004432532.2	100.000	21	0	0	1	21	1072	1052	2.1	39.2
Query_9973	XM_004772592.2	100.000	21	0	0	1	21	1066	1046	2.1	39.2
Query_9973	XM_012786643.1	100.000	21	0	0	1	21	811	791	2.1	39.2
Query_9973	XM_012659081.1	100.000	21	0	0	1	21	553	533	2.1	39.2
Query_9973	XM_012443855.1	100.000	21	0	0	1	21	554	534	2.1	39.2
Query_9973	XM_011720549.1	100.000	21	0	0	1	21	2707	2687	2.1	39.2
Query_9973	XM_012057895.1	100.000	21	0	0	1	21	2716	2696	2.1	39.2
Query_9973	XM_011985860.1	100.000	21	0	0	1	21	554	534	2.1	39.2
Query_9973	XM_011940053.1	100.000	21	0	0	1	21	554	534	2.1	39.2
Query_9973	XM_008542409.1	100.000	21	0	0	1	21	1113	1093	2.1	39.2
Query_9973	KJ893769.1	100.000	21	0	0	1	21	581	561	2.1	39.2
Query_9973	XM_006738798.1	100.000	21	0	0	1	21	529	509	2.1	39.2
Query_9973	NM_024449.6	100.000	21	0	0	1	21	549	529	2.1	39.2
Query_9973	XM_005369147.1	100.000	21	0	0	1	21	513	493	2.1	39.2
Query_9973	XM_004684112.1	100.000	21	0	0	1	21	513	493	2.1	39.2
Query_9973	XM_004620979.1	100.000	21	0	0	1	21	513	493	2.1	39.2
Query_9973	XM_040497706.1	100.000	21	0	0	1	21	3057	3037	2.1	39.2
Query_9973	XM_005328089.3	100.000	21	0	0	1	21	609	589	2.1	39.2
Query_9973	XM_004407287.1	100.000	21	0	0	1	21	529	509	2.1	39.2
Query_9973	XM_039846848.1	100.000	21	0	0	1	21	548	528	2.1	39.2
Query_9973	XM_003943647.2	100.000	21	0	0	1	21	557	537	2.1	39.2
Query_9973	XM_039220888.1	100.000	21	0	0	1	21	565	545	2.1	39.2
Query_9973	CP068261.1	100.000	21	0	0	1	21	44608320	44608340	2.1	39.2
Query_9973	XM_038324615.1	100.000	21	0	0	1	21	513	493	2.1	39.2
Query_9973	XM_008012517.2	100.000	21	0	0	1	21	541	521	2.1	39.2
Query_9973	NM_030584.2	100.000	21	0	0	1	21	540	520	2.1	39.2
Query_9973	XM_037810786.1	100.000	21	0	0	1	21	545	525	2.1	39.2
Query_9973	XM_017516182.2	100.000	21	0	0	1	21	2349	2329	2.1	39.2
Query_9973	XM_037491595.1	100.000	21	0	0	1	21	599	579	2.1	39.2
Query_9973	XM_037069625.1	100.000	21	0	0	1	21	545	525	2.1	39.2
Query_9973	XM_036341020.1	100.000	21	0	0	1	21	544	524	2.1	39.2
Query_9973	XM_016139657.2	100.000	21	0	0	1	21	6819	6799	2.1	39.2
Query_9973	AP023477.1	100.000	21	0	0	1	21	41451510	41451530	2.1	39.2
Query_9973	XM_006534376.4	100.000	21	0	0	1	21	429	409	2.1	39.2
Query_9973	XM_036071304.1	100.000	21	0	0	1	21	724	704	2.1	39.2
Query_9973	XM_028521821.2	100.000	21	0	0	1	21	587	567	2.1	39.2
Query_9973	XM_027567789.2	100.000	21	0	0	1	21	521	501	2.1	39.2
Query_9973	XM_027427937.2	100.000	21	0	0	1	21	513	493	2.1	39.2
Query_9973	XM_003504483.3	100.000	21	0	0	1	21	513	493	2.1	39.2
Query_9973	XM_035303470.1	100.000	21	0	0	1	21	593	573	2.1	39.2
Query_9973	JN958106.1	100.000	21	0	0	1	21	22814	22794	2.1	39.2


