# blastn
# Iteration: 0
# Query: 
# RID: 6RMC5CV3013
# Database: nt
# Fields: query acc.ver, subject acc.ver, % identity, alignment length, mismatches, gap opens, q. start, q. end, s. start, s. end, evalue, bit score
# 100 hits found
Query_52663	XM_003807100.4	100.000	21	0	0	1	21	626	606	2.1	39.2
Query_52663	XM_034942333.1	100.000	21	0	0	1	21	610	590	2.1	39.2
Query_52663	XM_027921270.2	100.000	21	0	0	1	21	606	586	2.1	39.2
Query_52663	XM_033224473.1	100.000	21	0	0	1	21	994	974	2.1	39.2
Query_52663	XM_032894499.1	100.000	21	0	0	1	21	876	856	2.1	39.2
Query_52663	XM_032171207.1	100.000	21	0	0	1	21	897	877	2.1	39.2
Query_52663	LR738628.1	100.000	21	0	0	1	21	71678007	71678027	2.1	39.2
Query_52663	LR738606.1	100.000	21	0	0	1	21	65125497	65125517	2.1	39.2
Query_52663	XM_003916130.3	100.000	21	0	0	1	21	1001	981	2.1	39.2
Query_52663	XR_004067781.1	100.000	21	0	0	1	21	610	590	2.1	39.2
Query_52663	XM_019015478.2	100.000	21	0	0	1	21	281	261	2.1	39.2
Query_52663	XR_176607.3	100.000	21	0	0	1	21	626	606	2.1	39.2
Query_52663	XM_010379192.2	100.000	21	0	0	1	21	991	971	2.1	39.2
Query_52663	XM_003277335.4	100.000	21	0	0	1	21	903	883	2.1	39.2
Query_52663	AC279090.1	100.000	21	0	0	1	21	113198	113218	2.1	39.2
Query_52663	NM_014501.3	100.000	21	0	0	1	21	631	611	2.1	39.2
Query_52663	XM_027097427.1	100.000	21	0	0	1	21	795	775	2.1	39.2
Query_52663	CP034522.1	100.000	21	0	0	1	21	55853041	55853061	2.1	39.2
Query_52663	CP034497.1	100.000	21	0	0	1	21	55853041	55853061	2.1	39.2
Query_52663	CP034495.1	100.000	21	0	0	1	21	18580835	18580815	2.1	39.2
Query_52663	XM_025985268.1	100.000	21	0	0	1	21	858	838	2.1	39.2
Query_52663	XM_025369037.1	100.000	21	0	0	1	21	1000	980	2.1	39.2
Query_52663	AC277977.1	100.000	21	0	0	1	21	166300	166320	2.1	39.2
Query_52663	XM_011752020.2	100.000	21	0	0	1	21	994	974	2.1	39.2
Query_52663	XM_016936881.2	100.000	21	0	0	1	21	2174	2154	2.1	39.2
Query_52663	XM_016936880.2	100.000	21	0	0	1	21	694	674	2.1	39.2
Query_52663	XR_677486.3	100.000	21	0	0	1	21	887	867	2.1	39.2
Query_52663	XR_002942167.1	100.000	21	0	0	1	21	570	550	2.1	39.2
Query_52663	XM_024236634.1	100.000	21	0	0	1	21	896	876	2.1	39.2
Query_52663	XM_023184255.1	100.000	21	0	0	1	21	1012	992	2.1	39.2
Query_52663	LT741140.1	100.000	21	0	0	1	21	919	899	2.1	39.2
Query_52663	LT736020.1	100.000	21	0	0	1	21	919	899	2.1	39.2
Query_52663	XM_020179726.1	100.000	21	0	0	1	21	617	597	2.1	39.2
Query_52663	AC275577.1	100.000	21	0	0	1	21	9020	9000	2.1	39.2
Query_52663	XM_017892532.1	100.000	21	0	0	1	21	992	972	2.1	39.2
Query_52663	AC275431.1	100.000	21	0	0	1	21	56579	56599	2.1	39.2
Query_52663	XM_015505342.1	100.000	21	0	0	1	21	576	556	2.1	39.2
Query_52663	XM_005590403.2	100.000	21	0	0	1	21	995	975	2.1	39.2
Query_52663	NG_031882.2	100.000	21	0	0	1	21	362	342	2.1	39.2
Query_52663	XM_005862777.2	100.000	21	0	0	1	21	466	446	2.1	39.2
Query_52663	XM_012053615.1	100.000	21	0	0	1	21	992	972	2.1	39.2
Query_52663	XM_011932455.1	100.000	21	0	0	1	21	993	973	2.1	39.2
Query_52663	XM_011932454.1	100.000	21	0	0	1	21	999	979	2.1	39.2
Query_52663	KJ898691.1	100.000	21	0	0	1	21	497	477	2.1	39.2
Query_52663	KJ898690.1	100.000	21	0	0	1	21	497	477	2.1	39.2
Query_52663	AC254826.1	100.000	21	0	0	1	21	132723	132703	2.1	39.2
Query_52663	NM_001286964.1	100.000	21	0	0	1	21	603	583	2.1	39.2
Query_52663	XM_005341577.4	100.000	21	0	0	1	21	588	568	2.1	39.2
Query_52663	NM_001266004.2	100.000	21	0	0	1	21	751	731	2.1	39.2
Query_52663	CP068261.1	100.000	21	0	0	1	21	18624635	18624615	2.1	39.2
Query_52663	CP068259.1	100.000	21	0	0	1	21	58497122	58497142	2.1	39.2
Query_52663	XR_593654.3	100.000	21	0	0	1	21	457	437	2.1	39.2
Query_52663	XM_039103851.1	100.000	21	0	0	1	21	238	218	2.1	39.2
Query_52663	XM_007998158.2	100.000	21	0	0	1	21	997	977	2.1	39.2
Query_52663	AP023479.1	100.000	21	0	0	1	21	55879464	55879484	2.1	39.2
Query_52663	AP023477.1	100.000	21	0	0	1	21	18786215	18786195	2.1	39.2
Query_52663	XM_025423880.2	100.000	21	0	0	1	21	651	631	2.1	39.2
Query_52663	AC240523.3	100.000	21	0	0	1	21	9983	9963	2.1	39.2
Query_52663	FQ232915.1	100.000	21	0	0	1	21	578	558	2.1	39.2
Query_52663	NM_001106224.2	100.000	21	0	0	1	21	564	544	2.1	39.2
Query_52663	CU675700.1	100.000	21	0	0	1	21	253	273	2.1	39.2
Query_52663	CU675699.1	100.000	21	0	0	1	21	449	429	2.1	39.2
Query_52663	BC014622.1	100.000	21	0	0	1	21	621	601	2.1	39.2
Query_52663	AC183294.3	100.000	21	0	0	1	21	3579	3559	2.1	39.2
Query_52663	BC065364.1	100.000	21	0	0	1	21	620	600	2.1	39.2
Query_52663	BC004236.2	100.000	21	0	0	1	21	610	590	2.1	39.2
Query_52663	AC026271.6	100.000	21	0	0	1	21	41830	41850	2.1	39.2
Query_52663	AC020922.9	100.000	21	0	0	1	21	109956	109976	2.1	39.2
Query_52663	DQ120720.1	100.000	21	0	0	1	21	432	412	2.1	39.2
Query_52663	DQ120719.1	100.000	21	0	0	1	21	433	413	2.1	39.2
Query_52663	AB062397.1	100.000	21	0	0	1	21	610	590	2.1	39.2
Query_52663	M91670.1	100.000	21	0	0	1	21	491	471	2.1	39.2
Query_52663	XM_033845996.1	100.000	20	0	0	2	21	663	644	7.2	37.4
Query_52663	XM_010616907.2	100.000	20	0	0	1	20	686	667	7.2	37.4
Query_52663	XM_032848713.1	100.000	20	0	0	2	21	652	633	7.2	37.4
Query_52663	XM_032612932.1	100.000	20	0	0	2	21	663	644	7.2	37.4
Query_52663	XM_032325507.1	100.000	20	0	0	2	21	654	635	7.2	37.4
Query_52663	LR738419.1	100.000	20	0	0	2	21	57518792	57518811	7.2	37.4
Query_52663	XM_030886267.1	100.000	20	0	0	1	20	663	644	7.2	37.4
Query_52663	XM_030851183.1	100.000	20	0	0	2	21	663	644	7.2	37.4
Query_52663	XM_022586052.2	100.000	20	0	0	2	21	686	667	7.2	37.4
Query_52663	XM_030544967.1	100.000	20	0	0	1	20	595	576	7.2	37.4
Query_52663	XM_029245354.1	100.000	20	0	0	2	21	663	644	7.2	37.4
Query_52663	XM_028486348.1	100.000	20	0	0	2	21	293	274	7.2	37.4
Query_52663	XM_026381215.1	100.000	20	0	0	2	21	614	595	7.2	37.4
Query_52663	XM_028138416.1	100.000	20	0	0	2	21	905	886	7.2	37.4
Query_52663	XM_006150358.3	100.000	20	0	0	1	20	442	423	7.2	37.4
Query_52663	XM_024755169.1	100.000	20	0	0	2	21	663	644	7.2	37.4
Query_52663	XM_006109010.3	100.000	20	0	0	2	21	684	665	7.2	37.4
Query_52663	XM_022491910.1	100.000	20	0	0	2	21	615	596	7.2	37.4
Query_52663	XM_014537330.1	100.000	20	0	0	2	21	944	925	7.2	37.4
Query_52663	XM_013509312.1	100.000	20	0	0	1	20	657	638	7.2	37.4
Query_52663	XM_004777011.2	100.000	20	0	0	2	21	653	634	7.2	37.4
Query_52663	XM_008591281.1	100.000	20	0	0	2	21	799	780	7.2	37.4
Query_52663	XM_007468007.1	100.000	20	0	0	2	21	794	775	7.2	37.4
Query_52663	XM_005834558.1	100.000	20	0	0	1	20	1087	1068	7.2	37.4
Query_52663	XM_037888556.1	100.000	20	0	0	1	20	861	842	7.2	37.4
Query_52663	XM_036909194.1	100.000	20	0	0	2	21	627	608	7.2	37.4
Query_52663	XM_036833875.1	100.000	20	0	0	1	20	858	839	7.2	37.4
Query_52663	XM_036306722.1	100.000	20	0	0	2	21	639	620	7.2	37.4


