# blastn
# Iteration: 0
# Query: 
# RID: 7RHB6FUE016
# Database: nt
# Fields: query acc.ver, subject acc.ver, % identity, alignment length, mismatches, gap opens, q. start, q. end, s. start, s. end, evalue, bit score
# 92 hits found
Query_22301	XM_034941314.1	100.000	21	0	0	1	21	670	650	2.1	39.2
Query_22301	XM_033922283.1	100.000	21	0	0	1	21	563	543	2.1	39.2
Query_22301	XR_004430887.1	100.000	21	0	0	1	21	401	381	2.1	39.2
Query_22301	XR_004430886.1	100.000	21	0	0	1	21	654	634	2.1	39.2
Query_22301	XR_004430885.1	100.000	21	0	0	1	21	624	604	2.1	39.2
Query_22301	XR_004430884.1	100.000	21	0	0	1	21	530	510	2.1	39.2
Query_22301	XR_004430883.1	100.000	21	0	0	1	21	501	481	2.1	39.2
Query_22301	XM_033185036.1	100.000	21	0	0	1	21	685	665	2.1	39.2
Query_22301	XM_032138345.1	100.000	21	0	0	1	21	688	668	2.1	39.2
Query_22301	XM_023184506.2	100.000	21	0	0	1	21	676	656	2.1	39.2
Query_22301	XR_004179314.1	100.000	21	0	0	1	21	1009	989	2.1	39.2
Query_22301	XR_004179313.1	100.000	21	0	0	1	21	401	381	2.1	39.2
Query_22301	XM_003912123.3	100.000	21	0	0	1	21	679	659	2.1	39.2
Query_22301	XM_017950278.3	100.000	21	0	0	1	21	517	497	2.1	39.2
Query_22301	XM_004058312.3	100.000	21	0	0	1	21	679	659	2.1	39.2
Query_22301	XM_010382186.2	100.000	21	0	0	1	21	679	659	2.1	39.2
Query_22301	XM_030800357.1	100.000	21	0	0	1	21	679	659	2.1	39.2
Query_22301	LR699160.1	100.000	21	0	0	1	21	55464829	55464849	2.1	39.2
Query_22301	XM_030185871.1	100.000	21	0	0	1	21	597	577	2.1	39.2
Query_22301	XM_030185870.1	100.000	21	0	0	1	21	401	381	2.1	39.2
Query_22301	XR_001440232.2	100.000	21	0	0	1	21	772	752	2.1	39.2
Query_22301	XR_001440230.2	100.000	21	0	0	1	21	545	525	2.1	39.2
Query_22301	XM_015118270.2	100.000	21	0	0	1	21	674	654	2.1	39.2
Query_22301	XM_028835904.1	100.000	21	0	0	1	21	402	382	2.1	39.2
Query_22301	XM_028806923.1	100.000	21	0	0	1	21	575	555	2.1	39.2
Query_22301	CP034495.1	100.000	21	0	0	1	21	4192634	4192654	2.1	39.2
Query_22301	CP034495.1	100.000	21	0	0	1	21	84372903	84372923	2.1	39.2
Query_22301	XM_025362958.1	100.000	21	0	0	1	21	679	659	2.1	39.2
Query_22301	XR_981472.2	100.000	21	0	0	1	21	446	426	2.1	39.2
Query_22301	XR_003016002.1	100.000	21	0	0	1	21	549	529	2.1	39.2
Query_22301	XR_981462.2	100.000	21	0	0	1	21	971	951	2.1	39.2
Query_22301	XR_003015996.1	100.000	21	0	0	1	21	825	805	2.1	39.2
Query_22301	XR_981464.2	100.000	21	0	0	1	21	1003	983	2.1	39.2
Query_22301	XM_024790008.1	100.000	21	0	0	1	21	1422	1402	2.1	39.2
Query_22301	XM_009431600.3	100.000	21	0	0	1	21	305	285	2.1	39.2
Query_22301	XM_016931252.2	100.000	21	0	0	1	21	679	659	2.1	39.2
Query_22301	XM_002826864.4	100.000	21	0	0	1	21	679	659	2.1	39.2
Query_22301	XM_021671288.1	100.000	21	0	0	1	21	273	253	2.1	39.2
Query_22301	LT734953.1	100.000	21	0	0	1	21	804	784	2.1	39.2
Query_22301	XM_017860189.1	100.000	21	0	0	1	21	691	671	2.1	39.2
Query_22301	CP013860.1	100.000	21	0	0	1	21	1238897	1238917	2.1	39.2
Query_22301	CP012328.1	100.000	21	0	0	1	21	1238998	1239018	2.1	39.2
Query_22301	XR_981471.1	100.000	21	0	0	1	21	431	411	2.1	39.2
Query_22301	XR_981470.1	100.000	21	0	0	1	21	431	411	2.1	39.2
Query_22301	XR_981467.1	100.000	21	0	0	1	21	672	652	2.1	39.2
Query_22301	XM_011725127.1	100.000	21	0	0	1	21	679	659	2.1	39.2
Query_22301	XR_001014219.1	100.000	21	0	0	1	21	428	408	2.1	39.2
Query_22301	XR_001014218.1	100.000	21	0	0	1	21	1032	1012	2.1	39.2
Query_22301	XR_001014217.1	100.000	21	0	0	1	21	1063	1043	2.1	39.2
Query_22301	XR_001014215.1	100.000	21	0	0	1	21	457	437	2.1	39.2
Query_22301	XR_001014214.1	100.000	21	0	0	1	21	401	381	2.1	39.2
Query_22301	XR_001014213.1	100.000	21	0	0	1	21	431	411	2.1	39.2
Query_22301	XM_012055657.1	100.000	21	0	0	1	21	679	659	2.1	39.2
Query_22301	XM_011947503.1	100.000	21	0	0	1	21	482	462	2.1	39.2
Query_22301	XM_011980458.1	100.000	21	0	0	1	21	485	465	2.1	39.2
Query_22301	KJ892344.1	100.000	21	0	0	1	21	382	362	2.1	39.2
Query_22301	XM_004605234.1	100.000	21	0	0	1	21	524	504	2.1	39.2
Query_22301	XM_039756892.1	100.000	21	0	0	1	21	590	570	2.1	39.2
Query_22301	XM_039476665.1	100.000	21	0	0	1	21	700	680	2.1	39.2
Query_22301	LR989874.1	100.000	21	0	0	1	21	7034608	7034628	2.1	39.2
Query_22301	CP068261.1	100.000	21	0	0	1	21	4178893	4178913	2.1	39.2
Query_22301	XR_005236751.1	100.000	21	0	0	1	21	511	491	2.1	39.2
Query_22301	XR_005236750.1	100.000	21	0	0	1	21	499	479	2.1	39.2
Query_22301	XM_008009911.2	100.000	21	0	0	1	21	683	663	2.1	39.2
Query_22301	AP023477.1	100.000	21	0	0	1	21	4362790	4362810	2.1	39.2
Query_22301	NM_003342.5	100.000	21	0	0	1	21	676	656	2.1	39.2
Query_22301	XR_004743113.1	100.000	21	0	0	1	21	768	748	2.1	39.2
Query_22301	XM_002747845.5	100.000	21	0	0	1	21	689	669	2.1	39.2
Query_22301	AK313059.1	100.000	21	0	0	1	21	522	502	2.1	39.2
Query_22301	BC026288.1	100.000	21	0	0	1	21	483	463	2.1	39.2
Query_22301	BT008255.1	100.000	21	0	0	1	21	317	297	2.1	39.2
Query_22301	BT007416.1	100.000	21	0	0	1	21	317	297	2.1	39.2
Query_22301	NM_001283400.1	100.000	21	0	0	1	21	506	486	2.1	39.2
Query_22301	AC087742.9	100.000	21	0	0	1	21	30531	30511	2.1	39.2
Query_22301	BC002775.2	100.000	21	0	0	1	21	574	554	2.1	39.2
Query_22301	D78514.1	100.000	21	0	0	1	21	335	315	2.1	39.2
Query_22301	CP047699.1	100.000	20	0	0	2	21	2414495	2414476	7.3	37.4
Query_22301	CP031776.1	100.000	20	0	0	2	21	2436251	2436232	7.3	37.4
Query_22301	CP041519.1	100.000	20	0	0	2	21	4510640	4510621	7.3	37.4
Query_22301	CP041066.1	100.000	20	0	0	2	21	2863451	2863432	7.3	37.4
Query_22301	CP028084.1	100.000	20	0	0	2	21	2312959	2312940	7.3	37.4
Query_22301	XM_026600201.1	100.000	20	0	0	1	20	1075	1056	7.3	37.4
Query_22301	XM_026590273.1	100.000	20	0	0	1	20	1190	1171	7.3	37.4
Query_22301	CP024794.1	100.000	20	0	0	2	21	2368513	2368494	7.3	37.4
Query_22301	CP018874.1	100.000	20	0	0	2	21	2340636	2340617	7.3	37.4
Query_22301	CP015226.1	100.000	20	0	0	2	21	2278239	2278220	7.3	37.4
Query_22301	XM_040269379.1	100.000	20	0	0	1	20	470	451	7.3	37.4
Query_22301	CP071466.1	100.000	20	0	0	2	21	2316202	2316183	7.3	37.4
Query_22301	LR990860.1	100.000	20	0	0	1	20	9014692	9014673	7.3	37.4
Query_22301	CP048883.1	100.000	20	0	0	2	21	2970132	2970151	7.3	37.4
Query_22301	CP058262.1	100.000	20	0	0	2	21	2437310	2437291	7.3	37.4
Query_22301	CP001983.1	100.000	20	0	0	2	21	2341100	2341081	7.3	37.4


