# blastn
# Iteration: 0
# Query: 
# RID: 7HZFUDED01R
# Database: nt
# Fields: query acc.ver, subject acc.ver, % identity, alignment length, mismatches, gap opens, q. start, q. end, s. start, s. end, evalue, bit score
# 102 hits found
Query_227921	MK280312.1	100.000	21	0	0	1	21	1147	1127	2.1	39.2
Query_227921	XM_003822660.3	100.000	21	0	0	1	21	2904	2884	2.1	39.2
Query_227921	XM_033175808.1	100.000	21	0	0	1	21	2544	2524	2.1	39.2
Query_227921	XM_032497467.1	100.000	21	0	0	1	21	2583	2563	2.1	39.2
Query_227921	XM_032239463.1	100.000	21	0	0	1	21	2438	2418	2.1	39.2
Query_227921	XM_032239461.1	100.000	21	0	0	1	21	2393	2373	2.1	39.2
Query_227921	XM_032178589.1	100.000	21	0	0	1	21	2101	2081	2.1	39.2
Query_227921	XM_023223830.2	100.000	21	0	0	1	21	2688	2668	2.1	39.2
Query_227921	XM_023223828.2	100.000	21	0	0	1	21	1191	1211	2.1	39.2
Query_227921	XM_003908598.4	100.000	21	0	0	1	21	2680	2660	2.1	39.2
Query_227921	XM_031466949.1	100.000	21	0	0	1	21	2607	2587	2.1	39.2
Query_227921	XM_031007930.1	100.000	21	0	0	1	21	2699	2679	2.1	39.2
Query_227921	XM_030920698.1	100.000	21	0	0	1	21	2538	2518	2.1	39.2
Query_227921	XM_030799595.1	100.000	21	0	0	1	21	2696	2676	2.1	39.2
Query_227921	XM_015112284.2	100.000	21	0	0	1	21	3088	3068	2.1	39.2
Query_227921	NM_012249.4	100.000	21	0	0	1	21	2707	2687	2.1	39.2
Query_227921	XM_026385764.1	100.000	21	0	0	1	21	2521	2501	2.1	39.2
Query_227921	XM_008162169.2	100.000	21	0	0	1	21	2163	2143	2.1	39.2
Query_227921	XM_015094399.2	100.000	21	0	0	1	21	2368	2348	2.1	39.2
Query_227921	XM_027966877.1	100.000	21	0	0	1	21	2200	2180	2.1	39.2
Query_227921	XM_027934414.1	100.000	21	0	0	1	21	2275	2255	2.1	39.2
Query_227921	XM_027555181.1	100.000	21	0	0	1	21	2433	2413	2.1	39.2
Query_227921	XM_025353647.1	100.000	21	0	0	1	21	2459	2439	2.1	39.2
Query_227921	AC277863.1	100.000	21	0	0	1	21	187979	187999	2.1	39.2
Query_227921	XM_024998248.1	100.000	21	0	0	1	21	2358	2338	2.1	39.2
Query_227921	XM_011713140.2	100.000	21	0	0	1	21	2650	2630	2.1	39.2
Query_227921	XM_016948475.2	100.000	21	0	0	1	21	2678	2658	2.1	39.2
Query_227921	XM_016948474.2	100.000	21	0	0	1	21	2539	2519	2.1	39.2
Query_227921	XM_002812061.4	100.000	21	0	0	1	21	2450	2430	2.1	39.2
Query_227921	XM_023746102.1	100.000	21	0	0	1	21	2065	2045	2.1	39.2
Query_227921	XM_023619138.1	100.000	21	0	0	1	21	2459	2439	2.1	39.2
Query_227921	XM_021719398.1	100.000	21	0	0	1	21	2424	2404	2.1	39.2
Query_227921	XM_012473755.2	100.000	21	0	0	1	21	2436	2416	2.1	39.2
Query_227921	XM_020876169.1	100.000	21	0	0	1	21	2433	2413	2.1	39.2
Query_227921	XM_020876165.1	100.000	21	0	0	1	21	6321	6341	2.1	39.2
Query_227921	XM_019655871.1	100.000	21	0	0	1	21	2253	2233	2.1	39.2
Query_227921	XM_018055194.1	100.000	21	0	0	1	21	2484	2464	2.1	39.2
Query_227921	XM_017862694.1	100.000	21	0	0	1	21	2528	2508	2.1	39.2
Query_227921	XM_011532728.2	100.000	21	0	0	1	21	2035	2015	2.1	39.2
Query_227921	XM_017003716.1	100.000	21	0	0	1	21	2919	2899	2.1	39.2
Query_227921	XM_011532726.2	100.000	21	0	0	1	21	2762	2742	2.1	39.2
Query_227921	XM_016216965.1	100.000	21	0	0	1	21	1990	1970	2.1	39.2
Query_227921	XM_006778631.2	100.000	21	0	0	1	21	2035	2015	2.1	39.2
Query_227921	XM_015479387.1	100.000	21	0	0	1	21	2202	2182	2.1	39.2
Query_227921	XM_015433694.1	100.000	21	0	0	1	21	2984	2964	2.1	39.2
Query_227921	XM_005575962.2	100.000	21	0	0	1	21	2298	2278	2.1	39.2
Query_227921	XM_014833243.1	100.000	21	0	0	1	21	2143	2123	2.1	39.2
Query_227921	XM_004436685.2	100.000	21	0	0	1	21	2169	2149	2.1	39.2
Query_227921	XM_005864847.2	100.000	21	0	0	1	21	2052	2032	2.1	39.2
Query_227921	XM_005895614.2	100.000	21	0	0	1	21	2277	2257	2.1	39.2
Query_227921	XM_012070312.1	100.000	21	0	0	1	21	2997	2977	2.1	39.2
Query_227921	XM_012070311.1	100.000	21	0	0	1	21	2465	2445	2.1	39.2
Query_227921	XM_012070310.1	100.000	21	0	0	1	21	1019	1039	2.1	39.2
Query_227921	XM_011965779.1	100.000	21	0	0	1	21	2482	2462	2.1	39.2
Query_227921	XM_011936021.1	100.000	21	0	0	1	21	2209	2189	2.1	39.2
Query_227921	XM_005264229.2	100.000	21	0	0	1	21	2171	2151	2.1	39.2
Query_227921	XM_010967736.1	100.000	21	0	0	1	21	2227	2207	2.1	39.2
Query_227921	XM_010838654.1	100.000	21	0	0	1	21	2321	2301	2.1	39.2
Query_227921	XM_008541481.1	100.000	21	0	0	1	21	2235	2215	2.1	39.2
Query_227921	NG_023007.2	100.000	21	0	0	1	21	2545	2525	2.1	39.2
Query_227921	NG_022969.2	100.000	21	0	0	1	21	2541	2521	2.1	39.2
Query_227921	XM_040224753.1	100.000	21	0	0	1	21	2342	2322	2.1	39.2
Query_227921	XM_003926747.3	100.000	21	0	0	1	21	2673	2653	2.1	39.2
Query_227921	XM_038006892.1	100.000	21	0	0	1	21	1033	1053	2.1	39.2
Query_227921	XM_038006891.1	100.000	21	0	0	1	21	1010	1030	2.1	39.2
Query_227921	XM_038006885.1	100.000	21	0	0	1	21	2173	2153	2.1	39.2
Query_227921	XM_007970741.2	100.000	21	0	0	1	21	2678	2658	2.1	39.2
Query_227921	XM_037732867.1	100.000	21	0	0	1	21	2298	2278	2.1	39.2
Query_227921	XM_017512722.2	100.000	21	0	0	1	21	2679	2659	2.1	39.2
Query_227921	XM_036435227.1	100.000	21	0	0	1	21	2230	2210	2.1	39.2
Query_227921	LR862368.1	100.000	21	0	0	1	21	37237915	37237935	2.1	39.2
Query_227921	AC280214.1	100.000	21	0	0	1	21	182150	182170	2.1	39.2
Query_227921	XR_004733630.1	100.000	21	0	0	1	21	3330	3310	2.1	39.2
Query_227921	XM_002757794.5	100.000	21	0	0	1	21	3166	3146	2.1	39.2
Query_227921	EU794657.1	100.000	21	0	0	1	21	2469	2449	2.1	39.2
Query_227921	BC013135.1	100.000	21	0	0	1	21	2629	2609	2.1	39.2
Query_227921	AC185990.2	100.000	21	0	0	1	21	124378	124398	2.1	39.2
Query_227921	AC183985.2	100.000	21	0	0	1	21	124635	124655	2.1	39.2
Query_227921	AC182490.3	100.000	21	0	0	1	21	101980	102000	2.1	39.2
Query_227921	AC120782.25	100.000	21	0	0	1	21	42485	42465	2.1	39.2
Query_227921	AC145214.1	100.000	21	0	0	1	21	39021	39001	2.1	39.2
Query_227921	AC018804.9	100.000	21	0	0	1	21	27059	27039	2.1	39.2
Query_227921	AC073869.5	100.000	21	0	0	1	21	137393	137373	2.1	39.2
Query_227921	AC018682.4	100.000	21	0	0	1	21	117008	116988	2.1	39.2
Query_227921	XM_019793495.2	100.000	20	0	0	2	21	2268	2249	7.3	37.4
Query_227921	CP050591.1	100.000	20	0	0	2	21	49273084	49273065	7.3	37.4
Query_227921	CP050611.1	100.000	20	0	0	2	21	49280504	49280485	7.3	37.4
Query_227921	LR738625.1	100.000	20	0	0	1	20	60160562	60160581	7.3	37.4
Query_227921	LR738603.1	100.000	20	0	0	1	20	1947675	1947656	7.3	37.4
Query_227921	LR738603.1	100.000	20	0	0	1	20	2737568	2737549	7.3	37.4
Query_227921	LR738603.1	100.000	20	0	0	1	20	56067425	56067444	7.3	37.4
Query_227921	XM_031018563.1	100.000	20	0	0	2	21	2194	2175	7.3	37.4
Query_227921	XM_029937302.1	100.000	20	0	0	2	21	2088	2069	7.3	37.4
Query_227921	XM_040453838.1	100.000	20	0	0	2	21	2243	2224	7.3	37.4
Query_227921	HG994393.1	100.000	20	0	0	2	21	51299438	51299419	7.3	37.4
Query_227921	XM_038680494.1	100.000	20	0	0	2	21	2252	2233	7.3	37.4
Query_227921	XM_038646699.1	100.000	20	0	0	2	21	2252	2233	7.3	37.4
Query_227921	XM_036121674.1	100.000	20	0	0	2	21	2331	2312	7.3	37.4
Query_227921	XM_036121672.1	100.000	20	0	0	2	21	2152	2133	7.3	37.4
Query_227921	XM_036121671.1	100.000	20	0	0	2	21	2248	2229	7.3	37.4
Query_227921	XM_025465898.2	100.000	20	0	0	2	21	2251	2232	7.3	37.4
Query_227921	XM_027620825.2	100.000	20	0	0	2	21	2319	2300	7.3	37.4


