# blastn
# Iteration: 0
# Query: 
# RID: 73RNTR8Z01R
# Database: nt
# Fields: query acc.ver, subject acc.ver, % identity, alignment length, mismatches, gap opens, q. start, q. end, s. start, s. end, evalue, bit score
# 100 hits found
Query_33015	XM_034504298.1	100.000	21	0	0	1	21	929	909	2.0	39.2
Query_33015	XM_019945282.2	100.000	21	0	0	1	21	917	897	2.0	39.2
Query_33015	XM_004271794.3	100.000	21	0	0	1	21	937	917	2.0	39.2
Query_33015	XM_033183585.1	100.000	21	0	0	1	21	844	824	2.0	39.2
Query_33015	XM_033089132.1	100.000	21	0	0	1	21	860	840	2.0	39.2
Query_33015	XM_032913970.1	100.000	21	0	0	1	21	909	889	2.0	39.2
Query_33015	XM_032615033.1	100.000	21	0	0	1	21	922	902	2.0	39.2
Query_33015	XM_032321978.1	100.000	21	0	0	1	21	1285	1265	2.0	39.2
Query_33015	XM_032280103.1	100.000	21	0	0	1	21	934	914	2.0	39.2
Query_33015	XM_032162573.1	100.000	21	0	0	1	21	844	824	2.0	39.2
Query_33015	XM_023203969.3	100.000	21	0	0	1	21	843	823	2.0	39.2
Query_33015	XM_003912784.4	100.000	21	0	0	1	21	920	900	2.0	39.2
Query_33015	XM_031351580.1	100.000	21	0	0	1	21	1206	1186	2.0	39.2
Query_33015	XM_019026567.2	100.000	21	0	0	1	21	894	874	2.0	39.2
Query_33015	XM_010380650.2	100.000	21	0	0	1	21	844	824	2.0	39.2
Query_33015	XM_030881597.1	100.000	21	0	0	1	21	914	894	2.0	39.2
Query_33015	XM_003272285.3	100.000	21	0	0	1	21	1196	1176	2.0	39.2
Query_33015	MH729718.1	100.000	21	0	0	1	21	325	305	2.0	39.2
Query_33015	MH729717.1	100.000	21	0	0	1	21	325	305	2.0	39.2
Query_33015	MH729716.1	100.000	21	0	0	1	21	325	305	2.0	39.2
Query_33015	MH729715.1	100.000	21	0	0	1	21	325	305	2.0	39.2
Query_33015	MH729714.1	100.000	21	0	0	1	21	325	305	2.0	39.2
Query_33015	MH729713.1	100.000	21	0	0	1	21	325	305	2.0	39.2
Query_33015	NM_005450.6	100.000	21	0	0	1	21	850	830	2.0	39.2
Query_33015	XM_008838436.3	100.000	21	0	0	1	21	952	932	2.0	39.2
Query_33015	XM_021178260.2	100.000	21	0	0	1	21	518	498	2.0	39.2
Query_33015	XM_028772481.1	100.000	21	0	0	1	21	858	838	2.0	39.2
Query_33015	XM_027087081.1	100.000	21	0	0	1	21	914	894	2.0	39.2
Query_33015	XM_005350519.2	100.000	21	0	0	1	21	339	319	2.0	39.2
Query_33015	XM_026407803.1	100.000	21	0	0	1	21	907	887	2.0	39.2
Query_33015	XM_028164964.1	100.000	21	0	0	1	21	349	329	2.0	39.2
Query_33015	XM_027950363.1	100.000	21	0	0	1	21	848	828	2.0	39.2
Query_33015	XM_006172059.3	100.000	21	0	0	1	21	569	549	2.0	39.2
Query_33015	CP034495.1	100.000	21	0	0	1	21	54671909	54671889	2.0	39.2
Query_33015	XM_025362689.1	100.000	21	0	0	1	21	899	879	2.0	39.2
Query_33015	XM_006924856.3	100.000	21	0	0	1	21	669	649	2.0	39.2
Query_33015	XM_011732968.2	100.000	21	0	0	1	21	955	935	2.0	39.2
Query_33015	XM_024757637.1	100.000	21	0	0	1	21	664	644	2.0	39.2
Query_33015	XM_024573455.1	100.000	21	0	0	1	21	834	814	2.0	39.2
Query_33015	XM_002827353.4	100.000	21	0	0	1	21	844	824	2.0	39.2
Query_33015	XM_007109681.2	100.000	21	0	0	1	21	668	648	2.0	39.2
Query_33015	XM_024127830.1	100.000	21	0	0	1	21	668	648	2.0	39.2
Query_33015	XM_011365003.2	100.000	21	0	0	1	21	844	824	2.0	39.2
Query_33015	XM_004481252.3	100.000	21	0	0	1	21	807	787	2.0	39.2
Query_33015	XM_022552602.1	100.000	21	0	0	1	21	1000	980	2.0	39.2
Query_33015	XM_012460453.2	100.000	21	0	0	1	21	936	916	2.0	39.2
Query_33015	XM_005075810.3	100.000	21	0	0	1	21	950	930	2.0	39.2
Query_33015	LT744950.1	100.000	21	0	0	1	21	812	792	2.0	39.2
Query_33015	XM_020186020.1	100.000	21	0	0	1	21	843	823	2.0	39.2
Query_33015	KY286086.1	100.000	21	0	0	1	21	325	305	2.0	39.2
Query_33015	CP019038.1	100.000	21	0	0	1	21	4664704	4664684	2.0	39.2
Query_33015	XM_017866509.1	100.000	21	0	0	1	21	921	901	2.0	39.2
Query_33015	LT607409.1	100.000	21	0	0	1	21	259317	259337	2.0	39.2
Query_33015	XM_007481842.2	100.000	21	0	0	1	21	1232	1212	2.0	39.2
Query_33015	XM_006972019.2	100.000	21	0	0	1	21	724	704	2.0	39.2
Query_33015	XM_015495857.1	100.000	21	0	0	1	21	328	308	2.0	39.2
Query_33015	XM_005583787.2	100.000	21	0	0	1	21	844	824	2.0	39.2
Query_33015	XM_014861061.1	100.000	21	0	0	1	21	738	718	2.0	39.2
Query_33015	XM_005394073.2	100.000	21	0	0	1	21	631	611	2.0	39.2
Query_33015	CP011112.1	100.000	21	0	0	1	21	3694592	3694612	2.0	39.2
Query_33015	XM_004747353.2	100.000	21	0	0	1	21	939	919	2.0	39.2
Query_33015	XM_004684399.2	100.000	21	0	0	1	21	884	864	2.0	39.2
Query_33015	XM_012054883.1	100.000	21	0	0	1	21	844	824	2.0	39.2
Query_33015	XM_011953737.1	100.000	21	0	0	1	21	333	313	2.0	39.2
Query_33015	XM_011979238.1	100.000	21	0	0	1	21	288	268	2.0	39.2
Query_33015	KP215377.1	100.000	21	0	0	1	21	916	896	2.0	39.2
Query_33015	XM_003414604.2	100.000	21	0	0	1	21	587	567	2.0	39.2
Query_33015	KJ892724.1	100.000	21	0	0	1	21	390	370	2.0	39.2
Query_33015	XM_008072012.1	100.000	21	0	0	1	21	555	535	2.0	39.2
Query_33015	XM_007463875.1	100.000	21	0	0	1	21	845	825	2.0	39.2
Query_33015	XM_005321598.3	100.000	21	0	0	1	21	941	921	2.0	39.2
Query_33015	XM_039885709.1	100.000	21	0	0	1	21	844	824	2.0	39.2
Query_33015	CP068261.1	100.000	21	0	0	1	21	57470961	57470941	2.0	39.2
Query_33015	XM_039087858.1	100.000	21	0	0	1	21	231	251	2.0	39.2
Query_33015	XM_038329121.1	100.000	21	0	0	1	21	325	305	2.0	39.2
Query_33015	XM_008011393.2	100.000	21	0	0	1	21	911	891	2.0	39.2
Query_33015	XM_017538823.2	100.000	21	0	0	1	21	843	823	2.0	39.2
Query_33015	XM_037493704.1	100.000	21	0	0	1	21	819	799	2.0	39.2
Query_33015	XM_028878202.2	100.000	21	0	0	1	21	861	841	2.0	39.2
Query_33015	XM_037163726.1	100.000	21	0	0	1	21	897	877	2.0	39.2
Query_33015	NM_001265629.1	100.000	21	0	0	1	21	335	315	2.0	39.2
Query_33015	AK390180.1	100.000	21	0	0	1	21	669	649	2.0	39.2
Query_33015	XM_036835291.1	100.000	21	0	0	1	21	925	905	2.0	39.2
Query_33015	XM_016155130.2	100.000	21	0	0	1	21	914	894	2.0	39.2
Query_33015	AP023477.1	100.000	21	0	0	1	21	54043761	54043741	2.0	39.2
Query_33015	XM_036198140.1	100.000	21	0	0	1	21	858	838	2.0	39.2
Query_33015	XM_028520706.2	100.000	21	0	0	1	21	916	896	2.0	39.2
Query_33015	XM_027426115.2	100.000	21	0	0	1	21	325	305	2.0	39.2
Query_33015	NG_011958.1	100.000	21	0	0	1	21	5850	5830	2.0	39.2
Query_33015	NM_001143691.1	100.000	21	0	0	1	21	325	305	2.0	39.2
Query_33015	BC138148.1	100.000	21	0	0	1	21	390	370	2.0	39.2
Query_33015	CU689812.1	100.000	21	0	0	1	21	341	321	2.0	39.2
Query_33015	NM_012990.1	100.000	21	0	0	1	21	574	554	2.0	39.2
Query_33015	NM_008711.2	100.000	21	0	0	1	21	864	844	2.0	39.2
Query_33015	CU392839.9	100.000	21	0	0	1	21	41150	41170	2.0	39.2
Query_33015	BC132527.1	100.000	21	0	0	1	21	390	370	2.0	39.2
Query_33015	AY650332.1	100.000	21	0	0	1	21	61	41	2.0	39.2
Query_33015	AK146488.1	100.000	21	0	0	1	21	867	847	2.0	39.2
Query_33015	AY890603.1	100.000	21	0	0	1	21	325	305	2.0	39.2
Query_33015	AY893078.1	100.000	21	0	0	1	21	325	305	2.0	39.2


