# blastn
# Iteration: 0
# Query: 
# RID: 6XFB6NYA016
# Database: nt
# Fields: query acc.ver, subject acc.ver, % identity, alignment length, mismatches, gap opens, q. start, q. end, s. start, s. end, evalue, bit score
# 100 hits found
Query_64259	XM_034950155.1	100.000	21	0	0	1	21	399	379	2.1	39.2
Query_64259	XM_003823547.3	100.000	21	0	0	1	21	587	567	2.1	39.2
Query_64259	XM_003823548.3	100.000	21	0	0	1	21	725	705	2.1	39.2
Query_64259	XM_034954600.1	100.000	21	0	0	1	21	741	721	2.1	39.2
Query_64259	XM_034428757.1	100.000	21	0	0	1	21	564	544	2.1	39.2
Query_64259	XM_034428750.1	100.000	21	0	0	1	21	523	503	2.1	39.2
Query_64259	XM_034428742.1	100.000	21	0	0	1	21	676	656	2.1	39.2
Query_64259	XM_019931590.2	100.000	21	0	0	1	21	723	703	2.1	39.2
Query_64259	XM_019931589.2	100.000	21	0	0	1	21	631	611	2.1	39.2
Query_64259	XM_019931588.2	100.000	21	0	0	1	21	741	721	2.1	39.2
Query_64259	XM_019931587.2	100.000	21	0	0	1	21	458	438	2.1	39.2
Query_64259	XM_019931586.2	100.000	21	0	0	1	21	1409	1389	2.1	39.2
Query_64259	XM_019931584.2	100.000	21	0	0	1	21	644	624	2.1	39.2
Query_64259	XM_019931583.2	100.000	21	0	0	1	21	656	636	2.1	39.2
Query_64259	XM_019931582.2	100.000	21	0	0	1	21	376	356	2.1	39.2
Query_64259	XM_019931581.2	100.000	21	0	0	1	21	376	356	2.1	39.2
Query_64259	XM_010636794.3	100.000	21	0	0	1	21	676	656	2.1	39.2
Query_64259	XM_033757899.1	100.000	21	0	0	1	21	400	380	2.1	39.2
Query_64259	XM_004267384.3	100.000	21	0	0	1	21	721	701	2.1	39.2
Query_64259	XM_004267385.2	100.000	21	0	0	1	21	629	609	2.1	39.2
Query_64259	XM_033423676.1	100.000	21	0	0	1	21	747	727	2.1	39.2
Query_64259	XM_033423675.1	100.000	21	0	0	1	21	376	356	2.1	39.2
Query_64259	XM_033423674.1	100.000	21	0	0	1	21	376	356	2.1	39.2
Query_64259	XM_033423672.1	100.000	21	0	0	1	21	1390	1370	2.1	39.2
Query_64259	XM_033423671.1	100.000	21	0	0	1	21	734	714	2.1	39.2
Query_64259	XM_033423670.1	100.000	21	0	0	1	21	641	621	2.1	39.2
Query_64259	XM_033423669.1	100.000	21	0	0	1	21	502	482	2.1	39.2
Query_64259	XM_033230979.1	100.000	21	0	0	1	21	744	724	2.1	39.2
Query_64259	XM_040227739.1	100.000	21	0	0	1	21	595	575	2.1	39.2
Query_64259	XM_040227738.1	100.000	21	0	0	1	21	515	495	2.1	39.2
Query_64259	XM_040227737.1	100.000	21	0	0	1	21	699	679	2.1	39.2
Query_64259	XM_040256951.1	100.000	21	0	0	1	21	439	419	2.1	39.2
Query_64259	XM_010351541.2	100.000	21	0	0	1	21	727	707	2.1	39.2
Query_64259	XM_039469988.1	100.000	21	0	0	1	21	807	787	2.1	39.2
Query_64259	XM_039322530.1	100.000	21	0	0	1	21	459	439	2.1	39.2
Query_64259	XM_039322529.1	100.000	21	0	0	1	21	489	469	2.1	39.2
Query_64259	XM_039322528.1	100.000	21	0	0	1	21	490	470	2.1	39.2
Query_64259	XM_039322527.1	100.000	21	0	0	1	21	540	520	2.1	39.2
Query_64259	XM_007965532.2	100.000	21	0	0	1	21	791	771	2.1	39.2
Query_64259	XM_007965531.2	100.000	21	0	0	1	21	721	701	2.1	39.2
Query_64259	XM_007965530.2	100.000	21	0	0	1	21	744	724	2.1	39.2
Query_64259	XM_037849091.1	100.000	21	0	0	1	21	557	537	2.1	39.2
Query_64259	XM_037849090.1	100.000	21	0	0	1	21	519	499	2.1	39.2
Query_64259	XM_037849089.1	100.000	21	0	0	1	21	757	737	2.1	39.2
Query_64259	XM_037844356.1	100.000	21	0	0	1	21	351	331	2.1	39.2
Query_64259	XM_037839205.1	100.000	21	0	0	1	21	381	361	2.1	39.2
Query_64259	XM_037735836.1	100.000	21	0	0	1	21	366	346	2.1	39.2
Query_64259	XM_017532745.2	100.000	21	0	0	1	21	797	777	2.1	39.2
Query_64259	XM_017532744.2	100.000	21	0	0	1	21	727	707	2.1	39.2
Query_64259	XM_017532743.2	100.000	21	0	0	1	21	806	786	2.1	39.2
Query_64259	XM_037523656.1	100.000	21	0	0	1	21	459	439	2.1	39.2
Query_64259	XM_037523655.1	100.000	21	0	0	1	21	550	530	2.1	39.2
Query_64259	XM_037523654.1	100.000	21	0	0	1	21	449	429	2.1	39.2
Query_64259	XM_037523653.1	100.000	21	0	0	1	21	744	724	2.1	39.2
Query_64259	XM_037130039.1	100.000	21	0	0	1	21	455	435	2.1	39.2
Query_64259	XM_037130038.1	100.000	21	0	0	1	21	462	442	2.1	39.2
Query_64259	XM_037130037.1	100.000	21	0	0	1	21	624	604	2.1	39.2
Query_64259	XM_037130036.1	100.000	21	0	0	1	21	724	704	2.1	39.2
Query_64259	XM_037044351.1	100.000	21	0	0	1	21	655	635	2.1	39.2
Query_64259	XM_037044350.1	100.000	21	0	0	1	21	462	442	2.1	39.2
Query_64259	XM_037044349.1	100.000	21	0	0	1	21	455	435	2.1	39.2
Query_64259	XM_037044348.1	100.000	21	0	0	1	21	588	568	2.1	39.2
Query_64259	XM_037044347.1	100.000	21	0	0	1	21	704	684	2.1	39.2
Query_64259	XM_037000303.1	100.000	21	0	0	1	21	515	495	2.1	39.2
Query_64259	XM_037000302.1	100.000	21	0	0	1	21	510	490	2.1	39.2
Query_64259	XM_037000301.1	100.000	21	0	0	1	21	397	377	2.1	39.2
Query_64259	XM_017668147.2	100.000	21	0	0	1	21	531	511	2.1	39.2
Query_64259	XM_017668146.2	100.000	21	0	0	1	21	652	632	2.1	39.2
Query_64259	XM_037000299.1	100.000	21	0	0	1	21	515	495	2.1	39.2
Query_64259	XM_036879408.1	100.000	21	0	0	1	21	509	489	2.1	39.2
Query_64259	XM_036879407.1	100.000	21	0	0	1	21	397	377	2.1	39.2
Query_64259	XM_036879406.1	100.000	21	0	0	1	21	529	509	2.1	39.2
Query_64259	XM_036879404.1	100.000	21	0	0	1	21	648	628	2.1	39.2
Query_64259	XM_036879403.1	100.000	21	0	0	1	21	699	679	2.1	39.2
Query_64259	XR_004969263.1	100.000	21	0	0	1	21	721	701	2.1	39.2
Query_64259	XM_036319158.1	100.000	21	0	0	1	21	706	686	2.1	39.2
Query_64259	XM_036319157.1	100.000	21	0	0	1	21	721	701	2.1	39.2
Query_64259	XM_036268012.1	100.000	21	0	0	1	21	405	385	2.1	39.2
Query_64259	XR_004958629.1	100.000	21	0	0	1	21	526	506	2.1	39.2
Query_64259	XM_036253507.1	100.000	21	0	0	1	21	743	723	2.1	39.2
Query_64259	XR_004958628.1	100.000	21	0	0	1	21	466	446	2.1	39.2
Query_64259	XR_004958627.1	100.000	21	0	0	1	21	526	506	2.1	39.2
Query_64259	XM_036253506.1	100.000	21	0	0	1	21	526	506	2.1	39.2
Query_64259	XR_004958626.1	100.000	21	0	0	1	21	545	525	2.1	39.2
Query_64259	XR_004958625.1	100.000	21	0	0	1	21	526	506	2.1	39.2
Query_64259	XM_036236019.1	100.000	21	0	0	1	21	557	537	2.1	39.2
Query_64259	XM_016164614.2	100.000	21	0	0	1	21	793	773	2.1	39.2
Query_64259	XM_016164616.2	100.000	21	0	0	1	21	397	377	2.1	39.2
Query_64259	XM_016164613.2	100.000	21	0	0	1	21	518	498	2.1	39.2
Query_64259	XM_016164615.2	100.000	21	0	0	1	21	682	662	2.1	39.2
Query_64259	XM_016164612.2	100.000	21	0	0	1	21	753	733	2.1	39.2
Query_64259	XM_036023225.1	100.000	21	0	0	1	21	510	490	2.1	39.2
Query_64259	XM_028508977.2	100.000	21	0	0	1	21	518	498	2.1	39.2
Query_64259	XM_028508979.2	100.000	21	0	0	1	21	447	427	2.1	39.2
Query_64259	XM_028508978.2	100.000	21	0	0	1	21	597	577	2.1	39.2
Query_64259	NM_182678.3	100.000	21	0	0	1	21	595	575	2.1	39.2
Query_64259	NM_001278554.2	100.000	21	0	0	1	21	796	776	2.1	39.2
Query_64259	NM_001278555.2	100.000	21	0	0	1	21	563	543	2.1	39.2
Query_64259	XM_003733157.3	100.000	21	0	0	1	21	722	702	2.1	39.2
Query_64259	XM_035304362.1	100.000	21	0	0	1	21	864	844	2.1	39.2


