# blastn
# Iteration: 0
# Query: 
# RID: 7RR976DP013
# Database: nt
# Fields: query acc.ver, subject acc.ver, % identity, alignment length, mismatches, gap opens, q. start, q. end, s. start, s. end, evalue, bit score
# 100 hits found
Query_34529	XM_040459768.1	100.000	21	0	0	1	21	173	153	2.1	39.2
Query_34529	XM_040459767.1	100.000	21	0	0	1	21	176	156	2.1	39.2
Query_34529	XM_040459766.1	100.000	21	0	0	1	21	197	177	2.1	39.2
Query_34529	XM_040459764.1	100.000	21	0	0	1	21	413	393	2.1	39.2
Query_34529	XM_040459763.1	100.000	21	0	0	1	21	350	330	2.1	39.2
Query_34529	XM_040453115.1	100.000	21	0	0	1	21	338	318	2.1	39.2
Query_34529	XM_040483671.1	100.000	21	0	0	1	21	349	329	2.1	39.2
Query_34529	XM_040457089.1	100.000	21	0	0	1	21	357	337	2.1	39.2
Query_34529	XM_040275524.1	100.000	21	0	0	1	21	295	275	2.1	39.2
Query_34529	XM_013358595.3	100.000	21	0	0	1	21	325	305	2.1	39.2
Query_34529	XM_040275523.1	100.000	21	0	0	1	21	218	198	2.1	39.2
Query_34529	XM_040275522.1	100.000	21	0	0	1	21	341	321	2.1	39.2
Query_34529	XM_040275521.1	100.000	21	0	0	1	21	344	324	2.1	39.2
Query_34529	XM_029070229.2	100.000	21	0	0	1	21	366	346	2.1	39.2
Query_34529	XM_016228206.3	100.000	21	0	0	1	21	440	420	2.1	39.2
Query_34529	HG994408.1	100.000	21	0	0	1	21	45503751	45503771	2.1	39.2
Query_34529	XM_039864588.1	100.000	21	0	0	1	21	531	511	2.1	39.2
Query_34529	XM_039864587.1	100.000	21	0	0	1	21	395	375	2.1	39.2
Query_34529	XM_039864586.1	100.000	21	0	0	1	21	2028	2008	2.1	39.2
Query_34529	XM_039864584.1	100.000	21	0	0	1	21	411	391	2.1	39.2
Query_34529	XM_010343114.2	100.000	21	0	0	1	21	550	530	2.1	39.2
Query_34529	XM_039479768.1	100.000	21	0	0	1	21	531	511	2.1	39.2
Query_34529	XM_039479767.1	100.000	21	0	0	1	21	386	366	2.1	39.2
Query_34529	XM_039477794.1	100.000	21	0	0	1	21	334	314	2.1	39.2
Query_34529	CP068258.1	100.000	21	0	0	1	21	51852519	51852539	2.1	39.2
Query_34529	XM_038750001.1	100.000	21	0	0	1	21	430	410	2.1	39.2
Query_34529	XM_037988979.1	100.000	21	0	0	1	21	360	340	2.1	39.2
Query_34529	XM_037983802.1	100.000	21	0	0	1	21	345	325	2.1	39.2
Query_34529	XM_008014329.2	100.000	21	0	0	1	21	538	518	2.1	39.2
Query_34529	XM_037982646.1	100.000	21	0	0	1	21	321	301	2.1	39.2
Query_34529	XM_008014322.2	100.000	21	0	0	1	21	617	597	2.1	39.2
Query_34529	XM_037982645.1	100.000	21	0	0	1	21	322	302	2.1	39.2
Query_34529	XM_008014318.2	100.000	21	0	0	1	21	477	457	2.1	39.2
Query_34529	XM_008014312.2	100.000	21	0	0	1	21	411	391	2.1	39.2
Query_34529	XM_037996789.1	100.000	21	0	0	1	21	343	323	2.1	39.2
Query_34529	XM_037821188.1	100.000	21	0	0	1	21	347	327	2.1	39.2
Query_34529	XM_037841024.1	100.000	21	0	0	1	21	200	180	2.1	39.2
Query_34529	XM_037841023.1	100.000	21	0	0	1	21	326	306	2.1	39.2
Query_34529	XM_037810938.1	100.000	21	0	0	1	21	363	343	2.1	39.2
Query_34529	XM_037810538.1	100.000	21	0	0	1	21	245	225	2.1	39.2
Query_34529	XM_037799127.1	100.000	21	0	0	1	21	326	306	2.1	39.2
Query_34529	XM_037825966.1	100.000	21	0	0	1	21	200	180	2.1	39.2
Query_34529	XM_037734717.1	100.000	21	0	0	1	21	339	319	2.1	39.2
Query_34529	XM_037743277.1	100.000	21	0	0	1	21	308	288	2.1	39.2
Query_34529	XR_005202231.1	100.000	21	0	0	1	21	341	321	2.1	39.2
Query_34529	XM_037739054.1	100.000	21	0	0	1	21	787	767	2.1	39.2
Query_34529	XR_005200512.1	100.000	21	0	0	1	21	623	603	2.1	39.2
Query_34529	XR_005200511.1	100.000	21	0	0	1	21	447	427	2.1	39.2
Query_34529	XR_005200510.1	100.000	21	0	0	1	21	675	655	2.1	39.2
Query_34529	XR_005200509.1	100.000	21	0	0	1	21	499	479	2.1	39.2
Query_34529	XM_017529922.2	100.000	21	0	0	1	21	414	394	2.1	39.2
Query_34529	XM_017529921.2	100.000	21	0	0	1	21	414	394	2.1	39.2
Query_34529	XM_037167230.1	100.000	21	0	0	1	21	703	683	2.1	39.2
Query_34529	XM_017651907.2	100.000	21	0	0	1	21	445	425	2.1	39.2
Query_34529	XM_017651906.2	100.000	21	0	0	1	21	541	521	2.1	39.2
Query_34529	XM_017651904.2	100.000	21	0	0	1	21	433	413	2.1	39.2
Query_34529	XM_017651903.2	100.000	21	0	0	1	21	411	391	2.1	39.2
Query_34529	XM_036901999.1	100.000	21	0	0	1	21	434	414	2.1	39.2
Query_34529	XM_036901998.1	100.000	21	0	0	1	21	537	517	2.1	39.2
Query_34529	XM_036901997.1	100.000	21	0	0	1	21	323	303	2.1	39.2
Query_34529	XM_036901996.1	100.000	21	0	0	1	21	411	391	2.1	39.2
Query_34529	XM_036417747.1	100.000	21	0	0	1	21	342	322	2.1	39.2
Query_34529	XM_036417746.1	100.000	21	0	0	1	21	310	290	2.1	39.2
Query_34529	XM_036417745.1	100.000	21	0	0	1	21	392	372	2.1	39.2
Query_34529	XM_036417744.1	100.000	21	0	0	1	21	221	201	2.1	39.2
Query_34529	XM_036417743.1	100.000	21	0	0	1	21	454	434	2.1	39.2
Query_34529	XM_036417742.1	100.000	21	0	0	1	21	435	415	2.1	39.2
Query_34529	XM_036244480.1	100.000	21	0	0	1	21	425	405	2.1	39.2
Query_34529	XM_036244479.1	100.000	21	0	0	1	21	356	336	2.1	39.2
Query_34529	XM_036244478.1	100.000	21	0	0	1	21	466	446	2.1	39.2
Query_34529	XM_036244476.1	100.000	21	0	0	1	21	378	358	2.1	39.2
Query_34529	XM_036244475.1	100.000	21	0	0	1	21	395	375	2.1	39.2
Query_34529	XM_036253164.1	100.000	21	0	0	1	21	326	306	2.1	39.2
Query_34529	XM_036229301.1	100.000	21	0	0	1	21	531	511	2.1	39.2
Query_34529	XM_016143743.2	100.000	21	0	0	1	21	395	375	2.1	39.2
Query_34529	XM_036229300.1	100.000	21	0	0	1	21	3174	3154	2.1	39.2
Query_34529	XM_016143742.2	100.000	21	0	0	1	21	402	382	2.1	39.2
Query_34529	AP023480.1	100.000	21	0	0	1	21	48145337	48145357	2.1	39.2
Query_34529	XM_036064668.1	100.000	21	0	0	1	21	324	304	2.1	39.2
Query_34529	XM_036064667.1	100.000	21	0	0	1	21	532	512	2.1	39.2
Query_34529	XM_036064666.1	100.000	21	0	0	1	21	375	355	2.1	39.2
Query_34529	XM_036064665.1	100.000	21	0	0	1	21	324	304	2.1	39.2
Query_34529	XM_036078322.1	100.000	21	0	0	1	21	806	786	2.1	39.2
Query_34529	XM_036077669.1	100.000	21	0	0	1	21	2142	2122	2.1	39.2
Query_34529	LR877205.1	100.000	21	0	0	1	21	55923970	55923950	2.1	39.2
Query_34529	NM_001257398.2	100.000	21	0	0	1	21	487	467	2.1	39.2
Query_34529	NM_001282579.2	100.000	21	0	0	1	21	448	428	2.1	39.2
Query_34529	NM_001282576.2	100.000	21	0	0	1	21	622	602	2.1	39.2
Query_34529	XM_035725421.1	100.000	21	0	0	1	21	203	183	2.1	39.2
Query_34529	XM_027621509.2	100.000	21	0	0	1	21	253	233	2.1	39.2
Query_34529	XM_027621508.2	100.000	21	0	0	1	21	379	359	2.1	39.2
Query_34529	XM_035728383.1	100.000	21	0	0	1	21	326	306	2.1	39.2
Query_34529	XM_035727077.1	100.000	21	0	0	1	21	335	315	2.1	39.2
Query_34529	XM_035726584.1	100.000	21	0	0	1	21	311	291	2.1	39.2
Query_34529	XM_027610880.2	100.000	21	0	0	1	21	200	180	2.1	39.2
Query_34529	XM_027610879.2	100.000	21	0	0	1	21	326	306	2.1	39.2
Query_34529	XM_035721998.1	100.000	21	0	0	1	21	275	255	2.1	39.2
Query_34529	XM_035721995.1	100.000	21	0	0	1	21	209	189	2.1	39.2
Query_34529	LR862363.1	100.000	21	0	0	1	21	9956667	9956647	2.1	39.2
Query_34529	XM_017971642.2	100.000	21	0	0	1	21	760	740	2.1	39.2


