# blastn
# Iteration: 0
# Query: 
# RID: 73RW52BY01R
# Database: nt
# Fields: query acc.ver, subject acc.ver, % identity, alignment length, mismatches, gap opens, q. start, q. end, s. start, s. end, evalue, bit score
# 25 hits found
Query_449823	AP023168.1	100.000	21	0	0	1	21	66307515	66307535	2.0	39.2
Query_449823	NM_005450.6	100.000	21	0	0	1	21	766	746	2.0	39.2
Query_449823	XM_008147742.2	100.000	21	0	0	1	21	890	870	2.0	39.2
Query_449823	CP034495.1	100.000	21	0	0	1	21	54671825	54671805	2.0	39.2
Query_449823	XM_006095589.3	100.000	21	0	0	1	21	851	831	2.0	39.2
Query_449823	LT744950.1	100.000	21	0	0	1	21	728	708	2.0	39.2
Query_449823	XM_006779310.2	100.000	21	0	0	1	21	151	131	2.0	39.2
Query_449823	KJ892724.1	100.000	21	0	0	1	21	306	286	2.0	39.2
Query_449823	XM_004608646.1	100.000	21	0	0	1	21	581	561	2.0	39.2
Query_449823	CP068261.1	100.000	21	0	0	1	21	57470877	57470857	2.0	39.2
Query_449823	CP065230.1	100.000	21	0	0	1	21	1289682	1289702	2.0	39.2
Query_449823	XM_037809573.1	100.000	21	0	0	1	21	826	806	2.0	39.2
Query_449823	XM_036342124.1	100.000	21	0	0	1	21	274	254	2.0	39.2
Query_449823	AP023477.1	100.000	21	0	0	1	21	54043677	54043657	2.0	39.2
Query_449823	XM_002748399.4	100.000	21	0	0	1	21	761	741	2.0	39.2
Query_449823	NG_011958.1	100.000	21	0	0	1	21	5766	5746	2.0	39.2
Query_449823	CU689812.1	100.000	21	0	0	1	21	257	237	2.0	39.2
Query_449823	AK314080.1	100.000	21	0	0	1	21	766	746	2.0	39.2
Query_449823	BC034027.1	100.000	21	0	0	1	21	551	531	2.0	39.2
Query_449823	AC015724.9	100.000	21	0	0	1	21	61339	61359	2.0	39.2
Query_449823	AY890603.1	100.000	21	0	0	1	21	241	221	2.0	39.2
Query_449823	AY893078.1	100.000	21	0	0	1	21	241	221	2.0	39.2
Query_449823	AC005553.1	100.000	21	0	0	1	21	145962	145982	2.0	39.2
Query_449823	U31202.1	100.000	21	0	0	1	21	1052	1032	2.0	39.2
Query_449823	CP038437.2	100.000	20	0	0	1	20	1289103	1289122	7.1	37.4


