# blastn
# Iteration: 0
# Query: 
# RID: 9PKD4GGV016
# Database: nt
# Fields: query acc.ver, subject acc.ver, % identity, alignment length, mismatches, gap opens, q. start, q. end, s. start, s. end, evalue, bit score
# 100 hits found
Query_16211	XM_034960512.1	100.000	21	0	0	1	21	390	370	2.1	39.2
Query_16211	XM_003829274.3	100.000	21	0	0	1	21	480	460	2.1	39.2
Query_16211	XM_034656017.1	100.000	21	0	0	1	21	445	425	2.1	39.2
Query_16211	XM_002912915.4	100.000	21	0	0	1	21	523	503	2.1	39.2
Query_16211	XR_002174172.2	100.000	21	0	0	1	21	750	730	2.1	39.2
Query_16211	XM_004326504.3	100.000	21	0	0	1	21	388	368	2.1	39.2
Query_16211	XM_033761573.1	100.000	21	0	0	1	21	367	347	2.1	39.2
Query_16211	XM_033761572.1	100.000	21	0	0	1	21	447	427	2.1	39.2
Query_16211	XR_004478222.1	100.000	21	0	0	1	21	775	755	2.1	39.2
Query_16211	XM_033409827.1	100.000	21	0	0	1	21	586	566	2.1	39.2
Query_16211	XM_004282119.3	100.000	21	0	0	1	21	651	631	2.1	39.2
Query_16211	XM_033403071.1	100.000	21	0	0	1	21	362	342	2.1	39.2
Query_16211	XM_004263629.3	100.000	21	0	0	1	21	449	429	2.1	39.2
Query_16211	CP050600.1	100.000	21	0	0	1	21	21862025	21862005	2.1	39.2
Query_16211	CP050630.1	100.000	21	0	0	1	21	21854992	21854972	2.1	39.2
Query_16211	XM_033181205.1	100.000	21	0	0	1	21	1337	1317	2.1	39.2
Query_16211	XM_032837709.1	100.000	21	0	0	1	21	529	509	2.1	39.2
Query_16211	XM_032837708.1	100.000	21	0	0	1	21	529	509	2.1	39.2
Query_16211	XM_032837707.1	100.000	21	0	0	1	21	529	509	2.1	39.2
Query_16211	XM_032625524.1	100.000	21	0	0	1	21	473	453	2.1	39.2
Query_16211	XM_032625523.1	100.000	21	0	0	1	21	410	390	2.1	39.2
Query_16211	XM_032625522.1	100.000	21	0	0	1	21	517	497	2.1	39.2
Query_16211	XM_006179617.3	100.000	21	0	0	1	21	512	492	2.1	39.2
Query_16211	XM_032336720.1	100.000	21	0	0	1	21	523	503	2.1	39.2
Query_16211	XM_032336718.1	100.000	21	0	0	1	21	523	503	2.1	39.2
Query_16211	XM_032336717.1	100.000	21	0	0	1	21	523	503	2.1	39.2
Query_16211	XM_032251637.1	100.000	21	0	0	1	21	739	719	2.1	39.2
Query_16211	XM_032251564.1	100.000	21	0	0	1	21	829	809	2.1	39.2
Query_16211	XM_032157920.1	100.000	21	0	0	1	21	810	790	2.1	39.2
Query_16211	XM_023196017.2	100.000	21	0	0	1	21	802	782	2.1	39.2
Query_16211	NM_001194433.3	100.000	21	0	0	1	21	811	791	2.1	39.2
Query_16211	XM_006212804.3	100.000	21	0	0	1	21	511	491	2.1	39.2
Query_16211	XM_021939692.2	100.000	21	0	0	1	21	734	714	2.1	39.2
Query_16211	XM_003900106.3	100.000	21	0	0	1	21	824	804	2.1	39.2
Query_16211	XM_010981544.2	100.000	21	0	0	1	21	512	492	2.1	39.2
Query_16211	XM_031010702.1	100.000	21	0	0	1	21	802	782	2.1	39.2
Query_16211	XR_004042349.1	100.000	21	0	0	1	21	748	728	2.1	39.2
Query_16211	XM_030869624.1	100.000	21	0	0	1	21	521	501	2.1	39.2
Query_16211	XM_030869623.1	100.000	21	0	0	1	21	510	490	2.1	39.2
Query_16211	XM_003266384.3	100.000	21	0	0	1	21	809	789	2.1	39.2
Query_16211	XM_029941919.1	100.000	21	0	0	1	21	518	498	2.1	39.2
Query_16211	XM_008827925.3	100.000	21	0	0	1	21	560	540	2.1	39.2
Query_16211	XM_029217262.1	100.000	21	0	0	1	21	515	495	2.1	39.2
Query_16211	NM_003337.4	100.000	21	0	0	1	21	413	393	2.1	39.2
Query_16211	XM_007107071.3	100.000	21	0	0	1	21	511	491	2.1	39.2
Query_16211	XR_003430971.1	100.000	21	0	0	1	21	750	730	2.1	39.2
Query_16211	XM_027097568.1	100.000	21	0	0	1	21	537	517	2.1	39.2
Query_16211	XM_027097558.1	100.000	21	0	0	1	21	510	490	2.1	39.2
Query_16211	XM_015087620.2	100.000	21	0	0	1	21	473	453	2.1	39.2
Query_16211	XM_026507995.1	100.000	21	0	0	1	21	458	438	2.1	39.2
Query_16211	XM_007172151.2	100.000	21	0	0	1	21	367	347	2.1	39.2
Query_16211	XM_007172150.2	100.000	21	0	0	1	21	515	495	2.1	39.2
Query_16211	XM_028103534.1	100.000	21	0	0	1	21	518	498	2.1	39.2
Query_16211	XM_014583576.2	100.000	21	0	0	1	21	443	423	2.1	39.2
Query_16211	XM_006166855.3	100.000	21	0	0	1	21	443	423	2.1	39.2
Query_16211	XM_027606507.1	100.000	21	0	0	1	21	518	498	2.1	39.2
Query_16211	XM_025994900.1	100.000	21	0	0	1	21	524	504	2.1	39.2
Query_16211	XM_025924543.1	100.000	21	0	0	1	21	445	425	2.1	39.2
Query_16211	XM_025924542.1	100.000	21	0	0	1	21	534	514	2.1	39.2
Query_16211	XM_025860796.1	100.000	21	0	0	1	21	518	498	2.1	39.2
Query_16211	XM_025388144.1	100.000	21	0	0	1	21	733	713	2.1	39.2
Query_16211	XM_025388143.1	100.000	21	0	0	1	21	823	803	2.1	39.2
Query_16211	XM_011716582.2	100.000	21	0	0	1	21	335	315	2.1	39.2
Query_16211	XM_011716581.2	100.000	21	0	0	1	21	800	780	2.1	39.2
Query_16211	XM_024752454.1	100.000	21	0	0	1	21	400	380	2.1	39.2
Query_16211	XM_024752453.1	100.000	21	0	0	1	21	515	495	2.1	39.2
Query_16211	XM_016953844.2	100.000	21	0	0	1	21	389	369	2.1	39.2
Query_16211	XM_517935.4	100.000	21	0	0	1	21	802	782	2.1	39.2
Query_16211	XM_040971839.1	100.000	21	0	0	1	21	482	462	2.1	39.2
Query_16211	XM_040971830.1	100.000	21	0	0	1	21	584	564	2.1	39.2
Query_16211	XM_040971822.1	100.000	21	0	0	1	21	529	509	2.1	39.2
Query_16211	XM_008691602.2	100.000	21	0	0	1	21	530	510	2.1	39.2
Query_16211	XM_040444497.1	100.000	21	0	0	1	21	473	453	2.1	39.2
Query_16211	HG994391.1	100.000	21	0	0	1	21	23523098	23523078	2.1	39.2
Query_16211	XM_010338704.2	100.000	21	0	0	1	21	454	434	2.1	39.2
Query_16211	XM_010338699.2	100.000	21	0	0	1	21	543	523	2.1	39.2
Query_16211	XM_039242287.1	100.000	21	0	0	1	21	499	479	2.1	39.2
Query_16211	XM_039242286.1	100.000	21	0	0	1	21	499	479	2.1	39.2
Query_16211	XM_039242285.1	100.000	21	0	0	1	21	498	478	2.1	39.2
Query_16211	XM_038681540.1	100.000	21	0	0	1	21	634	614	2.1	39.2
Query_16211	XM_022425310.2	100.000	21	0	0	1	21	634	614	2.1	39.2
Query_16211	XM_008014440.2	100.000	21	0	0	1	21	730	710	2.1	39.2
Query_16211	XM_008014439.2	100.000	21	0	0	1	21	820	800	2.1	39.2
Query_16211	XM_037809629.1	100.000	21	0	0	1	21	402	382	2.1	39.2
Query_16211	XM_037800778.1	100.000	21	0	0	1	21	361	341	2.1	39.2
Query_16211	XM_037800777.1	100.000	21	0	0	1	21	495	475	2.1	39.2
Query_16211	XM_017532387.2	100.000	21	0	0	1	21	390	370	2.1	39.2
Query_16211	XM_017532386.2	100.000	21	0	0	1	21	536	516	2.1	39.2
Query_16211	XM_037509311.1	100.000	21	0	0	1	21	466	446	2.1	39.2
Query_16211	XM_037016069.1	100.000	21	0	0	1	21	362	342	2.1	39.2
Query_16211	XM_037016068.1	100.000	21	0	0	1	21	471	451	2.1	39.2
Query_16211	XM_017641948.2	100.000	21	0	0	1	21	497	477	2.1	39.2
Query_16211	XM_036898390.1	100.000	21	0	0	1	21	361	341	2.1	39.2
Query_16211	XM_036898387.1	100.000	21	0	0	1	21	471	451	2.1	39.2
Query_16211	XM_036898386.1	100.000	21	0	0	1	21	498	478	2.1	39.2
Query_16211	XM_036493390.1	100.000	21	0	0	1	21	359	339	2.1	39.2
Query_16211	XM_025433233.2	100.000	21	0	0	1	21	633	613	2.1	39.2
Query_16211	XM_025433232.2	100.000	21	0	0	1	21	851	831	2.1	39.2
Query_16211	XM_008984915.4	100.000	21	0	0	1	21	741	721	2.1	39.2
Query_16211	XM_002744157.6	100.000	21	0	0	1	21	831	811	2.1	39.2


