# blastn
# Iteration: 0
# Query: 
# RID: 6X7R8YMH016
# Database: nt
# Fields: query acc.ver, subject acc.ver, % identity, alignment length, mismatches, gap opens, q. start, q. end, s. start, s. end, evalue, bit score
# 100 hits found
Query_18921	XR_004676345.1	100.000	21	0	0	1	21	745	725	2.1	39.2
Query_18921	XM_034989324.1	100.000	21	0	0	1	21	743	723	2.1	39.2
Query_18921	XM_034941314.1	100.000	21	0	0	1	21	792	772	2.1	39.2
Query_18921	XM_034647198.1	100.000	21	0	0	1	21	433	413	2.1	39.2
Query_18921	XM_034647197.1	100.000	21	0	0	1	21	1287	1267	2.1	39.2
Query_18921	XR_004607085.1	100.000	21	0	0	1	21	1100	1080	2.1	39.2
Query_18921	XM_034505908.1	100.000	21	0	0	1	21	849	829	2.1	39.2
Query_18921	XM_033764015.1	100.000	21	0	0	1	21	436	416	2.1	39.2
Query_18921	XR_004430887.1	100.000	21	0	0	1	21	523	503	2.1	39.2
Query_18921	XR_004430886.1	100.000	21	0	0	1	21	776	756	2.1	39.2
Query_18921	XR_004430885.1	100.000	21	0	0	1	21	746	726	2.1	39.2
Query_18921	XR_004430884.1	100.000	21	0	0	1	21	652	632	2.1	39.2
Query_18921	XR_004430883.1	100.000	21	0	0	1	21	623	603	2.1	39.2
Query_18921	XM_033185036.1	100.000	21	0	0	1	21	807	787	2.1	39.2
Query_18921	XM_032914260.1	100.000	21	0	0	1	21	777	757	2.1	39.2
Query_18921	XM_032577845.1	100.000	21	0	0	1	21	574	554	2.1	39.2
Query_18921	XM_032498029.1	100.000	21	0	0	1	21	800	780	2.1	39.2
Query_18921	XM_032431655.1	100.000	21	0	0	1	21	799	779	2.1	39.2
Query_18921	XM_032138345.1	100.000	21	0	0	1	21	810	790	2.1	39.2
Query_18921	XM_023184506.2	100.000	21	0	0	1	21	798	778	2.1	39.2
Query_18921	XR_004179314.1	100.000	21	0	0	1	21	1131	1111	2.1	39.2
Query_18921	XR_004179313.1	100.000	21	0	0	1	21	523	503	2.1	39.2
Query_18921	XM_003912123.3	100.000	21	0	0	1	21	801	781	2.1	39.2
Query_18921	XM_017950278.3	100.000	21	0	0	1	21	639	619	2.1	39.2
Query_18921	XM_031469532.1	100.000	21	0	0	1	21	800	780	2.1	39.2
Query_18921	XM_031352752.1	100.000	21	0	0	1	21	854	834	2.1	39.2
Query_18921	XM_006748196.2	100.000	21	0	0	1	21	454	434	2.1	39.2
Query_18921	XM_004058312.3	100.000	21	0	0	1	21	801	781	2.1	39.2
Query_18921	XM_010382186.2	100.000	21	0	0	1	21	801	781	2.1	39.2
Query_18921	XM_030800357.1	100.000	21	0	0	1	21	801	781	2.1	39.2
Query_18921	XM_030296088.1	100.000	21	0	0	1	21	484	464	2.1	39.2
Query_18921	XM_008855635.3	100.000	21	0	0	1	21	754	734	2.1	39.2
Query_18921	XR_003845143.1	100.000	21	0	0	1	21	872	852	2.1	39.2
Query_18921	XM_021212464.2	100.000	21	0	0	1	21	768	748	2.1	39.2
Query_18921	XM_021176786.2	100.000	21	0	0	1	21	471	451	2.1	39.2
Query_18921	XR_001440232.2	100.000	21	0	0	1	21	894	874	2.1	39.2
Query_18921	XR_001440230.2	100.000	21	0	0	1	21	667	647	2.1	39.2
Query_18921	XM_015118270.2	100.000	21	0	0	1	21	796	776	2.1	39.2
Query_18921	XM_028835904.1	100.000	21	0	0	1	21	524	504	2.1	39.2
Query_18921	XM_028787284.1	100.000	21	0	0	1	21	771	751	2.1	39.2
Query_18921	XM_028534147.1	100.000	21	0	0	1	21	796	776	2.1	39.2
Query_18921	XM_028498186.1	100.000	21	0	0	1	21	806	786	2.1	39.2
Query_18921	XM_028317138.1	100.000	21	0	0	1	21	546	526	2.1	39.2
Query_18921	XM_027047482.1	100.000	21	0	0	1	21	735	715	2.1	39.2
Query_18921	XM_005349621.3	100.000	21	0	0	1	21	1476	1456	2.1	39.2
Query_18921	XM_026520690.1	100.000	21	0	0	1	21	430	410	2.1	39.2
Query_18921	XM_026520689.1	100.000	21	0	0	1	21	771	751	2.1	39.2
Query_18921	XM_026393902.1	100.000	21	0	0	1	21	1175	1155	2.1	39.2
Query_18921	XR_003614222.1	100.000	21	0	0	1	21	1024	1004	2.1	39.2
Query_18921	XM_008156752.2	100.000	21	0	0	1	21	783	763	2.1	39.2
Query_18921	XM_028133010.1	100.000	21	0	0	1	21	1124	1104	2.1	39.2
Query_18921	XM_028133009.1	100.000	21	0	0	1	21	1006	986	2.1	39.2
Query_18921	XR_003614221.1	100.000	21	0	0	1	21	1097	1077	2.1	39.2
Query_18921	XM_028133008.1	100.000	21	0	0	1	21	1094	1074	2.1	39.2
Query_18921	XM_028124951.1	100.000	21	0	0	1	21	755	735	2.1	39.2
Query_18921	XM_028124950.1	100.000	21	0	0	1	21	754	734	2.1	39.2
Query_18921	XM_028034471.1	100.000	21	0	0	1	21	562	542	2.1	39.2
Query_18921	XR_003590717.1	100.000	21	0	0	1	21	847	827	2.1	39.2
Query_18921	XM_027975112.1	100.000	21	0	0	1	21	810	790	2.1	39.2
Query_18921	XM_027922643.1	100.000	21	0	0	1	21	763	743	2.1	39.2
Query_18921	XM_025920246.1	100.000	21	0	0	1	21	484	464	2.1	39.2
Query_18921	XM_025864046.1	100.000	21	0	0	1	21	768	748	2.1	39.2
Query_18921	XM_025864045.1	100.000	21	0	0	1	21	466	446	2.1	39.2
Query_18921	XM_025864044.1	100.000	21	0	0	1	21	466	446	2.1	39.2
Query_18921	XM_040453567.1	100.000	21	0	0	1	21	451	431	2.1	39.2
Query_18921	XM_040270543.1	100.000	21	0	0	1	21	973	953	2.1	39.2
Query_18921	XR_005721604.1	100.000	21	0	0	1	21	846	826	2.1	39.2
Query_18921	XR_005721603.1	100.000	21	0	0	1	21	876	856	2.1	39.2
Query_18921	XM_040243712.1	100.000	21	0	0	1	21	810	790	2.1	39.2
Query_18921	XM_040156090.1	100.000	21	0	0	1	21	589	569	2.1	39.2
Query_18921	XR_005658082.1	100.000	21	0	0	1	21	624	604	2.1	39.2
Query_18921	XM_039886420.1	100.000	21	0	0	1	21	793	773	2.1	39.2
Query_18921	XM_039476665.1	100.000	21	0	0	1	21	822	802	2.1	39.2
Query_18921	XM_039254527.1	100.000	21	0	0	1	21	1057	1037	2.1	39.2
Query_18921	XM_038324925.1	100.000	21	0	0	1	21	795	775	2.1	39.2
Query_18921	XR_005236751.1	100.000	21	0	0	1	21	633	613	2.1	39.2
Query_18921	XR_005236750.1	100.000	21	0	0	1	21	621	601	2.1	39.2
Query_18921	XM_008009911.2	100.000	21	0	0	1	21	805	785	2.1	39.2
Query_18921	XM_017512180.2	100.000	21	0	0	1	21	794	774	2.1	39.2
Query_18921	XM_037495089.1	100.000	21	0	0	1	21	766	746	2.1	39.2
Query_18921	XM_037029619.1	100.000	21	0	0	1	21	796	776	2.1	39.2
Query_18921	XM_036887031.1	100.000	21	0	0	1	21	533	513	2.1	39.2
Query_18921	XM_036452373.1	100.000	21	0	0	1	21	794	774	2.1	39.2
Query_18921	XM_036341263.1	100.000	21	0	0	1	21	584	564	2.1	39.2
Query_18921	XM_036341262.1	100.000	21	0	0	1	21	757	737	2.1	39.2
Query_18921	XM_036341261.1	100.000	21	0	0	1	21	529	509	2.1	39.2
Query_18921	XM_036341260.1	100.000	21	0	0	1	21	538	518	2.1	39.2
Query_18921	XM_036268448.1	100.000	21	0	0	1	21	695	675	2.1	39.2
Query_18921	XM_016138806.2	100.000	21	0	0	1	21	907	887	2.1	39.2
Query_18921	XM_036078415.1	100.000	21	0	0	1	21	762	742	2.1	39.2
Query_18921	XM_036078414.1	100.000	21	0	0	1	21	562	542	2.1	39.2
Query_18921	XM_036078412.1	100.000	21	0	0	1	21	562	542	2.1	39.2
Query_18921	NM_003342.5	100.000	21	0	0	1	21	798	778	2.1	39.2
Query_18921	XM_027625410.2	100.000	21	0	0	1	21	772	752	2.1	39.2
Query_18921	XM_027625409.2	100.000	21	0	0	1	21	903	883	2.1	39.2
Query_18921	XM_027625408.2	100.000	21	0	0	1	21	592	572	2.1	39.2
Query_18921	XM_027625406.2	100.000	21	0	0	1	21	592	572	2.1	39.2
Query_18921	XM_035638918.1	100.000	21	0	0	1	21	593	573	2.1	39.2
Query_18921	XR_004743113.1	100.000	21	0	0	1	21	890	870	2.1	39.2
Query_18921	XM_002747845.5	100.000	21	0	0	1	21	811	791	2.1	39.2


