# blastn
# Iteration: 0
# Query: 
# RID: 6XHVGYVK01R
# Database: nt
# Fields: query acc.ver, subject acc.ver, % identity, alignment length, mismatches, gap opens, q. start, q. end, s. start, s. end, evalue, bit score
# 101 hits found
Query_507491	XM_013358595.3	100.000	21	0	0	1	21	83	63	2.0	39.2
Query_507491	XM_040275523.1	100.000	21	0	0	1	21	102	82	2.0	39.2
Query_507491	XM_040275522.1	100.000	21	0	0	1	21	99	79	2.0	39.2
Query_507491	XM_040275521.1	100.000	21	0	0	1	21	102	82	2.0	39.2
Query_507491	XR_005722423.1	100.000	21	0	0	1	21	211	191	2.0	39.2
Query_507491	XM_040248194.1	100.000	21	0	0	1	21	109	89	2.0	39.2
Query_507491	XM_040248193.1	100.000	21	0	0	1	21	84	64	2.0	39.2
Query_507491	XM_040248192.1	100.000	21	0	0	1	21	85	65	2.0	39.2
Query_507491	XM_040248190.1	100.000	21	0	0	1	21	151	131	2.0	39.2
Query_507491	XM_040248189.1	100.000	21	0	0	1	21	335	315	2.0	39.2
Query_507491	HG994412.1	100.000	21	0	0	1	21	4440975	4440995	2.0	39.2
Query_507491	HG994407.1	100.000	21	0	0	1	21	38728608	38728628	2.0	39.2
Query_507491	HG994402.1	100.000	21	0	0	1	21	6182778	6182758	2.0	39.2
Query_507491	HG994399.1	100.000	21	0	0	1	21	55249432	55249412	2.0	39.2
Query_507491	HG994388.1	100.000	21	0	0	1	21	62871855	62871875	2.0	39.2
Query_507491	HG994384.1	100.000	21	0	0	1	21	36595715	36595695	2.0	39.2
Query_507491	XM_039864588.1	100.000	21	0	0	1	21	101	81	2.0	39.2
Query_507491	XM_039864587.1	100.000	21	0	0	1	21	101	81	2.0	39.2
Query_507491	XM_039864584.1	100.000	21	0	0	1	21	169	149	2.0	39.2
Query_507491	XM_010343114.2	100.000	21	0	0	1	21	308	288	2.0	39.2
Query_507491	XM_039479769.1	100.000	21	0	0	1	21	144	124	2.0	39.2
Query_507491	XM_039479768.1	100.000	21	0	0	1	21	101	81	2.0	39.2
Query_507491	XM_039479767.1	100.000	21	0	0	1	21	144	124	2.0	39.2
Query_507491	XM_039345257.1	100.000	21	0	0	1	21	1113	1093	2.0	39.2
Query_507491	XM_039345256.1	100.000	21	0	0	1	21	203	183	2.0	39.2
Query_507491	XM_039345255.1	100.000	21	0	0	1	21	177	157	2.0	39.2
Query_507491	XM_039231955.1	100.000	21	0	0	1	21	98	78	2.0	39.2
Query_507491	XM_039229992.1	100.000	21	0	0	1	21	80	60	2.0	39.2
Query_507491	XM_039229991.1	100.000	21	0	0	1	21	132	112	2.0	39.2
Query_507491	CP068258.1	100.000	21	0	0	1	21	51866536	51866556	2.0	39.2
Query_507491	XM_003751324.5	100.000	21	0	0	1	21	91	71	2.0	39.2
Query_507491	XM_038432767.1	100.000	21	0	0	1	21	144	124	2.0	39.2
Query_507491	XM_038687102.1	100.000	21	0	0	1	21	96	76	2.0	39.2
Query_507491	XM_038330104.1	100.000	21	0	0	1	21	353	333	2.0	39.2
Query_507491	XM_038321457.1	100.000	21	0	0	1	21	393	373	2.0	39.2
Query_507491	XM_038345939.1	100.000	21	0	0	1	21	84	64	2.0	39.2
Query_507491	XM_037988979.1	100.000	21	0	0	1	21	118	98	2.0	39.2
Query_507491	XM_037983802.1	100.000	21	0	0	1	21	103	83	2.0	39.2
Query_507491	XM_008014329.2	100.000	21	0	0	1	21	106	86	2.0	39.2
Query_507491	XM_037982646.1	100.000	21	0	0	1	21	79	59	2.0	39.2
Query_507491	XM_008014322.2	100.000	21	0	0	1	21	375	355	2.0	39.2
Query_507491	XM_037982645.1	100.000	21	0	0	1	21	80	60	2.0	39.2
Query_507491	XM_008014318.2	100.000	21	0	0	1	21	235	215	2.0	39.2
Query_507491	XM_008014312.2	100.000	21	0	0	1	21	169	149	2.0	39.2
Query_507491	XM_037996789.1	100.000	21	0	0	1	21	101	81	2.0	39.2
Query_507491	XM_037821188.1	100.000	21	0	0	1	21	105	85	2.0	39.2
Query_507491	XM_037810938.1	100.000	21	0	0	1	21	121	101	2.0	39.2
Query_507491	XM_037799127.1	100.000	21	0	0	1	21	84	64	2.0	39.2
Query_507491	XM_037734717.1	100.000	21	0	0	1	21	97	77	2.0	39.2
Query_507491	XR_001817404.2	100.000	21	0	0	1	21	84	64	2.0	39.2
Query_507491	XM_037739054.1	100.000	21	0	0	1	21	545	525	2.0	39.2
Query_507491	XR_005200512.1	100.000	21	0	0	1	21	172	152	2.0	39.2
Query_507491	XR_005200511.1	100.000	21	0	0	1	21	172	152	2.0	39.2
Query_507491	XR_005200510.1	100.000	21	0	0	1	21	172	152	2.0	39.2
Query_507491	XR_005200509.1	100.000	21	0	0	1	21	172	152	2.0	39.2
Query_507491	XM_017529922.2	100.000	21	0	0	1	21	172	152	2.0	39.2
Query_507491	XM_017529921.2	100.000	21	0	0	1	21	172	152	2.0	39.2
Query_507491	XM_037500285.1	100.000	21	0	0	1	21	133	113	2.0	39.2
Query_507491	XM_028868577.2	100.000	21	0	0	1	21	396	376	2.0	39.2
Query_507491	XM_037167230.1	100.000	21	0	0	1	21	461	441	2.0	39.2
Query_507491	XM_037059887.1	100.000	21	0	0	1	21	170	150	2.0	39.2
Query_507491	XM_017651907.2	100.000	21	0	0	1	21	203	183	2.0	39.2
Query_507491	XM_017651906.2	100.000	21	0	0	1	21	299	279	2.0	39.2
Query_507491	XM_017651904.2	100.000	21	0	0	1	21	191	171	2.0	39.2
Query_507491	XM_017651903.2	100.000	21	0	0	1	21	169	149	2.0	39.2
Query_507491	XM_036901999.1	100.000	21	0	0	1	21	192	172	2.0	39.2
Query_507491	XM_036901998.1	100.000	21	0	0	1	21	295	275	2.0	39.2
Query_507491	XM_036901997.1	100.000	21	0	0	1	21	81	61	2.0	39.2
Query_507491	XM_036901996.1	100.000	21	0	0	1	21	169	149	2.0	39.2
Query_507491	XM_036417747.1	100.000	21	0	0	1	21	48	28	2.0	39.2
Query_507491	XM_036417746.1	100.000	21	0	0	1	21	194	174	2.0	39.2
Query_507491	XM_036417745.1	100.000	21	0	0	1	21	150	130	2.0	39.2
Query_507491	XM_036417743.1	100.000	21	0	0	1	21	62	42	2.0	39.2
Query_507491	XM_036417742.1	100.000	21	0	0	1	21	193	173	2.0	39.2
Query_507491	XM_036323834.1	100.000	21	0	0	1	21	219	199	2.0	39.2
Query_507491	XR_004970150.1	100.000	21	0	0	1	21	219	199	2.0	39.2
Query_507491	XM_036323833.1	100.000	21	0	0	1	21	218	198	2.0	39.2
Query_507491	XM_036244480.1	100.000	21	0	0	1	21	183	163	2.0	39.2
Query_507491	XM_036244479.1	100.000	21	0	0	1	21	114	94	2.0	39.2
Query_507491	XM_036244478.1	100.000	21	0	0	1	21	224	204	2.0	39.2
Query_507491	XM_036244476.1	100.000	21	0	0	1	21	136	116	2.0	39.2
Query_507491	XM_036244475.1	100.000	21	0	0	1	21	153	133	2.0	39.2
Query_507491	XM_036253164.1	100.000	21	0	0	1	21	84	64	2.0	39.2
Query_507491	XM_036229301.1	100.000	21	0	0	1	21	101	81	2.0	39.2
Query_507491	XM_016143743.2	100.000	21	0	0	1	21	101	81	2.0	39.2
Query_507491	XM_016143742.2	100.000	21	0	0	1	21	160	140	2.0	39.2
Query_507491	AP023480.1	100.000	21	0	0	1	21	48159206	48159226	2.0	39.2
Query_507491	XM_036184029.1	100.000	21	0	0	1	21	258	238	2.0	39.2
Query_507491	XM_036172501.1	100.000	21	0	0	1	21	99	79	2.0	39.2
Query_507491	XM_036202663.1	100.000	21	0	0	1	21	93	73	2.0	39.2
Query_507491	XM_036064668.1	100.000	21	0	0	1	21	30	10	2.0	39.2
Query_507491	XM_036064667.1	100.000	21	0	0	1	21	416	396	2.0	39.2
Query_507491	XM_036064666.1	100.000	21	0	0	1	21	133	113	2.0	39.2
Query_507491	XM_036064665.1	100.000	21	0	0	1	21	82	62	2.0	39.2
Query_507491	XM_028523955.2	100.000	21	0	0	1	21	169	149	2.0	39.2
Query_507491	LR877241.1	100.000	21	0	0	1	21	37344417	37344397	2.0	39.2
Query_507491	LR877231.1	100.000	21	0	0	1	21	72272375	72272395	2.0	39.2
Query_507491	LR877216.1	100.000	21	0	0	1	21	55906230	55906210	2.0	39.2
Query_507491	LR877215.1	100.000	21	0	0	1	21	17060009	17060029	2.0	39.2
Query_507491	LR877209.1	100.000	21	0	0	1	21	25785481	25785501	2.0	39.2
Query_507491	LR877209.1	100.000	20	0	0	1	20	29790943	29790962	7.1	37.4


