# blastn
# Iteration: 0
# Query: 
# RID: 73X8YTKZ016
# Database: nt
# Fields: query acc.ver, subject acc.ver, % identity, alignment length, mismatches, gap opens, q. start, q. end, s. start, s. end, evalue, bit score
# 43 hits found
Query_11833	XM_003825980.3	100.000	21	0	0	1	21	347	327	2.1	39.2
Query_11833	XM_032263582.1	100.000	21	0	0	1	21	366	346	2.1	39.2
Query_11833	XR_004274097.1	100.000	21	0	0	1	21	297	277	2.1	39.2
Query_11833	XM_032142236.1	100.000	21	0	0	1	21	365	345	2.1	39.2
Query_11833	XM_003253656.3	100.000	21	0	0	1	21	446	426	2.1	39.2
Query_11833	XM_030825546.1	100.000	21	0	0	1	21	210	190	2.1	39.2
Query_11833	XM_030825544.1	100.000	21	0	0	1	21	332	312	2.1	39.2
Query_11833	NM_181800.3	100.000	21	0	0	1	21	216	196	2.1	39.2
Query_11833	NM_181801.4	100.000	21	0	0	1	21	446	426	2.1	39.2
Query_11833	NM_007019.4	100.000	21	0	0	1	21	303	283	2.1	39.2
Query_11833	CP034499.1	100.000	21	0	0	1	21	44384214	44384194	2.1	39.2
Query_11833	XM_009443484.3	100.000	21	0	0	1	21	345	325	2.1	39.2
Query_11833	XM_001156993.5	100.000	21	0	0	1	21	607	587	2.1	39.2
Query_11833	XM_012467302.2	100.000	21	0	0	1	21	292	272	2.1	39.2
Query_11833	XM_012467301.2	100.000	21	0	0	1	21	365	345	2.1	39.2
Query_11833	XM_004062268.2	100.000	21	0	0	1	21	365	345	2.1	39.2
Query_11833	XM_514682.6	100.000	21	0	0	1	21	366	346	2.1	39.2
Query_11833	XM_012467300.1	100.000	21	0	0	1	21	365	345	2.1	39.2
Query_11833	XM_003936452.2	100.000	21	0	0	1	21	365	345	2.1	39.2
Query_11833	XM_002830362.3	100.000	21	0	0	1	21	365	345	2.1	39.2
Query_11833	CP068258.1	100.000	21	0	0	1	21	47552054	47552034	2.1	39.2
Query_11833	XM_038002173.1	100.000	21	0	0	1	21	310	290	2.1	39.2
Query_11833	XM_017541241.2	100.000	21	0	0	1	21	366	346	2.1	39.2
Query_11833	XM_037739960.1	100.000	21	0	0	1	21	298	278	2.1	39.2
Query_11833	XM_017526538.2	100.000	21	0	0	1	21	68	48	2.1	39.2
Query_11833	XR_001820423.2	100.000	21	0	0	1	21	391	371	2.1	39.2
Query_11833	AP023480.1	100.000	21	0	0	1	21	43851021	43851001	2.1	39.2
Query_11833	XR_004734476.1	100.000	21	0	0	1	21	299	279	2.1	39.2
Query_11833	AL050348.22	100.000	21	0	0	1	21	85234	85214	2.1	39.2
Query_11833	EU831629.1	100.000	21	0	0	1	21	273	253	2.1	39.2
Query_11833	EU831714.1	100.000	21	0	0	1	21	273	253	2.1	39.2
Query_11833	AK311949.1	100.000	21	0	0	1	21	338	318	2.1	39.2
Query_11833	DQ895630.2	100.000	21	0	0	1	21	273	253	2.1	39.2
Query_11833	DQ892416.2	100.000	21	0	0	1	21	273	253	2.1	39.2
Query_11833	BC028161.1	100.000	21	0	0	1	21	910	890	2.1	39.2
Query_11833	BC016292.1	100.000	21	0	0	1	21	300	280	2.1	39.2
Query_11833	BC007656.2	100.000	21	0	0	1	21	294	274	2.1	39.2
Query_11833	BC032677.2	100.000	21	0	0	1	21	1082	1062	2.1	39.2
Query_11833	BT007300.1	100.000	21	0	0	1	21	251	231	2.1	39.2
Query_11833	BT007515.1	100.000	21	0	0	1	21	251	231	2.1	39.2
Query_11833	CR456988.1	100.000	21	0	0	1	21	251	231	2.1	39.2
Query_11833	BC050736.1	100.000	21	0	0	1	21	321	301	2.1	39.2
Query_11833	U73379.1	100.000	21	0	0	1	21	291	271	2.1	39.2


