# blastn
# Iteration: 0
# Query: 
# RID: 73M7P60F016
# Database: nt
# Fields: query acc.ver, subject acc.ver, % identity, alignment length, mismatches, gap opens, q. start, q. end, s. start, s. end, evalue, bit score
# 18 hits found
Query_42569	XM_003828171.2	100.000	21	0	0	1	21	130	110	2.1	39.2
Query_42569	XM_004041540.3	100.000	21	0	0	1	21	130	110	2.1	39.2
Query_42569	AY358627.2	100.000	21	0	0	1	21	119	99	2.1	39.2
Query_42569	NM_025237.3	100.000	21	0	0	1	21	136	116	2.1	39.2
Query_42569	CP034495.1	100.000	21	0	0	1	21	41836024	41836044	2.1	39.2
Query_42569	XM_001153653.5	100.000	21	0	0	1	21	233	213	2.1	39.2
Query_42569	LT735545.1	100.000	21	0	0	1	21	573	553	2.1	39.2
Query_42569	KJ893769.1	100.000	21	0	0	1	21	154	134	2.1	39.2
Query_42569	CP068261.1	100.000	21	0	0	1	21	44611505	44611525	2.1	39.2
Query_42569	AP023477.1	100.000	21	0	0	1	21	41454695	41454715	2.1	39.2
Query_42569	NG_008078.2	100.000	21	0	0	1	21	5133	5113	2.1	39.2
Query_42569	AC003098.2	100.000	21	0	0	1	21	9183	9203	2.1	39.2
Query_42569	AY358203.1	100.000	21	0	0	1	21	391	371	2.1	39.2
Query_42569	BC101086.1	100.000	21	0	0	1	21	113	93	2.1	39.2
Query_42569	AC055813.9	100.000	21	0	0	1	21	66107	66127	2.1	39.2
Query_42569	AF331844.1	100.000	21	0	0	1	21	123	103	2.1	39.2
Query_42569	AF326739.1	100.000	21	0	0	1	21	133	113	2.1	39.2
Query_42569	AF326736.1	100.000	21	0	0	1	21	12046	12026	2.1	39.2


