# blastn
# Iteration: 0
# Query: 
# RID: 7PRGEWBB016
# Database: nt
# Fields: query acc.ver, subject acc.ver, % identity, alignment length, mismatches, gap opens, q. start, q. end, s. start, s. end, evalue, bit score
# 100 hits found
Query_32981	XM_008966038.2	100.000	21	0	0	1	21	721	701	2.1	39.2
Query_32981	XM_003813487.3	100.000	21	0	0	1	21	811	791	2.1	39.2
Query_32981	XM_034519060.1	100.000	21	0	0	1	21	828	808	2.1	39.2
Query_32981	XM_015628706.3	100.000	21	0	0	1	21	279	259	2.1	39.2
Query_32981	XM_033099115.1	100.000	21	0	0	1	21	211	191	2.1	39.2
Query_32981	XM_033099114.1	100.000	21	0	0	1	21	839	819	2.1	39.2
Query_32981	XM_032986729.1	100.000	21	0	0	1	21	240	220	2.1	39.2
Query_32981	XM_032986728.1	100.000	21	0	0	1	21	619	599	2.1	39.2
Query_32981	XM_032752635.1	100.000	21	0	0	1	21	373	353	2.1	39.2
Query_32981	XM_032752633.1	100.000	21	0	0	1	21	586	566	2.1	39.2
Query_32981	XM_015856713.2	100.000	21	0	0	1	21	873	853	2.1	39.2
Query_32981	XM_015856626.2	100.000	21	0	0	1	21	773	753	2.1	39.2
Query_32981	XM_015856546.2	100.000	21	0	0	1	21	639	619	2.1	39.2
Query_32981	XM_015856326.2	100.000	21	0	0	1	21	3633	3613	2.1	39.2
Query_32981	XM_032275989.1	100.000	21	0	0	1	21	780	760	2.1	39.2
Query_32981	XM_032275988.1	100.000	21	0	0	1	21	721	701	2.1	39.2
Query_32981	XM_032275987.1	100.000	21	0	0	1	21	812	792	2.1	39.2
Query_32981	XM_032195984.1	100.000	21	0	0	1	21	593	573	2.1	39.2
Query_32981	XM_032105682.1	100.000	21	0	0	1	21	607	587	2.1	39.2
Query_32981	XM_009203857.2	100.000	21	0	0	1	21	280	260	2.1	39.2
Query_32981	XM_009203856.3	100.000	21	0	0	1	21	712	692	2.1	39.2
Query_32981	XM_003896588.4	100.000	21	0	0	1	21	805	785	2.1	39.2
Query_32981	XM_031605084.1	100.000	21	0	0	1	21	5129	5109	2.1	39.2
Query_32981	XM_031605083.1	100.000	21	0	0	1	21	661	641	2.1	39.2
Query_32981	XM_021545780.2	100.000	21	0	0	1	21	452	432	2.1	39.2
Query_32981	XM_021545779.2	100.000	21	0	0	1	21	452	432	2.1	39.2
Query_32981	XM_019031233.2	100.000	21	0	0	1	21	707	687	2.1	39.2
Query_32981	XM_019031231.2	100.000	21	0	0	1	21	800	780	2.1	39.2
Query_32981	XM_030478050.1	100.000	21	0	0	1	21	395	375	2.1	39.2
Query_32981	XM_030478049.1	100.000	21	0	0	1	21	724	704	2.1	39.2
Query_32981	XM_030455823.1	100.000	21	0	0	1	21	638	618	2.1	39.2
Query_32981	XM_030014695.1	100.000	21	0	0	1	21	479	459	2.1	39.2
Query_32981	XM_030014694.1	100.000	21	0	0	1	21	572	552	2.1	39.2
Query_32981	LR606185.1	100.000	21	0	0	1	21	1592665	1592685	2.1	39.2
Query_32981	XM_029570032.1	100.000	21	0	0	1	21	738	718	2.1	39.2
Query_32981	XM_008846351.3	100.000	21	0	0	1	21	831	811	2.1	39.2
Query_32981	NM_001202498.2	100.000	21	0	0	1	21	417	397	2.1	39.2
Query_32981	NM_182697.3	100.000	21	0	0	1	21	703	683	2.1	39.2
Query_32981	NM_003344.4	100.000	21	0	0	1	21	796	776	2.1	39.2
Query_32981	XM_015134892.2	100.000	21	0	0	1	21	1203	1183	2.1	39.2
Query_32981	XM_026868033.1	100.000	21	0	0	1	21	352	332	2.1	39.2
Query_32981	XM_014276948.2	100.000	21	0	0	1	21	357	337	2.1	39.2
Query_32981	XM_027800042.1	100.000	21	0	0	1	21	665	645	2.1	39.2
Query_32981	XM_027783703.1	100.000	21	0	0	1	21	413	393	2.1	39.2
Query_32981	XM_027783702.1	100.000	21	0	0	1	21	666	646	2.1	39.2
Query_32981	XM_027783701.1	100.000	21	0	0	1	21	571	551	2.1	39.2
Query_32981	XM_026091287.1	100.000	21	0	0	1	21	211	191	2.1	39.2
Query_32981	XM_026091286.1	100.000	21	0	0	1	21	586	566	2.1	39.2
Query_32981	XM_026091285.1	100.000	21	0	0	1	21	688	668	2.1	39.2
Query_32981	XM_025378151.1	100.000	21	0	0	1	21	400	380	2.1	39.2
Query_32981	XM_025378150.1	100.000	21	0	0	1	21	404	384	2.1	39.2
Query_32981	XM_025378148.1	100.000	21	0	0	1	21	714	694	2.1	39.2
Query_32981	XM_025378147.1	100.000	21	0	0	1	21	807	787	2.1	39.2
Query_32981	XM_025378146.1	100.000	21	0	0	1	21	716	696	2.1	39.2
Query_32981	XM_025045894.1	100.000	21	0	0	1	21	357	337	2.1	39.2
Query_32981	XM_006910525.3	100.000	21	0	0	1	21	750	730	2.1	39.2
Query_32981	XM_006910524.3	100.000	21	0	0	1	21	843	823	2.1	39.2
Query_32981	XM_011723879.2	100.000	21	0	0	1	21	794	774	2.1	39.2
Query_32981	XM_003318791.5	100.000	21	0	0	1	21	717	697	2.1	39.2
Query_32981	XM_001144807.6	100.000	21	0	0	1	21	809	789	2.1	39.2
Query_32981	XM_009243220.2	100.000	21	0	0	1	21	710	690	2.1	39.2
Query_32981	XM_039860867.1	100.000	21	0	0	1	21	515	495	2.1	39.2
Query_32981	XM_039860866.1	100.000	21	0	0	1	21	748	728	2.1	39.2
Query_32981	XM_039860865.1	100.000	21	0	0	1	21	839	819	2.1	39.2
Query_32981	XM_039570994.1	100.000	21	0	0	1	21	600	580	2.1	39.2
Query_32981	XM_003921004.3	100.000	21	0	0	1	21	814	794	2.1	39.2
Query_32981	XM_027461640.2	100.000	21	0	0	1	21	655	635	2.1	39.2
Query_32981	XM_007982899.2	100.000	21	0	0	1	21	819	799	2.1	39.2
Query_32981	XM_037739999.1	100.000	21	0	0	1	21	284	264	2.1	39.2
Query_32981	XM_017532568.2	100.000	21	0	0	1	21	399	379	2.1	39.2
Query_32981	XM_017532567.2	100.000	21	0	0	1	21	721	701	2.1	39.2
Query_32981	XM_017532566.2	100.000	21	0	0	1	21	812	792	2.1	39.2
Query_32981	XM_037513136.1	100.000	21	0	0	1	21	330	310	2.1	39.2
Query_32981	XM_037513130.1	100.000	21	0	0	1	21	283	263	2.1	39.2
Query_32981	XM_037513121.1	100.000	21	0	0	1	21	425	405	2.1	39.2
Query_32981	XM_037513116.1	100.000	21	0	0	1	21	589	569	2.1	39.2
Query_32981	XM_037513112.1	100.000	21	0	0	1	21	1133	1113	2.1	39.2
Query_32981	XM_037513104.1	100.000	21	0	0	1	21	399	379	2.1	39.2
Query_32981	XM_037513099.1	100.000	21	0	0	1	21	390	370	2.1	39.2
Query_32981	XM_037513092.1	100.000	21	0	0	1	21	483	463	2.1	39.2
Query_32981	XM_037388374.1	100.000	21	0	0	1	21	208	188	2.1	39.2
Query_32981	XM_037388373.1	100.000	21	0	0	1	21	344	324	2.1	39.2
Query_32981	XM_037388372.1	100.000	21	0	0	1	21	768	748	2.1	39.2
Query_32981	XM_037388370.1	100.000	21	0	0	1	21	437	417	2.1	39.2
Query_32981	XM_037388369.1	100.000	21	0	0	1	21	841	821	2.1	39.2
Query_32981	XM_037165819.1	100.000	21	0	0	1	21	379	359	2.1	39.2
Query_32981	XM_037165818.1	100.000	21	0	0	1	21	838	818	2.1	39.2
Query_32981	XM_036426873.1	100.000	21	0	0	1	21	451	431	2.1	39.2
Query_32981	XM_036426864.1	100.000	21	0	0	1	21	765	745	2.1	39.2
Query_32981	XM_036426854.1	100.000	21	0	0	1	21	854	834	2.1	39.2
Query_32981	LR862366.1	100.000	21	0	0	1	21	17489721	17489741	2.1	39.2
Query_32981	XM_027391395.2	100.000	21	0	0	1	21	816	796	2.1	39.2
Query_32981	XM_027391394.2	100.000	21	0	0	1	21	609	589	2.1	39.2
Query_32981	XM_035441534.1	100.000	21	0	0	1	21	338	318	2.1	39.2
Query_32981	XM_035311115.1	100.000	21	0	0	1	21	190	170	2.1	39.2
Query_32981	XM_035311113.1	100.000	21	0	0	1	21	190	170	2.1	39.2
Query_32981	XM_035254744.1	100.000	21	0	0	1	21	403	383	2.1	39.2
Query_32981	XM_035254743.1	100.000	21	0	0	1	21	736	716	2.1	39.2
Query_32981	XM_035254741.1	100.000	21	0	0	1	21	825	805	2.1	39.2
Query_32981	XM_002756944.5	100.000	21	0	0	1	21	775	755	2.1	39.2


