# blastn
# Iteration: 0
# Query: 
# RID: 7PFGX82B013
# Database: nt
# Fields: query acc.ver, subject acc.ver, % identity, alignment length, mismatches, gap opens, q. start, q. end, s. start, s. end, evalue, bit score
# 56 hits found
Query_17801	XR_004664993.1	100.000	21	0	0	1	21	3977	3957	2.1	39.2
Query_17801	XM_034932121.1	100.000	21	0	0	1	21	4126	4106	2.1	39.2
Query_17801	XM_034932120.1	100.000	21	0	0	1	21	3796	3776	2.1	39.2
Query_17801	XM_034932119.1	100.000	21	0	0	1	21	4012	3992	2.1	39.2
Query_17801	XM_034932117.1	100.000	21	0	0	1	21	3882	3862	2.1	39.2
Query_17801	XM_034932116.1	100.000	21	0	0	1	21	4084	4064	2.1	39.2
Query_17801	XM_034932115.1	100.000	21	0	0	1	21	4144	4124	2.1	39.2
Query_17801	XM_032166649.2	100.000	21	0	0	1	21	3753	3733	2.1	39.2
Query_17801	XR_004250229.1	100.000	21	0	0	1	21	3611	3591	2.1	39.2
Query_17801	XM_019037259.2	100.000	21	0	0	1	21	3650	3630	2.1	39.2
Query_17801	XM_019037258.2	100.000	21	0	0	1	21	4012	3992	2.1	39.2
Query_17801	XM_004050664.3	100.000	21	0	0	1	21	4125	4105	2.1	39.2
Query_17801	XR_004033591.1	100.000	21	0	0	1	21	4008	3988	2.1	39.2
Query_17801	XR_004033590.1	100.000	21	0	0	1	21	3984	3964	2.1	39.2
Query_17801	XM_030828843.1	100.000	21	0	0	1	21	4057	4037	2.1	39.2
Query_17801	XM_030828842.1	100.000	21	0	0	1	21	4019	3999	2.1	39.2
Query_17801	XM_030828841.1	100.000	21	0	0	1	21	4125	4105	2.1	39.2
Query_17801	NM_001348749.2	100.000	21	0	0	1	21	4018	3998	2.1	39.2
Query_17801	NM_001348750.2	100.000	21	0	0	1	21	4126	4106	2.1	39.2
Query_17801	NM_001243254.2	100.000	21	0	0	1	21	4056	4036	2.1	39.2
Query_17801	NM_015213.4	100.000	21	0	0	1	21	4090	4070	2.1	39.2
Query_17801	NR_145966.2	100.000	21	0	0	1	21	3983	3963	2.1	39.2
Query_17801	XR_002938439.1	100.000	21	0	0	1	21	4041	4021	2.1	39.2
Query_17801	XM_016920357.2	100.000	21	0	0	1	21	3931	3911	2.1	39.2
Query_17801	XM_024346967.1	100.000	21	0	0	1	21	3917	3897	2.1	39.2
Query_17801	XM_024346966.1	100.000	21	0	0	1	21	3977	3957	2.1	39.2
Query_17801	XM_009459922.3	100.000	21	0	0	1	21	4052	4032	2.1	39.2
Query_17801	XM_016920354.2	100.000	21	0	0	1	21	4112	4092	2.1	39.2
Query_17801	XM_508914.6	100.000	21	0	0	1	21	4124	4104	2.1	39.2
Query_17801	XM_016920352.2	100.000	21	0	0	1	21	4184	4164	2.1	39.2
Query_17801	XM_009246658.2	100.000	21	0	0	1	21	3743	3723	2.1	39.2
Query_17801	XM_024255109.1	100.000	21	0	0	1	21	3913	3893	2.1	39.2
Query_17801	XM_024255108.1	100.000	21	0	0	1	21	4120	4100	2.1	39.2
Query_17801	NG_053019.1	100.000	21	0	0	1	21	130610	130590	2.1	39.2
Query_17801	LT734349.1	100.000	21	0	0	1	21	3051	3031	2.1	39.2
Query_17801	XM_017891440.1	100.000	21	0	0	1	21	3861	3841	2.1	39.2
Query_17801	XM_017891439.1	100.000	21	0	0	1	21	3721	3701	2.1	39.2
Query_17801	XM_017891437.1	100.000	21	0	0	1	21	3895	3875	2.1	39.2
Query_17801	XM_016920351.1	100.000	21	0	0	1	21	3941	3921	2.1	39.2
Query_17801	KJ902312.1	100.000	21	0	0	1	21	2629	2609	2.1	39.2
Query_17801	AB463207.1	100.000	21	0	0	1	21	3818	3798	2.1	39.2
Query_17801	AK295881.1	100.000	21	0	0	1	21	3793	3773	2.1	39.2
Query_17801	AK302478.1	100.000	21	0	0	1	21	3527	3507	2.1	39.2
Query_17801	CU679314.1	100.000	21	0	0	1	21	71	91	2.1	39.2
Query_17801	AC191648.1	100.000	21	0	0	1	21	41195	41175	2.1	39.2
Query_17801	BC009354.2	100.000	21	0	0	1	21	2794	2774	2.1	39.2
Query_17801	AB029014.1	100.000	21	0	0	1	21	4026	4006	2.1	39.2
Query_17801	AK125444.1	100.000	21	0	0	1	21	3371	3351	2.1	39.2
Query_17801	AK091148.1	100.000	21	0	0	1	21	1710	1690	2.1	39.2
Query_17801	BC071596.1	100.000	21	0	0	1	21	3871	3851	2.1	39.2
Query_17801	BC018797.1	100.000	21	0	0	1	21	415	395	2.1	39.2
Query_17801	AC079296.5	100.000	21	0	0	1	21	40896	40876	2.1	39.2
Query_17801	BC005100.1	100.000	21	0	0	1	21	1261	1241	2.1	39.2
Query_17801	AK026007.1	100.000	21	0	0	1	21	2140	2120	2.1	39.2
Query_17801	AK025499.1	100.000	21	0	0	1	21	2677	2657	2.1	39.2
Query_17801	AL117448.1	100.000	21	0	0	1	21	3822	3802	2.1	39.2


