# blastn
# Iteration: 0
# Query: 
# RID: 7PTZSKR601R
# Database: nt
# Fields: query acc.ver, subject acc.ver, % identity, alignment length, mismatches, gap opens, q. start, q. end, s. start, s. end, evalue, bit score
# 23 hits found
Query_229221	XM_008966038.2	100.000	21	0	0	1	21	496	476	2.1	39.2
Query_229221	XM_003813487.3	100.000	21	0	0	1	21	493	473	2.1	39.2
Query_229221	XM_019031233.2	100.000	21	0	0	1	21	482	462	2.1	39.2
Query_229221	XM_019031231.2	100.000	21	0	0	1	21	482	462	2.1	39.2
Query_229221	NM_182697.3	100.000	21	0	0	1	21	478	458	2.1	39.2
Query_229221	NM_003344.4	100.000	21	0	0	1	21	478	458	2.1	39.2
Query_229221	XM_003318791.5	100.000	21	0	0	1	21	492	472	2.1	39.2
Query_229221	XM_001144807.6	100.000	21	0	0	1	21	491	471	2.1	39.2
Query_229221	JF432609.1	100.000	21	0	0	1	21	123	103	2.1	39.2
Query_229221	AB590728.1	100.000	21	0	0	1	21	82	62	2.1	39.2
Query_229221	AB451490.1	100.000	21	0	0	1	21	73	53	2.1	39.2
Query_229221	AK316590.1	100.000	21	0	0	1	21	61	41	2.1	39.2
Query_229221	BC006277.2	100.000	21	0	0	1	21	390	370	2.1	39.2
Query_229221	AY302138.1	100.000	21	0	0	1	21	73	53	2.1	39.2
Query_229221	BT007925.1	100.000	21	0	0	1	21	73	53	2.1	39.2
Query_229221	BT006756.1	100.000	21	0	0	1	21	73	53	2.1	39.2
Query_229221	Z29330.1	100.000	21	0	0	1	21	126	106	2.1	39.2
Query_229221	Z29328.1	100.000	21	0	0	1	21	126	106	2.1	39.2
Query_229221	NM_001202498.2	100.000	20	0	0	1	20	99	80	7.3	37.4
Query_229221	AC145891.4	100.000	20	0	0	1	20	101050	101031	7.3	37.4
Query_229221	AC084864.4	100.000	20	0	0	1	20	171995	172014	7.3	37.4
Query_229221	AC084865.3	100.000	20	0	0	1	20	93704	93723	7.3	37.4
Query_229221	AC023880.5	100.000	20	0	0	1	20	21129	21110	7.3	37.4


