# blastn
# Iteration: 0
# Query: 
# RID: 6X7ZRN7801R
# Database: nt
# Fields: query acc.ver, subject acc.ver, % identity, alignment length, mismatches, gap opens, q. start, q. end, s. start, s. end, evalue, bit score
# 101 hits found
Query_77411	XM_034941314.1	100.000	21	0	0	1	21	777	757	2.0	39.2
Query_77411	CP050604.1	100.000	21	0	0	1	21	2250655	2250635	2.0	39.2
Query_77411	CP050644.1	100.000	21	0	0	1	21	2251610	2251590	2.0	39.2
Query_77411	XR_004430887.1	100.000	21	0	0	1	21	508	488	2.0	39.2
Query_77411	XR_004430886.1	100.000	21	0	0	1	21	761	741	2.0	39.2
Query_77411	XR_004430885.1	100.000	21	0	0	1	21	731	711	2.0	39.2
Query_77411	XR_004430884.1	100.000	21	0	0	1	21	637	617	2.0	39.2
Query_77411	XR_004430883.1	100.000	21	0	0	1	21	608	588	2.0	39.2
Query_77411	XM_033185036.1	100.000	21	0	0	1	21	792	772	2.0	39.2
Query_77411	XM_032498029.1	100.000	21	0	0	1	21	785	765	2.0	39.2
Query_77411	XM_032271694.1	100.000	21	0	0	1	21	373	353	2.0	39.2
Query_77411	XR_004262992.1	100.000	21	0	0	1	21	437	417	2.0	39.2
Query_77411	XM_032138345.1	100.000	21	0	0	1	21	795	775	2.0	39.2
Query_77411	XM_023184506.2	100.000	21	0	0	1	21	783	763	2.0	39.2
Query_77411	XR_004179314.1	100.000	21	0	0	1	21	1116	1096	2.0	39.2
Query_77411	XR_004179313.1	100.000	21	0	0	1	21	508	488	2.0	39.2
Query_77411	XM_003912123.3	100.000	21	0	0	1	21	786	766	2.0	39.2
Query_77411	XM_017950278.3	100.000	21	0	0	1	21	624	604	2.0	39.2
Query_77411	XM_031469532.1	100.000	21	0	0	1	21	785	765	2.0	39.2
Query_77411	XM_004058312.3	100.000	21	0	0	1	21	786	766	2.0	39.2
Query_77411	XM_010382186.2	100.000	21	0	0	1	21	786	766	2.0	39.2
Query_77411	XM_030880922.1	100.000	21	0	0	1	21	482	462	2.0	39.2
Query_77411	XM_030800357.1	100.000	21	0	0	1	21	786	766	2.0	39.2
Query_77411	XR_001440232.2	100.000	21	0	0	1	21	879	859	2.0	39.2
Query_77411	XR_001440230.2	100.000	21	0	0	1	21	652	632	2.0	39.2
Query_77411	XM_015118270.2	100.000	21	0	0	1	21	781	761	2.0	39.2
Query_77411	XM_028835904.1	100.000	21	0	0	1	21	509	489	2.0	39.2
Query_77411	XM_028534147.1	100.000	21	0	0	1	21	781	761	2.0	39.2
Query_77411	XM_028498186.1	100.000	21	0	0	1	21	791	771	2.0	39.2
Query_77411	XR_003614222.1	100.000	21	0	0	1	21	1009	989	2.0	39.2
Query_77411	XM_008156752.2	100.000	21	0	0	1	21	768	748	2.0	39.2
Query_77411	XM_028133010.1	100.000	21	0	0	1	21	1109	1089	2.0	39.2
Query_77411	XM_028133009.1	100.000	21	0	0	1	21	991	971	2.0	39.2
Query_77411	XR_003614221.1	100.000	21	0	0	1	21	1082	1062	2.0	39.2
Query_77411	XM_028133008.1	100.000	21	0	0	1	21	1079	1059	2.0	39.2
Query_77411	XR_003590717.1	100.000	21	0	0	1	21	832	812	2.0	39.2
Query_77411	XM_027975112.1	100.000	21	0	0	1	21	795	775	2.0	39.2
Query_77411	CP034495.1	100.000	21	0	0	1	21	4192527	4192547	2.0	39.2
Query_77411	CP034495.1	100.000	21	0	0	1	21	84372796	84372816	2.0	39.2
Query_77411	XM_026005210.1	100.000	21	0	0	1	21	427	407	2.0	39.2
Query_77411	XM_025362958.1	100.000	21	0	0	1	21	786	766	2.0	39.2
Query_77411	XM_025280830.1	100.000	21	0	0	1	21	400	380	2.0	39.2
Query_77411	XM_006079676.2	100.000	21	0	0	1	21	746	726	2.0	39.2
Query_77411	XM_006922213.3	100.000	21	0	0	1	21	907	887	2.0	39.2
Query_77411	XR_981472.2	100.000	21	0	0	1	21	553	533	2.0	39.2
Query_77411	XR_003016002.1	100.000	21	0	0	1	21	656	636	2.0	39.2
Query_77411	XR_981462.2	100.000	21	0	0	1	21	1078	1058	2.0	39.2
Query_77411	XR_003015996.1	100.000	21	0	0	1	21	932	912	2.0	39.2
Query_77411	XR_981464.2	100.000	21	0	0	1	21	1110	1090	2.0	39.2
Query_77411	XM_024790008.1	100.000	21	0	0	1	21	1529	1509	2.0	39.2
Query_77411	XM_009431600.3	100.000	21	0	0	1	21	412	392	2.0	39.2
Query_77411	XM_016931252.2	100.000	21	0	0	1	21	786	766	2.0	39.2
Query_77411	XR_002826840.1	100.000	21	0	0	1	21	745	725	2.0	39.2
Query_77411	XM_006105276.3	100.000	21	0	0	1	21	742	722	2.0	39.2
Query_77411	XM_006093772.3	100.000	21	0	0	1	21	641	621	2.0	39.2
Query_77411	XM_023530459.1	100.000	21	0	0	1	21	373	353	2.0	39.2
Query_77411	XM_023530458.1	100.000	21	0	0	1	21	427	407	2.0	39.2
Query_77411	XM_003799047.3	100.000	21	0	0	1	21	784	764	2.0	39.2
Query_77411	XM_008047888.2	100.000	21	0	0	1	21	791	771	2.0	39.2
Query_77411	XM_021671288.1	100.000	21	0	0	1	21	380	360	2.0	39.2
Query_77411	XR_002313662.1	100.000	21	0	0	1	21	805	785	2.0	39.2
Query_77411	XM_020882859.1	100.000	21	0	0	1	21	734	714	2.0	39.2
Query_77411	XR_001157657.2	100.000	21	0	0	1	21	1083	1063	2.0	39.2
Query_77411	XR_001157656.2	100.000	21	0	0	1	21	1115	1095	2.0	39.2
Query_77411	XR_001157655.2	100.000	21	0	0	1	21	656	636	2.0	39.2
Query_77411	LT734953.1	100.000	21	0	0	1	21	911	891	2.0	39.2
Query_77411	XM_040270543.1	100.000	21	0	0	1	21	958	938	2.0	39.2
Query_77411	XR_005721604.1	100.000	21	0	0	1	21	831	811	2.0	39.2
Query_77411	XR_005721603.1	100.000	21	0	0	1	21	861	841	2.0	39.2
Query_77411	XM_040243712.1	100.000	21	0	0	1	21	795	775	2.0	39.2
Query_77411	HG994385.1	100.000	21	0	0	1	21	31014413	31014433	2.0	39.2
Query_77411	XR_005658082.1	100.000	21	0	0	1	21	609	589	2.0	39.2
Query_77411	XM_039886420.1	100.000	21	0	0	1	21	778	758	2.0	39.2
Query_77411	XM_039476665.1	100.000	21	0	0	1	21	807	787	2.0	39.2
Query_77411	CP068261.1	100.000	21	0	0	1	21	4178786	4178806	2.0	39.2
Query_77411	XM_038665135.1	100.000	21	0	0	1	21	418	398	2.0	39.2
Query_77411	XM_038665134.1	100.000	21	0	0	1	21	531	511	2.0	39.2
Query_77411	XM_038512865.1	100.000	21	0	0	1	21	418	398	2.0	39.2
Query_77411	XM_038512854.1	100.000	21	0	0	1	21	531	511	2.0	39.2
Query_77411	XR_005236751.1	100.000	21	0	0	1	21	618	598	2.0	39.2
Query_77411	XR_005236750.1	100.000	21	0	0	1	21	606	586	2.0	39.2
Query_77411	XM_008009911.2	100.000	21	0	0	1	21	790	770	2.0	39.2
Query_77411	XM_017512180.2	100.000	21	0	0	1	21	779	759	2.0	39.2
Query_77411	XM_037495089.1	100.000	21	0	0	1	21	751	731	2.0	39.2
Query_77411	XM_037133033.1	100.000	21	0	0	1	21	784	764	2.0	39.2
Query_77411	XM_037022823.1	100.000	21	0	0	1	21	513	493	2.0	39.2
Query_77411	XM_036887031.1	100.000	21	0	0	1	21	518	498	2.0	39.2
Query_77411	XM_036452373.1	100.000	21	0	0	1	21	779	759	2.0	39.2
Query_77411	XM_036341263.1	100.000	21	0	0	1	21	569	549	2.0	39.2
Query_77411	XM_036341262.1	100.000	21	0	0	1	21	742	722	2.0	39.2
Query_77411	XM_036341261.1	100.000	21	0	0	1	21	514	494	2.0	39.2
Query_77411	XM_036341260.1	100.000	21	0	0	1	21	523	503	2.0	39.2
Query_77411	XM_036268448.1	100.000	21	0	0	1	21	680	660	2.0	39.2
Query_77411	XM_016138806.2	100.000	21	0	0	1	21	892	872	2.0	39.2
Query_77411	AP023477.1	100.000	21	0	0	1	21	4362683	4362703	2.0	39.2
Query_77411	NM_003342.5	100.000	21	0	0	1	21	783	763	2.0	39.2
Query_77411	XM_035716269.1	100.000	21	0	0	1	21	418	398	2.0	39.2
Query_77411	XM_035716268.1	100.000	21	0	0	1	21	532	512	2.0	39.2
Query_77411	LR862372.1	100.000	21	0	0	1	21	13639380	13639360	2.0	39.2
Query_77411	XR_004743113.1	100.000	21	0	0	1	21	875	855	2.0	39.2
Query_77411	XM_002747845.5	100.000	21	0	0	1	21	796	776	2.0	39.2


