# blastn
# Iteration: 0
# Query: 
# RID: 9PT75JW6016
# Database: nt
# Fields: query acc.ver, subject acc.ver, % identity, alignment length, mismatches, gap opens, q. start, q. end, s. start, s. end, evalue, bit score
# 36 hits found
Query_10525	XM_008976634.2	100.000	21	0	0	1	21	685	665	2.1	39.2
Query_10525	XM_003823013.3	100.000	21	0	0	1	21	667	647	2.1	39.2
Query_10525	XM_019037287.2	100.000	21	0	0	1	21	643	623	2.1	39.2
Query_10525	NM_014176.4	100.000	21	0	0	1	21	610	590	2.1	39.2
Query_10525	XM_009440790.2	100.000	21	0	0	1	21	659	639	2.1	39.2
Query_10525	XM_024350983.1	100.000	21	0	0	1	21	979	959	2.1	39.2
Query_10525	XM_514102.6	100.000	21	0	0	1	21	670	650	2.1	39.2
Query_10525	XM_024239242.1	100.000	21	0	0	1	21	1008	988	2.1	39.2
Query_10525	XM_002809603.4	100.000	21	0	0	1	21	655	635	2.1	39.2
Query_10525	XM_021706319.1	100.000	21	0	0	1	21	495	475	2.1	39.2
Query_10525	XM_021706318.1	100.000	21	0	0	1	21	485	465	2.1	39.2
Query_10525	XM_008072792.2	100.000	21	0	0	1	21	613	593	2.1	39.2
Query_10525	XM_021706317.1	100.000	21	0	0	1	21	564	544	2.1	39.2
Query_10525	LT735351.1	100.000	21	0	0	1	21	991	971	2.1	39.2
Query_10525	XM_004028164.2	100.000	21	0	0	1	21	639	619	2.1	39.2
Query_10525	NG_042230.1	100.000	21	0	0	1	21	15042	15022	2.1	39.2
Query_10525	KJ893680.1	100.000	21	0	0	1	21	569	549	2.1	39.2
Query_10525	NM_001310326.2	100.000	21	0	0	1	21	614	594	2.1	39.2
Query_10525	CU678593.1	100.000	21	0	0	1	21	108	128	2.1	39.2
Query_10525	DQ895975.2	100.000	21	0	0	1	21	526	506	2.1	39.2
Query_10525	DQ892729.2	100.000	21	0	0	1	21	526	506	2.1	39.2
Query_10525	BC019284.1	100.000	21	0	0	1	21	602	582	2.1	39.2
Query_10525	AL356953.17	100.000	21	0	0	1	21	148944	148964	2.1	39.2
Query_10525	BC004152.2	100.000	21	0	0	1	21	602	582	2.1	39.2
Query_10525	AF160215.1	100.000	21	0	0	1	21	597	577	2.1	39.2
Query_10525	AK000504.1	100.000	21	0	0	1	21	595	575	2.1	39.2
Query_10525	AF161499.1	100.000	21	0	0	1	21	630	610	2.1	39.2
Query_10525	AY542309.1	100.000	21	0	0	1	21	505	485	2.1	39.2
Query_10525	AB032931.1	100.000	21	0	0	1	21	546	526	2.1	39.2
Query_10525	XR_004262057.1	100.000	20	0	0	2	21	598	579	7.5	37.4
Query_10525	XM_012459475.1	100.000	20	0	0	2	21	550	531	7.5	37.4
Query_10525	XM_012459474.1	100.000	20	0	0	2	21	649	630	7.5	37.4
Query_10525	XM_008563127.1	100.000	20	0	0	1	20	470	451	7.5	37.4
Query_10525	XM_008563126.1	100.000	20	0	0	1	20	604	585	7.5	37.4
Query_10525	XM_008563125.1	100.000	20	0	0	1	20	606	587	7.5	37.4
Query_10525	XM_037727245.1	100.000	20	0	0	2	21	598	579	7.5	37.4


