# blastn
# Iteration: 0
# Query: 
# RID: 7PZTDGZ6016
# Database: nt
# Fields: query acc.ver, subject acc.ver, % identity, alignment length, mismatches, gap opens, q. start, q. end, s. start, s. end, evalue, bit score
# 52 hits found
Query_2625	XM_008951835.2	100.000	21	0	0	1	21	867	847	2.1	39.2
Query_2625	XM_003826427.2	100.000	21	0	0	1	21	514	494	2.1	39.2
Query_2625	XM_033203867.1	100.000	21	0	0	1	21	677	657	2.1	39.2
Query_2625	XR_004435622.1	100.000	21	0	0	1	21	601	581	2.1	39.2
Query_2625	XM_033203866.1	100.000	21	0	0	1	21	601	581	2.1	39.2
Query_2625	XM_032152921.1	100.000	21	0	0	1	21	877	857	2.1	39.2
Query_2625	XM_032152920.1	100.000	21	0	0	1	21	643	623	2.1	39.2
Query_2625	XM_026449505.2	100.000	21	0	0	1	21	828	808	2.1	39.2
Query_2625	XM_026449504.2	100.000	21	0	0	1	21	600	580	2.1	39.2
Query_2625	XM_003909852.4	100.000	21	0	0	1	21	507	487	2.1	39.2
Query_2625	XM_030918055.1	100.000	21	0	0	1	21	678	658	2.1	39.2
Query_2625	XM_010353396.2	100.000	21	0	0	1	21	573	553	2.1	39.2
Query_2625	XM_003275313.3	100.000	21	0	0	1	21	643	623	2.1	39.2
Query_2625	XM_015114154.2	100.000	21	0	0	1	21	877	857	2.1	39.2
Query_2625	XM_015114153.2	100.000	21	0	0	1	21	600	580	2.1	39.2
Query_2625	NM_004223.5	100.000	21	0	0	1	21	478	458	2.1	39.2
Query_2625	XM_025357070.1	100.000	21	0	0	1	21	505	485	2.1	39.2
Query_2625	XM_011766099.2	100.000	21	0	0	1	21	600	580	2.1	39.2
Query_2625	XM_521987.5	100.000	21	0	0	1	21	513	493	2.1	39.2
Query_2625	XM_009246347.2	100.000	21	0	0	1	21	331	311	2.1	39.2
Query_2625	XM_009246345.2	100.000	21	0	0	1	21	872	852	2.1	39.2
Query_2625	XM_003777762.3	100.000	21	0	0	1	21	515	495	2.1	39.2
Query_2625	XM_009246344.2	100.000	21	0	0	1	21	679	659	2.1	39.2
Query_2625	LT736766.1	100.000	21	0	0	1	21	904	884	2.1	39.2
Query_2625	XM_004051168.2	100.000	21	0	0	1	21	874	854	2.1	39.2
Query_2625	XM_004051167.2	100.000	21	0	0	1	21	507	487	2.1	39.2
Query_2625	XM_017851370.1	100.000	21	0	0	1	21	600	580	2.1	39.2
Query_2625	XM_003317981.4	100.000	21	0	0	1	21	870	850	2.1	39.2
Query_2625	XM_015434702.1	100.000	21	0	0	1	21	871	851	2.1	39.2
Query_2625	XM_005577852.2	100.000	21	0	0	1	21	600	580	2.1	39.2
Query_2625	XM_003275314.3	100.000	21	0	0	1	21	871	851	2.1	39.2
Query_2625	XM_012092325.1	100.000	21	0	0	1	21	600	580	2.1	39.2
Query_2625	XR_001004203.1	100.000	21	0	0	1	21	448	428	2.1	39.2
Query_2625	XM_011963414.1	100.000	21	0	0	1	21	448	428	2.1	39.2
Query_2625	XM_011998681.1	100.000	21	0	0	1	21	605	585	2.1	39.2
Query_2625	XM_011998680.1	100.000	21	0	0	1	21	1043	1023	2.1	39.2
Query_2625	KJ892727.1	100.000	21	0	0	1	21	482	462	2.1	39.2
Query_2625	XM_007998290.2	100.000	21	0	0	1	21	512	492	2.1	39.2
Query_2625	NM_198183.3	100.000	21	0	0	1	21	477	457	2.1	39.2
Query_2625	CU689397.1	100.000	21	0	0	1	21	61	81	2.1	39.2
Query_2625	AK315755.1	100.000	21	0	0	1	21	432	412	2.1	39.2
Query_2625	DQ894475.2	100.000	21	0	0	1	21	439	419	2.1	39.2
Query_2625	DQ891291.2	100.000	21	0	0	1	21	439	419	2.1	39.2
Query_2625	AK226165.1	100.000	21	0	0	1	21	567	547	2.1	39.2
Query_2625	AK093462.1	100.000	21	0	0	1	21	826	806	2.1	39.2
Query_2625	CR457126.1	100.000	21	0	0	1	21	417	397	2.1	39.2
Query_2625	AK129621.1	100.000	21	0	0	1	21	384	364	2.1	39.2
Query_2625	BC032491.1	100.000	21	0	0	1	21	513	493	2.1	39.2
Query_2625	AP002893.3	100.000	21	0	0	1	21	122900	122920	2.1	39.2
Query_2625	AJ243271.1	100.000	21	0	0	1	21	107	87	2.1	39.2
Query_2625	AF061736.1	100.000	21	0	0	1	21	464	444	2.1	39.2
Query_2625	AF031141.1	100.000	21	0	0	1	21	414	394	2.1	39.2


