# blastn
# Iteration: 0
# Query: 
# RID: 8YG0V82R01N
# Database: nt
# Fields: query acc.ver, subject acc.ver, % identity, alignment length, mismatches, gap opens, q. start, q. end, s. start, s. end, evalue, bit score
# 87 hits found
Query_246309	XM_034932123.1	100.000	21	0	0	1	21	1916	1896	2.1	39.2
Query_246309	XM_034932122.1	100.000	21	0	0	1	21	2229	2209	2.1	39.2
Query_246309	XR_004664993.1	100.000	21	0	0	1	21	2205	2185	2.1	39.2
Query_246309	XM_034932121.1	100.000	21	0	0	1	21	2271	2251	2.1	39.2
Query_246309	XM_034932120.1	100.000	21	0	0	1	21	1881	1861	2.1	39.2
Query_246309	XM_034932119.1	100.000	21	0	0	1	21	2157	2137	2.1	39.2
Query_246309	XM_034932117.1	100.000	21	0	0	1	21	1967	1947	2.1	39.2
Query_246309	XM_034932116.1	100.000	21	0	0	1	21	2229	2209	2.1	39.2
Query_246309	XM_034932115.1	100.000	21	0	0	1	21	2229	2209	2.1	39.2
Query_246309	XM_031933959.1	100.000	21	0	0	1	21	2231	2211	2.1	39.2
Query_246309	XM_023189815.3	100.000	21	0	0	1	21	2298	2278	2.1	39.2
Query_246309	XM_023189814.3	100.000	21	0	0	1	21	2297	2277	2.1	39.2
Query_246309	XM_004050666.3	100.000	21	0	0	1	21	2270	2250	2.1	39.2
Query_246309	XM_019037259.2	100.000	21	0	0	1	21	1795	1775	2.1	39.2
Query_246309	XM_019037258.2	100.000	21	0	0	1	21	2157	2137	2.1	39.2
Query_246309	XM_004050664.3	100.000	21	0	0	1	21	2270	2250	2.1	39.2
Query_246309	XM_030917679.1	100.000	21	0	0	1	21	2203	2183	2.1	39.2
Query_246309	XM_030917678.1	100.000	21	0	0	1	21	2275	2255	2.1	39.2
Query_246309	XR_004053563.1	100.000	21	0	0	1	21	2275	2255	2.1	39.2
Query_246309	XM_030917677.1	100.000	21	0	0	1	21	1869	1849	2.1	39.2
Query_246309	XM_010384836.2	100.000	21	0	0	1	21	2275	2255	2.1	39.2
Query_246309	NM_001348749.2	100.000	21	0	0	1	21	2163	2143	2.1	39.2
Query_246309	NM_001348750.2	100.000	21	0	0	1	21	2271	2251	2.1	39.2
Query_246309	NM_001243254.2	100.000	21	0	0	1	21	2235	2215	2.1	39.2
Query_246309	NM_015213.4	100.000	21	0	0	1	21	2235	2215	2.1	39.2
Query_246309	NR_145966.2	100.000	21	0	0	1	21	2211	2191	2.1	39.2
Query_246309	XM_003312912.4	100.000	21	0	0	1	21	2269	2249	2.1	39.2
Query_246309	XR_002938439.1	100.000	21	0	0	1	21	2269	2249	2.1	39.2
Query_246309	XM_016920357.2	100.000	21	0	0	1	21	2016	1996	2.1	39.2
Query_246309	XM_024346967.1	100.000	21	0	0	1	21	2269	2249	2.1	39.2
Query_246309	XM_024346966.1	100.000	21	0	0	1	21	2269	2249	2.1	39.2
Query_246309	XM_009459922.3	100.000	21	0	0	1	21	2197	2177	2.1	39.2
Query_246309	XM_016920354.2	100.000	21	0	0	1	21	2197	2177	2.1	39.2
Query_246309	XM_508914.6	100.000	21	0	0	1	21	2269	2249	2.1	39.2
Query_246309	XM_016920352.2	100.000	21	0	0	1	21	2269	2249	2.1	39.2
Query_246309	XM_024255110.1	100.000	21	0	0	1	21	2265	2245	2.1	39.2
Query_246309	XM_009246658.2	100.000	21	0	0	1	21	1888	1868	2.1	39.2
Query_246309	XM_024255109.1	100.000	21	0	0	1	21	2265	2245	2.1	39.2
Query_246309	XM_024255108.1	100.000	21	0	0	1	21	2265	2245	2.1	39.2
Query_246309	XM_004470255.3	100.000	21	0	0	1	21	2027	2007	2.1	39.2
Query_246309	XM_004470253.3	100.000	21	0	0	1	21	1953	1933	2.1	39.2
Query_246309	XM_004470256.3	100.000	21	0	0	1	21	2025	2005	2.1	39.2
Query_246309	XM_022521766.1	100.000	21	0	0	1	21	1873	1853	2.1	39.2
Query_246309	XM_022521765.1	100.000	21	0	0	1	21	1873	1853	2.1	39.2
Query_246309	XM_022521764.1	100.000	21	0	0	1	21	1969	1949	2.1	39.2
Query_246309	XM_022521763.1	100.000	21	0	0	1	21	1897	1877	2.1	39.2
Query_246309	XM_022521762.1	100.000	21	0	0	1	21	1969	1949	2.1	39.2
Query_246309	XM_021263778.1	100.000	21	0	0	1	21	1976	1956	2.1	39.2
Query_246309	XM_021263777.1	100.000	21	0	0	1	21	1858	1838	2.1	39.2
Query_246309	XM_021263776.1	100.000	21	0	0	1	21	2202	2182	2.1	39.2
Query_246309	XM_021263775.1	100.000	21	0	0	1	21	1976	1956	2.1	39.2
Query_246309	XM_021263774.1	100.000	21	0	0	1	21	1904	1884	2.1	39.2
Query_246309	XM_004851774.2	100.000	21	0	0	1	21	1976	1956	2.1	39.2
Query_246309	NG_053019.1	100.000	21	0	0	1	21	99606	99586	2.1	39.2
Query_246309	LT734349.1	100.000	21	0	0	1	21	1196	1176	2.1	39.2
Query_246309	XM_017891440.1	100.000	21	0	0	1	21	2040	2020	2.1	39.2
Query_246309	XM_017891439.1	100.000	21	0	0	1	21	1866	1846	2.1	39.2
Query_246309	XR_001889067.1	100.000	21	0	0	1	21	1962	1942	2.1	39.2
Query_246309	XM_017891437.1	100.000	21	0	0	1	21	2040	2020	2.1	39.2
Query_246309	XM_016920351.1	100.000	21	0	0	1	21	2026	2006	2.1	39.2
Query_246309	XM_012725198.1	100.000	21	0	0	1	21	1957	1937	2.1	39.2
Query_246309	XM_011947656.1	100.000	21	0	0	1	21	1904	1884	2.1	39.2
Query_246309	KJ902312.1	100.000	21	0	0	1	21	774	754	2.1	39.2
Query_246309	XM_037999738.1	100.000	21	0	0	1	21	1984	1964	2.1	39.2
Query_246309	XM_037999737.1	100.000	21	0	0	1	21	2264	2244	2.1	39.2
Query_246309	XM_037999736.1	100.000	21	0	0	1	21	2192	2172	2.1	39.2
Query_246309	XM_008007293.2	100.000	21	0	0	1	21	2264	2244	2.1	39.2
Query_246309	XM_037522637.1	100.000	21	0	0	1	21	2228	2208	2.1	39.2
Query_246309	XM_036930928.1	100.000	21	0	0	1	21	1958	1938	2.1	39.2
Query_246309	XM_036930927.1	100.000	21	0	0	1	21	2030	2010	2.1	39.2
Query_246309	AB463207.1	100.000	21	0	0	1	21	1963	1943	2.1	39.2
Query_246309	AK295881.1	100.000	21	0	0	1	21	1972	1952	2.1	39.2
Query_246309	AK302478.1	100.000	21	0	0	1	21	1672	1652	2.1	39.2
Query_246309	AK294016.1	100.000	21	0	0	1	21	1940	1920	2.1	39.2
Query_246309	CU679313.1	100.000	21	0	0	1	21	725	705	2.1	39.2
Query_246309	AC191648.1	100.000	21	0	0	1	21	9967	9947	2.1	39.2
Query_246309	BC009354.2	100.000	21	0	0	1	21	939	919	2.1	39.2
Query_246309	AB029014.1	100.000	21	0	0	1	21	2171	2151	2.1	39.2
Query_246309	AK125444.1	100.000	21	0	0	1	21	1516	1496	2.1	39.2
Query_246309	BC071596.1	100.000	21	0	0	1	21	2016	1996	2.1	39.2
Query_246309	AC079296.5	100.000	21	0	0	1	21	9892	9872	2.1	39.2
Query_246309	AK026007.1	100.000	21	0	0	1	21	287	267	2.1	39.2
Query_246309	AK025499.1	100.000	21	0	0	1	21	822	802	2.1	39.2
Query_246309	AL117448.1	100.000	21	0	0	1	21	1967	1947	2.1	39.2
Query_246309	AP006259.1	100.000	21	0	0	1	21	13804	13824	2.1	39.2
Query_246309	HG995265.1	100.000	20	0	0	2	21	4189818	4189799	7.4	37.4
Query_246309	XM_038824408.1	100.000	20	0	0	1	20	943	962	7.4	37.4


