# blastn
# Iteration: 0
# Query: 
# RID: 8YZK0GP4013
# Database: nt
# Fields: query acc.ver, subject acc.ver, % identity, alignment length, mismatches, gap opens, q. start, q. end, s. start, s. end, evalue, bit score
# 104 hits found
Query_60259	XM_034987846.1	100.000	21	0	0	1	21	497	477	2.1	39.2
Query_60259	XM_035027346.1	100.000	21	0	0	1	21	1620	1600	2.1	39.2
Query_60259	XM_035008315.1	100.000	21	0	0	1	21	422	402	2.1	39.2
Query_60259	XM_034934228.1	100.000	21	0	0	1	21	524	504	2.1	39.2
Query_60259	XM_034644424.1	100.000	21	0	0	1	21	558	538	2.1	39.2
Query_60259	XM_019952685.2	100.000	21	0	0	1	21	494	474	2.1	39.2
Query_60259	XM_004269543.2	100.000	21	0	0	1	21	494	474	2.1	39.2
Query_60259	CP050604.1	100.000	21	0	0	1	21	10735435	10735415	2.1	39.2
Query_60259	CP050591.1	100.000	21	0	0	1	21	41951353	41951373	2.1	39.2
Query_60259	CP050590.1	100.000	21	0	0	1	21	7952311	7952331	2.1	39.2
Query_60259	CP050590.1	100.000	21	0	0	1	21	33083157	33083177	2.1	39.2
Query_60259	CP050590.1	100.000	21	0	0	1	21	41538944	41538964	2.1	39.2
Query_60259	CP050586.1	100.000	21	0	0	1	21	54312306	54312326	2.1	39.2
Query_60259	CP050580.1	100.000	21	0	0	1	21	33061803	33061823	2.1	39.2
Query_60259	CP050579.1	100.000	21	0	0	1	21	11334531	11334551	2.1	39.2
Query_60259	CP050572.1	100.000	21	0	0	1	21	19010278	19010258	2.1	39.2
Query_60259	CP050569.1	100.000	21	0	0	1	21	33719204	33719224	2.1	39.2
Query_60259	CP050644.1	100.000	21	0	0	1	21	10736233	10736213	2.1	39.2
Query_60259	CP050638.1	100.000	21	0	0	1	21	11335114	11335134	2.1	39.2
Query_60259	CP050632.1	100.000	21	0	0	1	21	7978536	7978556	2.1	39.2
Query_60259	CP050632.1	100.000	21	0	0	1	21	33097078	33097098	2.1	39.2
Query_60259	CP050632.1	100.000	21	0	0	1	21	41552483	41552503	2.1	39.2
Query_60259	CP050629.1	100.000	21	0	0	1	21	33077740	33077760	2.1	39.2
Query_60259	CP050625.1	100.000	21	0	0	1	21	19007891	19007871	2.1	39.2
Query_60259	CP050622.1	100.000	21	0	0	1	21	53539347	53539367	2.1	39.2
Query_60259	CP050620.1	100.000	21	0	0	1	21	33724376	33724396	2.1	39.2
Query_60259	CP050611.1	100.000	21	0	0	1	21	41952670	41952690	2.1	39.2
Query_60259	XM_040980856.1	100.000	21	0	0	1	21	491	471	2.1	39.2
Query_60259	XM_040637316.1	100.000	21	0	0	1	21	521	501	2.1	39.2
Query_60259	XM_040491239.1	100.000	21	0	0	1	21	540	520	2.1	39.2
Query_60259	XM_040281818.1	100.000	21	0	0	1	21	416	396	2.1	39.2
Query_60259	HG994389.1	100.000	21	0	0	1	21	50959503	50959523	2.1	39.2
Query_60259	HG994388.1	100.000	21	0	0	1	21	10477658	10477638	2.1	39.2
Query_60259	HG994386.1	100.000	21	0	0	1	21	19075827	19075807	2.1	39.2
Query_60259	HG994385.1	100.000	21	0	0	1	21	54982108	54982088	2.1	39.2
Query_60259	XM_039869043.1	100.000	21	0	0	1	21	523	503	2.1	39.2
Query_60259	XM_039761538.1	100.000	21	0	0	1	21	482	462	2.1	39.2
Query_60259	XM_039471644.1	100.000	21	0	0	1	21	743	723	2.1	39.2
Query_60259	XM_039471344.1	100.000	21	0	0	1	21	383	363	2.1	39.2
Query_60259	XM_039471339.1	100.000	21	0	0	1	21	415	395	2.1	39.2
Query_60259	NG_030475.3	100.000	21	0	0	1	21	540	520	2.1	39.2
Query_60259	XM_038667664.1	100.000	21	0	0	1	21	464	444	2.1	39.2
Query_60259	XM_038662699.1	100.000	21	0	0	1	21	935	915	2.1	39.2
Query_60259	XM_038447501.1	100.000	21	0	0	1	21	510	490	2.1	39.2
Query_60259	XM_038441557.1	100.000	21	0	0	1	21	414	394	2.1	39.2
Query_60259	XM_038432613.1	100.000	21	0	0	1	21	359	339	2.1	39.2
Query_60259	XM_038431898.1	100.000	21	0	0	1	21	393	373	2.1	39.2
Query_60259	XM_038680268.1	100.000	21	0	0	1	21	431	411	2.1	39.2
Query_60259	XM_038535473.1	100.000	21	0	0	1	21	473	453	2.1	39.2
Query_60259	XM_003434540.5	100.000	21	0	0	1	21	940	920	2.1	39.2
Query_60259	XM_038463572.1	100.000	21	0	0	1	21	510	490	2.1	39.2
Query_60259	XM_014109332.3	100.000	21	0	0	1	21	414	394	2.1	39.2
Query_60259	XM_003433108.5	100.000	21	0	0	1	21	393	373	2.1	39.2
Query_60259	XM_038644474.1	100.000	21	0	0	1	21	425	405	2.1	39.2
Query_60259	XM_038756364.1	100.000	21	0	0	1	21	453	433	2.1	39.2
Query_60259	XM_007992884.2	100.000	21	0	0	1	21	383	363	2.1	39.2
Query_60259	XM_008004246.2	100.000	21	0	0	1	21	744	724	2.1	39.2
Query_60259	XM_038005196.1	100.000	21	0	0	1	21	433	413	2.1	39.2
Query_60259	XM_037822839.1	100.000	21	0	0	1	21	383	363	2.1	39.2
Query_60259	XM_037846925.1	100.000	21	0	0	1	21	497	477	2.1	39.2
Query_60259	XM_017502871.2	100.000	21	0	0	1	21	414	394	2.1	39.2
Query_60259	XM_017541827.2	100.000	21	0	0	1	21	409	389	2.1	39.2
Query_60259	XM_017537894.2	100.000	21	0	0	1	21	441	421	2.1	39.2
Query_60259	XM_017534874.2	100.000	21	0	0	1	21	418	398	2.1	39.2
Query_60259	XM_037513877.1	100.000	21	0	0	1	21	552	532	2.1	39.2
Query_60259	XM_037146140.1	100.000	21	0	0	1	21	571	551	2.1	39.2
Query_60259	XM_036996328.1	100.000	21	0	0	1	21	383	363	2.1	39.2
Query_60259	XM_037023059.1	100.000	21	0	0	1	21	535	515	2.1	39.2
Query_60259	XM_036891225.1	100.000	21	0	0	1	21	554	534	2.1	39.2
Query_60259	XR_004991539.1	100.000	21	0	0	1	21	573	553	2.1	39.2
Query_60259	XM_036458685.1	100.000	21	0	0	1	21	570	550	2.1	39.2
Query_60259	XM_036302016.1	100.000	21	0	0	1	21	405	385	2.1	39.2
Query_60259	XM_036297571.1	100.000	21	0	0	1	21	568	548	2.1	39.2
Query_60259	XR_004965807.1	100.000	21	0	0	1	21	568	548	2.1	39.2
Query_60259	XM_036297570.1	100.000	21	0	0	1	21	561	541	2.1	39.2
Query_60259	XM_016157625.2	100.000	21	0	0	1	21	494	474	2.1	39.2
Query_60259	XM_036094585.1	100.000	21	0	0	1	21	518	498	2.1	39.2
Query_60259	XM_036089977.1	100.000	21	0	0	1	21	542	522	2.1	39.2
Query_60259	XM_036102179.1	100.000	21	0	0	1	21	416	396	2.1	39.2
Query_60259	XM_036077454.1	100.000	21	0	0	1	21	516	496	2.1	39.2
Query_60259	XM_028513106.2	100.000	21	0	0	1	21	408	388	2.1	39.2
Query_60259	XM_025433563.2	100.000	21	0	0	1	21	406	386	2.1	39.2
Query_60259	XM_025461314.2	100.000	21	0	0	1	21	393	373	2.1	39.2
Query_60259	XM_025449079.2	100.000	21	0	0	1	21	429	409	2.1	39.2
Query_60259	XM_035699157.1	100.000	21	0	0	1	21	546	526	2.1	39.2
Query_60259	XM_025438793.2	100.000	21	0	0	1	21	534	514	2.1	39.2
Query_60259	XR_004805211.1	100.000	21	0	0	1	21	3419	3399	2.1	39.2
Query_60259	XM_025435197.2	100.000	21	0	0	1	21	931	911	2.1	39.2
Query_60259	XM_025422512.2	100.000	21	0	0	1	21	448	428	2.1	39.2
Query_60259	XM_035729226.1	100.000	21	0	0	1	21	526	506	2.1	39.2
Query_60259	XM_035728362.1	100.000	21	0	0	1	21	383	363	2.1	39.2
Query_60259	XM_035728332.1	100.000	21	0	0	1	21	527	507	2.1	39.2
Query_60259	XM_035727297.1	100.000	21	0	0	1	21	410	390	2.1	39.2
Query_60259	XM_027590249.2	100.000	21	0	0	1	21	487	467	2.1	39.2
Query_60259	XM_035726302.1	100.000	21	0	0	1	21	410	390	2.1	39.2
Query_60259	XM_035722137.1	100.000	21	0	0	1	21	425	405	2.1	39.2
Query_60259	XM_035724634.1	100.000	21	0	0	1	21	434	414	2.1	39.2
Query_60259	XM_027585708.2	100.000	21	0	0	1	21	428	408	2.1	39.2
Query_60259	LR862373.1	100.000	21	0	0	1	21	11564654	11564634	2.1	39.2
Query_60259	XM_035258513.1	100.000	21	0	0	1	21	435	415	2.1	39.2
Query_60259	XM_009004364.3	100.000	21	0	0	1	21	462	442	2.1	39.2
Query_60259	XM_009002552.3	100.000	21	0	0	1	21	416	396	2.1	39.2
Query_60259	XM_002751685.5	100.000	21	0	0	1	21	447	427	2.1	39.2
Query_60259	XM_035280129.1	100.000	21	0	0	1	21	412	392	2.1	39.2


