# blastn
# Iteration: 0
# Query: 
# RID: 9PSMXWDC01N
# Database: nt
# Fields: query acc.ver, subject acc.ver, % identity, alignment length, mismatches, gap opens, q. start, q. end, s. start, s. end, evalue, bit score
# 51 hits found
Query_93801	XM_003811844.2	100.000	21	0	0	1	21	436	416	2.1	39.2
Query_93801	XM_033196559.1	100.000	21	0	0	1	21	561	541	2.1	39.2
Query_93801	XM_033233047.1	100.000	21	0	0	1	21	311	291	2.1	39.2
Query_93801	XM_032161224.1	100.000	21	0	0	1	21	571	551	2.1	39.2
Query_93801	XM_023214308.2	100.000	21	0	0	1	21	528	508	2.1	39.2
Query_93801	XR_004184786.1	100.000	21	0	0	1	21	259	239	2.1	39.2
Query_93801	XM_031654823.1	100.000	21	0	0	1	21	418	398	2.1	39.2
Query_93801	XM_031654814.1	100.000	21	0	0	1	21	511	491	2.1	39.2
Query_93801	XM_031011621.1	100.000	21	0	0	1	21	552	532	2.1	39.2
Query_93801	XM_010367119.2	100.000	21	0	0	1	21	664	644	2.1	39.2
Query_93801	XR_749097.2	100.000	21	0	0	1	21	239	219	2.1	39.2
Query_93801	XR_750211.2	100.000	21	0	0	1	21	253	233	2.1	39.2
Query_93801	XM_030824091.1	100.000	21	0	0	1	21	572	552	2.1	39.2
Query_93801	XM_028826846.1	100.000	21	0	0	1	21	472	452	2.1	39.2
Query_93801	XM_015113807.2	100.000	21	0	0	1	21	438	418	2.1	39.2
Query_93801	XM_015113815.2	100.000	21	0	0	1	21	392	372	2.1	39.2
Query_93801	NM_016406.4	100.000	21	0	0	1	21	259	239	2.1	39.2
Query_93801	XM_023185092.2	100.000	21	0	0	1	21	269	249	2.1	39.2
Query_93801	XR_003120460.1	100.000	21	0	0	1	21	239	219	2.1	39.2
Query_93801	XM_025359394.1	100.000	21	0	0	1	21	378	358	2.1	39.2
Query_93801	XM_025359307.1	100.000	21	0	0	1	21	554	534	2.1	39.2
Query_93801	XM_011770131.2	100.000	21	0	0	1	21	330	310	2.1	39.2
Query_93801	XM_017001450.2	100.000	21	0	0	1	21	389	369	2.1	39.2
Query_93801	XM_002809897.3	100.000	21	0	0	1	21	549	529	2.1	39.2
Query_93801	XM_023214307.1	100.000	21	0	0	1	21	549	529	2.1	39.2
Query_93801	LT734974.1	100.000	21	0	0	1	21	726	706	2.1	39.2
Query_93801	XR_001884047.1	100.000	21	0	0	1	21	267	247	2.1	39.2
Query_93801	XM_017860834.1	100.000	21	0	0	1	21	554	534	2.1	39.2
Query_93801	XR_001884737.1	100.000	21	0	0	1	21	252	232	2.1	39.2
Query_93801	XM_017001451.1	100.000	21	0	0	1	21	602	582	2.1	39.2
Query_93801	XM_015452762.1	100.000	21	0	0	1	21	542	522	2.1	39.2
Query_93801	XM_011770130.1	100.000	21	0	0	1	21	400	380	2.1	39.2
Query_93801	XR_001018749.1	100.000	21	0	0	1	21	239	219	2.1	39.2
Query_93801	XM_012067544.1	100.000	21	0	0	1	21	549	529	2.1	39.2
Query_93801	XM_011957583.1	100.000	21	0	0	1	21	554	534	2.1	39.2
Query_93801	XR_001007306.1	100.000	21	0	0	1	21	239	219	2.1	39.2
Query_93801	XM_011976265.1	100.000	21	0	0	1	21	554	534	2.1	39.2
Query_93801	XM_513937.5	100.000	21	0	0	1	21	547	527	2.1	39.2
Query_93801	KJ898907.1	100.000	21	0	0	1	21	304	284	2.1	39.2
Query_93801	XM_005245254.1	100.000	21	0	0	1	21	445	425	2.1	39.2
Query_93801	XM_037984472.1	100.000	21	0	0	1	21	239	219	2.1	39.2
Query_93801	XM_007976437.2	100.000	21	0	0	1	21	446	426	2.1	39.2
Query_93801	AK311562.1	100.000	21	0	0	1	21	445	425	2.1	39.2
Query_93801	AK292776.1	100.000	21	0	0	1	21	445	425	2.1	39.2
Query_93801	DQ896457.2	100.000	21	0	0	1	21	261	241	2.1	39.2
Query_93801	DQ893161.2	100.000	21	0	0	1	21	261	241	2.1	39.2
Query_93801	BC005187.1	100.000	21	0	0	1	21	485	465	2.1	39.2
Query_93801	AL590714.27	100.000	21	0	0	1	21	12481	12461	2.1	39.2
Query_93801	AB154405.1	100.000	21	0	0	1	21	239	219	2.1	39.2
Query_93801	AF161504.1	100.000	21	0	0	1	21	479	459	2.1	39.2
Query_93801	AF151884.1	100.000	21	0	0	1	21	460	440	2.1	39.2


