# blastn
# Iteration: 0
# Query: 
# RID: 7405C9TZ016
# Database: nt
# Fields: query acc.ver, subject acc.ver, % identity, alignment length, mismatches, gap opens, q. start, q. end, s. start, s. end, evalue, bit score
# 59 hits found
Query_22273	XM_003826436.5	100.000	21	0	0	1	21	1007	987	2.1	39.2
Query_22273	XM_033207523.1	100.000	21	0	0	1	21	225	205	2.1	39.2
Query_22273	XM_032283391.1	100.000	21	0	0	1	21	439	419	2.1	39.2
Query_22273	XM_021925752.2	100.000	21	0	0	1	21	1025	1005	2.1	39.2
Query_22273	XM_021925751.2	100.000	21	0	0	1	21	1025	1005	2.1	39.2
Query_22273	XM_003909863.5	100.000	21	0	0	1	21	1015	995	2.1	39.2
Query_22273	XM_021925748.2	100.000	21	0	0	1	21	1026	1006	2.1	39.2
Query_22273	XM_021925749.2	100.000	21	0	0	1	21	1021	1001	2.1	39.2
Query_22273	XR_004177556.1	100.000	21	0	0	1	21	1020	1000	2.1	39.2
Query_22273	XR_004177555.1	100.000	21	0	0	1	21	1020	1000	2.1	39.2
Query_22273	XM_021925747.2	100.000	21	0	0	1	21	1020	1000	2.1	39.2
Query_22273	XM_021925746.2	100.000	21	0	0	1	21	1019	999	2.1	39.2
Query_22273	XM_021925745.2	100.000	21	0	0	1	21	995	975	2.1	39.2
Query_22273	XM_021925744.2	100.000	21	0	0	1	21	1029	1009	2.1	39.2
Query_22273	XM_004051152.3	100.000	21	0	0	1	21	426	406	2.1	39.2
Query_22273	XM_010353410.2	100.000	21	0	0	1	21	426	406	2.1	39.2
Query_22273	NM_002559.5	100.000	21	0	0	1	21	424	404	2.1	39.2
Query_22273	XM_001103269.4	100.000	21	0	0	1	21	927	907	2.1	39.2
Query_22273	XM_025357428.1	100.000	21	0	0	1	21	425	405	2.1	39.2
Query_22273	XM_024797370.1	100.000	21	0	0	1	21	422	402	2.1	39.2
Query_22273	XM_011766085.2	100.000	21	0	0	1	21	260	240	2.1	39.2
Query_22273	XM_016920882.2	100.000	21	0	0	1	21	494	474	2.1	39.2
Query_22273	XM_001136930.4	100.000	21	0	0	1	21	477	457	2.1	39.2
Query_22273	XM_002821788.2	100.000	21	0	0	1	21	426	406	2.1	39.2
Query_22273	XM_017851320.1	100.000	21	0	0	1	21	388	368	2.1	39.2
Query_22273	XM_011545072.2	100.000	21	0	0	1	21	1202	1182	2.1	39.2
Query_22273	XR_949950.2	100.000	21	0	0	1	21	948	928	2.1	39.2
Query_22273	XM_011545071.2	100.000	21	0	0	1	21	944	924	2.1	39.2
Query_22273	XM_011545070.2	100.000	21	0	0	1	21	376	356	2.1	39.2
Query_22273	XM_011545069.2	100.000	21	0	0	1	21	1070	1050	2.1	39.2
Query_22273	XM_015434713.1	100.000	21	0	0	1	21	1004	984	2.1	39.2
Query_22273	XR_001484890.1	100.000	21	0	0	1	21	1004	984	2.1	39.2
Query_22273	XR_001484889.1	100.000	21	0	0	1	21	1004	984	2.1	39.2
Query_22273	XM_005577865.2	100.000	21	0	0	1	21	1004	984	2.1	39.2
Query_22273	XM_012476474.1	100.000	21	0	0	1	21	379	359	2.1	39.2
Query_22273	XM_012476473.1	100.000	21	0	0	1	21	443	423	2.1	39.2
Query_22273	XM_011766086.1	100.000	21	0	0	1	21	422	402	2.1	39.2
Query_22273	XM_011766083.1	100.000	21	0	0	1	21	422	402	2.1	39.2
Query_22273	XM_012092343.1	100.000	21	0	0	1	21	411	391	2.1	39.2
Query_22273	XM_011963399.1	100.000	21	0	0	1	21	410	390	2.1	39.2
Query_22273	XM_011998703.1	100.000	21	0	0	1	21	411	391	2.1	39.2
Query_22273	XM_003920107.3	100.000	21	0	0	1	21	264	244	2.1	39.2
Query_22273	XM_037999312.1	100.000	21	0	0	1	21	259	239	2.1	39.2
Query_22273	XM_017498970.2	100.000	21	0	0	1	21	414	394	2.1	39.2
Query_22273	XM_035262719.1	100.000	21	0	0	1	21	1936	1916	2.1	39.2
Query_22273	XM_035262718.1	100.000	21	0	0	1	21	400	380	2.1	39.2
Query_22273	XM_035262717.1	100.000	21	0	0	1	21	659	639	2.1	39.2
Query_22273	XM_035262716.1	100.000	21	0	0	1	21	2309	2289	2.1	39.2
Query_22273	XM_035262715.1	100.000	21	0	0	1	21	759	739	2.1	39.2
Query_22273	XM_002755279.6	100.000	21	0	0	1	21	877	857	2.1	39.2
Query_22273	BC109287.2	100.000	21	0	0	1	21	259	239	2.1	39.2
Query_22273	BC074793.2	100.000	21	0	0	1	21	256	236	2.1	39.2
Query_22273	BC074792.2	100.000	21	0	0	1	21	256	236	2.1	39.2
Query_22273	BC069162.1	100.000	21	0	0	1	21	301	281	2.1	39.2
Query_22273	AP000781.6	100.000	21	0	0	1	21	101966	101946	2.1	39.2
Query_22273	AB016608.1	100.000	21	0	0	1	21	225	205	2.1	39.2
Query_22273	Y07683.1	100.000	21	0	0	1	21	390	370	2.1	39.2
Query_22273	XM_023215610.3	100.000	20	0	0	1	20	426	407	7.3	37.4
Query_22273	XM_013229713.1	100.000	20	0	0	2	21	3340	3321	7.3	37.4


