# blastn
# Iteration: 0
# Query: 
# RID: 6XH21WXT01R
# Database: nt
# Fields: query acc.ver, subject acc.ver, % identity, alignment length, mismatches, gap opens, q. start, q. end, s. start, s. end, evalue, bit score
# 103 hits found
Query_135603	XM_040275524.1	100.000	21	0	0	1	21	176	156	2.0	39.2
Query_135603	XM_013358595.3	100.000	21	0	0	1	21	206	186	2.0	39.2
Query_135603	XM_040275522.1	100.000	21	0	0	1	21	222	202	2.0	39.2
Query_135603	XM_040275521.1	100.000	21	0	0	1	21	225	205	2.0	39.2
Query_135603	XR_005722423.1	100.000	21	0	0	1	21	334	314	2.0	39.2
Query_135603	XM_040248194.1	100.000	21	0	0	1	21	416	396	2.0	39.2
Query_135603	XM_040248193.1	100.000	21	0	0	1	21	207	187	2.0	39.2
Query_135603	XM_040248192.1	100.000	21	0	0	1	21	208	188	2.0	39.2
Query_135603	XM_040248191.1	100.000	21	0	0	1	21	309	289	2.0	39.2
Query_135603	XM_040248190.1	100.000	21	0	0	1	21	274	254	2.0	39.2
Query_135603	XM_040248189.1	100.000	21	0	0	1	21	458	438	2.0	39.2
Query_135603	HG994407.1	100.000	21	0	0	1	21	38719381	38719401	2.0	39.2
Query_135603	HG994399.1	100.000	21	0	0	1	21	55249555	55249535	2.0	39.2
Query_135603	HG994399.1	100.000	20	0	0	1	20	14112907	14112926	7.1	37.4
Query_135603	XM_039864588.1	100.000	21	0	0	1	21	412	392	2.0	39.2
Query_135603	XM_039864587.1	100.000	21	0	0	1	21	276	256	2.0	39.2
Query_135603	XM_039864586.1	100.000	21	0	0	1	21	1909	1889	2.0	39.2
Query_135603	XM_039864584.1	100.000	21	0	0	1	21	292	272	2.0	39.2
Query_135603	XM_010343114.2	100.000	21	0	0	1	21	431	411	2.0	39.2
Query_135603	XM_039479768.1	100.000	21	0	0	1	21	412	392	2.0	39.2
Query_135603	XM_039479767.1	100.000	21	0	0	1	21	267	247	2.0	39.2
Query_135603	XM_039477794.1	100.000	21	0	0	1	21	215	195	2.0	39.2
Query_135603	XM_039477007.1	100.000	21	0	0	1	21	863	843	2.0	39.2
Query_135603	XM_039229992.1	100.000	21	0	0	1	21	203	183	2.0	39.2
Query_135603	XM_039229991.1	100.000	21	0	0	1	21	255	235	2.0	39.2
Query_135603	CP068258.1	100.000	21	0	0	1	21	3393059	3393079	2.0	39.2
Query_135603	CP068258.1	100.000	21	0	0	1	21	51853852	51853872	2.0	39.2
Query_135603	XM_038432768.1	100.000	21	0	0	1	21	163	143	2.0	39.2
Query_135603	XM_038432767.1	100.000	21	0	0	1	21	267	247	2.0	39.2
Query_135603	XM_038687102.1	100.000	21	0	0	1	21	219	199	2.0	39.2
Query_135603	XM_038803162.1	100.000	21	0	0	1	21	204	184	2.0	39.2
Query_135603	XM_038803161.1	100.000	21	0	0	1	21	321	301	2.0	39.2
Query_135603	XM_038750001.1	100.000	21	0	0	1	21	311	291	2.0	39.2
Query_135603	XM_038330104.1	100.000	21	0	0	1	21	476	456	2.0	39.2
Query_135603	XM_038321457.1	100.000	21	0	0	1	21	516	496	2.0	39.2
Query_135603	XM_038345939.1	100.000	21	0	0	1	21	207	187	2.0	39.2
Query_135603	XM_037988979.1	100.000	21	0	0	1	21	241	221	2.0	39.2
Query_135603	XM_037988765.1	100.000	21	0	0	1	21	258	238	2.0	39.2
Query_135603	XM_037983802.1	100.000	21	0	0	1	21	226	206	2.0	39.2
Query_135603	XM_008014329.2	100.000	21	0	0	1	21	419	399	2.0	39.2
Query_135603	XM_037982646.1	100.000	21	0	0	1	21	202	182	2.0	39.2
Query_135603	XM_008014322.2	100.000	21	0	0	1	21	498	478	2.0	39.2
Query_135603	XM_037982645.1	100.000	21	0	0	1	21	203	183	2.0	39.2
Query_135603	XM_008014318.2	100.000	21	0	0	1	21	358	338	2.0	39.2
Query_135603	XM_008014312.2	100.000	21	0	0	1	21	292	272	2.0	39.2
Query_135603	XM_037996789.1	100.000	21	0	0	1	21	224	204	2.0	39.2
Query_135603	XM_037821188.1	100.000	21	0	0	1	21	228	208	2.0	39.2
Query_135603	XM_037844644.1	100.000	21	0	0	1	21	144	124	2.0	39.2
Query_135603	XM_037841023.1	100.000	21	0	0	1	21	207	187	2.0	39.2
Query_135603	XM_037810938.1	100.000	21	0	0	1	21	244	224	2.0	39.2
Query_135603	XM_037799127.1	100.000	21	0	0	1	21	207	187	2.0	39.2
Query_135603	XR_001817404.2	100.000	21	0	0	1	21	207	187	2.0	39.2
Query_135603	XM_037743277.1	100.000	21	0	0	1	21	189	169	2.0	39.2
Query_135603	XR_005202231.1	100.000	21	0	0	1	21	222	202	2.0	39.2
Query_135603	XM_037739054.1	100.000	21	0	0	1	21	668	648	2.0	39.2
Query_135603	XR_005200512.1	100.000	21	0	0	1	21	504	484	2.0	39.2
Query_135603	XR_005200511.1	100.000	21	0	0	1	21	328	308	2.0	39.2
Query_135603	XR_005200510.1	100.000	21	0	0	1	21	556	536	2.0	39.2
Query_135603	XR_005200509.1	100.000	21	0	0	1	21	380	360	2.0	39.2
Query_135603	XM_017529922.2	100.000	21	0	0	1	21	295	275	2.0	39.2
Query_135603	XM_017529921.2	100.000	21	0	0	1	21	295	275	2.0	39.2
Query_135603	XM_037500285.1	100.000	21	0	0	1	21	256	236	2.0	39.2
Query_135603	XM_028868577.2	100.000	21	0	0	1	21	519	499	2.0	39.2
Query_135603	XM_037167230.1	100.000	21	0	0	1	21	584	564	2.0	39.2
Query_135603	XM_037059888.1	100.000	21	0	0	1	21	180	160	2.0	39.2
Query_135603	XM_037059887.1	100.000	21	0	0	1	21	293	273	2.0	39.2
Query_135603	XM_036417747.1	100.000	21	0	0	1	21	223	203	2.0	39.2
Query_135603	XM_036417745.1	100.000	21	0	0	1	21	273	253	2.0	39.2
Query_135603	XM_036417744.1	100.000	21	0	0	1	21	102	82	2.0	39.2
Query_135603	XM_036417743.1	100.000	21	0	0	1	21	335	315	2.0	39.2
Query_135603	XM_036417742.1	100.000	21	0	0	1	21	316	296	2.0	39.2
Query_135603	XM_036323836.1	100.000	21	0	0	1	21	56	36	2.0	39.2
Query_135603	XM_036323834.1	100.000	21	0	0	1	21	559	539	2.0	39.2
Query_135603	XR_004970150.1	100.000	21	0	0	1	21	548	528	2.0	39.2
Query_135603	XM_036323833.1	100.000	21	0	0	1	21	341	321	2.0	39.2
Query_135603	XM_036244480.1	100.000	21	0	0	1	21	306	286	2.0	39.2
Query_135603	XM_036244479.1	100.000	21	0	0	1	21	237	217	2.0	39.2
Query_135603	XM_036244478.1	100.000	21	0	0	1	21	347	327	2.0	39.2
Query_135603	XM_036244476.1	100.000	21	0	0	1	21	259	239	2.0	39.2
Query_135603	XM_036244475.1	100.000	21	0	0	1	21	276	256	2.0	39.2
Query_135603	XM_036229301.1	100.000	21	0	0	1	21	412	392	2.0	39.2
Query_135603	XM_016143743.2	100.000	21	0	0	1	21	276	256	2.0	39.2
Query_135603	XM_036229300.1	100.000	21	0	0	1	21	3055	3035	2.0	39.2
Query_135603	XM_016143742.2	100.000	21	0	0	1	21	283	263	2.0	39.2
Query_135603	AP023480.1	100.000	21	0	0	1	21	3287845	3287865	2.0	39.2
Query_135603	AP023480.1	100.000	21	0	0	1	21	48146670	48146690	2.0	39.2
Query_135603	XM_036184029.1	100.000	21	0	0	1	21	381	361	2.0	39.2
Query_135603	XM_036064668.1	100.000	21	0	0	1	21	205	185	2.0	39.2
Query_135603	XM_036064666.1	100.000	21	0	0	1	21	256	236	2.0	39.2
Query_135603	XM_036064665.1	100.000	21	0	0	1	21	205	185	2.0	39.2
Query_135603	XM_036009963.1	100.000	21	0	0	1	21	196	176	2.0	39.2
Query_135603	XM_028523955.2	100.000	21	0	0	1	21	292	272	2.0	39.2
Query_135603	LR877216.1	100.000	21	0	0	1	21	55906353	55906333	2.0	39.2
Query_135603	LR877215.1	100.000	21	0	0	1	21	17052668	17052688	2.0	39.2
Query_135603	LR877199.1	100.000	21	0	0	1	21	7487492	7487472	2.0	39.2
Query_135603	LR877198.1	100.000	21	0	0	1	21	4637059	4637079	2.0	39.2
Query_135603	NM_001257398.2	100.000	21	0	0	1	21	368	348	2.0	39.2
Query_135603	NM_001282579.2	100.000	21	0	0	1	21	329	309	2.0	39.2
Query_135603	NM_001282576.2	100.000	21	0	0	1	21	503	483	2.0	39.2
Query_135603	XM_025470388.2	100.000	21	0	0	1	21	161	141	2.0	39.2
Query_135603	XM_035705783.1	100.000	21	0	0	1	21	328	308	2.0	39.2
Query_135603	XM_025470385.2	100.000	21	0	0	1	21	292	272	2.0	39.2
Query_135603	XM_035729327.1	100.000	21	0	0	1	21	111	91	2.0	39.2


