# blastn
# Iteration: 0
# Query: 
# RID: 6ZWCH6DK013
# Database: nt
# Fields: query acc.ver, subject acc.ver, % identity, alignment length, mismatches, gap opens, q. start, q. end, s. start, s. end, evalue, bit score
# 55 hits found
Query_55369	XM_034505797.1	100.000	21	0	0	1	21	1976	1956	2.1	39.2
Query_55369	XM_034505796.1	100.000	21	0	0	1	21	2082	2062	2.1	39.2
Query_55369	XM_032913110.1	100.000	21	0	0	1	21	2068	2048	2.1	39.2
Query_55369	XM_032913109.1	100.000	21	0	0	1	21	1931	1911	2.1	39.2
Query_55369	XM_031351267.1	100.000	21	0	0	1	21	1934	1914	2.1	39.2
Query_55369	XM_031351266.1	100.000	21	0	0	1	21	3060	3040	2.1	39.2
Query_55369	XM_031351265.1	100.000	21	0	0	1	21	1971	1951	2.1	39.2
Query_55369	XM_031351263.1	100.000	21	0	0	1	21	1787	1767	2.1	39.2
Query_55369	XM_031351262.1	100.000	21	0	0	1	21	2106	2086	2.1	39.2
Query_55369	XM_030245499.1	100.000	21	0	0	1	21	1812	1792	2.1	39.2
Query_55369	XM_021175437.2	100.000	21	0	0	1	21	1942	1922	2.1	39.2
Query_55369	XM_021175436.2	100.000	21	0	0	1	21	2077	2057	2.1	39.2
Query_55369	XM_028755045.1	100.000	21	0	0	1	21	1948	1928	2.1	39.2
Query_55369	XM_026789855.1	100.000	21	0	0	1	21	2085	2065	2.1	39.2
Query_55369	XM_005368301.2	100.000	21	0	0	1	21	1950	1930	2.1	39.2
Query_55369	XM_021646856.1	100.000	21	0	0	1	21	1951	1931	2.1	39.2
Query_55369	XM_021646855.1	100.000	21	0	0	1	21	2061	2041	2.1	39.2
Query_55369	XM_021230568.1	100.000	21	0	0	1	21	1816	1796	2.1	39.2
Query_55369	XM_005075917.3	100.000	21	0	0	1	21	2081	2061	2.1	39.2
Query_55369	XM_021214131.1	100.000	21	0	0	1	21	1947	1927	2.1	39.2
Query_55369	XM_021214130.1	100.000	21	0	0	1	21	2082	2062	2.1	39.2
Query_55369	XM_016007344.1	100.000	21	0	0	1	21	1813	1793	2.1	39.2
Query_55369	XM_016007343.1	100.000	21	0	0	1	21	1942	1922	2.1	39.2
Query_55369	XM_016007339.1	100.000	21	0	0	1	21	1832	1812	2.1	39.2
Query_55369	XM_006971854.2	100.000	21	0	0	1	21	2077	2057	2.1	39.2
Query_55369	XM_005075918.2	100.000	21	0	0	1	21	1945	1925	2.1	39.2
Query_55369	NM_001282977.1	100.000	21	0	0	1	21	2085	2065	2.1	39.2
Query_55369	NM_145121.3	100.000	21	0	0	1	21	1950	1930	2.1	39.2
Query_55369	NM_017346.2	100.000	21	0	0	1	21	1940	1920	2.1	39.2
Query_55369	XM_039086662.1	100.000	21	0	0	1	21	1164	1144	2.1	39.2
Query_55369	XM_006247410.3	100.000	21	0	0	1	21	1869	1849	2.1	39.2
Query_55369	XM_006247409.4	100.000	21	0	0	1	21	2090	2070	2.1	39.2
Query_55369	XM_038325355.1	100.000	21	0	0	1	21	2021	2001	2.1	39.2
Query_55369	XM_037200616.1	100.000	21	0	0	1	21	2250	2230	2.1	39.2
Query_55369	XM_028889454.2	100.000	21	0	0	1	21	1945	1925	2.1	39.2
Query_55369	XM_037200615.1	100.000	21	0	0	1	21	2314	2294	2.1	39.2
Query_55369	XM_028889457.2	100.000	21	0	0	1	21	2081	2061	2.1	39.2
Query_55369	AB685743.1	100.000	21	0	0	1	21	2069	2049	2.1	39.2
Query_55369	JN960751.1	100.000	21	0	0	1	21	31796	31776	2.1	39.2
Query_55369	XM_036195897.1	100.000	21	0	0	1	21	2076	2056	2.1	39.2
Query_55369	XM_036195896.1	100.000	21	0	0	1	21	2208	2188	2.1	39.2
Query_55369	XM_036195895.1	100.000	21	0	0	1	21	1941	1921	2.1	39.2
Query_55369	XM_030245500.2	100.000	21	0	0	1	21	1936	1916	2.1	39.2
Query_55369	XM_036156255.1	100.000	21	0	0	1	21	3113	3093	2.1	39.2
Query_55369	XM_006532092.4	100.000	21	0	0	1	21	1811	1791	2.1	39.2
Query_55369	XM_006532091.4	100.000	21	0	0	1	21	1946	1926	2.1	39.2
Query_55369	LR877227.1	100.000	21	0	0	1	21	24401616	24401636	2.1	39.2
Query_55369	XM_027424056.2	100.000	21	0	0	1	21	1748	1728	2.1	39.2
Query_55369	XM_027424057.2	100.000	21	0	0	1	21	1883	1863	2.1	39.2
Query_55369	AB100389.2	100.000	21	0	0	1	21	5292	5272	2.1	39.2
Query_55369	AY094173.1	100.000	21	0	0	1	21	1748	1728	2.1	39.2
Query_55369	X61394.1	100.000	21	0	0	1	21	1811	1791	2.1	39.2
Query_55369	AL591209.17	100.000	21	0	0	1	21	83668	83688	2.1	39.2
Query_55369	L06110.1	100.000	21	0	0	1	21	1748	1728	2.1	39.2
Query_55369	LR877215.1	100.000	20	0	0	2	21	17024343	17024362	7.2	37.4


