# blastn
# Iteration: 0
# Query: 
# RID: 742AVA98016
# Database: nt
# Fields: query acc.ver, subject acc.ver, % identity, alignment length, mismatches, gap opens, q. start, q. end, s. start, s. end, evalue, bit score
# 84 hits found
Query_54735	XM_003826436.5	100.000	21	0	0	1	21	1433	1413	2.1	39.2
Query_54735	XM_033207523.1	100.000	21	0	0	1	21	651	631	2.1	39.2
Query_54735	XM_033121437.1	100.000	21	0	0	1	21	847	827	2.1	39.2
Query_54735	XM_032283391.1	100.000	21	0	0	1	21	865	845	2.1	39.2
Query_54735	XR_004248146.1	100.000	21	0	0	1	21	725	705	2.1	39.2
Query_54735	XM_032152902.1	100.000	21	0	0	1	21	852	832	2.1	39.2
Query_54735	XM_023215610.3	100.000	21	0	0	1	21	852	832	2.1	39.2
Query_54735	XM_021925752.2	100.000	21	0	0	1	21	1745	1725	2.1	39.2
Query_54735	XM_021925751.2	100.000	21	0	0	1	21	1745	1725	2.1	39.2
Query_54735	XM_003909863.5	100.000	21	0	0	1	21	1441	1421	2.1	39.2
Query_54735	XM_021925750.2	100.000	21	0	0	1	21	946	926	2.1	39.2
Query_54735	XM_021925748.2	100.000	21	0	0	1	21	1452	1432	2.1	39.2
Query_54735	XM_021925749.2	100.000	21	0	0	1	21	1741	1721	2.1	39.2
Query_54735	XR_004177556.1	100.000	21	0	0	1	21	1740	1720	2.1	39.2
Query_54735	XR_004177555.1	100.000	21	0	0	1	21	1740	1720	2.1	39.2
Query_54735	XM_021925747.2	100.000	21	0	0	1	21	1740	1720	2.1	39.2
Query_54735	XM_021925746.2	100.000	21	0	0	1	21	1739	1719	2.1	39.2
Query_54735	XM_021925745.2	100.000	21	0	0	1	21	1715	1695	2.1	39.2
Query_54735	XM_021925744.2	100.000	21	0	0	1	21	1749	1729	2.1	39.2
Query_54735	XM_004051152.3	100.000	21	0	0	1	21	852	832	2.1	39.2
Query_54735	XM_010353410.2	100.000	21	0	0	1	21	852	832	2.1	39.2
Query_54735	XR_193717.3	100.000	21	0	0	1	21	719	699	2.1	39.2
Query_54735	XM_004714903.2	100.000	21	0	0	1	21	844	824	2.1	39.2
Query_54735	XR_004029584.1	100.000	21	0	0	1	21	727	707	2.1	39.2
Query_54735	XM_030810123.1	100.000	21	0	0	1	21	852	832	2.1	39.2
Query_54735	NM_002559.5	100.000	21	0	0	1	21	850	830	2.1	39.2
Query_54735	XM_001103269.4	100.000	21	0	0	1	21	1353	1333	2.1	39.2
Query_54735	XM_026406581.1	100.000	21	0	0	1	21	651	631	2.1	39.2
Query_54735	XM_027944666.1	100.000	21	0	0	1	21	1140	1120	2.1	39.2
Query_54735	XM_025357428.1	100.000	21	0	0	1	21	851	831	2.1	39.2
Query_54735	XM_024797370.1	100.000	21	0	0	1	21	848	828	2.1	39.2
Query_54735	XM_011766085.2	100.000	21	0	0	1	21	686	666	2.1	39.2
Query_54735	XM_016920882.2	100.000	21	0	0	1	21	920	900	2.1	39.2
Query_54735	XM_001136930.4	100.000	21	0	0	1	21	903	883	2.1	39.2
Query_54735	XM_002821788.2	100.000	21	0	0	1	21	852	832	2.1	39.2
Query_54735	XM_001504914.5	100.000	21	0	0	1	21	835	815	2.1	39.2
Query_54735	XM_019624217.1	100.000	21	0	0	1	21	671	651	2.1	39.2
Query_54735	XM_017851320.1	100.000	21	0	0	1	21	814	794	2.1	39.2
Query_54735	XM_011545072.2	100.000	21	0	0	1	21	1628	1608	2.1	39.2
Query_54735	XR_949950.2	100.000	21	0	0	1	21	1374	1354	2.1	39.2
Query_54735	XM_011545071.2	100.000	21	0	0	1	21	1364	1344	2.1	39.2
Query_54735	XM_011545070.2	100.000	21	0	0	1	21	802	782	2.1	39.2
Query_54735	XM_011545069.2	100.000	21	0	0	1	21	1496	1476	2.1	39.2
Query_54735	XM_015477257.1	100.000	21	0	0	1	21	1140	1120	2.1	39.2
Query_54735	XM_015434713.1	100.000	21	0	0	1	21	1430	1410	2.1	39.2
Query_54735	XR_001484890.1	100.000	21	0	0	1	21	1430	1410	2.1	39.2
Query_54735	XR_001484889.1	100.000	21	0	0	1	21	1430	1410	2.1	39.2
Query_54735	XM_005577865.2	100.000	21	0	0	1	21	1430	1410	2.1	39.2
Query_54735	XM_014829422.1	100.000	21	0	0	1	21	798	778	2.1	39.2
Query_54735	XM_013029129.1	100.000	21	0	0	1	21	804	784	2.1	39.2
Query_54735	XM_012476474.1	100.000	21	0	0	1	21	805	785	2.1	39.2
Query_54735	XM_012476473.1	100.000	21	0	0	1	21	869	849	2.1	39.2
Query_54735	XM_011766086.1	100.000	21	0	0	1	21	848	828	2.1	39.2
Query_54735	XM_011766083.1	100.000	21	0	0	1	21	848	828	2.1	39.2
Query_54735	XM_012092343.1	100.000	21	0	0	1	21	837	817	2.1	39.2
Query_54735	XM_011963399.1	100.000	21	0	0	1	21	830	810	2.1	39.2
Query_54735	XM_011998703.1	100.000	21	0	0	1	21	837	817	2.1	39.2
Query_54735	XM_011545073.1	100.000	21	0	0	1	21	352	332	2.1	39.2
Query_54735	XM_008537756.1	100.000	21	0	0	1	21	781	761	2.1	39.2
Query_54735	XM_040284337.1	100.000	21	0	0	1	21	803	783	2.1	39.2
Query_54735	XM_005331595.4	100.000	21	0	0	1	21	874	854	2.1	39.2
Query_54735	XR_005733507.1	100.000	21	0	0	1	21	1217	1197	2.1	39.2
Query_54735	XR_005733506.1	100.000	21	0	0	1	21	1217	1197	2.1	39.2
Query_54735	XR_005733505.1	100.000	21	0	0	1	21	1217	1197	2.1	39.2
Query_54735	XM_040284336.1	100.000	21	0	0	1	21	1217	1197	2.1	39.2
Query_54735	KC790393.1	100.000	21	0	0	1	21	155	135	2.1	39.2
Query_54735	XM_003920107.3	100.000	21	0	0	1	21	690	670	2.1	39.2
Query_54735	XM_037999312.1	100.000	21	0	0	1	21	685	665	2.1	39.2
Query_54735	XM_017498970.2	100.000	21	0	0	1	21	840	820	2.1	39.2
Query_54735	XM_035262719.1	100.000	21	0	0	1	21	2362	2342	2.1	39.2
Query_54735	XM_035262718.1	100.000	21	0	0	1	21	826	806	2.1	39.2
Query_54735	XM_035262717.1	100.000	21	0	0	1	21	1085	1065	2.1	39.2
Query_54735	XM_035262716.1	100.000	21	0	0	1	21	2735	2715	2.1	39.2
Query_54735	XM_035262715.1	100.000	21	0	0	1	21	1185	1165	2.1	39.2
Query_54735	XM_002755279.6	100.000	21	0	0	1	21	1303	1283	2.1	39.2
Query_54735	BC109287.2	100.000	21	0	0	1	21	685	665	2.1	39.2
Query_54735	BC074793.2	100.000	21	0	0	1	21	682	662	2.1	39.2
Query_54735	BC074792.2	100.000	21	0	0	1	21	682	662	2.1	39.2
Query_54735	BC069162.1	100.000	21	0	0	1	21	727	707	2.1	39.2
Query_54735	AP000781.6	100.000	21	0	0	1	21	105161	105141	2.1	39.2
Query_54735	AB016608.1	100.000	21	0	0	1	21	651	631	2.1	39.2
Query_54735	Y07683.1	100.000	21	0	0	1	21	816	796	2.1	39.2
Query_54735	XM_004667733.2	100.000	20	0	0	2	21	1159	1140	7.3	37.4
Query_54735	XM_037141824.1	100.000	20	0	0	2	21	650	631	7.3	37.4


