# blastn
# Iteration: 0
# Query: 
# RID: 7JEP2RWF016
# Database: nt
# Fields: query acc.ver, subject acc.ver, % identity, alignment length, mismatches, gap opens, q. start, q. end, s. start, s. end, evalue, bit score
# 100 hits found
Query_8869	XM_034428078.1	100.000	21	0	0	1	21	1437	1417	2.1	39.2
Query_8869	XM_034428077.1	100.000	21	0	0	1	21	1731	1711	2.1	39.2
Query_8869	XM_034428076.1	100.000	21	0	0	1	21	1771	1751	2.1	39.2
Query_8869	XR_004593027.1	100.000	21	0	0	1	21	1771	1751	2.1	39.2
Query_8869	XM_034428075.1	100.000	21	0	0	1	21	1771	1751	2.1	39.2
Query_8869	XM_005145335.4	100.000	21	0	0	1	21	1569	1549	2.1	39.2
Query_8869	XM_034061120.1	100.000	21	0	0	1	21	1801	1781	2.1	39.2
Query_8869	XM_034061119.1	100.000	21	0	0	1	21	1720	1700	2.1	39.2
Query_8869	XM_033144543.1	100.000	21	0	0	1	21	1749	1729	2.1	39.2
Query_8869	XM_033144542.1	100.000	21	0	0	1	21	1552	1532	2.1	39.2
Query_8869	XM_033144541.1	100.000	21	0	0	1	21	1591	1571	2.1	39.2
Query_8869	XM_032995333.1	100.000	21	0	0	1	21	1629	1609	2.1	39.2
Query_8869	XM_032995332.1	100.000	21	0	0	1	21	1668	1648	2.1	39.2
Query_8869	XM_032463165.1	100.000	21	0	0	1	21	1672	1652	2.1	39.2
Query_8869	XM_032463164.1	100.000	21	0	0	1	21	1826	1806	2.1	39.2
Query_8869	XM_032463163.1	100.000	21	0	0	1	21	1711	1691	2.1	39.2
Query_8869	XM_032217092.1	100.000	21	0	0	1	21	1730	1710	2.1	39.2
Query_8869	XM_032217091.1	100.000	21	0	0	1	21	1768	1748	2.1	39.2
Query_8869	XM_015237396.2	100.000	21	0	0	1	21	1637	1617	2.1	39.2
Query_8869	XM_015237394.2	100.000	21	0	0	1	21	1676	1656	2.1	39.2
Query_8869	XM_010979536.2	100.000	21	0	0	1	21	1677	1657	2.1	39.2
Query_8869	XM_010979533.2	100.000	21	0	0	1	21	1716	1696	2.1	39.2
Query_8869	XM_030498802.1	100.000	21	0	0	1	21	1691	1671	2.1	39.2
Query_8869	XM_030498801.1	100.000	21	0	0	1	21	1842	1822	2.1	39.2
Query_8869	XM_030498800.1	100.000	21	0	0	1	21	1795	1775	2.1	39.2
Query_8869	XM_030498799.1	100.000	21	0	0	1	21	1805	1785	2.1	39.2
Query_8869	XM_030498797.1	100.000	21	0	0	1	21	1731	1711	2.1	39.2
Query_8869	XM_030498796.1	100.000	21	0	0	1	21	1720	1700	2.1	39.2
Query_8869	XM_030498795.1	100.000	21	0	0	1	21	1881	1861	2.1	39.2
Query_8869	XM_030498794.1	100.000	21	0	0	1	21	5218	5198	2.1	39.2
Query_8869	XM_030498793.1	100.000	21	0	0	1	21	5257	5237	2.1	39.2
Query_8869	XM_030448740.1	100.000	21	0	0	1	21	1805	1785	2.1	39.2
Query_8869	XM_010170486.2	100.000	21	0	0	1	21	1584	1564	2.1	39.2
Query_8869	XM_028724353.1	100.000	21	0	0	1	21	1451	1431	2.1	39.2
Query_8869	XM_028724352.1	100.000	21	0	0	1	21	1717	1697	2.1	39.2
Query_8869	XM_028724351.1	100.000	21	0	0	1	21	1756	1736	2.1	39.2
Query_8869	XM_028724350.1	100.000	21	0	0	1	21	1646	1626	2.1	39.2
Query_8869	XM_028724349.1	100.000	21	0	0	1	21	1756	1736	2.1	39.2
Query_8869	NM_018426.3	100.000	21	0	0	1	21	1700	1680	2.1	39.2
Query_8869	XM_026695564.1	100.000	21	0	0	1	21	1694	1674	2.1	39.2
Query_8869	XM_026695563.1	100.000	21	0	0	1	21	1694	1674	2.1	39.2
Query_8869	XM_026681159.1	100.000	21	0	0	1	21	1694	1674	2.1	39.2
Query_8869	XM_026681150.1	100.000	21	0	0	1	21	1694	1674	2.1	39.2
Query_8869	XM_026122960.1	100.000	21	0	0	1	21	1652	1632	2.1	39.2
Query_8869	XM_026122958.1	100.000	21	0	0	1	21	1686	1666	2.1	39.2
Query_8869	XM_026122957.1	100.000	21	0	0	1	21	1690	1670	2.1	39.2
Query_8869	XM_026081246.1	100.000	21	0	0	1	21	1665	1645	2.1	39.2
Query_8869	XM_026081245.1	100.000	21	0	0	1	21	1600	1580	2.1	39.2
Query_8869	XM_026081244.1	100.000	21	0	0	1	21	1644	1624	2.1	39.2
Query_8869	XM_026081243.1	100.000	21	0	0	1	21	1666	1646	2.1	39.2
Query_8869	XM_026051164.1	100.000	21	0	0	1	21	1586	1566	2.1	39.2
Query_8869	XM_025174165.1	100.000	21	0	0	1	21	1574	1554	2.1	39.2
Query_8869	XM_007439818.3	100.000	21	0	0	1	21	1613	1593	2.1	39.2
Query_8869	XR_001743506.2	100.000	21	0	0	1	21	2080	2060	2.1	39.2
Query_8869	XM_024446482.1	100.000	21	0	0	1	21	1968	1948	2.1	39.2
Query_8869	XM_005503800.2	100.000	21	0	0	1	21	1552	1532	2.1	39.2
Query_8869	XM_005503799.2	100.000	21	0	0	1	21	1591	1571	2.1	39.2
Query_8869	XM_005503798.3	100.000	21	0	0	1	21	1591	1571	2.1	39.2
Query_8869	XM_019526823.1	100.000	21	0	0	1	21	1673	1653	2.1	39.2
Query_8869	XM_019526822.1	100.000	21	0	0	1	21	1713	1693	2.1	39.2
Query_8869	XM_019526821.1	100.000	21	0	0	1	21	1712	1692	2.1	39.2
Query_8869	XM_014600022.2	100.000	21	0	0	1	21	1699	1679	2.1	39.2
Query_8869	XM_009283763.2	100.000	21	0	0	1	21	1547	1527	2.1	39.2
Query_8869	XM_009283761.2	100.000	21	0	0	1	21	1569	1549	2.1	39.2
Query_8869	XM_017011002.1	100.000	21	0	0	1	21	1741	1721	2.1	39.2
Query_8869	XM_017011001.1	100.000	21	0	0	1	21	1638	1618	2.1	39.2
Query_8869	XM_005249215.4	100.000	21	0	0	1	21	1899	1879	2.1	39.2
Query_8869	XM_005249214.4	100.000	21	0	0	1	21	1594	1574	2.1	39.2
Query_8869	XM_017011000.1	100.000	21	0	0	1	21	1938	1918	2.1	39.2
Query_8869	XM_005249213.4	100.000	21	0	0	1	21	2007	1987	2.1	39.2
Query_8869	XM_017010999.1	100.000	21	0	0	1	21	1957	1937	2.1	39.2
Query_8869	XM_005249211.3	100.000	21	0	0	1	21	2080	2060	2.1	39.2
Query_8869	XM_015823691.1	100.000	21	0	0	1	21	1589	1569	2.1	39.2
Query_8869	NM_001318792.1	100.000	21	0	0	1	21	1734	1714	2.1	39.2
Query_8869	XM_015237395.1	100.000	21	0	0	1	21	1826	1806	2.1	39.2
Query_8869	XM_014062903.1	100.000	21	0	0	1	21	1425	1405	2.1	39.2
Query_8869	XM_013943858.1	100.000	21	0	0	1	21	1624	1604	2.1	39.2
Query_8869	LK064669.1	100.000	21	0	0	1	21	10344715	10344695	2.1	39.2
Query_8869	XM_010979534.1	100.000	21	0	0	1	21	1826	1806	2.1	39.2
Query_8869	XM_010973815.1	100.000	21	0	0	1	21	1594	1574	2.1	39.2
Query_8869	XM_010973814.1	100.000	21	0	0	1	21	1826	1806	2.1	39.2
Query_8869	XM_010296880.1	100.000	21	0	0	1	21	1569	1549	2.1	39.2
Query_8869	XM_010219807.1	100.000	21	0	0	1	21	1547	1527	2.1	39.2
Query_8869	XM_010219806.1	100.000	21	0	0	1	21	1586	1566	2.1	39.2
Query_8869	XM_010219805.1	100.000	21	0	0	1	21	1586	1566	2.1	39.2
Query_8869	XM_010199634.1	100.000	21	0	0	1	21	1569	1549	2.1	39.2
Query_8869	XM_010184740.1	100.000	21	0	0	1	21	769	749	2.1	39.2
Query_8869	XM_010156510.1	100.000	21	0	0	1	21	1569	1549	2.1	39.2
Query_8869	XM_010017739.1	100.000	21	0	0	1	21	1569	1549	2.1	39.2
Query_8869	XM_039347018.1	100.000	21	0	0	1	21	1706	1686	2.1	39.2
Query_8869	XM_039347017.1	100.000	21	0	0	1	21	1745	1725	2.1	39.2
Query_8869	XM_039347016.1	100.000	21	0	0	1	21	1880	1860	2.1	39.2
Query_8869	XM_039347015.1	100.000	21	0	0	1	21	1745	1725	2.1	39.2
Query_8869	XM_036381136.1	100.000	21	0	0	1	21	1572	1552	2.1	39.2
Query_8869	XM_036381135.1	100.000	21	0	0	1	21	1733	1713	2.1	39.2
Query_8869	XM_036381134.1	100.000	21	0	0	1	21	1611	1591	2.1	39.2
Query_8869	XM_035901449.1	100.000	21	0	0	1	21	1918	1898	2.1	39.2
Query_8869	XM_035901448.1	100.000	21	0	0	1	21	1690	1670	2.1	39.2
Query_8869	XM_009646048.2	100.000	21	0	0	1	21	1624	1604	2.1	39.2
Query_8869	XM_035901447.1	100.000	21	0	0	1	21	1624	1604	2.1	39.2


