# blastn
# Iteration: 0
# Query: 
# RID: 740P8MKD01R
# Database: nt
# Fields: query acc.ver, subject acc.ver, % identity, alignment length, mismatches, gap opens, q. start, q. end, s. start, s. end, evalue, bit score
# 17 hits found
Query_226713	XR_004248146.1	100.000	21	0	0	1	21	1243	1223	2.0	39.2
Query_226713	XM_032152902.1	100.000	21	0	0	1	21	1366	1346	2.0	39.2
Query_226713	XM_004051152.3	100.000	21	0	0	1	21	1366	1346	2.0	39.2
Query_226713	XR_004029584.1	100.000	21	0	0	1	21	1245	1225	2.0	39.2
Query_226713	XM_030810123.1	100.000	21	0	0	1	21	1366	1346	2.0	39.2
Query_226713	NM_002559.5	100.000	21	0	0	1	21	1364	1344	2.0	39.2
Query_226713	XM_011545072.2	100.000	21	0	0	1	21	2142	2122	2.0	39.2
Query_226713	XM_011545071.2	100.000	21	0	0	1	21	1878	1858	2.0	39.2
Query_226713	XM_011545070.2	100.000	21	0	0	1	21	1316	1296	2.0	39.2
Query_226713	XM_011545069.2	100.000	21	0	0	1	21	2010	1990	2.0	39.2
Query_226713	XM_011545073.1	100.000	21	0	0	1	21	866	846	2.0	39.2
Query_226713	BC109287.2	100.000	21	0	0	1	21	1199	1179	2.0	39.2
Query_226713	BC074793.2	100.000	21	0	0	1	21	1196	1176	2.0	39.2
Query_226713	BC074792.2	100.000	21	0	0	1	21	1196	1176	2.0	39.2
Query_226713	BC069162.1	100.000	21	0	0	1	21	1238	1218	2.0	39.2
Query_226713	AP000781.6	100.000	21	0	0	1	21	125284	125264	2.0	39.2
Query_226713	Y07683.1	100.000	21	0	0	1	21	1330	1310	2.0	39.2


