# blastn
# Iteration: 0
# Query: 
# RID: 72J0VNR301R
# Database: nt
# Fields: query acc.ver, subject acc.ver, % identity, alignment length, mismatches, gap opens, q. start, q. end, s. start, s. end, evalue, bit score
# 100 hits found
Query_281711	XM_035027437.1	100.000	21	0	0	1	21	577	557	2.0	39.2
Query_281711	XM_003828171.2	100.000	21	0	0	1	21	407	387	2.0	39.2
Query_281711	AP023165.1	100.000	21	0	0	1	21	44115095	44115115	2.0	39.2
Query_281711	XM_019800199.2	100.000	21	0	0	1	21	360	340	2.0	39.2
Query_281711	CP050593.1	100.000	21	0	0	1	21	19169183	19169163	2.0	39.2
Query_281711	CP050635.1	100.000	21	0	0	1	21	19173099	19173079	2.0	39.2
Query_281711	XM_033182838.1	100.000	21	0	0	1	21	363	343	2.0	39.2
Query_281711	XM_033088999.1	100.000	21	0	0	1	21	432	412	2.0	39.2
Query_281711	XM_032849084.1	100.000	21	0	0	1	21	443	423	2.0	39.2
Query_281711	XM_032617599.1	100.000	21	0	0	1	21	394	374	2.0	39.2
Query_281711	XM_032457288.1	100.000	21	0	0	1	21	460	440	2.0	39.2
Query_281711	XM_032396643.1	100.000	21	0	0	1	21	363	343	2.0	39.2
Query_281711	XM_032322824.1	100.000	21	0	0	1	21	943	923	2.0	39.2
Query_281711	XM_032163779.1	100.000	21	0	0	1	21	407	387	2.0	39.2
Query_281711	LR738418.1	100.000	21	0	0	1	21	19057047	19057027	2.0	39.2
Query_281711	NM_001194608.2	100.000	21	0	0	1	21	381	361	2.0	39.2
Query_281711	XM_006217479.2	100.000	21	0	0	1	21	444	424	2.0	39.2
Query_281711	XM_003913140.4	100.000	21	0	0	1	21	2623	2603	2.0	39.2
Query_281711	XM_031469764.1	100.000	21	0	0	1	21	463	443	2.0	39.2
Query_281711	XM_004041540.3	100.000	21	0	0	1	21	407	387	2.0	39.2
Query_281711	XM_010376233.2	100.000	21	0	0	1	21	379	359	2.0	39.2
Query_281711	XM_003270772.2	100.000	21	0	0	1	21	407	387	2.0	39.2
Query_281711	XM_022565170.2	100.000	21	0	0	1	21	604	584	2.0	39.2
Query_281711	XM_030294706.1	100.000	21	0	0	1	21	360	340	2.0	39.2
Query_281711	XM_030087595.1	100.000	21	0	0	1	21	492	472	2.0	39.2
Query_281711	XM_029926925.1	100.000	21	0	0	1	21	391	371	2.0	39.2
Query_281711	XM_029212625.1	100.000	21	0	0	1	21	394	374	2.0	39.2
Query_281711	AY358627.2	100.000	21	0	0	1	21	396	376	2.0	39.2
Query_281711	XM_007127969.2	100.000	21	0	0	1	21	400	380	2.0	39.2
Query_281711	NM_025237.3	100.000	21	0	0	1	21	413	393	2.0	39.2
Query_281711	XM_027048934.1	100.000	21	0	0	1	21	2941	2921	2.0	39.2
Query_281711	XM_026512270.1	100.000	21	0	0	1	21	363	343	2.0	39.2
Query_281711	XM_028092719.1	100.000	21	0	0	1	21	363	343	2.0	39.2
Query_281711	CP021250.1	100.000	21	0	0	1	21	3446968	3446948	2.0	39.2
Query_281711	CP034495.1	100.000	21	0	0	1	21	41832989	41833009	2.0	39.2
Query_281711	XM_027517099.1	100.000	21	0	0	1	21	1274	1254	2.0	39.2
Query_281711	XM_025986939.1	100.000	21	0	0	1	21	517	497	2.0	39.2
Query_281711	XM_025917641.1	100.000	21	0	0	1	21	360	340	2.0	39.2
Query_281711	XM_025861720.1	100.000	21	0	0	1	21	363	343	2.0	39.2
Query_281711	XM_025363041.1	100.000	21	0	0	1	21	404	384	2.0	39.2
Query_281711	XM_006046841.2	100.000	21	0	0	1	21	1192	1172	2.0	39.2
Query_281711	NM_001166514.2	100.000	21	0	0	1	21	401	381	2.0	39.2
Query_281711	XM_024761226.1	100.000	21	0	0	1	21	360	340	2.0	39.2
Query_281711	XM_001153653.5	100.000	21	0	0	1	21	510	490	2.0	39.2
Query_281711	XM_002827467.3	100.000	21	0	0	1	21	404	384	2.0	39.2
Query_281711	XM_001917501.5	100.000	21	0	0	1	21	2647	2627	2.0	39.2
Query_281711	XM_011377213.2	100.000	21	0	0	1	21	398	378	2.0	39.2
Query_281711	XM_004468011.2	100.000	21	0	0	1	21	371	351	2.0	39.2
Query_281711	XM_003786295.3	100.000	21	0	0	1	21	363	343	2.0	39.2
Query_281711	XM_011289261.3	100.000	21	0	0	1	21	3334	3314	2.0	39.2
Query_281711	XM_022519797.1	100.000	21	0	0	1	21	363	343	2.0	39.2
Query_281711	XM_021712656.1	100.000	21	0	0	1	21	379	359	2.0	39.2
Query_281711	XM_021681649.1	100.000	21	0	0	1	21	363	343	2.0	39.2
Query_281711	XM_004859825.2	100.000	21	0	0	1	21	390	370	2.0	39.2
Query_281711	XM_005070072.3	100.000	21	0	0	1	21	386	366	2.0	39.2
Query_281711	XM_003131361.3	100.000	21	0	0	1	21	729	709	2.0	39.2
Query_281711	XM_020888973.1	100.000	21	0	0	1	21	360	340	2.0	39.2
Query_281711	LT735545.1	100.000	21	0	0	1	21	850	830	2.0	39.2
Query_281711	XM_019981332.1	100.000	21	0	0	1	21	1191	1171	2.0	39.2
Query_281711	XM_019665562.1	100.000	21	0	0	1	21	442	422	2.0	39.2
Query_281711	XM_019434924.1	100.000	21	0	0	1	21	2938	2918	2.0	39.2
Query_281711	XM_002719425.3	100.000	21	0	0	1	21	595	575	2.0	39.2
Query_281711	XM_006910090.2	100.000	21	0	0	1	21	379	359	2.0	39.2
Query_281711	XM_005584371.2	100.000	21	0	0	1	21	414	394	2.0	39.2
Query_281711	XM_014849316.1	100.000	21	0	0	1	21	963	943	2.0	39.2
Query_281711	XM_004432532.2	100.000	21	0	0	1	21	922	902	2.0	39.2
Query_281711	XM_005394641.2	100.000	21	0	0	1	21	386	366	2.0	39.2
Query_281711	XM_012786643.1	100.000	21	0	0	1	21	661	641	2.0	39.2
Query_281711	XM_012659081.1	100.000	21	0	0	1	21	403	383	2.0	39.2
Query_281711	XM_011720549.1	100.000	21	0	0	1	21	2557	2537	2.0	39.2
Query_281711	XM_012057895.1	100.000	21	0	0	1	21	2566	2546	2.0	39.2
Query_281711	XM_011985860.1	100.000	21	0	0	1	21	404	384	2.0	39.2
Query_281711	XM_011940053.1	100.000	21	0	0	1	21	404	384	2.0	39.2
Query_281711	XM_008574390.1	100.000	21	0	0	1	21	360	340	2.0	39.2
Query_281711	XM_008542409.1	100.000	21	0	0	1	21	963	943	2.0	39.2
Query_281711	KJ893769.1	100.000	21	0	0	1	21	431	411	2.0	39.2
Query_281711	XM_007455080.1	100.000	21	0	0	1	21	380	360	2.0	39.2
Query_281711	XM_007180240.1	100.000	21	0	0	1	21	360	340	2.0	39.2
Query_281711	XM_006970625.1	100.000	21	0	0	1	21	386	366	2.0	39.2
Query_281711	XM_006738798.1	100.000	21	0	0	1	21	379	359	2.0	39.2
Query_281711	HG994394.1	100.000	21	0	0	1	21	41713834	41713854	2.0	39.2
Query_281711	XM_039846848.1	100.000	21	0	0	1	21	398	378	2.0	39.2
Query_281711	XM_039220888.1	100.000	21	0	0	1	21	415	395	2.0	39.2
Query_281711	LR990656.1	100.000	21	0	0	1	21	29070827	29070847	2.0	39.2
Query_281711	CP068261.1	100.000	21	0	0	1	21	44608470	44608490	2.0	39.2
Query_281711	XM_038675186.1	100.000	21	0	0	1	21	559	539	2.0	39.2
Query_281711	XM_548071.7	100.000	21	0	0	1	21	559	539	2.0	39.2
Query_281711	XM_038324615.1	100.000	21	0	0	1	21	363	343	2.0	39.2
Query_281711	XM_008012517.2	100.000	21	0	0	1	21	391	371	2.0	39.2
Query_281711	XM_037810786.1	100.000	21	0	0	1	21	395	375	2.0	39.2
Query_281711	XM_028882528.2	100.000	21	0	0	1	21	588	568	2.0	39.2
Query_281711	XM_036837604.1	100.000	21	0	0	1	21	394	374	2.0	39.2
Query_281711	XM_036451266.1	100.000	21	0	0	1	21	435	415	2.0	39.2
Query_281711	XM_016139657.2	100.000	21	0	0	1	21	6669	6649	2.0	39.2
Query_281711	AP023477.1	100.000	21	0	0	1	21	41451660	41451680	2.0	39.2
Query_281711	XM_036197445.1	100.000	21	0	0	1	21	363	343	2.0	39.2
Query_281711	XM_036071304.1	100.000	21	0	0	1	21	574	554	2.0	39.2
Query_281711	XM_025440522.2	100.000	21	0	0	1	21	559	539	2.0	39.2
Query_281711	XM_027567789.2	100.000	21	0	0	1	21	371	351	2.0	39.2
Query_281711	LR862372.1	100.000	21	0	0	1	21	34624575	34624595	2.0	39.2


