# blastn
# Iteration: 0
# Query: 
# RID: 72G7JRAV01R
# Database: nt
# Fields: query acc.ver, subject acc.ver, % identity, alignment length, mismatches, gap opens, q. start, q. end, s. start, s. end, evalue, bit score
# 22 hits found
Query_63627	XM_003828171.2	100.000	21	0	0	1	21	610	590	2.0	39.2
Query_63627	XM_032163779.1	100.000	21	0	0	1	21	610	590	2.0	39.2
Query_63627	XM_004041540.3	100.000	21	0	0	1	21	610	590	2.0	39.2
Query_63627	XM_003270772.2	100.000	21	0	0	1	21	610	590	2.0	39.2
Query_63627	AY358627.2	100.000	21	0	0	1	21	599	579	2.0	39.2
Query_63627	NM_025237.3	100.000	21	0	0	1	21	616	596	2.0	39.2
Query_63627	CP034495.1	100.000	21	0	0	1	21	41832786	41832806	2.0	39.2
Query_63627	XM_001153653.5	100.000	21	0	0	1	21	713	693	2.0	39.2
Query_63627	XM_002827467.3	100.000	21	0	0	1	21	607	587	2.0	39.2
Query_63627	LT735545.1	100.000	21	0	0	1	21	1053	1033	2.0	39.2
Query_63627	KJ893769.1	100.000	21	0	0	1	21	634	614	2.0	39.2
Query_63627	CP068261.1	100.000	21	0	0	1	21	44608267	44608287	2.0	39.2
Query_63627	AP023477.1	100.000	21	0	0	1	21	41451457	41451477	2.0	39.2
Query_63627	NG_008078.2	100.000	21	0	0	1	21	8371	8351	2.0	39.2
Query_63627	AC003098.2	100.000	21	0	0	1	21	5945	5965	2.0	39.2
Query_63627	AY358203.1	100.000	21	0	0	1	21	883	863	2.0	39.2
Query_63627	AF184211.1	100.000	21	0	0	1	21	325	305	2.0	39.2
Query_63627	BC101086.1	100.000	21	0	0	1	21	593	573	2.0	39.2
Query_63627	AC055813.9	100.000	21	0	0	1	21	62869	62889	2.0	39.2
Query_63627	AF331844.1	100.000	21	0	0	1	21	603	583	2.0	39.2
Query_63627	AF326739.1	100.000	21	0	0	1	21	613	593	2.0	39.2
Query_63627	AF326736.1	100.000	21	0	0	1	21	15284	15264	2.0	39.2


