# blastn
# Iteration: 0
# Query: 
# RID: 6RTCF3GU013
# Database: nt
# Fields: query acc.ver, subject acc.ver, % identity, alignment length, mismatches, gap opens, q. start, q. end, s. start, s. end, evalue, bit score
# 44 hits found
Query_57889	XM_008951835.2	100.000	21	0	0	1	21	795	775	2.1	39.2
Query_57889	XM_003826427.2	100.000	21	0	0	1	21	442	422	2.1	39.2
Query_57889	XM_032283370.1	100.000	21	0	0	1	21	515	495	2.1	39.2
Query_57889	XM_032283369.1	100.000	21	0	0	1	21	769	749	2.1	39.2
Query_57889	XM_003909852.4	100.000	21	0	0	1	21	435	415	2.1	39.2
Query_57889	XM_015114154.2	100.000	21	0	0	1	21	805	785	2.1	39.2
Query_57889	XM_015114153.2	100.000	21	0	0	1	21	528	508	2.1	39.2
Query_57889	NM_004223.5	100.000	21	0	0	1	21	406	386	2.1	39.2
Query_57889	XM_025357070.1	100.000	21	0	0	1	21	433	413	2.1	39.2
Query_57889	XM_011766099.2	100.000	21	0	0	1	21	528	508	2.1	39.2
Query_57889	XM_521987.5	100.000	21	0	0	1	21	441	421	2.1	39.2
Query_57889	XM_009246347.2	100.000	21	0	0	1	21	259	239	2.1	39.2
Query_57889	XM_009246345.2	100.000	21	0	0	1	21	800	780	2.1	39.2
Query_57889	XM_003777762.3	100.000	21	0	0	1	21	443	423	2.1	39.2
Query_57889	XM_009246344.2	100.000	21	0	0	1	21	607	587	2.1	39.2
Query_57889	LT736766.1	100.000	21	0	0	1	21	832	812	2.1	39.2
Query_57889	XM_003317981.4	100.000	21	0	0	1	21	798	778	2.1	39.2
Query_57889	XM_015434702.1	100.000	21	0	0	1	21	799	779	2.1	39.2
Query_57889	XM_005577852.2	100.000	21	0	0	1	21	528	508	2.1	39.2
Query_57889	XM_012092325.1	100.000	21	0	0	1	21	528	508	2.1	39.2
Query_57889	XM_011998681.1	100.000	21	0	0	1	21	533	513	2.1	39.2
Query_57889	XM_011998680.1	100.000	21	0	0	1	21	971	951	2.1	39.2
Query_57889	KJ892727.1	100.000	21	0	0	1	21	410	390	2.1	39.2
Query_57889	XM_003920114.2	100.000	21	0	0	1	21	440	420	2.1	39.2
Query_57889	XM_007998290.2	100.000	21	0	0	1	21	440	420	2.1	39.2
Query_57889	XM_017498959.2	100.000	21	0	0	1	21	435	415	2.1	39.2
Query_57889	XM_017498958.2	100.000	21	0	0	1	21	777	757	2.1	39.2
Query_57889	NM_198183.3	100.000	21	0	0	1	21	405	385	2.1	39.2
Query_57889	XM_009008144.3	100.000	21	0	0	1	21	643	623	2.1	39.2
Query_57889	XM_002755286.4	100.000	21	0	0	1	21	467	447	2.1	39.2
Query_57889	CU689397.1	100.000	21	0	0	1	21	133	153	2.1	39.2
Query_57889	AK315755.1	100.000	21	0	0	1	21	360	340	2.1	39.2
Query_57889	AC188405.3	100.000	21	0	0	1	21	39070	39050	2.1	39.2
Query_57889	DQ894475.2	100.000	21	0	0	1	21	367	347	2.1	39.2
Query_57889	DQ891291.2	100.000	21	0	0	1	21	367	347	2.1	39.2
Query_57889	AK226165.1	100.000	21	0	0	1	21	495	475	2.1	39.2
Query_57889	AK093462.1	100.000	21	0	0	1	21	754	734	2.1	39.2
Query_57889	CR457126.1	100.000	21	0	0	1	21	345	325	2.1	39.2
Query_57889	AK129621.1	100.000	21	0	0	1	21	312	292	2.1	39.2
Query_57889	BC032491.1	100.000	21	0	0	1	21	441	421	2.1	39.2
Query_57889	AP002893.3	100.000	21	0	0	1	21	122972	122992	2.1	39.2
Query_57889	AJ243271.1	100.000	21	0	0	1	21	35	15	2.1	39.2
Query_57889	AF061736.1	100.000	21	0	0	1	21	392	372	2.1	39.2
Query_57889	AF031141.1	100.000	21	0	0	1	21	342	322	2.1	39.2


