# blastn
# Iteration: 0
# Query: 
# RID: 7RRDBEYN016
# Database: nt
# Fields: query acc.ver, subject acc.ver, % identity, alignment length, mismatches, gap opens, q. start, q. end, s. start, s. end, evalue, bit score
# 100 hits found
Query_46989	XM_040459768.1	100.000	21	0	0	1	21	171	151	2.1	39.2
Query_46989	XM_040459767.1	100.000	21	0	0	1	21	174	154	2.1	39.2
Query_46989	XM_040459766.1	100.000	21	0	0	1	21	195	175	2.1	39.2
Query_46989	XM_040459764.1	100.000	21	0	0	1	21	411	391	2.1	39.2
Query_46989	XM_040459763.1	100.000	21	0	0	1	21	348	328	2.1	39.2
Query_46989	XM_040453115.1	100.000	21	0	0	1	21	336	316	2.1	39.2
Query_46989	XM_040483671.1	100.000	21	0	0	1	21	347	327	2.1	39.2
Query_46989	XM_040275524.1	100.000	21	0	0	1	21	293	273	2.1	39.2
Query_46989	XM_013358595.3	100.000	21	0	0	1	21	323	303	2.1	39.2
Query_46989	XM_040275523.1	100.000	21	0	0	1	21	216	196	2.1	39.2
Query_46989	XM_040275522.1	100.000	21	0	0	1	21	339	319	2.1	39.2
Query_46989	XM_040275521.1	100.000	21	0	0	1	21	342	322	2.1	39.2
Query_46989	XM_029070229.2	100.000	21	0	0	1	21	364	344	2.1	39.2
Query_46989	XM_016228206.3	100.000	21	0	0	1	21	438	418	2.1	39.2
Query_46989	HG994408.1	100.000	21	0	0	1	21	45503753	45503773	2.1	39.2
Query_46989	HG994388.1	100.000	21	0	0	1	21	62871612	62871632	2.1	39.2
Query_46989	XM_039864588.1	100.000	21	0	0	1	21	529	509	2.1	39.2
Query_46989	XM_039864587.1	100.000	21	0	0	1	21	393	373	2.1	39.2
Query_46989	XM_039864586.1	100.000	21	0	0	1	21	2026	2006	2.1	39.2
Query_46989	XM_039864584.1	100.000	21	0	0	1	21	409	389	2.1	39.2
Query_46989	XM_010343114.2	100.000	21	0	0	1	21	548	528	2.1	39.2
Query_46989	XM_039479768.1	100.000	21	0	0	1	21	529	509	2.1	39.2
Query_46989	XM_039479767.1	100.000	21	0	0	1	21	384	364	2.1	39.2
Query_46989	XM_039477794.1	100.000	21	0	0	1	21	332	312	2.1	39.2
Query_46989	CP068258.1	100.000	21	0	0	1	21	51852521	51852541	2.1	39.2
Query_46989	XM_038750001.1	100.000	21	0	0	1	21	428	408	2.1	39.2
Query_46989	XM_037988979.1	100.000	21	0	0	1	21	358	338	2.1	39.2
Query_46989	XM_037983802.1	100.000	21	0	0	1	21	343	323	2.1	39.2
Query_46989	XM_008014329.2	100.000	21	0	0	1	21	536	516	2.1	39.2
Query_46989	XM_037982646.1	100.000	21	0	0	1	21	319	299	2.1	39.2
Query_46989	XM_008014322.2	100.000	21	0	0	1	21	615	595	2.1	39.2
Query_46989	XM_037982645.1	100.000	21	0	0	1	21	320	300	2.1	39.2
Query_46989	XM_008014318.2	100.000	21	0	0	1	21	475	455	2.1	39.2
Query_46989	XM_008014312.2	100.000	21	0	0	1	21	409	389	2.1	39.2
Query_46989	XM_037996789.1	100.000	21	0	0	1	21	341	321	2.1	39.2
Query_46989	XM_037821188.1	100.000	21	0	0	1	21	345	325	2.1	39.2
Query_46989	XM_037844644.1	100.000	21	0	0	1	21	261	241	2.1	39.2
Query_46989	XM_037841024.1	100.000	21	0	0	1	21	198	178	2.1	39.2
Query_46989	XM_037841023.1	100.000	21	0	0	1	21	324	304	2.1	39.2
Query_46989	XM_037810938.1	100.000	21	0	0	1	21	361	341	2.1	39.2
Query_46989	XM_037810538.1	100.000	21	0	0	1	21	243	223	2.1	39.2
Query_46989	XM_037799127.1	100.000	21	0	0	1	21	324	304	2.1	39.2
Query_46989	XM_037825966.1	100.000	21	0	0	1	21	198	178	2.1	39.2
Query_46989	XM_037734717.1	100.000	21	0	0	1	21	337	317	2.1	39.2
Query_46989	XM_037743277.1	100.000	21	0	0	1	21	306	286	2.1	39.2
Query_46989	XR_005202231.1	100.000	21	0	0	1	21	339	319	2.1	39.2
Query_46989	XM_037739054.1	100.000	21	0	0	1	21	785	765	2.1	39.2
Query_46989	XR_005200512.1	100.000	21	0	0	1	21	621	601	2.1	39.2
Query_46989	XR_005200511.1	100.000	21	0	0	1	21	445	425	2.1	39.2
Query_46989	XR_005200510.1	100.000	21	0	0	1	21	673	653	2.1	39.2
Query_46989	XR_005200509.1	100.000	21	0	0	1	21	497	477	2.1	39.2
Query_46989	XM_017529922.2	100.000	21	0	0	1	21	412	392	2.1	39.2
Query_46989	XM_017529921.2	100.000	21	0	0	1	21	412	392	2.1	39.2
Query_46989	XM_037167230.1	100.000	21	0	0	1	21	701	681	2.1	39.2
Query_46989	XM_017651907.2	100.000	21	0	0	1	21	443	423	2.1	39.2
Query_46989	XM_017651906.2	100.000	21	0	0	1	21	539	519	2.1	39.2
Query_46989	XM_017651904.2	100.000	21	0	0	1	21	431	411	2.1	39.2
Query_46989	XM_017651903.2	100.000	21	0	0	1	21	409	389	2.1	39.2
Query_46989	XM_036901999.1	100.000	21	0	0	1	21	432	412	2.1	39.2
Query_46989	XM_036901998.1	100.000	21	0	0	1	21	535	515	2.1	39.2
Query_46989	XM_036901997.1	100.000	21	0	0	1	21	321	301	2.1	39.2
Query_46989	XM_036901996.1	100.000	21	0	0	1	21	409	389	2.1	39.2
Query_46989	XM_036417747.1	100.000	21	0	0	1	21	340	320	2.1	39.2
Query_46989	XM_036417746.1	100.000	21	0	0	1	21	308	288	2.1	39.2
Query_46989	XM_036417745.1	100.000	21	0	0	1	21	390	370	2.1	39.2
Query_46989	XM_036417744.1	100.000	21	0	0	1	21	219	199	2.1	39.2
Query_46989	XM_036417743.1	100.000	21	0	0	1	21	452	432	2.1	39.2
Query_46989	XM_036417742.1	100.000	21	0	0	1	21	433	413	2.1	39.2
Query_46989	XM_036410412.1	100.000	21	0	0	1	21	350	330	2.1	39.2
Query_46989	XM_036246753.1	100.000	21	0	0	1	21	198	178	2.1	39.2
Query_46989	XM_036244480.1	100.000	21	0	0	1	21	423	403	2.1	39.2
Query_46989	XM_036244479.1	100.000	21	0	0	1	21	354	334	2.1	39.2
Query_46989	XM_036244478.1	100.000	21	0	0	1	21	464	444	2.1	39.2
Query_46989	XM_036244476.1	100.000	21	0	0	1	21	376	356	2.1	39.2
Query_46989	XM_036244475.1	100.000	21	0	0	1	21	393	373	2.1	39.2
Query_46989	XM_036253164.1	100.000	21	0	0	1	21	324	304	2.1	39.2
Query_46989	XM_036229301.1	100.000	21	0	0	1	21	529	509	2.1	39.2
Query_46989	XM_016143743.2	100.000	21	0	0	1	21	393	373	2.1	39.2
Query_46989	XM_036229300.1	100.000	21	0	0	1	21	3172	3152	2.1	39.2
Query_46989	XM_016143742.2	100.000	21	0	0	1	21	400	380	2.1	39.2
Query_46989	AP023480.1	100.000	21	0	0	1	21	48145339	48145359	2.1	39.2
Query_46989	XM_036064668.1	100.000	21	0	0	1	21	322	302	2.1	39.2
Query_46989	XM_036064667.1	100.000	21	0	0	1	21	530	510	2.1	39.2
Query_46989	XM_036064666.1	100.000	21	0	0	1	21	373	353	2.1	39.2
Query_46989	XM_036064665.1	100.000	21	0	0	1	21	322	302	2.1	39.2
Query_46989	XM_036078322.1	100.000	21	0	0	1	21	804	784	2.1	39.2
Query_46989	XM_036077669.1	100.000	21	0	0	1	21	2140	2120	2.1	39.2
Query_46989	NM_001257398.2	100.000	21	0	0	1	21	485	465	2.1	39.2
Query_46989	NM_001282579.2	100.000	21	0	0	1	21	446	426	2.1	39.2
Query_46989	NM_001282576.2	100.000	21	0	0	1	21	620	600	2.1	39.2
Query_46989	XM_035725421.1	100.000	21	0	0	1	21	201	181	2.1	39.2
Query_46989	XM_035729327.1	100.000	21	0	0	1	21	228	208	2.1	39.2
Query_46989	XM_027621509.2	100.000	21	0	0	1	21	251	231	2.1	39.2
Query_46989	XM_027621508.2	100.000	21	0	0	1	21	377	357	2.1	39.2
Query_46989	XM_035728383.1	100.000	21	0	0	1	21	324	304	2.1	39.2
Query_46989	XM_035727077.1	100.000	21	0	0	1	21	333	313	2.1	39.2
Query_46989	XM_035726584.1	100.000	21	0	0	1	21	309	289	2.1	39.2
Query_46989	XM_027610880.2	100.000	21	0	0	1	21	198	178	2.1	39.2
Query_46989	XM_027610879.2	100.000	21	0	0	1	21	324	304	2.1	39.2
Query_46989	XM_035721998.1	100.000	21	0	0	1	21	273	253	2.1	39.2


