# blastn
# Iteration: 0
# Query: 
# RID: 9PMMNBJW013
# Database: nt
# Fields: query acc.ver, subject acc.ver, % identity, alignment length, mismatches, gap opens, q. start, q. end, s. start, s. end, evalue, bit score
# 66 hits found
Query_8863	XM_034962171.1	100.000	21	0	0	1	21	2113	2093	2.1	39.2
Query_8863	XM_008958732.2	100.000	21	0	0	1	21	2315	2295	2.1	39.2
Query_8863	XM_003833230.2	100.000	21	0	0	1	21	2286	2266	2.1	39.2
Query_8863	XM_032141775.1	100.000	21	0	0	1	21	2226	2206	2.1	39.2
Query_8863	XM_032141774.1	100.000	21	0	0	1	21	2353	2333	2.1	39.2
Query_8863	XM_032141773.1	100.000	21	0	0	1	21	2271	2251	2.1	39.2
Query_8863	XM_019029654.2	100.000	21	0	0	1	21	2375	2355	2.1	39.2
Query_8863	XM_031012164.1	100.000	21	0	0	1	21	2205	2185	2.1	39.2
Query_8863	XM_031012163.1	100.000	21	0	0	1	21	2348	2328	2.1	39.2
Query_8863	XM_019029653.2	100.000	21	0	0	1	21	2414	2394	2.1	39.2
Query_8863	XM_031012162.1	100.000	21	0	0	1	21	2271	2251	2.1	39.2
Query_8863	XM_030795985.1	100.000	21	0	0	1	21	2226	2206	2.1	39.2
Query_8863	XM_030795984.1	100.000	21	0	0	1	21	2317	2297	2.1	39.2
Query_8863	XM_030795983.1	100.000	21	0	0	1	21	2353	2333	2.1	39.2
Query_8863	XM_030795982.1	100.000	21	0	0	1	21	2271	2251	2.1	39.2
Query_8863	NM_018426.3	100.000	21	0	0	1	21	2277	2257	2.1	39.2
Query_8863	XM_024446482.1	100.000	21	0	0	1	21	2545	2525	2.1	39.2
Query_8863	XM_009451354.3	100.000	21	0	0	1	21	2349	2329	2.1	39.2
Query_8863	XM_016955600.2	100.000	21	0	0	1	21	2318	2298	2.1	39.2
Query_8863	XM_016955605.2	100.000	21	0	0	1	21	2498	2478	2.1	39.2
Query_8863	XM_024357229.1	100.000	21	0	0	1	21	2215	2195	2.1	39.2
Query_8863	XM_016955604.2	100.000	21	0	0	1	21	2328	2308	2.1	39.2
Query_8863	XM_016955603.2	100.000	21	0	0	1	21	2538	2518	2.1	39.2
Query_8863	XM_016955602.2	100.000	21	0	0	1	21	2271	2251	2.1	39.2
Query_8863	XM_016955601.2	100.000	21	0	0	1	21	2607	2587	2.1	39.2
Query_8863	XM_024248597.1	100.000	21	0	0	1	21	2345	2325	2.1	39.2
Query_8863	XM_024248596.1	100.000	21	0	0	1	21	2186	2166	2.1	39.2
Query_8863	XM_024248595.1	100.000	21	0	0	1	21	2348	2328	2.1	39.2
Query_8863	XM_024248594.1	100.000	21	0	0	1	21	2629	2609	2.1	39.2
Query_8863	XM_024248593.1	100.000	21	0	0	1	21	2269	2249	2.1	39.2
Query_8863	XM_012448751.2	100.000	21	0	0	1	21	2160	2140	2.1	39.2
Query_8863	XM_021676053.1	100.000	21	0	0	1	21	2297	2277	2.1	39.2
Query_8863	XM_017011002.1	100.000	21	0	0	1	21	2318	2298	2.1	39.2
Query_8863	XM_017011001.1	100.000	21	0	0	1	21	2215	2195	2.1	39.2
Query_8863	XM_005249215.4	100.000	21	0	0	1	21	2476	2456	2.1	39.2
Query_8863	XM_005249214.4	100.000	21	0	0	1	21	2171	2151	2.1	39.2
Query_8863	XM_017011000.1	100.000	21	0	0	1	21	2515	2495	2.1	39.2
Query_8863	XM_005249213.4	100.000	21	0	0	1	21	2584	2564	2.1	39.2
Query_8863	XM_017010999.1	100.000	21	0	0	1	21	2534	2514	2.1	39.2
Query_8863	XM_005249211.3	100.000	21	0	0	1	21	2657	2637	2.1	39.2
Query_8863	NM_001318792.1	100.000	21	0	0	1	21	2311	2291	2.1	39.2
Query_8863	XM_012448752.1	100.000	21	0	0	1	21	2162	2142	2.1	39.2
Query_8863	XM_012448749.1	100.000	21	0	0	1	21	2354	2334	2.1	39.2
Query_8863	XM_012448748.1	100.000	21	0	0	1	21	5062	5042	2.1	39.2
Query_8863	XM_012448747.1	100.000	21	0	0	1	21	2277	2257	2.1	39.2
Query_8863	XM_010333937.1	100.000	21	0	0	1	21	2113	2093	2.1	39.2
Query_8863	XM_006715135.1	100.000	21	0	0	1	21	2333	2313	2.1	39.2
Query_8863	XM_005249217.1	100.000	21	0	0	1	21	2349	2329	2.1	39.2
Query_8863	XM_039466881.1	100.000	21	0	0	1	21	2401	2381	2.1	39.2
Query_8863	XM_010333936.2	100.000	21	0	0	1	21	2451	2431	2.1	39.2
Query_8863	XM_039466875.1	100.000	21	0	0	1	21	2277	2257	2.1	39.2
Query_8863	XM_035295753.1	100.000	21	0	0	1	21	2334	2314	2.1	39.2
Query_8863	XM_035295752.1	100.000	21	0	0	1	21	2257	2237	2.1	39.2
Query_8863	XM_035295750.1	100.000	21	0	0	1	21	2457	2437	2.1	39.2
Query_8863	XM_035295749.1	100.000	21	0	0	1	21	2287	2267	2.1	39.2
Query_8863	XM_035295748.1	100.000	21	0	0	1	21	2301	2281	2.1	39.2
Query_8863	XM_035295747.1	100.000	21	0	0	1	21	2331	2311	2.1	39.2
Query_8863	XM_035295746.1	100.000	21	0	0	1	21	2456	2436	2.1	39.2
Query_8863	XM_035295745.1	100.000	21	0	0	1	21	2306	2286	2.1	39.2
Query_8863	AB587502.1	100.000	21	0	0	1	21	2137	2117	2.1	39.2
Query_8863	BC136769.1	100.000	21	0	0	1	21	2153	2133	2.1	39.2
Query_8863	BC062989.1	100.000	21	0	0	1	21	1103	1083	2.1	39.2
Query_8863	BC022095.1	100.000	21	0	0	1	21	1914	1894	2.1	39.2
Query_8863	CR627460.1	100.000	21	0	0	1	21	2312	2292	2.1	39.2
Query_8863	AL353957.1	100.000	21	0	0	1	21	735	715	2.1	39.2
Query_8863	BC093086.1	100.000	21	0	0	1	21	1958	1938	2.1	39.2


