# blastn
# Iteration: 0
# Query: 
# RID: 6ME717UA016
# Database: nt
# Fields: query acc.ver, subject acc.ver, % identity, alignment length, mismatches, gap opens, q. start, q. end, s. start, s. end, evalue, bit score
# 100 hits found
Query_25733	HG999695.1	100.000	21	0	0	1	21	757486	757506	2.0	39.2
Query_25733	HG999684.1	100.000	21	0	0	1	21	40748152	40748172	2.0	39.2
Query_25733	XM_040271848.1	100.000	21	0	0	1	21	213	193	2.0	39.2
Query_25733	XM_005327276.3	100.000	21	0	0	1	21	213	193	2.0	39.2
Query_25733	XM_005325742.4	100.000	21	0	0	1	21	477	457	2.0	39.2
Query_25733	XM_040293037.1	100.000	21	0	0	1	21	368	348	2.0	39.2
Query_25733	XM_005325741.4	100.000	21	0	0	1	21	505	485	2.0	39.2
Query_25733	XM_040266533.1	100.000	21	0	0	1	21	416	396	2.0	39.2
Query_25733	XM_040239983.1	100.000	21	0	0	1	21	699	679	2.0	39.2
Query_25733	XM_040237783.1	100.000	21	0	0	1	21	225	205	2.0	39.2
Query_25733	XM_040237782.1	100.000	21	0	0	1	21	210	190	2.0	39.2
Query_25733	XR_005720632.1	100.000	21	0	0	1	21	501	481	2.0	39.2
Query_25733	XM_040237780.1	100.000	21	0	0	1	21	597	577	2.0	39.2
Query_25733	XM_040237779.1	100.000	21	0	0	1	21	476	456	2.0	39.2
Query_25733	XM_040237778.1	100.000	21	0	0	1	21	501	481	2.0	39.2
Query_25733	XM_040237777.1	100.000	21	0	0	1	21	612	592	2.0	39.2
Query_25733	XM_040237776.1	100.000	21	0	0	1	21	600	580	2.0	39.2
Query_25733	XM_040237775.1	100.000	21	0	0	1	21	514	494	2.0	39.2
Query_25733	XM_040237774.1	100.000	21	0	0	1	21	490	470	2.0	39.2
Query_25733	XM_040237773.1	100.000	21	0	0	1	21	513	493	2.0	39.2
Query_25733	XM_040237772.1	100.000	21	0	0	1	21	376	356	2.0	39.2
Query_25733	XM_040237771.1	100.000	21	0	0	1	21	435	415	2.0	39.2
Query_25733	XM_040237769.1	100.000	21	0	0	1	21	514	494	2.0	39.2
Query_25733	XM_040237768.1	100.000	21	0	0	1	21	488	468	2.0	39.2
Query_25733	XM_040237767.1	100.000	21	0	0	1	21	501	481	2.0	39.2
Query_25733	XM_040137245.1	100.000	21	0	0	1	21	696	676	2.0	39.2
Query_25733	XM_040063893.1	100.000	21	0	0	1	21	250	230	2.0	39.2
Query_25733	XM_040063892.1	100.000	21	0	0	1	21	464	444	2.0	39.2
Query_25733	XM_040063891.1	100.000	21	0	0	1	21	577	557	2.0	39.2
Query_25733	XM_040078036.1	100.000	21	0	0	1	21	342	322	2.0	39.2
Query_25733	HG994414.1	100.000	21	0	0	1	21	17435219	17435199	2.0	39.2
Query_25733	HG994404.1	100.000	21	0	0	1	21	45910510	45910530	2.0	39.2
Query_25733	XM_039836278.1	100.000	21	0	0	1	21	592	572	2.0	39.2
Query_25733	XM_039836277.1	100.000	21	0	0	1	21	832	812	2.0	39.2
Query_25733	XM_039848730.1	100.000	21	0	0	1	21	559	539	2.0	39.2
Query_25733	XM_039848729.1	100.000	21	0	0	1	21	491	471	2.0	39.2
Query_25733	XM_039848728.1	100.000	21	0	0	1	21	475	455	2.0	39.2
Query_25733	XM_039848727.1	100.000	21	0	0	1	21	486	466	2.0	39.2
Query_25733	XM_039848726.1	100.000	21	0	0	1	21	668	648	2.0	39.2
Query_25733	XM_039848725.1	100.000	21	0	0	1	21	502	482	2.0	39.2
Query_25733	XM_039759226.1	100.000	21	0	0	1	21	522	502	2.0	39.2
Query_25733	XM_039759225.1	100.000	21	0	0	1	21	526	506	2.0	39.2
Query_25733	XM_039773987.1	100.000	21	0	0	1	21	521	501	2.0	39.2
Query_25733	XM_039773986.1	100.000	21	0	0	1	21	523	503	2.0	39.2
Query_25733	XM_039701993.1	100.000	21	0	0	1	21	817	797	2.0	39.2
Query_25733	XM_039701151.1	100.000	21	0	0	1	21	329	309	2.0	39.2
Query_25733	XM_039550791.1	100.000	21	0	0	1	21	859	839	2.0	39.2
Query_25733	XM_039559556.1	100.000	21	0	0	1	21	306	286	2.0	39.2
Query_25733	XM_039484751.1	100.000	21	0	0	1	21	543	523	2.0	39.2
Query_25733	XM_039484750.1	100.000	21	0	0	1	21	529	509	2.0	39.2
Query_25733	XM_039484749.1	100.000	21	0	0	1	21	543	523	2.0	39.2
Query_25733	XR_005583690.1	100.000	21	0	0	1	21	549	529	2.0	39.2
Query_25733	XM_039484748.1	100.000	21	0	0	1	21	294	274	2.0	39.2
Query_25733	XM_039484747.1	100.000	21	0	0	1	21	582	562	2.0	39.2
Query_25733	XM_039540234.1	100.000	21	0	0	1	21	756	736	2.0	39.2
Query_25733	XM_039472325.1	100.000	21	0	0	1	21	385	365	2.0	39.2
Query_25733	XM_003929504.3	100.000	21	0	0	1	21	577	557	2.0	39.2
Query_25733	XM_003929505.3	100.000	21	0	0	1	21	704	684	2.0	39.2
Query_25733	XM_003929502.3	100.000	21	0	0	1	21	512	492	2.0	39.2
Query_25733	XM_010340110.2	100.000	21	0	0	1	21	577	557	2.0	39.2
Query_25733	XM_010340111.2	100.000	21	0	0	1	21	704	684	2.0	39.2
Query_25733	XM_010340109.2	100.000	21	0	0	1	21	512	492	2.0	39.2
Query_25733	XM_039468319.1	100.000	21	0	0	1	21	848	828	2.0	39.2
Query_25733	XM_027736681.2	100.000	21	0	0	1	21	268	248	2.0	39.2
Query_25733	XM_027736680.2	100.000	21	0	0	1	21	361	341	2.0	39.2
Query_25733	XM_027717876.2	100.000	21	0	0	1	21	808	788	2.0	39.2
Query_25733	XM_039220817.1	100.000	21	0	0	1	21	421	401	2.0	39.2
Query_25733	XM_039220816.1	100.000	21	0	0	1	21	473	453	2.0	39.2
Query_25733	XM_039220815.1	100.000	21	0	0	1	21	452	432	2.0	39.2
Query_25733	XM_039252740.1	100.000	21	0	0	1	21	247	227	2.0	39.2
Query_25733	XM_039252739.1	100.000	21	0	0	1	21	673	653	2.0	39.2
Query_25733	LR991644.1	100.000	21	0	0	1	21	7105116	7105096	2.0	39.2
Query_25733	LR699034.1	100.000	21	0	0	1	21	22459393	22459373	2.0	39.2
Query_25733	CP068258.1	100.000	21	0	0	1	21	5333590	5333610	2.0	39.2
Query_25733	XM_006233338.3	100.000	21	0	0	1	21	486	466	2.0	39.2
Query_25733	XM_006233337.3	100.000	21	0	0	1	21	660	640	2.0	39.2
Query_25733	XM_006233336.4	100.000	21	0	0	1	21	507	487	2.0	39.2
Query_25733	XM_006233335.3	100.000	21	0	0	1	21	486	466	2.0	39.2
Query_25733	XM_006233334.3	100.000	21	0	0	1	21	630	610	2.0	39.2
Query_25733	XM_006233333.3	100.000	21	0	0	1	21	507	487	2.0	39.2
Query_25733	XM_038444267.1	100.000	21	0	0	1	21	490	470	2.0	39.2
Query_25733	XM_038444266.1	100.000	21	0	0	1	21	509	489	2.0	39.2
Query_25733	XM_038444265.1	100.000	21	0	0	1	21	486	466	2.0	39.2
Query_25733	XM_038444264.1	100.000	21	0	0	1	21	478	458	2.0	39.2
Query_25733	XM_038444263.1	100.000	21	0	0	1	21	492	472	2.0	39.2
Query_25733	XM_038444262.1	100.000	21	0	0	1	21	517	497	2.0	39.2
Query_25733	XM_038444261.1	100.000	21	0	0	1	21	509	489	2.0	39.2
Query_25733	XM_038462042.1	100.000	21	0	0	1	21	490	470	2.0	39.2
Query_25733	XM_005642458.4	100.000	21	0	0	1	21	509	489	2.0	39.2
Query_25733	XM_038462041.1	100.000	21	0	0	1	21	486	466	2.0	39.2
Query_25733	XM_038462040.1	100.000	21	0	0	1	21	479	459	2.0	39.2
Query_25733	XM_038462039.1	100.000	21	0	0	1	21	492	472	2.0	39.2
Query_25733	XM_038462038.1	100.000	21	0	0	1	21	513	493	2.0	39.2
Query_25733	XM_038462037.1	100.000	21	0	0	1	21	509	489	2.0	39.2
Query_25733	XM_038773623.1	100.000	21	0	0	1	21	348	328	2.0	39.2
Query_25733	XM_038773622.1	100.000	21	0	0	1	21	368	348	2.0	39.2
Query_25733	XM_038773621.1	100.000	21	0	0	1	21	391	371	2.0	39.2
Query_25733	XM_038773620.1	100.000	21	0	0	1	21	459	439	2.0	39.2
Query_25733	XM_038773617.1	100.000	21	0	0	1	21	311	291	2.0	39.2
Query_25733	XM_038773616.1	100.000	21	0	0	1	21	444	424	2.0	39.2


