# blastn
# Iteration: 0
# Query: 
# RID: 6MNU6YCN016
# Database: nt
# Fields: query acc.ver, subject acc.ver, % identity, alignment length, mismatches, gap opens, q. start, q. end, s. start, s. end, evalue, bit score
# 53 hits found
Query_34825	XM_034960512.1	100.000	21	0	0	1	21	148	128	2.0	39.2
Query_34825	XM_003829274.3	100.000	21	0	0	1	21	148	128	2.0	39.2
Query_34825	XM_033181205.1	100.000	21	0	0	1	21	1005	985	2.0	39.2
Query_34825	XM_032251637.1	100.000	21	0	0	1	21	497	477	2.0	39.2
Query_34825	XM_032251564.1	100.000	21	0	0	1	21	497	477	2.0	39.2
Query_34825	XM_023196017.2	100.000	21	0	0	1	21	470	450	2.0	39.2
Query_34825	NM_001194433.3	100.000	21	0	0	1	21	479	459	2.0	39.2
Query_34825	XM_021939692.2	100.000	21	0	0	1	21	492	472	2.0	39.2
Query_34825	XM_003900106.3	100.000	21	0	0	1	21	492	472	2.0	39.2
Query_34825	XM_031010702.1	100.000	21	0	0	1	21	470	450	2.0	39.2
Query_34825	XM_003266384.3	100.000	21	0	0	1	21	477	457	2.0	39.2
Query_34825	NM_003337.4	100.000	21	0	0	1	21	81	61	2.0	39.2
Query_34825	XM_025388144.1	100.000	21	0	0	1	21	491	471	2.0	39.2
Query_34825	XM_025388143.1	100.000	21	0	0	1	21	491	471	2.0	39.2
Query_34825	XM_011716582.2	100.000	21	0	0	1	21	93	73	2.0	39.2
Query_34825	XM_011716581.2	100.000	21	0	0	1	21	468	448	2.0	39.2
Query_34825	XM_016953844.2	100.000	21	0	0	1	21	147	127	2.0	39.2
Query_34825	XM_517935.4	100.000	21	0	0	1	21	470	450	2.0	39.2
Query_34825	LT734769.1	100.000	21	0	0	1	21	541	521	2.0	39.2
Query_34825	XM_017871979.1	100.000	21	0	0	1	21	195	175	2.0	39.2
Query_34825	XM_012440436.1	100.000	21	0	0	1	21	209	189	2.0	39.2
Query_34825	XR_001019994.1	100.000	21	0	0	1	21	498	478	2.0	39.2
Query_34825	XM_012090260.1	100.000	21	0	0	1	21	92	72	2.0	39.2
Query_34825	XM_011969215.1	100.000	21	0	0	1	21	494	474	2.0	39.2
Query_34825	XM_011969214.1	100.000	21	0	0	1	21	494	474	2.0	39.2
Query_34825	XM_011958808.1	100.000	21	0	0	1	21	496	476	2.0	39.2
Query_34825	XM_011948660.1	100.000	21	0	0	1	21	54	34	2.0	39.2
Query_34825	XM_011948659.1	100.000	21	0	0	1	21	79	59	2.0	39.2
Query_34825	XM_010359943.1	100.000	21	0	0	1	21	195	175	2.0	39.2
Query_34825	XM_002815889.3	100.000	21	0	0	1	21	485	465	2.0	39.2
Query_34825	KJ892340.1	100.000	21	0	0	1	21	119	99	2.0	39.2
Query_34825	XM_010338704.2	100.000	21	0	0	1	21	212	192	2.0	39.2
Query_34825	XM_010338699.2	100.000	21	0	0	1	21	211	191	2.0	39.2
Query_34825	XM_008014440.2	100.000	21	0	0	1	21	488	468	2.0	39.2
Query_34825	XM_008014439.2	100.000	21	0	0	1	21	488	468	2.0	39.2
Query_34825	XM_017532387.2	100.000	21	0	0	1	21	148	128	2.0	39.2
Query_34825	XM_017532386.2	100.000	21	0	0	1	21	204	184	2.0	39.2
Query_34825	XM_008984915.4	100.000	21	0	0	1	21	499	479	2.0	39.2
Query_34825	XM_002744157.6	100.000	21	0	0	1	21	499	479	2.0	39.2
Query_34825	AB590169.1	100.000	21	0	0	1	21	63	43	2.0	39.2
Query_34825	AK312012.1	100.000	21	0	0	1	21	138	118	2.0	39.2
Query_34825	DQ896387.2	100.000	21	0	0	1	21	76	56	2.0	39.2
Query_34825	DQ893113.2	100.000	21	0	0	1	21	76	56	2.0	39.2
Query_34825	NM_001285819.1	100.000	21	0	0	1	21	87	67	2.0	39.2
Query_34825	BC005979.1	100.000	21	0	0	1	21	81	61	2.0	39.2
Query_34825	BT008091.1	100.000	21	0	0	1	21	54	34	2.0	39.2
Query_34825	BT007071.1	100.000	21	0	0	1	21	54	34	2.0	39.2
Query_34825	CR407634.1	100.000	21	0	0	1	21	54	34	2.0	39.2
Query_34825	AY893437.1	100.000	21	0	0	1	21	54	34	2.0	39.2
Query_34825	BC008470.1	100.000	21	0	0	1	21	141	121	2.0	39.2
Query_34825	BC008404.1	100.000	21	0	0	1	21	141	121	2.0	39.2
Query_34825	M74525.1	100.000	21	0	0	1	21	475	455	2.0	39.2
Query_34825	X53251.1	100.000	21	0	0	1	21	92	72	2.0	39.2


