# blastn
# Iteration: 0
# Query: 
# RID: 72K65067016
# Database: nt
# Fields: query acc.ver, subject acc.ver, % identity, alignment length, mismatches, gap opens, q. start, q. end, s. start, s. end, evalue, bit score
# 100 hits found
Query_27919	XM_035027437.1	100.000	21	0	0	1	21	478	458	2.1	39.2
Query_27919	XM_003828171.2	100.000	21	0	0	1	21	308	288	2.1	39.2
Query_27919	AP023165.1	100.000	21	0	0	1	21	44115194	44115214	2.1	39.2
Query_27919	XM_019800199.2	100.000	21	0	0	1	21	261	241	2.1	39.2
Query_27919	XM_033847962.1	100.000	21	0	0	1	21	295	275	2.1	39.2
Query_27919	CP050593.1	100.000	21	0	0	1	21	19169084	19169064	2.1	39.2
Query_27919	CP050635.1	100.000	21	0	0	1	21	19173000	19172980	2.1	39.2
Query_27919	XM_033182838.1	100.000	21	0	0	1	21	264	244	2.1	39.2
Query_27919	XM_033088999.1	100.000	21	0	0	1	21	333	313	2.1	39.2
Query_27919	XM_032396643.1	100.000	21	0	0	1	21	264	244	2.1	39.2
Query_27919	XM_032279486.1	100.000	21	0	0	1	21	2406	2386	2.1	39.2
Query_27919	XM_032163779.1	100.000	21	0	0	1	21	308	288	2.1	39.2
Query_27919	XM_023191497.3	100.000	21	0	0	1	21	308	288	2.1	39.2
Query_27919	NM_001194608.2	100.000	21	0	0	1	21	282	262	2.1	39.2
Query_27919	XM_003913140.4	100.000	21	0	0	1	21	2524	2504	2.1	39.2
Query_27919	XM_010376233.2	100.000	21	0	0	1	21	280	260	2.1	39.2
Query_27919	XM_030848975.1	100.000	21	0	0	1	21	282	262	2.1	39.2
Query_27919	XM_030848974.1	100.000	21	0	0	1	21	295	275	2.1	39.2
Query_27919	XM_003270772.2	100.000	21	0	0	1	21	308	288	2.1	39.2
Query_27919	XM_022565170.2	100.000	21	0	0	1	21	505	485	2.1	39.2
Query_27919	XM_030294706.1	100.000	21	0	0	1	21	261	241	2.1	39.2
Query_27919	XM_029926925.1	100.000	21	0	0	1	21	292	272	2.1	39.2
Query_27919	XM_029212625.1	100.000	21	0	0	1	21	295	275	2.1	39.2
Query_27919	AY358627.2	100.000	21	0	0	1	21	297	277	2.1	39.2
Query_27919	XM_007127969.2	100.000	21	0	0	1	21	301	281	2.1	39.2
Query_27919	NM_025237.3	100.000	21	0	0	1	21	314	294	2.1	39.2
Query_27919	XM_027098941.1	100.000	21	0	0	1	21	328	308	2.1	39.2
Query_27919	XM_027098940.1	100.000	21	0	0	1	21	316	296	2.1	39.2
Query_27919	XM_027048934.1	100.000	21	0	0	1	21	2842	2822	2.1	39.2
Query_27919	XM_026512270.1	100.000	21	0	0	1	21	264	244	2.1	39.2
Query_27919	XM_026412429.1	100.000	21	0	0	1	21	277	257	2.1	39.2
Query_27919	XM_008149295.2	100.000	21	0	0	1	21	443	423	2.1	39.2
Query_27919	XM_015098809.2	100.000	21	0	0	1	21	371	351	2.1	39.2
Query_27919	XM_027947155.1	100.000	21	0	0	1	21	261	241	2.1	39.2
Query_27919	XM_027870326.1	100.000	21	0	0	1	21	264	244	2.1	39.2
Query_27919	CP034495.1	100.000	21	0	0	1	21	41833088	41833108	2.1	39.2
Query_27919	XM_027517099.1	100.000	21	0	0	1	21	1175	1155	2.1	39.2
Query_27919	XM_025986939.1	100.000	21	0	0	1	21	418	398	2.1	39.2
Query_27919	XM_025917641.1	100.000	21	0	0	1	21	261	241	2.1	39.2
Query_27919	XM_025363041.1	100.000	21	0	0	1	21	305	285	2.1	39.2
Query_27919	XM_006046841.2	100.000	21	0	0	1	21	1093	1073	2.1	39.2
Query_27919	NM_001166514.2	100.000	21	0	0	1	21	302	282	2.1	39.2
Query_27919	XM_001153653.5	100.000	21	0	0	1	21	411	391	2.1	39.2
Query_27919	CP027087.1	100.000	21	0	0	1	21	43504746	43504766	2.1	39.2
Query_27919	XM_002827467.3	100.000	21	0	0	1	21	305	285	2.1	39.2
Query_27919	XM_006092295.3	100.000	21	0	0	1	21	310	290	2.1	39.2
Query_27919	XM_001917501.5	100.000	21	0	0	1	21	2548	2528	2.1	39.2
Query_27919	XM_011377213.2	100.000	21	0	0	1	21	299	279	2.1	39.2
Query_27919	XM_004468011.2	100.000	21	0	0	1	21	272	252	2.1	39.2
Query_27919	XM_003786295.3	100.000	21	0	0	1	21	264	244	2.1	39.2
Query_27919	XM_011289261.3	100.000	21	0	0	1	21	3235	3215	2.1	39.2
Query_27919	XM_021681649.1	100.000	21	0	0	1	21	264	244	2.1	39.2
Query_27919	XM_003131361.3	100.000	21	0	0	1	21	630	610	2.1	39.2
Query_27919	XM_020972735.1	100.000	21	0	0	1	21	301	281	2.1	39.2
Query_27919	XM_020888973.1	100.000	21	0	0	1	21	261	241	2.1	39.2
Query_27919	LT735545.1	100.000	21	0	0	1	21	751	731	2.1	39.2
Query_27919	XM_020180444.1	100.000	21	0	0	1	21	280	260	2.1	39.2
Query_27919	XM_019981332.1	100.000	21	0	0	1	21	1092	1072	2.1	39.2
Query_27919	XM_019665562.1	100.000	21	0	0	1	21	343	323	2.1	39.2
Query_27919	XM_019434924.1	100.000	21	0	0	1	21	2839	2819	2.1	39.2
Query_27919	XM_018065180.1	100.000	21	0	0	1	21	292	272	2.1	39.2
Query_27919	XM_017892802.1	100.000	21	0	0	1	21	305	285	2.1	39.2
Query_27919	XM_001362146.3	100.000	21	0	0	1	21	918	898	2.1	39.2
Query_27919	XM_006910090.2	100.000	21	0	0	1	21	280	260	2.1	39.2
Query_27919	XM_006776900.2	100.000	21	0	0	1	21	292	272	2.1	39.2
Query_27919	XM_015495879.1	100.000	21	0	0	1	21	282	262	2.1	39.2
Query_27919	XM_005584371.2	100.000	21	0	0	1	21	315	295	2.1	39.2
Query_27919	XM_014849316.1	100.000	21	0	0	1	21	864	844	2.1	39.2
Query_27919	XM_004432532.2	100.000	21	0	0	1	21	823	803	2.1	39.2
Query_27919	XM_005875784.2	100.000	21	0	0	1	21	294	274	2.1	39.2
Query_27919	XM_012786643.1	100.000	21	0	0	1	21	562	542	2.1	39.2
Query_27919	XM_012659081.1	100.000	21	0	0	1	21	304	284	2.1	39.2
Query_27919	XM_011720549.1	100.000	21	0	0	1	21	2458	2438	2.1	39.2
Query_27919	XM_012057895.1	100.000	21	0	0	1	21	2467	2447	2.1	39.2
Query_27919	XM_011940053.1	100.000	21	0	0	1	21	305	285	2.1	39.2
Query_27919	XM_008542409.1	100.000	21	0	0	1	21	864	844	2.1	39.2
Query_27919	XM_040497706.1	100.000	21	0	0	1	21	2808	2788	2.1	39.2
Query_27919	XM_005328089.3	100.000	21	0	0	1	21	360	340	2.1	39.2
Query_27919	XM_040245214.1	100.000	21	0	0	1	21	451	431	2.1	39.2
Query_27919	HG994394.1	100.000	21	0	0	1	21	41713933	41713953	2.1	39.2
Query_27919	XM_039846848.1	100.000	21	0	0	1	21	299	279	2.1	39.2
Query_27919	XM_003943647.2	100.000	21	0	0	1	21	308	288	2.1	39.2
Query_27919	XM_039220888.1	100.000	21	0	0	1	21	316	296	2.1	39.2
Query_27919	CP068261.1	100.000	21	0	0	1	21	44608569	44608589	2.1	39.2
Query_27919	XM_038675186.1	100.000	21	0	0	1	21	460	440	2.1	39.2
Query_27919	XM_548071.7	100.000	21	0	0	1	21	460	440	2.1	39.2
Query_27919	XM_008012517.2	100.000	21	0	0	1	21	292	272	2.1	39.2
Query_27919	XM_017516182.2	100.000	21	0	0	1	21	2100	2080	2.1	39.2
Query_27919	XM_037491595.1	100.000	21	0	0	1	21	350	330	2.1	39.2
Query_27919	XM_037144680.1	100.000	21	0	0	1	21	264	244	2.1	39.2
Query_27919	XM_017645453.2	100.000	21	0	0	1	21	6913	6893	2.1	39.2
Query_27919	XM_036883228.1	100.000	21	0	0	1	21	2821	2801	2.1	39.2
Query_27919	XM_036837604.1	100.000	21	0	0	1	21	295	275	2.1	39.2
Query_27919	XM_036341020.1	100.000	21	0	0	1	21	295	275	2.1	39.2
Query_27919	XM_016139657.2	100.000	21	0	0	1	21	6570	6550	2.1	39.2
Query_27919	AP023477.1	100.000	21	0	0	1	21	41451759	41451779	2.1	39.2
Query_27919	XM_036071304.1	100.000	21	0	0	1	21	475	455	2.1	39.2
Query_27919	XM_028521821.2	100.000	21	0	0	1	21	338	318	2.1	39.2
Query_27919	XM_025440522.2	100.000	21	0	0	1	21	460	440	2.1	39.2
Query_27919	XM_035303470.1	100.000	21	0	0	1	21	344	324	2.1	39.2


