# blastn
# Iteration: 0
# Query: 
# RID: 6S0AFRJD013
# Database: nt
# Fields: query acc.ver, subject acc.ver, % identity, alignment length, mismatches, gap opens, q. start, q. end, s. start, s. end, evalue, bit score
# 61 hits found
Query_386697	XM_003811844.2	100.000	21	0	0	1	21	351	331	2.1	39.2
Query_386697	XM_033196559.1	100.000	21	0	0	1	21	476	456	2.1	39.2
Query_386697	XM_033233047.1	100.000	21	0	0	1	21	226	206	2.1	39.2
Query_386697	XM_032161224.1	100.000	21	0	0	1	21	486	466	2.1	39.2
Query_386697	XM_023214308.2	100.000	21	0	0	1	21	443	423	2.1	39.2
Query_386697	XR_004184786.1	100.000	21	0	0	1	21	174	154	2.1	39.2
Query_386697	XM_031011621.1	100.000	21	0	0	1	21	467	447	2.1	39.2
Query_386697	XM_010367119.2	100.000	21	0	0	1	21	579	559	2.1	39.2
Query_386697	XR_749097.2	100.000	21	0	0	1	21	154	134	2.1	39.2
Query_386697	XR_750211.2	100.000	21	0	0	1	21	168	148	2.1	39.2
Query_386697	XM_030824091.1	100.000	21	0	0	1	21	487	467	2.1	39.2
Query_386697	XR_012770.4	100.000	21	0	0	1	21	155	135	2.1	39.2
Query_386697	XM_028826846.1	100.000	21	0	0	1	21	387	367	2.1	39.2
Query_386697	XM_015113807.2	100.000	21	0	0	1	21	353	333	2.1	39.2
Query_386697	XM_015113815.2	100.000	21	0	0	1	21	307	287	2.1	39.2
Query_386697	NM_016406.4	100.000	21	0	0	1	21	174	154	2.1	39.2
Query_386697	XM_023185092.2	100.000	21	0	0	1	21	184	164	2.1	39.2
Query_386697	XR_003120460.1	100.000	21	0	0	1	21	154	134	2.1	39.2
Query_386697	XM_011770131.2	100.000	21	0	0	1	21	245	225	2.1	39.2
Query_386697	XM_017001450.2	100.000	21	0	0	1	21	304	284	2.1	39.2
Query_386697	XM_002809897.3	100.000	21	0	0	1	21	464	444	2.1	39.2
Query_386697	XM_023214307.1	100.000	21	0	0	1	21	464	444	2.1	39.2
Query_386697	XM_012449634.2	100.000	21	0	0	1	21	455	435	2.1	39.2
Query_386697	XM_012449633.2	100.000	21	0	0	1	21	465	445	2.1	39.2
Query_386697	LT734974.1	100.000	21	0	0	1	21	641	621	2.1	39.2
Query_386697	XM_018231711.1	100.000	21	0	0	1	21	240	220	2.1	39.2
Query_386697	XR_001884047.1	100.000	21	0	0	1	21	182	162	2.1	39.2
Query_386697	XM_017860834.1	100.000	21	0	0	1	21	469	449	2.1	39.2
Query_386697	XR_001884737.1	100.000	21	0	0	1	21	164	144	2.1	39.2
Query_386697	XM_017001451.1	100.000	21	0	0	1	21	517	497	2.1	39.2
Query_386697	XR_001492658.1	100.000	21	0	0	1	21	154	134	2.1	39.2
Query_386697	XM_015452762.1	100.000	21	0	0	1	21	457	437	2.1	39.2
Query_386697	XM_012449632.1	100.000	21	0	0	1	21	463	443	2.1	39.2
Query_386697	XR_978895.1	100.000	21	0	0	1	21	154	134	2.1	39.2
Query_386697	XM_011770130.1	100.000	21	0	0	1	21	315	295	2.1	39.2
Query_386697	XR_001018749.1	100.000	21	0	0	1	21	154	134	2.1	39.2
Query_386697	XM_012067544.1	100.000	21	0	0	1	21	464	444	2.1	39.2
Query_386697	XM_011957583.1	100.000	21	0	0	1	21	469	449	2.1	39.2
Query_386697	XR_001007306.1	100.000	21	0	0	1	21	154	134	2.1	39.2
Query_386697	XM_011976265.1	100.000	21	0	0	1	21	469	449	2.1	39.2
Query_386697	XM_513937.5	100.000	21	0	0	1	21	462	442	2.1	39.2
Query_386697	XM_008984761.1	100.000	21	0	0	1	21	435	415	2.1	39.2
Query_386697	KJ898907.1	100.000	21	0	0	1	21	219	199	2.1	39.2
Query_386697	XM_005245254.1	100.000	21	0	0	1	21	360	340	2.1	39.2
Query_386697	XM_037984472.1	100.000	21	0	0	1	21	154	134	2.1	39.2
Query_386697	XM_007976437.2	100.000	21	0	0	1	21	361	341	2.1	39.2
Query_386697	XM_035279447.1	100.000	21	0	0	1	21	527	507	2.1	39.2
Query_386697	XM_035279446.1	100.000	21	0	0	1	21	484	464	2.1	39.2
Query_386697	XM_002760186.4	100.000	21	0	0	1	21	371	351	2.1	39.2
Query_386697	XM_035279445.1	100.000	21	0	0	1	21	519	499	2.1	39.2
Query_386697	XM_035279443.1	100.000	21	0	0	1	21	465	445	2.1	39.2
Query_386697	AK311562.1	100.000	21	0	0	1	21	124	104	2.1	39.2
Query_386697	AK292776.1	100.000	21	0	0	1	21	360	340	2.1	39.2
Query_386697	DQ896457.2	100.000	21	0	0	1	21	176	156	2.1	39.2
Query_386697	DQ893161.2	100.000	21	0	0	1	21	176	156	2.1	39.2
Query_386697	BC005187.1	100.000	21	0	0	1	21	400	380	2.1	39.2
Query_386697	AL590714.27	100.000	21	0	0	1	21	12160	12140	2.1	39.2
Query_386697	AB154405.1	100.000	21	0	0	1	21	154	134	2.1	39.2
Query_386697	AF161504.1	100.000	21	0	0	1	21	394	374	2.1	39.2
Query_386697	AF151884.1	100.000	21	0	0	1	21	375	355	2.1	39.2
Query_386697	XM_001246816.2	100.000	20	0	0	2	21	624	605	7.2	37.4


