# blastn
# Iteration: 0
# Query: 
# RID: 6ZXPTMNH01R
# Database: nt
# Fields: query acc.ver, subject acc.ver, % identity, alignment length, mismatches, gap opens, q. start, q. end, s. start, s. end, evalue, bit score
# 49 hits found
Query_449209	XM_032944874.1	100.000	21	0	0	1	21	1749	1729	2.0	39.2
Query_449209	XM_032944869.1	100.000	21	0	0	1	21	1136	1116	2.0	39.2
Query_449209	XM_032944868.1	100.000	21	0	0	1	21	2062	2042	2.0	39.2
Query_449209	XM_032944864.1	100.000	21	0	0	1	21	1080	1060	2.0	39.2
Query_449209	XM_032944856.1	100.000	21	0	0	1	21	1083	1063	2.0	39.2
Query_449209	XM_032944847.1	100.000	21	0	0	1	21	1080	1060	2.0	39.2
Query_449209	XM_032944840.1	100.000	21	0	0	1	21	1083	1063	2.0	39.2
Query_449209	XM_032944832.1	100.000	21	0	0	1	21	1194	1174	2.0	39.2
Query_449209	XM_032944824.1	100.000	21	0	0	1	21	1194	1174	2.0	39.2
Query_449209	XM_032913110.1	100.000	21	0	0	1	21	1208	1188	2.0	39.2
Query_449209	XM_032913109.1	100.000	21	0	0	1	21	1071	1051	2.0	39.2
Query_449209	XM_011607982.2	100.000	21	0	0	1	21	963	943	2.0	39.2
Query_449209	XM_029843186.1	100.000	21	0	0	1	21	1077	1057	2.0	39.2
Query_449209	XM_029843185.1	100.000	21	0	0	1	21	879	859	2.0	39.2
Query_449209	XM_029843184.1	100.000	21	0	0	1	21	1457	1437	2.0	39.2
Query_449209	XM_029843183.1	100.000	21	0	0	1	21	900	880	2.0	39.2
Query_449209	XM_011607981.2	100.000	21	0	0	1	21	1211	1191	2.0	39.2
Query_449209	XM_003968047.3	100.000	21	0	0	1	21	1077	1057	2.0	39.2
Query_449209	XM_029843182.1	100.000	21	0	0	1	21	1182	1162	2.0	39.2
Query_449209	XM_029843181.1	100.000	21	0	0	1	21	1305	1285	2.0	39.2
Query_449209	XM_029843180.1	100.000	21	0	0	1	21	931	911	2.0	39.2
Query_449209	XM_029843179.1	100.000	21	0	0	1	21	1572	1552	2.0	39.2
Query_449209	XM_029843178.1	100.000	21	0	0	1	21	1394	1374	2.0	39.2
Query_449209	XM_011607979.2	100.000	21	0	0	1	21	1397	1377	2.0	39.2
Query_449209	XM_011607978.2	100.000	21	0	0	1	21	1325	1305	2.0	39.2
Query_449209	LR584251.2	100.000	21	0	0	1	21	8170722	8170742	2.0	39.2
Query_449209	BK006356.1	100.000	21	0	0	1	21	900	880	2.0	39.2
Query_449209	BK006355.1	100.000	21	0	0	1	21	864	844	2.0	39.2
Query_449209	BK006354.1	100.000	21	0	0	1	21	879	859	2.0	39.2
Query_449209	BK006352.1	100.000	21	0	0	1	21	900	880	2.0	39.2
Query_449209	BK006351.1	100.000	21	0	0	1	21	864	844	2.0	39.2
Query_449209	BK006350.1	100.000	21	0	0	1	21	879	859	2.0	39.2
Query_449209	NM_017346.2	100.000	21	0	0	1	21	1080	1060	2.0	39.2
Query_449209	XM_039086662.1	100.000	21	0	0	1	21	304	284	2.0	39.2
Query_449209	XM_006247411.4	100.000	21	0	0	1	21	1008	988	2.0	39.2
Query_449209	XM_006247410.3	100.000	21	0	0	1	21	1009	989	2.0	39.2
Query_449209	XM_006247409.4	100.000	21	0	0	1	21	1230	1210	2.0	39.2
Query_449209	XM_017406658.3	100.000	21	0	0	1	21	1520	1500	2.0	39.2
Query_449209	XM_037973038.1	100.000	21	0	0	1	21	1118	1098	2.0	39.2
Query_449209	XM_017406657.3	100.000	21	0	0	1	21	1155	1135	2.0	39.2
Query_449209	XM_017406656.3	100.000	21	0	0	1	21	1163	1143	2.0	39.2
Query_449209	XM_017406655.3	100.000	21	0	0	1	21	1111	1091	2.0	39.2
Query_449209	XM_017406653.3	100.000	21	0	0	1	21	1634	1614	2.0	39.2
Query_449209	XM_037973037.1	100.000	21	0	0	1	21	1223	1203	2.0	39.2
Query_449209	XM_037696395.1	100.000	21	0	0	1	21	827	807	2.0	39.2
Query_449209	BK006353.1	100.000	21	0	0	1	21	924	904	2.0	39.2
Query_449209	BK006349.1	100.000	21	0	0	1	21	924	904	2.0	39.2
Query_449209	X61394.1	100.000	21	0	0	1	21	951	931	2.0	39.2
Query_449209	XM_036519546.1	100.000	20	0	0	2	21	722	703	7.1	37.4


