# blastn
# Iteration: 0
# Query: 
# RID: 6UH808PR013
# Database: nt
# Fields: query acc.ver, subject acc.ver, % identity, alignment length, mismatches, gap opens, q. start, q. end, s. start, s. end, evalue, bit score
# 42 hits found
Query_29543	XM_034958465.1	100.000	21	0	0	1	21	459	439	2.1	39.2
Query_29543	XM_034958464.1	100.000	21	0	0	1	21	570	550	2.1	39.2
Query_29543	XM_032136191.1	100.000	21	0	0	1	21	652	632	2.1	39.2
Query_29543	XM_019025601.2	100.000	21	0	0	1	21	183	163	2.1	39.2
Query_29543	XM_004038573.3	100.000	21	0	0	1	21	648	628	2.1	39.2
Query_29543	XM_030800871.1	100.000	21	0	0	1	21	652	632	2.1	39.2
Query_29543	NM_001312647.2	100.000	21	0	0	1	21	470	450	2.1	39.2
Query_29543	NM_001111112.2	100.000	21	0	0	1	21	558	538	2.1	39.2
Query_29543	NM_001312648.2	100.000	21	0	0	1	21	464	444	2.1	39.2
Query_29543	NM_001111113.2	100.000	21	0	0	1	21	405	385	2.1	39.2
Query_29543	NM_005339.5	100.000	21	0	0	1	21	558	538	2.1	39.2
Query_29543	XM_016950973.2	100.000	21	0	0	1	21	552	532	2.1	39.2
Query_29543	XM_009447486.3	100.000	21	0	0	1	21	493	473	2.1	39.2
Query_29543	XM_009447485.3	100.000	21	0	0	1	21	649	629	2.1	39.2
Query_29543	XM_024245916.1	100.000	21	0	0	1	21	556	536	2.1	39.2
Query_29543	XM_002814684.3	100.000	21	0	0	1	21	653	633	2.1	39.2
Query_29543	LT735837.1	100.000	21	0	0	1	21	853	833	2.1	39.2
Query_29543	XM_014786821.1	100.000	21	0	0	1	21	549	529	2.1	39.2
Query_29543	XM_004418993.2	100.000	21	0	0	1	21	643	623	2.1	39.2
Query_29543	XM_006169234.2	100.000	21	0	0	1	21	585	565	2.1	39.2
Query_29543	KJ891343.1	100.000	21	0	0	1	21	431	411	2.1	39.2
Query_29543	XM_037530494.1	100.000	21	0	0	1	21	279	259	2.1	39.2
Query_29543	XM_037530493.1	100.000	21	0	0	1	21	575	555	2.1	39.2
Query_29543	NM_001246525.1	100.000	21	0	0	1	21	523	503	2.1	39.2
Query_29543	AB527742.1	100.000	21	0	0	1	21	375	355	2.1	39.2
Query_29543	CU690733.1	100.000	21	0	0	1	21	253	273	2.1	39.2
Query_29543	EU446896.1	100.000	21	0	0	1	21	388	368	2.1	39.2
Query_29543	AK315524.1	100.000	21	0	0	1	21	576	556	2.1	39.2
Query_29543	AK307130.1	100.000	21	0	0	1	21	461	441	2.1	39.2
Query_29543	AK291454.1	100.000	21	0	0	1	21	402	382	2.1	39.2
Query_29543	BC022804.1	100.000	21	0	0	1	21	526	506	2.1	39.2
Query_29543	AK093533.1	100.000	21	0	0	1	21	471	451	2.1	39.2
Query_29543	AC105287.5	100.000	21	0	0	1	21	24233	24213	2.1	39.2
Query_29543	BC050600.1	100.000	21	0	0	1	21	504	484	2.1	39.2
Query_29543	AB022436.1	100.000	21	0	0	1	21	299	279	2.1	39.2
Query_29543	AB022435.1	100.000	21	0	0	1	21	452	432	2.1	39.2
Query_29543	U58522.1	100.000	21	0	0	1	21	369	349	2.1	39.2
Query_29543	XM_021242948.1	100.000	20	0	0	2	21	96	77	7.2	37.4
Query_29543	XM_021237975.1	100.000	20	0	0	2	21	374	355	7.2	37.4
Query_29543	XM_021262440.1	100.000	20	0	0	2	21	569	550	7.2	37.4
Query_29543	XM_021262439.1	100.000	20	0	0	2	21	370	351	7.2	37.4
Query_29543	XM_004849823.3	100.000	20	0	0	2	21	665	646	7.2	37.4


