# blastn
# Iteration: 0
# Query: 
# RID: 7RKC905M01R
# Database: nt
# Fields: query acc.ver, subject acc.ver, % identity, alignment length, mismatches, gap opens, q. start, q. end, s. start, s. end, evalue, bit score
# 100 hits found
Query_298099	XM_035007611.1	100.000	21	0	0	1	21	654	634	2.1	39.2
Query_298099	XM_035007610.1	100.000	21	0	0	1	21	906	886	2.1	39.2
Query_298099	XM_035007609.1	100.000	21	0	0	1	21	717	697	2.1	39.2
Query_298099	XM_035007607.1	100.000	21	0	0	1	21	843	823	2.1	39.2
Query_298099	XM_034950155.1	100.000	21	0	0	1	21	510	490	2.1	39.2
Query_298099	XM_003823547.3	100.000	21	0	0	1	21	698	678	2.1	39.2
Query_298099	XM_003823548.3	100.000	21	0	0	1	21	836	816	2.1	39.2
Query_298099	XM_034954600.1	100.000	21	0	0	1	21	852	832	2.1	39.2
Query_298099	XM_034648674.1	100.000	21	0	0	1	21	1008	988	2.1	39.2
Query_298099	XM_034654813.1	100.000	21	0	0	1	21	666	646	2.1	39.2
Query_298099	XM_034654812.1	100.000	21	0	0	1	21	659	639	2.1	39.2
Query_298099	XM_034637349.1	100.000	21	0	0	1	21	482	462	2.1	39.2
Query_298099	XM_019931590.2	100.000	21	0	0	1	21	834	814	2.1	39.2
Query_298099	XM_019931589.2	100.000	21	0	0	1	21	742	722	2.1	39.2
Query_298099	XM_019931588.2	100.000	21	0	0	1	21	852	832	2.1	39.2
Query_298099	XM_019931587.2	100.000	21	0	0	1	21	569	549	2.1	39.2
Query_298099	XM_019931586.2	100.000	21	0	0	1	21	1520	1500	2.1	39.2
Query_298099	XM_019931584.2	100.000	21	0	0	1	21	755	735	2.1	39.2
Query_298099	XM_019931583.2	100.000	21	0	0	1	21	767	747	2.1	39.2
Query_298099	XM_019931582.2	100.000	21	0	0	1	21	487	467	2.1	39.2
Query_298099	XM_019931581.2	100.000	21	0	0	1	21	487	467	2.1	39.2
Query_298099	XM_004267384.3	100.000	21	0	0	1	21	832	812	2.1	39.2
Query_298099	XM_004267385.2	100.000	21	0	0	1	21	740	720	2.1	39.2
Query_298099	XM_033423676.1	100.000	21	0	0	1	21	858	838	2.1	39.2
Query_298099	XM_033423675.1	100.000	21	0	0	1	21	487	467	2.1	39.2
Query_298099	XM_033423674.1	100.000	21	0	0	1	21	487	467	2.1	39.2
Query_298099	XM_033423672.1	100.000	21	0	0	1	21	1501	1481	2.1	39.2
Query_298099	XM_040475549.1	100.000	21	0	0	1	21	511	491	2.1	39.2
Query_298099	XM_040475548.1	100.000	21	0	0	1	21	602	582	2.1	39.2
Query_298099	XM_040294550.1	100.000	21	0	0	1	21	489	469	2.1	39.2
Query_298099	XM_021725967.2	100.000	21	0	0	1	21	819	799	2.1	39.2
Query_298099	XM_040294549.1	100.000	21	0	0	1	21	737	717	2.1	39.2
Query_298099	XM_040294548.1	100.000	21	0	0	1	21	923	903	2.1	39.2
Query_298099	XM_040227739.1	100.000	21	0	0	1	21	706	686	2.1	39.2
Query_298099	XM_040227738.1	100.000	21	0	0	1	21	626	606	2.1	39.2
Query_298099	XM_040227737.1	100.000	21	0	0	1	21	810	790	2.1	39.2
Query_298099	XM_040256951.1	100.000	21	0	0	1	21	550	530	2.1	39.2
Query_298099	HG994416.1	100.000	21	0	0	1	21	26894073	26894053	2.1	39.2
Query_298099	XM_039254350.1	100.000	21	0	0	1	21	580	560	2.1	39.2
Query_298099	XM_039239646.1	100.000	21	0	0	1	21	630	610	2.1	39.2
Query_298099	XM_039239644.1	100.000	21	0	0	1	21	589	569	2.1	39.2
Query_298099	XM_039239643.1	100.000	21	0	0	1	21	803	783	2.1	39.2
Query_298099	XM_038447236.1	100.000	21	0	0	1	21	509	489	2.1	39.2
Query_298099	XM_038447235.1	100.000	21	0	0	1	21	815	795	2.1	39.2
Query_298099	XM_038463393.1	100.000	21	0	0	1	21	509	489	2.1	39.2
Query_298099	XM_038463392.1	100.000	21	0	0	1	21	815	795	2.1	39.2
Query_298099	XM_007965532.2	100.000	21	0	0	1	21	902	882	2.1	39.2
Query_298099	XM_007965531.2	100.000	21	0	0	1	21	832	812	2.1	39.2
Query_298099	XM_007965530.2	100.000	21	0	0	1	21	855	835	2.1	39.2
Query_298099	XM_037735836.1	100.000	21	0	0	1	21	477	457	2.1	39.2
Query_298099	XM_037732749.1	100.000	21	0	0	1	21	556	536	2.1	39.2
Query_298099	XM_017532745.2	100.000	21	0	0	1	21	908	888	2.1	39.2
Query_298099	XM_017532744.2	100.000	21	0	0	1	21	838	818	2.1	39.2
Query_298099	XM_017532743.2	100.000	21	0	0	1	21	917	897	2.1	39.2
Query_298099	XM_037523656.1	100.000	21	0	0	1	21	570	550	2.1	39.2
Query_298099	XM_037523655.1	100.000	21	0	0	1	21	661	641	2.1	39.2
Query_298099	XM_037523654.1	100.000	21	0	0	1	21	560	540	2.1	39.2
Query_298099	XM_037523653.1	100.000	21	0	0	1	21	855	835	2.1	39.2
Query_298099	XM_037000303.1	100.000	21	0	0	1	21	626	606	2.1	39.2
Query_298099	XM_037000302.1	100.000	21	0	0	1	21	621	601	2.1	39.2
Query_298099	XM_037000301.1	100.000	21	0	0	1	21	508	488	2.1	39.2
Query_298099	XM_017668147.2	100.000	21	0	0	1	21	642	622	2.1	39.2
Query_298099	XM_017668146.2	100.000	21	0	0	1	21	763	743	2.1	39.2
Query_298099	XM_037000299.1	100.000	21	0	0	1	21	626	606	2.1	39.2
Query_298099	XM_036879408.1	100.000	21	0	0	1	21	620	600	2.1	39.2
Query_298099	XM_036879407.1	100.000	21	0	0	1	21	508	488	2.1	39.2
Query_298099	XM_036879406.1	100.000	21	0	0	1	21	640	620	2.1	39.2
Query_298099	XM_036879404.1	100.000	21	0	0	1	21	759	739	2.1	39.2
Query_298099	XM_036879403.1	100.000	21	0	0	1	21	810	790	2.1	39.2
Query_298099	XM_036858225.1	100.000	21	0	0	1	21	810	790	2.1	39.2
Query_298099	XM_036858224.1	100.000	21	0	0	1	21	832	812	2.1	39.2
Query_298099	XM_036858223.1	100.000	21	0	0	1	21	735	715	2.1	39.2
Query_298099	XM_036858221.1	100.000	21	0	0	1	21	867	847	2.1	39.2
Query_298099	XR_004969263.1	100.000	21	0	0	1	21	832	812	2.1	39.2
Query_298099	XM_036319158.1	100.000	21	0	0	1	21	817	797	2.1	39.2
Query_298099	XM_036319157.1	100.000	21	0	0	1	21	832	812	2.1	39.2
Query_298099	XM_036268012.1	100.000	21	0	0	1	21	516	496	2.1	39.2
Query_298099	XR_004958629.1	100.000	21	0	0	1	21	637	617	2.1	39.2
Query_298099	XM_036253507.1	100.000	21	0	0	1	21	854	834	2.1	39.2
Query_298099	XR_004958628.1	100.000	21	0	0	1	21	577	557	2.1	39.2
Query_298099	XR_004958627.1	100.000	21	0	0	1	21	637	617	2.1	39.2
Query_298099	XM_036253506.1	100.000	21	0	0	1	21	637	617	2.1	39.2
Query_298099	XR_004958626.1	100.000	21	0	0	1	21	656	636	2.1	39.2
Query_298099	XR_004958625.1	100.000	21	0	0	1	21	637	617	2.1	39.2
Query_298099	XM_036070133.1	100.000	21	0	0	1	21	588	568	2.1	39.2
Query_298099	NM_182678.3	100.000	21	0	0	1	21	706	686	2.1	39.2
Query_298099	NM_001278554.2	100.000	21	0	0	1	21	907	887	2.1	39.2
Query_298099	NM_001278555.2	100.000	21	0	0	1	21	674	654	2.1	39.2
Query_298099	XM_035696433.1	100.000	21	0	0	1	21	502	482	2.1	39.2
Query_298099	XM_035696430.1	100.000	21	0	0	1	21	503	483	2.1	39.2
Query_298099	XM_035696428.1	100.000	21	0	0	1	21	505	485	2.1	39.2
Query_298099	XM_035696425.1	100.000	21	0	0	1	21	509	489	2.1	39.2
Query_298099	XM_025460381.2	100.000	21	0	0	1	21	986	966	2.1	39.2
Query_298099	XM_027591007.2	100.000	21	0	0	1	21	819	799	2.1	39.2
Query_298099	XM_027591006.2	100.000	21	0	0	1	21	669	649	2.1	39.2
Query_298099	XM_027591004.2	100.000	21	0	0	1	21	726	706	2.1	39.2
Query_298099	XM_027591003.2	100.000	21	0	0	1	21	860	840	2.1	39.2
Query_298099	LR862364.1	100.000	21	0	0	1	21	48697600	48697580	2.1	39.2
Query_298099	XM_003733157.3	100.000	21	0	0	1	21	833	813	2.1	39.2
Query_298099	XM_035304362.1	100.000	21	0	0	1	21	975	955	2.1	39.2


