# blastn
# Iteration: 0
# Query: 
# RID: 7RHPJGFK01R
# Database: nt
# Fields: query acc.ver, subject acc.ver, % identity, alignment length, mismatches, gap opens, q. start, q. end, s. start, s. end, evalue, bit score
# 100 hits found
Query_157835	XR_004676345.1	100.000	21	0	0	1	21	562	542	2.1	39.2
Query_157835	XM_034989324.1	100.000	21	0	0	1	21	560	540	2.1	39.2
Query_157835	XM_034941314.1	100.000	21	0	0	1	21	609	589	2.1	39.2
Query_157835	XR_004607085.1	100.000	21	0	0	1	21	917	897	2.1	39.2
Query_157835	XM_034505908.1	100.000	21	0	0	1	21	666	646	2.1	39.2
Query_157835	XM_019926857.2	100.000	21	0	0	1	21	619	599	2.1	39.2
Query_157835	XR_004523990.1	100.000	21	0	0	1	21	622	602	2.1	39.2
Query_157835	XR_004523989.1	100.000	21	0	0	1	21	622	602	2.1	39.2
Query_157835	XM_019926856.2	100.000	21	0	0	1	21	616	596	2.1	39.2
Query_157835	XM_004267021.3	100.000	21	0	0	1	21	619	599	2.1	39.2
Query_157835	XR_004481917.1	100.000	21	0	0	1	21	629	609	2.1	39.2
Query_157835	XR_004481916.1	100.000	21	0	0	1	21	629	609	2.1	39.2
Query_157835	XM_033423172.1	100.000	21	0	0	1	21	624	604	2.1	39.2
Query_157835	XR_004430887.1	100.000	21	0	0	1	21	340	320	2.1	39.2
Query_157835	XR_004430886.1	100.000	21	0	0	1	21	593	573	2.1	39.2
Query_157835	XR_004430885.1	100.000	21	0	0	1	21	563	543	2.1	39.2
Query_157835	XR_004430884.1	100.000	21	0	0	1	21	469	449	2.1	39.2
Query_157835	XR_004430883.1	100.000	21	0	0	1	21	440	420	2.1	39.2
Query_157835	XM_033185036.1	100.000	21	0	0	1	21	624	604	2.1	39.2
Query_157835	XM_033090559.1	100.000	21	0	0	1	21	739	719	2.1	39.2
Query_157835	XM_032914260.1	100.000	21	0	0	1	21	594	574	2.1	39.2
Query_157835	XM_032917405.1	100.000	21	0	0	1	21	319	299	2.1	39.2
Query_157835	XM_032616401.1	100.000	21	0	0	1	21	634	614	2.1	39.2
Query_157835	XM_032498029.1	100.000	21	0	0	1	21	617	597	2.1	39.2
Query_157835	XM_032431655.1	100.000	21	0	0	1	21	616	596	2.1	39.2
Query_157835	XR_004280445.1	100.000	21	0	0	1	21	452	432	2.1	39.2
Query_157835	XM_032320105.1	100.000	21	0	0	1	21	445	425	2.1	39.2
Query_157835	XR_004266175.1	100.000	21	0	0	1	21	696	676	2.1	39.2
Query_157835	XM_032271694.1	100.000	21	0	0	1	21	205	185	2.1	39.2
Query_157835	XM_032138345.1	100.000	21	0	0	1	21	627	607	2.1	39.2
Query_157835	XM_023184506.2	100.000	21	0	0	1	21	615	595	2.1	39.2
Query_157835	XR_004179314.1	100.000	21	0	0	1	21	948	928	2.1	39.2
Query_157835	XR_004179313.1	100.000	21	0	0	1	21	340	320	2.1	39.2
Query_157835	XM_003912123.3	100.000	21	0	0	1	21	618	598	2.1	39.2
Query_157835	XM_017950278.3	100.000	21	0	0	1	21	456	436	2.1	39.2
Query_157835	XM_031469532.1	100.000	21	0	0	1	21	617	597	2.1	39.2
Query_157835	XM_031352752.1	100.000	21	0	0	1	21	671	651	2.1	39.2
Query_157835	XM_006748196.2	100.000	21	0	0	1	21	271	251	2.1	39.2
Query_157835	XM_004058312.3	100.000	21	0	0	1	21	618	598	2.1	39.2
Query_157835	XM_010382186.2	100.000	21	0	0	1	21	618	598	2.1	39.2
Query_157835	XM_030861713.1	100.000	21	0	0	1	21	619	599	2.1	39.2
Query_157835	XR_004040642.1	100.000	21	0	0	1	21	623	603	2.1	39.2
Query_157835	XR_004040641.1	100.000	21	0	0	1	21	623	603	2.1	39.2
Query_157835	XM_030861711.1	100.000	21	0	0	1	21	619	599	2.1	39.2
Query_157835	XM_030800357.1	100.000	21	0	0	1	21	618	598	2.1	39.2
Query_157835	XM_022595421.2	100.000	21	0	0	1	21	639	619	2.1	39.2
Query_157835	XM_030296088.1	100.000	21	0	0	1	21	301	281	2.1	39.2
Query_157835	XM_008855635.3	100.000	21	0	0	1	21	571	551	2.1	39.2
Query_157835	XR_003845143.1	100.000	21	0	0	1	21	689	669	2.1	39.2
Query_157835	XR_002381020.2	100.000	21	0	0	1	21	574	554	2.1	39.2
Query_157835	XM_021212464.2	100.000	21	0	0	1	21	585	565	2.1	39.2
Query_157835	XM_021176786.2	100.000	21	0	0	1	21	288	268	2.1	39.2
Query_157835	XM_029211108.1	100.000	21	0	0	1	21	624	604	2.1	39.2
Query_157835	XR_001440232.2	100.000	21	0	0	1	21	711	691	2.1	39.2
Query_157835	XR_001440230.2	100.000	21	0	0	1	21	484	464	2.1	39.2
Query_157835	XM_015118270.2	100.000	21	0	0	1	21	613	593	2.1	39.2
Query_157835	XM_028835904.1	100.000	21	0	0	1	21	341	321	2.1	39.2
Query_157835	XM_028787284.1	100.000	21	0	0	1	21	588	568	2.1	39.2
Query_157835	XM_028534147.1	100.000	21	0	0	1	21	613	593	2.1	39.2
Query_157835	XM_028498186.1	100.000	21	0	0	1	21	623	603	2.1	39.2
Query_157835	XM_027922643.1	100.000	21	0	0	1	21	580	560	2.1	39.2
Query_157835	XM_040453568.1	100.000	21	0	0	1	21	213	193	2.1	39.2
Query_157835	XM_040453567.1	100.000	21	0	0	1	21	268	248	2.1	39.2
Query_157835	XM_040270543.1	100.000	21	0	0	1	21	790	770	2.1	39.2
Query_157835	XR_005658082.1	100.000	21	0	0	1	21	441	421	2.1	39.2
Query_157835	XM_039886420.1	100.000	21	0	0	1	21	610	590	2.1	39.2
Query_157835	XM_039476665.1	100.000	21	0	0	1	21	639	619	2.1	39.2
Query_157835	XM_038665135.1	100.000	21	0	0	1	21	250	230	2.1	39.2
Query_157835	XM_038665134.1	100.000	21	0	0	1	21	363	343	2.1	39.2
Query_157835	XM_038512865.1	100.000	21	0	0	1	21	250	230	2.1	39.2
Query_157835	XM_038512854.1	100.000	21	0	0	1	21	363	343	2.1	39.2
Query_157835	XM_038324925.1	100.000	21	0	0	1	21	612	592	2.1	39.2
Query_157835	XR_005236751.1	100.000	21	0	0	1	21	450	430	2.1	39.2
Query_157835	XR_005236750.1	100.000	21	0	0	1	21	438	418	2.1	39.2
Query_157835	XM_008009911.2	100.000	21	0	0	1	21	622	602	2.1	39.2
Query_157835	XM_017512180.2	100.000	21	0	0	1	21	611	591	2.1	39.2
Query_157835	XM_037495089.1	100.000	21	0	0	1	21	583	563	2.1	39.2
Query_157835	XM_037201328.1	100.000	21	0	0	1	21	540	520	2.1	39.2
Query_157835	XM_028888748.2	100.000	21	0	0	1	21	530	510	2.1	39.2
Query_157835	XM_037133033.1	100.000	21	0	0	1	21	616	596	2.1	39.2
Query_157835	XM_037029619.1	100.000	21	0	0	1	21	613	593	2.1	39.2
Query_157835	XM_036887031.1	100.000	21	0	0	1	21	350	330	2.1	39.2
Query_157835	XM_036838020.1	100.000	21	0	0	1	21	646	626	2.1	39.2
Query_157835	XM_036838019.1	100.000	21	0	0	1	21	698	678	2.1	39.2
Query_157835	XM_036268448.1	100.000	21	0	0	1	21	512	492	2.1	39.2
Query_157835	XM_016138806.2	100.000	21	0	0	1	21	724	704	2.1	39.2
Query_157835	XM_036078415.1	100.000	21	0	0	1	21	579	559	2.1	39.2
Query_157835	XM_036078414.1	100.000	21	0	0	1	21	379	359	2.1	39.2
Query_157835	XM_036078412.1	100.000	21	0	0	1	21	379	359	2.1	39.2
Query_157835	NM_003342.5	100.000	21	0	0	1	21	615	595	2.1	39.2
Query_157835	XM_035716269.1	100.000	21	0	0	1	21	250	230	2.1	39.2
Query_157835	XM_035716268.1	100.000	21	0	0	1	21	364	344	2.1	39.2
Query_157835	XM_027625410.2	100.000	21	0	0	1	21	589	569	2.1	39.2
Query_157835	XM_027625409.2	100.000	21	0	0	1	21	720	700	2.1	39.2
Query_157835	XM_027625408.2	100.000	21	0	0	1	21	409	389	2.1	39.2
Query_157835	XM_027625406.2	100.000	21	0	0	1	21	409	389	2.1	39.2
Query_157835	XM_035447490.1	100.000	21	0	0	1	21	320	300	2.1	39.2
Query_157835	XM_027426818.2	100.000	21	0	0	1	21	320	300	2.1	39.2
Query_157835	XR_004743113.1	100.000	21	0	0	1	21	707	687	2.1	39.2
Query_157835	XM_002747845.5	100.000	21	0	0	1	21	628	608	2.1	39.2


