# blastn
# Iteration: 0
# Query: 
# RID: 7JF77UFF016
# Database: nt
# Fields: query acc.ver, subject acc.ver, % identity, alignment length, mismatches, gap opens, q. start, q. end, s. start, s. end, evalue, bit score
# 100 hits found
Query_12441	FR997690.1	100.000	21	0	0	1	21	2558830	2558850	2.1	39.2
Query_12441	FR997687.1	100.000	21	0	0	1	21	1272811	1272791	2.1	39.2
Query_12441	FR997668.1	100.000	21	0	0	1	21	14117471	14117491	2.1	39.2
Query_12441	XM_040493097.1	100.000	21	0	0	1	21	919	939	2.1	39.2
Query_12441	XM_040493096.1	100.000	21	0	0	1	21	587	607	2.1	39.2
Query_12441	XM_040493095.1	100.000	21	0	0	1	21	587	607	2.1	39.2
Query_12441	XM_040493094.1	100.000	21	0	0	1	21	887	907	2.1	39.2
Query_12441	XM_040493093.1	100.000	21	0	0	1	21	665	685	2.1	39.2
Query_12441	XM_040493091.1	100.000	21	0	0	1	21	716	736	2.1	39.2
Query_12441	XM_040473640.1	100.000	21	0	0	1	21	1448	1428	2.1	39.2
Query_12441	XM_040473639.1	100.000	21	0	0	1	21	1387	1367	2.1	39.2
Query_12441	XM_040473638.1	100.000	21	0	0	1	21	1490	1470	2.1	39.2
Query_12441	XM_040441616.1	100.000	21	0	0	1	21	1834	1854	2.1	39.2
Query_12441	XM_040429570.1	100.000	21	0	0	1	21	1377	1397	2.1	39.2
Query_12441	XM_040429562.1	100.000	21	0	0	1	21	1377	1397	2.1	39.2
Query_12441	XM_040429552.1	100.000	21	0	0	1	21	1377	1397	2.1	39.2
Query_12441	XM_040429545.1	100.000	21	0	0	1	21	1377	1397	2.1	39.2
Query_12441	XM_040429538.1	100.000	21	0	0	1	21	1377	1397	2.1	39.2
Query_12441	XM_040429528.1	100.000	21	0	0	1	21	1377	1397	2.1	39.2
Query_12441	XM_040429519.1	100.000	21	0	0	1	21	1377	1397	2.1	39.2
Query_12441	XM_040429511.1	100.000	21	0	0	1	21	1377	1397	2.1	39.2
Query_12441	HG999685.1	100.000	21	0	0	1	21	38797795	38797775	2.1	39.2
Query_12441	XM_040288974.1	100.000	21	0	0	1	21	990	1010	2.1	39.2
Query_12441	XM_021728037.2	100.000	21	0	0	1	21	1014	1034	2.1	39.2
Query_12441	XM_040288973.1	100.000	21	0	0	1	21	1107	1127	2.1	39.2
Query_12441	XM_040288972.1	100.000	21	0	0	1	21	1420	1440	2.1	39.2
Query_12441	XM_005327742.3	100.000	21	0	0	1	21	1630	1650	2.1	39.2
Query_12441	XM_013355738.3	100.000	21	0	0	1	21	1576	1556	2.1	39.2
Query_12441	XM_021721854.2	100.000	21	0	0	1	21	1624	1604	2.1	39.2
Query_12441	HG996548.1	100.000	21	0	0	1	21	1330308	1330288	2.1	39.2
Query_12441	HG996529.1	100.000	21	0	0	1	21	5946690	5946670	2.1	39.2
Query_12441	XM_040153370.1	100.000	21	0	0	1	21	10350	10330	2.1	39.2
Query_12441	XM_040153369.1	100.000	21	0	0	1	21	10371	10351	2.1	39.2
Query_12441	XM_040153368.1	100.000	21	0	0	1	21	10314	10294	2.1	39.2
Query_12441	XM_040153367.1	100.000	21	0	0	1	21	10353	10333	2.1	39.2
Query_12441	XM_040153366.1	100.000	21	0	0	1	21	10371	10351	2.1	39.2
Query_12441	XM_040153365.1	100.000	21	0	0	1	21	10368	10348	2.1	39.2
Query_12441	XM_040153364.1	100.000	21	0	0	1	21	10335	10315	2.1	39.2
Query_12441	XM_040153363.1	100.000	21	0	0	1	21	10493	10473	2.1	39.2
Query_12441	XM_040153362.1	100.000	21	0	0	1	21	10391	10371	2.1	39.2
Query_12441	XM_040153361.1	100.000	21	0	0	1	21	10402	10382	2.1	39.2
Query_12441	XM_040153360.1	100.000	21	0	0	1	21	10371	10351	2.1	39.2
Query_12441	HG995452.1	100.000	21	0	0	1	21	5971	5951	2.1	39.2
Query_12441	HG995451.1	100.000	21	0	0	1	21	76630	76610	2.1	39.2
Query_12441	HG995450.1	100.000	21	0	0	1	21	5971	5951	2.1	39.2
Query_12441	HG995449.1	100.000	21	0	0	1	21	69381	69361	2.1	39.2
Query_12441	HG995448.1	100.000	21	0	0	1	21	73203	73183	2.1	39.2
Query_12441	HG995447.1	100.000	21	0	0	1	21	59076	59056	2.1	39.2
Query_12441	HG995446.1	100.000	21	0	0	1	21	67844	67824	2.1	39.2
Query_12441	HG995445.1	100.000	21	0	0	1	21	73204	73184	2.1	39.2
Query_12441	XM_040058859.1	100.000	21	0	0	1	21	942	962	2.1	39.2
Query_12441	XM_040058858.1	100.000	21	0	0	1	21	942	962	2.1	39.2
Query_12441	XM_040058857.1	100.000	21	0	0	1	21	942	962	2.1	39.2
Query_12441	XM_040058856.1	100.000	21	0	0	1	21	621	641	2.1	39.2
Query_12441	XM_040058855.1	100.000	21	0	0	1	21	942	962	2.1	39.2
Query_12441	XM_040058854.1	100.000	21	0	0	1	21	942	962	2.1	39.2
Query_12441	XM_040058852.1	100.000	21	0	0	1	21	942	962	2.1	39.2
Query_12441	XM_040058851.1	100.000	21	0	0	1	21	609	629	2.1	39.2
Query_12441	XM_040058850.1	100.000	21	0	0	1	21	942	962	2.1	39.2
Query_12441	XM_040058849.1	100.000	21	0	0	1	21	942	962	2.1	39.2
Query_12441	XM_040058848.1	100.000	21	0	0	1	21	942	962	2.1	39.2
Query_12441	XM_040058847.1	100.000	21	0	0	1	21	567	587	2.1	39.2
Query_12441	XM_040058846.1	100.000	21	0	0	1	21	565	585	2.1	39.2
Query_12441	XM_040058845.1	100.000	21	0	0	1	21	567	587	2.1	39.2
Query_12441	XM_040058844.1	100.000	21	0	0	1	21	673	693	2.1	39.2
Query_12441	XM_040058843.1	100.000	21	0	0	1	21	942	962	2.1	39.2
Query_12441	XR_005691518.1	100.000	21	0	0	1	21	794	814	2.1	39.2
Query_12441	XM_040034321.1	100.000	21	0	0	1	21	1703	1683	2.1	39.2
Query_12441	XM_040034320.1	100.000	21	0	0	1	21	1748	1728	2.1	39.2
Query_12441	HG995274.1	100.000	21	0	0	1	21	16422906	16422926	2.1	39.2
Query_12441	HG995189.1	100.000	21	0	0	1	21	9050864	9050884	2.1	39.2
Query_12441	HG995146.1	100.000	21	0	0	1	21	5826868	5826888	2.1	39.2
Query_12441	HG995133.1	100.000	21	0	0	1	21	2264626	2264606	2.1	39.2
Query_12441	HG994399.1	100.000	21	0	0	1	21	32567760	32567740	2.1	39.2
Query_12441	HG994396.1	100.000	21	0	0	1	21	29677572	29677592	2.1	39.2
Query_12441	HG994392.1	100.000	21	0	0	1	21	13806342	13806322	2.1	39.2
Query_12441	HG994368.1	100.000	21	0	0	1	21	6123763	6123783	2.1	39.2
Query_12441	XM_039869609.1	100.000	21	0	0	1	21	2433	2453	2.1	39.2
Query_12441	XM_039869608.1	100.000	21	0	0	1	21	2548	2568	2.1	39.2
Query_12441	XM_039869607.1	100.000	21	0	0	1	21	2745	2765	2.1	39.2
Query_12441	XM_039854831.1	100.000	21	0	0	1	21	1404	1384	2.1	39.2
Query_12441	XM_039854830.1	100.000	21	0	0	1	21	1808	1788	2.1	39.2
Query_12441	XM_039854829.1	100.000	21	0	0	1	21	1702	1682	2.1	39.2
Query_12441	XM_039854828.1	100.000	21	0	0	1	21	1487	1467	2.1	39.2
Query_12441	XM_039854827.1	100.000	21	0	0	1	21	1546	1526	2.1	39.2
Query_12441	XM_039854826.1	100.000	21	0	0	1	21	1847	1827	2.1	39.2
Query_12441	XM_039778867.1	100.000	21	0	0	1	21	1992	2012	2.1	39.2
Query_12441	XM_039778866.1	100.000	21	0	0	1	21	908	928	2.1	39.2
Query_12441	XM_039778865.1	100.000	21	0	0	1	21	651	671	2.1	39.2
Query_12441	XM_039790979.1	100.000	21	0	0	1	21	6650	6670	2.1	39.2
Query_12441	XM_039790917.1	100.000	21	0	0	1	21	6656	6676	2.1	39.2
Query_12441	XM_039736377.1	100.000	21	0	0	1	21	815	835	2.1	39.2
Query_12441	XM_039736376.1	100.000	21	0	0	1	21	815	835	2.1	39.2
Query_12441	XM_039715671.1	100.000	21	0	0	1	21	643	663	2.1	39.2
Query_12441	XM_039715669.1	100.000	21	0	0	1	21	643	663	2.1	39.2
Query_12441	XM_039715668.1	100.000	21	0	0	1	21	643	663	2.1	39.2
Query_12441	XM_039715667.1	100.000	21	0	0	1	21	643	663	2.1	39.2
Query_12441	XM_039715666.1	100.000	21	0	0	1	21	643	663	2.1	39.2
Query_12441	XM_039715665.1	100.000	21	0	0	1	21	643	663	2.1	39.2
Query_12441	XM_039715664.1	100.000	21	0	0	1	21	643	663	2.1	39.2


