# blastn
# Iteration: 0
# Query: 
# RID: 7PS64NMW01R
# Database: nt
# Fields: query acc.ver, subject acc.ver, % identity, alignment length, mismatches, gap opens, q. start, q. end, s. start, s. end, evalue, bit score
# 100 hits found
Query_38009	XM_035021105.1	100.000	21	0	0	1	21	584	564	2.1	39.2
Query_38009	XM_035021104.1	100.000	21	0	0	1	21	456	436	2.1	39.2
Query_38009	XM_040471984.1	100.000	21	0	0	1	21	683	663	2.1	39.2
Query_38009	XM_040471983.1	100.000	21	0	0	1	21	726	706	2.1	39.2
Query_38009	XM_040471982.1	100.000	21	0	0	1	21	774	754	2.1	39.2
Query_38009	XM_040471981.1	100.000	21	0	0	1	21	375	355	2.1	39.2
Query_38009	XM_040471980.1	100.000	21	0	0	1	21	817	797	2.1	39.2
Query_38009	XM_040413440.1	100.000	21	0	0	1	21	688	668	2.1	39.2
Query_38009	XM_040259625.1	100.000	21	0	0	1	21	210	190	2.1	39.2
Query_38009	XM_040259624.1	100.000	21	0	0	1	21	368	348	2.1	39.2
Query_38009	XM_040259623.1	100.000	21	0	0	1	21	391	371	2.1	39.2
Query_38009	XM_040259622.1	100.000	21	0	0	1	21	767	747	2.1	39.2
Query_38009	HG994400.1	100.000	21	0	0	1	21	53995379	53995399	2.1	39.2
Query_38009	XM_039860867.1	100.000	21	0	0	1	21	445	425	2.1	39.2
Query_38009	XM_039860866.1	100.000	21	0	0	1	21	678	658	2.1	39.2
Query_38009	XM_039860865.1	100.000	21	0	0	1	21	769	749	2.1	39.2
Query_38009	XM_039242784.1	100.000	21	0	0	1	21	666	646	2.1	39.2
Query_38009	XM_039242778.1	100.000	21	0	0	1	21	758	738	2.1	39.2
Query_38009	XM_038686155.1	100.000	21	0	0	1	21	764	744	2.1	39.2
Query_38009	XM_038686153.1	100.000	21	0	0	1	21	669	649	2.1	39.2
Query_38009	XM_038686152.1	100.000	21	0	0	1	21	407	387	2.1	39.2
Query_38009	XM_038686151.1	100.000	21	0	0	1	21	755	735	2.1	39.2
Query_38009	XM_038433990.1	100.000	21	0	0	1	21	764	744	2.1	39.2
Query_38009	XM_005628390.4	100.000	21	0	0	1	21	669	649	2.1	39.2
Query_38009	XM_022427231.2	100.000	21	0	0	1	21	407	387	2.1	39.2
Query_38009	XM_852326.6	100.000	21	0	0	1	21	755	735	2.1	39.2
Query_38009	XM_007982899.2	100.000	21	0	0	1	21	749	729	2.1	39.2
Query_38009	XM_037836169.1	100.000	21	0	0	1	21	1227	1207	2.1	39.2
Query_38009	XM_037836168.1	100.000	21	0	0	1	21	673	653	2.1	39.2
Query_38009	XM_037836167.1	100.000	21	0	0	1	21	766	746	2.1	39.2
Query_38009	XM_037836166.1	100.000	21	0	0	1	21	863	843	2.1	39.2
Query_38009	XM_037739999.1	100.000	21	0	0	1	21	214	194	2.1	39.2
Query_38009	XM_017532568.2	100.000	21	0	0	1	21	329	309	2.1	39.2
Query_38009	XM_017532567.2	100.000	21	0	0	1	21	651	631	2.1	39.2
Query_38009	XM_017532566.2	100.000	21	0	0	1	21	742	722	2.1	39.2
Query_38009	XM_037513136.1	100.000	21	0	0	1	21	260	240	2.1	39.2
Query_38009	XM_037513130.1	100.000	21	0	0	1	21	213	193	2.1	39.2
Query_38009	XM_037513121.1	100.000	21	0	0	1	21	355	335	2.1	39.2
Query_38009	XM_037513116.1	100.000	21	0	0	1	21	519	499	2.1	39.2
Query_38009	XM_037513112.1	100.000	21	0	0	1	21	1063	1043	2.1	39.2
Query_38009	XM_037513104.1	100.000	21	0	0	1	21	329	309	2.1	39.2
Query_38009	XM_037513099.1	100.000	21	0	0	1	21	320	300	2.1	39.2
Query_38009	XM_037513092.1	100.000	21	0	0	1	21	413	393	2.1	39.2
Query_38009	XM_028866184.2	100.000	21	0	0	1	21	252	232	2.1	39.2
Query_38009	XM_028866182.2	100.000	21	0	0	1	21	345	325	2.1	39.2
Query_38009	XM_037165819.1	100.000	21	0	0	1	21	309	289	2.1	39.2
Query_38009	XM_037165818.1	100.000	21	0	0	1	21	768	748	2.1	39.2
Query_38009	XM_037019485.1	100.000	21	0	0	1	21	306	286	2.1	39.2
Query_38009	XM_036909040.1	100.000	21	0	0	1	21	776	756	2.1	39.2
Query_38009	XM_036862830.1	100.000	21	0	0	1	21	644	624	2.1	39.2
Query_38009	XM_036862829.1	100.000	21	0	0	1	21	333	313	2.1	39.2
Query_38009	XM_036426873.1	100.000	21	0	0	1	21	381	361	2.1	39.2
Query_38009	XM_036426864.1	100.000	21	0	0	1	21	695	675	2.1	39.2
Query_38009	XM_036426854.1	100.000	21	0	0	1	21	784	764	2.1	39.2
Query_38009	XM_036328704.1	100.000	21	0	0	1	21	596	576	2.1	39.2
Query_38009	XM_036328703.1	100.000	21	0	0	1	21	330	310	2.1	39.2
Query_38009	XM_036328702.1	100.000	21	0	0	1	21	580	560	2.1	39.2
Query_38009	XM_036328701.1	100.000	21	0	0	1	21	279	259	2.1	39.2
Query_38009	XM_036328700.1	100.000	21	0	0	1	21	297	277	2.1	39.2
Query_38009	XM_036328699.1	100.000	21	0	0	1	21	666	646	2.1	39.2
Query_38009	XM_036328698.1	100.000	21	0	0	1	21	372	352	2.1	39.2
Query_38009	XM_036246610.1	100.000	21	0	0	1	21	407	387	2.1	39.2
Query_38009	XM_036246609.1	100.000	21	0	0	1	21	542	522	2.1	39.2
Query_38009	XM_036246608.1	100.000	21	0	0	1	21	387	367	2.1	39.2
Query_38009	XM_036246607.1	100.000	21	0	0	1	21	406	386	2.1	39.2
Query_38009	XM_036246606.1	100.000	21	0	0	1	21	324	304	2.1	39.2
Query_38009	XM_036246605.1	100.000	21	0	0	1	21	285	265	2.1	39.2
Query_38009	XM_036246603.1	100.000	21	0	0	1	21	300	280	2.1	39.2
Query_38009	XM_036246602.1	100.000	21	0	0	1	21	306	286	2.1	39.2
Query_38009	XM_036246601.1	100.000	21	0	0	1	21	324	304	2.1	39.2
Query_38009	XM_036246600.1	100.000	21	0	0	1	21	378	358	2.1	39.2
Query_38009	XM_016148712.2	100.000	21	0	0	1	21	671	651	2.1	39.2
Query_38009	XM_016148711.2	100.000	21	0	0	1	21	763	743	2.1	39.2
Query_38009	XM_036181345.1	100.000	21	0	0	1	21	694	674	2.1	39.2
Query_38009	XM_036181344.1	100.000	21	0	0	1	21	787	767	2.1	39.2
Query_38009	XM_036101282.1	100.000	21	0	0	1	21	570	550	2.1	39.2
Query_38009	XM_036101281.1	100.000	21	0	0	1	21	532	512	2.1	39.2
Query_38009	XM_036101280.1	100.000	21	0	0	1	21	685	665	2.1	39.2
Query_38009	XM_036101279.1	100.000	21	0	0	1	21	778	758	2.1	39.2
Query_38009	XM_036101278.1	100.000	21	0	0	1	21	723	703	2.1	39.2
Query_38009	XM_036101277.1	100.000	21	0	0	1	21	775	755	2.1	39.2
Query_38009	XM_028525334.2	100.000	21	0	0	1	21	681	661	2.1	39.2
Query_38009	XM_028525332.2	100.000	21	0	0	1	21	773	753	2.1	39.2
Query_38009	LR877221.1	100.000	21	0	0	1	21	12245038	12245018	2.1	39.2
Query_38009	XM_025471634.2	100.000	21	0	0	1	21	497	477	2.1	39.2
Query_38009	XM_025471633.2	100.000	21	0	0	1	21	540	520	2.1	39.2
Query_38009	XM_025471631.2	100.000	21	0	0	1	21	669	649	2.1	39.2
Query_38009	XM_025471630.2	100.000	21	0	0	1	21	442	422	2.1	39.2
Query_38009	XM_025471629.2	100.000	21	0	0	1	21	755	735	2.1	39.2
Query_38009	XM_027573206.2	100.000	21	0	0	1	21	669	649	2.1	39.2
Query_38009	XM_027573204.2	100.000	21	0	0	1	21	210	190	2.1	39.2
Query_38009	XM_027573203.2	100.000	21	0	0	1	21	762	742	2.1	39.2
Query_38009	LR862366.1	100.000	21	0	0	1	21	17489791	17489811	2.1	39.2
Query_38009	XM_027391395.2	100.000	21	0	0	1	21	746	726	2.1	39.2
Query_38009	XM_027391394.2	100.000	21	0	0	1	21	539	519	2.1	39.2
Query_38009	XM_035441534.1	100.000	21	0	0	1	21	268	248	2.1	39.2
Query_38009	XM_035254744.1	100.000	21	0	0	1	21	333	313	2.1	39.2
Query_38009	XM_035254743.1	100.000	21	0	0	1	21	666	646	2.1	39.2
Query_38009	XM_035254741.1	100.000	21	0	0	1	21	755	735	2.1	39.2
Query_38009	XM_002756944.5	100.000	21	0	0	1	21	705	685	2.1	39.2


