# blastn
# Iteration: 0
# Query: 
# RID: 6RKR11NA016
# Database: nt
# Fields: query acc.ver, subject acc.ver, % identity, alignment length, mismatches, gap opens, q. start, q. end, s. start, s. end, evalue, bit score
# 32 hits found
Query_44549	XM_003807100.4	100.000	21	0	0	1	21	702	682	2.1	39.2
Query_44549	XM_034942333.1	100.000	21	0	0	1	21	686	666	2.1	39.2
Query_44549	XM_003916130.3	100.000	21	0	0	1	21	1077	1057	2.1	39.2
Query_44549	XR_004067781.1	100.000	21	0	0	1	21	686	666	2.1	39.2
Query_44549	XM_019015478.2	100.000	21	0	0	1	21	357	337	2.1	39.2
Query_44549	XR_176607.3	100.000	21	0	0	1	21	702	682	2.1	39.2
Query_44549	NM_014501.3	100.000	21	0	0	1	21	707	687	2.1	39.2
Query_44549	CP034522.1	100.000	21	0	0	1	21	55852965	55852985	2.1	39.2
Query_44549	CP034497.1	100.000	21	0	0	1	21	55852965	55852985	2.1	39.2
Query_44549	XM_025369037.1	100.000	21	0	0	1	21	1076	1056	2.1	39.2
Query_44549	XM_011752020.2	100.000	21	0	0	1	21	1070	1050	2.1	39.2
Query_44549	XM_016936881.2	100.000	21	0	0	1	21	2250	2230	2.1	39.2
Query_44549	XM_016936880.2	100.000	21	0	0	1	21	770	750	2.1	39.2
Query_44549	XM_023184255.1	100.000	21	0	0	1	21	1088	1068	2.1	39.2
Query_44549	LT741140.1	100.000	21	0	0	1	21	995	975	2.1	39.2
Query_44549	LT736020.1	100.000	21	0	0	1	21	995	975	2.1	39.2
Query_44549	XM_005590403.2	100.000	21	0	0	1	21	1071	1051	2.1	39.2
Query_44549	KJ898691.1	100.000	21	0	0	1	21	573	553	2.1	39.2
Query_44549	KJ898690.1	100.000	21	0	0	1	21	573	553	2.1	39.2
Query_44549	NM_001266004.2	100.000	21	0	0	1	21	827	807	2.1	39.2
Query_44549	CP068259.1	100.000	21	0	0	1	21	58497046	58497066	2.1	39.2
Query_44549	XM_007998158.2	100.000	21	0	0	1	21	1073	1053	2.1	39.2
Query_44549	AP023479.1	100.000	21	0	0	1	21	55879388	55879408	2.1	39.2
Query_44549	CU675700.1	100.000	21	0	0	1	21	177	197	2.1	39.2
Query_44549	BC014622.1	100.000	21	0	0	1	21	697	677	2.1	39.2
Query_44549	BC065364.1	100.000	21	0	0	1	21	696	676	2.1	39.2
Query_44549	BC004236.2	100.000	21	0	0	1	21	686	666	2.1	39.2
Query_44549	AC020922.9	100.000	21	0	0	1	21	109880	109900	2.1	39.2
Query_44549	DQ120720.1	100.000	21	0	0	1	21	508	488	2.1	39.2
Query_44549	AB062397.1	100.000	21	0	0	1	21	686	666	2.1	39.2
Query_44549	M91670.1	100.000	21	0	0	1	21	567	547	2.1	39.2
Query_44549	LR134353.1	100.000	20	0	0	2	21	2822454	2822473	7.2	37.4


