# blastn
# Iteration: 0
# Query: 
# RID: 6WXRSJEC01R
# Database: nt
# Fields: query acc.ver, subject acc.ver, % identity, alignment length, mismatches, gap opens, q. start, q. end, s. start, s. end, evalue, bit score
# 100 hits found
Query_75535	XM_035016697.1	100.000	21	0	0	1	21	1092	1072	2.0	39.2
Query_75535	XM_034637893.1	100.000	21	0	0	1	21	3073	3053	2.0	39.2
Query_75535	XM_033762492.1	100.000	21	0	0	1	21	1210	1190	2.0	39.2
Query_75535	CP050570.1	100.000	21	0	0	1	21	682687	682707	2.0	39.2
Query_75535	CP050610.1	100.000	21	0	0	1	21	682851	682871	2.0	39.2
Query_75535	XM_033097905.1	100.000	21	0	0	1	21	1133	1113	2.0	39.2
Query_75535	XM_033097903.1	100.000	21	0	0	1	21	1133	1113	2.0	39.2
Query_75535	XM_032887115.1	100.000	21	0	0	1	21	912	892	2.0	39.2
Query_75535	XM_032887114.1	100.000	21	0	0	1	21	1164	1144	2.0	39.2
Query_75535	XM_032887113.1	100.000	21	0	0	1	21	1128	1108	2.0	39.2
Query_75535	XM_032887111.1	100.000	21	0	0	1	21	1128	1108	2.0	39.2
Query_75535	XM_032887110.1	100.000	21	0	0	1	21	1128	1108	2.0	39.2
Query_75535	XM_032849195.1	100.000	21	0	0	1	21	1086	1066	2.0	39.2
Query_75535	XM_032396384.1	100.000	21	0	0	1	21	1112	1092	2.0	39.2
Query_75535	XM_032310268.1	100.000	21	0	0	1	21	907	887	2.0	39.2
Query_75535	XM_032310267.1	100.000	21	0	0	1	21	1123	1103	2.0	39.2
Query_75535	XM_032310266.1	100.000	21	0	0	1	21	1123	1103	2.0	39.2
Query_75535	LR738414.1	100.000	21	0	0	1	21	77704042	77704062	2.0	39.2
Query_75535	XM_031041847.1	100.000	21	0	0	1	21	870	850	2.0	39.2
Query_75535	XM_031041845.1	100.000	21	0	0	1	21	1082	1062	2.0	39.2
Query_75535	XM_031041842.1	100.000	21	0	0	1	21	1086	1066	2.0	39.2
Query_75535	XM_006745739.2	100.000	21	0	0	1	21	1086	1066	2.0	39.2
Query_75535	XM_030336402.1	100.000	21	0	0	1	21	870	850	2.0	39.2
Query_75535	HG994409.1	100.000	21	0	0	1	21	41308629	41308609	2.0	39.2
Query_75535	XM_039879192.1	100.000	21	0	0	1	21	1190	1170	2.0	39.2
Query_75535	XM_039879191.1	100.000	21	0	0	1	21	1190	1170	2.0	39.2
Query_75535	XM_039471599.1	100.000	21	0	0	1	21	1015	995	2.0	39.2
Query_75535	XM_039471598.1	100.000	21	0	0	1	21	841	821	2.0	39.2
Query_75535	XM_039471597.1	100.000	21	0	0	1	21	1117	1097	2.0	39.2
Query_75535	XM_039471596.1	100.000	21	0	0	1	21	1045	1025	2.0	39.2
Query_75535	XM_039471595.1	100.000	21	0	0	1	21	1117	1097	2.0	39.2
Query_75535	XM_039471594.1	100.000	21	0	0	1	21	1204	1184	2.0	39.2
Query_75535	XM_039471593.1	100.000	21	0	0	1	21	1222	1202	2.0	39.2
Query_75535	XR_005491585.1	100.000	21	0	0	1	21	1427	1407	2.0	39.2
Query_75535	XM_039089009.1	100.000	21	0	0	1	21	956	936	2.0	39.2
Query_75535	XM_039089008.1	100.000	21	0	0	1	21	1093	1073	2.0	39.2
Query_75535	XM_039089007.1	100.000	21	0	0	1	21	1072	1052	2.0	39.2
Query_75535	XM_008769306.3	100.000	21	0	0	1	21	1037	1017	2.0	39.2
Query_75535	XM_017598236.2	100.000	21	0	0	1	21	1314	1294	2.0	39.2
Query_75535	XM_006249517.4	100.000	21	0	0	1	21	1359	1339	2.0	39.2
Query_75535	XM_006249516.4	100.000	21	0	0	1	21	1395	1375	2.0	39.2
Query_75535	XM_039089005.1	100.000	21	0	0	1	21	1230	1210	2.0	39.2
Query_75535	XM_017598235.2	100.000	21	0	0	1	21	1263	1243	2.0	39.2
Query_75535	XM_008769305.3	100.000	21	0	0	1	21	1278	1258	2.0	39.2
Query_75535	XM_017598234.2	100.000	21	0	0	1	21	1314	1294	2.0	39.2
Query_75535	XM_006249515.4	100.000	21	0	0	1	21	1395	1375	2.0	39.2
Query_75535	XM_038436252.1	100.000	21	0	0	1	21	1057	1037	2.0	39.2
Query_75535	XM_038436247.1	100.000	21	0	0	1	21	1108	1088	2.0	39.2
Query_75535	XM_038436246.1	100.000	21	0	0	1	21	1144	1124	2.0	39.2
Query_75535	XM_038436245.1	100.000	21	0	0	1	21	1093	1073	2.0	39.2
Query_75535	XM_038436244.1	100.000	21	0	0	1	21	1108	1088	2.0	39.2
Query_75535	XM_038436243.1	100.000	21	0	0	1	21	1144	1124	2.0	39.2
Query_75535	XM_038459425.1	100.000	21	0	0	1	21	1057	1037	2.0	39.2
Query_75535	XM_843662.6	100.000	21	0	0	1	21	1108	1088	2.0	39.2
Query_75535	XM_014108075.3	100.000	21	0	0	1	21	1144	1124	2.0	39.2
Query_75535	XM_038459424.1	100.000	21	0	0	1	21	1093	1073	2.0	39.2
Query_75535	XM_014108073.3	100.000	21	0	0	1	21	1108	1088	2.0	39.2
Query_75535	XM_014108072.3	100.000	21	0	0	1	21	1144	1124	2.0	39.2
Query_75535	NM_053656.3	100.000	21	0	0	1	21	1086	1066	2.0	39.2
Query_75535	XM_037160947.1	100.000	21	0	0	1	21	1117	1097	2.0	39.2
Query_75535	XM_037160946.1	100.000	21	0	0	1	21	949	929	2.0	39.2
Query_75535	XM_037160945.1	100.000	21	0	0	1	21	1117	1097	2.0	39.2
Query_75535	XM_037160944.1	100.000	21	0	0	1	21	1201	1181	2.0	39.2
Query_75535	XM_037051827.1	100.000	21	0	0	1	21	901	881	2.0	39.2
Query_75535	XM_037051826.1	100.000	21	0	0	1	21	1117	1097	2.0	39.2
Query_75535	XM_037051825.1	100.000	21	0	0	1	21	1117	1097	2.0	39.2
Query_75535	XM_037014056.1	100.000	21	0	0	1	21	1209	1189	2.0	39.2
Query_75535	XM_037014055.1	100.000	21	0	0	1	21	1128	1108	2.0	39.2
Query_75535	XM_037014053.1	100.000	21	0	0	1	21	1209	1189	2.0	39.2
Query_75535	XM_036921912.1	100.000	21	0	0	1	21	1191	1171	2.0	39.2
Query_75535	XM_036921911.1	100.000	21	0	0	1	21	1110	1090	2.0	39.2
Query_75535	XM_036921910.1	100.000	21	0	0	1	21	1191	1171	2.0	39.2
Query_75535	XM_036496390.1	100.000	21	0	0	1	21	1120	1100	2.0	39.2
Query_75535	XM_036496389.1	100.000	21	0	0	1	21	1146	1126	2.0	39.2
Query_75535	XM_016146005.2	100.000	21	0	0	1	21	1115	1095	2.0	39.2
Query_75535	XM_016146004.2	100.000	21	0	0	1	21	1115	1095	2.0	39.2
Query_75535	XM_016146003.2	100.000	21	0	0	1	21	1115	1095	2.0	39.2
Query_75535	XM_036073022.1	100.000	21	0	0	1	21	888	868	2.0	39.2
Query_75535	XM_036073018.1	100.000	21	0	0	1	21	1104	1084	2.0	39.2
Query_75535	XM_036073017.1	100.000	21	0	0	1	21	1104	1084	2.0	39.2
Query_75535	XM_036073016.1	100.000	21	0	0	1	21	1023	1003	2.0	39.2
Query_75535	XM_036073015.1	100.000	21	0	0	1	21	1104	1084	2.0	39.2
Query_75535	XM_036014500.1	100.000	21	0	0	1	21	1142	1122	2.0	39.2
Query_75535	XM_028503599.2	100.000	21	0	0	1	21	1143	1123	2.0	39.2
Query_75535	XM_036014499.1	100.000	21	0	0	1	21	1061	1041	2.0	39.2
Query_75535	XM_028503597.2	100.000	21	0	0	1	21	1144	1124	2.0	39.2
Query_75535	XM_028503596.2	100.000	21	0	0	1	21	1229	1209	2.0	39.2
Query_75535	XM_035706515.1	100.000	21	0	0	1	21	1057	1037	2.0	39.2
Query_75535	XM_025473476.2	100.000	21	0	0	1	21	1108	1088	2.0	39.2
Query_75535	XM_025473475.2	100.000	21	0	0	1	21	1144	1124	2.0	39.2
Query_75535	XM_035706514.1	100.000	21	0	0	1	21	1093	1073	2.0	39.2
Query_75535	XM_025473474.2	100.000	21	0	0	1	21	1108	1088	2.0	39.2
Query_75535	XM_025473473.2	100.000	21	0	0	1	21	1144	1124	2.0	39.2
Query_75535	XM_035258276.1	100.000	21	0	0	1	21	1142	1122	2.0	39.2
Query_75535	XM_035258275.1	100.000	21	0	0	1	21	1143	1123	2.0	39.2
Query_75535	XM_035258274.1	100.000	21	0	0	1	21	1229	1209	2.0	39.2
Query_75535	XM_035258273.1	100.000	21	0	0	1	21	1230	1210	2.0	39.2
Query_75535	XM_035258272.1	100.000	21	0	0	1	21	1142	1122	2.0	39.2
Query_75535	XM_035258271.1	100.000	21	0	0	1	21	1151	1131	2.0	39.2
Query_75535	XM_035258270.1	100.000	21	0	0	1	21	1229	1209	2.0	39.2


