# blastn
# Iteration: 0
# Query: 
# RID: 6RTSXRE9013
# Database: nt
# Fields: query acc.ver, subject acc.ver, % identity, alignment length, mismatches, gap opens, q. start, q. end, s. start, s. end, evalue, bit score
# 75 hits found
Query_52099	XM_008951835.2	100.000	21	0	0	1	21	751	731	2.1	39.2
Query_52099	XM_003826427.2	100.000	21	0	0	1	21	398	378	2.1	39.2
Query_52099	XM_032283370.1	100.000	21	0	0	1	21	471	451	2.1	39.2
Query_52099	XM_032283369.1	100.000	21	0	0	1	21	725	705	2.1	39.2
Query_52099	XM_032152921.1	100.000	21	0	0	1	21	761	741	2.1	39.2
Query_52099	XM_032152920.1	100.000	21	0	0	1	21	527	507	2.1	39.2
Query_52099	XM_003909852.4	100.000	21	0	0	1	21	391	371	2.1	39.2
Query_52099	XM_003275313.3	100.000	21	0	0	1	21	527	507	2.1	39.2
Query_52099	XM_015114154.2	100.000	21	0	0	1	21	761	741	2.1	39.2
Query_52099	XM_015114153.2	100.000	21	0	0	1	21	484	464	2.1	39.2
Query_52099	NM_004223.5	100.000	21	0	0	1	21	362	342	2.1	39.2
Query_52099	XM_025357070.1	100.000	21	0	0	1	21	389	369	2.1	39.2
Query_52099	XM_011766099.2	100.000	21	0	0	1	21	484	464	2.1	39.2
Query_52099	XM_521987.5	100.000	21	0	0	1	21	397	377	2.1	39.2
Query_52099	XM_009246347.2	100.000	21	0	0	1	21	215	195	2.1	39.2
Query_52099	XM_009246345.2	100.000	21	0	0	1	21	756	736	2.1	39.2
Query_52099	XM_003777762.3	100.000	21	0	0	1	21	399	379	2.1	39.2
Query_52099	XM_009246344.2	100.000	21	0	0	1	21	563	543	2.1	39.2
Query_52099	XM_001498309.5	100.000	21	0	0	1	21	467	447	2.1	39.2
Query_52099	XM_005598146.3	100.000	21	0	0	1	21	573	553	2.1	39.2
Query_52099	XM_005598145.3	100.000	21	0	0	1	21	522	502	2.1	39.2
Query_52099	XM_005598144.3	100.000	21	0	0	1	21	793	773	2.1	39.2
Query_52099	XM_003801386.3	100.000	21	0	0	1	21	423	403	2.1	39.2
Query_52099	XM_012476491.2	100.000	21	0	0	1	21	740	720	2.1	39.2
Query_52099	XM_021676426.1	100.000	21	0	0	1	21	291	271	2.1	39.2
Query_52099	XM_012476490.2	100.000	21	0	0	1	21	493	473	2.1	39.2
Query_52099	XM_012476489.2	100.000	21	0	0	1	21	557	537	2.1	39.2
Query_52099	XM_012476488.2	100.000	21	0	0	1	21	371	351	2.1	39.2
Query_52099	XM_012749971.2	100.000	21	0	0	1	21	562	542	2.1	39.2
Query_52099	LT736766.1	100.000	21	0	0	1	21	788	768	2.1	39.2
Query_52099	XM_003317981.4	100.000	21	0	0	1	21	754	734	2.1	39.2
Query_52099	XM_015434702.1	100.000	21	0	0	1	21	755	735	2.1	39.2
Query_52099	XM_005577852.2	100.000	21	0	0	1	21	484	464	2.1	39.2
Query_52099	XM_014827830.1	100.000	21	0	0	1	21	356	336	2.1	39.2
Query_52099	XM_014827829.1	100.000	21	0	0	1	21	623	603	2.1	39.2
Query_52099	XM_014827828.1	100.000	21	0	0	1	21	357	337	2.1	39.2
Query_52099	XM_014827827.1	100.000	21	0	0	1	21	759	739	2.1	39.2
Query_52099	XM_012643883.1	100.000	21	0	0	1	21	576	556	2.1	39.2
Query_52099	XM_003275314.3	100.000	21	0	0	1	21	755	735	2.1	39.2
Query_52099	XM_012092325.1	100.000	21	0	0	1	21	484	464	2.1	39.2
Query_52099	XM_011998681.1	100.000	21	0	0	1	21	489	469	2.1	39.2
Query_52099	XM_011998680.1	100.000	21	0	0	1	21	927	907	2.1	39.2
Query_52099	XM_008590552.1	100.000	21	0	0	1	21	572	552	2.1	39.2
Query_52099	XM_008531111.1	100.000	21	0	0	1	21	386	366	2.1	39.2
Query_52099	XM_008531110.1	100.000	21	0	0	1	21	596	576	2.1	39.2
Query_52099	XM_008531109.1	100.000	21	0	0	1	21	395	375	2.1	39.2
Query_52099	XM_008531108.1	100.000	21	0	0	1	21	775	755	2.1	39.2
Query_52099	KJ892727.1	100.000	21	0	0	1	21	366	346	2.1	39.2
Query_52099	XM_008057751.1	100.000	21	0	0	1	21	344	324	2.1	39.2
Query_52099	XM_003920114.2	100.000	21	0	0	1	21	396	376	2.1	39.2
Query_52099	XM_007998290.2	100.000	21	0	0	1	21	396	376	2.1	39.2
Query_52099	XM_037838398.1	100.000	21	0	0	1	21	313	293	2.1	39.2
Query_52099	XM_037838397.1	100.000	21	0	0	1	21	422	402	2.1	39.2
Query_52099	XM_037814368.1	100.000	21	0	0	1	21	312	292	2.1	39.2
Query_52099	XM_017498959.2	100.000	21	0	0	1	21	391	371	2.1	39.2
Query_52099	XM_017498958.2	100.000	21	0	0	1	21	733	713	2.1	39.2
Query_52099	NM_198183.3	100.000	21	0	0	1	21	361	341	2.1	39.2
Query_52099	XM_009008144.3	100.000	21	0	0	1	21	599	579	2.1	39.2
Query_52099	XM_002755286.4	100.000	21	0	0	1	21	423	403	2.1	39.2
Query_52099	CU689397.1	100.000	21	0	0	1	21	177	197	2.1	39.2
Query_52099	CU689396.1	100.000	21	0	0	1	21	317	297	2.1	39.2
Query_52099	AK315755.1	100.000	21	0	0	1	21	316	296	2.1	39.2
Query_52099	AC188405.3	100.000	21	0	0	1	21	36788	36768	2.1	39.2
Query_52099	DQ894475.2	100.000	21	0	0	1	21	323	303	2.1	39.2
Query_52099	DQ891291.2	100.000	21	0	0	1	21	323	303	2.1	39.2
Query_52099	AK226165.1	100.000	21	0	0	1	21	451	431	2.1	39.2
Query_52099	AK093462.1	100.000	21	0	0	1	21	710	690	2.1	39.2
Query_52099	CR457126.1	100.000	21	0	0	1	21	301	281	2.1	39.2
Query_52099	AK129621.1	100.000	21	0	0	1	21	268	248	2.1	39.2
Query_52099	BC032491.1	100.000	21	0	0	1	21	397	377	2.1	39.2
Query_52099	AP002893.3	100.000	21	0	0	1	21	124943	124963	2.1	39.2
Query_52099	AJ243270.1	100.000	21	0	0	1	21	178	158	2.1	39.2
Query_52099	AF061736.1	100.000	21	0	0	1	21	348	328	2.1	39.2
Query_52099	AF031141.1	100.000	21	0	0	1	21	298	278	2.1	39.2
Query_52099	XM_035673307.1	100.000	20	0	0	2	21	1157	1138	7.2	37.4


