# blastn
# Iteration: 0
# Query: 
# RID: 6ZZ5DT77013
# Database: nt
# Fields: query acc.ver, subject acc.ver, % identity, alignment length, mismatches, gap opens, q. start, q. end, s. start, s. end, evalue, bit score
# 35 hits found
Query_12481	XM_034505797.1	100.000	21	0	0	1	21	295	275	2.1	39.2
Query_12481	XM_034505796.1	100.000	21	0	0	1	21	266	246	2.1	39.2
Query_12481	XM_032913110.1	100.000	21	0	0	1	21	252	232	2.1	39.2
Query_12481	XM_032913109.1	100.000	21	0	0	1	21	250	230	2.1	39.2
Query_12481	XM_031351265.1	100.000	21	0	0	1	21	290	270	2.1	39.2
Query_12481	XM_031351262.1	100.000	21	0	0	1	21	290	270	2.1	39.2
Query_12481	XM_006532610.4	100.000	21	0	0	1	21	357	377	2.1	39.2
Query_12481	XM_029484033.1	100.000	21	0	0	1	21	261	241	2.1	39.2
Query_12481	XM_021175437.2	100.000	21	0	0	1	21	261	241	2.1	39.2
Query_12481	XM_021175436.2	100.000	21	0	0	1	21	261	241	2.1	39.2
Query_12481	XM_028755045.1	100.000	21	0	0	1	21	132	112	2.1	39.2
Query_12481	XM_021214131.1	100.000	21	0	0	1	21	266	246	2.1	39.2
Query_12481	XM_021214130.1	100.000	21	0	0	1	21	266	246	2.1	39.2
Query_12481	XM_004684261.2	100.000	21	0	0	1	21	193	173	2.1	39.2
Query_12481	XM_004684260.2	100.000	21	0	0	1	21	193	173	2.1	39.2
Query_12481	NM_031173.4	100.000	21	0	0	1	21	269	249	2.1	39.2
Query_12481	NM_001282977.1	100.000	21	0	0	1	21	269	249	2.1	39.2
Query_12481	NM_001159319.2	100.000	21	0	0	1	21	269	249	2.1	39.2
Query_12481	NM_145121.3	100.000	21	0	0	1	21	269	249	2.1	39.2
Query_12481	NM_001282978.1	100.000	21	0	0	1	21	269	249	2.1	39.2
Query_12481	NM_017346.2	100.000	21	0	0	1	21	259	239	2.1	39.2
Query_12481	XM_006247409.4	100.000	21	0	0	1	21	274	254	2.1	39.2
Query_12481	AB685743.1	100.000	21	0	0	1	21	253	233	2.1	39.2
Query_12481	JN960751.1	100.000	21	0	0	1	21	5311	5291	2.1	39.2
Query_12481	XM_030245500.2	100.000	21	0	0	1	21	275	255	2.1	39.2
Query_12481	BC077713.1	100.000	21	0	0	1	21	265	245	2.1	39.2
Query_12481	AK155193.1	100.000	21	0	0	1	21	270	250	2.1	39.2
Query_12481	AB100389.2	100.000	21	0	0	1	21	171	151	2.1	39.2
Query_12481	AY094173.1	100.000	21	0	0	1	21	67	47	2.1	39.2
Query_12481	AY094172.1	100.000	21	0	0	1	21	67	47	2.1	39.2
Query_12481	AF322905.1	100.000	21	0	0	1	21	273	253	2.1	39.2
Query_12481	X61394.1	100.000	21	0	0	1	21	130	110	2.1	39.2
Query_12481	AL591209.17	100.000	21	0	0	1	21	103080	103100	2.1	39.2
Query_12481	AF068898.1	100.000	21	0	0	1	21	45	25	2.1	39.2
Query_12481	L06110.1	100.000	21	0	0	1	21	67	47	2.1	39.2


