# blastn
# Iteration: 0
# Query: 
# RID: 8YN3MS2K016
# Database: nt
# Fields: query acc.ver, subject acc.ver, % identity, alignment length, mismatches, gap opens, q. start, q. end, s. start, s. end, evalue, bit score
# 100 hits found
Query_46243	XM_003811844.2	100.000	21	0	0	1	21	325	305	2.1	39.2
Query_46243	XM_034520201.1	100.000	21	0	0	1	21	295	275	2.1	39.2
Query_46243	XM_034520200.1	100.000	21	0	0	1	21	325	305	2.1	39.2
Query_46243	XM_034520199.1	100.000	21	0	0	1	21	266	246	2.1	39.2
Query_46243	XM_034520198.1	100.000	21	0	0	1	21	324	304	2.1	39.2
Query_46243	XM_034520197.1	100.000	21	0	0	1	21	411	391	2.1	39.2
Query_46243	XM_033196559.1	100.000	21	0	0	1	21	450	430	2.1	39.2
Query_46243	XM_032915004.1	100.000	21	0	0	1	21	386	366	2.1	39.2
Query_46243	XM_032260946.1	100.000	21	0	0	1	21	282	262	2.1	39.2
Query_46243	XM_032260945.1	100.000	21	0	0	1	21	358	338	2.1	39.2
Query_46243	XM_032161224.1	100.000	21	0	0	1	21	460	440	2.1	39.2
Query_46243	XM_023214308.2	100.000	21	0	0	1	21	417	397	2.1	39.2
Query_46243	XR_004184786.1	100.000	21	0	0	1	21	148	128	2.1	39.2
Query_46243	XM_031654823.1	100.000	21	0	0	1	21	307	287	2.1	39.2
Query_46243	XM_031654814.1	100.000	21	0	0	1	21	400	380	2.1	39.2
Query_46243	XM_031389331.1	100.000	21	0	0	1	21	266	246	2.1	39.2
Query_46243	XM_031011621.1	100.000	21	0	0	1	21	441	421	2.1	39.2
Query_46243	XM_010367119.2	100.000	21	0	0	1	21	553	533	2.1	39.2
Query_46243	XR_750211.2	100.000	21	0	0	1	21	142	122	2.1	39.2
Query_46243	XM_030824091.1	100.000	21	0	0	1	21	461	441	2.1	39.2
Query_46243	XM_008848012.3	100.000	21	0	0	1	21	217	197	2.1	39.2
Query_46243	XM_029570877.1	100.000	21	0	0	1	21	377	357	2.1	39.2
Query_46243	XM_028826846.1	100.000	21	0	0	1	21	361	341	2.1	39.2
Query_46243	XM_015113807.2	100.000	21	0	0	1	21	327	307	2.1	39.2
Query_46243	XM_015113815.2	100.000	21	0	0	1	21	281	261	2.1	39.2
Query_46243	XM_028787765.1	100.000	21	0	0	1	21	338	318	2.1	39.2
Query_46243	NM_016406.4	100.000	21	0	0	1	21	148	128	2.1	39.2
Query_46243	XM_026780011.1	100.000	21	0	0	1	21	361	341	2.1	39.2
Query_46243	XM_005348804.2	100.000	21	0	0	1	21	361	341	2.1	39.2
Query_46243	XM_023185092.2	100.000	21	0	0	1	21	158	138	2.1	39.2
Query_46243	XR_003120460.1	100.000	21	0	0	1	21	128	108	2.1	39.2
Query_46243	XM_025359394.1	100.000	21	0	0	1	21	267	247	2.1	39.2
Query_46243	XM_025359307.1	100.000	21	0	0	1	21	443	423	2.1	39.2
Query_46243	XM_011770131.2	100.000	21	0	0	1	21	219	199	2.1	39.2
Query_46243	XM_017001450.2	100.000	21	0	0	1	21	278	258	2.1	39.2
Query_46243	XM_002809897.3	100.000	21	0	0	1	21	438	418	2.1	39.2
Query_46243	XM_023214307.1	100.000	21	0	0	1	21	438	418	2.1	39.2
Query_46243	XR_001110804.2	100.000	21	0	0	1	21	123	103	2.1	39.2
Query_46243	XM_012449634.2	100.000	21	0	0	1	21	429	409	2.1	39.2
Query_46243	XM_012449633.2	100.000	21	0	0	1	21	439	419	2.1	39.2
Query_46243	XM_021239618.1	100.000	21	0	0	1	21	394	374	2.1	39.2
Query_46243	XM_021239617.1	100.000	21	0	0	1	21	422	402	2.1	39.2
Query_46243	XM_021239616.1	100.000	21	0	0	1	21	484	464	2.1	39.2
Query_46243	XM_004858676.3	100.000	21	0	0	1	21	519	499	2.1	39.2
Query_46243	XM_004858681.3	100.000	21	0	0	1	21	361	341	2.1	39.2
Query_46243	XM_004858675.3	100.000	21	0	0	1	21	517	497	2.1	39.2
Query_46243	XM_004858679.3	100.000	21	0	0	1	21	398	378	2.1	39.2
Query_46243	XM_004858674.3	100.000	21	0	0	1	21	552	532	2.1	39.2
Query_46243	LT734974.1	100.000	21	0	0	1	21	615	595	2.1	39.2
Query_46243	XM_020174322.1	100.000	21	0	0	1	21	555	535	2.1	39.2
Query_46243	XM_017860834.1	100.000	21	0	0	1	21	443	423	2.1	39.2
Query_46243	XR_001884737.1	100.000	21	0	0	1	21	138	118	2.1	39.2
Query_46243	XM_017001451.1	100.000	21	0	0	1	21	491	471	2.1	39.2
Query_46243	XM_006990626.2	100.000	21	0	0	1	21	210	190	2.1	39.2
Query_46243	XM_006990625.2	100.000	21	0	0	1	21	268	248	2.1	39.2
Query_46243	XM_006990624.2	100.000	21	0	0	1	21	371	351	2.1	39.2
Query_46243	XM_012449632.1	100.000	21	0	0	1	21	437	417	2.1	39.2
Query_46243	XR_001106944.1	100.000	21	0	0	1	21	353	333	2.1	39.2
Query_46243	XM_011770130.1	100.000	21	0	0	1	21	289	269	2.1	39.2
Query_46243	XR_001018749.1	100.000	21	0	0	1	21	128	108	2.1	39.2
Query_46243	XM_012067544.1	100.000	21	0	0	1	21	438	418	2.1	39.2
Query_46243	XM_011957583.1	100.000	21	0	0	1	21	443	423	2.1	39.2
Query_46243	XR_001007306.1	100.000	21	0	0	1	21	128	108	2.1	39.2
Query_46243	XM_011976265.1	100.000	21	0	0	1	21	443	423	2.1	39.2
Query_46243	XM_513937.5	100.000	21	0	0	1	21	436	416	2.1	39.2
Query_46243	XM_008580209.1	100.000	21	0	0	1	21	301	281	2.1	39.2
Query_46243	XM_008580208.1	100.000	21	0	0	1	21	237	217	2.1	39.2
Query_46243	XM_008580207.1	100.000	21	0	0	1	21	356	336	2.1	39.2
Query_46243	KJ898907.1	100.000	21	0	0	1	21	193	173	2.1	39.2
Query_46243	XM_007947729.1	100.000	21	0	0	1	21	128	108	2.1	39.2
Query_46243	XM_006861665.1	100.000	21	0	0	1	21	128	108	2.1	39.2
Query_46243	XM_005245254.1	100.000	21	0	0	1	21	334	314	2.1	39.2
Query_46243	XM_004671134.1	100.000	21	0	0	1	21	195	175	2.1	39.2
Query_46243	XM_041003356.1	100.000	21	0	0	1	21	207	187	2.1	39.2
Query_46243	XM_005087769.4	100.000	21	0	0	1	21	364	344	2.1	39.2
Query_46243	NM_001003709.3	100.000	21	0	0	1	21	333	313	2.1	39.2
Query_46243	XM_039480650.1	100.000	21	0	0	1	21	442	422	2.1	39.2
Query_46243	XR_005581184.1	100.000	21	0	0	1	21	131	111	2.1	39.2
Query_46243	XR_005492267.1	100.000	21	0	0	1	21	390	370	2.1	39.2
Query_46243	XM_039090960.1	100.000	21	0	0	1	21	351	331	2.1	39.2
Query_46243	XM_006250251.3	100.000	21	0	0	1	21	337	317	2.1	39.2
Query_46243	XM_037984472.1	100.000	21	0	0	1	21	128	108	2.1	39.2
Query_46243	XM_007976437.2	100.000	21	0	0	1	21	335	315	2.1	39.2
Query_46243	XM_017515076.2	100.000	21	0	0	1	21	282	262	2.1	39.2
Query_46243	XM_037733647.1	100.000	21	0	0	1	21	366	346	2.1	39.2
Query_46243	XM_017515075.2	100.000	21	0	0	1	21	435	415	2.1	39.2
Query_46243	XM_028860122.2	100.000	21	0	0	1	21	689	669	2.1	39.2
Query_46243	XM_037211262.1	100.000	21	0	0	1	21	528	508	2.1	39.2
Query_46243	XM_028860121.2	100.000	21	0	0	1	21	599	579	2.1	39.2
Query_46243	XM_004589102.3	100.000	21	0	0	1	21	214	194	2.1	39.2
Query_46243	XM_027419018.2	100.000	21	0	0	1	21	361	341	2.1	39.2
Query_46243	XM_003506861.4	100.000	21	0	0	1	21	361	341	2.1	39.2
Query_46243	FQ219875.1	100.000	21	0	0	1	21	203	183	2.1	39.2
Query_46243	FQ213507.1	100.000	21	0	0	1	21	334	314	2.1	39.2
Query_46243	FQ213023.1	100.000	21	0	0	1	21	324	304	2.1	39.2
Query_46243	FQ229371.1	100.000	21	0	0	1	21	152	132	2.1	39.2
Query_46243	FQ229356.1	100.000	21	0	0	1	21	355	335	2.1	39.2
Query_46243	FQ222464.1	100.000	21	0	0	1	21	365	345	2.1	39.2
Query_46243	FQ213973.1	100.000	21	0	0	1	21	337	317	2.1	39.2
Query_46243	FQ212748.1	100.000	21	0	0	1	21	351	331	2.1	39.2


