# blastn
# Iteration: 0
# Query: 
# RID: 73R0CA4G013
# Database: nt
# Fields: query acc.ver, subject acc.ver, % identity, alignment length, mismatches, gap opens, q. start, q. end, s. start, s. end, evalue, bit score
# 24 hits found
Query_601	XM_003817410.4	100.000	21	0	0	1	21	927	907	2.1	39.2
Query_601	XM_032162573.1	100.000	21	0	0	1	21	936	916	2.1	39.2
Query_601	XM_019026567.2	100.000	21	0	0	1	21	986	966	2.1	39.2
Query_601	XM_003272285.3	100.000	21	0	0	1	21	1288	1268	2.1	39.2
Query_601	NM_005450.6	100.000	21	0	0	1	21	942	922	2.1	39.2
Query_601	CP034495.1	100.000	21	0	0	1	21	54672001	54671981	2.1	39.2
Query_601	XM_523802.6	100.000	21	0	0	1	21	997	977	2.1	39.2
Query_601	XM_002827353.4	100.000	21	0	0	1	21	936	916	2.1	39.2
Query_601	XM_004481252.3	100.000	21	0	0	1	21	899	879	2.1	39.2
Query_601	LT744950.1	100.000	21	0	0	1	21	904	884	2.1	39.2
Query_601	KJ892724.1	100.000	21	0	0	1	21	482	462	2.1	39.2
Query_601	CP068261.1	100.000	21	0	0	1	21	57471053	57471033	2.1	39.2
Query_601	XM_037809573.1	100.000	21	0	0	1	21	1002	982	2.1	39.2
Query_601	AP023477.1	100.000	21	0	0	1	21	54043853	54043833	2.1	39.2
Query_601	NG_011958.1	100.000	21	0	0	1	21	5942	5922	2.1	39.2
Query_601	CU689813.1	100.000	21	0	0	1	21	298	318	2.1	39.2
Query_601	CU689812.1	100.000	21	0	0	1	21	433	413	2.1	39.2
Query_601	AK314080.1	100.000	21	0	0	1	21	942	922	2.1	39.2
Query_601	BC034027.1	100.000	21	0	0	1	21	727	707	2.1	39.2
Query_601	AC015724.9	100.000	21	0	0	1	21	61163	61183	2.1	39.2
Query_601	AY890603.1	100.000	21	0	0	1	21	417	397	2.1	39.2
Query_601	AY893078.1	100.000	21	0	0	1	21	417	397	2.1	39.2
Query_601	AC005553.1	100.000	21	0	0	1	21	145786	145806	2.1	39.2
Query_601	U31202.1	100.000	21	0	0	1	21	1228	1208	2.1	39.2


