# blastn
# Iteration: 0
# Query: 
# RID: 6XFVW3YD016
# Database: nt
# Fields: query acc.ver, subject acc.ver, % identity, alignment length, mismatches, gap opens, q. start, q. end, s. start, s. end, evalue, bit score
# 100 hits found
Query_41719	XM_040475549.1	100.000	21	0	0	1	21	324	304	2.1	39.2
Query_41719	XM_040475548.1	100.000	21	0	0	1	21	415	395	2.1	39.2
Query_41719	HG999687.1	100.000	21	0	0	1	21	13925333	13925353	2.1	39.2
Query_41719	XM_040294550.1	100.000	21	0	0	1	21	302	282	2.1	39.2
Query_41719	XM_021725967.2	100.000	21	0	0	1	21	632	612	2.1	39.2
Query_41719	XM_040294549.1	100.000	21	0	0	1	21	550	530	2.1	39.2
Query_41719	XM_040294548.1	100.000	21	0	0	1	21	736	716	2.1	39.2
Query_41719	XM_040227739.1	100.000	21	0	0	1	21	519	499	2.1	39.2
Query_41719	XM_040227738.1	100.000	21	0	0	1	21	439	419	2.1	39.2
Query_41719	XM_040227737.1	100.000	21	0	0	1	21	623	603	2.1	39.2
Query_41719	XM_040256951.1	100.000	21	0	0	1	21	363	343	2.1	39.2
Query_41719	XM_040069867.1	100.000	21	0	0	1	21	221	201	2.1	39.2
Query_41719	XM_040069866.1	100.000	21	0	0	1	21	178	158	2.1	39.2
Query_41719	XM_040069865.1	100.000	21	0	0	1	21	209	189	2.1	39.2
Query_41719	XM_040069863.1	100.000	21	0	0	1	21	418	398	2.1	39.2
Query_41719	HG994416.1	100.000	21	0	0	1	21	26890283	26890263	2.1	39.2
Query_41719	HG994394.1	100.000	21	0	0	1	21	42862101	42862121	2.1	39.2
Query_41719	XM_039855835.1	100.000	21	0	0	1	21	410	390	2.1	39.2
Query_41719	XM_039855834.1	100.000	21	0	0	1	21	704	684	2.1	39.2
Query_41719	XM_039855833.1	100.000	21	0	0	1	21	426	406	2.1	39.2
Query_41719	XM_039855832.1	100.000	21	0	0	1	21	573	553	2.1	39.2
Query_41719	XM_039855830.1	100.000	21	0	0	1	21	439	419	2.1	39.2
Query_41719	XM_039855829.1	100.000	21	0	0	1	21	660	640	2.1	39.2
Query_41719	XM_039855828.1	100.000	21	0	0	1	21	481	461	2.1	39.2
Query_41719	XM_039696834.1	100.000	21	0	0	1	21	113	93	2.1	39.2
Query_41719	XM_039696825.1	100.000	21	0	0	1	21	429	409	2.1	39.2
Query_41719	XM_019290592.3	100.000	21	0	0	1	21	113	93	2.1	39.2
Query_41719	XM_019290591.3	100.000	21	0	0	1	21	164	144	2.1	39.2
Query_41719	XM_039555277.1	100.000	21	0	0	1	21	305	285	2.1	39.2
Query_41719	XM_039555276.1	100.000	21	0	0	1	21	464	444	2.1	39.2
Query_41719	XM_039495191.1	100.000	21	0	0	1	21	307	287	2.1	39.2
Query_41719	XM_039495190.1	100.000	21	0	0	1	21	399	379	2.1	39.2
Query_41719	XM_039495189.1	100.000	21	0	0	1	21	422	402	2.1	39.2
Query_41719	XM_039495187.1	100.000	21	0	0	1	21	692	672	2.1	39.2
Query_41719	XM_039495186.1	100.000	21	0	0	1	21	662	642	2.1	39.2
Query_41719	XM_010351541.2	100.000	21	0	0	1	21	651	631	2.1	39.2
Query_41719	XM_039469988.1	100.000	21	0	0	1	21	731	711	2.1	39.2
Query_41719	NM_001047857.4	100.000	21	0	0	1	21	655	635	2.1	39.2
Query_41719	XM_027731489.2	100.000	21	0	0	1	21	475	455	2.1	39.2
Query_41719	XM_039254350.1	100.000	21	0	0	1	21	393	373	2.1	39.2
Query_41719	XM_039239646.1	100.000	21	0	0	1	21	443	423	2.1	39.2
Query_41719	XM_039239644.1	100.000	21	0	0	1	21	402	382	2.1	39.2
Query_41719	XM_039239643.1	100.000	21	0	0	1	21	616	596	2.1	39.2
Query_41719	XM_039104497.1	100.000	21	0	0	1	21	933	913	2.1	39.2
Query_41719	XM_006234405.4	100.000	21	0	0	1	21	598	578	2.1	39.2
Query_41719	XM_038447236.1	100.000	21	0	0	1	21	322	302	2.1	39.2
Query_41719	XM_038447235.1	100.000	21	0	0	1	21	628	608	2.1	39.2
Query_41719	XM_038463393.1	100.000	21	0	0	1	21	322	302	2.1	39.2
Query_41719	XM_038463392.1	100.000	21	0	0	1	21	628	608	2.1	39.2
Query_41719	XM_038422435.1	100.000	21	0	0	1	21	378	358	2.1	39.2
Query_41719	XM_038422434.1	100.000	21	0	0	1	21	888	868	2.1	39.2
Query_41719	XM_038422433.1	100.000	21	0	0	1	21	781	761	2.1	39.2
Query_41719	XM_038422432.1	100.000	21	0	0	1	21	722	702	2.1	39.2
Query_41719	XM_038337979.1	100.000	21	0	0	1	21	455	435	2.1	39.2
Query_41719	XM_027461414.2	100.000	21	0	0	1	21	469	449	2.1	39.2
Query_41719	XM_038142540.1	100.000	21	0	0	1	21	162	142	2.1	39.2
Query_41719	XM_038142539.1	100.000	21	0	0	1	21	660	640	2.1	39.2
Query_41719	XM_038142538.1	100.000	21	0	0	1	21	451	431	2.1	39.2
Query_41719	XM_007965532.2	100.000	21	0	0	1	21	715	695	2.1	39.2
Query_41719	XM_007965531.2	100.000	21	0	0	1	21	645	625	2.1	39.2
Query_41719	XM_007965530.2	100.000	21	0	0	1	21	668	648	2.1	39.2
Query_41719	XM_037849091.1	100.000	21	0	0	1	21	481	461	2.1	39.2
Query_41719	XM_037849090.1	100.000	21	0	0	1	21	443	423	2.1	39.2
Query_41719	XM_037849089.1	100.000	21	0	0	1	21	681	661	2.1	39.2
Query_41719	XM_037839205.1	100.000	21	0	0	1	21	305	285	2.1	39.2
Query_41719	XM_037735836.1	100.000	21	0	0	1	21	290	270	2.1	39.2
Query_41719	XM_037732749.1	100.000	21	0	0	1	21	369	349	2.1	39.2
Query_41719	XM_017532745.2	100.000	21	0	0	1	21	721	701	2.1	39.2
Query_41719	XM_017532744.2	100.000	21	0	0	1	21	651	631	2.1	39.2
Query_41719	XM_017532743.2	100.000	21	0	0	1	21	730	710	2.1	39.2
Query_41719	XM_037523656.1	100.000	21	0	0	1	21	383	363	2.1	39.2
Query_41719	XM_037523655.1	100.000	21	0	0	1	21	474	454	2.1	39.2
Query_41719	XM_037523654.1	100.000	21	0	0	1	21	373	353	2.1	39.2
Query_41719	XM_037523653.1	100.000	21	0	0	1	21	668	648	2.1	39.2
Query_41719	XM_028884602.2	100.000	21	0	0	1	21	652	632	2.1	39.2
Query_41719	XM_028884601.2	100.000	21	0	0	1	21	725	705	2.1	39.2
Query_41719	XM_037130039.1	100.000	21	0	0	1	21	379	359	2.1	39.2
Query_41719	XM_037130038.1	100.000	21	0	0	1	21	386	366	2.1	39.2
Query_41719	XM_037130037.1	100.000	21	0	0	1	21	548	528	2.1	39.2
Query_41719	XM_037130036.1	100.000	21	0	0	1	21	648	628	2.1	39.2
Query_41719	XM_037044351.1	100.000	21	0	0	1	21	579	559	2.1	39.2
Query_41719	XM_037044350.1	100.000	21	0	0	1	21	386	366	2.1	39.2
Query_41719	XM_037044349.1	100.000	21	0	0	1	21	379	359	2.1	39.2
Query_41719	XM_037044348.1	100.000	21	0	0	1	21	512	492	2.1	39.2
Query_41719	XM_037044347.1	100.000	21	0	0	1	21	628	608	2.1	39.2
Query_41719	XM_037000303.1	100.000	21	0	0	1	21	439	419	2.1	39.2
Query_41719	XM_037000302.1	100.000	21	0	0	1	21	434	414	2.1	39.2
Query_41719	XM_037000301.1	100.000	21	0	0	1	21	321	301	2.1	39.2
Query_41719	XM_017668147.2	100.000	21	0	0	1	21	455	435	2.1	39.2
Query_41719	XM_017668146.2	100.000	21	0	0	1	21	576	556	2.1	39.2
Query_41719	XM_037000299.1	100.000	21	0	0	1	21	439	419	2.1	39.2
Query_41719	XM_036879408.1	100.000	21	0	0	1	21	433	413	2.1	39.2
Query_41719	XM_036879407.1	100.000	21	0	0	1	21	321	301	2.1	39.2
Query_41719	XM_036879406.1	100.000	21	0	0	1	21	453	433	2.1	39.2
Query_41719	XM_036879404.1	100.000	21	0	0	1	21	572	552	2.1	39.2
Query_41719	XM_036879403.1	100.000	21	0	0	1	21	623	603	2.1	39.2
Query_41719	XM_036497857.1	100.000	21	0	0	1	21	221	201	2.1	39.2
Query_41719	XM_036386778.1	100.000	21	0	0	1	21	452	432	2.1	39.2
Query_41719	XR_004958629.1	100.000	21	0	0	1	21	450	430	2.1	39.2
Query_41719	XM_036253507.1	100.000	21	0	0	1	21	667	647	2.1	39.2


