# blastn
# Iteration: 0
# Query: 
# RID: 9PP2G0J7013
# Database: nt
# Fields: query acc.ver, subject acc.ver, % identity, alignment length, mismatches, gap opens, q. start, q. end, s. start, s. end, evalue, bit score
# 100 hits found
Query_24653	XM_034995424.1	100.000	21	0	0	1	21	3488	3468	2.1	39.2
Query_24653	XM_034932122.1	100.000	21	0	0	1	21	3693	3673	2.1	39.2
Query_24653	XR_004664993.1	100.000	21	0	0	1	21	3586	3566	2.1	39.2
Query_24653	XM_034932121.1	100.000	21	0	0	1	21	3735	3715	2.1	39.2
Query_24653	XM_034932120.1	100.000	21	0	0	1	21	3345	3325	2.1	39.2
Query_24653	XM_034932119.1	100.000	21	0	0	1	21	3621	3601	2.1	39.2
Query_24653	XM_034932117.1	100.000	21	0	0	1	21	3431	3411	2.1	39.2
Query_24653	XM_034932116.1	100.000	21	0	0	1	21	3693	3673	2.1	39.2
Query_24653	XM_034932115.1	100.000	21	0	0	1	21	3693	3673	2.1	39.2
Query_24653	XM_034666539.1	100.000	21	0	0	1	21	3673	3653	2.1	39.2
Query_24653	XM_034666538.1	100.000	21	0	0	1	21	3673	3653	2.1	39.2
Query_24653	XM_011220930.3	100.000	21	0	0	1	21	3668	3648	2.1	39.2
Query_24653	XM_033207623.1	100.000	21	0	0	1	21	3745	3725	2.1	39.2
Query_24653	XR_004436191.1	100.000	21	0	0	1	21	3626	3606	2.1	39.2
Query_24653	XR_004436190.1	100.000	21	0	0	1	21	3600	3580	2.1	39.2
Query_24653	XM_033207622.1	100.000	21	0	0	1	21	3744	3724	2.1	39.2
Query_24653	XM_032166649.2	100.000	21	0	0	1	21	3362	3342	2.1	39.2
Query_24653	XM_032427394.1	100.000	21	0	0	1	21	3377	3357	2.1	39.2
Query_24653	XM_032427393.1	100.000	21	0	0	1	21	3449	3429	2.1	39.2
Query_24653	XM_032357951.1	100.000	21	0	0	1	21	3515	3495	2.1	39.2
Query_24653	XM_032357950.1	100.000	21	0	0	1	21	3432	3412	2.1	39.2
Query_24653	XM_032357949.1	100.000	21	0	0	1	21	3515	3495	2.1	39.2
Query_24653	XM_032357948.1	100.000	21	0	0	1	21	3442	3422	2.1	39.2
Query_24653	XM_032357947.1	100.000	21	0	0	1	21	3514	3494	2.1	39.2
Query_24653	XM_032240510.1	100.000	21	0	0	1	21	3570	3550	2.1	39.2
Query_24653	XM_032166651.1	100.000	21	0	0	1	21	3329	3309	2.1	39.2
Query_24653	XR_004250229.1	100.000	21	0	0	1	21	3220	3200	2.1	39.2
Query_24653	XM_023189815.3	100.000	21	0	0	1	21	3762	3742	2.1	39.2
Query_24653	XM_023189814.3	100.000	21	0	0	1	21	3761	3741	2.1	39.2
Query_24653	XM_031653328.1	100.000	21	0	0	1	21	3749	3729	2.1	39.2
Query_24653	XR_004177484.1	100.000	21	0	0	1	21	3627	3607	2.1	39.2
Query_24653	XR_004177482.1	100.000	21	0	0	1	21	3608	3588	2.1	39.2
Query_24653	XM_031653326.1	100.000	21	0	0	1	21	3715	3695	2.1	39.2
Query_24653	XM_021926103.2	100.000	21	0	0	1	21	3749	3729	2.1	39.2
Query_24653	XM_031017321.1	100.000	21	0	0	1	21	3365	3345	2.1	39.2
Query_24653	XM_004050666.3	100.000	21	0	0	1	21	3734	3714	2.1	39.2
Query_24653	XM_019037259.2	100.000	21	0	0	1	21	3259	3239	2.1	39.2
Query_24653	XM_019037258.2	100.000	21	0	0	1	21	3621	3601	2.1	39.2
Query_24653	XM_004050664.3	100.000	21	0	0	1	21	3734	3714	2.1	39.2
Query_24653	XM_030917678.1	100.000	21	0	0	1	21	3739	3719	2.1	39.2
Query_24653	XR_004053563.1	100.000	21	0	0	1	21	3617	3597	2.1	39.2
Query_24653	XM_030917677.1	100.000	21	0	0	1	21	3333	3313	2.1	39.2
Query_24653	XM_010384836.2	100.000	21	0	0	1	21	3739	3719	2.1	39.2
Query_24653	XR_004033591.1	100.000	21	0	0	1	21	3651	3631	2.1	39.2
Query_24653	XR_004033590.1	100.000	21	0	0	1	21	3593	3573	2.1	39.2
Query_24653	XM_030828843.1	100.000	21	0	0	1	21	3700	3680	2.1	39.2
Query_24653	XM_030828842.1	100.000	21	0	0	1	21	3628	3608	2.1	39.2
Query_24653	XM_030828841.1	100.000	21	0	0	1	21	3734	3714	2.1	39.2
Query_24653	XM_030331139.1	100.000	21	0	0	1	21	3440	3420	2.1	39.2
Query_24653	XM_030331138.1	100.000	21	0	0	1	21	3592	3572	2.1	39.2
Query_24653	NM_001348749.2	100.000	21	0	0	1	21	3627	3607	2.1	39.2
Query_24653	NM_001348750.2	100.000	21	0	0	1	21	3735	3715	2.1	39.2
Query_24653	NM_001243254.2	100.000	21	0	0	1	21	3699	3679	2.1	39.2
Query_24653	XM_002799642.3	100.000	21	0	0	1	21	3514	3494	2.1	39.2
Query_24653	XR_003722662.1	100.000	21	0	0	1	21	3392	3372	2.1	39.2
Query_24653	XR_003722661.1	100.000	21	0	0	1	21	3431	3411	2.1	39.2
Query_24653	XM_028833700.1	100.000	21	0	0	1	21	3514	3494	2.1	39.2
Query_24653	XM_015114896.2	100.000	21	0	0	1	21	3407	3387	2.1	39.2
Query_24653	XM_002799641.3	100.000	21	0	0	1	21	3514	3494	2.1	39.2
Query_24653	NM_015213.4	100.000	21	0	0	1	21	3699	3679	2.1	39.2
Query_24653	XM_027073184.1	100.000	21	0	0	1	21	3298	3278	2.1	39.2
Query_24653	XM_027073183.1	100.000	21	0	0	1	21	3391	3371	2.1	39.2
Query_24653	XM_027073182.1	100.000	21	0	0	1	21	3463	3443	2.1	39.2
Query_24653	XM_027073181.1	100.000	21	0	0	1	21	3546	3526	2.1	39.2
Query_24653	XM_027073180.1	100.000	21	0	0	1	21	3566	3546	2.1	39.2
Query_24653	XM_027073179.1	100.000	21	0	0	1	21	3618	3598	2.1	39.2
Query_24653	XM_026486083.1	100.000	21	0	0	1	21	3433	3413	2.1	39.2
Query_24653	XM_026486082.1	100.000	21	0	0	1	21	4149	4129	2.1	39.2
Query_24653	XM_026486081.1	100.000	21	0	0	1	21	3433	3413	2.1	39.2
Query_24653	NR_145966.2	100.000	21	0	0	1	21	3592	3572	2.1	39.2
Query_24653	XM_028116803.1	100.000	21	0	0	1	21	3408	3388	2.1	39.2
Query_24653	XM_028116802.1	100.000	21	0	0	1	21	3477	3457	2.1	39.2
Query_24653	XM_025929005.1	100.000	21	0	0	1	21	3424	3404	2.1	39.2
Query_24653	XM_025929003.1	100.000	21	0	0	1	21	3424	3404	2.1	39.2
Query_24653	XM_025848554.1	100.000	21	0	0	1	21	3371	3351	2.1	39.2
Query_24653	XR_003115626.1	100.000	21	0	0	1	21	3745	3725	2.1	39.2
Query_24653	XM_025356640.1	100.000	21	0	0	1	21	3723	3703	2.1	39.2
Query_24653	XM_040630769.1	100.000	21	0	0	1	21	3441	3421	2.1	39.2
Query_24653	XM_040630767.1	100.000	21	0	0	1	21	3438	3418	2.1	39.2
Query_24653	XM_040630766.1	100.000	21	0	0	1	21	3403	3383	2.1	39.2
Query_24653	XM_040630765.1	100.000	21	0	0	1	21	3441	3421	2.1	39.2
Query_24653	XM_040456926.1	100.000	21	0	0	1	21	3421	3401	2.1	39.2
Query_24653	XM_040456925.1	100.000	21	0	0	1	21	3456	3436	2.1	39.2
Query_24653	XM_040456924.1	100.000	21	0	0	1	21	3571	3551	2.1	39.2
Query_24653	XM_040456923.1	100.000	21	0	0	1	21	3558	3538	2.1	39.2
Query_24653	XM_040456922.1	100.000	21	0	0	1	21	3609	3589	2.1	39.2
Query_24653	XM_039470497.1	100.000	21	0	0	1	21	3765	3745	2.1	39.2
Query_24653	XM_039470496.1	100.000	21	0	0	1	21	3657	3637	2.1	39.2
Query_24653	XM_039470495.1	100.000	21	0	0	1	21	3765	3745	2.1	39.2
Query_24653	XM_037999737.1	100.000	21	0	0	1	21	3728	3708	2.1	39.2
Query_24653	XM_037999736.1	100.000	21	0	0	1	21	3656	3636	2.1	39.2
Query_24653	XM_008007293.2	100.000	21	0	0	1	21	3728	3708	2.1	39.2
Query_24653	XM_017500309.2	100.000	21	0	0	1	21	3435	3415	2.1	39.2
Query_24653	XM_036258063.1	100.000	21	0	0	1	21	3696	3676	2.1	39.2
Query_24653	XM_036258062.1	100.000	21	0	0	1	21	3400	3380	2.1	39.2
Query_24653	XM_036258061.1	100.000	21	0	0	1	21	3696	3676	2.1	39.2
Query_24653	XM_036068907.1	100.000	21	0	0	1	21	3399	3379	2.1	39.2
Query_24653	XM_036068899.1	100.000	21	0	0	1	21	3472	3452	2.1	39.2
Query_24653	XM_027578364.2	100.000	21	0	0	1	21	3559	3539	2.1	39.2
Query_24653	XM_027578362.2	100.000	21	0	0	1	21	3559	3539	2.1	39.2


