# blastn
# Iteration: 0
# Query: 
# RID: 6MKXED0W016
# Database: nt
# Fields: query acc.ver, subject acc.ver, % identity, alignment length, mismatches, gap opens, q. start, q. end, s. start, s. end, evalue, bit score
# 100 hits found
Query_6579	XM_003829274.3	100.000	21	0	0	1	21	333	313	2.0	39.2
Query_6579	XM_002912915.4	100.000	21	0	0	1	21	376	356	2.0	39.2
Query_6579	XM_027949574.2	100.000	21	0	0	1	21	348	328	2.0	39.2
Query_6579	XM_034507346.1	100.000	21	0	0	1	21	360	340	2.0	39.2
Query_6579	XR_002174172.2	100.000	21	0	0	1	21	520	500	2.0	39.2
Query_6579	XM_019210449.2	100.000	21	0	0	1	21	1116	1096	2.0	39.2
Query_6579	XM_019210448.2	100.000	21	0	0	1	21	1388	1368	2.0	39.2
Query_6579	XM_010642557.2	100.000	21	0	0	1	21	4366	4346	2.0	39.2
Query_6579	XM_019210447.2	100.000	21	0	0	1	21	1119	1099	2.0	39.2
Query_6579	XR_004478222.1	100.000	21	0	0	1	21	545	525	2.0	39.2
Query_6579	XM_033409828.1	100.000	21	0	0	1	21	545	525	2.0	39.2
Query_6579	XM_004282119.3	100.000	21	0	0	1	21	504	484	2.0	39.2
Query_6579	XM_004263629.3	100.000	21	0	0	1	21	302	282	2.0	39.2
Query_6579	CP050600.1	100.000	21	0	0	1	21	21855838	21855818	2.0	39.2
Query_6579	CP050574.1	100.000	21	0	0	1	21	497877	497857	2.0	39.2
Query_6579	CP050630.1	100.000	21	0	0	1	21	21848802	21848782	2.0	39.2
Query_6579	CP050613.1	100.000	21	0	0	1	21	491450	491430	2.0	39.2
Query_6579	XM_033269789.1	100.000	21	0	0	1	21	368	348	2.0	39.2
Query_6579	XM_033181205.1	100.000	21	0	0	1	21	1190	1170	2.0	39.2
Query_6579	XM_033095936.1	100.000	21	0	0	1	21	365	345	2.0	39.2
Query_6579	XM_032911682.1	100.000	21	0	0	1	21	356	336	2.0	39.2
Query_6579	XM_032837709.1	100.000	21	0	0	1	21	382	362	2.0	39.2
Query_6579	XM_032837708.1	100.000	21	0	0	1	21	382	362	2.0	39.2
Query_6579	XM_032837707.1	100.000	21	0	0	1	21	382	362	2.0	39.2
Query_6579	XM_032625524.1	100.000	21	0	0	1	21	326	306	2.0	39.2
Query_6579	XM_032625522.1	100.000	21	0	0	1	21	370	350	2.0	39.2
Query_6579	XM_030318352.2	100.000	21	0	0	1	21	371	351	2.0	39.2
Query_6579	XM_006179617.3	100.000	21	0	0	1	21	365	345	2.0	39.2
Query_6579	XM_032425198.1	100.000	21	0	0	1	21	371	351	2.0	39.2
Query_6579	XM_032336720.1	100.000	21	0	0	1	21	376	356	2.0	39.2
Query_6579	XM_032336718.1	100.000	21	0	0	1	21	376	356	2.0	39.2
Query_6579	XM_032336717.1	100.000	21	0	0	1	21	376	356	2.0	39.2
Query_6579	XM_032251564.1	100.000	21	0	0	1	21	682	662	2.0	39.2
Query_6579	XM_032157920.1	100.000	21	0	0	1	21	663	643	2.0	39.2
Query_6579	XM_023196017.2	100.000	21	0	0	1	21	655	635	2.0	39.2
Query_6579	NM_001194433.3	100.000	21	0	0	1	21	664	644	2.0	39.2
Query_6579	XM_006212804.3	100.000	21	0	0	1	21	364	344	2.0	39.2
Query_6579	XM_003900106.3	100.000	21	0	0	1	21	677	657	2.0	39.2
Query_6579	XM_010981544.2	100.000	21	0	0	1	21	365	345	2.0	39.2
Query_6579	XM_031354008.1	100.000	21	0	0	1	21	380	360	2.0	39.2
Query_6579	XM_031010702.1	100.000	21	0	0	1	21	655	635	2.0	39.2
Query_6579	XR_004042349.1	100.000	21	0	0	1	21	518	498	2.0	39.2
Query_6579	XM_030869623.1	100.000	21	0	0	1	21	363	343	2.0	39.2
Query_6579	XM_003266384.3	100.000	21	0	0	1	21	662	642	2.0	39.2
Query_6579	XM_030318333.1	100.000	21	0	0	1	21	358	338	2.0	39.2
Query_6579	XM_030245925.1	100.000	21	0	0	1	21	428	408	2.0	39.2
Query_6579	XM_011248967.2	100.000	21	0	0	1	21	1004	984	2.0	39.2
Query_6579	XM_013363114.3	100.000	21	0	0	1	21	320	300	2.0	39.2
Query_6579	XM_005335742.4	100.000	21	0	0	1	21	354	334	2.0	39.2
Query_6579	XM_040240092.1	100.000	21	0	0	1	21	659	639	2.0	39.2
Query_6579	HG994584.1	100.000	21	0	0	1	21	53776959	53776939	2.0	39.2
Query_6579	HG994391.1	100.000	21	0	0	1	21	23516882	23516862	2.0	39.2
Query_6579	HG994387.1	100.000	21	0	0	1	21	973128	973108	2.0	39.2
Query_6579	XM_039836039.1	100.000	21	0	0	1	21	629	609	2.0	39.2
Query_6579	XM_010338699.2	100.000	21	0	0	1	21	396	376	2.0	39.2
Query_6579	LR794188.1	100.000	21	0	0	1	21	53776959	53776939	2.0	39.2
Query_6579	XM_039242287.1	100.000	21	0	0	1	21	352	332	2.0	39.2
Query_6579	XM_039242286.1	100.000	21	0	0	1	21	352	332	2.0	39.2
Query_6579	XM_039242285.1	100.000	21	0	0	1	21	351	331	2.0	39.2
Query_6579	XM_006246343.3	100.000	21	0	0	1	21	385	365	2.0	39.2
Query_6579	XM_038660385.1	100.000	21	0	0	1	21	218	198	2.0	39.2
Query_6579	XM_038681540.1	100.000	21	0	0	1	21	487	467	2.0	39.2
Query_6579	XM_038464832.1	100.000	21	0	0	1	21	245	225	2.0	39.2
Query_6579	XM_022425310.2	100.000	21	0	0	1	21	487	467	2.0	39.2
Query_6579	XM_038325642.1	100.000	21	0	0	1	21	631	611	2.0	39.2
Query_6579	XM_038325641.1	100.000	21	0	0	1	21	564	544	2.0	39.2
Query_6579	XM_008014439.2	100.000	21	0	0	1	21	673	653	2.0	39.2
Query_6579	XM_037809629.1	100.000	21	0	0	1	21	255	235	2.0	39.2
Query_6579	XM_037800778.1	100.000	21	0	0	1	21	214	194	2.0	39.2
Query_6579	XM_037800777.1	100.000	21	0	0	1	21	348	328	2.0	39.2
Query_6579	XM_017532386.2	100.000	21	0	0	1	21	389	369	2.0	39.2
Query_6579	XM_037509311.1	100.000	21	0	0	1	21	319	299	2.0	39.2
Query_6579	XM_028857243.2	100.000	21	0	0	1	21	369	349	2.0	39.2
Query_6579	XM_037150865.1	100.000	21	0	0	1	21	285	265	2.0	39.2
Query_6579	XM_037150864.1	100.000	21	0	0	1	21	369	349	2.0	39.2
Query_6579	XM_037150863.1	100.000	21	0	0	1	21	367	347	2.0	39.2
Query_6579	XM_037050449.1	100.000	21	0	0	1	21	365	345	2.0	39.2
Query_6579	XM_037050448.1	100.000	21	0	0	1	21	364	344	2.0	39.2
Query_6579	XM_036493390.1	100.000	21	0	0	1	21	212	192	2.0	39.2
Query_6579	XM_036425397.1	100.000	21	0	0	1	21	370	350	2.0	39.2
Query_6579	XM_036425396.1	100.000	21	0	0	1	21	367	347	2.0	39.2
Query_6579	XM_036314880.1	100.000	21	0	0	1	21	217	197	2.0	39.2
Query_6579	XM_036314879.1	100.000	21	0	0	1	21	362	342	2.0	39.2
Query_6579	XM_036281631.1	100.000	21	0	0	1	21	311	291	2.0	39.2
Query_6579	XM_036281630.1	100.000	21	0	0	1	21	270	250	2.0	39.2
Query_6579	XM_036281629.1	100.000	21	0	0	1	21	347	327	2.0	39.2
Query_6579	XM_016137659.2	100.000	21	0	0	1	21	629	609	2.0	39.2
Query_6579	XM_036194495.1	100.000	21	0	0	1	21	282	262	2.0	39.2
Query_6579	XM_036194494.1	100.000	21	0	0	1	21	310	290	2.0	39.2
Query_6579	XM_036123942.1	100.000	21	0	0	1	21	399	379	2.0	39.2
Query_6579	XM_028527841.2	100.000	21	0	0	1	21	365	345	2.0	39.2
Query_6579	LR877236.1	100.000	21	0	0	1	21	33081380	33081400	2.0	39.2
Query_6579	LR877218.1	100.000	21	0	0	1	21	39796781	39796801	2.0	39.2
Query_6579	XM_025433233.2	100.000	21	0	0	1	21	486	466	2.0	39.2
Query_6579	XM_025433232.2	100.000	21	0	0	1	21	704	684	2.0	39.2
Query_6579	XM_035713350.1	100.000	21	0	0	1	21	218	198	2.0	39.2
Query_6579	LR862361.1	100.000	21	0	0	1	21	65639151	65639131	2.0	39.2
Query_6579	XM_027427583.2	100.000	21	0	0	1	21	342	322	2.0	39.2
Query_6579	XM_003498489.5	100.000	21	0	0	1	21	288	268	2.0	39.2
Query_6579	XM_002744157.6	100.000	21	0	0	1	21	684	664	2.0	39.2


