# blastn
# Iteration: 0
# Query: 
# RID: 6S5HVAT0016
# Database: nt
# Fields: query acc.ver, subject acc.ver, % identity, alignment length, mismatches, gap opens, q. start, q. end, s. start, s. end, evalue, bit score
# 100 hits found
Query_37987	XM_008976634.2	100.000	21	0	0	1	21	360	340	2.1	39.2
Query_37987	XM_003823013.3	100.000	21	0	0	1	21	342	322	2.1	39.2
Query_37987	XM_033198362.1	100.000	21	0	0	1	21	313	293	2.1	39.2
Query_37987	XM_033198361.1	100.000	21	0	0	1	21	335	315	2.1	39.2
Query_37987	XM_033198360.1	100.000	21	0	0	1	21	335	315	2.1	39.2
Query_37987	XM_033198359.1	100.000	21	0	0	1	21	335	315	2.1	39.2
Query_37987	XM_033198358.1	100.000	21	0	0	1	21	229	209	2.1	39.2
Query_37987	XR_004434096.1	100.000	21	0	0	1	21	335	315	2.1	39.2
Query_37987	XM_033198357.1	100.000	21	0	0	1	21	583	563	2.1	39.2
Query_37987	XM_033198356.1	100.000	21	0	0	1	21	335	315	2.1	39.2
Query_37987	XM_032136927.1	100.000	21	0	0	1	21	318	298	2.1	39.2
Query_37987	XM_032136926.1	100.000	21	0	0	1	21	314	294	2.1	39.2
Query_37987	XM_023186845.3	100.000	21	0	0	1	21	697	677	2.1	39.2
Query_37987	XR_639001.4	100.000	21	0	0	1	21	358	338	2.1	39.2
Query_37987	XM_009189984.4	100.000	21	0	0	1	21	358	338	2.1	39.2
Query_37987	XM_030930251.1	100.000	21	0	0	1	21	319	299	2.1	39.2
Query_37987	XM_010378845.2	100.000	21	0	0	1	21	342	322	2.1	39.2
Query_37987	XM_030930243.1	100.000	21	0	0	1	21	342	322	2.1	39.2
Query_37987	XM_012502075.2	100.000	21	0	0	1	21	314	294	2.1	39.2
Query_37987	XM_015120156.2	100.000	21	0	0	1	21	313	293	2.1	39.2
Query_37987	XM_015120144.2	100.000	21	0	0	1	21	347	327	2.1	39.2
Query_37987	XM_015120123.2	100.000	21	0	0	1	21	347	327	2.1	39.2
Query_37987	XM_026456675.1	100.000	21	0	0	1	21	334	314	2.1	39.2
Query_37987	XM_023186848.2	100.000	21	0	0	1	21	334	314	2.1	39.2
Query_37987	XM_023186846.2	100.000	21	0	0	1	21	334	314	2.1	39.2
Query_37987	XM_023186844.2	100.000	21	0	0	1	21	334	314	2.1	39.2
Query_37987	XM_025391108.1	100.000	21	0	0	1	21	318	298	2.1	39.2
Query_37987	XM_025391104.1	100.000	21	0	0	1	21	314	294	2.1	39.2
Query_37987	NM_014176.4	100.000	21	0	0	1	21	285	265	2.1	39.2
Query_37987	XM_011746666.2	100.000	21	0	0	1	21	313	293	2.1	39.2
Query_37987	XM_011746665.2	100.000	21	0	0	1	21	684	664	2.1	39.2
Query_37987	XM_011746664.2	100.000	21	0	0	1	21	556	536	2.1	39.2
Query_37987	XM_011746662.2	100.000	21	0	0	1	21	338	318	2.1	39.2
Query_37987	XM_009440790.2	100.000	21	0	0	1	21	334	314	2.1	39.2
Query_37987	XM_024350983.1	100.000	21	0	0	1	21	654	634	2.1	39.2
Query_37987	XM_514102.6	100.000	21	0	0	1	21	345	325	2.1	39.2
Query_37987	XM_024239242.1	100.000	21	0	0	1	21	683	663	2.1	39.2
Query_37987	XM_002809603.4	100.000	21	0	0	1	21	330	310	2.1	39.2
Query_37987	XM_004625355.2	100.000	21	0	0	1	21	320	300	2.1	39.2
Query_37987	XM_023186847.1	100.000	21	0	0	1	21	334	314	2.1	39.2
Query_37987	XM_003893291.3	100.000	21	0	0	1	21	358	338	2.1	39.2
Query_37987	LT735351.1	100.000	21	0	0	1	21	666	646	2.1	39.2
Query_37987	XM_009189991.2	100.000	21	0	0	1	21	313	293	2.1	39.2
Query_37987	XM_017896496.1	100.000	21	0	0	1	21	314	294	2.1	39.2
Query_37987	XM_017896495.1	100.000	21	0	0	1	21	356	336	2.1	39.2
Query_37987	XM_017896494.1	100.000	21	0	0	1	21	356	336	2.1	39.2
Query_37987	XM_017896493.1	100.000	21	0	0	1	21	356	336	2.1	39.2
Query_37987	XM_017896491.1	100.000	21	0	0	1	21	187	167	2.1	39.2
Query_37987	XR_001890023.1	100.000	21	0	0	1	21	356	336	2.1	39.2
Query_37987	XM_017896490.1	100.000	21	0	0	1	21	477	457	2.1	39.2
Query_37987	XM_017896489.1	100.000	21	0	0	1	21	356	336	2.1	39.2
Query_37987	XM_015448187.1	100.000	21	0	0	1	21	313	293	2.1	39.2
Query_37987	XM_015448182.1	100.000	21	0	0	1	21	350	330	2.1	39.2
Query_37987	XM_015448175.1	100.000	21	0	0	1	21	350	330	2.1	39.2
Query_37987	XM_005540454.2	100.000	21	0	0	1	21	350	330	2.1	39.2
Query_37987	XM_005540453.2	100.000	21	0	0	1	21	284	264	2.1	39.2
Query_37987	XM_005540452.2	100.000	21	0	0	1	21	680	660	2.1	39.2
Query_37987	XM_005540451.2	100.000	21	0	0	1	21	546	526	2.1	39.2
Query_37987	XM_005540450.2	100.000	21	0	0	1	21	350	330	2.1	39.2
Query_37987	XM_013157880.1	100.000	21	0	0	1	21	406	386	2.1	39.2
Query_37987	XM_003474833.2	100.000	21	0	0	1	21	406	386	2.1	39.2
Query_37987	NG_042230.1	100.000	21	0	0	1	21	11978	11958	2.1	39.2
Query_37987	XM_012726802.1	100.000	21	0	0	1	21	279	259	2.1	39.2
Query_37987	XM_004685509.2	100.000	21	0	0	1	21	289	269	2.1	39.2
Query_37987	XM_011931764.1	100.000	21	0	0	1	21	314	294	2.1	39.2
Query_37987	XM_011746661.1	100.000	21	0	0	1	21	338	318	2.1	39.2
Query_37987	XM_011990525.1	100.000	21	0	0	1	21	277	257	2.1	39.2
Query_37987	XM_011990523.1	100.000	21	0	0	1	21	314	294	2.1	39.2
Query_37987	KJ893680.1	100.000	21	0	0	1	21	244	224	2.1	39.2
Query_37987	XM_007988939.2	100.000	21	0	0	1	21	284	264	2.1	39.2
Query_37987	XM_037985742.1	100.000	21	0	0	1	21	634	614	2.1	39.2
Query_37987	XM_007988937.2	100.000	21	0	0	1	21	350	330	2.1	39.2
Query_37987	XM_007988936.2	100.000	21	0	0	1	21	349	329	2.1	39.2
Query_37987	XM_037497555.1	100.000	21	0	0	1	21	281	261	2.1	39.2
Query_37987	XM_037497554.1	100.000	21	0	0	1	21	281	261	2.1	39.2
Query_37987	XM_037497553.1	100.000	21	0	0	1	21	406	386	2.1	39.2
Query_37987	XM_037497552.1	100.000	21	0	0	1	21	281	261	2.1	39.2
Query_37987	NM_001310326.2	100.000	21	0	0	1	21	289	269	2.1	39.2
Query_37987	CU678592.1	100.000	21	0	0	1	21	195	175	2.1	39.2
Query_37987	DQ895975.2	100.000	21	0	0	1	21	201	181	2.1	39.2
Query_37987	DQ892729.2	100.000	21	0	0	1	21	201	181	2.1	39.2
Query_37987	BC019284.1	100.000	21	0	0	1	21	277	257	2.1	39.2
Query_37987	AL356953.17	100.000	21	0	0	1	21	152008	152028	2.1	39.2
Query_37987	BC004152.2	100.000	21	0	0	1	21	277	257	2.1	39.2
Query_37987	AF160215.1	100.000	21	0	0	1	21	272	252	2.1	39.2
Query_37987	AK000504.1	100.000	21	0	0	1	21	270	250	2.1	39.2
Query_37987	AF161499.1	100.000	21	0	0	1	21	305	285	2.1	39.2
Query_37987	AY542309.1	100.000	21	0	0	1	21	180	160	2.1	39.2
Query_37987	AB032931.1	100.000	21	0	0	1	21	221	201	2.1	39.2
Query_37987	AP023168.1	100.000	20	0	0	1	20	46147010	46147029	7.2	37.4
Query_37987	XM_033099474.1	100.000	20	0	0	1	20	362	343	7.2	37.4
Query_37987	XM_033099473.1	100.000	20	0	0	1	20	410	391	7.2	37.4
Query_37987	XM_033099471.1	100.000	20	0	0	1	20	362	343	7.2	37.4
Query_37987	XM_030303120.1	100.000	20	0	0	1	20	261	242	7.2	37.4
Query_37987	XM_030303119.1	100.000	20	0	0	1	20	306	287	7.2	37.4
Query_37987	XM_029933151.1	100.000	20	0	0	1	20	262	243	7.2	37.4
Query_37987	XM_029933150.1	100.000	20	0	0	1	20	284	265	7.2	37.4
Query_37987	XM_008830318.3	100.000	20	0	0	1	20	490	471	7.2	37.4
Query_37987	XM_039227583.1	100.000	20	0	0	1	20	182	163	7.2	37.4
Query_37987	XM_039227581.1	100.000	20	0	0	1	20	303	284	7.2	37.4


