# blastn
# Iteration: 0
# Query: 
# RID: 6MCX6PM1016
# Database: nt
# Fields: query acc.ver, subject acc.ver, % identity, alignment length, mismatches, gap opens, q. start, q. end, s. start, s. end, evalue, bit score
# 100 hits found
Query_10389	XM_003809056.3	100.000	21	0	0	1	21	513	493	2.0	39.2
Query_10389	XM_034958960.1	100.000	21	0	0	1	21	353	333	2.0	39.2
Query_10389	XM_014344701.2	100.000	21	0	0	1	21	610	590	2.0	39.2
Query_10389	XM_014344702.2	100.000	21	0	0	1	21	453	433	2.0	39.2
Query_10389	XM_008955337.2	100.000	21	0	0	1	21	662	642	2.0	39.2
Query_10389	XM_003829959.3	100.000	21	0	0	1	21	791	771	2.0	39.2
Query_10389	XM_008955336.2	100.000	21	0	0	1	21	588	568	2.0	39.2
Query_10389	XM_034958959.1	100.000	21	0	0	1	21	324	304	2.0	39.2
Query_10389	XM_034958958.1	100.000	21	0	0	1	21	458	438	2.0	39.2
Query_10389	XM_003832734.3	100.000	21	0	0	1	21	542	522	2.0	39.2
Query_10389	XM_033214894.1	100.000	21	0	0	1	21	630	610	2.0	39.2
Query_10389	XM_033214893.1	100.000	21	0	0	1	21	662	642	2.0	39.2
Query_10389	XM_033214892.1	100.000	21	0	0	1	21	790	770	2.0	39.2
Query_10389	XM_033214891.1	100.000	21	0	0	1	21	849	829	2.0	39.2
Query_10389	XM_032261601.1	100.000	21	0	0	1	21	764	744	2.0	39.2
Query_10389	XM_032261600.1	100.000	21	0	0	1	21	647	627	2.0	39.2
Query_10389	XM_032261599.1	100.000	21	0	0	1	21	850	830	2.0	39.2
Query_10389	XM_032261598.1	100.000	21	0	0	1	21	683	663	2.0	39.2
Query_10389	XM_032261597.1	100.000	21	0	0	1	21	616	596	2.0	39.2
Query_10389	XM_032261596.1	100.000	21	0	0	1	21	850	830	2.0	39.2
Query_10389	XR_004273200.1	100.000	21	0	0	1	21	330	310	2.0	39.2
Query_10389	XM_032291362.1	100.000	21	0	0	1	21	521	501	2.0	39.2
Query_10389	XR_004248757.1	100.000	21	0	0	1	21	614	594	2.0	39.2
Query_10389	XM_032176745.1	100.000	21	0	0	1	21	504	484	2.0	39.2
Query_10389	XM_032176665.1	100.000	21	0	0	1	21	787	767	2.0	39.2
Query_10389	XM_032176578.1	100.000	21	0	0	1	21	666	646	2.0	39.2
Query_10389	XM_032176491.1	100.000	21	0	0	1	21	864	844	2.0	39.2
Query_10389	XM_023220113.3	100.000	21	0	0	1	21	630	610	2.0	39.2
Query_10389	XM_023220111.2	100.000	21	0	0	1	21	662	642	2.0	39.2
Query_10389	XM_023220110.2	100.000	21	0	0	1	21	790	770	2.0	39.2
Query_10389	XM_023220109.3	100.000	21	0	0	1	21	974	954	2.0	39.2
Query_10389	XM_023220108.2	100.000	21	0	0	1	21	597	577	2.0	39.2
Query_10389	XM_017958908.3	100.000	21	0	0	1	21	457	437	2.0	39.2
Query_10389	XM_017958907.3	100.000	21	0	0	1	21	304	284	2.0	39.2
Query_10389	XM_003899032.5	100.000	21	0	0	1	21	541	521	2.0	39.2
Query_10389	XM_003899027.5	100.000	21	0	0	1	21	662	642	2.0	39.2
Query_10389	XM_003899028.4	100.000	21	0	0	1	21	790	770	2.0	39.2
Query_10389	XM_031664399.1	100.000	21	0	0	1	21	998	978	2.0	39.2
Query_10389	XM_003899026.4	100.000	21	0	0	1	21	597	577	2.0	39.2
Query_10389	XM_009207276.4	100.000	21	0	0	1	21	541	521	2.0	39.2
Query_10389	XM_009207275.4	100.000	21	0	0	1	21	615	595	2.0	39.2
Query_10389	XM_009207273.4	100.000	21	0	0	1	21	616	596	2.0	39.2
Query_10389	XM_009207274.3	100.000	21	0	0	1	21	742	722	2.0	39.2
Query_10389	XM_017958905.3	100.000	21	0	0	1	21	749	729	2.0	39.2
Query_10389	XM_031664398.1	100.000	21	0	0	1	21	727	707	2.0	39.2
Query_10389	XM_031664397.1	100.000	21	0	0	1	21	748	728	2.0	39.2
Query_10389	XM_009207272.4	100.000	21	0	0	1	21	597	577	2.0	39.2
Query_10389	XM_021938677.2	100.000	21	0	0	1	21	6273	6253	2.0	39.2
Query_10389	XM_021938676.2	100.000	21	0	0	1	21	7170	7150	2.0	39.2
Query_10389	XM_019025187.2	100.000	21	0	0	1	21	926	906	2.0	39.2
Query_10389	XR_004068165.1	100.000	21	0	0	1	21	424	404	2.0	39.2
Query_10389	XM_010363327.2	100.000	21	0	0	1	21	662	642	2.0	39.2
Query_10389	XM_010363328.2	100.000	21	0	0	1	21	790	770	2.0	39.2
Query_10389	XM_010363326.2	100.000	21	0	0	1	21	598	578	2.0	39.2
Query_10389	XM_004089032.3	100.000	21	0	0	1	21	791	771	2.0	39.2
Query_10389	XM_003257472.4	100.000	21	0	0	1	21	669	649	2.0	39.2
Query_10389	XM_003257471.3	100.000	21	0	0	1	21	866	846	2.0	39.2
Query_10389	XR_123476.4	100.000	21	0	0	1	21	610	590	2.0	39.2
Query_10389	XR_001116743.2	100.000	21	0	0	1	21	413	393	2.0	39.2
Query_10389	XM_003929504.3	100.000	21	0	0	1	21	662	642	2.0	39.2
Query_10389	XM_003929505.3	100.000	21	0	0	1	21	789	769	2.0	39.2
Query_10389	XM_003929502.3	100.000	21	0	0	1	21	597	577	2.0	39.2
Query_10389	XM_010340110.2	100.000	21	0	0	1	21	662	642	2.0	39.2
Query_10389	XM_010340111.2	100.000	21	0	0	1	21	789	769	2.0	39.2
Query_10389	XM_010340109.2	100.000	21	0	0	1	21	597	577	2.0	39.2
Query_10389	OE840912.1	100.000	21	0	0	1	21	91244	91264	2.0	39.2
Query_10389	XM_037990392.1	100.000	21	0	0	1	21	770	750	2.0	39.2
Query_10389	XM_037990386.1	100.000	21	0	0	1	21	610	590	2.0	39.2
Query_10389	XM_037990381.1	100.000	21	0	0	1	21	450	430	2.0	39.2
Query_10389	XM_007999423.2	100.000	21	0	0	1	21	667	647	2.0	39.2
Query_10389	XM_037990373.1	100.000	21	0	0	1	21	665	645	2.0	39.2
Query_10389	XM_037990369.1	100.000	21	0	0	1	21	754	734	2.0	39.2
Query_10389	XM_037990364.1	100.000	21	0	0	1	21	928	908	2.0	39.2
Query_10389	XM_007999419.2	100.000	21	0	0	1	21	770	750	2.0	39.2
Query_10389	XM_007999418.2	100.000	21	0	0	1	21	848	828	2.0	39.2
Query_10389	XR_005197369.1	100.000	21	0	0	1	21	439	419	2.0	39.2
Query_10389	XM_017508657.2	100.000	21	0	0	1	21	662	642	2.0	39.2
Query_10389	XM_017508656.2	100.000	21	0	0	1	21	792	772	2.0	39.2
Query_10389	XM_017508655.2	100.000	21	0	0	1	21	566	546	2.0	39.2
Query_10389	XM_017508652.2	100.000	21	0	0	1	21	554	534	2.0	39.2
Query_10389	XM_017508651.2	100.000	21	0	0	1	21	743	723	2.0	39.2
Query_10389	XM_017508650.2	100.000	21	0	0	1	21	862	842	2.0	39.2
Query_10389	XR_001825684.2	100.000	21	0	0	1	21	503	483	2.0	39.2
Query_10389	NM_181892.4	100.000	21	0	0	1	21	653	633	2.0	39.2
Query_10389	NM_181890.3	100.000	21	0	0	1	21	612	592	2.0	39.2
Query_10389	NM_001300795.2	100.000	21	0	0	1	21	483	463	2.0	39.2
Query_10389	NM_181893.3	100.000	21	0	0	1	21	460	440	2.0	39.2
Query_10389	NM_181887.3	100.000	21	0	0	1	21	764	744	2.0	39.2
Query_10389	XM_035293229.1	100.000	21	0	0	1	21	283	263	2.0	39.2
Query_10389	XM_008992914.3	100.000	21	0	0	1	21	538	518	2.0	39.2
Query_10389	XM_035293228.1	100.000	21	0	0	1	21	613	593	2.0	39.2
Query_10389	XM_002745541.4	100.000	21	0	0	1	21	662	642	2.0	39.2
Query_10389	XM_003732460.4	100.000	21	0	0	1	21	804	784	2.0	39.2
Query_10389	XM_002745539.4	100.000	21	0	0	1	21	597	577	2.0	39.2
Query_10389	XM_035293227.1	100.000	21	0	0	1	21	614	594	2.0	39.2
Query_10389	XM_035293226.1	100.000	21	0	0	1	21	455	435	2.0	39.2
Query_10389	XM_008992910.3	100.000	21	0	0	1	21	665	645	2.0	39.2
Query_10389	XM_008992912.3	100.000	21	0	0	1	21	720	700	2.0	39.2
Query_10389	XM_008992909.3	100.000	21	0	0	1	21	569	549	2.0	39.2
Query_10389	LS423619.1	100.000	21	0	0	1	21	14552939	14552919	2.0	39.2


