# blastn
# Iteration: 0
# Query: 
# RID: 9PKYHKAU016
# Database: nt
# Fields: query acc.ver, subject acc.ver, % identity, alignment length, mismatches, gap opens, q. start, q. end, s. start, s. end, evalue, bit score
# 100 hits found
Query_41927	XM_034986442.1	100.000	21	0	0	1	21	553	533	2.1	39.2
Query_41927	XM_034945734.1	100.000	21	0	0	1	21	476	456	2.1	39.2
Query_41927	XM_011234637.3	100.000	21	0	0	1	21	204	184	2.1	39.2
Query_41927	XM_033844831.1	100.000	21	0	0	1	21	765	745	2.1	39.2
Query_41927	XM_004283250.2	100.000	21	0	0	1	21	765	745	2.1	39.2
Query_41927	XM_033224775.1	100.000	21	0	0	1	21	821	801	2.1	39.2
Query_41927	XM_033127806.1	100.000	21	0	0	1	21	756	736	2.1	39.2
Query_41927	XM_032847714.1	100.000	21	0	0	1	21	299	279	2.1	39.2
Query_41927	XM_032614966.1	100.000	21	0	0	1	21	765	745	2.1	39.2
Query_41927	XM_032487481.1	100.000	21	0	0	1	21	765	745	2.1	39.2
Query_41927	XM_014564844.2	100.000	21	0	0	1	21	285	265	2.1	39.2
Query_41927	XM_032388640.1	100.000	21	0	0	1	21	894	874	2.1	39.2
Query_41927	XM_032324808.1	100.000	21	0	0	1	21	705	685	2.1	39.2
Query_41927	XM_032263313.1	100.000	21	0	0	1	21	810	790	2.1	39.2
Query_41927	XM_032171460.1	100.000	21	0	0	1	21	536	516	2.1	39.2
Query_41927	XM_023197562.3	100.000	21	0	0	1	21	817	797	2.1	39.2
Query_41927	NM_001194143.2	100.000	21	0	0	1	21	899	879	2.1	39.2
Query_41927	XM_031659367.1	100.000	21	0	0	1	21	890	870	2.1	39.2
Query_41927	XM_010989212.2	100.000	21	0	0	1	21	758	738	2.1	39.2
Query_41927	XM_031457488.1	100.000	21	0	0	1	21	693	673	2.1	39.2
Query_41927	XM_006747778.2	100.000	21	0	0	1	21	794	774	2.1	39.2
Query_41927	XM_004061618.3	100.000	21	0	0	1	21	828	808	2.1	39.2
Query_41927	XR_002003000.2	100.000	21	0	0	1	21	412	392	2.1	39.2
Query_41927	XM_010361181.2	100.000	21	0	0	1	21	795	775	2.1	39.2
Query_41927	XM_030848376.1	100.000	21	0	0	1	21	765	745	2.1	39.2
Query_41927	XM_030819428.1	100.000	21	0	0	1	21	1124	1104	2.1	39.2
Query_41927	XM_022564888.2	100.000	21	0	0	1	21	786	766	2.1	39.2
Query_41927	XM_030297580.1	100.000	21	0	0	1	21	311	291	2.1	39.2
Query_41927	XM_029926448.1	100.000	21	0	0	1	21	289	269	2.1	39.2
Query_41927	XM_008822792.3	100.000	21	0	0	1	21	328	308	2.1	39.2
Query_41927	XM_029240889.1	100.000	21	0	0	1	21	828	808	2.1	39.2
Query_41927	NM_003969.4	100.000	21	0	0	1	21	479	459	2.1	39.2
Query_41927	AC279043.1	100.000	21	0	0	1	21	33399	33419	2.1	39.2
Query_41927	AC279022.1	100.000	21	0	0	1	21	49877	49897	2.1	39.2
Query_41927	XM_007123110.3	100.000	21	0	0	1	21	820	800	2.1	39.2
Query_41927	XM_027097413.1	100.000	21	0	0	1	21	828	808	2.1	39.2
Query_41927	XM_027037588.1	100.000	21	0	0	1	21	339	319	2.1	39.2
Query_41927	XM_026489448.1	100.000	21	0	0	1	21	306	286	2.1	39.2
Query_41927	XM_027978947.1	100.000	21	0	0	1	21	298	278	2.1	39.2
Query_41927	XM_027978946.1	100.000	21	0	0	1	21	333	313	2.1	39.2
Query_41927	XM_027978945.1	100.000	21	0	0	1	21	298	278	2.1	39.2
Query_41927	XM_027921197.1	100.000	21	0	0	1	21	842	822	2.1	39.2
Query_41927	XM_006166716.3	100.000	21	0	0	1	21	149	129	2.1	39.2
Query_41927	CP034494.1	100.000	21	0	0	1	21	34344365	34344385	2.1	39.2
Query_41927	XM_027619724.1	100.000	21	0	0	1	21	508	488	2.1	39.2
Query_41927	XM_027514594.1	100.000	21	0	0	1	21	812	792	2.1	39.2
Query_41927	XM_025849383.1	100.000	21	0	0	1	21	508	488	2.1	39.2
Query_41927	XM_025848705.1	100.000	21	0	0	1	21	508	488	2.1	39.2
Query_41927	XM_025367066.1	100.000	21	0	0	1	21	1091	1071	2.1	39.2
Query_41927	XM_025367065.1	100.000	21	0	0	1	21	1091	1071	2.1	39.2
Query_41927	XM_025270420.1	100.000	21	0	0	1	21	353	333	2.1	39.2
Query_41927	XM_006067295.2	100.000	21	0	0	1	21	335	315	2.1	39.2
Query_41927	XM_015458446.2	100.000	21	0	0	1	21	812	792	2.1	39.2
Query_41927	XM_011751675.2	100.000	21	0	0	1	21	900	880	2.1	39.2
Query_41927	XM_024740917.1	100.000	21	0	0	1	21	249	229	2.1	39.2
Query_41927	XM_024570231.1	100.000	21	0	0	1	21	294	274	2.1	39.2
Query_41927	XM_016937020.2	100.000	21	0	0	1	21	934	914	2.1	39.2
Query_41927	XR_024683.6	100.000	21	0	0	1	21	438	418	2.1	39.2
Query_41927	XM_024237018.1	100.000	21	0	0	1	21	844	824	2.1	39.2
Query_41927	XM_006103382.3	100.000	21	0	0	1	21	435	415	2.1	39.2
Query_41927	XM_001495644.6	100.000	21	0	0	1	21	826	806	2.1	39.2
Query_41927	XM_011384637.2	100.000	21	0	0	1	21	813	793	2.1	39.2
Query_41927	XM_003467189.4	100.000	21	0	0	1	21	1388	1368	2.1	39.2
Query_41927	XM_023245780.1	100.000	21	0	0	1	21	330	310	2.1	39.2
Query_41927	XM_022492304.1	100.000	21	0	0	1	21	508	488	2.1	39.2
Query_41927	XM_022492267.1	100.000	21	0	0	1	21	347	327	2.1	39.2
Query_41927	XM_012473155.2	100.000	21	0	0	1	21	859	839	2.1	39.2
Query_41927	XM_021691852.1	100.000	21	0	0	1	21	852	832	2.1	39.2
Query_41927	XM_021691850.1	100.000	21	0	0	1	21	851	831	2.1	39.2
Query_41927	XM_021246106.1	100.000	21	0	0	1	21	264	244	2.1	39.2
Query_41927	XM_004866522.3	100.000	21	0	0	1	21	837	817	2.1	39.2
Query_41927	XM_021097419.1	100.000	21	0	0	1	21	685	665	2.1	39.2
Query_41927	XM_012752406.2	100.000	21	0	0	1	21	877	857	2.1	39.2
Query_41927	LT735850.1	100.000	21	0	0	1	21	736	716	2.1	39.2
Query_41927	XM_020158677.1	100.000	21	0	0	1	21	1445	1425	2.1	39.2
Query_41927	CP068262.2	100.000	21	0	0	1	21	38958963	38958943	2.1	39.2
Query_41927	XM_040978181.1	100.000	21	0	0	1	21	504	484	2.1	39.2
Query_41927	XM_040632897.1	100.000	21	0	0	1	21	299	279	2.1	39.2
Query_41927	XM_040465311.1	100.000	21	0	0	1	21	332	312	2.1	39.2
Query_41927	XM_040290859.1	100.000	21	0	0	1	21	272	252	2.1	39.2
Query_41927	XM_040251831.1	100.000	21	0	0	1	21	331	311	2.1	39.2
Query_41927	XM_040251830.1	100.000	21	0	0	1	21	770	750	2.1	39.2
Query_41927	XM_040251829.1	100.000	21	0	0	1	21	770	750	2.1	39.2
Query_41927	XM_039868785.1	100.000	21	0	0	1	21	809	789	2.1	39.2
Query_41927	XM_039466383.1	100.000	21	0	0	1	21	1086	1066	2.1	39.2
Query_41927	XM_039225255.1	100.000	21	0	0	1	21	799	779	2.1	39.2
Query_41927	XM_007998466.2	100.000	21	0	0	1	21	1003	983	2.1	39.2
Query_41927	XM_017509655.2	100.000	21	0	0	1	21	741	721	2.1	39.2
Query_41927	XM_037517301.1	100.000	21	0	0	1	21	351	331	2.1	39.2
Query_41927	XM_037148485.1	100.000	21	0	0	1	21	427	407	2.1	39.2
Query_41927	XM_036833162.1	100.000	21	0	0	1	21	768	748	2.1	39.2
Query_41927	XM_036426083.1	100.000	21	0	0	1	21	457	437	2.1	39.2
Query_41927	XM_036311451.1	100.000	21	0	0	1	21	807	787	2.1	39.2
Query_41927	XM_036273895.1	100.000	21	0	0	1	21	457	437	2.1	39.2
Query_41927	XM_016125757.2	100.000	21	0	0	1	21	484	464	2.1	39.2
Query_41927	AP023487.1	100.000	21	0	0	1	21	318948	318968	2.1	39.2
Query_41927	XM_036079788.1	100.000	21	0	0	1	21	508	488	2.1	39.2
Query_41927	XM_028530497.2	100.000	21	0	0	1	21	391	371	2.1	39.2
Query_41927	AC280253.1	100.000	21	0	0	1	21	158080	158100	2.1	39.2
Query_41927	XM_017967523.2	100.000	21	0	0	1	21	1082	1062	2.1	39.2


