# blastn
# Iteration: 0
# Query: 
# RID: 8YTENP2Y013
# Database: nt
# Fields: query acc.ver, subject acc.ver, % identity, alignment length, mismatches, gap opens, q. start, q. end, s. start, s. end, evalue, bit score
# 100 hits found
Query_45427	XM_035028986.1	100.000	21	0	0	1	21	222	202	2.1	39.2
Query_45427	XM_035011358.1	100.000	21	0	0	1	21	238	218	2.1	39.2
Query_45427	XM_034966245.1	100.000	21	0	0	1	21	216	196	2.1	39.2
Query_45427	XM_003831319.3	100.000	21	0	0	1	21	224	204	2.1	39.2
Query_45427	XM_008956682.2	100.000	21	0	0	1	21	223	203	2.1	39.2
Query_45427	XM_034966244.1	100.000	21	0	0	1	21	551	531	2.1	39.2
Query_45427	AP023169.1	100.000	21	0	0	1	21	25548313	25548333	2.1	39.2
Query_45427	XM_034668209.1	100.000	21	0	0	1	21	260	240	2.1	39.2
Query_45427	XM_011234055.3	100.000	21	0	0	1	21	223	203	2.1	39.2
Query_45427	XM_019807366.2	100.000	21	0	0	1	21	223	203	2.1	39.2
Query_45427	XM_011234054.3	100.000	21	0	0	1	21	223	203	2.1	39.2
Query_45427	XM_034668208.1	100.000	21	0	0	1	21	223	203	2.1	39.2
Query_45427	XR_004627818.1	100.000	21	0	0	1	21	223	203	2.1	39.2
Query_45427	XM_034668207.1	100.000	21	0	0	1	21	223	203	2.1	39.2
Query_45427	XR_004627817.1	100.000	21	0	0	1	21	223	203	2.1	39.2
Query_45427	XR_004627816.1	100.000	21	0	0	1	21	223	203	2.1	39.2
Query_45427	XM_034668206.1	100.000	21	0	0	1	21	223	203	2.1	39.2
Query_45427	XM_040741411.1	100.000	21	0	0	1	21	242	222	2.1	39.2
Query_45427	XM_008710808.2	100.000	21	0	0	1	21	265	245	2.1	39.2
Query_45427	XM_008710807.2	100.000	21	0	0	1	21	264	244	2.1	39.2
Query_45427	XM_040625540.1	100.000	21	0	0	1	21	266	246	2.1	39.2
Query_45427	XR_005833614.1	100.000	21	0	0	1	21	266	246	2.1	39.2
Query_45427	XM_040625539.1	100.000	21	0	0	1	21	266	246	2.1	39.2
Query_45427	XM_040487575.1	100.000	21	0	0	1	21	223	203	2.1	39.2
Query_45427	XM_040293935.1	100.000	21	0	0	1	21	202	182	2.1	39.2
Query_45427	XM_005335831.3	100.000	21	0	0	1	21	230	210	2.1	39.2
Query_45427	XM_040262050.1	100.000	21	0	0	1	21	223	203	2.1	39.2
Query_45427	HG994412.1	100.000	21	0	0	1	21	24637415	24637435	2.1	39.2
Query_45427	XM_039841888.1	100.000	21	0	0	1	21	241	221	2.1	39.2
Query_45427	XM_039841887.1	100.000	21	0	0	1	21	242	222	2.1	39.2
Query_45427	XM_039841886.1	100.000	21	0	0	1	21	314	294	2.1	39.2
Query_45427	XM_039841885.1	100.000	21	0	0	1	21	396	376	2.1	39.2
Query_45427	XM_039841884.1	100.000	21	0	0	1	21	352	332	2.1	39.2
Query_45427	XM_039841883.1	100.000	21	0	0	1	21	254	234	2.1	39.2
Query_45427	XM_039841882.1	100.000	21	0	0	1	21	242	222	2.1	39.2
Query_45427	XM_003940686.2	100.000	21	0	0	1	21	224	204	2.1	39.2
Query_45427	XM_039238384.1	100.000	21	0	0	1	21	139	119	2.1	39.2
Query_45427	XM_039238383.1	100.000	21	0	0	1	21	223	203	2.1	39.2
Query_45427	XM_039100160.1	100.000	21	0	0	1	21	544	524	2.1	39.2
Query_45427	XM_039110904.1	100.000	21	0	0	1	21	260	240	2.1	39.2
Query_45427	XM_039110903.1	100.000	21	0	0	1	21	276	256	2.1	39.2
Query_45427	XM_038441411.1	100.000	21	0	0	1	21	230	210	2.1	39.2
Query_45427	XM_038441410.1	100.000	21	0	0	1	21	296	276	2.1	39.2
Query_45427	XM_038441409.1	100.000	21	0	0	1	21	230	210	2.1	39.2
Query_45427	XM_038441408.1	100.000	21	0	0	1	21	230	210	2.1	39.2
Query_45427	XM_038441407.1	100.000	21	0	0	1	21	230	210	2.1	39.2
Query_45427	XM_038460827.1	100.000	21	0	0	1	21	230	210	2.1	39.2
Query_45427	XM_038460825.1	100.000	21	0	0	1	21	296	276	2.1	39.2
Query_45427	XM_544128.6	100.000	21	0	0	1	21	230	210	2.1	39.2
Query_45427	XM_022412442.2	100.000	21	0	0	1	21	230	210	2.1	39.2
Query_45427	XM_022412441.2	100.000	21	0	0	1	21	230	210	2.1	39.2
Query_45427	XM_038347775.1	100.000	21	0	0	1	21	176	156	2.1	39.2
Query_45427	XM_008000897.2	100.000	21	0	0	1	21	271	251	2.1	39.2
Query_45427	XM_038000381.1	100.000	21	0	0	1	21	322	302	2.1	39.2
Query_45427	XM_008000899.2	100.000	21	0	0	1	21	244	224	2.1	39.2
Query_45427	XM_037735437.1	100.000	21	0	0	1	21	177	157	2.1	39.2
Query_45427	XM_017520170.2	100.000	21	0	0	1	21	217	197	2.1	39.2
Query_45427	XM_017520171.2	100.000	21	0	0	1	21	224	204	2.1	39.2
Query_45427	XM_037505287.1	100.000	21	0	0	1	21	505	485	2.1	39.2
Query_45427	XM_037505278.1	100.000	21	0	0	1	21	237	217	2.1	39.2
Query_45427	XM_037505272.1	100.000	21	0	0	1	21	224	204	2.1	39.2
Query_45427	XM_037206429.1	100.000	21	0	0	1	21	229	209	2.1	39.2
Query_45427	XM_028864631.2	100.000	21	0	0	1	21	228	208	2.1	39.2
Query_45427	XM_036437154.1	100.000	21	0	0	1	21	229	209	2.1	39.2
Query_45427	XM_036338550.1	100.000	21	0	0	1	21	205	185	2.1	39.2
Query_45427	XM_036338549.1	100.000	21	0	0	1	21	205	185	2.1	39.2
Query_45427	XM_036338548.1	100.000	21	0	0	1	21	205	185	2.1	39.2
Query_45427	XM_036338547.1	100.000	21	0	0	1	21	205	185	2.1	39.2
Query_45427	XM_036263809.1	100.000	21	0	0	1	21	224	204	2.1	39.2
Query_45427	XR_004954568.1	100.000	21	0	0	1	21	1697	1677	2.1	39.2
Query_45427	XM_016153703.2	100.000	21	0	0	1	21	224	204	2.1	39.2
Query_45427	XM_016153702.2	100.000	21	0	0	1	21	223	203	2.1	39.2
Query_45427	XM_036178961.1	100.000	21	0	0	1	21	201	181	2.1	39.2
Query_45427	XM_011238402.4	100.000	21	0	0	1	21	337	317	2.1	39.2
Query_45427	XM_006495557.5	100.000	21	0	0	1	21	330	310	2.1	39.2
Query_45427	XM_036065339.1	100.000	21	0	0	1	21	238	218	2.1	39.2
Query_45427	XM_028517848.2	100.000	21	0	0	1	21	236	216	2.1	39.2
Query_45427	XM_036031029.1	100.000	21	0	0	1	21	236	216	2.1	39.2
Query_45427	XM_036031028.1	100.000	21	0	0	1	21	236	216	2.1	39.2
Query_45427	XM_035708301.1	100.000	21	0	0	1	21	230	210	2.1	39.2
Query_45427	XM_035708300.1	100.000	21	0	0	1	21	296	276	2.1	39.2
Query_45427	XM_025478024.2	100.000	21	0	0	1	21	230	210	2.1	39.2
Query_45427	XM_025478023.2	100.000	21	0	0	1	21	230	210	2.1	39.2
Query_45427	XM_025478021.2	100.000	21	0	0	1	21	230	210	2.1	39.2
Query_45427	XM_027608828.2	100.000	21	0	0	1	21	223	203	2.1	39.2
Query_45427	XR_004820016.1	100.000	21	0	0	1	21	223	203	2.1	39.2
Query_45427	XM_035727147.1	100.000	21	0	0	1	21	223	203	2.1	39.2
Query_45427	LR862371.1	100.000	21	0	0	1	21	34920885	34920905	2.1	39.2
Query_45427	XM_035440002.1	100.000	21	0	0	1	21	244	224	2.1	39.2
Query_45427	XM_027398805.2	100.000	21	0	0	1	21	244	224	2.1	39.2
Query_45427	XM_035440001.1	100.000	21	0	0	1	21	244	224	2.1	39.2
Query_45427	XM_016974779.3	100.000	21	0	0	1	21	153	133	2.1	39.2
Query_45427	XM_035454779.1	100.000	21	0	0	1	21	153	133	2.1	39.2
Query_45427	XM_008982789.4	100.000	21	0	0	1	21	299	279	2.1	39.2
Query_45427	XR_004735403.1	100.000	21	0	0	1	21	451	431	2.1	39.2
Query_45427	XM_035277257.1	100.000	21	0	0	1	21	125	105	2.1	39.2
Query_45427	XM_035277256.1	100.000	21	0	0	1	21	209	189	2.1	39.2
Query_45427	XM_008982790.3	100.000	21	0	0	1	21	384	364	2.1	39.2
Query_45427	XM_002759002.5	100.000	21	0	0	1	21	243	223	2.1	39.2
Query_45427	XM_002759003.5	100.000	21	0	0	1	21	271	251	2.1	39.2


