# blastn
# Iteration: 0
# Query: 
# RID: 6MFXX26X013
# Database: nt
# Fields: query acc.ver, subject acc.ver, % identity, alignment length, mismatches, gap opens, q. start, q. end, s. start, s. end, evalue, bit score
# 100 hits found
Query_28957	HG999684.1	100.000	21	0	0	1	21	40751125	40751145	2.0	39.2
Query_28957	XM_005325742.4	100.000	21	0	0	1	21	371	351	2.0	39.2
Query_28957	XM_040293037.1	100.000	21	0	0	1	21	262	242	2.0	39.2
Query_28957	XM_005325741.4	100.000	21	0	0	1	21	399	379	2.0	39.2
Query_28957	XM_040266533.1	100.000	21	0	0	1	21	310	290	2.0	39.2
Query_28957	XM_040237783.1	100.000	21	0	0	1	21	119	99	2.0	39.2
Query_28957	XM_040237782.1	100.000	21	0	0	1	21	104	84	2.0	39.2
Query_28957	XR_005720632.1	100.000	21	0	0	1	21	395	375	2.0	39.2
Query_28957	XM_040237780.1	100.000	21	0	0	1	21	491	471	2.0	39.2
Query_28957	XM_040237779.1	100.000	21	0	0	1	21	370	350	2.0	39.2
Query_28957	XM_040237778.1	100.000	21	0	0	1	21	395	375	2.0	39.2
Query_28957	XM_040237777.1	100.000	21	0	0	1	21	506	486	2.0	39.2
Query_28957	XM_040237776.1	100.000	21	0	0	1	21	494	474	2.0	39.2
Query_28957	XM_040237775.1	100.000	21	0	0	1	21	408	388	2.0	39.2
Query_28957	XM_040237774.1	100.000	21	0	0	1	21	384	364	2.0	39.2
Query_28957	XM_040237773.1	100.000	21	0	0	1	21	407	387	2.0	39.2
Query_28957	XM_040237772.1	100.000	21	0	0	1	21	270	250	2.0	39.2
Query_28957	XM_040237771.1	100.000	21	0	0	1	21	329	309	2.0	39.2
Query_28957	XM_040237769.1	100.000	21	0	0	1	21	408	388	2.0	39.2
Query_28957	XM_040237768.1	100.000	21	0	0	1	21	382	362	2.0	39.2
Query_28957	XM_040237767.1	100.000	21	0	0	1	21	395	375	2.0	39.2
Query_28957	XM_040063893.1	100.000	21	0	0	1	21	144	124	2.0	39.2
Query_28957	XM_040063892.1	100.000	21	0	0	1	21	358	338	2.0	39.2
Query_28957	XM_040063891.1	100.000	21	0	0	1	21	471	451	2.0	39.2
Query_28957	HG995377.1	100.000	21	0	0	1	21	10059292	10059272	2.0	39.2
Query_28957	HG994414.1	100.000	21	0	0	1	21	17426303	17426283	2.0	39.2
Query_28957	HG994405.1	100.000	21	0	0	1	21	6085500	6085480	2.0	39.2
Query_28957	HG994396.1	100.000	21	0	0	1	21	7499099	7499119	2.0	39.2
Query_28957	XM_039854835.1	100.000	21	0	0	1	21	138	118	2.0	39.2
Query_28957	XM_039848730.1	100.000	21	0	0	1	21	453	433	2.0	39.2
Query_28957	XM_039848729.1	100.000	21	0	0	1	21	385	365	2.0	39.2
Query_28957	XM_039848728.1	100.000	21	0	0	1	21	369	349	2.0	39.2
Query_28957	XM_039848727.1	100.000	21	0	0	1	21	380	360	2.0	39.2
Query_28957	XM_039848726.1	100.000	21	0	0	1	21	562	542	2.0	39.2
Query_28957	XM_039848725.1	100.000	21	0	0	1	21	396	376	2.0	39.2
Query_28957	XM_039701993.1	100.000	21	0	0	1	21	711	691	2.0	39.2
Query_28957	XM_039550791.1	100.000	21	0	0	1	21	753	733	2.0	39.2
Query_28957	XM_039472325.1	100.000	21	0	0	1	21	279	259	2.0	39.2
Query_28957	XM_003929504.3	100.000	21	0	0	1	21	471	451	2.0	39.2
Query_28957	XM_003929505.3	100.000	21	0	0	1	21	598	578	2.0	39.2
Query_28957	XM_003929502.3	100.000	21	0	0	1	21	406	386	2.0	39.2
Query_28957	XM_010340110.2	100.000	21	0	0	1	21	471	451	2.0	39.2
Query_28957	XM_010340111.2	100.000	21	0	0	1	21	598	578	2.0	39.2
Query_28957	XM_010340109.2	100.000	21	0	0	1	21	406	386	2.0	39.2
Query_28957	XM_027717876.2	100.000	21	0	0	1	21	702	682	2.0	39.2
Query_28957	XM_039220817.1	100.000	21	0	0	1	21	315	295	2.0	39.2
Query_28957	XM_039220816.1	100.000	21	0	0	1	21	367	347	2.0	39.2
Query_28957	XM_039220815.1	100.000	21	0	0	1	21	346	326	2.0	39.2
Query_28957	LR990281.1	100.000	21	0	0	1	21	17450943	17450963	2.0	39.2
Query_28957	CP068258.1	100.000	21	0	0	1	21	5333696	5333716	2.0	39.2
Query_28957	XM_006233338.3	100.000	21	0	0	1	21	380	360	2.0	39.2
Query_28957	XM_006233337.3	100.000	21	0	0	1	21	554	534	2.0	39.2
Query_28957	XM_006233336.4	100.000	21	0	0	1	21	401	381	2.0	39.2
Query_28957	XM_006233335.3	100.000	21	0	0	1	21	380	360	2.0	39.2
Query_28957	XM_006233334.3	100.000	21	0	0	1	21	524	504	2.0	39.2
Query_28957	XM_006233333.3	100.000	21	0	0	1	21	401	381	2.0	39.2
Query_28957	XM_038444267.1	100.000	21	0	0	1	21	384	364	2.0	39.2
Query_28957	XM_038444266.1	100.000	21	0	0	1	21	403	383	2.0	39.2
Query_28957	XM_038444265.1	100.000	21	0	0	1	21	380	360	2.0	39.2
Query_28957	XM_038444264.1	100.000	21	0	0	1	21	372	352	2.0	39.2
Query_28957	XM_038444263.1	100.000	21	0	0	1	21	386	366	2.0	39.2
Query_28957	XM_038444262.1	100.000	21	0	0	1	21	411	391	2.0	39.2
Query_28957	XM_038444261.1	100.000	21	0	0	1	21	403	383	2.0	39.2
Query_28957	XM_038462042.1	100.000	21	0	0	1	21	384	364	2.0	39.2
Query_28957	XM_005642458.4	100.000	21	0	0	1	21	403	383	2.0	39.2
Query_28957	XM_038462041.1	100.000	21	0	0	1	21	380	360	2.0	39.2
Query_28957	XM_038462040.1	100.000	21	0	0	1	21	373	353	2.0	39.2
Query_28957	XM_038462039.1	100.000	21	0	0	1	21	386	366	2.0	39.2
Query_28957	XM_038462038.1	100.000	21	0	0	1	21	407	387	2.0	39.2
Query_28957	XM_038462037.1	100.000	21	0	0	1	21	403	383	2.0	39.2
Query_28957	XM_038310764.1	100.000	21	0	0	1	21	354	334	2.0	39.2
Query_28957	XM_038310763.1	100.000	21	0	0	1	21	398	378	2.0	39.2
Query_28957	XM_038310762.1	100.000	21	0	0	1	21	427	407	2.0	39.2
Query_28957	XM_038177848.1	100.000	21	0	0	1	21	462	442	2.0	39.2
Query_28957	XM_027456011.2	100.000	21	0	0	1	21	464	444	2.0	39.2
Query_28957	XM_038136308.1	100.000	21	0	0	1	21	755	735	2.0	39.2
Query_28957	XM_037990392.1	100.000	21	0	0	1	21	579	559	2.0	39.2
Query_28957	XM_037990386.1	100.000	21	0	0	1	21	419	399	2.0	39.2
Query_28957	XM_037990381.1	100.000	21	0	0	1	21	259	239	2.0	39.2
Query_28957	XM_007999423.2	100.000	21	0	0	1	21	476	456	2.0	39.2
Query_28957	XM_037990373.1	100.000	21	0	0	1	21	474	454	2.0	39.2
Query_28957	XM_037990369.1	100.000	21	0	0	1	21	563	543	2.0	39.2
Query_28957	XM_037990364.1	100.000	21	0	0	1	21	737	717	2.0	39.2
Query_28957	XM_007999419.2	100.000	21	0	0	1	21	579	559	2.0	39.2
Query_28957	XM_007999418.2	100.000	21	0	0	1	21	657	637	2.0	39.2
Query_28957	XM_037821592.1	100.000	21	0	0	1	21	112	92	2.0	39.2
Query_28957	XM_037850263.1	100.000	21	0	0	1	21	106	86	2.0	39.2
Query_28957	XM_037830359.1	100.000	21	0	0	1	21	343	323	2.0	39.2
Query_28957	XM_037830358.1	100.000	21	0	0	1	21	354	334	2.0	39.2
Query_28957	XM_037830357.1	100.000	21	0	0	1	21	316	296	2.0	39.2
Query_28957	XM_037830356.1	100.000	21	0	0	1	21	368	348	2.0	39.2
Query_28957	XM_037830355.1	100.000	21	0	0	1	21	387	367	2.0	39.2
Query_28957	XM_017508657.2	100.000	21	0	0	1	21	471	451	2.0	39.2
Query_28957	XM_017508656.2	100.000	21	0	0	1	21	601	581	2.0	39.2
Query_28957	XM_017508655.2	100.000	21	0	0	1	21	375	355	2.0	39.2
Query_28957	XM_017508652.2	100.000	21	0	0	1	21	363	343	2.0	39.2
Query_28957	XM_017508651.2	100.000	21	0	0	1	21	552	532	2.0	39.2
Query_28957	XM_017508650.2	100.000	21	0	0	1	21	671	651	2.0	39.2
Query_28957	XR_001825684.2	100.000	21	0	0	1	21	312	292	2.0	39.2
Query_28957	XM_037509625.1	100.000	21	0	0	1	21	345	325	2.0	39.2


