# blastn
# Iteration: 0
# Query: 
# RID: 6MXWT5E2013
# Database: nt
# Fields: query acc.ver, subject acc.ver, % identity, alignment length, mismatches, gap opens, q. start, q. end, s. start, s. end, evalue, bit score
# 102 hits found
Query_20317	XM_035098352.1	100.000	21	0	0	1	21	202	182	2.0	39.2
Query_20317	XM_034997428.1	100.000	21	0	0	1	21	149	129	2.0	39.2
Query_20317	XM_034989198.1	100.000	21	0	0	1	21	142	122	2.0	39.2
Query_20317	XM_035022127.1	100.000	21	0	0	1	21	178	158	2.0	39.2
Query_20317	XM_035013900.1	100.000	21	0	0	1	21	115	95	2.0	39.2
Query_20317	XM_034948808.1	100.000	21	0	0	1	21	736	716	2.0	39.2
Query_20317	XM_005334483.4	100.000	21	0	0	1	21	207	187	2.0	39.2
Query_20317	HG994409.1	100.000	21	0	0	1	21	15986493	15986473	2.0	39.2
Query_20317	HG994406.1	100.000	21	0	0	1	21	2026654	2026634	2.0	39.2
Query_20317	HG994406.1	100.000	21	0	0	1	21	33172563	33172543	2.0	39.2
Query_20317	HG994404.1	100.000	21	0	0	1	21	25818073	25818053	2.0	39.2
Query_20317	HG994397.1	100.000	21	0	0	1	21	44832729	44832709	2.0	39.2
Query_20317	HG994395.1	100.000	21	0	0	1	21	35546034	35546054	2.0	39.2
Query_20317	XM_039868429.1	100.000	21	0	0	1	21	220	200	2.0	39.2
Query_20317	XM_039868428.1	100.000	21	0	0	1	21	177	157	2.0	39.2
Query_20317	XM_039504779.1	100.000	21	0	0	1	21	120	100	2.0	39.2
Query_20317	XM_039504778.1	100.000	21	0	0	1	21	236	216	2.0	39.2
Query_20317	XM_003942643.3	100.000	21	0	0	1	21	185	165	2.0	39.2
Query_20317	XM_039469933.1	100.000	21	0	0	1	21	121	101	2.0	39.2
Query_20317	XM_039332347.1	100.000	21	0	0	1	21	233	213	2.0	39.2
Query_20317	XM_039332346.1	100.000	21	0	0	1	21	239	219	2.0	39.2
Query_20317	XM_039222468.1	100.000	21	0	0	1	21	114	94	2.0	39.2
Query_20317	XM_039242863.1	100.000	21	0	0	1	21	188	168	2.0	39.2
Query_20317	XM_039239305.1	100.000	21	0	0	1	21	120	100	2.0	39.2
Query_20317	CP068256.1	100.000	21	0	0	1	21	22035196	22035176	2.0	39.2
Query_20317	XM_039088548.1	100.000	21	0	0	1	21	106	86	2.0	39.2
Query_20317	XM_039088547.1	100.000	21	0	0	1	21	218	198	2.0	39.2
Query_20317	XM_038437622.1	100.000	21	0	0	1	21	156	136	2.0	39.2
Query_20317	XM_038431679.1	100.000	21	0	0	1	21	97	77	2.0	39.2
Query_20317	XM_534767.7	100.000	21	0	0	1	21	156	136	2.0	39.2
Query_20317	XM_038457404.1	100.000	21	0	0	1	21	97	77	2.0	39.2
Query_20317	XM_038372710.1	100.000	21	0	0	1	21	347	327	2.0	39.2
Query_20317	XM_038372709.1	100.000	21	0	0	1	21	322	302	2.0	39.2
Query_20317	XM_038372708.1	100.000	21	0	0	1	21	222	202	2.0	39.2
Query_20317	XM_038320860.1	100.000	21	0	0	1	21	114	94	2.0	39.2
Query_20317	XM_038320010.1	100.000	21	0	0	1	21	118	98	2.0	39.2
Query_20317	XM_038348368.1	100.000	21	0	0	1	21	114	94	2.0	39.2
Query_20317	XM_038346230.1	100.000	21	0	0	1	21	158	138	2.0	39.2
Query_20317	XM_007974919.2	100.000	21	0	0	1	21	307	287	2.0	39.2
Query_20317	XM_037986854.1	100.000	21	0	0	1	21	339	319	2.0	39.2
Query_20317	XM_037878413.1	100.000	21	0	0	1	21	237	217	2.0	39.2
Query_20317	XM_037799209.1	100.000	21	0	0	1	21	125	105	2.0	39.2
Query_20317	XM_037823569.1	100.000	21	0	0	1	21	145	125	2.0	39.2
Query_20317	XM_037734947.1	100.000	21	0	0	1	21	150	130	2.0	39.2
Query_20317	XM_017518623.2	100.000	21	0	0	1	21	190	170	2.0	39.2
Query_20317	XM_037738360.1	100.000	21	0	0	1	21	123	103	2.0	39.2
Query_20317	XM_037737901.1	100.000	21	0	0	1	21	138	118	2.0	39.2
Query_20317	XM_037495637.1	100.000	21	0	0	1	21	153	133	2.0	39.2
Query_20317	XM_037067301.1	100.000	21	0	0	1	21	191	171	2.0	39.2
Query_20317	XM_036993260.1	100.000	21	0	0	1	21	198	178	2.0	39.2
Query_20317	XM_036461254.1	100.000	21	0	0	1	21	138	118	2.0	39.2
Query_20317	XM_036449777.1	100.000	21	0	0	1	21	228	208	2.0	39.2
Query_20317	XM_036449776.1	100.000	21	0	0	1	21	233	213	2.0	39.2
Query_20317	XM_036449775.1	100.000	21	0	0	1	21	294	274	2.0	39.2
Query_20317	XM_036353530.1	100.000	21	0	0	1	21	232	212	2.0	39.2
Query_20317	XM_036353528.1	100.000	21	0	0	1	21	212	192	2.0	39.2
Query_20317	XM_036353527.1	100.000	21	0	0	1	21	872	852	2.0	39.2
Query_20317	XM_036276571.1	100.000	21	0	0	1	21	284	264	2.0	39.2
Query_20317	XM_036276570.1	100.000	21	0	0	1	21	308	288	2.0	39.2
Query_20317	XM_036276569.1	100.000	21	0	0	1	21	134	114	2.0	39.2
Query_20317	XM_016120176.2	100.000	21	0	0	1	21	217	197	2.0	39.2
Query_20317	XM_016120175.2	100.000	21	0	0	1	21	182	162	2.0	39.2
Query_20317	AP023482.1	100.000	21	0	0	1	21	17259721	17259701	2.0	39.2
Query_20317	XM_036197722.1	100.000	21	0	0	1	21	163	143	2.0	39.2
Query_20317	XM_036156152.1	100.000	21	0	0	1	21	143	123	2.0	39.2
Query_20317	XM_036076454.1	100.000	21	0	0	1	21	257	237	2.0	39.2
Query_20317	XM_036076453.1	100.000	21	0	0	1	21	191	171	2.0	39.2
Query_20317	XM_036076452.1	100.000	21	0	0	1	21	87	67	2.0	39.2
Query_20317	XM_036076451.1	100.000	21	0	0	1	21	104	84	2.0	39.2
Query_20317	XM_036076450.1	100.000	21	0	0	1	21	87	67	2.0	39.2
Query_20317	XM_028506874.2	100.000	21	0	0	1	21	129	109	2.0	39.2
Query_20317	XM_028505042.2	100.000	21	0	0	1	21	138	118	2.0	39.2
Query_20317	LR877235.1	100.000	21	0	0	1	21	7344872	7344892	2.0	39.2
Query_20317	LR877235.1	100.000	21	0	0	1	21	31951451	31951471	2.0	39.2
Query_20317	LR877219.1	100.000	21	0	0	1	21	2405385	2405405	2.0	39.2
Query_20317	XM_035706285.1	100.000	21	0	0	1	21	106	86	2.0	39.2
Query_20317	XM_035706284.1	100.000	21	0	0	1	21	106	86	2.0	39.2
Query_20317	XM_025474927.2	100.000	21	0	0	1	21	158	138	2.0	39.2
Query_20317	XM_035705315.1	100.000	21	0	0	1	21	129	109	2.0	39.2
Query_20317	XM_035727311.1	100.000	21	0	0	1	21	114	94	2.0	39.2
Query_20317	XM_027599945.2	100.000	21	0	0	1	21	114	94	2.0	39.2
Query_20317	XM_027577635.2	100.000	21	0	0	1	21	114	94	2.0	39.2
Query_20317	XM_027577314.2	100.000	21	0	0	1	21	134	114	2.0	39.2
Query_20317	XM_027576173.2	100.000	21	0	0	1	21	149	129	2.0	39.2
Query_20317	XM_027576172.2	100.000	21	0	0	1	21	149	129	2.0	39.2
Query_20317	LR862375.1	100.000	21	0	0	1	21	8128330	8128350	2.0	39.2
Query_20317	LR862368.1	100.000	21	0	0	1	21	11412196	11412176	2.0	39.2
Query_20317	LR862365.1	100.000	21	0	0	1	21	58467540	58467560	2.0	39.2
Query_20317	XM_027413209.2	100.000	21	0	0	1	21	127	107	2.0	39.2
Query_20317	XM_035444743.1	100.000	21	0	0	1	21	96	76	2.0	39.2
Query_20317	XM_027413208.2	100.000	21	0	0	1	21	233	213	2.0	39.2
Query_20317	XM_007643458.4	100.000	21	0	0	1	21	130	110	2.0	39.2
Query_20317	XM_016975801.3	100.000	21	0	0	1	21	96	76	2.0	39.2
Query_20317	XM_003502820.5	100.000	21	0	0	1	21	233	213	2.0	39.2
Query_20317	XM_002752526.5	100.000	21	0	0	1	21	160	140	2.0	39.2
Query_20317	XM_035284661.1	100.000	21	0	0	1	21	145	125	2.0	39.2
Query_20317	XM_035290943.1	100.000	21	0	0	1	21	145	125	2.0	39.2
Query_20317	XR_617564.3	100.000	21	0	0	1	21	137	117	2.0	39.2
Query_20317	XM_035267117.1	100.000	21	0	0	1	21	229	209	2.0	39.2
Query_20317	XM_002806551.5	100.000	21	0	0	1	21	225	205	2.0	39.2
Query_20317	XM_035267104.1	100.000	21	0	0	1	21	192	172	2.0	39.2
Query_20317	XM_035267097.1	100.000	21	0	0	1	21	217	197	2.0	39.2


