# blastn
# Iteration: 0
# Query: 
# RID: 6WZYW3J501R
# Database: nt
# Fields: query acc.ver, subject acc.ver, % identity, alignment length, mismatches, gap opens, q. start, q. end, s. start, s. end, evalue, bit score
# 100 hits found
Query_478189	XM_027952015.2	100.000	21	0	0	1	21	529	509	2.0	39.2
Query_478189	XM_027952014.2	100.000	21	0	0	1	21	529	509	2.0	39.2
Query_478189	XM_027952013.2	100.000	21	0	0	1	21	529	509	2.0	39.2
Query_478189	XM_033836661.1	100.000	21	0	0	1	21	453	433	2.0	39.2
Query_478189	XM_033836660.1	100.000	21	0	0	1	21	957	937	2.0	39.2
Query_478189	XM_004276623.3	100.000	21	0	0	1	21	935	915	2.0	39.2
Query_478189	XM_032603407.1	100.000	21	0	0	1	21	889	869	2.0	39.2
Query_478189	XM_032603405.1	100.000	21	0	0	1	21	1105	1085	2.0	39.2
Query_478189	XM_032603404.1	100.000	21	0	0	1	21	1105	1085	2.0	39.2
Query_478189	XM_032603403.1	100.000	21	0	0	1	21	721	701	2.0	39.2
Query_478189	XM_032603402.1	100.000	21	0	0	1	21	1105	1085	2.0	39.2
Query_478189	XM_030859908.1	100.000	21	0	0	1	21	943	923	2.0	39.2
Query_478189	XM_022598097.2	100.000	21	0	0	1	21	551	531	2.0	39.2
Query_478189	XM_022598094.2	100.000	21	0	0	1	21	707	687	2.0	39.2
Query_478189	XM_006534921.4	100.000	21	0	0	1	21	674	654	2.0	39.2
Query_478189	XM_006534920.4	100.000	21	0	0	1	21	657	637	2.0	39.2
Query_478189	XM_021162625.2	100.000	21	0	0	1	21	357	337	2.0	39.2
Query_478189	XM_029228297.1	100.000	21	0	0	1	21	521	501	2.0	39.2
Query_478189	XM_029228286.1	100.000	21	0	0	1	21	521	501	2.0	39.2
Query_478189	XM_028777391.1	100.000	21	0	0	1	21	600	580	2.0	39.2
Query_478189	XM_028777390.1	100.000	21	0	0	1	21	600	580	2.0	39.2
Query_478189	XM_028777389.1	100.000	21	0	0	1	21	600	580	2.0	39.2
Query_478189	XM_028777387.1	100.000	21	0	0	1	21	636	616	2.0	39.2
Query_478189	XM_027125217.1	100.000	21	0	0	1	21	943	923	2.0	39.2
Query_478189	XM_026409676.1	100.000	21	0	0	1	21	339	319	2.0	39.2
Query_478189	XM_026409675.1	100.000	21	0	0	1	21	555	535	2.0	39.2
Query_478189	XM_026409674.1	100.000	21	0	0	1	21	555	535	2.0	39.2
Query_478189	XM_027980233.1	100.000	21	0	0	1	21	521	501	2.0	39.2
Query_478189	XM_027980232.1	100.000	21	0	0	1	21	521	501	2.0	39.2
Query_478189	XM_027567137.1	100.000	21	0	0	1	21	369	349	2.0	39.2
Query_478189	XM_027567136.1	100.000	21	0	0	1	21	580	560	2.0	39.2
Query_478189	XM_027567135.1	100.000	21	0	0	1	21	583	563	2.0	39.2
Query_478189	XM_025267899.1	100.000	21	0	0	1	21	544	524	2.0	39.2
Query_478189	XM_025267898.1	100.000	21	0	0	1	21	745	725	2.0	39.2
Query_478189	XM_025267897.1	100.000	21	0	0	1	21	821	801	2.0	39.2
Query_478189	XM_025267896.1	100.000	21	0	0	1	21	817	797	2.0	39.2
Query_478189	XM_025267895.1	100.000	21	0	0	1	21	752	732	2.0	39.2
Query_478189	XM_025267894.1	100.000	21	0	0	1	21	824	804	2.0	39.2
Query_478189	NM_001192643.2	100.000	21	0	0	1	21	521	501	2.0	39.2
Query_478189	XM_025045489.1	100.000	21	0	0	1	21	452	432	2.0	39.2
Query_478189	XM_024977307.1	100.000	21	0	0	1	21	648	628	2.0	39.2
Query_478189	XM_024977306.1	100.000	21	0	0	1	21	571	551	2.0	39.2
Query_478189	XM_024566650.1	100.000	21	0	0	1	21	563	543	2.0	39.2
Query_478189	XM_011371374.2	100.000	21	0	0	1	21	584	564	2.0	39.2
Query_478189	XM_022598096.1	100.000	21	0	0	1	21	910	890	2.0	39.2
Query_478189	XM_022598093.1	100.000	21	0	0	1	21	679	659	2.0	39.2
Query_478189	XM_022598092.1	100.000	21	0	0	1	21	551	531	2.0	39.2
Query_478189	XM_021162624.1	100.000	21	0	0	1	21	601	581	2.0	39.2
Query_478189	XM_021162623.1	100.000	21	0	0	1	21	778	758	2.0	39.2
Query_478189	XM_020905668.1	100.000	21	0	0	1	21	521	501	2.0	39.2
Query_478189	XM_020905667.1	100.000	21	0	0	1	21	521	501	2.0	39.2
Query_478189	XM_019977025.1	100.000	21	0	0	1	21	707	687	2.0	39.2
Query_478189	XM_018061328.1	100.000	21	0	0	1	21	590	570	2.0	39.2
Query_478189	XM_018061327.1	100.000	21	0	0	1	21	314	294	2.0	39.2
Query_478189	XM_021733942.2	100.000	21	0	0	1	21	465	445	2.0	39.2
Query_478189	XM_040251537.1	100.000	21	0	0	1	21	546	526	2.0	39.2
Query_478189	XM_040251536.1	100.000	21	0	0	1	21	546	526	2.0	39.2
Query_478189	XM_039879192.1	100.000	21	0	0	1	21	625	605	2.0	39.2
Query_478189	XM_039879191.1	100.000	21	0	0	1	21	625	605	2.0	39.2
Query_478189	XR_005491585.1	100.000	21	0	0	1	21	827	807	2.0	39.2
Query_478189	XM_039089009.1	100.000	21	0	0	1	21	388	368	2.0	39.2
Query_478189	XM_039089008.1	100.000	21	0	0	1	21	525	505	2.0	39.2
Query_478189	XM_039089007.1	100.000	21	0	0	1	21	504	484	2.0	39.2
Query_478189	XM_008769306.3	100.000	21	0	0	1	21	469	449	2.0	39.2
Query_478189	XM_017598236.2	100.000	21	0	0	1	21	827	807	2.0	39.2
Query_478189	XM_006249517.4	100.000	21	0	0	1	21	791	771	2.0	39.2
Query_478189	XM_006249516.4	100.000	21	0	0	1	21	827	807	2.0	39.2
Query_478189	XM_039089005.1	100.000	21	0	0	1	21	827	807	2.0	39.2
Query_478189	XM_017598235.2	100.000	21	0	0	1	21	695	675	2.0	39.2
Query_478189	XM_008769305.3	100.000	21	0	0	1	21	791	771	2.0	39.2
Query_478189	XM_017598234.2	100.000	21	0	0	1	21	827	807	2.0	39.2
Query_478189	XM_006249515.4	100.000	21	0	0	1	21	827	807	2.0	39.2
Query_478189	XM_038346066.1	100.000	21	0	0	1	21	521	501	2.0	39.2
Query_478189	XM_038346064.1	100.000	21	0	0	1	21	521	501	2.0	39.2
Query_478189	XM_038346063.1	100.000	21	0	0	1	21	464	444	2.0	39.2
Query_478189	XM_038346062.1	100.000	21	0	0	1	21	521	501	2.0	39.2
Query_478189	XM_038346061.1	100.000	21	0	0	1	21	563	543	2.0	39.2
Query_478189	NM_053656.3	100.000	21	0	0	1	21	518	498	2.0	39.2
Query_478189	XM_028857030.2	100.000	21	0	0	1	21	588	568	2.0	39.2
Query_478189	XM_037198543.1	100.000	21	0	0	1	21	552	532	2.0	39.2
Query_478189	XM_037160947.1	100.000	21	0	0	1	21	552	532	2.0	39.2
Query_478189	XM_037160945.1	100.000	21	0	0	1	21	552	532	2.0	39.2
Query_478189	XM_037160944.1	100.000	21	0	0	1	21	552	532	2.0	39.2
Query_478189	XM_037051827.1	100.000	21	0	0	1	21	336	316	2.0	39.2
Query_478189	XM_037051826.1	100.000	21	0	0	1	21	552	532	2.0	39.2
Query_478189	XM_037051825.1	100.000	21	0	0	1	21	552	532	2.0	39.2
Query_478189	XM_036823312.1	100.000	21	0	0	1	21	521	501	2.0	39.2
Query_478189	XM_036823311.1	100.000	21	0	0	1	21	521	501	2.0	39.2
Query_478189	XM_036303495.1	100.000	21	0	0	1	21	311	291	2.0	39.2
Query_478189	XM_036303493.1	100.000	21	0	0	1	21	541	521	2.0	39.2
Query_478189	XM_036303492.1	100.000	21	0	0	1	21	541	521	2.0	39.2
Query_478189	XM_036303491.1	100.000	21	0	0	1	21	541	521	2.0	39.2
Query_478189	XM_016146005.2	100.000	21	0	0	1	21	550	530	2.0	39.2
Query_478189	XM_016146004.2	100.000	21	0	0	1	21	550	530	2.0	39.2
Query_478189	XM_016146003.2	100.000	21	0	0	1	21	550	530	2.0	39.2
Query_478189	XM_036172224.1	100.000	21	0	0	1	21	601	581	2.0	39.2
Query_478189	XM_036172222.1	100.000	21	0	0	1	21	601	581	2.0	39.2
Query_478189	XM_011249447.3	100.000	21	0	0	1	21	512	492	2.0	39.2
Query_478189	LR877230.1	100.000	21	0	0	1	21	65621029	65621009	2.0	39.2
Query_478189	LR877209.1	100.000	21	0	0	1	21	42555676	42555656	2.0	39.2


