# blastn
# Iteration: 0
# Query: 
# RID: 7PNTMU4M01R
# Database: nt
# Fields: query acc.ver, subject acc.ver, % identity, alignment length, mismatches, gap opens, q. start, q. end, s. start, s. end, evalue, bit score
# 86 hits found
Query_310935	XM_035022127.1	100.000	21	0	0	1	21	212	192	2.1	39.2
Query_310935	XM_034515059.1	100.000	21	0	0	1	21	180	160	2.1	39.2
Query_310935	XM_032899849.1	100.000	21	0	0	1	21	225	205	2.1	39.2
Query_310935	XM_032898692.1	100.000	21	0	0	1	21	376	356	2.1	39.2
Query_310935	NG_067500.1	100.000	21	0	0	1	21	248	228	2.1	39.2
Query_310935	XM_031363263.1	100.000	21	0	0	1	21	301	281	2.1	39.2
Query_310935	XM_031363262.1	100.000	21	0	0	1	21	230	210	2.1	39.2
Query_310935	NR_046082.2	100.000	21	0	0	1	21	785	765	2.1	39.2
Query_310935	NR_028436.3	100.000	21	0	0	1	21	179	159	2.1	39.2
Query_310935	NG_065819.1	100.000	21	0	0	1	21	274	254	2.1	39.2
Query_310935	XM_021184547.2	100.000	21	0	0	1	21	180	160	2.1	39.2
Query_310935	NM_003347.4	100.000	21	0	0	1	21	179	159	2.1	39.2
Query_310935	XM_028780326.1	100.000	21	0	0	1	21	154	134	2.1	39.2
Query_310935	XM_028779663.1	100.000	21	0	0	1	21	186	166	2.1	39.2
Query_310935	XM_028770741.1	100.000	21	0	0	1	21	52	32	2.1	39.2
Query_310935	XM_028770740.1	100.000	21	0	0	1	21	148	128	2.1	39.2
Query_310935	CP034501.1	100.000	21	0	0	1	21	5915170	5915150	2.1	39.2
Query_310935	XM_025180280.1	100.000	21	0	0	1	21	140	120	2.1	39.2
Query_310935	XM_006110542.3	100.000	21	0	0	1	21	190	170	2.1	39.2
Query_310935	XM_017028935.2	100.000	21	0	0	1	21	163	143	2.1	39.2
Query_310935	BC053368.2	100.000	21	0	0	1	21	170	150	2.1	39.2
Query_310935	XR_002481484.1	100.000	21	0	0	1	21	163	143	2.1	39.2
Query_310935	XR_002376900.1	100.000	21	0	0	1	21	168	148	2.1	39.2
Query_310935	XM_021209402.1	100.000	21	0	0	1	21	180	160	2.1	39.2
Query_310935	NM_001329136.1	100.000	21	0	0	1	21	411	391	2.1	39.2
Query_310935	XM_006522004.3	100.000	21	0	0	1	21	103	83	2.1	39.2
Query_310935	XM_005391710.2	100.000	21	0	0	1	21	318	298	2.1	39.2
Query_310935	XM_005391712.2	100.000	21	0	0	1	21	70	50	2.1	39.2
Query_310935	XM_004680941.2	100.000	21	0	0	1	21	192	172	2.1	39.2
Query_310935	CP068256.1	100.000	21	0	0	1	21	22053128	22053108	2.1	39.2
Query_310935	XM_039088548.1	100.000	21	0	0	1	21	140	120	2.1	39.2
Query_310935	XM_039088547.1	100.000	21	0	0	1	21	252	232	2.1	39.2
Query_310935	XR_005490990.1	100.000	21	0	0	1	21	2022	2042	2.1	39.2
Query_310935	XR_005490989.1	100.000	21	0	0	1	21	1978	1998	2.1	39.2
Query_310935	XM_037495637.1	100.000	21	0	0	1	21	187	167	2.1	39.2
Query_310935	JF343812.1	100.000	21	0	0	1	21	148	128	2.1	39.2
Query_310935	NM_001256355.1	100.000	21	0	0	1	21	325	305	2.1	39.2
Query_310935	JN962838.1	100.000	21	0	0	1	21	36124	36144	2.1	39.2
Query_310935	JN961690.1	100.000	21	0	0	1	21	31311	31331	2.1	39.2
Query_310935	XM_036241633.1	100.000	21	0	0	1	21	52	32	2.1	39.2
Query_310935	XM_036241624.1	100.000	21	0	0	1	21	149	129	2.1	39.2
Query_310935	AP023482.1	100.000	21	0	0	1	21	17277650	17277630	2.1	39.2
Query_310935	XM_036156152.1	100.000	21	0	0	1	21	177	157	2.1	39.2
Query_310935	NM_001256356.2	100.000	21	0	0	1	21	83	63	2.1	39.2
Query_310935	JN954921.1	100.000	21	0	0	1	21	36128	36148	2.1	39.2
Query_310935	FQ221006.1	100.000	21	0	0	1	21	160	140	2.1	39.2
Query_310935	AB528270.1	100.000	21	0	0	1	21	157	137	2.1	39.2
Query_310935	AK299985.1	100.000	21	0	0	1	21	325	305	2.1	39.2
Query_310935	AK293179.1	100.000	21	0	0	1	21	60	40	2.1	39.2
Query_310935	BC167087.1	100.000	21	0	0	1	21	159	139	2.1	39.2
Query_310935	AK311761.1	100.000	21	0	0	1	21	160	140	2.1	39.2
Query_310935	AK291083.1	100.000	21	0	0	1	21	158	138	2.1	39.2
Query_310935	NM_009456.2	100.000	21	0	0	1	21	179	159	2.1	39.2
Query_310935	CU013490.1	100.000	21	0	0	1	21	167	147	2.1	39.2
Query_310935	CU013202.1	100.000	21	0	0	1	21	167	147	2.1	39.2
Query_310935	AC159094.5	100.000	21	0	0	1	21	75594	75574	2.1	39.2
Query_310935	BC057959.1	100.000	21	0	0	1	21	160	140	2.1	39.2
Query_310935	AC119163.23	100.000	21	0	0	1	21	201767	201787	2.1	39.2
Query_310935	AC160404.13	100.000	21	0	0	1	21	16028	16048	2.1	39.2
Query_310935	AC102259.7	100.000	21	0	0	1	21	70332	70352	2.1	39.2
Query_310935	AC102115.11	100.000	21	0	0	1	21	22203	22183	2.1	39.2
Query_310935	AC123798.5	100.000	21	0	0	1	21	140055	140035	2.1	39.2
Query_310935	AC132100.3	100.000	21	0	0	1	21	85670	85650	2.1	39.2
Query_310935	AC121914.3	100.000	21	0	0	1	21	130262	130242	2.1	39.2
Query_310935	BC049075.1	100.000	21	0	0	1	21	166	146	2.1	39.2
Query_310935	AK125396.1	100.000	21	0	0	1	21	769	749	2.1	39.2
Query_310935	AK165620.1	100.000	21	0	0	1	21	160	140	2.1	39.2
Query_310935	AK167847.1	100.000	21	0	0	1	21	167	147	2.1	39.2
Query_310935	AK032396.1	100.000	21	0	0	1	21	2548	2568	2.1	39.2
Query_310935	AC091682.26	100.000	21	0	0	1	21	18355	18375	2.1	39.2
Query_310935	AK007265.1	100.000	21	0	0	1	21	187	167	2.1	39.2
Query_310935	S81003.1	100.000	21	0	0	1	21	163	143	2.1	39.2
Query_310935	CR456606.1	100.000	21	0	0	1	21	170	150	2.1	39.2
Query_310935	AC018751.30	100.000	21	0	0	1	21	100131	100151	2.1	39.2
Query_310935	AC009516.19	100.000	21	0	0	1	21	87737	87717	2.1	39.2
Query_310935	BC106149.1	100.000	21	0	0	1	21	157	137	2.1	39.2
Query_310935	BC093503.1	100.000	21	0	0	1	21	158	138	2.1	39.2
Query_310935	AC156390.3	100.000	21	0	0	1	21	54609	54589	2.1	39.2
Query_310935	AC154667.2	100.000	21	0	0	1	21	129769	129789	2.1	39.2
Query_310935	AL672180.11	100.000	21	0	0	1	21	133237	133257	2.1	39.2
Query_310935	AP000553.1	100.000	21	0	0	1	21	15082	15062	2.1	39.2
Query_310935	AJ130961.1	100.000	21	0	0	1	21	168	148	2.1	39.2
Query_310935	X97042.1	100.000	21	0	0	1	21	179	159	2.1	39.2
Query_310935	AJ000519.1	100.000	21	0	0	1	21	163	143	2.1	39.2
Query_310935	Y09516.1	100.000	21	0	0	1	21	148	128	2.1	39.2
Query_310935	X92962.1	100.000	21	0	0	1	21	148	128	2.1	39.2


