# blastn
# Iteration: 0
# Query: 
# RID: 73Z632DY016
# Database: nt
# Fields: query acc.ver, subject acc.ver, % identity, alignment length, mismatches, gap opens, q. start, q. end, s. start, s. end, evalue, bit score
# 31 hits found
Query_54509	XM_003826436.5	100.000	21	0	0	1	21	1280	1260	2.1	39.2
Query_54509	XM_033207523.1	100.000	21	0	0	1	21	498	478	2.1	39.2
Query_54509	XR_004248146.1	100.000	21	0	0	1	21	572	552	2.1	39.2
Query_54509	XM_032152902.1	100.000	21	0	0	1	21	699	679	2.1	39.2
Query_54509	XM_023215610.3	100.000	21	0	0	1	21	699	679	2.1	39.2
Query_54509	XM_004051152.3	100.000	21	0	0	1	21	699	679	2.1	39.2
Query_54509	XM_010353410.2	100.000	21	0	0	1	21	699	679	2.1	39.2
Query_54509	XR_004029584.1	100.000	21	0	0	1	21	574	554	2.1	39.2
Query_54509	XM_030810123.1	100.000	21	0	0	1	21	699	679	2.1	39.2
Query_54509	NM_002559.5	100.000	21	0	0	1	21	697	677	2.1	39.2
Query_54509	XM_016920882.2	100.000	21	0	0	1	21	767	747	2.1	39.2
Query_54509	XM_001136930.4	100.000	21	0	0	1	21	750	730	2.1	39.2
Query_54509	XM_002821788.2	100.000	21	0	0	1	21	699	679	2.1	39.2
Query_54509	XM_017851320.1	100.000	21	0	0	1	21	661	641	2.1	39.2
Query_54509	XM_011545072.2	100.000	21	0	0	1	21	1475	1455	2.1	39.2
Query_54509	XR_949950.2	100.000	21	0	0	1	21	1221	1201	2.1	39.2
Query_54509	XM_011545071.2	100.000	21	0	0	1	21	1211	1191	2.1	39.2
Query_54509	XM_011545070.2	100.000	21	0	0	1	21	649	629	2.1	39.2
Query_54509	XM_011545069.2	100.000	21	0	0	1	21	1343	1323	2.1	39.2
Query_54509	XM_012476474.1	100.000	21	0	0	1	21	652	632	2.1	39.2
Query_54509	XM_012476473.1	100.000	21	0	0	1	21	716	696	2.1	39.2
Query_54509	XM_011545073.1	100.000	21	0	0	1	21	199	179	2.1	39.2
Query_54509	XM_003920107.3	100.000	21	0	0	1	21	537	517	2.1	39.2
Query_54509	XM_037999312.1	100.000	21	0	0	1	21	532	512	2.1	39.2
Query_54509	XM_017498970.2	100.000	21	0	0	1	21	687	667	2.1	39.2
Query_54509	BC109287.2	100.000	21	0	0	1	21	532	512	2.1	39.2
Query_54509	BC074793.2	100.000	21	0	0	1	21	529	509	2.1	39.2
Query_54509	BC074792.2	100.000	21	0	0	1	21	529	509	2.1	39.2
Query_54509	BC069162.1	100.000	21	0	0	1	21	574	554	2.1	39.2
Query_54509	AB016608.1	100.000	21	0	0	1	21	498	478	2.1	39.2
Query_54509	Y07683.1	100.000	21	0	0	1	21	663	643	2.1	39.2


