# blastn
# Iteration: 0
# Query: 
# RID: 72GG2ZVX016
# Database: nt
# Fields: query acc.ver, subject acc.ver, % identity, alignment length, mismatches, gap opens, q. start, q. end, s. start, s. end, evalue, bit score
# 26 hits found
Query_38627	XM_003828171.2	100.000	21	0	0	1	21	597	577	2.1	39.2
Query_38627	XM_032163779.1	100.000	21	0	0	1	21	597	577	2.1	39.2
Query_38627	XM_004041540.3	100.000	21	0	0	1	21	597	577	2.1	39.2
Query_38627	XM_003270772.2	100.000	21	0	0	1	21	597	577	2.1	39.2
Query_38627	AY358627.2	100.000	21	0	0	1	21	586	566	2.1	39.2
Query_38627	NM_025237.3	100.000	21	0	0	1	21	603	583	2.1	39.2
Query_38627	CP034495.1	100.000	21	0	0	1	21	41832799	41832819	2.1	39.2
Query_38627	XM_001153653.5	100.000	21	0	0	1	21	700	680	2.1	39.2
Query_38627	CP017780.1	100.000	21	0	0	1	21	1437564	1437544	2.1	39.2
Query_38627	LT735545.1	100.000	21	0	0	1	21	1040	1020	2.1	39.2
Query_38627	CP016174.1	100.000	21	0	0	1	21	3351190	3351170	2.1	39.2
Query_38627	KJ893769.1	100.000	21	0	0	1	21	621	601	2.1	39.2
Query_38627	CP068261.1	100.000	21	0	0	1	21	44608280	44608300	2.1	39.2
Query_38627	AP023477.1	100.000	21	0	0	1	21	41451470	41451490	2.1	39.2
Query_38627	NG_008078.2	100.000	21	0	0	1	21	8358	8338	2.1	39.2
Query_38627	AC003098.2	100.000	21	0	0	1	21	5958	5978	2.1	39.2
Query_38627	AY358203.1	100.000	21	0	0	1	21	870	850	2.1	39.2
Query_38627	AF184211.1	100.000	21	0	0	1	21	312	292	2.1	39.2
Query_38627	BC101086.1	100.000	21	0	0	1	21	580	560	2.1	39.2
Query_38627	AC055813.9	100.000	21	0	0	1	21	62882	62902	2.1	39.2
Query_38627	AF331844.1	100.000	21	0	0	1	21	590	570	2.1	39.2
Query_38627	AF326739.1	100.000	21	0	0	1	21	600	580	2.1	39.2
Query_38627	AF326736.1	100.000	21	0	0	1	21	15271	15251	2.1	39.2
Query_38627	AP019373.1	100.000	20	0	0	1	20	402576	402595	7.3	37.4
Query_38627	HG992262.1	100.000	20	0	0	1	20	9130910	9130891	7.3	37.4
Query_38627	LR989916.1	100.000	20	0	0	1	20	1427358	1427377	7.3	37.4


