# blastn
# Iteration: 0
# Query: 
# RID: 72H9525F013
# Database: nt
# Fields: query acc.ver, subject acc.ver, % identity, alignment length, mismatches, gap opens, q. start, q. end, s. start, s. end, evalue, bit score
# 17 hits found
Query_38275	AY358627.2	100.000	21	0	0	1	21	502	482	2.1	39.2
Query_38275	NM_025237.3	100.000	21	0	0	1	21	519	499	2.1	39.2
Query_38275	CP034495.1	100.000	21	0	0	1	21	41832883	41832903	2.1	39.2
Query_38275	LT735545.1	100.000	21	0	0	1	21	956	936	2.1	39.2
Query_38275	KJ893769.1	100.000	21	0	0	1	21	537	517	2.1	39.2
Query_38275	CP068261.1	100.000	21	0	0	1	21	44608364	44608384	2.1	39.2
Query_38275	AP023477.1	100.000	21	0	0	1	21	41451554	41451574	2.1	39.2
Query_38275	NG_008078.2	100.000	21	0	0	1	21	8274	8254	2.1	39.2
Query_38275	AC003098.2	100.000	21	0	0	1	21	6042	6062	2.1	39.2
Query_38275	AY358203.1	100.000	21	0	0	1	21	786	766	2.1	39.2
Query_38275	AF184211.1	100.000	21	0	0	1	21	228	208	2.1	39.2
Query_38275	BC101086.1	100.000	21	0	0	1	21	496	476	2.1	39.2
Query_38275	AC055813.9	100.000	21	0	0	1	21	62966	62986	2.1	39.2
Query_38275	AF331844.1	100.000	21	0	0	1	21	506	486	2.1	39.2
Query_38275	AF326739.1	100.000	21	0	0	1	21	516	496	2.1	39.2
Query_38275	AF326736.1	100.000	21	0	0	1	21	15187	15167	2.1	39.2
Query_38275	LR999973.1	100.000	20	0	0	1	20	7788328	7788347	7.3	37.4


