# blastn
# Iteration: 0
# Query: 
# RID: 8YVXU71G013
# Database: nt
# Fields: query acc.ver, subject acc.ver, % identity, alignment length, mismatches, gap opens, q. start, q. end, s. start, s. end, evalue, bit score
# 100 hits found
Query_32337	XM_034958465.1	100.000	21	0	0	1	21	456	436	2.1	39.2
Query_32337	XM_034958464.1	100.000	21	0	0	1	21	567	547	2.1	39.2
Query_32337	XM_032136191.1	100.000	21	0	0	1	21	649	629	2.1	39.2
Query_32337	XM_019025601.2	100.000	21	0	0	1	21	180	160	2.1	39.2
Query_32337	XM_004038573.3	100.000	21	0	0	1	21	645	625	2.1	39.2
Query_32337	XM_030800871.1	100.000	21	0	0	1	21	649	629	2.1	39.2
Query_32337	NM_001312647.2	100.000	21	0	0	1	21	467	447	2.1	39.2
Query_32337	NM_001111112.2	100.000	21	0	0	1	21	555	535	2.1	39.2
Query_32337	NM_001312648.2	100.000	21	0	0	1	21	461	441	2.1	39.2
Query_32337	NM_001111113.2	100.000	21	0	0	1	21	402	382	2.1	39.2
Query_32337	NM_005339.5	100.000	21	0	0	1	21	555	535	2.1	39.2
Query_32337	XM_016950973.2	100.000	21	0	0	1	21	549	529	2.1	39.2
Query_32337	XM_009447486.3	100.000	21	0	0	1	21	490	470	2.1	39.2
Query_32337	XM_009447485.3	100.000	21	0	0	1	21	646	626	2.1	39.2
Query_32337	XM_024245916.1	100.000	21	0	0	1	21	553	533	2.1	39.2
Query_32337	XM_002814684.3	100.000	21	0	0	1	21	650	630	2.1	39.2
Query_32337	XM_021242948.1	100.000	21	0	0	1	21	94	74	2.1	39.2
Query_32337	XM_021237975.1	100.000	21	0	0	1	21	372	352	2.1	39.2
Query_32337	XM_021262440.1	100.000	21	0	0	1	21	567	547	2.1	39.2
Query_32337	XM_021262439.1	100.000	21	0	0	1	21	368	348	2.1	39.2
Query_32337	XM_004849823.3	100.000	21	0	0	1	21	663	643	2.1	39.2
Query_32337	LT735837.1	100.000	21	0	0	1	21	850	830	2.1	39.2
Query_32337	XM_014786821.1	100.000	21	0	0	1	21	546	526	2.1	39.2
Query_32337	XM_004418993.2	100.000	21	0	0	1	21	640	620	2.1	39.2
Query_32337	KJ891343.1	100.000	21	0	0	1	21	428	408	2.1	39.2
Query_32337	XM_037530494.1	100.000	21	0	0	1	21	276	256	2.1	39.2
Query_32337	XM_037530493.1	100.000	21	0	0	1	21	572	552	2.1	39.2
Query_32337	NM_001246525.1	100.000	21	0	0	1	21	520	500	2.1	39.2
Query_32337	AB527742.1	100.000	21	0	0	1	21	372	352	2.1	39.2
Query_32337	CU690733.1	100.000	21	0	0	1	21	256	276	2.1	39.2
Query_32337	EU446896.1	100.000	21	0	0	1	21	385	365	2.1	39.2
Query_32337	AK315524.1	100.000	21	0	0	1	21	573	553	2.1	39.2
Query_32337	AK307130.1	100.000	21	0	0	1	21	458	438	2.1	39.2
Query_32337	AK291454.1	100.000	21	0	0	1	21	399	379	2.1	39.2
Query_32337	BC022804.1	100.000	21	0	0	1	21	523	503	2.1	39.2
Query_32337	AK093533.1	100.000	21	0	0	1	21	468	448	2.1	39.2
Query_32337	AC105287.5	100.000	21	0	0	1	21	24230	24210	2.1	39.2
Query_32337	BC050600.1	100.000	21	0	0	1	21	501	481	2.1	39.2
Query_32337	AB022436.1	100.000	21	0	0	1	21	296	276	2.1	39.2
Query_32337	AB022435.1	100.000	21	0	0	1	21	449	429	2.1	39.2
Query_32337	U58522.1	100.000	21	0	0	1	21	366	346	2.1	39.2
Query_32337	XM_033214027.1	100.000	20	0	0	2	21	359	340	7.4	37.4
Query_32337	XM_033214026.1	100.000	20	0	0	2	21	245	226	7.4	37.4
Query_32337	XM_033214025.1	100.000	20	0	0	2	21	494	475	7.4	37.4
Query_32337	XM_033214024.1	100.000	20	0	0	2	21	445	426	7.4	37.4
Query_32337	XM_033214023.1	100.000	20	0	0	2	21	644	625	7.4	37.4
Query_32337	XM_023224702.3	100.000	20	0	0	2	21	182	163	7.4	37.4
Query_32337	XM_023224701.3	100.000	20	0	0	2	21	463	444	7.4	37.4
Query_32337	XM_023224700.3	100.000	20	0	0	2	21	435	416	7.4	37.4
Query_32337	XM_023224699.3	100.000	20	0	0	2	21	644	625	7.4	37.4
Query_32337	XM_031664650.1	100.000	20	0	0	2	21	231	212	7.4	37.4
Query_32337	XM_021938381.2	100.000	20	0	0	2	21	455	436	7.4	37.4
Query_32337	XM_021938380.2	100.000	20	0	0	2	21	644	625	7.4	37.4
Query_32337	XM_003898597.4	100.000	20	0	0	2	21	644	625	7.4	37.4
Query_32337	XM_010384547.2	100.000	20	0	0	2	21	644	625	7.4	37.4
Query_32337	XM_028848016.1	100.000	20	0	0	2	21	547	528	7.4	37.4
Query_32337	XM_015138162.2	100.000	20	0	0	2	21	644	625	7.4	37.4
Query_32337	XR_003614528.1	100.000	20	0	0	2	21	419	400	7.4	37.4
Query_32337	XM_028143686.1	100.000	20	0	0	2	21	198	179	7.4	37.4
Query_32337	XM_028143685.1	100.000	20	0	0	2	21	481	462	7.4	37.4
Query_32337	XM_028143684.1	100.000	20	0	0	2	21	318	299	7.4	37.4
Query_32337	XM_028143683.1	100.000	20	0	0	2	21	398	379	7.4	37.4
Query_32337	XM_028143682.1	100.000	20	0	0	2	21	350	331	7.4	37.4
Query_32337	XM_008140232.2	100.000	20	0	0	2	21	576	557	7.4	37.4
Query_32337	XM_025385140.1	100.000	20	0	0	2	21	126	107	7.4	37.4
Query_32337	XM_025385138.1	100.000	20	0	0	2	21	168	149	7.4	37.4
Query_32337	XM_025385137.1	100.000	20	0	0	2	21	552	533	7.4	37.4
Query_32337	XM_025385136.1	100.000	20	0	0	2	21	558	539	7.4	37.4
Query_32337	XM_025385134.1	100.000	20	0	0	2	21	493	474	7.4	37.4
Query_32337	XM_025385133.1	100.000	20	0	0	2	21	649	630	7.4	37.4
Query_32337	XM_025385132.1	100.000	20	0	0	2	21	649	630	7.4	37.4
Query_32337	XM_011751348.2	100.000	20	0	0	2	21	644	625	7.4	37.4
Query_32337	XM_023702796.1	100.000	20	0	0	2	21	432	413	7.4	37.4
Query_32337	XM_023702795.1	100.000	20	0	0	2	21	511	492	7.4	37.4
Query_32337	XM_004642643.3	100.000	20	0	0	2	21	607	588	7.4	37.4
Query_32337	XM_023519612.1	100.000	20	0	0	2	21	466	447	7.4	37.4
Query_32337	XM_003800687.3	100.000	20	0	0	2	21	648	629	7.4	37.4
Query_32337	XM_012474955.2	100.000	20	0	0	2	21	649	630	7.4	37.4
Query_32337	XM_020282102.1	100.000	20	0	0	2	21	516	497	7.4	37.4
Query_32337	XM_020282101.1	100.000	20	0	0	2	21	964	945	7.4	37.4
Query_32337	XM_012753967.2	100.000	20	0	0	2	21	676	657	7.4	37.4
Query_32337	XM_017854256.1	100.000	20	0	0	2	21	768	749	7.4	37.4
Query_32337	XM_015450067.1	100.000	20	0	0	2	21	547	528	7.4	37.4
Query_32337	XM_015450066.1	100.000	20	0	0	2	21	553	534	7.4	37.4
Query_32337	XM_013518052.1	100.000	20	0	0	2	21	891	872	7.4	37.4
Query_32337	XM_012933170.1	100.000	20	0	0	2	21	1046	1027	7.4	37.4
Query_32337	XM_003940989.2	100.000	20	0	0	2	21	441	422	7.4	37.4
Query_32337	XM_039468204.1	100.000	20	0	0	2	21	460	441	7.4	37.4
Query_32337	XM_038008617.1	100.000	20	0	0	2	21	472	453	7.4	37.4
Query_32337	XM_008017600.2	100.000	20	0	0	2	21	644	625	7.4	37.4
Query_32337	XM_037829624.1	100.000	20	0	0	2	21	237	218	7.4	37.4
Query_32337	XM_037829623.1	100.000	20	0	0	2	21	522	503	7.4	37.4
Query_32337	XM_036418288.1	100.000	20	0	0	2	21	494	475	7.4	37.4
Query_32337	XM_036418282.1	100.000	20	0	0	2	21	592	573	7.4	37.4
Query_32337	XM_035293866.1	100.000	20	0	0	2	21	254	235	7.4	37.4
Query_32337	XM_017970616.2	100.000	20	0	0	2	21	658	639	7.4	37.4
Query_32337	XM_035293865.1	100.000	20	0	0	2	21	616	597	7.4	37.4
Query_32337	XM_008993465.3	100.000	20	0	0	2	21	766	747	7.4	37.4
Query_32337	XM_035293864.1	100.000	20	0	0	2	21	359	340	7.4	37.4
Query_32337	XM_002745900.5	100.000	20	0	0	2	21	751	732	7.4	37.4


