# blastn
# Iteration: 0
# Query: 
# RID: 7JE996NG013
# Database: nt
# Fields: query acc.ver, subject acc.ver, % identity, alignment length, mismatches, gap opens, q. start, q. end, s. start, s. end, evalue, bit score
# 100 hits found
Query_9135	XM_040473640.1	100.000	21	0	0	1	21	1896	1876	2.1	39.2
Query_9135	XM_040473639.1	100.000	21	0	0	1	21	1835	1815	2.1	39.2
Query_9135	XM_040473638.1	100.000	21	0	0	1	21	1938	1918	2.1	39.2
Query_9135	XM_013355738.3	100.000	21	0	0	1	21	2024	2004	2.1	39.2
Query_9135	XM_021721854.2	100.000	21	0	0	1	21	2072	2052	2.1	39.2
Query_9135	XR_005722721.1	100.000	21	0	0	1	21	1932	1912	2.1	39.2
Query_9135	XM_040249572.1	100.000	21	0	0	1	21	1892	1872	2.1	39.2
Query_9135	XM_040249571.1	100.000	21	0	0	1	21	1931	1911	2.1	39.2
Query_9135	XM_040249570.1	100.000	21	0	0	1	21	1895	1875	2.1	39.2
Query_9135	XM_040009971.1	100.000	21	0	0	1	21	2488	2468	2.1	39.2
Query_9135	XM_040009970.1	100.000	21	0	0	1	21	4038	4018	2.1	39.2
Query_9135	XM_040009968.1	100.000	21	0	0	1	21	2214	2194	2.1	39.2
Query_9135	XM_040009967.1	100.000	21	0	0	1	21	2253	2233	2.1	39.2
Query_9135	XM_040009966.1	100.000	21	0	0	1	21	2253	2233	2.1	39.2
Query_9135	HG994392.1	100.000	21	0	0	1	21	13809612	13809592	2.1	39.2
Query_9135	XM_039854831.1	100.000	21	0	0	1	21	1852	1832	2.1	39.2
Query_9135	XM_039854830.1	100.000	21	0	0	1	21	2256	2236	2.1	39.2
Query_9135	XM_039854829.1	100.000	21	0	0	1	21	2150	2130	2.1	39.2
Query_9135	XM_039854828.1	100.000	21	0	0	1	21	1935	1915	2.1	39.2
Query_9135	XM_039854827.1	100.000	21	0	0	1	21	1994	1974	2.1	39.2
Query_9135	XM_039854826.1	100.000	21	0	0	1	21	2295	2275	2.1	39.2
Query_9135	XM_031736676.2	100.000	21	0	0	1	21	2379	2359	2.1	39.2
Query_9135	XM_039612982.1	100.000	21	0	0	1	21	4207	4187	2.1	39.2
Query_9135	XM_039612981.1	100.000	21	0	0	1	21	4246	4226	2.1	39.2
Query_9135	XM_039612980.1	100.000	21	0	0	1	21	4246	4226	2.1	39.2
Query_9135	XM_039528952.1	100.000	21	0	0	1	21	1717	1697	2.1	39.2
Query_9135	XM_039528951.1	100.000	21	0	0	1	21	1796	1776	2.1	39.2
Query_9135	XM_039528950.1	100.000	21	0	0	1	21	1928	1908	2.1	39.2
Query_9135	XM_039528949.1	100.000	21	0	0	1	21	1937	1917	2.1	39.2
Query_9135	XM_039528948.1	100.000	21	0	0	1	21	1968	1948	2.1	39.2
Query_9135	XM_039466881.1	100.000	21	0	0	1	21	2061	2041	2.1	39.2
Query_9135	XM_010333936.2	100.000	21	0	0	1	21	2111	2091	2.1	39.2
Query_9135	XM_039466875.1	100.000	21	0	0	1	21	1937	1917	2.1	39.2
Query_9135	XM_039231230.1	100.000	21	0	0	1	21	1935	1915	2.1	39.2
Query_9135	XM_038683648.1	100.000	21	0	0	1	21	1887	1867	2.1	39.2
Query_9135	XM_038683647.1	100.000	21	0	0	1	21	1947	1927	2.1	39.2
Query_9135	XM_038683646.1	100.000	21	0	0	1	21	1929	1909	2.1	39.2
Query_9135	XM_005627398.4	100.000	21	0	0	1	21	1887	1867	2.1	39.2
Query_9135	XM_014118472.3	100.000	21	0	0	1	21	1947	1927	2.1	39.2
Query_9135	XM_846912.7	100.000	21	0	0	1	21	1929	1909	2.1	39.2
Query_9135	XM_038395341.1	100.000	21	0	0	1	21	1989	1969	2.1	39.2
Query_9135	XM_038395340.1	100.000	21	0	0	1	21	2650	2630	2.1	39.2
Query_9135	XM_038395339.1	100.000	21	0	0	1	21	2018	1998	2.1	39.2
Query_9135	XM_007972423.2	100.000	21	0	0	1	21	2009	1989	2.1	39.2
Query_9135	XM_038006128.1	100.000	21	0	0	1	21	2034	2014	2.1	39.2
Query_9135	XM_038006127.1	100.000	21	0	0	1	21	1930	1910	2.1	39.2
Query_9135	XM_007972424.2	100.000	21	0	0	1	21	2073	2053	2.1	39.2
Query_9135	XM_007972422.2	100.000	21	0	0	1	21	1969	1949	2.1	39.2
Query_9135	XM_037895494.1	100.000	21	0	0	1	21	1994	1974	2.1	39.2
Query_9135	XM_037895493.1	100.000	21	0	0	1	21	2033	2013	2.1	39.2
Query_9135	XM_017547408.2	100.000	21	0	0	1	21	1916	1896	2.1	39.2
Query_9135	XM_037745344.1	100.000	21	0	0	1	21	1988	1968	2.1	39.2
Query_9135	XM_017547404.2	100.000	21	0	0	1	21	1957	1937	2.1	39.2
Query_9135	XM_017547403.2	100.000	21	0	0	1	21	2014	1994	2.1	39.2
Query_9135	XM_017547402.2	100.000	21	0	0	1	21	1932	1912	2.1	39.2
Query_9135	XM_037519798.1	100.000	21	0	0	1	21	1927	1907	2.1	39.2
Query_9135	XM_037519797.1	100.000	21	0	0	1	21	1860	1840	2.1	39.2
Query_9135	XM_028887108.2	100.000	21	0	0	1	21	1880	1860	2.1	39.2
Query_9135	XM_037142609.1	100.000	21	0	0	1	21	1893	1873	2.1	39.2
Query_9135	XM_037142608.1	100.000	21	0	0	1	21	1986	1966	2.1	39.2
Query_9135	XM_037142607.1	100.000	21	0	0	1	21	1932	1912	2.1	39.2
Query_9135	XM_037053815.1	100.000	21	0	0	1	21	1902	1882	2.1	39.2
Query_9135	XM_037053808.1	100.000	21	0	0	1	21	2007	1987	2.1	39.2
Query_9135	XM_037053800.1	100.000	21	0	0	1	21	1941	1921	2.1	39.2
Query_9135	XM_037013714.1	100.000	21	0	0	1	21	1773	1753	2.1	39.2
Query_9135	XM_037013669.1	100.000	21	0	0	1	21	1833	1813	2.1	39.2
Query_9135	XM_017676271.2	100.000	21	0	0	1	21	2066	2046	2.1	39.2
Query_9135	XM_017676270.2	100.000	21	0	0	1	21	1924	1904	2.1	39.2
Query_9135	XM_017676269.2	100.000	21	0	0	1	21	1960	1940	2.1	39.2
Query_9135	XM_036927364.1	100.000	21	0	0	1	21	1773	1753	2.1	39.2
Query_9135	XM_036927362.1	100.000	21	0	0	1	21	1831	1811	2.1	39.2
Query_9135	XM_036927361.1	100.000	21	0	0	1	21	1925	1905	2.1	39.2
Query_9135	XM_036927360.1	100.000	21	0	0	1	21	2055	2035	2.1	39.2
Query_9135	XM_036927359.1	100.000	21	0	0	1	21	1958	1938	2.1	39.2
Query_9135	XM_036573640.1	100.000	21	0	0	1	21	2130	2110	2.1	39.2
Query_9135	XM_036573639.1	100.000	21	0	0	1	21	2169	2149	2.1	39.2
Query_9135	XM_036546349.1	100.000	21	0	0	1	21	2000	1980	2.1	39.2
Query_9135	XM_036546348.1	100.000	21	0	0	1	21	2039	2019	2.1	39.2
Query_9135	XM_036546347.1	100.000	21	0	0	1	21	1871	1851	2.1	39.2
Query_9135	XM_036546346.1	100.000	21	0	0	1	21	2039	2019	2.1	39.2
Query_9135	XM_036529742.1	100.000	21	0	0	1	21	2075	2055	2.1	39.2
Query_9135	XM_036529733.1	100.000	21	0	0	1	21	2030	2010	2.1	39.2
Query_9135	XM_036529725.1	100.000	21	0	0	1	21	2027	2007	2.1	39.2
Query_9135	XM_036529717.1	100.000	21	0	0	1	21	2030	2010	2.1	39.2
Query_9135	XM_004590404.2	100.000	21	0	0	1	21	1915	1895	2.1	39.2
Query_9135	XM_036414075.1	100.000	21	0	0	1	21	1955	1935	2.1	39.2
Query_9135	XM_036414074.1	100.000	21	0	0	1	21	1915	1895	2.1	39.2
Query_9135	XM_036414072.1	100.000	21	0	0	1	21	2016	1996	2.1	39.2
Query_9135	XM_036414071.1	100.000	21	0	0	1	21	1954	1934	2.1	39.2
Query_9135	XM_036316794.1	100.000	21	0	0	1	21	1622	1602	2.1	39.2
Query_9135	XM_036316793.1	100.000	21	0	0	1	21	1661	1641	2.1	39.2
Query_9135	XM_036316792.1	100.000	21	0	0	1	21	1741	1721	2.1	39.2
Query_9135	XM_036316791.1	100.000	21	0	0	1	21	1895	1875	2.1	39.2
Query_9135	XM_036316790.1	100.000	21	0	0	1	21	2102	2082	2.1	39.2
Query_9135	XM_036316789.1	100.000	21	0	0	1	21	1934	1914	2.1	39.2
Query_9135	XM_036248030.1	100.000	21	0	0	1	21	1929	1909	2.1	39.2
Query_9135	XM_036248029.1	100.000	21	0	0	1	21	1960	1940	2.1	39.2
Query_9135	XM_036218441.1	100.000	21	0	0	1	21	1945	1925	2.1	39.2
Query_9135	XM_036218440.1	100.000	21	0	0	1	21	1817	1797	2.1	39.2
Query_9135	XM_036218439.1	100.000	21	0	0	1	21	2066	2046	2.1	39.2


