# blastn
# Iteration: 0
# Query: 
# RID: 6XEHKUPV016
# Database: nt
# Fields: query acc.ver, subject acc.ver, % identity, alignment length, mismatches, gap opens, q. start, q. end, s. start, s. end, evalue, bit score
# 102 hits found
Query_46029	XM_040475549.1	100.000	21	0	0	1	21	474	454	2.1	39.2
Query_46029	XM_040475548.1	100.000	21	0	0	1	21	565	545	2.1	39.2
Query_46029	HG999687.1	100.000	21	0	0	1	21	13923381	13923401	2.1	39.2
Query_46029	XM_040294550.1	100.000	21	0	0	1	21	452	432	2.1	39.2
Query_46029	XM_021725967.2	100.000	21	0	0	1	21	782	762	2.1	39.2
Query_46029	XM_040294549.1	100.000	21	0	0	1	21	700	680	2.1	39.2
Query_46029	XM_040294548.1	100.000	21	0	0	1	21	886	866	2.1	39.2
Query_46029	XM_040118763.1	100.000	21	0	0	1	21	608	588	2.1	39.2
Query_46029	XM_040118417.1	100.000	21	0	0	1	21	546	526	2.1	39.2
Query_46029	XM_040069867.1	100.000	21	0	0	1	21	371	351	2.1	39.2
Query_46029	XM_040069866.1	100.000	21	0	0	1	21	328	308	2.1	39.2
Query_46029	XM_040069865.1	100.000	21	0	0	1	21	359	339	2.1	39.2
Query_46029	XM_040069863.1	100.000	21	0	0	1	21	568	548	2.1	39.2
Query_46029	XM_040002727.1	100.000	21	0	0	1	21	1134	1114	2.1	39.2
Query_46029	XM_040002726.1	100.000	21	0	0	1	21	562	542	2.1	39.2
Query_46029	XM_040002586.1	100.000	21	0	0	1	21	485	465	2.1	39.2
Query_46029	XM_040002585.1	100.000	21	0	0	1	21	524	504	2.1	39.2
Query_46029	XM_040002583.1	100.000	21	0	0	1	21	1137	1117	2.1	39.2
Query_46029	XM_040002582.1	100.000	21	0	0	1	21	1132	1112	2.1	39.2
Query_46029	XM_040002581.1	100.000	21	0	0	1	21	508	488	2.1	39.2
Query_46029	XM_040002580.1	100.000	21	0	0	1	21	412	392	2.1	39.2
Query_46029	XM_040002579.1	100.000	21	0	0	1	21	760	740	2.1	39.2
Query_46029	XM_040030746.1	100.000	21	0	0	1	21	526	506	2.1	39.2
Query_46029	XM_040030744.1	100.000	21	0	0	1	21	546	526	2.1	39.2
Query_46029	XM_040030743.1	100.000	21	0	0	1	21	542	522	2.1	39.2
Query_46029	XM_029072554.2	100.000	21	0	0	1	21	652	632	2.1	39.2
Query_46029	XM_029072553.2	100.000	21	0	0	1	21	539	519	2.1	39.2
Query_46029	XM_039855835.1	100.000	21	0	0	1	21	560	540	2.1	39.2
Query_46029	XM_039855834.1	100.000	21	0	0	1	21	854	834	2.1	39.2
Query_46029	XM_039855833.1	100.000	21	0	0	1	21	576	556	2.1	39.2
Query_46029	XM_039855832.1	100.000	21	0	0	1	21	723	703	2.1	39.2
Query_46029	XM_039855830.1	100.000	21	0	0	1	21	589	569	2.1	39.2
Query_46029	XM_039855829.1	100.000	21	0	0	1	21	810	790	2.1	39.2
Query_46029	XM_039855828.1	100.000	21	0	0	1	21	631	611	2.1	39.2
Query_46029	XM_039805800.1	100.000	21	0	0	1	21	531	511	2.1	39.2
Query_46029	XM_039805799.1	100.000	21	0	0	1	21	434	414	2.1	39.2
Query_46029	XM_039696834.1	100.000	21	0	0	1	21	263	243	2.1	39.2
Query_46029	XM_039696825.1	100.000	21	0	0	1	21	579	559	2.1	39.2
Query_46029	XM_039651453.1	100.000	21	0	0	1	21	475	455	2.1	39.2
Query_46029	XM_039651452.1	100.000	21	0	0	1	21	478	458	2.1	39.2
Query_46029	XM_039651450.1	100.000	21	0	0	1	21	529	509	2.1	39.2
Query_46029	XM_031727227.2	100.000	21	0	0	1	21	577	557	2.1	39.2
Query_46029	XM_031727229.2	100.000	21	0	0	1	21	516	496	2.1	39.2
Query_46029	XM_031727228.2	100.000	21	0	0	1	21	740	720	2.1	39.2
Query_46029	XM_031728434.2	100.000	21	0	0	1	21	620	600	2.1	39.2
Query_46029	XM_019290592.3	100.000	21	0	0	1	21	263	243	2.1	39.2
Query_46029	XM_019290591.3	100.000	21	0	0	1	21	314	294	2.1	39.2
Query_46029	XM_039555277.1	100.000	21	0	0	1	21	455	435	2.1	39.2
Query_46029	XM_039555276.1	100.000	21	0	0	1	21	614	594	2.1	39.2
Query_46029	XM_039495191.1	100.000	21	0	0	1	21	457	437	2.1	39.2
Query_46029	XM_039495190.1	100.000	21	0	0	1	21	549	529	2.1	39.2
Query_46029	XM_039495189.1	100.000	21	0	0	1	21	572	552	2.1	39.2
Query_46029	XM_039495187.1	100.000	21	0	0	1	21	842	822	2.1	39.2
Query_46029	XM_039495186.1	100.000	21	0	0	1	21	812	792	2.1	39.2
Query_46029	XM_010351541.2	100.000	21	0	0	1	21	801	781	2.1	39.2
Query_46029	XM_039469988.1	100.000	21	0	0	1	21	881	861	2.1	39.2
Query_46029	NM_001047857.4	100.000	21	0	0	1	21	805	785	2.1	39.2
Query_46029	XM_027731489.2	100.000	21	0	0	1	21	625	605	2.1	39.2
Query_46029	XM_039322530.1	100.000	21	0	0	1	21	533	513	2.1	39.2
Query_46029	XM_039322529.1	100.000	21	0	0	1	21	563	543	2.1	39.2
Query_46029	XM_039322528.1	100.000	21	0	0	1	21	564	544	2.1	39.2
Query_46029	XM_039322527.1	100.000	21	0	0	1	21	614	594	2.1	39.2
Query_46029	XM_039254350.1	100.000	21	0	0	1	21	543	523	2.1	39.2
Query_46029	XM_039239646.1	100.000	21	0	0	1	21	593	573	2.1	39.2
Query_46029	XM_039239644.1	100.000	21	0	0	1	21	552	532	2.1	39.2
Query_46029	XM_039239643.1	100.000	21	0	0	1	21	766	746	2.1	39.2
Query_46029	LR699042.1	100.000	21	0	0	1	21	6214155	6214175	2.1	39.2
Query_46029	LR699042.1	100.000	21	0	0	1	21	6241633	6241653	2.1	39.2
Query_46029	LR699038.1	100.000	21	0	0	1	21	3513126	3513146	2.1	39.2
Query_46029	LR699038.1	100.000	21	0	0	1	21	3531445	3531465	2.1	39.2
Query_46029	XM_006234405.4	100.000	21	0	0	1	21	748	728	2.1	39.2
Query_46029	XM_038751298.1	100.000	21	0	0	1	21	540	520	2.1	39.2
Query_46029	XM_038710628.1	100.000	21	0	0	1	21	518	498	2.1	39.2
Query_46029	XM_038710627.1	100.000	21	0	0	1	21	569	549	2.1	39.2
Query_46029	XM_038422435.1	100.000	21	0	0	1	21	528	508	2.1	39.2
Query_46029	XM_038422434.1	100.000	21	0	0	1	21	1038	1018	2.1	39.2
Query_46029	XM_038422433.1	100.000	21	0	0	1	21	931	911	2.1	39.2
Query_46029	XM_038422432.1	100.000	21	0	0	1	21	872	852	2.1	39.2
Query_46029	XM_038337979.1	100.000	21	0	0	1	21	605	585	2.1	39.2
Query_46029	XM_027461414.2	100.000	21	0	0	1	21	619	599	2.1	39.2
Query_46029	XM_038142540.1	100.000	21	0	0	1	21	312	292	2.1	39.2
Query_46029	XM_038142539.1	100.000	21	0	0	1	21	810	790	2.1	39.2
Query_46029	XM_038142538.1	100.000	21	0	0	1	21	601	581	2.1	39.2
Query_46029	XM_007965532.2	100.000	21	0	0	1	21	865	845	2.1	39.2
Query_46029	XM_007965531.2	100.000	21	0	0	1	21	795	775	2.1	39.2
Query_46029	XM_007965530.2	100.000	21	0	0	1	21	818	798	2.1	39.2
Query_46029	XM_037975731.1	100.000	21	0	0	1	21	848	828	2.1	39.2
Query_46029	XM_037975729.1	100.000	21	0	0	1	21	581	561	2.1	39.2
Query_46029	XM_017436658.3	100.000	21	0	0	1	21	630	610	2.1	39.2
Query_46029	XM_027831903.2	100.000	21	0	0	1	21	591	571	2.1	39.2
Query_46029	XM_037912406.1	100.000	21	0	0	1	21	795	775	2.1	39.2
Query_46029	XM_007069768.3	100.000	21	0	0	1	21	813	793	2.1	39.2
Query_46029	XM_027831901.2	100.000	21	0	0	1	21	692	672	2.1	39.2
Query_46029	XM_037849091.1	100.000	21	0	0	1	21	631	611	2.1	39.2
Query_46029	XM_037849090.1	100.000	21	0	0	1	21	593	573	2.1	39.2
Query_46029	XM_037849089.1	100.000	21	0	0	1	21	831	811	2.1	39.2
Query_46029	XM_037844356.1	100.000	21	0	0	1	21	425	405	2.1	39.2
Query_46029	XM_037839205.1	100.000	21	0	0	1	21	455	435	2.1	39.2
Query_46029	XM_037794015.1	100.000	21	0	0	1	21	542	522	2.1	39.2
Query_46029	XM_037794014.1	100.000	21	0	0	1	21	586	566	2.1	39.2
Query_46029	XM_037794013.1	100.000	21	0	0	1	21	585	565	2.1	39.2
Query_46029	XM_037794012.1	100.000	21	0	0	1	21	762	742	2.1	39.2


