# blastn
# Iteration: 0
# Query: 
# RID: 9PRFNTGY01N
# Database: nt
# Fields: query acc.ver, subject acc.ver, % identity, alignment length, mismatches, gap opens, q. start, q. end, s. start, s. end, evalue, bit score
# 40 hits found
Query_494053	XM_008951835.2	100.000	21	0	0	1	21	802	782	2.1	39.2
Query_494053	XM_003826427.2	100.000	21	0	0	1	21	449	429	2.1	39.2
Query_494053	XM_032152921.1	100.000	21	0	0	1	21	812	792	2.1	39.2
Query_494053	XM_032152920.1	100.000	21	0	0	1	21	578	558	2.1	39.2
Query_494053	XM_003909852.4	100.000	21	0	0	1	21	442	422	2.1	39.2
Query_494053	XM_003275313.3	100.000	21	0	0	1	21	578	558	2.1	39.2
Query_494053	XM_015114154.2	100.000	21	0	0	1	21	812	792	2.1	39.2
Query_494053	XM_015114153.2	100.000	21	0	0	1	21	535	515	2.1	39.2
Query_494053	NM_004223.5	100.000	21	0	0	1	21	413	393	2.1	39.2
Query_494053	XM_025357070.1	100.000	21	0	0	1	21	440	420	2.1	39.2
Query_494053	XM_011766099.2	100.000	21	0	0	1	21	535	515	2.1	39.2
Query_494053	XM_521987.5	100.000	21	0	0	1	21	448	428	2.1	39.2
Query_494053	XM_009246347.2	100.000	21	0	0	1	21	266	246	2.1	39.2
Query_494053	XM_009246345.2	100.000	21	0	0	1	21	807	787	2.1	39.2
Query_494053	XM_003777762.3	100.000	21	0	0	1	21	450	430	2.1	39.2
Query_494053	XM_009246344.2	100.000	21	0	0	1	21	614	594	2.1	39.2
Query_494053	LT736766.1	100.000	21	0	0	1	21	839	819	2.1	39.2
Query_494053	XM_004051168.2	100.000	21	0	0	1	21	809	789	2.1	39.2
Query_494053	XM_004051167.2	100.000	21	0	0	1	21	442	422	2.1	39.2
Query_494053	XM_003317981.4	100.000	21	0	0	1	21	805	785	2.1	39.2
Query_494053	XM_015434702.1	100.000	21	0	0	1	21	806	786	2.1	39.2
Query_494053	XM_005577852.2	100.000	21	0	0	1	21	535	515	2.1	39.2
Query_494053	XM_003275314.3	100.000	21	0	0	1	21	806	786	2.1	39.2
Query_494053	XM_012092325.1	100.000	21	0	0	1	21	535	515	2.1	39.2
Query_494053	KJ892727.1	100.000	21	0	0	1	21	417	397	2.1	39.2
Query_494053	XM_007998290.2	100.000	21	0	0	1	21	447	427	2.1	39.2
Query_494053	NM_198183.3	100.000	21	0	0	1	21	412	392	2.1	39.2
Query_494053	CU689397.1	100.000	21	0	0	1	21	126	146	2.1	39.2
Query_494053	AK315755.1	100.000	21	0	0	1	21	367	347	2.1	39.2
Query_494053	DQ894475.2	100.000	21	0	0	1	21	374	354	2.1	39.2
Query_494053	DQ891291.2	100.000	21	0	0	1	21	374	354	2.1	39.2
Query_494053	AK226165.1	100.000	21	0	0	1	21	502	482	2.1	39.2
Query_494053	AK093462.1	100.000	21	0	0	1	21	761	741	2.1	39.2
Query_494053	CR457126.1	100.000	21	0	0	1	21	352	332	2.1	39.2
Query_494053	AK129621.1	100.000	21	0	0	1	21	319	299	2.1	39.2
Query_494053	BC032491.1	100.000	21	0	0	1	21	448	428	2.1	39.2
Query_494053	AP002893.3	100.000	21	0	0	1	21	122965	122985	2.1	39.2
Query_494053	AJ243271.1	100.000	21	0	0	1	21	42	22	2.1	39.2
Query_494053	AF061736.1	100.000	21	0	0	1	21	399	379	2.1	39.2
Query_494053	AF031141.1	100.000	21	0	0	1	21	349	329	2.1	39.2


