# blastn
# Iteration: 0
# Query: 
# RID: 9PVMST0Y01N
# Database: nt
# Fields: query acc.ver, subject acc.ver, % identity, alignment length, mismatches, gap opens, q. start, q. end, s. start, s. end, evalue, bit score
# 50 hits found
Query_495123	XM_003822875.4	100.000	21	0	0	1	21	1545	1525	2.1	39.2
Query_495123	XM_032155254.1	100.000	21	0	0	1	21	1075	1055	2.1	39.2
Query_495123	XM_021937595.2	100.000	21	0	0	1	21	940	920	2.1	39.2
Query_495123	XM_003897902.3	100.000	21	0	0	1	21	1060	1040	2.1	39.2
Query_495123	XM_004044402.3	100.000	21	0	0	1	21	1062	1042	2.1	39.2
Query_495123	XM_030809469.1	100.000	21	0	0	1	21	1210	1190	2.1	39.2
Query_495123	XM_028847361.1	100.000	21	0	0	1	21	964	944	2.1	39.2
Query_495123	XM_015136920.2	100.000	21	0	0	1	21	1061	1041	2.1	39.2
Query_495123	NM_016021.3	100.000	21	0	0	1	21	893	873	2.1	39.2
Query_495123	XM_025382665.1	100.000	21	0	0	1	21	946	926	2.1	39.2
Query_495123	XM_025382664.1	100.000	21	0	0	1	21	717	697	2.1	39.2
Query_495123	XM_011766817.2	100.000	21	0	0	1	21	1061	1041	2.1	39.2
Query_495123	XM_011535888.3	100.000	21	0	0	1	21	1356	1336	2.1	39.2
Query_495123	XM_011535887.2	100.000	21	0	0	1	21	1206	1186	2.1	39.2
Query_495123	XM_518636.7	100.000	21	0	0	1	21	1204	1184	2.1	39.2
Query_495123	XM_009242085.2	100.000	21	0	0	1	21	1065	1045	2.1	39.2
Query_495123	XM_012809943.2	100.000	21	0	0	1	21	1414	1394	2.1	39.2
Query_495123	XM_012750937.2	100.000	21	0	0	1	21	1198	1178	2.1	39.2
Query_495123	XM_012750935.2	100.000	21	0	0	1	21	1277	1257	2.1	39.2
Query_495123	LT738201.1	100.000	21	0	0	1	21	1227	1207	2.1	39.2
Query_495123	XM_019029617.1	100.000	21	0	0	1	21	755	735	2.1	39.2
Query_495123	XM_015449105.1	100.000	21	0	0	1	21	944	924	2.1	39.2
Query_495123	XM_005552374.2	100.000	21	0	0	1	21	1063	1043	2.1	39.2
Query_495123	XM_005377749.2	100.000	21	0	0	1	21	951	931	2.1	39.2
Query_495123	XM_012638246.1	100.000	21	0	0	1	21	777	757	2.1	39.2
Query_495123	XM_012638245.1	100.000	21	0	0	1	21	1077	1057	2.1	39.2
Query_495123	XM_011766827.1	100.000	21	0	0	1	21	941	921	2.1	39.2
Query_495123	XM_012067027.1	100.000	21	0	0	1	21	1057	1037	2.1	39.2
Query_495123	XM_011941924.1	100.000	21	0	0	1	21	717	697	2.1	39.2
Query_495123	XM_011941922.1	100.000	21	0	0	1	21	802	782	2.1	39.2
Query_495123	XM_011941921.1	100.000	21	0	0	1	21	1060	1040	2.1	39.2
Query_495123	XM_011984430.1	100.000	21	0	0	1	21	717	697	2.1	39.2
Query_495123	XM_008563757.1	100.000	21	0	0	1	21	388	368	2.1	39.2
Query_495123	XM_008567212.1	100.000	21	0	0	1	21	772	752	2.1	39.2
Query_495123	KJ898902.1	100.000	21	0	0	1	21	805	785	2.1	39.2
Query_495123	AB464335.1	100.000	21	0	0	1	21	749	729	2.1	39.2
Query_495123	AK300629.1	100.000	21	0	0	1	21	816	796	2.1	39.2
Query_495123	AK290574.1	100.000	21	0	0	1	21	913	893	2.1	39.2
Query_495123	EU176317.1	100.000	21	0	0	1	21	762	742	2.1	39.2
Query_495123	DQ895144.2	100.000	21	0	0	1	21	762	742	2.1	39.2
Query_495123	AK223464.1	100.000	21	0	0	1	21	810	790	2.1	39.2
Query_495123	AL139804.14	100.000	21	0	0	1	21	437	457	2.1	39.2
Query_495123	U93243.1	100.000	21	0	0	1	21	767	747	2.1	39.2
Query_495123	AJ245898.1	100.000	21	0	0	1	21	802	782	2.1	39.2
Query_495123	AF151039.1	100.000	21	0	0	1	21	465	445	2.1	39.2
Query_495123	AF161502.1	100.000	21	0	0	1	21	766	746	2.1	39.2
Query_495123	AF151834.1	100.000	21	0	0	1	21	878	858	2.1	39.2
Query_495123	AJ420578.1	100.000	21	0	0	1	21	720	700	2.1	39.2
Query_495123	BC013973.1	100.000	21	0	0	1	21	1033	1013	2.1	39.2
Query_495123	XM_037843386.1	100.000	20	0	0	1	20	949	930	7.5	37.4


