# blastn
# Iteration: 0
# Query: 
# RID: 6RX6H2E501R
# Database: nt
# Fields: query acc.ver, subject acc.ver, % identity, alignment length, mismatches, gap opens, q. start, q. end, s. start, s. end, evalue, bit score
# 100 hits found
Query_307851	XM_003811844.2	100.000	21	0	0	1	21	650	630	2.0	39.2
Query_307851	XM_032397263.1	100.000	21	0	0	1	21	674	654	2.0	39.2
Query_307851	XM_032260946.1	100.000	21	0	0	1	21	607	587	2.0	39.2
Query_307851	XM_032260945.1	100.000	21	0	0	1	21	683	663	2.0	39.2
Query_307851	XR_004261757.1	100.000	21	0	0	1	21	651	631	2.0	39.2
Query_307851	XR_004258816.1	100.000	21	0	0	1	21	579	559	2.0	39.2
Query_307851	XM_032161224.1	100.000	21	0	0	1	21	791	771	2.0	39.2
Query_307851	XM_031011621.1	100.000	21	0	0	1	21	766	746	2.0	39.2
Query_307851	XM_030824091.1	100.000	21	0	0	1	21	786	766	2.0	39.2
Query_307851	NG_006661.3	100.000	21	0	0	1	21	565	545	2.0	39.2
Query_307851	NM_016406.4	100.000	21	0	0	1	21	473	453	2.0	39.2
Query_307851	NG_011487.2	100.000	21	0	0	1	21	971595	971615	2.0	39.2
Query_307851	XM_025986272.1	100.000	21	0	0	1	21	790	770	2.0	39.2
Query_307851	XM_017001450.2	100.000	21	0	0	1	21	603	583	2.0	39.2
Query_307851	XM_002809897.3	100.000	21	0	0	1	21	763	743	2.0	39.2
Query_307851	XR_002771477.1	100.000	21	0	0	1	21	463	443	2.0	39.2
Query_307851	XM_008057891.2	100.000	21	0	0	1	21	638	618	2.0	39.2
Query_307851	XM_021712259.1	100.000	21	0	0	1	21	845	825	2.0	39.2
Query_307851	XR_001110804.2	100.000	21	0	0	1	21	445	425	2.0	39.2
Query_307851	XM_012449634.2	100.000	21	0	0	1	21	754	734	2.0	39.2
Query_307851	XM_012449633.2	100.000	21	0	0	1	21	764	744	2.0	39.2
Query_307851	XM_005087769.3	100.000	21	0	0	1	21	693	673	2.0	39.2
Query_307851	XM_021089535.1	100.000	21	0	0	1	21	455	435	2.0	39.2
Query_307851	XM_003125655.4	100.000	21	0	0	1	21	583	563	2.0	39.2
Query_307851	XM_003125654.4	100.000	21	0	0	1	21	1072	1052	2.0	39.2
Query_307851	LT734974.1	100.000	21	0	0	1	21	940	920	2.0	39.2
Query_307851	XM_020174322.1	100.000	21	0	0	1	21	880	860	2.0	39.2
Query_307851	XM_017001451.1	100.000	21	0	0	1	21	816	796	2.0	39.2
Query_307851	XM_016194436.1	100.000	21	0	0	1	21	566	546	2.0	39.2
Query_307851	XM_007537412.2	100.000	21	0	0	1	21	566	546	2.0	39.2
Query_307851	XM_013030590.1	100.000	21	0	0	1	21	586	566	2.0	39.2
Query_307851	XM_003785776.2	100.000	21	0	0	1	21	571	551	2.0	39.2
Query_307851	XM_012768570.1	100.000	21	0	0	1	21	762	742	2.0	39.2
Query_307851	XM_012639554.1	100.000	21	0	0	1	21	767	747	2.0	39.2
Query_307851	XM_012449632.1	100.000	21	0	0	1	21	762	742	2.0	39.2
Query_307851	XM_513937.5	100.000	21	0	0	1	21	761	741	2.0	39.2
Query_307851	XM_008984761.1	100.000	21	0	0	1	21	734	714	2.0	39.2
Query_307851	XM_008580209.1	100.000	21	0	0	1	21	626	606	2.0	39.2
Query_307851	XM_008580208.1	100.000	21	0	0	1	21	562	542	2.0	39.2
Query_307851	XM_008580207.1	100.000	21	0	0	1	21	681	661	2.0	39.2
Query_307851	KJ898907.1	100.000	21	0	0	1	21	518	498	2.0	39.2
Query_307851	XM_007467125.1	100.000	21	0	0	1	21	528	508	2.0	39.2
Query_307851	XM_005245254.1	100.000	21	0	0	1	21	568	548	2.0	39.2
Query_307851	XM_039480650.1	100.000	21	0	0	1	21	767	747	2.0	39.2
Query_307851	XR_005581184.1	100.000	21	0	0	1	21	456	436	2.0	39.2
Query_307851	XM_017515076.2	100.000	21	0	0	1	21	607	587	2.0	39.2
Query_307851	XM_037733647.1	100.000	21	0	0	1	21	691	671	2.0	39.2
Query_307851	XM_017515075.2	100.000	21	0	0	1	21	760	740	2.0	39.2
Query_307851	AK396135.1	100.000	21	0	0	1	21	638	618	2.0	39.2
Query_307851	XM_004589102.3	100.000	21	0	0	1	21	539	519	2.0	39.2
Query_307851	XM_036101456.1	100.000	21	0	0	1	21	674	654	2.0	39.2
Query_307851	LR877217.1	100.000	21	0	0	1	21	67025357	67025377	2.0	39.2
Query_307851	XM_027419019.2	100.000	21	0	0	1	21	543	523	2.0	39.2
Query_307851	XM_027419018.2	100.000	21	0	0	1	21	686	666	2.0	39.2
Query_307851	XM_027439658.2	100.000	21	0	0	1	21	543	523	2.0	39.2
Query_307851	XM_003506861.4	100.000	21	0	0	1	21	686	666	2.0	39.2
Query_307851	XM_035279447.1	100.000	21	0	0	1	21	826	806	2.0	39.2
Query_307851	XM_035279446.1	100.000	21	0	0	1	21	783	763	2.0	39.2
Query_307851	XM_002760186.4	100.000	21	0	0	1	21	670	650	2.0	39.2
Query_307851	XM_035279445.1	100.000	21	0	0	1	21	818	798	2.0	39.2
Query_307851	XM_035279443.1	100.000	21	0	0	1	21	764	744	2.0	39.2
Query_307851	AK292776.1	100.000	21	0	0	1	21	659	639	2.0	39.2
Query_307851	DQ896457.2	100.000	21	0	0	1	21	475	455	2.0	39.2
Query_307851	DQ893161.2	100.000	21	0	0	1	21	475	455	2.0	39.2
Query_307851	AK239911.1	100.000	21	0	0	1	21	636	616	2.0	39.2
Query_307851	AC007237.3	100.000	21	0	0	1	21	18273	18253	2.0	39.2
Query_307851	BC005187.1	100.000	21	0	0	1	21	699	679	2.0	39.2
Query_307851	AL590714.27	100.000	21	0	0	1	21	13621	13601	2.0	39.2
Query_307851	AB154405.1	100.000	21	0	0	1	21	453	433	2.0	39.2
Query_307851	AF161504.1	100.000	21	0	0	1	21	693	673	2.0	39.2
Query_307851	AF151884.1	100.000	21	0	0	1	21	674	654	2.0	39.2
Query_307851	AY610495.1	100.000	21	0	0	1	21	544	524	2.0	39.2
Query_307851	XM_035009990.1	100.000	20	0	0	2	21	660	641	7.1	37.4
Query_307851	XM_034913125.1	100.000	20	0	0	2	21	467	448	7.1	37.4
Query_307851	XM_040230059.1	100.000	20	0	0	2	21	705	686	7.1	37.4
Query_307851	HG994420.1	100.000	20	0	0	2	21	23796522	23796541	7.1	37.4
Query_307851	XM_039839892.1	100.000	20	0	0	2	21	686	667	7.1	37.4
Query_307851	XM_039246452.1	100.000	20	0	0	2	21	479	460	7.1	37.4
Query_307851	XM_039246451.1	100.000	20	0	0	2	21	534	515	7.1	37.4
Query_307851	XR_005308949.1	100.000	20	0	0	2	21	56	75	7.1	37.4
Query_307851	XM_038448650.1	100.000	20	0	0	2	21	1381	1362	7.1	37.4
Query_307851	XR_005318630.1	100.000	20	0	0	2	21	56	75	7.1	37.4
Query_307851	XM_536135.6	100.000	20	0	0	2	21	1379	1360	7.1	37.4
Query_307851	XM_017656200.2	100.000	20	0	0	2	21	494	475	7.1	37.4
Query_307851	XM_017656199.2	100.000	20	0	0	2	21	617	598	7.1	37.4
Query_307851	XM_036922785.1	100.000	20	0	0	2	21	497	478	7.1	37.4
Query_307851	XM_036861589.1	100.000	20	0	0	2	21	471	452	7.1	37.4
Query_307851	XM_036861580.1	100.000	20	0	0	2	21	471	452	7.1	37.4
Query_307851	XM_036861569.1	100.000	20	0	0	2	21	641	622	7.1	37.4
Query_307851	XM_036861560.1	100.000	20	0	0	2	21	598	579	7.1	37.4
Query_307851	XM_036861549.1	100.000	20	0	0	2	21	471	452	7.1	37.4
Query_307851	XM_036434398.1	100.000	20	0	0	2	21	637	618	7.1	37.4
Query_307851	XM_036344036.1	100.000	20	0	0	2	21	683	664	7.1	37.4
Query_307851	XM_036243874.1	100.000	20	0	0	2	21	443	424	7.1	37.4
Query_307851	XM_036273390.1	100.000	20	0	0	2	21	710	691	7.1	37.4
Query_307851	XM_016134057.2	100.000	20	0	0	2	21	486	467	7.1	37.4
Query_307851	XR_004812831.1	100.000	20	0	0	2	21	121	140	7.1	37.4
Query_307851	XM_025420819.2	100.000	20	0	0	2	21	1948	1929	7.1	37.4
Query_307851	XM_027610910.2	100.000	20	0	0	2	21	697	678	7.1	37.4
Query_307851	LR862374.1	100.000	20	0	0	2	21	39200894	39200913	7.1	37.4


