# blastn
# Iteration: 0
# Query: 
# RID: 8YB57SS601N
# Database: nt
# Fields: query acc.ver, subject acc.ver, % identity, alignment length, mismatches, gap opens, q. start, q. end, s. start, s. end, evalue, bit score
# 100 hits found
Query_403207	XM_034986442.1	100.000	21	0	0	1	21	536	516	2.1	39.2
Query_403207	XM_034945734.1	100.000	21	0	0	1	21	459	439	2.1	39.2
Query_403207	AP023166.1	100.000	21	0	0	1	21	5448571	5448591	2.1	39.2
Query_403207	XM_033224775.1	100.000	21	0	0	1	21	804	784	2.1	39.2
Query_403207	XM_033127806.1	100.000	21	0	0	1	21	739	719	2.1	39.2
Query_403207	XM_032388640.1	100.000	21	0	0	1	21	877	857	2.1	39.2
Query_403207	XM_032324808.1	100.000	21	0	0	1	21	688	668	2.1	39.2
Query_403207	XM_032263313.1	100.000	21	0	0	1	21	793	773	2.1	39.2
Query_403207	XM_023197562.3	100.000	21	0	0	1	21	800	780	2.1	39.2
Query_403207	NM_001194143.2	100.000	21	0	0	1	21	882	862	2.1	39.2
Query_403207	LR738628.1	100.000	21	0	0	1	21	74931585	74931605	2.1	39.2
Query_403207	LR738606.1	100.000	21	0	0	1	21	66406372	66406352	2.1	39.2
Query_403207	XM_031659367.1	100.000	21	0	0	1	21	873	853	2.1	39.2
Query_403207	XM_006747778.2	100.000	21	0	0	1	21	777	757	2.1	39.2
Query_403207	XM_004061618.3	100.000	21	0	0	1	21	811	791	2.1	39.2
Query_403207	XR_002003000.2	100.000	21	0	0	1	21	395	375	2.1	39.2
Query_403207	XM_010361181.2	100.000	21	0	0	1	21	778	758	2.1	39.2
Query_403207	XM_030819428.1	100.000	21	0	0	1	21	1107	1087	2.1	39.2
Query_403207	XM_030297580.1	100.000	21	0	0	1	21	294	274	2.1	39.2
Query_403207	XM_029926448.1	100.000	21	0	0	1	21	272	252	2.1	39.2
Query_403207	XM_008822792.3	100.000	21	0	0	1	21	311	291	2.1	39.2
Query_403207	NM_003969.4	100.000	21	0	0	1	21	462	442	2.1	39.2
Query_403207	AC279043.1	100.000	21	0	0	1	21	33416	33436	2.1	39.2
Query_403207	AC279022.1	100.000	21	0	0	1	21	49894	49914	2.1	39.2
Query_403207	XM_027037588.1	100.000	21	0	0	1	21	322	302	2.1	39.2
Query_403207	XM_013351477.2	100.000	21	0	0	1	21	431	411	2.1	39.2
Query_403207	XM_028093366.1	100.000	21	0	0	1	21	491	471	2.1	39.2
Query_403207	XM_027921197.1	100.000	21	0	0	1	21	825	805	2.1	39.2
Query_403207	XR_003561862.1	100.000	21	0	0	1	21	3363	3343	2.1	39.2
Query_403207	XR_003561861.1	100.000	21	0	0	1	21	3363	3343	2.1	39.2
Query_403207	XR_003561860.1	100.000	21	0	0	1	21	3363	3343	2.1	39.2
Query_403207	XR_003561859.1	100.000	21	0	0	1	21	2650	2630	2.1	39.2
Query_403207	XR_003561858.1	100.000	21	0	0	1	21	3363	3343	2.1	39.2
Query_403207	XR_003561857.1	100.000	21	0	0	1	21	2337	2317	2.1	39.2
Query_403207	XR_003561856.1	100.000	21	0	0	1	21	3363	3343	2.1	39.2
Query_403207	XR_003561855.1	100.000	21	0	0	1	21	3363	3343	2.1	39.2
Query_403207	XR_003555629.1	100.000	21	0	0	1	21	3330	3310	2.1	39.2
Query_403207	XR_003555628.1	100.000	21	0	0	1	21	3330	3310	2.1	39.2
Query_403207	XR_003555627.1	100.000	21	0	0	1	21	3330	3310	2.1	39.2
Query_403207	XR_003555626.1	100.000	21	0	0	1	21	2617	2597	2.1	39.2
Query_403207	XR_003555625.1	100.000	21	0	0	1	21	3330	3310	2.1	39.2
Query_403207	XR_003555624.1	100.000	21	0	0	1	21	2128	2108	2.1	39.2
Query_403207	XR_003555623.1	100.000	21	0	0	1	21	3330	3310	2.1	39.2
Query_403207	XR_003555622.1	100.000	21	0	0	1	21	3330	3310	2.1	39.2
Query_403207	CP034522.1	100.000	21	0	0	1	21	59008270	59008290	2.1	39.2
Query_403207	CP034497.1	100.000	21	0	0	1	21	59008270	59008290	2.1	39.2
Query_403207	CP034494.1	100.000	21	0	0	1	21	34344382	34344402	2.1	39.2
Query_403207	XM_027619724.1	100.000	21	0	0	1	21	491	471	2.1	39.2
Query_403207	XM_025849383.1	100.000	21	0	0	1	21	491	471	2.1	39.2
Query_403207	XM_025848705.1	100.000	21	0	0	1	21	491	471	2.1	39.2
Query_403207	XM_025367066.1	100.000	21	0	0	1	21	1074	1054	2.1	39.2
Query_403207	XM_025367065.1	100.000	21	0	0	1	21	1074	1054	2.1	39.2
Query_403207	XM_011751675.2	100.000	21	0	0	1	21	883	863	2.1	39.2
Query_403207	XM_024570231.1	100.000	21	0	0	1	21	277	257	2.1	39.2
Query_403207	XM_016937020.2	100.000	21	0	0	1	21	917	897	2.1	39.2
Query_403207	XR_024683.6	100.000	21	0	0	1	21	421	401	2.1	39.2
Query_403207	XM_024237018.1	100.000	21	0	0	1	21	827	807	2.1	39.2
Query_403207	XM_023245780.1	100.000	21	0	0	1	21	313	293	2.1	39.2
Query_403207	XM_040978181.1	100.000	21	0	0	1	21	487	467	2.1	39.2
Query_403207	XM_005087951.4	100.000	21	0	0	1	21	333	313	2.1	39.2
Query_403207	XR_005827478.1	100.000	21	0	0	1	21	7697	7677	2.1	39.2
Query_403207	XR_005827477.1	100.000	21	0	0	1	21	7697	7677	2.1	39.2
Query_403207	XR_005827476.1	100.000	21	0	0	1	21	7697	7677	2.1	39.2
Query_403207	XR_005827475.1	100.000	21	0	0	1	21	3419	3399	2.1	39.2
Query_403207	XR_005827474.1	100.000	21	0	0	1	21	7697	7677	2.1	39.2
Query_403207	XR_005827473.1	100.000	21	0	0	1	21	6488	6468	2.1	39.2
Query_403207	XR_005827472.1	100.000	21	0	0	1	21	6601	6581	2.1	39.2
Query_403207	XR_005827471.1	100.000	21	0	0	1	21	7697	7677	2.1	39.2
Query_403207	XR_005827470.1	100.000	21	0	0	1	21	7697	7677	2.1	39.2
Query_403207	XR_005827469.1	100.000	21	0	0	1	21	6984	6964	2.1	39.2
Query_403207	XR_005827468.1	100.000	21	0	0	1	21	7697	7677	2.1	39.2
Query_403207	XM_040465311.1	100.000	21	0	0	1	21	315	295	2.1	39.2
Query_403207	XM_040290859.1	100.000	21	0	0	1	21	255	235	2.1	39.2
Query_403207	XM_039466383.1	100.000	21	0	0	1	21	1069	1049	2.1	39.2
Query_403207	XM_039225255.1	100.000	21	0	0	1	21	782	762	2.1	39.2
Query_403207	CP068262.1	100.000	21	0	0	1	21	38958951	38958931	2.1	39.2
Query_403207	CP068259.1	100.000	21	0	0	1	21	61654577	61654597	2.1	39.2
Query_403207	XM_038338840.1	100.000	21	0	0	1	21	796	776	2.1	39.2
Query_403207	XM_017509655.2	100.000	21	0	0	1	21	724	704	2.1	39.2
Query_403207	XR_005103841.1	100.000	21	0	0	1	21	7753	7733	2.1	39.2
Query_403207	XR_005103840.1	100.000	21	0	0	1	21	3418	3398	2.1	39.2
Query_403207	XR_005103839.1	100.000	21	0	0	1	21	7753	7733	2.1	39.2
Query_403207	XR_005103838.1	100.000	21	0	0	1	21	7753	7733	2.1	39.2
Query_403207	XR_005103837.1	100.000	21	0	0	1	21	7040	7020	2.1	39.2
Query_403207	XR_005103836.1	100.000	21	0	0	1	21	7753	7733	2.1	39.2
Query_403207	XR_005103835.1	100.000	21	0	0	1	21	7753	7733	2.1	39.2
Query_403207	XR_005103834.1	100.000	21	0	0	1	21	6487	6467	2.1	39.2
Query_403207	XR_005103833.1	100.000	21	0	0	1	21	6600	6580	2.1	39.2
Query_403207	XR_005103832.1	100.000	21	0	0	1	21	7753	7733	2.1	39.2
Query_403207	XR_005103831.1	100.000	21	0	0	1	21	7753	7733	2.1	39.2
Query_403207	XM_028884903.2	100.000	21	0	0	1	21	481	461	2.1	39.2
Query_403207	XM_036426083.1	100.000	21	0	0	1	21	440	420	2.1	39.2
Query_403207	AP023487.1	100.000	21	0	0	1	21	318965	318985	2.1	39.2
Query_403207	AP023479.1	100.000	21	0	0	1	21	59039710	59039730	2.1	39.2
Query_403207	XM_036168406.1	100.000	21	0	0	1	21	506	486	2.1	39.2
Query_403207	XM_036079788.1	100.000	21	0	0	1	21	491	471	2.1	39.2
Query_403207	AC280253.1	100.000	21	0	0	1	21	158097	158117	2.1	39.2
Query_403207	XM_035449239.1	100.000	21	0	0	1	21	169	149	2.1	39.2
Query_403207	XM_027431227.2	100.000	21	0	0	1	21	295	275	2.1	39.2
Query_403207	XM_017967523.2	100.000	21	0	0	1	21	1065	1045	2.1	39.2


