# blastn
# Iteration: 0
# Query: 
# RID: 6X0J06CU016
# Database: nt
# Fields: query acc.ver, subject acc.ver, % identity, alignment length, mismatches, gap opens, q. start, q. end, s. start, s. end, evalue, bit score
# 58 hits found
Query_9777	XM_032887114.1	100.000	21	0	0	1	21	488	468	2.1	39.2
Query_9777	XM_032887113.1	100.000	21	0	0	1	21	452	432	2.1	39.2
Query_9777	XM_032887111.1	100.000	21	0	0	1	21	452	432	2.1	39.2
Query_9777	XM_032887110.1	100.000	21	0	0	1	21	452	432	2.1	39.2
Query_9777	XM_031337322.1	100.000	21	0	0	1	21	346	326	2.1	39.2
Query_9777	XM_031337320.1	100.000	21	0	0	1	21	447	427	2.1	39.2
Query_9777	XM_031337319.1	100.000	21	0	0	1	21	492	472	2.1	39.2
Query_9777	XM_031337318.1	100.000	21	0	0	1	21	459	439	2.1	39.2
Query_9777	XM_031337317.1	100.000	21	0	0	1	21	652	632	2.1	39.2
Query_9777	XM_006534921.4	100.000	21	0	0	1	21	566	546	2.1	39.2
Query_9777	XM_006534920.4	100.000	21	0	0	1	21	549	529	2.1	39.2
Query_9777	XM_021162624.1	100.000	21	0	0	1	21	493	473	2.1	39.2
Query_9777	XM_021162623.1	100.000	21	0	0	1	21	670	650	2.1	39.2
Query_9777	XM_021186845.1	100.000	21	0	0	1	21	493	473	2.1	39.2
Query_9777	XM_021186844.1	100.000	21	0	0	1	21	493	473	2.1	39.2
Query_9777	XM_021186843.1	100.000	21	0	0	1	21	671	651	2.1	39.2
Query_9777	XM_021186842.1	100.000	21	0	0	1	21	529	509	2.1	39.2
Query_9777	XM_011249448.2	100.000	21	0	0	1	21	309	289	2.1	39.2
Query_9777	NM_001310701.1	100.000	21	0	0	1	21	300	280	2.1	39.2
Query_9777	NM_001310700.1	100.000	21	0	0	1	21	529	509	2.1	39.2
Query_9777	XR_005491585.1	100.000	21	0	0	1	21	719	699	2.1	39.2
Query_9777	XM_039089009.1	100.000	21	0	0	1	21	280	260	2.1	39.2
Query_9777	XM_039089008.1	100.000	21	0	0	1	21	417	397	2.1	39.2
Query_9777	XM_039089007.1	100.000	21	0	0	1	21	396	376	2.1	39.2
Query_9777	XM_008769306.3	100.000	21	0	0	1	21	361	341	2.1	39.2
Query_9777	XM_017598236.2	100.000	21	0	0	1	21	719	699	2.1	39.2
Query_9777	XM_006249517.4	100.000	21	0	0	1	21	683	663	2.1	39.2
Query_9777	XM_006249516.4	100.000	21	0	0	1	21	719	699	2.1	39.2
Query_9777	XM_039089005.1	100.000	21	0	0	1	21	719	699	2.1	39.2
Query_9777	XM_017598235.2	100.000	21	0	0	1	21	587	567	2.1	39.2
Query_9777	XM_008769305.3	100.000	21	0	0	1	21	683	663	2.1	39.2
Query_9777	XM_017598234.2	100.000	21	0	0	1	21	719	699	2.1	39.2
Query_9777	XM_006249515.4	100.000	21	0	0	1	21	719	699	2.1	39.2
Query_9777	NM_053656.3	100.000	21	0	0	1	21	410	390	2.1	39.2
Query_9777	XM_011249447.3	100.000	21	0	0	1	21	404	384	2.1	39.2
Query_9777	NM_001164834.1	100.000	21	0	0	1	21	493	473	2.1	39.2
Query_9777	NM_001164833.1	100.000	21	0	0	1	21	493	473	2.1	39.2
Query_9777	NM_153400.4	100.000	21	0	0	1	21	493	473	2.1	39.2
Query_9777	BC106964.1	100.000	21	0	0	1	21	300	280	2.1	39.2
Query_9777	BC106963.1	100.000	21	0	0	1	21	300	280	2.1	39.2
Query_9777	AC123699.10	100.000	21	0	0	1	21	64638	64618	2.1	39.2
Query_9777	AK141196.1	100.000	21	0	0	1	21	452	432	2.1	39.2
Query_9777	AK158334.1	100.000	21	0	0	1	21	471	451	2.1	39.2
Query_9777	AY044240.2	100.000	21	0	0	1	21	669	649	2.1	39.2
Query_9777	AC169384.2	100.000	21	0	0	1	21	198262	198242	2.1	39.2
Query_9777	AB094664.1	100.000	21	0	0	1	21	413	393	2.1	39.2
Query_9777	AB094663.1	100.000	21	0	0	1	21	413	393	2.1	39.2
Query_9777	AF064549.1	100.000	21	0	0	1	21	447	427	2.1	39.2
Query_9777	AF020759.1	100.000	21	0	0	1	21	372	352	2.1	39.2
Query_9777	AF020758.1	100.000	21	0	0	1	21	531	511	2.1	39.2
Query_9777	AF020757.1	100.000	21	0	0	1	21	437	417	2.1	39.2
Query_9777	AF020756.1	100.000	21	0	0	1	21	391	371	2.1	39.2
Query_9777	Y10475.1	100.000	21	0	0	1	21	446	426	2.1	39.2
Query_9777	Y10474.1	100.000	21	0	0	1	21	392	372	2.1	39.2
Query_9777	Y10473.1	100.000	21	0	0	1	21	410	390	2.1	39.2
Query_9777	Y09910.1	100.000	21	0	0	1	21	685	665	2.1	39.2
Query_9777	U14414.1	100.000	21	0	0	1	21	410	390	2.1	39.2
Query_9777	LR877232.1	100.000	20	0	0	2	21	41077204	41077185	7.2	37.4


