# blastn
# Iteration: 0
# Query: 
# RID: 6KXCJ29D016
# Database: nt
# Fields: query acc.ver, subject acc.ver, % identity, alignment length, mismatches, gap opens, q. start, q. end, s. start, s. end, evalue, bit score
# 69 hits found
Query_48257	XM_033175808.1	100.000	21	0	0	1	21	2983	2963	2.0	39.2
Query_48257	XM_032239463.1	100.000	21	0	0	1	21	2873	2853	2.0	39.2
Query_48257	XM_032239461.1	100.000	21	0	0	1	21	2828	2808	2.0	39.2
Query_48257	XM_032178589.1	100.000	21	0	0	1	21	2541	2521	2.0	39.2
Query_48257	XM_023223830.2	100.000	21	0	0	1	21	3127	3107	2.0	39.2
Query_48257	XM_003908598.4	100.000	21	0	0	1	21	3119	3099	2.0	39.2
Query_48257	XM_031007930.1	100.000	21	0	0	1	21	3139	3119	2.0	39.2
Query_48257	XM_030920698.1	100.000	21	0	0	1	21	2977	2957	2.0	39.2
Query_48257	XM_030799595.1	100.000	21	0	0	1	21	3136	3116	2.0	39.2
Query_48257	XM_015112284.2	100.000	21	0	0	1	21	3527	3507	2.0	39.2
Query_48257	NM_012249.4	100.000	21	0	0	1	21	3148	3128	2.0	39.2
Query_48257	XM_026385764.1	100.000	21	0	0	1	21	2941	2921	2.0	39.2
Query_48257	XM_027934414.1	100.000	21	0	0	1	21	2695	2675	2.0	39.2
Query_48257	XM_025353647.1	100.000	21	0	0	1	21	2898	2878	2.0	39.2
Query_48257	AC277863.1	100.000	21	0	0	1	21	187538	187558	2.0	39.2
Query_48257	XM_011713140.2	100.000	21	0	0	1	21	3089	3069	2.0	39.2
Query_48257	XM_002812061.4	100.000	21	0	0	1	21	2890	2870	2.0	39.2
Query_48257	XM_012473755.2	100.000	21	0	0	1	21	2875	2855	2.0	39.2
Query_48257	XM_017862694.1	100.000	21	0	0	1	21	2967	2947	2.0	39.2
Query_48257	XM_011532728.2	100.000	21	0	0	1	21	2476	2456	2.0	39.2
Query_48257	XM_017003716.1	100.000	21	0	0	1	21	3360	3340	2.0	39.2
Query_48257	XM_011532726.2	100.000	21	0	0	1	21	3203	3183	2.0	39.2
Query_48257	XM_015479387.1	100.000	21	0	0	1	21	2622	2602	2.0	39.2
Query_48257	XM_015433694.1	100.000	21	0	0	1	21	3423	3403	2.0	39.2
Query_48257	XM_005575962.2	100.000	21	0	0	1	21	2737	2717	2.0	39.2
Query_48257	XM_012070312.1	100.000	21	0	0	1	21	3436	3416	2.0	39.2
Query_48257	XM_012070311.1	100.000	21	0	0	1	21	2904	2884	2.0	39.2
Query_48257	XM_011965779.1	100.000	21	0	0	1	21	2921	2901	2.0	39.2
Query_48257	XM_011936021.1	100.000	21	0	0	1	21	2648	2628	2.0	39.2
Query_48257	XM_005264229.2	100.000	21	0	0	1	21	2612	2592	2.0	39.2
Query_48257	XM_008575355.1	100.000	21	0	0	1	21	2564	2544	2.0	39.2
Query_48257	NG_023007.2	100.000	21	0	0	1	21	2985	2965	2.0	39.2
Query_48257	NG_022969.2	100.000	21	0	0	1	21	2982	2962	2.0	39.2
Query_48257	XM_040270961.1	100.000	21	0	0	1	21	10241	10261	2.0	39.2
Query_48257	HG992314.1	100.000	21	0	0	1	21	7884148	7884128	2.0	39.2
Query_48257	XM_003926747.3	100.000	21	0	0	1	21	3113	3093	2.0	39.2
Query_48257	XM_038006885.1	100.000	21	0	0	1	21	2612	2592	2.0	39.2
Query_48257	XM_007970741.2	100.000	21	0	0	1	21	3117	3097	2.0	39.2
Query_48257	XM_037732867.1	100.000	21	0	0	1	21	2738	2718	2.0	39.2
Query_48257	XM_017512722.2	100.000	21	0	0	1	21	3119	3099	2.0	39.2
Query_48257	XR_004733630.1	100.000	21	0	0	1	21	3769	3749	2.0	39.2
Query_48257	XM_002757794.5	100.000	21	0	0	1	21	3605	3585	2.0	39.2
Query_48257	AC185240.2	100.000	21	0	0	1	21	185202	185222	2.0	39.2
Query_48257	EU794657.1	100.000	21	0	0	1	21	2910	2890	2.0	39.2
Query_48257	BC013135.1	100.000	21	0	0	1	21	3070	3050	2.0	39.2
Query_48257	AL390957.14	100.000	21	0	0	1	21	115853	115833	2.0	39.2
Query_48257	AC078777.15	100.000	21	0	0	1	21	135310	135290	2.0	39.2
Query_48257	AC145214.1	100.000	21	0	0	1	21	39461	39441	2.0	39.2
Query_48257	AC078824.13	100.000	21	0	0	1	21	25005	24985	2.0	39.2
Query_48257	AC018804.9	100.000	21	0	0	1	21	27500	27480	2.0	39.2
Query_48257	AC073869.5	100.000	21	0	0	1	21	137833	137813	2.0	39.2
Query_48257	AC018682.4	100.000	21	0	0	1	21	117449	117429	2.0	39.2
Query_48257	CP032572.1	100.000	20	0	0	2	21	9533229	9533210	7.1	37.4
Query_48257	CP032572.1	100.000	20	0	0	2	21	22843673	22843654	7.1	37.4
Query_48257	LR699161.1	100.000	20	0	0	1	20	19516083	19516064	7.1	37.4
Query_48257	CP032554.1	100.000	20	0	0	2	21	8754006	8753987	7.1	37.4
Query_48257	LR584087.1	100.000	20	0	0	2	21	11313772	11313791	7.1	37.4
Query_48257	XM_022081878.1	100.000	20	0	0	2	21	3445	3464	7.1	37.4
Query_48257	XM_022081877.1	100.000	20	0	0	2	21	3486	3505	7.1	37.4
Query_48257	AP018307.1	100.000	20	0	0	2	21	73358	73377	7.1	37.4
Query_48257	AP018248.1	100.000	20	0	0	2	21	2325345	2325326	7.1	37.4
Query_48257	LR999928.1	100.000	20	0	0	2	21	3904777	3904796	7.1	37.4
Query_48257	LR990575.1	100.000	20	0	0	2	21	6718106	6718125	7.1	37.4
Query_48257	LR990513.1	100.000	20	0	0	2	21	3667462	3667481	7.1	37.4
Query_48257	LR990368.1	100.000	20	0	0	2	21	11313800	11313819	7.1	37.4
Query_48257	LR990274.1	100.000	20	0	0	2	21	12148779	12148798	7.1	37.4
Query_48257	OE003449.1	100.000	20	0	0	2	21	84013	83994	7.1	37.4
Query_48257	OD566783.1	100.000	20	0	0	2	21	67320	67301	7.1	37.4
Query_48257	OD601718.1	100.000	20	0	0	2	21	465	446	7.1	37.4


