# blastn
# Iteration: 0
# Query: 
# RID: 9PVJJS6601N
# Database: nt
# Fields: query acc.ver, subject acc.ver, % identity, alignment length, mismatches, gap opens, q. start, q. end, s. start, s. end, evalue, bit score
# 27 hits found
Query_32175	XM_003822875.4	100.000	21	0	0	1	21	1617	1597	2.1	39.2
Query_32175	XM_032155254.1	100.000	21	0	0	1	21	1147	1127	2.1	39.2
Query_32175	XM_004044402.3	100.000	21	0	0	1	21	1134	1114	2.1	39.2
Query_32175	NM_016021.3	100.000	21	0	0	1	21	965	945	2.1	39.2
Query_32175	XM_011535888.3	100.000	21	0	0	1	21	1428	1408	2.1	39.2
Query_32175	XM_011535887.2	100.000	21	0	0	1	21	1278	1258	2.1	39.2
Query_32175	XM_518636.7	100.000	21	0	0	1	21	1276	1256	2.1	39.2
Query_32175	LT738201.1	100.000	21	0	0	1	21	1299	1279	2.1	39.2
Query_32175	XM_019029617.1	100.000	21	0	0	1	21	827	807	2.1	39.2
Query_32175	XM_004673691.2	100.000	21	0	0	1	21	847	827	2.1	39.2
Query_32175	KJ898902.1	100.000	21	0	0	1	21	877	857	2.1	39.2
Query_32175	XM_037520102.1	100.000	21	0	0	1	21	748	728	2.1	39.2
Query_32175	XM_037520101.1	100.000	21	0	0	1	21	1105	1085	2.1	39.2
Query_32175	AB464335.1	100.000	21	0	0	1	21	821	801	2.1	39.2
Query_32175	AK300629.1	100.000	21	0	0	1	21	888	868	2.1	39.2
Query_32175	AK290574.1	100.000	21	0	0	1	21	985	965	2.1	39.2
Query_32175	EU176317.1	100.000	21	0	0	1	21	834	814	2.1	39.2
Query_32175	DQ895144.2	100.000	21	0	0	1	21	834	814	2.1	39.2
Query_32175	AK223464.1	100.000	21	0	0	1	21	882	862	2.1	39.2
Query_32175	AL139804.14	100.000	21	0	0	1	21	365	385	2.1	39.2
Query_32175	U93243.1	100.000	21	0	0	1	21	839	819	2.1	39.2
Query_32175	AJ245898.1	100.000	21	0	0	1	21	874	854	2.1	39.2
Query_32175	AF151039.1	100.000	21	0	0	1	21	537	517	2.1	39.2
Query_32175	AF161502.1	100.000	21	0	0	1	21	838	818	2.1	39.2
Query_32175	AF151834.1	100.000	21	0	0	1	21	950	930	2.1	39.2
Query_32175	AJ420578.1	100.000	21	0	0	1	21	792	772	2.1	39.2
Query_32175	BC013973.1	100.000	21	0	0	1	21	1105	1085	2.1	39.2


