# blastn
# Iteration: 0
# Query: 
# RID: 9VZGN2X7013
# Database: nt
# Fields: query acc.ver, subject acc.ver, % identity, alignment length, mismatches, gap opens, q. start, q. end, s. start, s. end, evalue, bit score
# 100 hits found
Query_57865	XM_041464358.1	100.000	21	0	0	1	21	304	284	2.1	39.2
Query_57865	XM_041464357.1	100.000	21	0	0	1	21	197	177	2.1	39.2
Query_57865	XM_041464356.1	100.000	21	0	0	1	21	404	384	2.1	39.2
Query_57865	XR_005954858.1	100.000	21	0	0	1	21	479	459	2.1	39.2
Query_57865	XM_041464355.1	100.000	21	0	0	1	21	468	448	2.1	39.2
Query_57865	XM_041412543.1	100.000	21	0	0	1	21	122	102	2.1	39.2
Query_57865	XM_041412542.1	100.000	21	0	0	1	21	289	269	2.1	39.2
Query_57865	XM_041412540.1	100.000	21	0	0	1	21	975	955	2.1	39.2
Query_57865	XM_041412539.1	100.000	21	0	0	1	21	304	284	2.1	39.2
Query_57865	XM_041190150.1	100.000	21	0	0	1	21	136	116	2.1	39.2
Query_57865	XR_003923015.2	100.000	21	0	0	1	21	210	190	2.1	39.2
Query_57865	XM_030011773.2	100.000	21	0	0	1	21	210	190	2.1	39.2
Query_57865	XR_005885303.1	100.000	21	0	0	1	21	142	122	2.1	39.2
Query_57865	XM_040994300.1	100.000	21	0	0	1	21	200	180	2.1	39.2
Query_57865	XM_040994291.1	100.000	21	0	0	1	21	166	146	2.1	39.2
Query_57865	XM_040741411.1	100.000	21	0	0	1	21	223	203	2.1	39.2
Query_57865	XR_001465440.3	100.000	21	0	0	1	21	255	235	2.1	39.2
Query_57865	XR_001465439.3	100.000	21	0	0	1	21	411	391	2.1	39.2
Query_57865	XM_015282784.3	100.000	21	0	0	1	21	411	391	2.1	39.2
Query_57865	XM_008710808.2	100.000	21	0	0	1	21	246	226	2.1	39.2
Query_57865	XM_008710807.2	100.000	21	0	0	1	21	245	225	2.1	39.2
Query_57865	XM_040625540.1	100.000	21	0	0	1	21	247	227	2.1	39.2
Query_57865	XR_005833614.1	100.000	21	0	0	1	21	247	227	2.1	39.2
Query_57865	XM_040625539.1	100.000	21	0	0	1	21	247	227	2.1	39.2
Query_57865	XM_040546030.1	100.000	21	0	0	1	21	222	202	2.1	39.2
Query_57865	XM_040487575.1	100.000	21	0	0	1	21	204	184	2.1	39.2
Query_57865	XM_040293935.1	100.000	21	0	0	1	21	183	163	2.1	39.2
Query_57865	XM_005335831.3	100.000	21	0	0	1	21	211	191	2.1	39.2
Query_57865	XM_040262050.1	100.000	21	0	0	1	21	204	184	2.1	39.2
Query_57865	XR_005701571.1	100.000	21	0	0	1	21	162	142	2.1	39.2
Query_57865	XM_040068808.1	100.000	21	0	0	1	21	191	171	2.1	39.2
Query_57865	XM_040068806.1	100.000	21	0	0	1	21	161	141	2.1	39.2
Query_57865	XM_039841888.1	100.000	21	0	0	1	21	222	202	2.1	39.2
Query_57865	XM_039841887.1	100.000	21	0	0	1	21	223	203	2.1	39.2
Query_57865	XM_039841886.1	100.000	21	0	0	1	21	295	275	2.1	39.2
Query_57865	XM_039841885.1	100.000	21	0	0	1	21	377	357	2.1	39.2
Query_57865	XM_039841884.1	100.000	21	0	0	1	21	333	313	2.1	39.2
Query_57865	XM_039841883.1	100.000	21	0	0	1	21	235	215	2.1	39.2
Query_57865	XM_039841882.1	100.000	21	0	0	1	21	223	203	2.1	39.2
Query_57865	XR_005626829.1	100.000	21	0	0	1	21	168	148	2.1	39.2
Query_57865	XM_039702821.1	100.000	21	0	0	1	21	168	148	2.1	39.2
Query_57865	XR_005626828.1	100.000	21	0	0	1	21	168	148	2.1	39.2
Query_57865	XR_005626827.1	100.000	21	0	0	1	21	168	148	2.1	39.2
Query_57865	XM_039702820.1	100.000	21	0	0	1	21	167	147	2.1	39.2
Query_57865	XM_039702819.1	100.000	21	0	0	1	21	524	504	2.1	39.2
Query_57865	XM_039702818.1	100.000	21	0	0	1	21	125	105	2.1	39.2
Query_57865	XM_039702817.1	100.000	21	0	0	1	21	168	148	2.1	39.2
Query_57865	XM_039571522.1	100.000	21	0	0	1	21	197	177	2.1	39.2
Query_57865	XM_039571520.1	100.000	21	0	0	1	21	144	124	2.1	39.2
Query_57865	XM_039571516.1	100.000	21	0	0	1	21	147	127	2.1	39.2
Query_57865	XM_003940686.2	100.000	21	0	0	1	21	205	185	2.1	39.2
Query_57865	XM_039379837.1	100.000	21	0	0	1	21	155	135	2.1	39.2
Query_57865	XM_039379836.1	100.000	21	0	0	1	21	187	167	2.1	39.2
Query_57865	XM_039379835.1	100.000	21	0	0	1	21	202	182	2.1	39.2
Query_57865	XM_027722050.2	100.000	21	0	0	1	21	202	182	2.1	39.2
Query_57865	XM_039238384.1	100.000	21	0	0	1	21	120	100	2.1	39.2
Query_57865	XM_039238383.1	100.000	21	0	0	1	21	204	184	2.1	39.2
Query_57865	XR_005462119.1	100.000	21	0	0	1	21	188	168	2.1	39.2
Query_57865	XR_005462118.1	100.000	21	0	0	1	21	188	168	2.1	39.2
Query_57865	XM_038809626.1	100.000	21	0	0	1	21	241	221	2.1	39.2
Query_57865	XM_038809625.1	100.000	21	0	0	1	21	188	168	2.1	39.2
Query_57865	XM_038809624.1	100.000	21	0	0	1	21	188	168	2.1	39.2
Query_57865	XM_038809623.1	100.000	21	0	0	1	21	188	168	2.1	39.2
Query_57865	XM_038809622.1	100.000	21	0	0	1	21	188	168	2.1	39.2
Query_57865	XM_027452359.2	100.000	21	0	0	1	21	242	222	2.1	39.2
Query_57865	XR_005255694.1	100.000	21	0	0	1	21	170	150	2.1	39.2
Query_57865	XM_038126984.1	100.000	21	0	0	1	21	46	26	2.1	39.2
Query_57865	XM_038126983.1	100.000	21	0	0	1	21	170	150	2.1	39.2
Query_57865	XM_038126982.1	100.000	21	0	0	1	21	132	112	2.1	39.2
Query_57865	XM_038126981.1	100.000	21	0	0	1	21	171	151	2.1	39.2
Query_57865	XM_008000897.2	100.000	21	0	0	1	21	252	232	2.1	39.2
Query_57865	XM_038000381.1	100.000	21	0	0	1	21	303	283	2.1	39.2
Query_57865	XM_008000899.2	100.000	21	0	0	1	21	225	205	2.1	39.2
Query_57865	XM_037735437.1	100.000	21	0	0	1	21	158	138	2.1	39.2
Query_57865	XM_017520170.2	100.000	21	0	0	1	21	198	178	2.1	39.2
Query_57865	XM_017520171.2	100.000	21	0	0	1	21	205	185	2.1	39.2
Query_57865	XM_037505287.1	100.000	21	0	0	1	21	486	466	2.1	39.2
Query_57865	XM_037505278.1	100.000	21	0	0	1	21	218	198	2.1	39.2
Query_57865	XM_037505272.1	100.000	21	0	0	1	21	205	185	2.1	39.2
Query_57865	XM_037150958.1	100.000	21	0	0	1	21	191	171	2.1	39.2
Query_57865	XM_037150957.1	100.000	21	0	0	1	21	191	171	2.1	39.2
Query_57865	XM_037150956.1	100.000	21	0	0	1	21	191	171	2.1	39.2
Query_57865	XM_037150954.1	100.000	21	0	0	1	21	360	340	2.1	39.2
Query_57865	XM_037150953.1	100.000	21	0	0	1	21	1040	1020	2.1	39.2
Query_57865	XM_037150952.1	100.000	21	0	0	1	21	224	204	2.1	39.2
Query_57865	XM_037150950.1	100.000	21	0	0	1	21	191	171	2.1	39.2
Query_57865	XM_037039732.1	100.000	21	0	0	1	21	238	218	2.1	39.2
Query_57865	XM_037039731.1	100.000	21	0	0	1	21	219	199	2.1	39.2
Query_57865	XM_037039730.1	100.000	21	0	0	1	21	219	199	2.1	39.2
Query_57865	XM_037039729.1	100.000	21	0	0	1	21	219	199	2.1	39.2
Query_57865	XM_037039728.1	100.000	21	0	0	1	21	219	199	2.1	39.2
Query_57865	XM_037039727.1	100.000	21	0	0	1	21	219	199	2.1	39.2
Query_57865	XM_036997962.1	100.000	21	0	0	1	21	248	228	2.1	39.2
Query_57865	XM_036997961.1	100.000	21	0	0	1	21	210	190	2.1	39.2
Query_57865	XM_036887525.1	100.000	21	0	0	1	21	248	228	2.1	39.2
Query_57865	XM_036887524.1	100.000	21	0	0	1	21	207	187	2.1	39.2
Query_57865	XM_036437154.1	100.000	21	0	0	1	21	210	190	2.1	39.2
Query_57865	XM_036401219.1	100.000	21	0	0	1	21	148	128	2.1	39.2
Query_57865	XM_036338550.1	100.000	21	0	0	1	21	186	166	2.1	39.2
Query_57865	XM_036338549.1	100.000	21	0	0	1	21	186	166	2.1	39.2


