# blastn
# Iteration: 0
# Query: 
# RID: 6ZRKN7XM013
# Database: nt
# Fields: query acc.ver, subject acc.ver, % identity, alignment length, mismatches, gap opens, q. start, q. end, s. start, s. end, evalue, bit score
# 43 hits found
Query_2387	XM_034509418.1	100.000	21	0	0	1	21	1603	1583	2.1	39.2
Query_2387	XM_032915907.1	100.000	21	0	0	1	21	1573	1553	2.1	39.2
Query_2387	XM_021210658.2	100.000	21	0	0	1	21	1561	1541	2.1	39.2
Query_2387	XM_021163845.2	100.000	21	0	0	1	21	1566	1546	2.1	39.2
Query_2387	XM_028758232.1	100.000	21	0	0	1	21	1548	1528	2.1	39.2
Query_2387	XM_005068842.3	100.000	21	0	0	1	21	1597	1577	2.1	39.2
Query_2387	XM_006985601.2	100.000	21	0	0	1	21	1583	1563	2.1	39.2
Query_2387	HG993184.1	100.000	21	0	0	1	21	2258084	2258064	2.1	39.2
Query_2387	OE842639.1	100.000	21	0	0	1	21	72958	72938	2.1	39.2
Query_2387	XM_028882342.2	100.000	21	0	0	1	21	1590	1570	2.1	39.2
Query_2387	LR877233.1	100.000	21	0	0	1	21	28301550	28301570	2.1	39.2
Query_2387	LR877197.1	100.000	21	0	0	1	21	31002770	31002790	2.1	39.2
Query_2387	XM_027387082.2	100.000	21	0	0	1	21	1605	1585	2.1	39.2
Query_2387	XM_003496616.5	100.000	21	0	0	1	21	1603	1583	2.1	39.2
Query_2387	FQ214550.1	100.000	21	0	0	1	21	1528	1508	2.1	39.2
Query_2387	FQ225334.1	100.000	21	0	0	1	21	1530	1510	2.1	39.2
Query_2387	FQ228750.1	100.000	21	0	0	1	21	1528	1508	2.1	39.2
Query_2387	NG_006685.3	100.000	21	0	0	1	21	1613	1593	2.1	39.2
Query_2387	NM_026242.3	100.000	21	0	0	1	21	1561	1541	2.1	39.2
Query_2387	AC169036.3	100.000	21	0	0	1	21	131150	131170	2.1	39.2
Query_2387	BC085488.1	100.000	21	0	0	1	21	1406	1386	2.1	39.2
Query_2387	AC114605.11	100.000	21	0	0	1	21	110682	110662	2.1	39.2
Query_2387	AC112683.10	100.000	21	0	0	1	21	195103	195083	2.1	39.2
Query_2387	AC139214.12	100.000	21	0	0	1	21	2135	2115	2.1	39.2
Query_2387	AK170984.1	100.000	21	0	0	1	21	1543	1523	2.1	39.2
Query_2387	AK170909.1	100.000	21	0	0	1	21	1539	1519	2.1	39.2
Query_2387	AK170789.1	100.000	21	0	0	1	21	1511	1491	2.1	39.2
Query_2387	AK018675.1	100.000	21	0	0	1	21	1511	1491	2.1	39.2
Query_2387	AK017832.1	100.000	21	0	0	1	21	1543	1523	2.1	39.2
Query_2387	AK005313.1	100.000	21	0	0	1	21	1553	1533	2.1	39.2
Query_2387	AK211332.1	100.000	21	0	0	1	21	365	345	2.1	39.2
Query_2387	AK206883.1	100.000	21	0	0	1	21	360	340	2.1	39.2
Query_2387	AC154476.2	100.000	21	0	0	1	21	77665	77685	2.1	39.2
Query_2387	NM_001009264.1	100.000	21	0	0	1	21	1508	1488	2.1	39.2
Query_2387	BC010209.1	100.000	21	0	0	1	21	1530	1510	2.1	39.2
Query_2387	AB041651.1	100.000	21	0	0	1	21	1541	1521	2.1	39.2
Query_2387	CP026244.1	100.000	20	0	0	2	21	1783973	1783954	7.2	37.4
Query_2387	XM_021513043.1	100.000	20	0	0	2	21	5706	5725	7.2	37.4
Query_2387	XM_021513042.1	100.000	20	0	0	2	21	5605	5624	7.2	37.4
Query_2387	LR989856.1	100.000	20	0	0	1	20	1265238	1265257	7.2	37.4
Query_2387	LR877238.1	100.000	20	0	0	2	21	51314414	51314433	7.2	37.4
Query_2387	LR877238.1	100.000	20	0	0	2	21	51617779	51617760	7.2	37.4
Query_2387	LR877238.1	100.000	20	0	0	2	21	51650138	51650119	7.2	37.4


