# blastn
# Iteration: 0
# Query: 
# RID: 9PRPR9XC013
# Database: nt
# Fields: query acc.ver, subject acc.ver, % identity, alignment length, mismatches, gap opens, q. start, q. end, s. start, s. end, evalue, bit score
# 23 hits found
Query_11553	NM_004223.5	100.000	21	0	0	1	21	247	227	2.1	39.2
Query_11553	XM_521987.5	100.000	21	0	0	1	21	282	262	2.1	39.2
Query_11553	LT736766.1	100.000	21	0	0	1	21	673	653	2.1	39.2
Query_11553	XM_004051168.2	100.000	21	0	0	1	21	643	623	2.1	39.2
Query_11553	XM_004051167.2	100.000	21	0	0	1	21	276	256	2.1	39.2
Query_11553	XM_003317981.4	100.000	21	0	0	1	21	639	619	2.1	39.2
Query_11553	KJ892727.1	100.000	21	0	0	1	21	251	231	2.1	39.2
Query_11553	NM_198183.3	100.000	21	0	0	1	21	246	226	2.1	39.2
Query_11553	CU689397.1	100.000	21	0	0	1	21	292	312	2.1	39.2
Query_11553	CU689396.1	100.000	21	0	0	1	21	202	182	2.1	39.2
Query_11553	AK315755.1	100.000	21	0	0	1	21	201	181	2.1	39.2
Query_11553	DQ894475.2	100.000	21	0	0	1	21	208	188	2.1	39.2
Query_11553	DQ891291.2	100.000	21	0	0	1	21	208	188	2.1	39.2
Query_11553	AK226165.1	100.000	21	0	0	1	21	336	316	2.1	39.2
Query_11553	AK093462.1	100.000	21	0	0	1	21	595	575	2.1	39.2
Query_11553	CR457126.1	100.000	21	0	0	1	21	186	166	2.1	39.2
Query_11553	AK129621.1	100.000	21	0	0	1	21	153	133	2.1	39.2
Query_11553	BC032491.1	100.000	21	0	0	1	21	282	262	2.1	39.2
Query_11553	AP002893.3	100.000	21	0	0	1	21	125058	125078	2.1	39.2
Query_11553	AJ243270.1	100.000	21	0	0	1	21	63	43	2.1	39.2
Query_11553	AF061736.1	100.000	21	0	0	1	21	233	213	2.1	39.2
Query_11553	AF031141.1	100.000	21	0	0	1	21	183	163	2.1	39.2
Query_11553	CP072117.1	100.000	20	0	0	2	21	8823906	8823925	7.5	37.4


