# blastn
# Iteration: 0
# Query: 
# RID: 73Y04JCB013
# Database: nt
# Fields: query acc.ver, subject acc.ver, % identity, alignment length, mismatches, gap opens, q. start, q. end, s. start, s. end, evalue, bit score
# 100 hits found
Query_6681	XM_003825980.3	100.000	21	0	0	1	21	322	302	2.1	39.2
Query_6681	XM_033186571.1	100.000	21	0	0	1	21	341	321	2.1	39.2
Query_6681	XM_033186570.1	100.000	21	0	0	1	21	590	570	2.1	39.2
Query_6681	XM_033236882.1	100.000	21	0	0	1	21	281	261	2.1	39.2
Query_6681	XM_033234905.1	100.000	21	0	0	1	21	272	252	2.1	39.2
Query_6681	XM_033212847.1	100.000	21	0	0	1	21	226	206	2.1	39.2
Query_6681	XM_033212846.1	100.000	21	0	0	1	21	226	206	2.1	39.2
Query_6681	XM_032263582.1	100.000	21	0	0	1	21	341	321	2.1	39.2
Query_6681	XR_004274097.1	100.000	21	0	0	1	21	272	252	2.1	39.2
Query_6681	XM_032142236.1	100.000	21	0	0	1	21	340	320	2.1	39.2
Query_6681	XM_023223163.2	100.000	21	0	0	1	21	229	209	2.1	39.2
Query_6681	XM_023197069.2	100.000	21	0	0	1	21	421	401	2.1	39.2
Query_6681	XM_031650201.1	100.000	21	0	0	1	21	351	331	2.1	39.2
Query_6681	XM_009205566.3	100.000	21	0	0	1	21	258	238	2.1	39.2
Query_6681	XM_003904680.3	100.000	21	0	0	1	21	341	321	2.1	39.2
Query_6681	XM_010374468.2	100.000	21	0	0	1	21	274	254	2.1	39.2
Query_6681	XM_010381962.2	100.000	21	0	0	1	21	269	249	2.1	39.2
Query_6681	XM_010388141.2	100.000	21	0	0	1	21	226	206	2.1	39.2
Query_6681	XM_010388140.2	100.000	21	0	0	1	21	273	253	2.1	39.2
Query_6681	XM_010372908.2	100.000	21	0	0	1	21	272	252	2.1	39.2
Query_6681	XM_010355333.2	100.000	21	0	0	1	21	272	252	2.1	39.2
Query_6681	XM_010384213.2	100.000	21	0	0	1	21	421	401	2.1	39.2
Query_6681	XM_010384210.2	100.000	21	0	0	1	21	340	320	2.1	39.2
Query_6681	XM_010364945.2	100.000	21	0	0	1	21	226	206	2.1	39.2
Query_6681	XM_010357323.2	100.000	21	0	0	1	21	226	206	2.1	39.2
Query_6681	XM_010357322.2	100.000	21	0	0	1	21	226	206	2.1	39.2
Query_6681	XM_030926368.1	100.000	21	0	0	1	21	263	243	2.1	39.2
Query_6681	XM_012497289.2	100.000	21	0	0	1	21	226	206	2.1	39.2
Query_6681	XM_003253656.3	100.000	21	0	0	1	21	421	401	2.1	39.2
Query_6681	XM_030825544.1	100.000	21	0	0	1	21	307	287	2.1	39.2
Query_6681	NM_181801.4	100.000	21	0	0	1	21	421	401	2.1	39.2
Query_6681	XM_015148928.2	100.000	21	0	0	1	21	561	541	2.1	39.2
Query_6681	XM_001107065.3	100.000	21	0	0	1	21	341	321	2.1	39.2
Query_6681	XM_001104061.4	100.000	21	0	0	1	21	283	263	2.1	39.2
Query_6681	NM_007019.4	100.000	21	0	0	1	21	278	258	2.1	39.2
Query_6681	XM_023197067.2	100.000	21	0	0	1	21	351	331	2.1	39.2
Query_6681	XM_025403514.1	100.000	21	0	0	1	21	263	243	2.1	39.2
Query_6681	XM_025403513.1	100.000	21	0	0	1	21	274	254	2.1	39.2
Query_6681	XM_025402919.1	100.000	21	0	0	1	21	226	206	2.1	39.2
Query_6681	XM_025402918.1	100.000	21	0	0	1	21	226	206	2.1	39.2
Query_6681	XM_025399452.1	100.000	21	0	0	1	21	755	735	2.1	39.2
Query_6681	XM_025399448.1	100.000	21	0	0	1	21	340	320	2.1	39.2
Query_6681	XM_025399447.1	100.000	21	0	0	1	21	281	261	2.1	39.2
Query_6681	XM_025398797.1	100.000	21	0	0	1	21	272	252	2.1	39.2
Query_6681	XM_025398787.1	100.000	21	0	0	1	21	274	254	2.1	39.2
Query_6681	XM_025374650.1	100.000	21	0	0	1	21	262	242	2.1	39.2
Query_6681	XM_025374649.1	100.000	21	0	0	1	21	262	242	2.1	39.2
Query_6681	XM_011767430.2	100.000	21	0	0	1	21	238	218	2.1	39.2
Query_6681	XM_011766880.2	100.000	21	0	0	1	21	341	321	2.1	39.2
Query_6681	XM_009443484.3	100.000	21	0	0	1	21	320	300	2.1	39.2
Query_6681	XM_001156993.5	100.000	21	0	0	1	21	582	562	2.1	39.2
Query_6681	XM_012467302.2	100.000	21	0	0	1	21	267	247	2.1	39.2
Query_6681	XM_012467301.2	100.000	21	0	0	1	21	340	320	2.1	39.2
Query_6681	XM_020978193.1	100.000	21	0	0	1	21	229	209	2.1	39.2
Query_6681	XM_020978192.1	100.000	21	0	0	1	21	229	209	2.1	39.2
Query_6681	XM_004062268.2	100.000	21	0	0	1	21	340	320	2.1	39.2
Query_6681	XM_017866612.1	100.000	21	0	0	1	21	273	253	2.1	39.2
Query_6681	XM_017891441.1	100.000	21	0	0	1	21	272	252	2.1	39.2
Query_6681	XR_001887361.1	100.000	21	0	0	1	21	224	204	2.1	39.2
Query_6681	XM_017877944.1	100.000	21	0	0	1	21	341	321	2.1	39.2
Query_6681	XR_001885989.1	100.000	21	0	0	1	21	293	273	2.1	39.2
Query_6681	XM_017863870.1	100.000	21	0	0	1	21	697	677	2.1	39.2
Query_6681	XM_514682.6	100.000	21	0	0	1	21	341	321	2.1	39.2
Query_6681	XM_015448919.1	100.000	21	0	0	1	21	255	235	2.1	39.2
Query_6681	XM_015448918.1	100.000	21	0	0	1	21	255	235	2.1	39.2
Query_6681	XM_005540836.2	100.000	21	0	0	1	21	288	268	2.1	39.2
Query_6681	KT331146.1	100.000	21	0	0	1	21	6121	6141	2.1	39.2
Query_6681	KT331056.1	100.000	21	0	0	1	21	14684	14704	2.1	39.2
Query_6681	XM_012467300.1	100.000	21	0	0	1	21	340	320	2.1	39.2
Query_6681	XM_012054675.1	100.000	21	0	0	1	21	272	252	2.1	39.2
Query_6681	XM_011928913.1	100.000	21	0	0	1	21	771	751	2.1	39.2
Query_6681	XM_011928910.1	100.000	21	0	0	1	21	356	336	2.1	39.2
Query_6681	XR_001015887.1	100.000	21	0	0	1	21	273	253	2.1	39.2
Query_6681	XM_011984520.1	100.000	21	0	0	1	21	226	206	2.1	39.2
Query_6681	XM_011984519.1	100.000	21	0	0	1	21	226	206	2.1	39.2
Query_6681	XM_011983800.1	100.000	21	0	0	1	21	756	736	2.1	39.2
Query_6681	XM_011983796.1	100.000	21	0	0	1	21	346	326	2.1	39.2
Query_6681	XM_011972810.1	100.000	21	0	0	1	21	272	252	2.1	39.2
Query_6681	XM_011972809.1	100.000	21	0	0	1	21	272	252	2.1	39.2
Query_6681	XM_002830362.3	100.000	21	0	0	1	21	340	320	2.1	39.2
Query_6681	KJ913421.1	100.000	21	0	0	1	21	17157	17137	2.1	39.2
Query_6681	KJ913257.1	100.000	21	0	0	1	21	17155	17135	2.1	39.2
Query_6681	KJ913239.1	100.000	21	0	0	1	21	20361	20341	2.1	39.2
Query_6681	KJ913107.1	100.000	21	0	0	1	21	15269	15249	2.1	39.2
Query_6681	KJ456643.1	100.000	21	0	0	1	21	15269	15249	2.1	39.2
Query_6681	KJ489681.1	100.000	21	0	0	1	21	4550	4570	2.1	39.2
Query_6681	KJ489673.1	100.000	21	0	0	1	21	7853	7873	2.1	39.2
Query_6681	KJ489634.1	100.000	21	0	0	1	21	17039	17019	2.1	39.2
Query_6681	XM_007962142.2	100.000	21	0	0	1	21	331	311	2.1	39.2
Query_6681	XM_008015737.2	100.000	21	0	0	1	21	295	275	2.1	39.2
Query_6681	XM_008015746.2	100.000	21	0	0	1	21	341	321	2.1	39.2
Query_6681	XM_038002174.1	100.000	21	0	0	1	21	247	227	2.1	39.2
Query_6681	XM_038002173.1	100.000	21	0	0	1	21	285	265	2.1	39.2
Query_6681	XM_017541241.2	100.000	21	0	0	1	21	341	321	2.1	39.2
Query_6681	XM_037739960.1	100.000	21	0	0	1	21	273	253	2.1	39.2
Query_6681	XM_017526538.2	100.000	21	0	0	1	21	43	23	2.1	39.2
Query_6681	XR_004734476.1	100.000	21	0	0	1	21	274	254	2.1	39.2
Query_6681	XM_017973507.2	100.000	21	0	0	1	21	365	345	2.1	39.2
Query_6681	EU831629.1	100.000	21	0	0	1	21	248	228	2.1	39.2
Query_6681	EU831714.1	100.000	21	0	0	1	21	248	228	2.1	39.2


