# blastn
# Iteration: 0
# Query: 
# RID: 9W09KDVG013
# Database: nt
# Fields: query acc.ver, subject acc.ver, % identity, alignment length, mismatches, gap opens, q. start, q. end, s. start, s. end, evalue, bit score
# 101 hits found
Query_33089	XM_034941314.1	100.000	21	0	0	1	21	577	557	2.1	39.2
Query_33089	XR_004430887.1	100.000	21	0	0	1	21	308	288	2.1	39.2
Query_33089	XR_004430886.1	100.000	21	0	0	1	21	561	541	2.1	39.2
Query_33089	XR_004430885.1	100.000	21	0	0	1	21	531	511	2.1	39.2
Query_33089	XR_004430884.1	100.000	21	0	0	1	21	437	417	2.1	39.2
Query_33089	XR_004430883.1	100.000	21	0	0	1	21	408	388	2.1	39.2
Query_33089	XM_033185036.1	100.000	21	0	0	1	21	592	572	2.1	39.2
Query_33089	XM_032138345.1	100.000	21	0	0	1	21	595	575	2.1	39.2
Query_33089	XM_023184506.2	100.000	21	0	0	1	21	583	563	2.1	39.2
Query_33089	XR_004179314.1	100.000	21	0	0	1	21	916	896	2.1	39.2
Query_33089	XR_004179313.1	100.000	21	0	0	1	21	308	288	2.1	39.2
Query_33089	XM_003912123.3	100.000	21	0	0	1	21	586	566	2.1	39.2
Query_33089	XM_017950278.3	100.000	21	0	0	1	21	424	404	2.1	39.2
Query_33089	XM_004058312.3	100.000	21	0	0	1	21	586	566	2.1	39.2
Query_33089	XM_010382186.2	100.000	21	0	0	1	21	586	566	2.1	39.2
Query_33089	XM_030800357.1	100.000	21	0	0	1	21	586	566	2.1	39.2
Query_33089	XR_001440232.2	100.000	21	0	0	1	21	679	659	2.1	39.2
Query_33089	XR_001440230.2	100.000	21	0	0	1	21	452	432	2.1	39.2
Query_33089	XM_015118270.2	100.000	21	0	0	1	21	581	561	2.1	39.2
Query_33089	XM_028835904.1	100.000	21	0	0	1	21	309	289	2.1	39.2
Query_33089	XM_005349621.3	100.000	21	0	0	1	21	1261	1241	2.1	39.2
Query_33089	CP034495.1	100.000	21	0	0	1	21	4200035	4200055	2.1	39.2
Query_33089	CP034495.1	100.000	21	0	0	1	21	84380304	84380324	2.1	39.2
Query_33089	XM_025362958.1	100.000	21	0	0	1	21	586	566	2.1	39.2
Query_33089	XR_981472.2	100.000	21	0	0	1	21	353	333	2.1	39.2
Query_33089	XR_003016002.1	100.000	21	0	0	1	21	456	436	2.1	39.2
Query_33089	XR_981462.2	100.000	21	0	0	1	21	878	858	2.1	39.2
Query_33089	XR_003015996.1	100.000	21	0	0	1	21	732	712	2.1	39.2
Query_33089	XR_981464.2	100.000	21	0	0	1	21	910	890	2.1	39.2
Query_33089	XM_024790008.1	100.000	21	0	0	1	21	1329	1309	2.1	39.2
Query_33089	XM_009431600.3	100.000	21	0	0	1	21	212	192	2.1	39.2
Query_33089	XM_016931252.2	100.000	21	0	0	1	21	586	566	2.1	39.2
Query_33089	LT734953.1	100.000	21	0	0	1	21	711	691	2.1	39.2
Query_33089	XM_017860189.1	100.000	21	0	0	1	21	598	578	2.1	39.2
Query_33089	XR_981471.1	100.000	21	0	0	1	21	338	318	2.1	39.2
Query_33089	XR_981470.1	100.000	21	0	0	1	21	338	318	2.1	39.2
Query_33089	XR_981467.1	100.000	21	0	0	1	21	579	559	2.1	39.2
Query_33089	XM_011725127.1	100.000	21	0	0	1	21	586	566	2.1	39.2
Query_33089	XR_001014219.1	100.000	21	0	0	1	21	335	315	2.1	39.2
Query_33089	XR_001014218.1	100.000	21	0	0	1	21	939	919	2.1	39.2
Query_33089	XR_001014217.1	100.000	21	0	0	1	21	970	950	2.1	39.2
Query_33089	XR_001014215.1	100.000	21	0	0	1	21	364	344	2.1	39.2
Query_33089	XR_001014214.1	100.000	21	0	0	1	21	308	288	2.1	39.2
Query_33089	XR_001014213.1	100.000	21	0	0	1	21	338	318	2.1	39.2
Query_33089	XM_012055657.1	100.000	21	0	0	1	21	586	566	2.1	39.2
Query_33089	XM_011947503.1	100.000	21	0	0	1	21	389	369	2.1	39.2
Query_33089	XM_011980458.1	100.000	21	0	0	1	21	392	372	2.1	39.2
Query_33089	KJ892344.1	100.000	21	0	0	1	21	289	269	2.1	39.2
Query_33089	XM_006899758.1	100.000	21	0	0	1	21	482	462	2.1	39.2
Query_33089	XM_004605234.1	100.000	21	0	0	1	21	431	411	2.1	39.2
Query_33089	CP068261.2	100.000	21	0	0	1	21	4185988	4186008	2.1	39.2
Query_33089	XM_040270543.1	100.000	21	0	0	1	21	758	738	2.1	39.2
Query_33089	XR_005721604.1	100.000	21	0	0	1	21	631	611	2.1	39.2
Query_33089	XR_005721603.1	100.000	21	0	0	1	21	661	641	2.1	39.2
Query_33089	XM_040243712.1	100.000	21	0	0	1	21	595	575	2.1	39.2
Query_33089	XR_005236751.1	100.000	21	0	0	1	21	418	398	2.1	39.2
Query_33089	XR_005236750.1	100.000	21	0	0	1	21	406	386	2.1	39.2
Query_33089	XM_008009911.2	100.000	21	0	0	1	21	590	570	2.1	39.2
Query_33089	AP023477.1	100.000	21	0	0	1	21	4370173	4370193	2.1	39.2
Query_33089	NM_003342.5	100.000	21	0	0	1	21	583	563	2.1	39.2
Query_33089	AK313059.1	100.000	21	0	0	1	21	429	409	2.1	39.2
Query_33089	BC026288.1	100.000	21	0	0	1	21	390	370	2.1	39.2
Query_33089	NM_022690.2	100.000	21	0	0	1	21	528	508	2.1	39.2
Query_33089	BT008255.1	100.000	21	0	0	1	21	224	204	2.1	39.2
Query_33089	BT007416.1	100.000	21	0	0	1	21	224	204	2.1	39.2
Query_33089	NM_001283400.1	100.000	21	0	0	1	21	413	393	2.1	39.2
Query_33089	AC087742.9	100.000	21	0	0	1	21	23130	23110	2.1	39.2
Query_33089	BC002775.2	100.000	21	0	0	1	21	481	461	2.1	39.2
Query_33089	D78514.1	100.000	21	0	0	1	21	242	222	2.1	39.2
Query_33089	AF099093.1	100.000	21	0	0	1	21	495	475	2.1	39.2
Query_33089	XM_041001753.1	100.000	20	0	0	1	20	532	513	7.5	37.4
Query_33089	XM_040749094.1	100.000	20	0	0	1	20	939	920	7.5	37.4
Query_33089	XM_040749093.1	100.000	20	0	0	1	20	935	916	7.5	37.4
Query_33089	XM_040629833.1	100.000	20	0	0	1	20	497	478	7.5	37.4
Query_33089	CP071568.1	100.000	20	0	0	2	21	27701583	27701564	7.5	37.4
Query_33089	CP071563.1	100.000	20	0	0	1	20	51369315	51369334	7.5	37.4
Query_33089	XM_040453568.1	100.000	20	0	0	1	20	181	162	7.5	37.4
Query_33089	XM_040453567.1	100.000	20	0	0	1	20	236	217	7.5	37.4
Query_33089	HG994385.1	100.000	20	0	0	1	20	31019577	31019596	7.5	37.4
Query_33089	XR_005658082.1	100.000	20	0	0	1	20	409	390	7.5	37.4
Query_33089	XM_039886420.1	100.000	20	0	0	1	20	578	559	7.5	37.4
Query_33089	XM_039772153.1	100.000	20	0	0	1	20	465	446	7.5	37.4
Query_33089	XM_039772152.1	100.000	20	0	0	1	20	494	475	7.5	37.4
Query_33089	XM_039476665.1	100.000	20	0	0	1	20	607	588	7.5	37.4
Query_33089	XM_039094064.1	100.000	20	0	0	1	20	263	244	7.5	37.4
Query_33089	XM_038665135.1	100.000	20	0	0	1	20	218	199	7.5	37.4
Query_33089	XM_038665134.1	100.000	20	0	0	1	20	331	312	7.5	37.4
Query_33089	XM_038512865.1	100.000	20	0	0	1	20	218	199	7.5	37.4
Query_33089	XM_038512854.1	100.000	20	0	0	1	20	331	312	7.5	37.4
Query_33089	XM_037810445.1	100.000	20	0	0	1	20	569	550	7.5	37.4
Query_33089	XM_037801494.1	100.000	20	0	0	1	20	396	377	7.5	37.4
Query_33089	XM_017512180.2	100.000	20	0	0	1	20	579	560	7.5	37.4
Query_33089	XM_037495089.1	100.000	20	0	0	1	20	551	532	7.5	37.4
Query_33089	XM_037201328.1	100.000	20	0	0	1	20	508	489	7.5	37.4
Query_33089	XM_028888748.2	100.000	20	0	0	1	20	498	479	7.5	37.4
Query_33089	XM_036452373.1	100.000	20	0	0	1	20	579	560	7.5	37.4
Query_33089	XM_036341263.1	100.000	20	0	0	1	20	369	350	7.5	37.4
Query_33089	XM_036341262.1	100.000	20	0	0	1	20	542	523	7.5	37.4
Query_33089	XM_036341261.1	100.000	20	0	0	1	20	314	295	7.5	37.4
Query_33089	XM_036341260.1	100.000	20	0	0	1	20	323	304	7.5	37.4
Query_33089	XM_036318344.1	100.000	20	0	0	1	20	278	259	7.5	37.4


