# blastn
# Iteration: 0
# Query: 
# RID: 72BZU395013
# Database: nt
# Fields: query acc.ver, subject acc.ver, % identity, alignment length, mismatches, gap opens, q. start, q. end, s. start, s. end, evalue, bit score
# 100 hits found
Query_12935	XM_003828383.3	100.000	21	0	0	1	21	372	352	2.1	39.2
Query_12935	XM_033206268.1	100.000	21	0	0	1	21	349	329	2.1	39.2
Query_12935	XM_032910158.1	100.000	21	0	0	1	21	304	284	2.1	39.2
Query_12935	XM_032640683.1	100.000	21	0	0	1	21	459	439	2.1	39.2
Query_12935	XM_006186196.3	100.000	21	0	0	1	21	338	318	2.1	39.2
Query_12935	XM_032285763.1	100.000	21	0	0	1	21	328	308	2.1	39.2
Query_12935	XM_032285762.1	100.000	21	0	0	1	21	394	374	2.1	39.2
Query_12935	XM_032168115.1	100.000	21	0	0	1	21	328	308	2.1	39.2
Query_12935	XM_023208011.3	100.000	21	0	0	1	21	328	308	2.1	39.2
Query_12935	XM_015241282.2	100.000	21	0	0	1	21	339	319	2.1	39.2
Query_12935	XM_003910597.5	100.000	21	0	0	1	21	364	344	2.1	39.2
Query_12935	XM_010977792.2	100.000	21	0	0	1	21	338	318	2.1	39.2
Query_12935	XM_031343037.1	100.000	21	0	0	1	21	321	301	2.1	39.2
Query_12935	XM_031016085.1	100.000	21	0	0	1	21	334	314	2.1	39.2
Query_12935	XM_003253045.4	100.000	21	0	0	1	21	328	308	2.1	39.2
Query_12935	XM_029208695.1	100.000	21	0	0	1	21	459	439	2.1	39.2
Query_12935	XM_001097508.3	100.000	21	0	0	1	21	396	376	2.1	39.2
Query_12935	XM_024115301.2	100.000	21	0	0	1	21	1270	1250	2.1	39.2
Query_12935	NM_002423.5	100.000	21	0	0	1	21	329	309	2.1	39.2
Query_12935	XM_027087794.1	100.000	21	0	0	1	21	293	273	2.1	39.2
Query_12935	XM_026392501.1	100.000	21	0	0	1	21	302	282	2.1	39.2
Query_12935	XM_008149235.2	100.000	21	0	0	1	21	335	315	2.1	39.2
Query_12935	XM_007191221.2	100.000	21	0	0	1	21	463	443	2.1	39.2
Query_12935	XM_027930774.1	100.000	21	0	0	1	21	285	265	2.1	39.2
Query_12935	XM_025356956.1	100.000	21	0	0	1	21	329	309	2.1	39.2
Query_12935	XM_011761574.2	100.000	21	0	0	1	21	397	377	2.1	39.2
Query_12935	XM_024760356.1	100.000	21	0	0	1	21	459	439	2.1	39.2
Query_12935	XM_002822397.3	100.000	21	0	0	1	21	329	309	2.1	39.2
Query_12935	XM_006094666.3	100.000	21	0	0	1	21	320	300	2.1	39.2
Query_12935	XM_001498809.3	100.000	21	0	0	1	21	400	380	2.1	39.2
Query_12935	XM_022562067.1	100.000	21	0	0	1	21	459	439	2.1	39.2
Query_12935	XM_012455176.2	100.000	21	0	0	1	21	406	386	2.1	39.2
Query_12935	XM_021173154.1	100.000	21	0	0	1	21	215	195	2.1	39.2
Query_12935	XM_021173153.1	100.000	21	0	0	1	21	321	301	2.1	39.2
Query_12935	LT737011.1	100.000	21	0	0	1	21	769	749	2.1	39.2
Query_12935	AH006461.2	100.000	21	0	0	1	21	449	429	2.1	39.2
Query_12935	XM_019923741.1	100.000	21	0	0	1	21	293	273	2.1	39.2
Query_12935	XM_017850086.1	100.000	21	0	0	1	21	361	341	2.1	39.2
Query_12935	XM_508721.6	100.000	21	0	0	1	21	387	367	2.1	39.2
Query_12935	XM_016206721.1	100.000	21	0	0	1	21	282	262	2.1	39.2
Query_12935	AH003560.2	100.000	21	0	0	1	21	451	431	2.1	39.2
Query_12935	NM_001319986.1	100.000	21	0	0	1	21	221	201	2.1	39.2
Query_12935	NM_010810.5	100.000	21	0	0	1	21	327	307	2.1	39.2
Query_12935	XM_006775239.2	100.000	21	0	0	1	21	345	325	2.1	39.2
Query_12935	XM_015490060.1	100.000	21	0	0	1	21	317	297	2.1	39.2
Query_12935	XM_015490059.1	100.000	21	0	0	1	21	317	297	2.1	39.2
Query_12935	XM_005579462.2	100.000	21	0	0	1	21	1888	1868	2.1	39.2
Query_12935	XR_001401106.1	100.000	21	0	0	1	21	362	342	2.1	39.2
Query_12935	XM_014860015.1	100.000	21	0	0	1	21	362	342	2.1	39.2
Query_12935	XM_004427486.2	100.000	21	0	0	1	21	311	291	2.1	39.2
Query_12935	XM_005872215.2	100.000	21	0	0	1	21	344	324	2.1	39.2
Query_12935	XM_013009627.1	100.000	21	0	0	1	21	297	277	2.1	39.2
Query_12935	XM_012801813.1	100.000	21	0	0	1	21	300	280	2.1	39.2
Query_12935	XM_012659168.1	100.000	21	0	0	1	21	336	316	2.1	39.2
Query_12935	XM_011926627.1	100.000	21	0	0	1	21	328	308	2.1	39.2
Query_12935	XM_012066592.1	100.000	21	0	0	1	21	355	335	2.1	39.2
Query_12935	XM_011984397.1	100.000	21	0	0	1	21	328	308	2.1	39.2
Query_12935	KF356281.1	100.000	21	0	0	1	21	219	199	2.1	39.2
Query_12935	XM_010953194.1	100.000	21	0	0	1	21	307	287	2.1	39.2
Query_12935	XM_010379058.1	100.000	21	0	0	1	21	328	308	2.1	39.2
Query_12935	XM_008579627.1	100.000	21	0	0	1	21	324	304	2.1	39.2
Query_12935	XM_008522755.1	100.000	21	0	0	1	21	341	321	2.1	39.2
Query_12935	KJ897196.1	100.000	21	0	0	1	21	347	327	2.1	39.2
Query_12935	XM_007448565.1	100.000	21	0	0	1	21	291	271	2.1	39.2
Query_12935	XM_004605159.1	100.000	21	0	0	1	21	288	268	2.1	39.2
Query_12935	XM_005329121.3	100.000	21	0	0	1	21	304	284	2.1	39.2
Query_12935	XM_003923774.3	100.000	21	0	0	1	21	328	308	2.1	39.2
Query_12935	XM_039470894.1	100.000	21	0	0	1	21	404	384	2.1	39.2
Query_12935	XM_004283360.1	100.000	21	0	0	1	21	293	273	2.1	39.2
Query_12935	JQ745664.1	100.000	21	0	0	1	21	277	257	2.1	39.2
Query_12935	XM_008020665.2	100.000	21	0	0	1	21	357	337	2.1	39.2
Query_12935	XM_017544765.2	100.000	21	0	0	1	21	328	308	2.1	39.2
Query_12935	XM_037062638.1	100.000	21	0	0	1	21	282	262	2.1	39.2
Query_12935	XM_036859864.1	100.000	21	0	0	1	21	464	444	2.1	39.2
Query_12935	XM_036324579.1	100.000	21	0	0	1	21	315	295	2.1	39.2
Query_12935	XM_035263998.1	100.000	21	0	0	1	21	2190	2210	2.1	39.2
Query_12935	XM_002754348.4	100.000	21	0	0	1	21	348	328	2.1	39.2
Query_12935	AB528509.1	100.000	21	0	0	1	21	291	271	2.1	39.2
Query_12935	AK293359.1	100.000	21	0	0	1	21	329	309	2.1	39.2
Query_12935	CU678547.1	100.000	21	0	0	1	21	538	558	2.1	39.2
Query_12935	CU678546.1	100.000	21	0	0	1	21	298	278	2.1	39.2
Query_12935	AK309687.1	100.000	21	0	0	1	21	332	312	2.1	39.2
Query_12935	EU176770.1	100.000	21	0	0	1	21	304	284	2.1	39.2
Query_12935	DQ893132.2	100.000	21	0	0	1	21	304	284	2.1	39.2
Query_12935	BC120655.1	100.000	21	0	0	1	21	306	286	2.1	39.2
Query_12935	AY795972.1	100.000	21	0	0	1	21	4937	4917	2.1	39.2
Query_12935	BC003635.2	100.000	21	0	0	1	21	313	293	2.1	39.2
Query_12935	NM_012864.2	100.000	21	0	0	1	21	310	290	2.1	39.2
Query_12935	AC126260.3	100.000	21	0	0	1	21	207904	207884	2.1	39.2
Query_12935	AK144515.1	100.000	21	0	0	1	21	324	304	2.1	39.2
Query_12935	AK222980.1	100.000	21	0	0	1	21	335	315	2.1	39.2
Query_12935	AF267158.1	100.000	21	0	0	1	21	25	5	2.1	39.2
Query_12935	AL603630.11	100.000	21	0	0	1	21	140411	140391	2.1	39.2
Query_12935	DQ084456.1	100.000	21	0	0	1	21	21	1	2.1	39.2
Query_12935	AY891251.1	100.000	21	0	0	1	21	282	262	2.1	39.2
Query_12935	AY893344.1	100.000	21	0	0	1	21	282	262	2.1	39.2
Query_12935	AP001830.5	100.000	21	0	0	1	21	179097	179117	2.1	39.2
Query_12935	L36244.1	100.000	21	0	0	1	21	331	311	2.1	39.2
Query_12935	L24374.1	100.000	21	0	0	1	21	324	304	2.1	39.2
Query_12935	X07821.1	100.000	21	0	0	1	21	199	179	2.1	39.2


