# blastn
# Iteration: 0
# Query: 
# RID: 7J5DN9DR01R
# Database: nt
# Fields: query acc.ver, subject acc.ver, % identity, alignment length, mismatches, gap opens, q. start, q. end, s. start, s. end, evalue, bit score
# 100 hits found
Query_378911	XM_034986442.1	100.000	21	0	0	1	21	648	628	2.1	39.2
Query_378911	XM_034945734.1	100.000	21	0	0	1	21	571	551	2.1	39.2
Query_378911	AP023166.1	100.000	21	0	0	1	21	5448349	5448369	2.1	39.2
Query_378911	XM_011234637.3	100.000	21	0	0	1	21	299	279	2.1	39.2
Query_378911	XM_034492571.1	100.000	21	0	0	1	21	862	842	2.1	39.2
Query_378911	XM_034072388.1	100.000	21	0	0	1	21	521	501	2.1	39.2
Query_378911	XM_033224775.1	100.000	21	0	0	1	21	916	896	2.1	39.2
Query_378911	XM_033127806.1	100.000	21	0	0	1	21	851	831	2.1	39.2
Query_378911	XM_032894453.1	100.000	21	0	0	1	21	916	896	2.1	39.2
Query_378911	XM_032487481.1	100.000	21	0	0	1	21	860	840	2.1	39.2
Query_378911	XM_014564844.2	100.000	21	0	0	1	21	380	360	2.1	39.2
Query_378911	XM_032441758.1	100.000	21	0	0	1	21	1916	1896	2.1	39.2
Query_378911	XM_032388640.1	100.000	21	0	0	1	21	989	969	2.1	39.2
Query_378911	XM_032324808.1	100.000	21	0	0	1	21	800	780	2.1	39.2
Query_378911	XM_032263313.1	100.000	21	0	0	1	21	905	885	2.1	39.2
Query_378911	XM_032205079.1	100.000	21	0	0	1	21	673	653	2.1	39.2
Query_378911	XM_023197562.3	100.000	21	0	0	1	21	912	892	2.1	39.2
Query_378911	NM_001194143.2	100.000	21	0	0	1	21	994	974	2.1	39.2
Query_378911	LR738628.1	100.000	21	0	0	1	21	74931372	74931392	2.1	39.2
Query_378911	LR738606.1	100.000	21	0	0	1	21	66406585	66406565	2.1	39.2
Query_378911	XM_031659367.1	100.000	21	0	0	1	21	985	965	2.1	39.2
Query_378911	XM_031610353.1	100.000	21	0	0	1	21	536	516	2.1	39.2
Query_378911	XM_010989212.2	100.000	21	0	0	1	21	853	833	2.1	39.2
Query_378911	XM_031457488.1	100.000	21	0	0	1	21	788	768	2.1	39.2
Query_378911	XM_031385385.1	100.000	21	0	0	1	21	515	495	2.1	39.2
Query_378911	XM_031385384.1	100.000	21	0	0	1	21	825	805	2.1	39.2
Query_378911	XM_006747778.2	100.000	21	0	0	1	21	889	869	2.1	39.2
Query_378911	XM_004061618.3	100.000	21	0	0	1	21	923	903	2.1	39.2
Query_378911	XM_030970249.1	100.000	21	0	0	1	21	946	926	2.1	39.2
Query_378911	XM_010361181.2	100.000	21	0	0	1	21	890	870	2.1	39.2
Query_378911	XM_030510889.1	100.000	21	0	0	1	21	1114	1094	2.1	39.2
Query_378911	XM_030297580.1	100.000	21	0	0	1	21	406	386	2.1	39.2
Query_378911	XM_030006226.1	100.000	21	0	0	1	21	990	970	2.1	39.2
Query_378911	XM_029926448.1	100.000	21	0	0	1	21	384	364	2.1	39.2
Query_378911	XM_021219106.2	100.000	21	0	0	1	21	588	568	2.1	39.2
Query_378911	XM_021165994.2	100.000	21	0	0	1	21	592	572	2.1	39.2
Query_378911	NM_003969.4	100.000	21	0	0	1	21	574	554	2.1	39.2
Query_378911	XM_028781890.1	100.000	21	0	0	1	21	916	896	2.1	39.2
Query_378911	AC279022.1	100.000	21	0	0	1	21	49782	49802	2.1	39.2
Query_378911	XM_007123110.3	100.000	21	0	0	1	21	915	895	2.1	39.2
Query_378911	XM_027037588.1	100.000	21	0	0	1	21	434	414	2.1	39.2
Query_378911	XM_013351477.2	100.000	21	0	0	1	21	543	523	2.1	39.2
Query_378911	XM_026489448.1	100.000	21	0	0	1	21	401	381	2.1	39.2
Query_378911	XM_026379772.1	100.000	21	0	0	1	21	926	906	2.1	39.2
Query_378911	XM_008161091.2	100.000	21	0	0	1	21	383	363	2.1	39.2
Query_378911	XM_028138389.1	100.000	21	0	0	1	21	383	363	2.1	39.2
Query_378911	XM_028093366.1	100.000	21	0	0	1	21	603	583	2.1	39.2
Query_378911	XM_027978947.1	100.000	21	0	0	1	21	393	373	2.1	39.2
Query_378911	XM_027978946.1	100.000	21	0	0	1	21	428	408	2.1	39.2
Query_378911	XM_027978945.1	100.000	21	0	0	1	21	393	373	2.1	39.2
Query_378911	XM_027921197.1	100.000	21	0	0	1	21	937	917	2.1	39.2
Query_378911	XM_005436332.3	100.000	21	0	0	1	21	1140	1120	2.1	39.2
Query_378911	XM_005233010.3	100.000	21	0	0	1	21	990	970	2.1	39.2
Query_378911	CP034522.1	100.000	21	0	0	1	21	59008057	59008077	2.1	39.2
Query_378911	CP034497.1	100.000	21	0	0	1	21	59008057	59008077	2.1	39.2
Query_378911	CP034494.1	100.000	21	0	0	1	21	34344270	34344290	2.1	39.2
Query_378911	XM_027619724.1	100.000	21	0	0	1	21	603	583	2.1	39.2
Query_378911	XM_027514594.1	100.000	21	0	0	1	21	907	887	2.1	39.2
Query_378911	XM_026121220.1	100.000	21	0	0	1	21	344	324	2.1	39.2
Query_378911	XM_026060824.1	100.000	21	0	0	1	21	1414	1394	2.1	39.2
Query_378911	XM_025849383.1	100.000	21	0	0	1	21	603	583	2.1	39.2
Query_378911	XM_025848705.1	100.000	21	0	0	1	21	603	583	2.1	39.2
Query_378911	XM_025367066.1	100.000	21	0	0	1	21	1186	1166	2.1	39.2
Query_378911	XM_025367065.1	100.000	21	0	0	1	21	1186	1166	2.1	39.2
Query_378911	XM_025270420.1	100.000	21	0	0	1	21	448	428	2.1	39.2
Query_378911	XM_006067295.2	100.000	21	0	0	1	21	430	410	2.1	39.2
Query_378911	XM_015273062.2	100.000	21	0	0	1	21	660	640	2.1	39.2
Query_378911	XM_015458446.2	100.000	21	0	0	1	21	907	887	2.1	39.2
Query_378911	XM_040465311.1	100.000	21	0	0	1	21	427	407	2.1	39.2
Query_378911	HG999712.1	100.000	21	0	0	1	21	128969	128949	2.1	39.2
Query_378911	XM_040251831.1	100.000	21	0	0	1	21	426	406	2.1	39.2
Query_378911	XM_040251830.1	100.000	21	0	0	1	21	865	845	2.1	39.2
Query_378911	XM_040251829.1	100.000	21	0	0	1	21	865	845	2.1	39.2
Query_378911	XM_039868785.1	100.000	21	0	0	1	21	904	884	2.1	39.2
Query_378911	XM_039466383.1	100.000	21	0	0	1	21	1181	1161	2.1	39.2
Query_378911	XM_039225255.1	100.000	21	0	0	1	21	894	874	2.1	39.2
Query_378911	CP068262.1	100.000	21	0	0	1	21	38959063	38959043	2.1	39.2
Query_378911	CP068259.1	100.000	21	0	0	1	21	61654364	61654384	2.1	39.2
Query_378911	XM_038338840.1	100.000	21	0	0	1	21	908	888	2.1	39.2
Query_378911	XM_038126432.1	100.000	21	0	0	1	21	273	253	2.1	39.2
Query_378911	XM_007998466.2	100.000	21	0	0	1	21	1098	1078	2.1	39.2
Query_378911	XM_017509655.2	100.000	21	0	0	1	21	836	816	2.1	39.2
Query_378911	XM_037704469.1	100.000	21	0	0	1	21	466	446	2.1	39.2
Query_378911	XM_037517301.1	100.000	21	0	0	1	21	446	426	2.1	39.2
Query_378911	XM_037388573.1	100.000	21	0	0	1	21	466	446	2.1	39.2
Query_378911	XM_028884903.2	100.000	21	0	0	1	21	593	573	2.1	39.2
Query_378911	XM_017678136.2	100.000	21	0	0	1	21	390	370	2.1	39.2
Query_378911	XM_036901378.1	100.000	21	0	0	1	21	1384	1364	2.1	39.2
Query_378911	XM_036426083.1	100.000	21	0	0	1	21	552	532	2.1	39.2
Query_378911	XM_036311451.1	100.000	21	0	0	1	21	902	882	2.1	39.2
Query_378911	XM_036273895.1	100.000	21	0	0	1	21	552	532	2.1	39.2
Query_378911	XM_016125757.2	100.000	21	0	0	1	21	579	559	2.1	39.2
Query_378911	AP023487.1	100.000	21	0	0	1	21	318853	318873	2.1	39.2
Query_378911	AP023479.1	100.000	21	0	0	1	21	59039497	59039517	2.1	39.2
Query_378911	XM_036168406.1	100.000	21	0	0	1	21	618	598	2.1	39.2
Query_378911	XM_036079788.1	100.000	21	0	0	1	21	603	583	2.1	39.2
Query_378911	XR_004841374.1	100.000	21	0	0	1	21	152	132	2.1	39.2
Query_378911	AC280253.1	100.000	21	0	0	1	21	157985	158005	2.1	39.2
Query_378911	XM_017967523.2	100.000	21	0	0	1	21	1177	1157	2.1	39.2
Query_378911	LS423642.1	100.000	21	0	0	1	21	41638618	41638638	2.1	39.2


