# blastn
# Iteration: 0
# Query: 
# RID: 7PM6DUZV016
# Database: nt
# Fields: query acc.ver, subject acc.ver, % identity, alignment length, mismatches, gap opens, q. start, q. end, s. start, s. end, evalue, bit score
# 100 hits found
Query_8307	XM_040464657.1	100.000	21	0	0	1	21	243	223	2.1	39.2
Query_8307	XM_040464656.1	100.000	21	0	0	1	21	423	403	2.1	39.2
Query_8307	XM_013362518.3	100.000	21	0	0	1	21	319	299	2.1	39.2
Query_8307	XM_005334483.4	100.000	21	0	0	1	21	417	397	2.1	39.2
Query_8307	XM_040080680.1	100.000	21	0	0	1	21	393	373	2.1	39.2
Query_8307	XM_040080679.1	100.000	21	0	0	1	21	542	522	2.1	39.2
Query_8307	HG994404.1	100.000	21	0	0	1	21	25818458	25818438	2.1	39.2
Query_8307	XM_039868429.1	100.000	21	0	0	1	21	430	410	2.1	39.2
Query_8307	XM_039868428.1	100.000	21	0	0	1	21	387	367	2.1	39.2
Query_8307	XM_039724271.1	100.000	21	0	0	1	21	423	403	2.1	39.2
Query_8307	XM_039560884.1	100.000	21	0	0	1	21	392	372	2.1	39.2
Query_8307	XM_039504779.1	100.000	21	0	0	1	21	330	310	2.1	39.2
Query_8307	XM_039504778.1	100.000	21	0	0	1	21	446	426	2.1	39.2
Query_8307	XM_003942643.3	100.000	21	0	0	1	21	395	375	2.1	39.2
Query_8307	XM_039469933.1	100.000	21	0	0	1	21	331	311	2.1	39.2
Query_8307	XM_039385060.1	100.000	21	0	0	1	21	487	467	2.1	39.2
Query_8307	XM_027733003.2	100.000	21	0	0	1	21	397	377	2.1	39.2
Query_8307	XM_039222468.1	100.000	21	0	0	1	21	324	304	2.1	39.2
Query_8307	XM_039242864.1	100.000	21	0	0	1	21	279	259	2.1	39.2
Query_8307	XM_039242863.1	100.000	21	0	0	1	21	398	378	2.1	39.2
Query_8307	XM_039239305.1	100.000	21	0	0	1	21	330	310	2.1	39.2
Query_8307	CP068259.1	100.000	21	0	0	1	21	9900955	9900935	2.1	39.2
Query_8307	XM_039088548.1	100.000	21	0	0	1	21	316	296	2.1	39.2
Query_8307	XM_039088547.1	100.000	21	0	0	1	21	428	408	2.1	39.2
Query_8307	XM_038437623.1	100.000	21	0	0	1	21	266	246	2.1	39.2
Query_8307	XM_038437622.1	100.000	21	0	0	1	21	366	346	2.1	39.2
Query_8307	XM_005636619.4	100.000	21	0	0	1	21	266	246	2.1	39.2
Query_8307	XM_534767.7	100.000	21	0	0	1	21	366	346	2.1	39.2
Query_8307	XM_038372710.1	100.000	21	0	0	1	21	557	537	2.1	39.2
Query_8307	XM_038372709.1	100.000	21	0	0	1	21	532	512	2.1	39.2
Query_8307	XM_038372708.1	100.000	21	0	0	1	21	432	412	2.1	39.2
Query_8307	XM_038320861.1	100.000	21	0	0	1	21	222	202	2.1	39.2
Query_8307	XM_038320860.1	100.000	21	0	0	1	21	318	298	2.1	39.2
Query_8307	XM_038320010.1	100.000	21	0	0	1	21	328	308	2.1	39.2
Query_8307	XM_038319963.1	100.000	21	0	0	1	21	342	322	2.1	39.2
Query_8307	XM_038346230.1	100.000	21	0	0	1	21	368	348	2.1	39.2
Query_8307	XM_038313575.1	100.000	21	0	0	1	21	324	304	2.1	39.2
Query_8307	XM_038187293.1	100.000	21	0	0	1	21	321	301	2.1	39.2
Query_8307	XM_027469860.2	100.000	21	0	0	1	21	414	394	2.1	39.2
Query_8307	XM_038152212.1	100.000	21	0	0	1	21	396	376	2.1	39.2
Query_8307	XM_038152211.1	100.000	21	0	0	1	21	399	379	2.1	39.2
Query_8307	XM_007974919.2	100.000	21	0	0	1	21	517	497	2.1	39.2
Query_8307	XM_037986854.1	100.000	21	0	0	1	21	549	529	2.1	39.2
Query_8307	XM_037878413.1	100.000	21	0	0	1	21	447	427	2.1	39.2
Query_8307	XM_037799209.1	100.000	21	0	0	1	21	335	315	2.1	39.2
Query_8307	XM_037734949.1	100.000	21	0	0	1	21	291	271	2.1	39.2
Query_8307	XM_037734947.1	100.000	21	0	0	1	21	360	340	2.1	39.2
Query_8307	XM_017518623.2	100.000	21	0	0	1	21	400	380	2.1	39.2
Query_8307	XM_037741679.1	100.000	21	0	0	1	21	532	512	2.1	39.2
Query_8307	XM_037738360.1	100.000	21	0	0	1	21	333	313	2.1	39.2
Query_8307	XM_037737901.1	100.000	21	0	0	1	21	348	328	2.1	39.2
Query_8307	XM_037495637.1	100.000	21	0	0	1	21	363	343	2.1	39.2
Query_8307	XM_037375408.1	100.000	21	0	0	1	21	426	406	2.1	39.2
Query_8307	XM_037375400.1	100.000	21	0	0	1	21	360	340	2.1	39.2
Query_8307	XM_037375390.1	100.000	21	0	0	1	21	843	823	2.1	39.2
Query_8307	XM_028856683.2	100.000	21	0	0	1	21	268	248	2.1	39.2
Query_8307	XM_037131470.1	100.000	21	0	0	1	21	401	381	2.1	39.2
Query_8307	XM_037067302.1	100.000	21	0	0	1	21	243	223	2.1	39.2
Query_8307	XM_037067301.1	100.000	21	0	0	1	21	401	381	2.1	39.2
Query_8307	XM_036993261.1	100.000	21	0	0	1	21	243	223	2.1	39.2
Query_8307	XM_036993260.1	100.000	21	0	0	1	21	408	388	2.1	39.2
Query_8307	XM_036436159.1	100.000	21	0	0	1	21	324	304	2.1	39.2
Query_8307	XM_036392889.1	100.000	21	0	0	1	21	369	349	2.1	39.2
Query_8307	XM_036307826.1	100.000	21	0	0	1	21	328	308	2.1	39.2
Query_8307	XM_036276571.1	100.000	21	0	0	1	21	494	474	2.1	39.2
Query_8307	XM_036276570.1	100.000	21	0	0	1	21	518	498	2.1	39.2
Query_8307	XM_036276569.1	100.000	21	0	0	1	21	344	324	2.1	39.2
Query_8307	XM_016120176.2	100.000	21	0	0	1	21	427	407	2.1	39.2
Query_8307	XM_016120175.2	100.000	21	0	0	1	21	392	372	2.1	39.2
Query_8307	AP023479.1	100.000	21	0	0	1	21	9660850	9660830	2.1	39.2
Query_8307	XM_036197723.1	100.000	21	0	0	1	21	266	246	2.1	39.2
Query_8307	XM_036197722.1	100.000	21	0	0	1	21	373	353	2.1	39.2
Query_8307	XM_036154427.1	100.000	21	0	0	1	21	1465	1445	2.1	39.2
Query_8307	XM_036157121.1	100.000	21	0	0	1	21	243	223	2.1	39.2
Query_8307	XM_036156152.1	100.000	21	0	0	1	21	353	333	2.1	39.2
Query_8307	XM_036076455.1	100.000	21	0	0	1	21	253	233	2.1	39.2
Query_8307	XM_036076454.1	100.000	21	0	0	1	21	467	447	2.1	39.2
Query_8307	XM_036076453.1	100.000	21	0	0	1	21	401	381	2.1	39.2
Query_8307	XM_036076452.1	100.000	21	0	0	1	21	676	656	2.1	39.2
Query_8307	XM_036076451.1	100.000	21	0	0	1	21	646	626	2.1	39.2
Query_8307	XM_036076450.1	100.000	21	0	0	1	21	748	728	2.1	39.2
Query_8307	XM_035897195.1	100.000	21	0	0	1	21	297	277	2.1	39.2
Query_8307	NM_001256356.2	100.000	21	0	0	1	21	259	239	2.1	39.2
Query_8307	XM_025474928.2	100.000	21	0	0	1	21	266	246	2.1	39.2
Query_8307	XM_035706285.1	100.000	21	0	0	1	21	316	296	2.1	39.2
Query_8307	XM_035706284.1	100.000	21	0	0	1	21	316	296	2.1	39.2
Query_8307	XM_025474927.2	100.000	21	0	0	1	21	368	348	2.1	39.2
Query_8307	XM_035727311.1	100.000	21	0	0	1	21	324	304	2.1	39.2
Query_8307	XM_027599946.2	100.000	21	0	0	1	21	228	208	2.1	39.2
Query_8307	XM_027599945.2	100.000	21	0	0	1	21	324	304	2.1	39.2
Query_8307	XM_027577314.2	100.000	21	0	0	1	21	344	324	2.1	39.2
Query_8307	XM_027576173.2	100.000	21	0	0	1	21	359	339	2.1	39.2
Query_8307	XM_027576172.2	100.000	21	0	0	1	21	431	411	2.1	39.2
Query_8307	XM_027576155.2	100.000	21	0	0	1	21	228	208	2.1	39.2
Query_8307	XM_035556969.1	100.000	21	0	0	1	21	314	294	2.1	39.2
Query_8307	XM_035556968.1	100.000	21	0	0	1	21	397	377	2.1	39.2
Query_8307	XM_035556967.1	100.000	21	0	0	1	21	438	418	2.1	39.2
Query_8307	XM_035340457.1	100.000	21	0	0	1	21	423	403	2.1	39.2
Query_8307	XM_002752526.5	100.000	21	0	0	1	21	370	350	2.1	39.2
Query_8307	XM_035284661.1	100.000	21	0	0	1	21	355	335	2.1	39.2


