# blastn
# Iteration: 0
# Query: 
# RID: 9PM4PM0F013
# Database: nt
# Fields: query acc.ver, subject acc.ver, % identity, alignment length, mismatches, gap opens, q. start, q. end, s. start, s. end, evalue, bit score
# 95 hits found
Query_58089	XM_034945734.1	100.000	21	0	0	1	21	395	375	2.1	39.2
Query_58089	XM_033844831.1	100.000	21	0	0	1	21	684	664	2.1	39.2
Query_58089	XM_004283250.2	100.000	21	0	0	1	21	684	664	2.1	39.2
Query_58089	XM_033224775.1	100.000	21	0	0	1	21	740	720	2.1	39.2
Query_58089	XM_032614966.1	100.000	21	0	0	1	21	684	664	2.1	39.2
Query_58089	XM_032487481.1	100.000	21	0	0	1	21	684	664	2.1	39.2
Query_58089	XM_014564844.2	100.000	21	0	0	1	21	204	184	2.1	39.2
Query_58089	XM_032171460.1	100.000	21	0	0	1	21	455	435	2.1	39.2
Query_58089	XM_023197562.3	100.000	21	0	0	1	21	736	716	2.1	39.2
Query_58089	NM_001194143.2	100.000	21	0	0	1	21	818	798	2.1	39.2
Query_58089	XM_031659367.1	100.000	21	0	0	1	21	809	789	2.1	39.2
Query_58089	XM_010989212.2	100.000	21	0	0	1	21	677	657	2.1	39.2
Query_58089	XM_031457488.1	100.000	21	0	0	1	21	612	592	2.1	39.2
Query_58089	XM_004061618.3	100.000	21	0	0	1	21	747	727	2.1	39.2
Query_58089	XM_010361181.2	100.000	21	0	0	1	21	714	694	2.1	39.2
Query_58089	XM_030848376.1	100.000	21	0	0	1	21	684	664	2.1	39.2
Query_58089	XM_030819428.1	100.000	21	0	0	1	21	1043	1023	2.1	39.2
Query_58089	XM_022564888.2	100.000	21	0	0	1	21	705	685	2.1	39.2
Query_58089	XM_029240889.1	100.000	21	0	0	1	21	747	727	2.1	39.2
Query_58089	NM_003969.4	100.000	21	0	0	1	21	398	378	2.1	39.2
Query_58089	AC279043.1	100.000	21	0	0	1	21	33480	33500	2.1	39.2
Query_58089	AC279022.1	100.000	21	0	0	1	21	49958	49978	2.1	39.2
Query_58089	XM_007123110.3	100.000	21	0	0	1	21	739	719	2.1	39.2
Query_58089	XM_027097413.1	100.000	21	0	0	1	21	747	727	2.1	39.2
Query_58089	GQ891447.1	100.000	21	0	0	1	21	277	257	2.1	39.2
Query_58089	CP034522.1	100.000	21	0	0	1	21	59008466	59008486	2.1	39.2
Query_58089	CP034497.1	100.000	21	0	0	1	21	59008466	59008486	2.1	39.2
Query_58089	CP034494.1	100.000	21	0	0	1	21	34344446	34344466	2.1	39.2
Query_58089	XM_025367066.1	100.000	21	0	0	1	21	1010	990	2.1	39.2
Query_58089	XM_025367065.1	100.000	21	0	0	1	21	1010	990	2.1	39.2
Query_58089	XM_011751675.2	100.000	21	0	0	1	21	819	799	2.1	39.2
Query_58089	XM_024740917.1	100.000	21	0	0	1	21	168	148	2.1	39.2
Query_58089	XM_016937020.2	100.000	21	0	0	1	21	853	833	2.1	39.2
Query_58089	XR_024683.6	100.000	21	0	0	1	21	357	337	2.1	39.2
Query_58089	XM_024237018.1	100.000	21	0	0	1	21	763	743	2.1	39.2
Query_58089	XM_004647742.3	100.000	21	0	0	1	21	317	297	2.1	39.2
Query_58089	XM_012473155.2	100.000	21	0	0	1	21	778	758	2.1	39.2
Query_58089	LT735850.1	100.000	21	0	0	1	21	655	635	2.1	39.2
Query_58089	XM_017850506.1	100.000	21	0	0	1	21	748	728	2.1	39.2
Query_58089	XM_004439134.2	100.000	21	0	0	1	21	210	190	2.1	39.2
Query_58089	XM_012076338.1	100.000	21	0	0	1	21	1011	991	2.1	39.2
Query_58089	XR_001004754.1	100.000	21	0	0	1	21	201	181	2.1	39.2
Query_58089	XM_011969066.1	100.000	21	0	0	1	21	201	181	2.1	39.2
Query_58089	XM_011959132.1	100.000	21	0	0	1	21	189	169	2.1	39.2
Query_58089	XM_011959131.1	100.000	21	0	0	1	21	680	660	2.1	39.2
Query_58089	XM_010962033.1	100.000	21	0	0	1	21	237	217	2.1	39.2
Query_58089	KJ892674.1	100.000	21	0	0	1	21	233	213	2.1	39.2
Query_58089	XM_007457488.1	100.000	21	0	0	1	21	168	148	2.1	39.2
Query_58089	XM_007175387.1	100.000	21	0	0	1	21	204	184	2.1	39.2
Query_58089	XM_006218678.1	100.000	21	0	0	1	21	173	153	2.1	39.2
Query_58089	XM_005590626.1	100.000	21	0	0	1	21	223	203	2.1	39.2
Query_58089	CP068259.2	100.000	21	0	0	1	21	61654776	61654796	2.1	39.2
Query_58089	CP068262.2	100.000	21	0	0	1	21	38958882	38958862	2.1	39.2
Query_58089	XM_039466383.1	100.000	21	0	0	1	21	1005	985	2.1	39.2
Query_58089	XM_007998466.2	100.000	21	0	0	1	21	922	902	2.1	39.2
Query_58089	XM_037047667.1	100.000	21	0	0	1	21	264	244	2.1	39.2
Query_58089	XM_036833162.1	100.000	21	0	0	1	21	687	667	2.1	39.2
Query_58089	AP023487.1	100.000	21	0	0	1	21	319029	319049	2.1	39.2
Query_58089	AP023479.1	100.000	21	0	0	1	21	59039906	59039926	2.1	39.2
Query_58089	AC280253.1	100.000	21	0	0	1	21	158161	158181	2.1	39.2
Query_58089	XR_001908768.2	100.000	21	0	0	1	21	224	244	2.1	39.2
Query_58089	XM_017967523.2	100.000	21	0	0	1	21	1001	981	2.1	39.2
Query_58089	AB590888.1	100.000	21	0	0	1	21	177	157	2.1	39.2
Query_58089	AC240146.3	100.000	21	0	0	1	21	7654	7634	2.1	39.2
Query_58089	CU691336.1	100.000	21	0	0	1	21	184	164	2.1	39.2
Query_58089	BC007657.1	100.000	21	0	0	1	21	237	217	2.1	39.2
Query_58089	BC058924.1	100.000	21	0	0	1	21	277	257	2.1	39.2
Query_58089	AC141057.2	100.000	21	0	0	1	21	46683	46703	2.1	39.2
Query_58089	BT008242.1	100.000	21	0	0	1	21	168	148	2.1	39.2
Query_58089	AC108131.2	100.000	21	0	0	1	21	19156	19136	2.1	39.2
Query_58089	AC016630.6	100.000	21	0	0	1	21	7889	7869	2.1	39.2
Query_58089	NR_002837.1	100.000	21	0	0	1	21	317	297	2.1	39.2
Query_58089	AC023824.6	100.000	21	0	0	1	21	97894	97874	2.1	39.2
Query_58089	AB012191.1	100.000	21	0	0	1	21	168	148	2.1	39.2
Query_58089	AF075599.1	100.000	21	0	0	1	21	171	151	2.1	39.2
Query_58089	XM_011234637.3	100.000	20	0	0	2	21	122	103	7.5	37.4
Query_58089	XM_032847714.1	100.000	20	0	0	2	21	217	198	7.5	37.4
Query_58089	XM_032324808.1	100.000	20	0	0	2	21	623	604	7.5	37.4
Query_58089	LR738419.1	100.000	20	0	0	2	21	60207173	60207192	7.5	37.4
Query_58089	XM_026489448.1	100.000	20	0	0	2	21	224	205	7.5	37.4
Query_58089	XM_028093366.1	100.000	20	0	0	2	21	426	407	7.5	37.4
Query_58089	XM_027619724.1	100.000	20	0	0	2	21	426	407	7.5	37.4
Query_58089	XM_025984385.1	100.000	20	0	0	2	21	171	152	7.5	37.4
Query_58089	XM_025849383.1	100.000	20	0	0	2	21	426	407	7.5	37.4
Query_58089	XM_025848705.1	100.000	20	0	0	2	21	426	407	7.5	37.4
Query_58089	XM_022492304.1	100.000	20	0	0	2	21	426	407	7.5	37.4
Query_58089	XM_022492267.1	100.000	20	0	0	2	21	265	246	7.5	37.4
Query_58089	XM_004780509.2	100.000	20	0	0	2	21	812	793	7.5	37.4
Query_58089	XM_040632897.1	100.000	20	0	0	2	21	217	198	7.5	37.4
Query_58089	XM_004405681.1	100.000	20	0	0	2	21	724	705	7.5	37.4
Query_58089	XM_038655543.1	100.000	20	0	0	2	21	712	693	7.5	37.4
Query_58089	XM_541337.6	100.000	20	0	0	2	21	712	693	7.5	37.4
Query_58089	XM_017678136.2	100.000	20	0	0	2	21	213	194	7.5	37.4
Query_58089	XM_036901378.1	100.000	20	0	0	2	21	1207	1188	7.5	37.4
Query_58089	XM_025421358.2	100.000	20	0	0	2	21	240	221	7.5	37.4


