# blastn
# Iteration: 0
# Query: 
# RID: 72A665SB016
# Database: nt
# Fields: query acc.ver, subject acc.ver, % identity, alignment length, mismatches, gap opens, q. start, q. end, s. start, s. end, evalue, bit score
# 55 hits found
Query_22161	XM_003828383.3	100.000	21	0	0	1	21	612	592	2.1	39.2
Query_22161	XM_032910158.1	100.000	21	0	0	1	21	544	524	2.1	39.2
Query_22161	XM_032640683.1	100.000	21	0	0	1	21	699	679	2.1	39.2
Query_22161	XM_032285763.1	100.000	21	0	0	1	21	568	548	2.1	39.2
Query_22161	XM_032285762.1	100.000	21	0	0	1	21	634	614	2.1	39.2
Query_22161	XM_032168115.1	100.000	21	0	0	1	21	568	548	2.1	39.2
Query_22161	XM_023208011.3	100.000	21	0	0	1	21	568	548	2.1	39.2
Query_22161	XM_031016085.1	100.000	21	0	0	1	21	574	554	2.1	39.2
Query_22161	XM_003253045.4	100.000	21	0	0	1	21	568	548	2.1	39.2
Query_22161	XM_017797301.2	100.000	21	0	0	1	21	594	574	2.1	39.2
Query_22161	XM_029208695.1	100.000	21	0	0	1	21	699	679	2.1	39.2
Query_22161	XM_001097508.3	100.000	21	0	0	1	21	636	616	2.1	39.2
Query_22161	XM_024115301.2	100.000	21	0	0	1	21	1510	1490	2.1	39.2
Query_22161	NM_002423.5	100.000	21	0	0	1	21	569	549	2.1	39.2
Query_22161	XM_027087794.1	100.000	21	0	0	1	21	533	513	2.1	39.2
Query_22161	XM_007191221.2	100.000	21	0	0	1	21	703	683	2.1	39.2
Query_22161	XM_024760356.1	100.000	21	0	0	1	21	699	679	2.1	39.2
Query_22161	XM_002822397.3	100.000	21	0	0	1	21	569	549	2.1	39.2
Query_22161	XM_022562067.1	100.000	21	0	0	1	21	699	679	2.1	39.2
Query_22161	XM_012455176.2	100.000	21	0	0	1	21	646	626	2.1	39.2
Query_22161	XM_021645872.1	100.000	21	0	0	1	21	561	541	2.1	39.2
Query_22161	LT737011.1	100.000	21	0	0	1	21	1009	989	2.1	39.2
Query_22161	AH006461.2	100.000	21	0	0	1	21	929	909	2.1	39.2
Query_22161	XM_019923741.1	100.000	21	0	0	1	21	533	513	2.1	39.2
Query_22161	XM_508721.6	100.000	21	0	0	1	21	627	607	2.1	39.2
Query_22161	XM_012659168.1	100.000	21	0	0	1	21	576	556	2.1	39.2
Query_22161	KJ897196.1	100.000	21	0	0	1	21	587	567	2.1	39.2
Query_22161	XM_007448565.1	100.000	21	0	0	1	21	531	511	2.1	39.2
Query_22161	XM_003923774.3	100.000	21	0	0	1	21	568	548	2.1	39.2
Query_22161	XM_039470894.1	100.000	21	0	0	1	21	644	624	2.1	39.2
Query_22161	XM_004283360.1	100.000	21	0	0	1	21	533	513	2.1	39.2
Query_22161	XM_017544765.2	100.000	21	0	0	1	21	568	548	2.1	39.2
Query_22161	XM_037062638.1	100.000	21	0	0	1	21	522	502	2.1	39.2
Query_22161	XM_036859864.1	100.000	21	0	0	1	21	704	684	2.1	39.2
Query_22161	LR877225.1	100.000	21	0	0	1	21	4290684	4290664	2.1	39.2
Query_22161	XM_027415188.2	100.000	21	0	0	1	21	522	502	2.1	39.2
Query_22161	XM_027439890.2	100.000	21	0	0	1	21	498	478	2.1	39.2
Query_22161	AB528509.1	100.000	21	0	0	1	21	531	511	2.1	39.2
Query_22161	CU678547.1	100.000	21	0	0	1	21	298	318	2.1	39.2
Query_22161	CU678546.1	100.000	21	0	0	1	21	538	518	2.1	39.2
Query_22161	AK309687.1	100.000	21	0	0	1	21	572	552	2.1	39.2
Query_22161	EU176770.1	100.000	21	0	0	1	21	544	524	2.1	39.2
Query_22161	DQ399600.1	100.000	21	0	0	1	21	111	91	2.1	39.2
Query_22161	DQ893132.2	100.000	21	0	0	1	21	544	524	2.1	39.2
Query_22161	AY795972.1	100.000	21	0	0	1	21	7721	7701	2.1	39.2
Query_22161	BC003635.2	100.000	21	0	0	1	21	553	533	2.1	39.2
Query_22161	NM_012864.2	100.000	21	0	0	1	21	550	530	2.1	39.2
Query_22161	AK222980.1	100.000	21	0	0	1	21	575	555	2.1	39.2
Query_22161	Z11887.1	100.000	21	0	0	1	21	549	529	2.1	39.2
Query_22161	AY891251.1	100.000	21	0	0	1	21	522	502	2.1	39.2
Query_22161	AY893344.1	100.000	21	0	0	1	21	522	502	2.1	39.2
Query_22161	AP001830.5	100.000	21	0	0	1	21	176314	176334	2.1	39.2
Query_22161	L24374.1	100.000	21	0	0	1	21	564	544	2.1	39.2
Query_22161	X07823.1	100.000	21	0	0	1	21	63	43	2.1	39.2
Query_22161	X07819.1	100.000	21	0	0	1	21	549	529	2.1	39.2


