# blastn
# Iteration: 0
# Query: 
# RID: 72M06NKJ016
# Database: nt
# Fields: query acc.ver, subject acc.ver, % identity, alignment length, mismatches, gap opens, q. start, q. end, s. start, s. end, evalue, bit score
# 100 hits found
Query_9131	XM_035027437.1	100.000	21	0	0	1	21	389	369	2.1	39.2
Query_9131	XM_003828171.2	100.000	21	0	0	1	21	219	199	2.1	39.2
Query_9131	XM_033847962.1	100.000	21	0	0	1	21	206	186	2.1	39.2
Query_9131	XM_004286017.2	100.000	21	0	0	1	21	206	186	2.1	39.2
Query_9131	CP050593.1	100.000	21	0	0	1	21	19166260	19166240	2.1	39.2
Query_9131	CP050635.1	100.000	21	0	0	1	21	19170181	19170161	2.1	39.2
Query_9131	XM_033182838.1	100.000	21	0	0	1	21	175	155	2.1	39.2
Query_9131	XM_033088999.1	100.000	21	0	0	1	21	244	224	2.1	39.2
Query_9131	XM_032849084.1	100.000	21	0	0	1	21	255	235	2.1	39.2
Query_9131	XM_032617599.1	100.000	21	0	0	1	21	206	186	2.1	39.2
Query_9131	XM_032457288.1	100.000	21	0	0	1	21	272	252	2.1	39.2
Query_9131	XM_032396643.1	100.000	21	0	0	1	21	175	155	2.1	39.2
Query_9131	XM_032322824.1	100.000	21	0	0	1	21	755	735	2.1	39.2
Query_9131	XM_032279486.1	100.000	21	0	0	1	21	2317	2297	2.1	39.2
Query_9131	XM_032163779.1	100.000	21	0	0	1	21	219	199	2.1	39.2
Query_9131	LR738418.1	100.000	21	0	0	1	21	19054111	19054091	2.1	39.2
Query_9131	XM_023191497.3	100.000	21	0	0	1	21	219	199	2.1	39.2
Query_9131	NM_001194608.2	100.000	21	0	0	1	21	193	173	2.1	39.2
Query_9131	XM_006217479.2	100.000	21	0	0	1	21	256	236	2.1	39.2
Query_9131	XM_003913140.4	100.000	21	0	0	1	21	2435	2415	2.1	39.2
Query_9131	XM_031469764.1	100.000	21	0	0	1	21	272	252	2.1	39.2
Query_9131	XM_004041540.3	100.000	21	0	0	1	21	219	199	2.1	39.2
Query_9131	XM_010376233.2	100.000	21	0	0	1	21	191	171	2.1	39.2
Query_9131	XM_030848975.1	100.000	21	0	0	1	21	181	161	2.1	39.2
Query_9131	XM_030848974.1	100.000	21	0	0	1	21	206	186	2.1	39.2
Query_9131	XM_003270772.2	100.000	21	0	0	1	21	219	199	2.1	39.2
Query_9131	XM_022565170.2	100.000	21	0	0	1	21	416	396	2.1	39.2
Query_9131	XM_029926925.1	100.000	21	0	0	1	21	203	183	2.1	39.2
Query_9131	XM_008838138.2	100.000	21	0	0	1	21	175	155	2.1	39.2
Query_9131	XM_029212625.1	100.000	21	0	0	1	21	206	186	2.1	39.2
Query_9131	AY358627.2	100.000	21	0	0	1	21	208	188	2.1	39.2
Query_9131	XM_007127969.2	100.000	21	0	0	1	21	212	192	2.1	39.2
Query_9131	NM_025237.3	100.000	21	0	0	1	21	225	205	2.1	39.2
Query_9131	XM_027098941.1	100.000	21	0	0	1	21	227	207	2.1	39.2
Query_9131	XM_027098940.1	100.000	21	0	0	1	21	227	207	2.1	39.2
Query_9131	XM_026512270.1	100.000	21	0	0	1	21	175	155	2.1	39.2
Query_9131	XM_008149295.2	100.000	21	0	0	1	21	354	334	2.1	39.2
Query_9131	XM_028092719.1	100.000	21	0	0	1	21	175	155	2.1	39.2
Query_9131	XM_015098809.2	100.000	21	0	0	1	21	282	262	2.1	39.2
Query_9131	XM_006167396.2	100.000	21	0	0	1	21	217	197	2.1	39.2
Query_9131	CP034495.1	100.000	21	0	0	1	21	41835935	41835955	2.1	39.2
Query_9131	XM_027517099.1	100.000	21	0	0	1	21	1086	1066	2.1	39.2
Query_9131	XM_025986939.1	100.000	21	0	0	1	21	329	309	2.1	39.2
Query_9131	XM_025861720.1	100.000	21	0	0	1	21	175	155	2.1	39.2
Query_9131	XM_025363041.1	100.000	21	0	0	1	21	216	196	2.1	39.2
Query_9131	XM_006046841.2	100.000	21	0	0	1	21	1004	984	2.1	39.2
Query_9131	NM_001166514.2	100.000	21	0	0	1	21	213	193	2.1	39.2
Query_9131	XM_024761226.1	100.000	21	0	0	1	21	172	152	2.1	39.2
Query_9131	XM_001153653.5	100.000	21	0	0	1	21	322	302	2.1	39.2
Query_9131	XM_002827467.3	100.000	21	0	0	1	21	216	196	2.1	39.2
Query_9131	XM_006092295.3	100.000	21	0	0	1	21	221	201	2.1	39.2
Query_9131	XM_011377213.2	100.000	21	0	0	1	21	210	190	2.1	39.2
Query_9131	XM_004468011.2	100.000	21	0	0	1	21	183	163	2.1	39.2
Query_9131	XM_003414277.2	100.000	21	0	0	1	21	495	475	2.1	39.2
Query_9131	XM_003786295.3	100.000	21	0	0	1	21	175	155	2.1	39.2
Query_9131	XM_022519797.1	100.000	21	0	0	1	21	175	155	2.1	39.2
Query_9131	XM_021712656.1	100.000	21	0	0	1	21	191	171	2.1	39.2
Query_9131	XM_021681649.1	100.000	21	0	0	1	21	175	155	2.1	39.2
Query_9131	XM_003131361.3	100.000	21	0	0	1	21	541	521	2.1	39.2
Query_9131	XM_020888973.1	100.000	21	0	0	1	21	172	152	2.1	39.2
Query_9131	LT735545.1	100.000	21	0	0	1	21	662	642	2.1	39.2
Query_9131	XM_019981332.1	100.000	21	0	0	1	21	1003	983	2.1	39.2
Query_9131	XM_019665562.1	100.000	21	0	0	1	21	254	234	2.1	39.2
Query_9131	XM_018065180.1	100.000	21	0	0	1	21	203	183	2.1	39.2
Query_9131	XM_017892802.1	100.000	21	0	0	1	21	216	196	2.1	39.2
Query_9131	XM_016202009.1	100.000	21	0	0	1	21	235	215	2.1	39.2
Query_9131	XM_006910090.2	100.000	21	0	0	1	21	191	171	2.1	39.2
Query_9131	XM_006776900.2	100.000	21	0	0	1	21	203	183	2.1	39.2
Query_9131	XM_005584371.2	100.000	21	0	0	1	21	226	206	2.1	39.2
Query_9131	XM_004432532.2	100.000	21	0	0	1	21	734	714	2.1	39.2
Query_9131	XM_005875784.2	100.000	21	0	0	1	21	205	185	2.1	39.2
Query_9131	XM_004772592.2	100.000	21	0	0	1	21	728	708	2.1	39.2
Query_9131	CP011896.1	100.000	21	0	0	1	21	43131158	43131178	2.1	39.2
Query_9131	XM_012786643.1	100.000	21	0	0	1	21	473	453	2.1	39.2
Query_9131	XM_012659081.1	100.000	21	0	0	1	21	215	195	2.1	39.2
Query_9131	XM_012443855.1	100.000	21	0	0	1	21	216	196	2.1	39.2
Query_9131	XM_040245214.1	100.000	21	0	0	1	21	362	342	2.1	39.2
Query_9131	HG994394.1	100.000	21	0	0	1	21	41716751	41716771	2.1	39.2
Query_9131	XM_039846848.1	100.000	21	0	0	1	21	210	190	2.1	39.2
Query_9131	XM_003943647.2	100.000	21	0	0	1	21	219	199	2.1	39.2
Query_9131	XM_039220888.1	100.000	21	0	0	1	21	227	207	2.1	39.2
Query_9131	CP068261.1	100.000	21	0	0	1	21	44611416	44611436	2.1	39.2
Query_9131	XM_038675186.1	100.000	21	0	0	1	21	371	351	2.1	39.2
Query_9131	XM_548071.7	100.000	21	0	0	1	21	371	351	2.1	39.2
Query_9131	XM_008012517.2	100.000	21	0	0	1	21	203	183	2.1	39.2
Query_9131	XM_037810786.1	100.000	21	0	0	1	21	207	187	2.1	39.2
Query_9131	XM_017516182.2	100.000	21	0	0	1	21	2011	1991	2.1	39.2
Query_9131	XM_037491595.1	100.000	21	0	0	1	21	261	241	2.1	39.2
Query_9131	XM_037144680.1	100.000	21	0	0	1	21	175	155	2.1	39.2
Query_9131	XM_037069625.1	100.000	21	0	0	1	21	207	187	2.1	39.2
Query_9131	XM_036883228.1	100.000	21	0	0	1	21	2732	2712	2.1	39.2
Query_9131	XM_036837604.1	100.000	21	0	0	1	21	206	186	2.1	39.2
Query_9131	XM_036451266.1	100.000	21	0	0	1	21	247	227	2.1	39.2
Query_9131	XM_016139657.2	100.000	21	0	0	1	21	6481	6461	2.1	39.2
Query_9131	AP023477.1	100.000	21	0	0	1	21	41454606	41454626	2.1	39.2
Query_9131	XM_036071304.1	100.000	21	0	0	1	21	386	366	2.1	39.2
Query_9131	XM_028521821.2	100.000	21	0	0	1	21	249	229	2.1	39.2
Query_9131	XM_025440522.2	100.000	21	0	0	1	21	371	351	2.1	39.2
Query_9131	XM_027567789.2	100.000	21	0	0	1	21	183	163	2.1	39.2
Query_9131	XM_035303470.1	100.000	21	0	0	1	21	255	235	2.1	39.2


