# blastn
# Iteration: 0
# Query: 
# RID: 6ZR4Z0YP013
# Database: nt
# Fields: query acc.ver, subject acc.ver, % identity, alignment length, mismatches, gap opens, q. start, q. end, s. start, s. end, evalue, bit score
# 84 hits found
Query_64931	XM_034509418.1	100.000	21	0	0	1	21	286	266	2.1	39.2
Query_64931	XM_032915907.1	100.000	21	0	0	1	21	289	269	2.1	39.2
Query_64931	XM_031341898.1	100.000	21	0	0	1	21	271	251	2.1	39.2
Query_64931	XM_029932900.1	100.000	21	0	0	1	21	246	226	2.1	39.2
Query_64931	XM_029556492.1	100.000	21	0	0	1	21	247	227	2.1	39.2
Query_64931	XM_008853801.3	100.000	21	0	0	1	21	247	227	2.1	39.2
Query_64931	XM_021210658.2	100.000	21	0	0	1	21	261	241	2.1	39.2
Query_64931	XM_021163845.2	100.000	21	0	0	1	21	259	239	2.1	39.2
Query_64931	XM_028758232.1	100.000	21	0	0	1	21	258	238	2.1	39.2
Query_64931	XM_005365945.3	100.000	21	0	0	1	21	257	237	2.1	39.2
Query_64931	XM_008150887.2	100.000	21	0	0	1	21	280	260	2.1	39.2
Query_64931	XM_014447537.2	100.000	21	0	0	1	21	282	262	2.1	39.2
Query_64931	XM_004624585.2	100.000	21	0	0	1	21	265	245	2.1	39.2
Query_64931	XM_005608902.3	100.000	21	0	0	1	21	338	318	2.1	39.2
Query_64931	XM_001501365.5	100.000	21	0	0	1	21	440	420	2.1	39.2
Query_64931	XM_023638389.1	100.000	21	0	0	1	21	256	236	2.1	39.2
Query_64931	XM_021630388.1	100.000	21	0	0	1	21	280	260	2.1	39.2
Query_64931	XM_004847323.2	100.000	21	0	0	1	21	297	277	2.1	39.2
Query_64931	XM_005068842.3	100.000	21	0	0	1	21	278	258	2.1	39.2
Query_64931	XM_006985601.2	100.000	21	0	0	1	21	277	257	2.1	39.2
Query_64931	XM_015565805.1	100.000	21	0	0	1	21	253	233	2.1	39.2
Query_64931	XM_014855249.1	100.000	21	0	0	1	21	1239	1219	2.1	39.2
Query_64931	XM_014855246.1	100.000	21	0	0	1	21	328	308	2.1	39.2
Query_64931	XM_014855245.1	100.000	21	0	0	1	21	328	308	2.1	39.2
Query_64931	XM_014855244.1	100.000	21	0	0	1	21	328	308	2.1	39.2
Query_64931	XM_006105357.2	100.000	21	0	0	1	21	253	233	2.1	39.2
Query_64931	XM_008542019.1	100.000	21	0	0	1	21	246	226	2.1	39.2
Query_64931	XM_008542016.1	100.000	21	0	0	1	21	347	327	2.1	39.2
Query_64931	XM_008542015.1	100.000	21	0	0	1	21	347	327	2.1	39.2
Query_64931	XM_007956300.1	100.000	21	0	0	1	21	103	83	2.1	39.2
Query_64931	XM_005852783.1	100.000	21	0	0	1	21	220	200	2.1	39.2
Query_64931	XM_004655984.1	100.000	21	0	0	1	21	103	83	2.1	39.2
Query_64931	XR_005528440.1	100.000	21	0	0	1	21	194	174	2.1	39.2
Query_64931	XM_039232137.1	100.000	21	0	0	1	21	194	174	2.1	39.2
Query_64931	XM_039232132.1	100.000	21	0	0	1	21	247	227	2.1	39.2
Query_64931	XM_039232131.1	100.000	21	0	0	1	21	252	232	2.1	39.2
Query_64931	XM_038339243.1	100.000	21	0	0	1	21	289	269	2.1	39.2
Query_64931	XM_037529256.1	100.000	21	0	0	1	21	281	261	2.1	39.2
Query_64931	XM_028882342.2	100.000	21	0	0	1	21	285	265	2.1	39.2
Query_64931	JN960283.1	100.000	21	0	0	1	21	719	739	2.1	39.2
Query_64931	XM_036420877.1	100.000	21	0	0	1	21	239	219	2.1	39.2
Query_64931	XM_036328448.1	100.000	21	0	0	1	21	272	252	2.1	39.2
Query_64931	XM_036328439.1	100.000	21	0	0	1	21	253	233	2.1	39.2
Query_64931	XM_036267799.1	100.000	21	0	0	1	21	274	254	2.1	39.2
Query_64931	LR877233.1	100.000	21	0	0	1	21	28303118	28303138	2.1	39.2
Query_64931	XM_027387082.2	100.000	21	0	0	1	21	262	242	2.1	39.2
Query_64931	XM_003496616.5	100.000	21	0	0	1	21	262	242	2.1	39.2
Query_64931	JN956630.1	100.000	21	0	0	1	21	719	739	2.1	39.2
Query_64931	FQ214550.1	100.000	21	0	0	1	21	245	225	2.1	39.2
Query_64931	FQ216757.1	100.000	21	0	0	1	21	245	225	2.1	39.2
Query_64931	FQ213111.1	100.000	21	0	0	1	21	246	226	2.1	39.2
Query_64931	FQ225334.1	100.000	21	0	0	1	21	246	226	2.1	39.2
Query_64931	FQ228750.1	100.000	21	0	0	1	21	245	225	2.1	39.2
Query_64931	NG_006685.3	100.000	21	0	0	1	21	318	298	2.1	39.2
Query_64931	NM_026242.3	100.000	21	0	0	1	21	264	244	2.1	39.2
Query_64931	AC169036.3	100.000	21	0	0	1	21	132705	132725	2.1	39.2
Query_64931	BC085488.1	100.000	21	0	0	1	21	109	89	2.1	39.2
Query_64931	AC114605.11	100.000	21	0	0	1	21	109127	109107	2.1	39.2
Query_64931	AC112683.10	100.000	21	0	0	1	21	193808	193788	2.1	39.2
Query_64931	AC139214.12	100.000	21	0	0	1	21	840	820	2.1	39.2
Query_64931	AY325216.1	100.000	21	0	0	1	21	4075	4055	2.1	39.2
Query_64931	AK170984.1	100.000	21	0	0	1	21	247	227	2.1	39.2
Query_64931	AK170909.1	100.000	21	0	0	1	21	241	221	2.1	39.2
Query_64931	AK170789.1	100.000	21	0	0	1	21	215	195	2.1	39.2
Query_64931	AK159464.1	100.000	21	0	0	1	21	252	232	2.1	39.2
Query_64931	AK167112.1	100.000	21	0	0	1	21	246	226	2.1	39.2
Query_64931	AK087716.1	100.000	21	0	0	1	21	266	286	2.1	39.2
Query_64931	AK020049.1	100.000	21	0	0	1	21	218	198	2.1	39.2
Query_64931	AK018675.1	100.000	21	0	0	1	21	215	195	2.1	39.2
Query_64931	AK017832.1	100.000	21	0	0	1	21	246	226	2.1	39.2
Query_64931	AK009827.1	100.000	21	0	0	1	21	219	199	2.1	39.2
Query_64931	AK005313.1	100.000	21	0	0	1	21	252	232	2.1	39.2
Query_64931	AK209009.1	100.000	21	0	0	1	21	75	55	2.1	39.2
Query_64931	AK197580.1	100.000	21	0	0	1	21	75	55	2.1	39.2
Query_64931	AK193139.1	100.000	21	0	0	1	21	75	55	2.1	39.2
Query_64931	AK192735.1	100.000	21	0	0	1	21	75	55	2.1	39.2
Query_64931	AC154476.2	100.000	21	0	0	1	21	78960	78980	2.1	39.2
Query_64931	NM_001009264.1	100.000	21	0	0	1	21	225	205	2.1	39.2
Query_64931	BC010209.1	100.000	21	0	0	1	21	233	213	2.1	39.2
Query_64931	AB041651.1	100.000	21	0	0	1	21	246	226	2.1	39.2
Query_64931	Z22285.1	100.000	21	0	0	1	21	379	359	2.1	39.2
Query_64931	LR535814.1	100.000	20	0	0	1	20	6041046	6041065	7.2	37.4
Query_64931	CP022098.1	100.000	20	0	0	2	21	3486127	3486146	7.2	37.4
Query_64931	LR991062.1	100.000	20	0	0	1	20	19557359	19557340	7.2	37.4


