# blastn
# Iteration: 0
# Query: 
# RID: 8YVNFJ3B016
# Database: nt
# Fields: query acc.ver, subject acc.ver, % identity, alignment length, mismatches, gap opens, q. start, q. end, s. start, s. end, evalue, bit score
# 78 hits found
Query_24081	XM_034958465.1	100.000	21	0	0	1	21	486	466	2.1	39.2
Query_24081	XM_034958464.1	100.000	21	0	0	1	21	597	577	2.1	39.2
Query_24081	XM_033214027.1	100.000	21	0	0	1	21	390	370	2.1	39.2
Query_24081	XM_033214026.1	100.000	21	0	0	1	21	276	256	2.1	39.2
Query_24081	XM_033214025.1	100.000	21	0	0	1	21	525	505	2.1	39.2
Query_24081	XM_033214024.1	100.000	21	0	0	1	21	476	456	2.1	39.2
Query_24081	XM_033214023.1	100.000	21	0	0	1	21	675	655	2.1	39.2
Query_24081	XM_032136191.1	100.000	21	0	0	1	21	679	659	2.1	39.2
Query_24081	XM_023224702.3	100.000	21	0	0	1	21	213	193	2.1	39.2
Query_24081	XM_023224701.3	100.000	21	0	0	1	21	494	474	2.1	39.2
Query_24081	XM_023224700.3	100.000	21	0	0	1	21	466	446	2.1	39.2
Query_24081	XM_023224699.3	100.000	21	0	0	1	21	675	655	2.1	39.2
Query_24081	XM_031664650.1	100.000	21	0	0	1	21	262	242	2.1	39.2
Query_24081	XM_021938381.2	100.000	21	0	0	1	21	486	466	2.1	39.2
Query_24081	XM_021938380.2	100.000	21	0	0	1	21	675	655	2.1	39.2
Query_24081	XM_003898597.4	100.000	21	0	0	1	21	675	655	2.1	39.2
Query_24081	XM_019025601.2	100.000	21	0	0	1	21	210	190	2.1	39.2
Query_24081	XM_004038573.3	100.000	21	0	0	1	21	675	655	2.1	39.2
Query_24081	XM_010384547.2	100.000	21	0	0	1	21	675	655	2.1	39.2
Query_24081	XM_030800871.1	100.000	21	0	0	1	21	679	659	2.1	39.2
Query_24081	NM_001312647.2	100.000	21	0	0	1	21	497	477	2.1	39.2
Query_24081	NM_001111112.2	100.000	21	0	0	1	21	585	565	2.1	39.2
Query_24081	NM_001312648.2	100.000	21	0	0	1	21	491	471	2.1	39.2
Query_24081	NM_001111113.2	100.000	21	0	0	1	21	432	412	2.1	39.2
Query_24081	XM_028848016.1	100.000	21	0	0	1	21	578	558	2.1	39.2
Query_24081	XM_015138162.2	100.000	21	0	0	1	21	675	655	2.1	39.2
Query_24081	NM_005339.5	100.000	21	0	0	1	21	585	565	2.1	39.2
Query_24081	XM_025385140.1	100.000	21	0	0	1	21	157	137	2.1	39.2
Query_24081	XM_025385138.1	100.000	21	0	0	1	21	199	179	2.1	39.2
Query_24081	XM_025385137.1	100.000	21	0	0	1	21	583	563	2.1	39.2
Query_24081	XM_025385136.1	100.000	21	0	0	1	21	589	569	2.1	39.2
Query_24081	XM_025385134.1	100.000	21	0	0	1	21	524	504	2.1	39.2
Query_24081	XM_025385133.1	100.000	21	0	0	1	21	680	660	2.1	39.2
Query_24081	XM_025385132.1	100.000	21	0	0	1	21	680	660	2.1	39.2
Query_24081	XM_016950973.2	100.000	21	0	0	1	21	579	559	2.1	39.2
Query_24081	XM_009447486.3	100.000	21	0	0	1	21	520	500	2.1	39.2
Query_24081	XM_009447485.3	100.000	21	0	0	1	21	676	656	2.1	39.2
Query_24081	XM_024245916.1	100.000	21	0	0	1	21	583	563	2.1	39.2
Query_24081	XM_002814684.3	100.000	21	0	0	1	21	680	660	2.1	39.2
Query_24081	XM_012474955.2	100.000	21	0	0	1	21	680	660	2.1	39.2
Query_24081	LT735837.1	100.000	21	0	0	1	21	880	860	2.1	39.2
Query_24081	XM_017854256.1	100.000	21	0	0	1	21	799	779	2.1	39.2
Query_24081	XM_015450067.1	100.000	21	0	0	1	21	578	558	2.1	39.2
Query_24081	XM_015450066.1	100.000	21	0	0	1	21	584	564	2.1	39.2
Query_24081	XM_012057902.1	100.000	21	0	0	1	21	675	655	2.1	39.2
Query_24081	XM_012057901.1	100.000	21	0	0	1	21	675	655	2.1	39.2
Query_24081	XM_011949088.1	100.000	21	0	0	1	21	524	504	2.1	39.2
Query_24081	XM_011949087.1	100.000	21	0	0	1	21	680	660	2.1	39.2
Query_24081	XM_011949086.1	100.000	21	0	0	1	21	906	886	2.1	39.2
Query_24081	XM_011949085.1	100.000	21	0	0	1	21	680	660	2.1	39.2
Query_24081	XM_011949084.1	100.000	21	0	0	1	21	906	886	2.1	39.2
Query_24081	XM_011983567.1	100.000	21	0	0	1	21	524	504	2.1	39.2
Query_24081	XM_011983565.1	100.000	21	0	0	1	21	680	660	2.1	39.2
Query_24081	XM_011983564.1	100.000	21	0	0	1	21	680	660	2.1	39.2
Query_24081	KJ891343.1	100.000	21	0	0	1	21	458	438	2.1	39.2
Query_24081	XM_003940989.2	100.000	21	0	0	1	21	472	452	2.1	39.2
Query_24081	XM_039468204.1	100.000	21	0	0	1	21	491	471	2.1	39.2
Query_24081	NM_001260841.2	100.000	21	0	0	1	21	442	422	2.1	39.2
Query_24081	XM_038008617.1	100.000	21	0	0	1	21	503	483	2.1	39.2
Query_24081	XM_008017600.2	100.000	21	0	0	1	21	675	655	2.1	39.2
Query_24081	NM_001246525.1	100.000	21	0	0	1	21	550	530	2.1	39.2
Query_24081	AB527742.1	100.000	21	0	0	1	21	402	382	2.1	39.2
Query_24081	CU690733.1	100.000	21	0	0	1	21	226	246	2.1	39.2
Query_24081	EU446896.1	100.000	21	0	0	1	21	415	395	2.1	39.2
Query_24081	AK315524.1	100.000	21	0	0	1	21	603	583	2.1	39.2
Query_24081	AK307130.1	100.000	21	0	0	1	21	488	468	2.1	39.2
Query_24081	AK291454.1	100.000	21	0	0	1	21	429	409	2.1	39.2
Query_24081	NM_001283819.1	100.000	21	0	0	1	21	600	580	2.1	39.2
Query_24081	BC022804.1	100.000	21	0	0	1	21	553	533	2.1	39.2
Query_24081	AK093533.1	100.000	21	0	0	1	21	498	478	2.1	39.2
Query_24081	AC105287.5	100.000	21	0	0	1	21	24260	24240	2.1	39.2
Query_24081	BC050600.1	100.000	21	0	0	1	21	531	511	2.1	39.2
Query_24081	AB022436.1	100.000	21	0	0	1	21	326	306	2.1	39.2
Query_24081	AB022435.1	100.000	21	0	0	1	21	479	459	2.1	39.2
Query_24081	U58522.1	100.000	21	0	0	1	21	396	376	2.1	39.2
Query_24081	LR991648.1	100.000	20	0	0	1	20	9930512	9930531	7.4	37.4
Query_24081	XM_038713477.1	100.000	20	0	0	2	21	749	730	7.4	37.4
Query_24081	XM_035529681.1	100.000	20	0	0	2	21	748	729	7.4	37.4


