# blastn
# Iteration: 0
# Query: 
# RID: 6MCJWM1H016
# Database: nt
# Fields: query acc.ver, subject acc.ver, % identity, alignment length, mismatches, gap opens, q. start, q. end, s. start, s. end, evalue, bit score
# 102 hits found
Query_52887	XM_005325742.4	100.000	21	0	0	1	21	587	567	2.0	39.2
Query_52887	XM_040293037.1	100.000	21	0	0	1	21	478	458	2.0	39.2
Query_52887	XM_005325741.4	100.000	21	0	0	1	21	615	595	2.0	39.2
Query_52887	XM_040266533.1	100.000	21	0	0	1	21	526	506	2.0	39.2
Query_52887	XM_040237783.1	100.000	21	0	0	1	21	335	315	2.0	39.2
Query_52887	XM_040237782.1	100.000	21	0	0	1	21	320	300	2.0	39.2
Query_52887	XR_005720632.1	100.000	21	0	0	1	21	649	629	2.0	39.2
Query_52887	XM_040237780.1	100.000	21	0	0	1	21	745	725	2.0	39.2
Query_52887	XM_040237779.1	100.000	21	0	0	1	21	624	604	2.0	39.2
Query_52887	XM_040237778.1	100.000	21	0	0	1	21	649	629	2.0	39.2
Query_52887	XM_040237777.1	100.000	21	0	0	1	21	722	702	2.0	39.2
Query_52887	XM_040237776.1	100.000	21	0	0	1	21	710	690	2.0	39.2
Query_52887	XM_040237775.1	100.000	21	0	0	1	21	624	604	2.0	39.2
Query_52887	XM_040237774.1	100.000	21	0	0	1	21	600	580	2.0	39.2
Query_52887	XM_040237773.1	100.000	21	0	0	1	21	623	603	2.0	39.2
Query_52887	XM_040237772.1	100.000	21	0	0	1	21	486	466	2.0	39.2
Query_52887	XM_040237771.1	100.000	21	0	0	1	21	545	525	2.0	39.2
Query_52887	XM_040237769.1	100.000	21	0	0	1	21	624	604	2.0	39.2
Query_52887	XM_040237768.1	100.000	21	0	0	1	21	598	578	2.0	39.2
Query_52887	XM_040237767.1	100.000	21	0	0	1	21	611	591	2.0	39.2
Query_52887	HG994414.1	100.000	21	0	0	1	21	17437171	17437151	2.0	39.2
Query_52887	HG994405.1	100.000	21	0	0	1	21	6085716	6085696	2.0	39.2
Query_52887	HG994404.1	100.000	21	0	0	1	21	11569822	11569802	2.0	39.2
Query_52887	HG994404.1	100.000	21	0	0	1	21	45910400	45910420	2.0	39.2
Query_52887	HG994397.1	100.000	21	0	0	1	21	4491481	4491461	2.0	39.2
Query_52887	HG994396.1	100.000	21	0	0	1	21	7276001	7275981	2.0	39.2
Query_52887	HG994396.1	100.000	21	0	0	1	21	7498885	7498905	2.0	39.2
Query_52887	HG994369.1	100.000	21	0	0	1	21	51558478	51558458	2.0	39.2
Query_52887	XM_039854835.1	100.000	21	0	0	1	21	354	334	2.0	39.2
Query_52887	XM_039848730.1	100.000	21	0	0	1	21	669	649	2.0	39.2
Query_52887	XM_039848729.1	100.000	21	0	0	1	21	601	581	2.0	39.2
Query_52887	XM_039848728.1	100.000	21	0	0	1	21	585	565	2.0	39.2
Query_52887	XM_039848727.1	100.000	21	0	0	1	21	596	576	2.0	39.2
Query_52887	XM_039848726.1	100.000	21	0	0	1	21	778	758	2.0	39.2
Query_52887	XM_039848725.1	100.000	21	0	0	1	21	612	592	2.0	39.2
Query_52887	XM_039472325.1	100.000	21	0	0	1	21	495	475	2.0	39.2
Query_52887	XM_003929504.3	100.000	21	0	0	1	21	687	667	2.0	39.2
Query_52887	XM_003929505.3	100.000	21	0	0	1	21	814	794	2.0	39.2
Query_52887	XM_003929502.3	100.000	21	0	0	1	21	622	602	2.0	39.2
Query_52887	XM_010340110.2	100.000	21	0	0	1	21	687	667	2.0	39.2
Query_52887	XM_010340111.2	100.000	21	0	0	1	21	814	794	2.0	39.2
Query_52887	XM_010340109.2	100.000	21	0	0	1	21	622	602	2.0	39.2
Query_52887	XM_039220817.1	100.000	21	0	0	1	21	531	511	2.0	39.2
Query_52887	XM_039220816.1	100.000	21	0	0	1	21	583	563	2.0	39.2
Query_52887	XM_039220815.1	100.000	21	0	0	1	21	562	542	2.0	39.2
Query_52887	CP068258.1	100.000	21	0	0	1	21	5333480	5333500	2.0	39.2
Query_52887	XM_006233338.3	100.000	21	0	0	1	21	596	576	2.0	39.2
Query_52887	XM_006233337.3	100.000	21	0	0	1	21	770	750	2.0	39.2
Query_52887	XM_006233336.4	100.000	21	0	0	1	21	617	597	2.0	39.2
Query_52887	XM_006233335.3	100.000	21	0	0	1	21	596	576	2.0	39.2
Query_52887	XM_006233334.3	100.000	21	0	0	1	21	740	720	2.0	39.2
Query_52887	XM_006233333.3	100.000	21	0	0	1	21	617	597	2.0	39.2
Query_52887	XM_039087789.1	100.000	21	0	0	1	21	1133	1113	2.0	39.2
Query_52887	XM_039087787.1	100.000	21	0	0	1	21	1145	1125	2.0	39.2
Query_52887	XM_038444267.1	100.000	21	0	0	1	21	600	580	2.0	39.2
Query_52887	XM_038444266.1	100.000	21	0	0	1	21	619	599	2.0	39.2
Query_52887	XM_038444265.1	100.000	21	0	0	1	21	596	576	2.0	39.2
Query_52887	XM_038444264.1	100.000	21	0	0	1	21	588	568	2.0	39.2
Query_52887	XM_038444263.1	100.000	21	0	0	1	21	602	582	2.0	39.2
Query_52887	XM_038444262.1	100.000	21	0	0	1	21	627	607	2.0	39.2
Query_52887	XM_038444261.1	100.000	21	0	0	1	21	619	599	2.0	39.2
Query_52887	XM_038462042.1	100.000	21	0	0	1	21	600	580	2.0	39.2
Query_52887	XM_005642458.4	100.000	21	0	0	1	21	619	599	2.0	39.2
Query_52887	XM_038462041.1	100.000	21	0	0	1	21	596	576	2.0	39.2
Query_52887	XM_038462040.1	100.000	21	0	0	1	21	589	569	2.0	39.2
Query_52887	XM_038462039.1	100.000	21	0	0	1	21	602	582	2.0	39.2
Query_52887	XM_038462038.1	100.000	21	0	0	1	21	623	603	2.0	39.2
Query_52887	XM_038462037.1	100.000	21	0	0	1	21	619	599	2.0	39.2
Query_52887	XM_038769165.1	100.000	21	0	0	1	21	749	729	2.0	39.2
Query_52887	XM_038769164.1	100.000	21	0	0	1	21	545	525	2.0	39.2
Query_52887	XM_038769163.1	100.000	21	0	0	1	21	546	526	2.0	39.2
Query_52887	XM_038769162.1	100.000	21	0	0	1	21	749	729	2.0	39.2
Query_52887	XM_037990392.1	100.000	21	0	0	1	21	795	775	2.0	39.2
Query_52887	XM_037990386.1	100.000	21	0	0	1	21	635	615	2.0	39.2
Query_52887	XM_037990381.1	100.000	21	0	0	1	21	475	455	2.0	39.2
Query_52887	XM_007999423.2	100.000	21	0	0	1	21	692	672	2.0	39.2
Query_52887	XM_037990373.1	100.000	21	0	0	1	21	690	670	2.0	39.2
Query_52887	XM_037990369.1	100.000	21	0	0	1	21	779	759	2.0	39.2
Query_52887	XM_037990364.1	100.000	21	0	0	1	21	953	933	2.0	39.2
Query_52887	XM_007999419.2	100.000	21	0	0	1	21	795	775	2.0	39.2
Query_52887	XM_007999418.2	100.000	21	0	0	1	21	873	853	2.0	39.2
Query_52887	XM_037821592.1	100.000	21	0	0	1	21	325	305	2.0	39.2
Query_52887	XM_037830359.1	100.000	21	0	0	1	21	559	539	2.0	39.2
Query_52887	XM_037830358.1	100.000	21	0	0	1	21	570	550	2.0	39.2
Query_52887	XM_037830357.1	100.000	21	0	0	1	21	532	512	2.0	39.2
Query_52887	XM_037830356.1	100.000	21	0	0	1	21	584	564	2.0	39.2
Query_52887	XM_037830355.1	100.000	21	0	0	1	21	603	583	2.0	39.2
Query_52887	XM_017508657.2	100.000	21	0	0	1	21	687	667	2.0	39.2
Query_52887	XM_017508656.2	100.000	21	0	0	1	21	817	797	2.0	39.2
Query_52887	XM_017508655.2	100.000	21	0	0	1	21	591	571	2.0	39.2
Query_52887	XM_017508652.2	100.000	21	0	0	1	21	579	559	2.0	39.2
Query_52887	XM_017508651.2	100.000	21	0	0	1	21	768	748	2.0	39.2
Query_52887	XM_017508650.2	100.000	21	0	0	1	21	887	867	2.0	39.2
Query_52887	XR_001825684.2	100.000	21	0	0	1	21	528	508	2.0	39.2
Query_52887	XM_037509625.1	100.000	21	0	0	1	21	561	541	2.0	39.2
Query_52887	XM_037509624.1	100.000	21	0	0	1	21	511	491	2.0	39.2
Query_52887	XM_037509623.1	100.000	21	0	0	1	21	569	549	2.0	39.2
Query_52887	XM_037207130.1	100.000	21	0	0	1	21	384	364	2.0	39.2
Query_52887	XM_028857385.2	100.000	21	0	0	1	21	600	580	2.0	39.2
Query_52887	XM_028857378.2	100.000	21	0	0	1	21	561	541	2.0	39.2
Query_52887	XM_028857369.2	100.000	21	0	0	1	21	650	630	2.0	39.2
Query_52887	XM_028857360.2	100.000	21	0	0	1	21	602	582	2.0	39.2


