# blastn
# Iteration: 0
# Query: 
# RID: 7R0SK3KT01R
# Database: nt
# Fields: query acc.ver, subject acc.ver, % identity, alignment length, mismatches, gap opens, q. start, q. end, s. start, s. end, evalue, bit score
# 28 hits found
Query_405297	XM_008951835.2	100.000	21	0	0	1	21	720	700	2.1	39.2
Query_405297	XM_003826427.2	100.000	21	0	0	1	21	367	347	2.1	39.2
Query_405297	NM_004223.5	100.000	21	0	0	1	21	331	311	2.1	39.2
Query_405297	XM_521987.5	100.000	21	0	0	1	21	366	346	2.1	39.2
Query_405297	XM_009246347.2	100.000	21	0	0	1	21	184	164	2.1	39.2
Query_405297	XM_009246345.2	100.000	21	0	0	1	21	725	705	2.1	39.2
Query_405297	XM_003777762.3	100.000	21	0	0	1	21	368	348	2.1	39.2
Query_405297	XM_009246344.2	100.000	21	0	0	1	21	532	512	2.1	39.2
Query_405297	LT736766.1	100.000	21	0	0	1	21	757	737	2.1	39.2
Query_405297	XM_004051168.2	100.000	21	0	0	1	21	727	707	2.1	39.2
Query_405297	XM_004051167.2	100.000	21	0	0	1	21	360	340	2.1	39.2
Query_405297	XM_003317981.4	100.000	21	0	0	1	21	723	703	2.1	39.2
Query_405297	KJ892727.1	100.000	21	0	0	1	21	335	315	2.1	39.2
Query_405297	NM_198183.3	100.000	21	0	0	1	21	330	310	2.1	39.2
Query_405297	CU689397.1	100.000	21	0	0	1	21	208	228	2.1	39.2
Query_405297	CU689396.1	100.000	21	0	0	1	21	286	266	2.1	39.2
Query_405297	AK315755.1	100.000	21	0	0	1	21	285	265	2.1	39.2
Query_405297	DQ894475.2	100.000	21	0	0	1	21	292	272	2.1	39.2
Query_405297	DQ891291.2	100.000	21	0	0	1	21	292	272	2.1	39.2
Query_405297	AK226165.1	100.000	21	0	0	1	21	420	400	2.1	39.2
Query_405297	AK093462.1	100.000	21	0	0	1	21	679	659	2.1	39.2
Query_405297	CR457126.1	100.000	21	0	0	1	21	270	250	2.1	39.2
Query_405297	AK129621.1	100.000	21	0	0	1	21	237	217	2.1	39.2
Query_405297	BC032491.1	100.000	21	0	0	1	21	366	346	2.1	39.2
Query_405297	AP002893.3	100.000	21	0	0	1	21	124974	124994	2.1	39.2
Query_405297	AJ243270.1	100.000	21	0	0	1	21	147	127	2.1	39.2
Query_405297	AF061736.1	100.000	21	0	0	1	21	317	297	2.1	39.2
Query_405297	AF031141.1	100.000	21	0	0	1	21	267	247	2.1	39.2


