# blastn
# Iteration: 0
# Query: 
# RID: 6RNV2UEC013
# Database: nt
# Fields: query acc.ver, subject acc.ver, % identity, alignment length, mismatches, gap opens, q. start, q. end, s. start, s. end, evalue, bit score
# 65 hits found
Query_257055	XM_010616907.2	100.000	21	0	0	1	21	519	499	2.1	39.2
Query_257055	XM_032263200.1	100.000	21	0	0	1	21	385	365	2.1	39.2
Query_257055	XM_032171207.1	100.000	21	0	0	1	21	730	710	2.1	39.2
Query_257055	XR_004067781.1	100.000	21	0	0	1	21	443	423	2.1	39.2
Query_257055	XM_019015478.2	100.000	21	0	0	1	21	114	94	2.1	39.2
Query_257055	XR_176607.3	100.000	21	0	0	1	21	459	439	2.1	39.2
Query_257055	XM_003277335.4	100.000	21	0	0	1	21	736	716	2.1	39.2
Query_257055	AC279090.1	100.000	21	0	0	1	21	113365	113385	2.1	39.2
Query_257055	NM_014501.3	100.000	21	0	0	1	21	464	444	2.1	39.2
Query_257055	XM_028138416.1	100.000	21	0	0	1	21	739	719	2.1	39.2
Query_257055	CP034522.1	100.000	21	0	0	1	21	55855733	55855753	2.1	39.2
Query_257055	CP034497.1	100.000	21	0	0	1	21	55855733	55855753	2.1	39.2
Query_257055	CP034495.1	100.000	21	0	0	1	21	15607950	15607970	2.1	39.2
Query_257055	AC277988.1	100.000	21	0	0	1	21	97156	97136	2.1	39.2
Query_257055	XM_011752020.2	100.000	21	0	0	1	21	827	807	2.1	39.2
Query_257055	XM_024570361.1	100.000	21	0	0	1	21	464	444	2.1	39.2
Query_257055	XM_011526752.2	100.000	21	0	0	1	21	1115	1095	2.1	39.2
Query_257055	XR_677486.3	100.000	21	0	0	1	21	720	700	2.1	39.2
Query_257055	XR_002942167.1	100.000	21	0	0	1	21	403	383	2.1	39.2
Query_257055	XM_024236634.1	100.000	21	0	0	1	21	729	709	2.1	39.2
Query_257055	XM_006109010.3	100.000	21	0	0	1	21	518	498	2.1	39.2
Query_257055	XM_012750226.2	100.000	21	0	0	1	21	646	626	2.1	39.2
Query_257055	LT741140.1	100.000	21	0	0	1	21	752	732	2.1	39.2
Query_257055	LT736020.1	100.000	21	0	0	1	21	752	732	2.1	39.2
Query_257055	XM_019627846.1	100.000	21	0	0	1	21	792	772	2.1	39.2
Query_257055	XM_016218346.1	100.000	21	0	0	1	21	280	260	2.1	39.2
Query_257055	XM_015569463.1	100.000	21	0	0	1	21	496	476	2.1	39.2
Query_257055	XM_005590403.2	100.000	21	0	0	1	21	828	808	2.1	39.2
Query_257055	XM_005862777.2	100.000	21	0	0	1	21	305	285	2.1	39.2
Query_257055	KJ898691.1	100.000	21	0	0	1	21	330	310	2.1	39.2
Query_257055	KJ898690.1	100.000	21	0	0	1	21	330	310	2.1	39.2
Query_257055	AC254826.1	100.000	21	0	0	1	21	132556	132536	2.1	39.2
Query_257055	XM_002414436.4	100.000	21	0	0	1	21	408	388	2.1	39.2
Query_257055	XM_040218402.2	100.000	21	0	0	1	21	393	373	2.1	39.2
Query_257055	XM_003944678.3	100.000	21	0	0	1	21	827	807	2.1	39.2
Query_257055	NM_001266004.2	100.000	21	0	0	1	21	584	564	2.1	39.2
Query_257055	CP068261.1	100.000	21	0	0	1	21	15611166	15611186	2.1	39.2
Query_257055	CP068259.1	100.000	21	0	0	1	21	58499813	58499833	2.1	39.2
Query_257055	XM_017546575.2	100.000	21	0	0	1	21	823	803	2.1	39.2
Query_257055	XM_036306722.1	100.000	21	0	0	1	21	473	453	2.1	39.2
Query_257055	AP023479.1	100.000	21	0	0	1	21	55882157	55882177	2.1	39.2
Query_257055	AP023477.1	100.000	21	0	0	1	21	15790912	15790932	2.1	39.2
Query_257055	XM_002762502.3	100.000	21	0	0	1	21	829	809	2.1	39.2
Query_257055	AC240523.3	100.000	21	0	0	1	21	9816	9796	2.1	39.2
Query_257055	NG_001583.3	100.000	21	0	0	1	21	558	538	2.1	39.2
Query_257055	CU675700.1	100.000	21	0	0	1	21	420	440	2.1	39.2
Query_257055	CU675699.1	100.000	21	0	0	1	21	281	261	2.1	39.2
Query_257055	BC014622.1	100.000	21	0	0	1	21	454	434	2.1	39.2
Query_257055	AC183294.3	100.000	21	0	0	1	21	3412	3392	2.1	39.2
Query_257055	BC065364.1	100.000	21	0	0	1	21	453	433	2.1	39.2
Query_257055	BC004236.2	100.000	21	0	0	1	21	443	423	2.1	39.2
Query_257055	AC018989.15	100.000	21	0	0	1	21	150433	150453	2.1	39.2
Query_257055	AC020922.9	100.000	21	0	0	1	21	112648	112668	2.1	39.2
Query_257055	DQ120720.1	100.000	21	0	0	1	21	265	245	2.1	39.2
Query_257055	DQ120719.1	100.000	21	0	0	1	21	266	246	2.1	39.2
Query_257055	DQ120718.1	100.000	21	0	0	1	21	265	245	2.1	39.2
Query_257055	AB062397.1	100.000	21	0	0	1	21	443	423	2.1	39.2
Query_257055	AC005324.1	100.000	21	0	0	1	21	60389	60369	2.1	39.2
Query_257055	M91670.1	100.000	21	0	0	1	21	324	304	2.1	39.2
Query_257055	LR593886.1	100.000	20	0	0	1	20	5577665	5577684	7.2	37.4
Query_257055	CP011271.1	100.000	20	0	0	1	20	4998077	4998096	7.2	37.4
Query_257055	XM_009522505.1	100.000	20	0	0	2	21	273	254	7.2	37.4
Query_257055	HG992182.1	100.000	20	0	0	2	21	22702784	22702803	7.2	37.4
Query_257055	LR990074.1	100.000	20	0	0	2	21	14054235	14054254	7.2	37.4
Query_257055	XM_003028213.1	100.000	20	0	0	2	21	227	208	7.2	37.4


