# blastn
# Iteration: 0
# Query: 
# RID: 7PW519BD016
# Database: nt
# Fields: query acc.ver, subject acc.ver, % identity, alignment length, mismatches, gap opens, q. start, q. end, s. start, s. end, evalue, bit score
# 100 hits found
Query_12841	XM_034951639.1	100.000	21	0	0	1	21	456	436	2.1	39.2
Query_12841	XM_034951638.1	100.000	21	0	0	1	21	308	288	2.1	39.2
Query_12841	XM_034951637.1	100.000	21	0	0	1	21	585	565	2.1	39.2
Query_12841	XM_034951636.1	100.000	21	0	0	1	21	349	329	2.1	39.2
Query_12841	XM_034951635.1	100.000	21	0	0	1	21	306	286	2.1	39.2
Query_12841	XM_034951634.1	100.000	21	0	0	1	21	309	289	2.1	39.2
Query_12841	XM_034951633.1	100.000	21	0	0	1	21	592	572	2.1	39.2
Query_12841	XM_034951632.1	100.000	21	0	0	1	21	350	330	2.1	39.2
Query_12841	XM_033839727.1	100.000	21	0	0	1	21	302	282	2.1	39.2
Query_12841	XM_033839726.1	100.000	21	0	0	1	21	284	264	2.1	39.2
Query_12841	XM_033839725.1	100.000	21	0	0	1	21	793	773	2.1	39.2
Query_12841	XM_033839724.1	100.000	21	0	0	1	21	304	284	2.1	39.2
Query_12841	XM_033429219.1	100.000	21	0	0	1	21	1079	1059	2.1	39.2
Query_12841	XM_033429218.1	100.000	21	0	0	1	21	280	260	2.1	39.2
Query_12841	XM_004270343.3	100.000	21	0	0	1	21	281	261	2.1	39.2
Query_12841	CP050586.1	100.000	21	0	0	1	21	41213885	41213905	2.1	39.2
Query_12841	CP050622.1	100.000	21	0	0	1	21	40435633	40435653	2.1	39.2
Query_12841	XM_033101564.1	100.000	21	0	0	1	21	334	314	2.1	39.2
Query_12841	XM_033101563.1	100.000	21	0	0	1	21	446	426	2.1	39.2
Query_12841	XM_032605464.1	100.000	21	0	0	1	21	240	220	2.1	39.2
Query_12841	XM_032605463.1	100.000	21	0	0	1	21	427	407	2.1	39.2
Query_12841	XM_032605462.1	100.000	21	0	0	1	21	310	290	2.1	39.2
Query_12841	XM_032754107.1	100.000	21	0	0	1	21	363	343	2.1	39.2
Query_12841	XM_032144947.1	100.000	21	0	0	1	21	745	725	2.1	39.2
Query_12841	XM_032144946.1	100.000	21	0	0	1	21	208	188	2.1	39.2
Query_12841	XM_032144945.1	100.000	21	0	0	1	21	850	830	2.1	39.2
Query_12841	NM_001194836.2	100.000	21	0	0	1	21	363	343	2.1	39.2
Query_12841	XM_009195636.2	100.000	21	0	0	1	21	308	288	2.1	39.2
Query_12841	XM_031002695.1	100.000	21	0	0	1	21	340	320	2.1	39.2
Query_12841	XM_031002694.1	100.000	21	0	0	1	21	340	320	2.1	39.2
Query_12841	XM_004056937.3	100.000	21	0	0	1	21	307	287	2.1	39.2
Query_12841	XM_004056936.3	100.000	21	0	0	1	21	461	441	2.1	39.2
Query_12841	XM_004056938.3	100.000	21	0	0	1	21	305	285	2.1	39.2
Query_12841	XM_019012582.2	100.000	21	0	0	1	21	305	285	2.1	39.2
Query_12841	XM_030872222.1	100.000	21	0	0	1	21	790	770	2.1	39.2
Query_12841	XM_030872221.1	100.000	21	0	0	1	21	281	261	2.1	39.2
Query_12841	XM_030872220.1	100.000	21	0	0	1	21	284	264	2.1	39.2
Query_12841	XM_030798768.1	100.000	21	0	0	1	21	336	316	2.1	39.2
Query_12841	XM_030798767.1	100.000	21	0	0	1	21	336	316	2.1	39.2
Query_12841	XM_030798766.1	100.000	21	0	0	1	21	325	305	2.1	39.2
Query_12841	XM_030798765.1	100.000	21	0	0	1	21	442	422	2.1	39.2
Query_12841	XM_030798764.1	100.000	21	0	0	1	21	745	725	2.1	39.2
Query_12841	XM_030798763.1	100.000	21	0	0	1	21	442	422	2.1	39.2
Query_12841	XM_030798762.1	100.000	21	0	0	1	21	839	819	2.1	39.2
Query_12841	XM_022594419.2	100.000	21	0	0	1	21	309	289	2.1	39.2
Query_12841	NM_194260.3	100.000	21	0	0	1	21	461	441	2.1	39.2
Query_12841	NM_194261.3	100.000	21	0	0	1	21	313	293	2.1	39.2
Query_12841	NM_194259.3	100.000	21	0	0	1	21	588	568	2.1	39.2
Query_12841	XM_029221266.1	100.000	21	0	0	1	21	209	189	2.1	39.2
Query_12841	XM_029221265.1	100.000	21	0	0	1	21	956	936	2.1	39.2
Query_12841	XM_028840603.1	100.000	21	0	0	1	21	358	338	2.1	39.2
Query_12841	XM_028840602.1	100.000	21	0	0	1	21	362	342	2.1	39.2
Query_12841	XM_001118584.4	100.000	21	0	0	1	21	307	287	2.1	39.2
Query_12841	XM_028840601.1	100.000	21	0	0	1	21	297	277	2.1	39.2
Query_12841	XM_040253459.1	100.000	21	0	0	1	21	271	251	2.1	39.2
Query_12841	XM_040253450.1	100.000	21	0	0	1	21	306	286	2.1	39.2
Query_12841	HG994389.1	100.000	21	0	0	1	21	40263236	40263256	2.1	39.2
Query_12841	XM_039884856.1	100.000	21	0	0	1	21	346	326	2.1	39.2
Query_12841	XM_039478291.1	100.000	21	0	0	1	21	337	317	2.1	39.2
Query_12841	XM_039478290.1	100.000	21	0	0	1	21	210	190	2.1	39.2
Query_12841	XR_744805.2	100.000	21	0	0	1	21	196	176	2.1	39.2
Query_12841	CP068262.1	100.000	21	0	0	1	21	1331868	1331848	2.1	39.2
Query_12841	XM_038669653.1	100.000	21	0	0	1	21	250	230	2.1	39.2
Query_12841	XM_038669652.1	100.000	21	0	0	1	21	304	284	2.1	39.2
Query_12841	XM_038669651.1	100.000	21	0	0	1	21	324	304	2.1	39.2
Query_12841	XM_005621733.4	100.000	21	0	0	1	21	250	230	2.1	39.2
Query_12841	XM_005621732.4	100.000	21	0	0	1	21	304	284	2.1	39.2
Query_12841	XM_038550713.1	100.000	21	0	0	1	21	321	301	2.1	39.2
Query_12841	XM_038820156.1	100.000	21	0	0	1	21	212	192	2.1	39.2
Query_12841	XM_038820155.1	100.000	21	0	0	1	21	449	429	2.1	39.2
Query_12841	XM_037990067.1	100.000	21	0	0	1	21	328	308	2.1	39.2
Query_12841	XM_037815465.1	100.000	21	0	0	1	21	341	321	2.1	39.2
Query_12841	XM_037157243.1	100.000	21	0	0	1	21	345	325	2.1	39.2
Query_12841	XM_037157242.1	100.000	21	0	0	1	21	370	350	2.1	39.2
Query_12841	XM_036825648.1	100.000	21	0	0	1	21	272	252	2.1	39.2
Query_12841	XM_036825647.1	100.000	21	0	0	1	21	1888	1868	2.1	39.2
Query_12841	XM_036825646.1	100.000	21	0	0	1	21	310	290	2.1	39.2
Query_12841	XM_036428378.1	100.000	21	0	0	1	21	217	197	2.1	39.2
Query_12841	XM_036410979.1	100.000	21	0	0	1	21	265	245	2.1	39.2
Query_12841	XM_036410978.1	100.000	21	0	0	1	21	348	328	2.1	39.2
Query_12841	XM_036350737.1	100.000	21	0	0	1	21	205	185	2.1	39.2
Query_12841	XM_036279293.1	100.000	21	0	0	1	21	168	148	2.1	39.2
Query_12841	XM_036279292.1	100.000	21	0	0	1	21	252	232	2.1	39.2
Query_12841	XM_016136652.2	100.000	21	0	0	1	21	339	319	2.1	39.2
Query_12841	AP023476.1	100.000	21	0	0	1	21	1329514	1329494	2.1	39.2
Query_12841	XM_028514243.2	100.000	21	0	0	1	21	338	318	2.1	39.2
Query_12841	XM_036021096.1	100.000	21	0	0	1	21	255	235	2.1	39.2
Query_12841	XM_025417077.2	100.000	21	0	0	1	21	248	228	2.1	39.2
Query_12841	XM_025417076.2	100.000	21	0	0	1	21	285	265	2.1	39.2
Query_12841	XM_025417075.2	100.000	21	0	0	1	21	324	304	2.1	39.2
Query_12841	XM_035339409.1	100.000	21	0	0	1	21	332	312	2.1	39.2
Query_12841	XM_035339408.1	100.000	21	0	0	1	21	330	310	2.1	39.2
Query_12841	XM_009008883.2	100.000	21	0	0	1	21	451	431	2.1	39.2
Query_12841	XM_035266442.1	100.000	21	0	0	1	21	281	261	2.1	39.2
Query_12841	XM_035266441.1	100.000	21	0	0	1	21	442	422	2.1	39.2
Query_12841	XM_035266439.1	100.000	21	0	0	1	21	340	320	2.1	39.2
Query_12841	XM_035266438.1	100.000	21	0	0	1	21	329	309	2.1	39.2
Query_12841	XM_035266440.1	100.000	21	0	0	1	21	723	703	2.1	39.2
Query_12841	XM_035266437.1	100.000	21	0	0	1	21	2718	2698	2.1	39.2
Query_12841	XM_009008885.2	100.000	21	0	0	1	21	464	444	2.1	39.2


