# blastn
# Iteration: 0
# Query: 
# RID: 729RKE62016
# Database: nt
# Fields: query acc.ver, subject acc.ver, % identity, alignment length, mismatches, gap opens, q. start, q. end, s. start, s. end, evalue, bit score
# 37 hits found
Query_32269	XM_005152222.3	100.000	21	0	0	1	21	784	764	2.1	39.2
Query_32269	XM_034073848.1	100.000	21	0	0	1	21	750	730	2.1	39.2
Query_32269	XM_034073847.1	100.000	21	0	0	1	21	750	730	2.1	39.2
Query_32269	XM_034073846.1	100.000	21	0	0	1	21	750	730	2.1	39.2
Query_32269	XM_034073845.1	100.000	21	0	0	1	21	750	730	2.1	39.2
Query_32269	XM_034073844.1	100.000	21	0	0	1	21	750	730	2.1	39.2
Query_32269	XM_032998675.1	100.000	21	0	0	1	21	775	755	2.1	39.2
Query_32269	XM_030026375.1	100.000	21	0	0	1	21	775	755	2.1	39.2
Query_32269	XM_008933482.3	100.000	21	0	0	1	21	775	755	2.1	39.2
Query_32269	LR606189.1	100.000	21	0	0	1	21	19771442	19771422	2.1	39.2
Query_32269	XM_026856817.1	100.000	21	0	0	1	21	767	747	2.1	39.2
Query_32269	XM_005444594.2	100.000	21	0	0	1	21	778	758	2.1	39.2
Query_32269	XM_005238887.2	100.000	21	0	0	1	21	775	755	2.1	39.2
Query_32269	XM_027685174.1	100.000	21	0	0	1	21	778	758	2.1	39.2
Query_32269	XM_004385877.2	100.000	21	0	0	1	21	552	532	2.1	39.2
Query_32269	XM_017837132.1	100.000	21	0	0	1	21	776	756	2.1	39.2
Query_32269	XM_010584842.1	100.000	21	0	0	1	21	757	737	2.1	39.2
Query_32269	XM_010584834.1	100.000	21	0	0	1	21	757	737	2.1	39.2
Query_32269	XM_010298905.1	100.000	21	0	0	1	21	760	740	2.1	39.2
Query_32269	XM_010298904.1	100.000	21	0	0	1	21	760	740	2.1	39.2
Query_32269	XM_010124191.1	100.000	21	0	0	1	21	757	737	2.1	39.2
Query_32269	XM_010087329.1	100.000	21	0	0	1	21	760	740	2.1	39.2
Query_32269	XM_009919689.1	100.000	21	0	0	1	21	760	740	2.1	39.2
Query_32269	XM_009919688.1	100.000	21	0	0	1	21	760	740	2.1	39.2
Query_32269	XM_009706961.1	100.000	21	0	0	1	21	762	742	2.1	39.2
Query_32269	XM_009706960.1	100.000	21	0	0	1	21	762	742	2.1	39.2
Query_32269	XM_009485702.1	100.000	21	0	0	1	21	755	735	2.1	39.2
Query_32269	XM_009485701.1	100.000	21	0	0	1	21	755	735	2.1	39.2
Query_32269	XM_009320793.1	100.000	21	0	0	1	21	758	738	2.1	39.2
Query_32269	XM_027729602.2	100.000	21	0	0	1	21	754	734	2.1	39.2
Query_32269	XM_037409049.1	100.000	21	0	0	1	21	775	755	2.1	39.2
Query_32269	NM_012864.2	100.000	21	0	0	1	21	580	560	2.1	39.2
Query_32269	L24374.1	100.000	21	0	0	1	21	594	574	2.1	39.2
Query_32269	X07823.1	100.000	21	0	0	1	21	93	73	2.1	39.2
Query_32269	XM_034665646.1	100.000	20	0	0	2	21	875	856	7.3	37.4
Query_32269	XM_019802589.2	100.000	20	0	0	2	21	1343	1324	7.3	37.4
Query_32269	XM_002922021.3	100.000	20	0	0	2	21	875	856	7.3	37.4


