# blastn
# Iteration: 0
# Query: 
# RID: 6MJKW1WG016
# Database: nt
# Fields: query acc.ver, subject acc.ver, % identity, alignment length, mismatches, gap opens, q. start, q. end, s. start, s. end, evalue, bit score
# 100 hits found
Query_22279	XM_035014140.1	100.000	21	0	0	1	21	466	446	2.0	39.2
Query_22279	XM_034960512.1	100.000	21	0	0	1	21	334	314	2.0	39.2
Query_22279	XM_003829274.3	100.000	21	0	0	1	21	424	404	2.0	39.2
Query_22279	XM_034656017.1	100.000	21	0	0	1	21	389	369	2.0	39.2
Query_22279	XM_002912915.4	100.000	21	0	0	1	21	467	447	2.0	39.2
Query_22279	XM_027949574.2	100.000	21	0	0	1	21	439	419	2.0	39.2
Query_22279	XR_002174172.2	100.000	21	0	0	1	21	611	591	2.0	39.2
Query_22279	XM_004326504.3	100.000	21	0	0	1	21	332	312	2.0	39.2
Query_22279	XM_033761573.1	100.000	21	0	0	1	21	311	291	2.0	39.2
Query_22279	XM_033761572.1	100.000	21	0	0	1	21	391	371	2.0	39.2
Query_22279	XR_004478222.1	100.000	21	0	0	1	21	636	616	2.0	39.2
Query_22279	XM_033409828.1	100.000	21	0	0	1	21	636	616	2.0	39.2
Query_22279	XM_033409827.1	100.000	21	0	0	1	21	530	510	2.0	39.2
Query_22279	XM_004282119.3	100.000	21	0	0	1	21	595	575	2.0	39.2
Query_22279	XM_033403071.1	100.000	21	0	0	1	21	306	286	2.0	39.2
Query_22279	XM_004263629.3	100.000	21	0	0	1	21	393	373	2.0	39.2
Query_22279	CP050600.1	100.000	21	0	0	1	21	21860379	21860359	2.0	39.2
Query_22279	CP050574.1	100.000	21	0	0	1	21	497968	497948	2.0	39.2
Query_22279	CP050630.1	100.000	21	0	0	1	21	21853342	21853322	2.0	39.2
Query_22279	CP050613.1	100.000	21	0	0	1	21	491541	491521	2.0	39.2
Query_22279	XM_033095936.1	100.000	21	0	0	1	21	456	436	2.0	39.2
Query_22279	XM_032837709.1	100.000	21	0	0	1	21	473	453	2.0	39.2
Query_22279	XM_032837708.1	100.000	21	0	0	1	21	473	453	2.0	39.2
Query_22279	XM_032837707.1	100.000	21	0	0	1	21	473	453	2.0	39.2
Query_22279	XM_032625524.1	100.000	21	0	0	1	21	417	397	2.0	39.2
Query_22279	XM_032625523.1	100.000	21	0	0	1	21	354	334	2.0	39.2
Query_22279	XM_032625522.1	100.000	21	0	0	1	21	461	441	2.0	39.2
Query_22279	XM_030318352.2	100.000	21	0	0	1	21	462	442	2.0	39.2
Query_22279	XM_006179617.3	100.000	21	0	0	1	21	456	436	2.0	39.2
Query_22279	XM_032425198.1	100.000	21	0	0	1	21	462	442	2.0	39.2
Query_22279	XM_032336720.1	100.000	21	0	0	1	21	467	447	2.0	39.2
Query_22279	XM_032336718.1	100.000	21	0	0	1	21	467	447	2.0	39.2
Query_22279	XM_032336717.1	100.000	21	0	0	1	21	467	447	2.0	39.2
Query_22279	XM_032251637.1	100.000	21	0	0	1	21	683	663	2.0	39.2
Query_22279	XM_032251564.1	100.000	21	0	0	1	21	773	753	2.0	39.2
Query_22279	XM_032157920.1	100.000	21	0	0	1	21	754	734	2.0	39.2
Query_22279	NM_001194433.3	100.000	21	0	0	1	21	755	735	2.0	39.2
Query_22279	XM_006212804.3	100.000	21	0	0	1	21	455	435	2.0	39.2
Query_22279	XM_021939692.2	100.000	21	0	0	1	21	678	658	2.0	39.2
Query_22279	XM_003900106.3	100.000	21	0	0	1	21	768	748	2.0	39.2
Query_22279	XM_010981544.2	100.000	21	0	0	1	21	456	436	2.0	39.2
Query_22279	XM_031010702.1	100.000	21	0	0	1	21	746	726	2.0	39.2
Query_22279	LR722983.1	100.000	21	0	0	1	21	45177581	45177561	2.0	39.2
Query_22279	XR_004042349.1	100.000	21	0	0	1	21	609	589	2.0	39.2
Query_22279	XM_030869624.1	100.000	21	0	0	1	21	465	445	2.0	39.2
Query_22279	XM_030869623.1	100.000	21	0	0	1	21	454	434	2.0	39.2
Query_22279	XM_003266384.3	100.000	21	0	0	1	21	753	733	2.0	39.2
Query_22279	XM_030318362.1	100.000	21	0	0	1	21	339	319	2.0	39.2
Query_22279	XM_030318343.1	100.000	21	0	0	1	21	366	346	2.0	39.2
Query_22279	XM_030318333.1	100.000	21	0	0	1	21	449	429	2.0	39.2
Query_22279	XM_029941919.1	100.000	21	0	0	1	21	462	442	2.0	39.2
Query_22279	XM_029217262.1	100.000	21	0	0	1	21	459	439	2.0	39.2
Query_22279	NM_003337.4	100.000	21	0	0	1	21	357	337	2.0	39.2
Query_22279	XM_007107071.3	100.000	21	0	0	1	21	455	435	2.0	39.2
Query_22279	XM_007172151.2	100.000	21	0	0	1	21	311	291	2.0	39.2
Query_22279	XM_007172150.2	100.000	21	0	0	1	21	459	439	2.0	39.2
Query_22279	XM_028103534.1	100.000	21	0	0	1	21	462	442	2.0	39.2
Query_22279	XM_004008801.3	100.000	21	0	0	1	21	474	454	2.0	39.2
Query_22279	XM_027949578.1	100.000	21	0	0	1	21	444	424	2.0	39.2
Query_22279	XM_027949576.1	100.000	21	0	0	1	21	357	337	2.0	39.2
Query_22279	XM_027949575.1	100.000	21	0	0	1	21	395	375	2.0	39.2
Query_22279	XM_013363114.3	100.000	21	0	0	1	21	411	391	2.0	39.2
Query_22279	XM_040271813.1	100.000	21	0	0	1	21	355	335	2.0	39.2
Query_22279	XM_005335742.4	100.000	21	0	0	1	21	445	425	2.0	39.2
Query_22279	XM_040240092.1	100.000	21	0	0	1	21	750	730	2.0	39.2
Query_22279	HG994391.1	100.000	21	0	0	1	21	23521415	23521395	2.0	39.2
Query_22279	HG994387.1	100.000	21	0	0	1	21	973219	973199	2.0	39.2
Query_22279	XM_039836039.1	100.000	21	0	0	1	21	720	700	2.0	39.2
Query_22279	XM_010338704.2	100.000	21	0	0	1	21	398	378	2.0	39.2
Query_22279	XM_010338699.2	100.000	21	0	0	1	21	487	467	2.0	39.2
Query_22279	XM_039242287.1	100.000	21	0	0	1	21	443	423	2.0	39.2
Query_22279	XM_039242286.1	100.000	21	0	0	1	21	443	423	2.0	39.2
Query_22279	XM_039242285.1	100.000	21	0	0	1	21	442	422	2.0	39.2
Query_22279	XM_038660385.1	100.000	21	0	0	1	21	309	289	2.0	39.2
Query_22279	XM_038681540.1	100.000	21	0	0	1	21	578	558	2.0	39.2
Query_22279	XM_038464832.1	100.000	21	0	0	1	21	336	316	2.0	39.2
Query_22279	XM_022425310.2	100.000	21	0	0	1	21	578	558	2.0	39.2
Query_22279	XM_008014440.2	100.000	21	0	0	1	21	674	654	2.0	39.2
Query_22279	XM_008014439.2	100.000	21	0	0	1	21	764	744	2.0	39.2
Query_22279	XM_037809629.1	100.000	21	0	0	1	21	346	326	2.0	39.2
Query_22279	XM_037800778.1	100.000	21	0	0	1	21	305	285	2.0	39.2
Query_22279	XM_037800777.1	100.000	21	0	0	1	21	439	419	2.0	39.2
Query_22279	XM_017532387.2	100.000	21	0	0	1	21	334	314	2.0	39.2
Query_22279	XM_017532386.2	100.000	21	0	0	1	21	480	460	2.0	39.2
Query_22279	XM_037016069.1	100.000	21	0	0	1	21	306	286	2.0	39.2
Query_22279	XM_037016068.1	100.000	21	0	0	1	21	415	395	2.0	39.2
Query_22279	XM_017641948.2	100.000	21	0	0	1	21	441	421	2.0	39.2
Query_22279	XM_036898390.1	100.000	21	0	0	1	21	305	285	2.0	39.2
Query_22279	XM_036898387.1	100.000	21	0	0	1	21	415	395	2.0	39.2
Query_22279	XM_036898386.1	100.000	21	0	0	1	21	442	422	2.0	39.2
Query_22279	XM_036845941.1	100.000	21	0	0	1	21	348	328	2.0	39.2
Query_22279	XM_036845940.1	100.000	21	0	0	1	21	454	434	2.0	39.2
Query_22279	XM_016137659.2	100.000	21	0	0	1	21	720	700	2.0	39.2
Query_22279	XM_036123943.1	100.000	21	0	0	1	21	400	380	2.0	39.2
Query_22279	XM_036123942.1	100.000	21	0	0	1	21	490	470	2.0	39.2
Query_22279	XM_025433233.2	100.000	21	0	0	1	21	577	557	2.0	39.2
Query_22279	XM_025433232.2	100.000	21	0	0	1	21	795	775	2.0	39.2
Query_22279	XM_035713350.1	100.000	21	0	0	1	21	309	289	2.0	39.2
Query_22279	XM_008984915.4	100.000	21	0	0	1	21	685	665	2.0	39.2
Query_22279	XM_002744157.6	100.000	21	0	0	1	21	775	755	2.0	39.2


