# blastn
# Iteration: 0
# Query: 
# RID: 8Y8N90M6016
# Database: nt
# Fields: query acc.ver, subject acc.ver, % identity, alignment length, mismatches, gap opens, q. start, q. end, s. start, s. end, evalue, bit score
# 48 hits found
Query_53041	MK280312.1	100.000	21	0	0	1	21	1042	1022	2.1	39.2
Query_53041	XM_003822660.3	100.000	21	0	0	1	21	2800	2780	2.1	39.2
Query_53041	XM_033175808.1	100.000	21	0	0	1	21	2439	2419	2.1	39.2
Query_53041	XM_032178589.1	100.000	21	0	0	1	21	1996	1976	2.1	39.2
Query_53041	XM_023223830.2	100.000	21	0	0	1	21	2583	2563	2.1	39.2
Query_53041	XM_023223828.2	100.000	21	0	0	1	21	1296	1316	2.1	39.2
Query_53041	XM_003908598.4	100.000	21	0	0	1	21	2575	2555	2.1	39.2
Query_53041	XM_031007930.1	100.000	21	0	0	1	21	2595	2575	2.1	39.2
Query_53041	XM_030920698.1	100.000	21	0	0	1	21	2433	2413	2.1	39.2
Query_53041	XM_030799595.1	100.000	21	0	0	1	21	2591	2571	2.1	39.2
Query_53041	XM_015112284.2	100.000	21	0	0	1	21	2983	2963	2.1	39.2
Query_53041	NM_012249.4	100.000	21	0	0	1	21	2590	2570	2.1	39.2
Query_53041	XM_025353647.1	100.000	21	0	0	1	21	2354	2334	2.1	39.2
Query_53041	AC277863.1	100.000	21	0	0	1	21	188084	188104	2.1	39.2
Query_53041	XM_011713140.2	100.000	21	0	0	1	21	2545	2525	2.1	39.2
Query_53041	XM_016948475.2	100.000	21	0	0	1	21	2574	2554	2.1	39.2
Query_53041	XM_016948474.2	100.000	21	0	0	1	21	2435	2415	2.1	39.2
Query_53041	XM_002812061.4	100.000	21	0	0	1	21	2345	2325	2.1	39.2
Query_53041	XM_017862694.1	100.000	21	0	0	1	21	2423	2403	2.1	39.2
Query_53041	XM_011532728.2	100.000	21	0	0	1	21	1918	1898	2.1	39.2
Query_53041	XM_017003716.1	100.000	21	0	0	1	21	2802	2782	2.1	39.2
Query_53041	XM_011532726.2	100.000	21	0	0	1	21	2645	2625	2.1	39.2
Query_53041	XM_015433694.1	100.000	21	0	0	1	21	2879	2859	2.1	39.2
Query_53041	XM_005575962.2	100.000	21	0	0	1	21	2193	2173	2.1	39.2
Query_53041	XM_012070312.1	100.000	21	0	0	1	21	2892	2872	2.1	39.2
Query_53041	XM_012070311.1	100.000	21	0	0	1	21	2360	2340	2.1	39.2
Query_53041	XM_012070310.1	100.000	21	0	0	1	21	1124	1144	2.1	39.2
Query_53041	XM_011965779.1	100.000	21	0	0	1	21	2377	2357	2.1	39.2
Query_53041	XM_011936021.1	100.000	21	0	0	1	21	2104	2084	2.1	39.2
Query_53041	XM_005264229.2	100.000	21	0	0	1	21	2054	2034	2.1	39.2
Query_53041	NG_023007.2	100.000	21	0	0	1	21	2439	2419	2.1	39.2
Query_53041	NG_022969.2	100.000	21	0	0	1	21	2436	2416	2.1	39.2
Query_53041	XM_038006892.1	100.000	21	0	0	1	21	1139	1159	2.1	39.2
Query_53041	XM_038006891.1	100.000	21	0	0	1	21	1116	1136	2.1	39.2
Query_53041	XM_038006885.1	100.000	21	0	0	1	21	2067	2047	2.1	39.2
Query_53041	XM_007970741.2	100.000	21	0	0	1	21	2572	2552	2.1	39.2
Query_53041	AC280214.1	100.000	21	0	0	1	21	182255	182275	2.1	39.2
Query_53041	AC185240.2	100.000	21	0	0	1	21	185748	185768	2.1	39.2
Query_53041	EU794657.1	100.000	21	0	0	1	21	2352	2332	2.1	39.2
Query_53041	BC013135.1	100.000	21	0	0	1	21	2512	2492	2.1	39.2
Query_53041	AC185990.2	100.000	21	0	0	1	21	124483	124503	2.1	39.2
Query_53041	AC183985.2	100.000	21	0	0	1	21	124740	124760	2.1	39.2
Query_53041	AC182490.3	100.000	21	0	0	1	21	102085	102105	2.1	39.2
Query_53041	AC120782.25	100.000	21	0	0	1	21	42380	42360	2.1	39.2
Query_53041	AC145214.1	100.000	21	0	0	1	21	38916	38896	2.1	39.2
Query_53041	AC018804.9	100.000	21	0	0	1	21	26954	26934	2.1	39.2
Query_53041	AC073869.5	100.000	21	0	0	1	21	137287	137267	2.1	39.2
Query_53041	AC018682.4	100.000	21	0	0	1	21	116891	116871	2.1	39.2


