# blastn
# Iteration: 0
# Query: 
# RID: 6MUB4S9M013
# Database: nt
# Fields: query acc.ver, subject acc.ver, % identity, alignment length, mismatches, gap opens, q. start, q. end, s. start, s. end, evalue, bit score
# 100 hits found
Query_55653	XM_034932122.1	100.000	21	0	0	1	21	2730	2710	2.0	39.2
Query_55653	XR_004664993.1	100.000	21	0	0	1	21	2706	2686	2.0	39.2
Query_55653	XM_034932121.1	100.000	21	0	0	1	21	2772	2752	2.0	39.2
Query_55653	XM_034932120.1	100.000	21	0	0	1	21	2382	2362	2.0	39.2
Query_55653	XM_034932119.1	100.000	21	0	0	1	21	2658	2638	2.0	39.2
Query_55653	XM_034932117.1	100.000	21	0	0	1	21	2468	2448	2.0	39.2
Query_55653	XM_034932116.1	100.000	21	0	0	1	21	2730	2710	2.0	39.2
Query_55653	XM_034932115.1	100.000	21	0	0	1	21	2730	2710	2.0	39.2
Query_55653	XM_033207623.1	100.000	21	0	0	1	21	2782	2762	2.0	39.2
Query_55653	XR_004436191.1	100.000	21	0	0	1	21	2785	2765	2.0	39.2
Query_55653	XR_004436190.1	100.000	21	0	0	1	21	2720	2700	2.0	39.2
Query_55653	XM_033207622.1	100.000	21	0	0	1	21	2781	2761	2.0	39.2
Query_55653	XM_032166649.2	100.000	21	0	0	1	21	2399	2379	2.0	39.2
Query_55653	XM_032240510.1	100.000	21	0	0	1	21	2607	2587	2.0	39.2
Query_55653	XM_032166651.1	100.000	21	0	0	1	21	2366	2346	2.0	39.2
Query_55653	XR_004250229.1	100.000	21	0	0	1	21	2340	2320	2.0	39.2
Query_55653	XM_023189815.3	100.000	21	0	0	1	21	2799	2779	2.0	39.2
Query_55653	XM_023189814.3	100.000	21	0	0	1	21	2798	2778	2.0	39.2
Query_55653	XM_031653328.1	100.000	21	0	0	1	21	2786	2766	2.0	39.2
Query_55653	XR_004177484.1	100.000	21	0	0	1	21	2786	2766	2.0	39.2
Query_55653	XR_004177483.1	100.000	21	0	0	1	21	2786	2766	2.0	39.2
Query_55653	XR_004177482.1	100.000	21	0	0	1	21	2728	2708	2.0	39.2
Query_55653	XR_004177481.1	100.000	21	0	0	1	21	2786	2766	2.0	39.2
Query_55653	XM_031653326.1	100.000	21	0	0	1	21	2752	2732	2.0	39.2
Query_55653	XM_021926103.2	100.000	21	0	0	1	21	2786	2766	2.0	39.2
Query_55653	XM_004050666.3	100.000	21	0	0	1	21	2771	2751	2.0	39.2
Query_55653	XM_019037259.2	100.000	21	0	0	1	21	2296	2276	2.0	39.2
Query_55653	XM_019037258.2	100.000	21	0	0	1	21	2658	2638	2.0	39.2
Query_55653	XM_004050664.3	100.000	21	0	0	1	21	2771	2751	2.0	39.2
Query_55653	XM_030917678.1	100.000	21	0	0	1	21	2776	2756	2.0	39.2
Query_55653	XR_004053563.1	100.000	21	0	0	1	21	2776	2756	2.0	39.2
Query_55653	XM_030917677.1	100.000	21	0	0	1	21	2370	2350	2.0	39.2
Query_55653	XM_010384836.2	100.000	21	0	0	1	21	2776	2756	2.0	39.2
Query_55653	XR_004033591.1	100.000	21	0	0	1	21	2771	2751	2.0	39.2
Query_55653	XR_004033590.1	100.000	21	0	0	1	21	2713	2693	2.0	39.2
Query_55653	XM_030828843.1	100.000	21	0	0	1	21	2737	2717	2.0	39.2
Query_55653	XM_030828842.1	100.000	21	0	0	1	21	2665	2645	2.0	39.2
Query_55653	XM_030828841.1	100.000	21	0	0	1	21	2771	2751	2.0	39.2
Query_55653	NM_001348749.2	100.000	21	0	0	1	21	2664	2644	2.0	39.2
Query_55653	NM_001348750.2	100.000	21	0	0	1	21	2772	2752	2.0	39.2
Query_55653	NM_001243254.2	100.000	21	0	0	1	21	2736	2716	2.0	39.2
Query_55653	XM_002799642.3	100.000	21	0	0	1	21	2551	2531	2.0	39.2
Query_55653	XR_003722662.1	100.000	21	0	0	1	21	2551	2531	2.0	39.2
Query_55653	XR_003722661.1	100.000	21	0	0	1	21	2551	2531	2.0	39.2
Query_55653	XM_028833700.1	100.000	21	0	0	1	21	2551	2531	2.0	39.2
Query_55653	XM_015114896.2	100.000	21	0	0	1	21	2444	2424	2.0	39.2
Query_55653	XM_002799641.3	100.000	21	0	0	1	21	2551	2531	2.0	39.2
Query_55653	NM_015213.4	100.000	21	0	0	1	21	2736	2716	2.0	39.2
Query_55653	NR_145966.2	100.000	21	0	0	1	21	2712	2692	2.0	39.2
Query_55653	XR_003115626.1	100.000	21	0	0	1	21	2782	2762	2.0	39.2
Query_55653	XM_025356640.1	100.000	21	0	0	1	21	2760	2740	2.0	39.2
Query_55653	XM_025356639.1	100.000	21	0	0	1	21	2718	2698	2.0	39.2
Query_55653	XM_025356638.1	100.000	21	0	0	1	21	2713	2693	2.0	39.2
Query_55653	XM_025356637.1	100.000	21	0	0	1	21	2646	2626	2.0	39.2
Query_55653	XM_025356636.1	100.000	21	0	0	1	21	2718	2698	2.0	39.2
Query_55653	XM_025356635.1	100.000	21	0	0	1	21	2782	2762	2.0	39.2
Query_55653	XM_011753149.2	100.000	21	0	0	1	21	2806	2786	2.0	39.2
Query_55653	XR_991781.2	100.000	21	0	0	1	21	2747	2727	2.0	39.2
Query_55653	XM_011753148.2	100.000	21	0	0	1	21	2675	2655	2.0	39.2
Query_55653	XM_011753147.2	100.000	21	0	0	1	21	2806	2786	2.0	39.2
Query_55653	XM_003312912.4	100.000	21	0	0	1	21	2770	2750	2.0	39.2
Query_55653	XR_002938439.1	100.000	21	0	0	1	21	2770	2750	2.0	39.2
Query_55653	XM_016920357.2	100.000	21	0	0	1	21	2517	2497	2.0	39.2
Query_55653	XM_024346967.1	100.000	21	0	0	1	21	2770	2750	2.0	39.2
Query_55653	XM_024346966.1	100.000	21	0	0	1	21	2770	2750	2.0	39.2
Query_55653	XM_009459922.3	100.000	21	0	0	1	21	2698	2678	2.0	39.2
Query_55653	XM_016920354.2	100.000	21	0	0	1	21	2698	2678	2.0	39.2
Query_55653	XM_508914.6	100.000	21	0	0	1	21	2770	2750	2.0	39.2
Query_55653	XM_016920352.2	100.000	21	0	0	1	21	2770	2750	2.0	39.2
Query_55653	XM_024255110.1	100.000	21	0	0	1	21	2766	2746	2.0	39.2
Query_55653	XM_009246658.2	100.000	21	0	0	1	21	2389	2369	2.0	39.2
Query_55653	XM_024255109.1	100.000	21	0	0	1	21	2766	2746	2.0	39.2
Query_55653	XM_024255108.1	100.000	21	0	0	1	21	2766	2746	2.0	39.2
Query_55653	XR_002481774.1	100.000	21	0	0	1	21	2341	2321	2.0	39.2
Query_55653	XM_008054558.2	100.000	21	0	0	1	21	2341	2321	2.0	39.2
Query_55653	XM_008054557.2	100.000	21	0	0	1	21	2341	2321	2.0	39.2
Query_55653	XM_021675141.1	100.000	21	0	0	1	21	2729	2709	2.0	39.2
Query_55653	XM_021675140.1	100.000	21	0	0	1	21	2657	2637	2.0	39.2
Query_55653	XM_021675139.1	100.000	21	0	0	1	21	2528	2508	2.0	39.2
Query_55653	XM_021675138.1	100.000	21	0	0	1	21	2729	2709	2.0	39.2
Query_55653	XM_021263778.1	100.000	21	0	0	1	21	2477	2457	2.0	39.2
Query_55653	XM_021263777.1	100.000	21	0	0	1	21	2359	2339	2.0	39.2
Query_55653	XM_021263776.1	100.000	21	0	0	1	21	2703	2683	2.0	39.2
Query_55653	XM_021263775.1	100.000	21	0	0	1	21	2477	2457	2.0	39.2
Query_55653	XM_021263774.1	100.000	21	0	0	1	21	2405	2385	2.0	39.2
Query_55653	XM_004851774.2	100.000	21	0	0	1	21	2477	2457	2.0	39.2
Query_55653	NG_053019.1	100.000	21	0	0	1	21	117912	117892	2.0	39.2
Query_55653	LT734349.1	100.000	21	0	0	1	21	1697	1677	2.0	39.2
Query_55653	XM_017891440.1	100.000	21	0	0	1	21	2541	2521	2.0	39.2
Query_55653	XM_017891439.1	100.000	21	0	0	1	21	2367	2347	2.0	39.2
Query_55653	XR_001889067.1	100.000	21	0	0	1	21	2463	2443	2.0	39.2
Query_55653	XM_017891437.1	100.000	21	0	0	1	21	2541	2521	2.0	39.2
Query_55653	XM_017500308.1	100.000	21	0	0	1	21	2441	2421	2.0	39.2
Query_55653	XM_039470497.1	100.000	21	0	0	1	21	2802	2782	2.0	39.2
Query_55653	XM_039470496.1	100.000	21	0	0	1	21	2694	2674	2.0	39.2
Query_55653	XM_039470495.1	100.000	21	0	0	1	21	2802	2782	2.0	39.2
Query_55653	XM_037999737.1	100.000	21	0	0	1	21	2765	2745	2.0	39.2
Query_55653	XM_037999736.1	100.000	21	0	0	1	21	2693	2673	2.0	39.2
Query_55653	XM_008007293.2	100.000	21	0	0	1	21	2765	2745	2.0	39.2
Query_55653	XM_017500309.2	100.000	21	0	0	1	21	2472	2452	2.0	39.2


