# blastn
# Iteration: 0
# Query: 
# RID: 7R1HKA2U016
# Database: nt
# Fields: query acc.ver, subject acc.ver, % identity, alignment length, mismatches, gap opens, q. start, q. end, s. start, s. end, evalue, bit score
# 100 hits found
Query_45615	XM_008976634.2	100.000	21	0	0	1	21	451	431	2.1	39.2
Query_45615	XM_003823013.3	100.000	21	0	0	1	21	433	413	2.1	39.2
Query_45615	CP050606.1	100.000	21	0	0	1	21	729553	729533	2.1	39.2
Query_45615	CP050637.1	100.000	21	0	0	1	21	729132	729112	2.1	39.2
Query_45615	XM_033198362.1	100.000	21	0	0	1	21	404	384	2.1	39.2
Query_45615	XM_033198361.1	100.000	21	0	0	1	21	426	406	2.1	39.2
Query_45615	XM_033198360.1	100.000	21	0	0	1	21	426	406	2.1	39.2
Query_45615	XM_033198359.1	100.000	21	0	0	1	21	426	406	2.1	39.2
Query_45615	XM_033198358.1	100.000	21	0	0	1	21	320	300	2.1	39.2
Query_45615	XR_004434096.1	100.000	21	0	0	1	21	426	406	2.1	39.2
Query_45615	XM_033198357.1	100.000	21	0	0	1	21	674	654	2.1	39.2
Query_45615	XM_033198356.1	100.000	21	0	0	1	21	426	406	2.1	39.2
Query_45615	XM_032136927.1	100.000	21	0	0	1	21	409	389	2.1	39.2
Query_45615	XM_032136926.1	100.000	21	0	0	1	21	405	385	2.1	39.2
Query_45615	XM_023186845.3	100.000	21	0	0	1	21	788	768	2.1	39.2
Query_45615	XR_639001.4	100.000	21	0	0	1	21	449	429	2.1	39.2
Query_45615	XM_009189984.4	100.000	21	0	0	1	21	449	429	2.1	39.2
Query_45615	XM_019037287.2	100.000	21	0	0	1	21	409	389	2.1	39.2
Query_45615	XM_030930251.1	100.000	21	0	0	1	21	410	390	2.1	39.2
Query_45615	XM_010378845.2	100.000	21	0	0	1	21	433	413	2.1	39.2
Query_45615	XM_030930243.1	100.000	21	0	0	1	21	433	413	2.1	39.2
Query_45615	XM_030887829.1	100.000	21	0	0	1	21	180	160	2.1	39.2
Query_45615	XM_012502075.2	100.000	21	0	0	1	21	405	385	2.1	39.2
Query_45615	XM_015120156.2	100.000	21	0	0	1	21	404	384	2.1	39.2
Query_45615	XM_015120144.2	100.000	21	0	0	1	21	438	418	2.1	39.2
Query_45615	XM_015120123.2	100.000	21	0	0	1	21	438	418	2.1	39.2
Query_45615	XM_026456675.1	100.000	21	0	0	1	21	425	405	2.1	39.2
Query_45615	XM_023186848.2	100.000	21	0	0	1	21	425	405	2.1	39.2
Query_45615	XM_023186846.2	100.000	21	0	0	1	21	425	405	2.1	39.2
Query_45615	XM_023186844.2	100.000	21	0	0	1	21	425	405	2.1	39.2
Query_45615	XM_026017999.1	100.000	21	0	0	1	21	352	332	2.1	39.2
Query_45615	XM_025391108.1	100.000	21	0	0	1	21	409	389	2.1	39.2
Query_45615	XM_025391104.1	100.000	21	0	0	1	21	405	385	2.1	39.2
Query_45615	NM_014176.4	100.000	21	0	0	1	21	376	356	2.1	39.2
Query_45615	XM_011746666.2	100.000	21	0	0	1	21	404	384	2.1	39.2
Query_45615	XM_011746665.2	100.000	21	0	0	1	21	775	755	2.1	39.2
Query_45615	XM_011746664.2	100.000	21	0	0	1	21	647	627	2.1	39.2
Query_45615	XM_011746662.2	100.000	21	0	0	1	21	429	409	2.1	39.2
Query_45615	XM_009440790.2	100.000	21	0	0	1	21	425	405	2.1	39.2
Query_45615	XM_024350983.1	100.000	21	0	0	1	21	745	725	2.1	39.2
Query_45615	XM_514102.6	100.000	21	0	0	1	21	436	416	2.1	39.2
Query_45615	XM_024239242.1	100.000	21	0	0	1	21	774	754	2.1	39.2
Query_45615	XM_002809603.4	100.000	21	0	0	1	21	421	401	2.1	39.2
Query_45615	XM_004375283.2	100.000	21	0	0	1	21	373	353	2.1	39.2
Query_45615	XM_023186847.1	100.000	21	0	0	1	21	425	405	2.1	39.2
Query_45615	XM_003893291.3	100.000	21	0	0	1	21	449	429	2.1	39.2
Query_45615	XM_021298320.1	100.000	21	0	0	1	21	421	401	2.1	39.2
Query_45615	XM_005510338.2	100.000	21	0	0	1	21	438	418	2.1	39.2
Query_45615	LT735351.1	100.000	21	0	0	1	21	757	737	2.1	39.2
Query_45615	XM_004028164.2	100.000	21	0	0	1	21	405	385	2.1	39.2
Query_45615	XM_009189991.2	100.000	21	0	0	1	21	404	384	2.1	39.2
Query_45615	XM_017896496.1	100.000	21	0	0	1	21	405	385	2.1	39.2
Query_45615	XM_017896495.1	100.000	21	0	0	1	21	447	427	2.1	39.2
Query_45615	XM_017896494.1	100.000	21	0	0	1	21	447	427	2.1	39.2
Query_45615	XM_017896493.1	100.000	21	0	0	1	21	447	427	2.1	39.2
Query_45615	XM_017896491.1	100.000	21	0	0	1	21	278	258	2.1	39.2
Query_45615	XR_001890023.1	100.000	21	0	0	1	21	447	427	2.1	39.2
Query_45615	XM_017896490.1	100.000	21	0	0	1	21	568	548	2.1	39.2
Query_45615	XM_017896489.1	100.000	21	0	0	1	21	447	427	2.1	39.2
Query_45615	XM_015448187.1	100.000	21	0	0	1	21	404	384	2.1	39.2
Query_45615	XM_015448182.1	100.000	21	0	0	1	21	441	421	2.1	39.2
Query_45615	XM_015448175.1	100.000	21	0	0	1	21	441	421	2.1	39.2
Query_45615	XM_005540454.2	100.000	21	0	0	1	21	441	421	2.1	39.2
Query_45615	XM_005540453.2	100.000	21	0	0	1	21	375	355	2.1	39.2
Query_45615	XM_005540452.2	100.000	21	0	0	1	21	771	751	2.1	39.2
Query_45615	XM_005540451.2	100.000	21	0	0	1	21	637	617	2.1	39.2
Query_45615	XM_005540450.2	100.000	21	0	0	1	21	441	421	2.1	39.2
Query_45615	NG_042230.1	100.000	21	0	0	1	21	13502	13482	2.1	39.2
Query_45615	XM_011931764.1	100.000	21	0	0	1	21	405	385	2.1	39.2
Query_45615	XM_011746661.1	100.000	21	0	0	1	21	429	409	2.1	39.2
Query_45615	XM_012037510.1	100.000	21	0	0	1	21	363	343	2.1	39.2
Query_45615	XM_012037503.1	100.000	21	0	0	1	21	347	327	2.1	39.2
Query_45615	XM_012037497.1	100.000	21	0	0	1	21	531	511	2.1	39.2
Query_45615	XM_012037489.1	100.000	21	0	0	1	21	800	780	2.1	39.2
Query_45615	XM_012037480.1	100.000	21	0	0	1	21	413	393	2.1	39.2
Query_45615	XM_012037472.1	100.000	21	0	0	1	21	413	393	2.1	39.2
Query_45615	XM_011990525.1	100.000	21	0	0	1	21	368	348	2.1	39.2
Query_45615	XM_011990523.1	100.000	21	0	0	1	21	405	385	2.1	39.2
Query_45615	KJ893680.1	100.000	21	0	0	1	21	335	315	2.1	39.2
Query_45615	XM_004699807.1	100.000	21	0	0	1	21	290	270	2.1	39.2
Query_45615	HG994388.1	100.000	21	0	0	1	21	80037127	80037147	2.1	39.2
Query_45615	XM_038670715.1	100.000	21	0	0	1	21	419	399	2.1	39.2
Query_45615	XM_038670714.1	100.000	21	0	0	1	21	402	382	2.1	39.2
Query_45615	XM_038670713.1	100.000	21	0	0	1	21	441	421	2.1	39.2
Query_45615	XM_038670712.1	100.000	21	0	0	1	21	476	456	2.1	39.2
Query_45615	XM_038560603.1	100.000	21	0	0	1	21	419	399	2.1	39.2
Query_45615	XM_843751.5	100.000	21	0	0	1	21	402	382	2.1	39.2
Query_45615	XM_038560600.1	100.000	21	0	0	1	21	441	421	2.1	39.2
Query_45615	XM_005622184.2	100.000	21	0	0	1	21	476	456	2.1	39.2
Query_45615	XM_007988939.2	100.000	21	0	0	1	21	375	355	2.1	39.2
Query_45615	XM_037985742.1	100.000	21	0	0	1	21	725	705	2.1	39.2
Query_45615	XM_007988937.2	100.000	21	0	0	1	21	441	421	2.1	39.2
Query_45615	XM_007988936.2	100.000	21	0	0	1	21	440	420	2.1	39.2
Query_45615	NM_001310326.2	100.000	21	0	0	1	21	380	360	2.1	39.2
Query_45615	XM_025458529.2	100.000	21	0	0	1	21	391	371	2.1	39.2
Query_45615	XM_025458527.2	100.000	21	0	0	1	21	402	382	2.1	39.2
Query_45615	XM_025458526.2	100.000	21	0	0	1	21	441	421	2.1	39.2
Query_45615	XM_025458525.2	100.000	21	0	0	1	21	476	456	2.1	39.2
Query_45615	CU678593.1	100.000	21	0	0	1	21	343	363	2.1	39.2
Query_45615	CU678592.1	100.000	21	0	0	1	21	286	266	2.1	39.2


