# blastn
# Iteration: 0
# Query: 
# RID: 7JKE9X7B01R
# Database: nt
# Fields: query acc.ver, subject acc.ver, % identity, alignment length, mismatches, gap opens, q. start, q. end, s. start, s. end, evalue, bit score
# 100 hits found
Query_507361	XM_034995424.1	100.000	21	0	0	1	21	439	419	2.1	39.2
Query_507361	XM_034932123.1	100.000	21	0	0	1	21	331	311	2.1	39.2
Query_507361	XM_034932122.1	100.000	21	0	0	1	21	644	624	2.1	39.2
Query_507361	XR_004664993.1	100.000	21	0	0	1	21	620	600	2.1	39.2
Query_507361	XM_034932121.1	100.000	21	0	0	1	21	686	666	2.1	39.2
Query_507361	XM_034932120.1	100.000	21	0	0	1	21	296	276	2.1	39.2
Query_507361	XM_034932119.1	100.000	21	0	0	1	21	572	552	2.1	39.2
Query_507361	XM_034932117.1	100.000	21	0	0	1	21	382	362	2.1	39.2
Query_507361	XM_034932116.1	100.000	21	0	0	1	21	644	624	2.1	39.2
Query_507361	XM_034932115.1	100.000	21	0	0	1	21	644	624	2.1	39.2
Query_507361	XM_027942433.2	100.000	21	0	0	1	21	653	633	2.1	39.2
Query_507361	XM_034495208.1	100.000	21	0	0	1	21	582	562	2.1	39.2
Query_507361	XM_034495199.1	100.000	21	0	0	1	21	617	597	2.1	39.2
Query_507361	XM_033862515.1	100.000	21	0	0	1	21	609	589	2.1	39.2
Query_507361	XM_033862513.1	100.000	21	0	0	1	21	608	588	2.1	39.2
Query_507361	XM_033862512.1	100.000	21	0	0	1	21	645	625	2.1	39.2
Query_507361	XM_033404430.1	100.000	21	0	0	1	21	652	632	2.1	39.2
Query_507361	XM_033207624.1	100.000	21	0	0	1	21	629	609	2.1	39.2
Query_507361	XM_033207623.1	100.000	21	0	0	1	21	696	676	2.1	39.2
Query_507361	XR_004436191.1	100.000	21	0	0	1	21	699	679	2.1	39.2
Query_507361	XR_004436190.1	100.000	21	0	0	1	21	634	614	2.1	39.2
Query_507361	XM_033207622.1	100.000	21	0	0	1	21	695	675	2.1	39.2
Query_507361	XM_033120108.1	100.000	21	0	0	1	21	566	546	2.1	39.2
Query_507361	XM_033120107.1	100.000	21	0	0	1	21	638	618	2.1	39.2
Query_507361	XM_032892923.1	100.000	21	0	0	1	21	369	349	2.1	39.2
Query_507361	XM_032853438.1	100.000	21	0	0	1	21	397	377	2.1	39.2
Query_507361	XR_004382158.1	100.000	21	0	0	1	21	399	379	2.1	39.2
Query_507361	XM_032853437.1	100.000	21	0	0	1	21	398	378	2.1	39.2
Query_507361	XM_032853436.1	100.000	21	0	0	1	21	398	378	2.1	39.2
Query_507361	XM_032853435.1	100.000	21	0	0	1	21	324	304	2.1	39.2
Query_507361	XM_032853434.1	100.000	21	0	0	1	21	396	376	2.1	39.2
Query_507361	XM_032166649.2	100.000	21	0	0	1	21	313	293	2.1	39.2
Query_507361	XM_040456926.1	100.000	21	0	0	1	21	372	352	2.1	39.2
Query_507361	XM_040456925.1	100.000	21	0	0	1	21	407	387	2.1	39.2
Query_507361	XM_040456924.1	100.000	21	0	0	1	21	372	352	2.1	39.2
Query_507361	XM_040456923.1	100.000	21	0	0	1	21	410	390	2.1	39.2
Query_507361	XM_040456922.1	100.000	21	0	0	1	21	410	390	2.1	39.2
Query_507361	XM_040284772.1	100.000	21	0	0	1	21	291	271	2.1	39.2
Query_507361	XM_039470498.1	100.000	21	0	0	1	21	389	369	2.1	39.2
Query_507361	XM_039470497.1	100.000	21	0	0	1	21	716	696	2.1	39.2
Query_507361	XM_039470496.1	100.000	21	0	0	1	21	608	588	2.1	39.2
Query_507361	XM_039470495.1	100.000	21	0	0	1	21	716	696	2.1	39.2
Query_507361	XM_039244588.1	100.000	21	0	0	1	21	403	383	2.1	39.2
Query_507361	XM_039078190.1	100.000	21	0	0	1	21	658	638	2.1	39.2
Query_507361	XM_017589204.2	100.000	21	0	0	1	21	583	563	2.1	39.2
Query_507361	XM_038341029.1	100.000	21	0	0	1	21	402	382	2.1	39.2
Query_507361	XM_038341024.1	100.000	21	0	0	1	21	402	382	2.1	39.2
Query_507361	XM_037999738.1	100.000	21	0	0	1	21	399	379	2.1	39.2
Query_507361	XM_037999737.1	100.000	21	0	0	1	21	679	659	2.1	39.2
Query_507361	XM_037999736.1	100.000	21	0	0	1	21	607	587	2.1	39.2
Query_507361	XM_008007293.2	100.000	21	0	0	1	21	679	659	2.1	39.2
Query_507361	XM_037522637.1	100.000	21	0	0	1	21	643	623	2.1	39.2
Query_507361	XM_037133802.1	100.000	21	0	0	1	21	706	686	2.1	39.2
Query_507361	XM_037050107.1	100.000	21	0	0	1	21	629	609	2.1	39.2
Query_507361	XM_037050106.1	100.000	21	0	0	1	21	701	681	2.1	39.2
Query_507361	XM_036860165.1	100.000	21	0	0	1	21	349	329	2.1	39.2
Query_507361	XM_036860164.1	100.000	21	0	0	1	21	421	401	2.1	39.2
Query_507361	XM_036428615.1	100.000	21	0	0	1	21	663	643	2.1	39.2
Query_507361	XM_036428614.1	100.000	21	0	0	1	21	652	632	2.1	39.2
Query_507361	XR_004986364.1	100.000	21	0	0	1	21	649	629	2.1	39.2
Query_507361	XM_036428612.1	100.000	21	0	0	1	21	661	641	2.1	39.2
Query_507361	XM_036428611.1	100.000	21	0	0	1	21	640	620	2.1	39.2
Query_507361	XM_036428610.1	100.000	21	0	0	1	21	649	629	2.1	39.2
Query_507361	XM_036428609.1	100.000	21	0	0	1	21	644	624	2.1	39.2
Query_507361	XM_036428608.1	100.000	21	0	0	1	21	643	623	2.1	39.2
Query_507361	XM_036428607.1	100.000	21	0	0	1	21	591	571	2.1	39.2
Query_507361	XM_036428606.1	100.000	21	0	0	1	21	654	634	2.1	39.2
Query_507361	XM_036428605.1	100.000	21	0	0	1	21	663	643	2.1	39.2
Query_507361	XM_036325330.1	100.000	21	0	0	1	21	634	614	2.1	39.2
Query_507361	XM_036325329.1	100.000	21	0	0	1	21	638	618	2.1	39.2
Query_507361	XM_036325328.1	100.000	21	0	0	1	21	638	618	2.1	39.2
Query_507361	XM_036325327.1	100.000	21	0	0	1	21	636	616	2.1	39.2
Query_507361	XM_036325326.1	100.000	21	0	0	1	21	637	617	2.1	39.2
Query_507361	XM_036325325.1	100.000	21	0	0	1	21	636	616	2.1	39.2
Query_507361	XM_036325324.1	100.000	21	0	0	1	21	636	616	2.1	39.2
Query_507361	XM_036325323.1	100.000	21	0	0	1	21	339	319	2.1	39.2
Query_507361	XM_036325322.1	100.000	21	0	0	1	21	636	616	2.1	39.2
Query_507361	XM_036325321.1	100.000	21	0	0	1	21	635	615	2.1	39.2
Query_507361	XM_036325320.1	100.000	21	0	0	1	21	637	617	2.1	39.2
Query_507361	XM_036325319.1	100.000	21	0	0	1	21	635	615	2.1	39.2
Query_507361	XM_036258063.1	100.000	21	0	0	1	21	647	627	2.1	39.2
Query_507361	XM_036258062.1	100.000	21	0	0	1	21	351	331	2.1	39.2
Query_507361	XM_036258061.1	100.000	21	0	0	1	21	647	627	2.1	39.2
Query_507361	XM_036068907.1	100.000	21	0	0	1	21	350	330	2.1	39.2
Query_507361	XM_036068899.1	100.000	21	0	0	1	21	423	403	2.1	39.2
Query_507361	XM_028514394.2	100.000	21	0	0	1	21	690	670	2.1	39.2
Query_507361	XM_036028997.1	100.000	21	0	0	1	21	692	672	2.1	39.2
Query_507361	XM_028514393.2	100.000	21	0	0	1	21	617	597	2.1	39.2
Query_507361	XM_028514392.2	100.000	21	0	0	1	21	689	669	2.1	39.2
Query_507361	LR877218.1	100.000	21	0	0	1	21	59430236	59430256	2.1	39.2
Query_507361	XM_027578364.2	100.000	21	0	0	1	21	510	490	2.1	39.2
Query_507361	XM_027578363.2	100.000	21	0	0	1	21	510	490	2.1	39.2
Query_507361	XM_027578362.2	100.000	21	0	0	1	21	510	490	2.1	39.2
Query_507361	LR862365.1	100.000	21	0	0	1	21	31651972	31651952	2.1	39.2
Query_507361	XM_035437289.1	100.000	21	0	0	1	21	416	396	2.1	39.2
Query_507361	XR_004767501.1	100.000	21	0	0	1	21	416	396	2.1	39.2
Query_507361	XM_003513382.4	100.000	21	0	0	1	21	416	396	2.1	39.2
Query_507361	XM_017977897.2	100.000	21	0	0	1	21	679	659	2.1	39.2
Query_507361	XM_017977895.2	100.000	21	0	0	1	21	607	587	2.1	39.2
Query_507361	XM_002755025.4	100.000	21	0	0	1	21	679	659	2.1	39.2


