# blastn
# Iteration: 0
# Query: 
# RID: 63GWG4H5016
# Database: nt
# Fields: query acc.ver, subject acc.ver, % identity, alignment length, mismatches, gap opens, q. start, q. end, s. start, s. end, evalue, bit score
# 20 hits found
Query_32215	NM_016021.3	100.000	21	0	0	1	21	1094	1074	2.1	39.2
Query_32215	XM_011535888.3	100.000	21	0	0	1	21	1557	1537	2.1	39.2
Query_32215	XM_011535887.2	100.000	21	0	0	1	21	1407	1387	2.1	39.2
Query_32215	LT738201.1	100.000	21	0	0	1	21	1428	1408	2.1	39.2
Query_32215	KJ898902.1	100.000	21	0	0	1	21	1006	986	2.1	39.2
Query_32215	AB464335.1	100.000	21	0	0	1	21	950	930	2.1	39.2
Query_32215	AK300629.1	100.000	21	0	0	1	21	1017	997	2.1	39.2
Query_32215	AK290574.1	100.000	21	0	0	1	21	1114	1094	2.1	39.2
Query_32215	EU176317.1	100.000	21	0	0	1	21	963	943	2.1	39.2
Query_32215	DQ895144.2	100.000	21	0	0	1	21	963	943	2.1	39.2
Query_32215	AK223464.1	100.000	21	0	0	1	21	1011	991	2.1	39.2
Query_32215	AL139804.14	100.000	21	0	0	1	21	236	256	2.1	39.2
Query_32215	U93243.1	100.000	21	0	0	1	21	968	948	2.1	39.2
Query_32215	AJ245898.1	100.000	21	0	0	1	21	1003	983	2.1	39.2
Query_32215	AF151039.1	100.000	21	0	0	1	21	666	646	2.1	39.2
Query_32215	AF161502.1	100.000	21	0	0	1	21	967	947	2.1	39.2
Query_32215	AF151834.1	100.000	21	0	0	1	21	1079	1059	2.1	39.2
Query_32215	AJ420578.1	100.000	21	0	0	1	21	921	901	2.1	39.2
Query_32215	BC013973.1	100.000	21	0	0	1	21	1234	1214	2.1	39.2
Query_32215	LR633956.1	100.000	20	0	0	2	21	21629342	21629323	7.2	37.4


