# blastn
# Iteration: 0
# Query: 
# RID: 7RK3D10001R
# Database: nt
# Fields: query acc.ver, subject acc.ver, % identity, alignment length, mismatches, gap opens, q. start, q. end, s. start, s. end, evalue, bit score
# 100 hits found
Query_244983	XM_034950155.1	100.000	21	0	0	1	21	554	534	2.1	39.2
Query_244983	XM_003823547.3	100.000	21	0	0	1	21	742	722	2.1	39.2
Query_244983	XM_003823548.3	100.000	21	0	0	1	21	880	860	2.1	39.2
Query_244983	XM_034954600.1	100.000	21	0	0	1	21	896	876	2.1	39.2
Query_244983	XM_010636794.3	100.000	21	0	0	1	21	831	811	2.1	39.2
Query_244983	XM_033757899.1	100.000	21	0	0	1	21	555	535	2.1	39.2
Query_244983	XM_033230979.1	100.000	21	0	0	1	21	899	879	2.1	39.2
Query_244983	XM_033230978.1	100.000	21	0	0	1	21	693	673	2.1	39.2
Query_244983	XM_033230977.1	100.000	21	0	0	1	21	775	755	2.1	39.2
Query_244983	XM_033230976.1	100.000	21	0	0	1	21	944	924	2.1	39.2
Query_244983	XM_032292780.1	100.000	21	0	0	1	21	547	527	2.1	39.2
Query_244983	XM_032292779.1	100.000	21	0	0	1	21	547	527	2.1	39.2
Query_244983	XM_032292777.1	100.000	21	0	0	1	21	881	861	2.1	39.2
Query_244983	XM_032292776.1	100.000	21	0	0	1	21	882	862	2.1	39.2
Query_244983	XR_004272493.1	100.000	21	0	0	1	21	569	549	2.1	39.2
Query_244983	XM_031960378.1	100.000	21	0	0	1	21	602	582	2.1	39.2
Query_244983	XM_031960377.1	100.000	21	0	0	1	21	605	585	2.1	39.2
Query_244983	XM_031960376.1	100.000	21	0	0	1	21	610	590	2.1	39.2
Query_244983	XM_031960375.1	100.000	21	0	0	1	21	887	867	2.1	39.2
Query_244983	XM_031960374.1	100.000	21	0	0	1	21	940	920	2.1	39.2
Query_244983	XM_023212355.2	100.000	21	0	0	1	21	1151	1131	2.1	39.2
Query_244983	LR738626.1	100.000	21	0	0	1	21	24581537	24581517	2.1	39.2
Query_244983	XM_003907679.3	100.000	21	0	0	1	21	880	860	2.1	39.2
Query_244983	XM_009182552.3	100.000	21	0	0	1	21	886	866	2.1	39.2
Query_244983	XR_002004173.2	100.000	21	0	0	1	21	620	600	2.1	39.2
Query_244983	XM_010368677.2	100.000	21	0	0	1	21	881	861	2.1	39.2
Query_244983	XM_030916695.1	100.000	21	0	0	1	21	1057	1037	2.1	39.2
Query_244983	XM_003253799.3	100.000	21	0	0	1	21	902	882	2.1	39.2
Query_244983	XM_030802719.1	100.000	21	0	0	1	21	775	755	2.1	39.2
Query_244983	XM_030802718.1	100.000	21	0	0	1	21	965	945	2.1	39.2
Query_244983	XM_015110367.2	100.000	21	0	0	1	21	602	582	2.1	39.2
Query_244983	XM_015110366.2	100.000	21	0	0	1	21	881	861	2.1	39.2
Query_244983	NM_006357.4	100.000	21	0	0	1	21	900	880	2.1	39.2
Query_244983	XM_023212356.2	100.000	21	0	0	1	21	799	779	2.1	39.2
Query_244983	XM_027865661.1	100.000	21	0	0	1	21	609	589	2.1	39.2
Query_244983	XM_027865660.1	100.000	21	0	0	1	21	597	577	2.1	39.2
Query_244983	XM_027865659.1	100.000	21	0	0	1	21	616	596	2.1	39.2
Query_244983	XM_027865658.1	100.000	21	0	0	1	21	759	739	2.1	39.2
Query_244983	XM_006151632.3	100.000	21	0	0	1	21	661	641	2.1	39.2
Query_244983	XM_025404907.1	100.000	21	0	0	1	21	696	676	2.1	39.2
Query_244983	XM_025404906.1	100.000	21	0	0	1	21	883	863	2.1	39.2
Query_244983	XM_025404905.1	100.000	21	0	0	1	21	728	708	2.1	39.2
Query_244983	XM_025404904.1	100.000	21	0	0	1	21	791	771	2.1	39.2
Query_244983	XR_676614.3	100.000	21	0	0	1	21	707	687	2.1	39.2
Query_244983	XM_016950121.2	100.000	21	0	0	1	21	922	902	2.1	39.2
Query_244983	XR_653383.2	100.000	21	0	0	1	21	606	586	2.1	39.2
Query_244983	XM_024243530.1	100.000	21	0	0	1	21	581	561	2.1	39.2
Query_244983	XM_002812643.4	100.000	21	0	0	1	21	880	860	2.1	39.2
Query_244983	XM_002812644.4	100.000	21	0	0	1	21	881	861	2.1	39.2
Query_244983	XM_024243529.1	100.000	21	0	0	1	21	959	939	2.1	39.2
Query_244983	XR_002823958.1	100.000	21	0	0	1	21	698	678	2.1	39.2
Query_244983	XR_002823957.1	100.000	21	0	0	1	21	698	678	2.1	39.2
Query_244983	XR_002823956.1	100.000	21	0	0	1	21	698	678	2.1	39.2
Query_244983	XM_023730514.1	100.000	21	0	0	1	21	551	531	2.1	39.2
Query_244983	XM_023730513.1	100.000	21	0	0	1	21	698	678	2.1	39.2
Query_244983	XM_004628645.2	100.000	21	0	0	1	21	660	640	2.1	39.2
Query_244983	XM_023712407.1	100.000	21	0	0	1	21	720	700	2.1	39.2
Query_244983	XM_023561127.1	100.000	21	0	0	1	21	663	643	2.1	39.2
Query_244983	XM_023561126.1	100.000	21	0	0	1	21	749	729	2.1	39.2
Query_244983	XM_023561125.1	100.000	21	0	0	1	21	726	706	2.1	39.2
Query_244983	XM_023542796.1	100.000	21	0	0	1	21	2410	2390	2.1	39.2
Query_244983	XM_023542795.1	100.000	21	0	0	1	21	2957	2937	2.1	39.2
Query_244983	XM_010602793.2	100.000	21	0	0	1	21	669	649	2.1	39.2
Query_244983	XM_012471453.2	100.000	21	0	0	1	21	883	863	2.1	39.2
Query_244983	XM_012471452.2	100.000	21	0	0	1	21	773	753	2.1	39.2
Query_244983	XM_021668948.1	100.000	21	0	0	1	21	921	901	2.1	39.2
Query_244983	XM_021247135.1	100.000	21	0	0	1	21	855	835	2.1	39.2
Query_244983	XM_021006405.1	100.000	21	0	0	1	21	685	665	2.1	39.2
Query_244983	XM_012785820.2	100.000	21	0	0	1	21	687	667	2.1	39.2
Query_244983	XM_012785817.2	100.000	21	0	0	1	21	878	858	2.1	39.2
Query_244983	XM_012785818.2	100.000	21	0	0	1	21	881	861	2.1	39.2
Query_244983	LT735466.1	100.000	21	0	0	1	21	993	973	2.1	39.2
Query_244983	XM_020183242.1	100.000	21	0	0	1	21	894	874	2.1	39.2
Query_244983	XM_020183241.1	100.000	21	0	0	1	21	592	572	2.1	39.2
Query_244983	XM_010351541.2	100.000	21	0	0	1	21	882	862	2.1	39.2
Query_244983	XM_039469988.1	100.000	21	0	0	1	21	962	942	2.1	39.2
Query_244983	OD577245.1	100.000	21	0	0	1	21	1042	1062	2.1	39.2
Query_244983	OE031719.1	100.000	21	0	0	1	21	1296	1316	2.1	39.2
Query_244983	XM_007965532.2	100.000	21	0	0	1	21	946	926	2.1	39.2
Query_244983	XM_007965531.2	100.000	21	0	0	1	21	876	856	2.1	39.2
Query_244983	XM_007965530.2	100.000	21	0	0	1	21	899	879	2.1	39.2
Query_244983	XM_037849091.1	100.000	21	0	0	1	21	712	692	2.1	39.2
Query_244983	XM_037849090.1	100.000	21	0	0	1	21	674	654	2.1	39.2
Query_244983	XM_037849089.1	100.000	21	0	0	1	21	912	892	2.1	39.2
Query_244983	XM_037844356.1	100.000	21	0	0	1	21	506	486	2.1	39.2
Query_244983	XM_037839205.1	100.000	21	0	0	1	21	536	516	2.1	39.2
Query_244983	XM_037735836.1	100.000	21	0	0	1	21	521	501	2.1	39.2
Query_244983	XM_017532745.2	100.000	21	0	0	1	21	952	932	2.1	39.2
Query_244983	XM_017532744.2	100.000	21	0	0	1	21	882	862	2.1	39.2
Query_244983	XM_017532743.2	100.000	21	0	0	1	21	961	941	2.1	39.2
Query_244983	XM_036745446.1	100.000	21	0	0	1	21	779	759	2.1	39.2
Query_244983	XM_036745445.1	100.000	21	0	0	1	21	586	566	2.1	39.2
Query_244983	XM_036745444.1	100.000	21	0	0	1	21	831	811	2.1	39.2
Query_244983	XM_036745443.1	100.000	21	0	0	1	21	981	961	2.1	39.2
Query_244983	XM_036497857.1	100.000	21	0	0	1	21	452	432	2.1	39.2
Query_244983	NM_182678.3	100.000	21	0	0	1	21	750	730	2.1	39.2
Query_244983	NM_001278554.2	100.000	21	0	0	1	21	951	931	2.1	39.2
Query_244983	NM_001278555.2	100.000	21	0	0	1	21	718	698	2.1	39.2
Query_244983	XM_003733157.3	100.000	21	0	0	1	21	877	857	2.1	39.2
Query_244983	XM_035304362.1	100.000	21	0	0	1	21	1019	999	2.1	39.2


