# blastn
# Iteration: 0
# Query: 
# RID: 6ZVZZ5WY016
# Database: nt
# Fields: query acc.ver, subject acc.ver, % identity, alignment length, mismatches, gap opens, q. start, q. end, s. start, s. end, evalue, bit score
# 20 hits found
Query_10399	XM_032915907.1	100.000	21	0	0	1	21	152	132	2.1	39.2
Query_10399	FQ214550.1	100.000	21	0	0	1	21	108	88	2.1	39.2
Query_10399	FQ216757.1	100.000	21	0	0	1	21	108	88	2.1	39.2
Query_10399	FQ213111.1	100.000	21	0	0	1	21	109	89	2.1	39.2
Query_10399	FQ225334.1	100.000	21	0	0	1	21	109	89	2.1	39.2
Query_10399	FQ228750.1	100.000	21	0	0	1	21	108	88	2.1	39.2
Query_10399	AF526268.1	100.000	21	0	0	1	21	110	90	2.1	39.2
Query_10399	AY325216.1	100.000	21	0	0	1	21	3938	3918	2.1	39.2
Query_10399	NM_001009264.1	100.000	21	0	0	1	21	88	68	2.1	39.2
Query_10399	XM_034509418.1	100.000	20	0	0	1	20	149	130	7.2	37.4
Query_10399	XM_021210658.2	100.000	20	0	0	1	20	123	104	7.2	37.4
Query_10399	XM_021163845.2	100.000	20	0	0	1	20	122	103	7.2	37.4
Query_10399	XM_028758232.1	100.000	20	0	0	1	20	121	102	7.2	37.4
Query_10399	JN960283.1	100.000	20	0	0	1	20	856	875	7.2	37.4
Query_10399	LR877233.1	100.000	20	0	0	1	20	28303255	28303274	7.2	37.4
Query_10399	JN956630.1	100.000	20	0	0	1	20	856	875	7.2	37.4
Query_10399	NG_006685.3	100.000	20	0	0	1	20	181	162	7.2	37.4
Query_10399	AC112683.10	100.000	20	0	0	1	20	193671	193652	7.2	37.4
Query_10399	AC139214.12	100.000	20	0	0	1	20	703	684	7.2	37.4
Query_10399	AC154476.2	100.000	20	0	0	1	20	79097	79116	7.2	37.4


