# blastn
# Iteration: 0
# Query: 
# RID: 7JGN5XF4016
# Database: nt
# Fields: query acc.ver, subject acc.ver, % identity, alignment length, mismatches, gap opens, q. start, q. end, s. start, s. end, evalue, bit score
# 100 hits found
Query_22629	XM_034962171.1	100.000	21	0	0	1	21	459	439	2.1	39.2
Query_22629	XM_008958732.2	100.000	21	0	0	1	21	661	641	2.1	39.2
Query_22629	XM_003833230.2	100.000	21	0	0	1	21	632	612	2.1	39.2
Query_22629	XM_033217305.1	100.000	21	0	0	1	21	823	803	2.1	39.2
Query_22629	XM_033217304.1	100.000	21	0	0	1	21	720	700	2.1	39.2
Query_22629	XM_033217303.1	100.000	21	0	0	1	21	595	575	2.1	39.2
Query_22629	XM_033217302.1	100.000	21	0	0	1	21	759	739	2.1	39.2
Query_22629	XM_033217301.1	100.000	21	0	0	1	21	634	614	2.1	39.2
Query_22629	XM_032141775.1	100.000	21	0	0	1	21	572	552	2.1	39.2
Query_22629	XM_032141774.1	100.000	21	0	0	1	21	699	679	2.1	39.2
Query_22629	XM_032141773.1	100.000	21	0	0	1	21	617	597	2.1	39.2
Query_22629	XM_023212910.2	100.000	21	0	0	1	21	819	799	2.1	39.2
Query_22629	XR_001901787.3	100.000	21	0	0	1	21	185	205	2.1	39.2
Query_22629	XM_009205268.3	100.000	21	0	0	1	21	720	700	2.1	39.2
Query_22629	XM_009205267.4	100.000	21	0	0	1	21	564	544	2.1	39.2
Query_22629	XM_017957888.2	100.000	21	0	0	1	21	759	739	2.1	39.2
Query_22629	XM_009205270.2	100.000	21	0	0	1	21	674	654	2.1	39.2
Query_22629	XM_003897656.2	100.000	21	0	0	1	21	617	597	2.1	39.2
Query_22629	XM_019029654.2	100.000	21	0	0	1	21	721	701	2.1	39.2
Query_22629	XM_031012164.1	100.000	21	0	0	1	21	551	531	2.1	39.2
Query_22629	XM_031012163.1	100.000	21	0	0	1	21	694	674	2.1	39.2
Query_22629	XM_019029653.2	100.000	21	0	0	1	21	760	740	2.1	39.2
Query_22629	XM_031012162.1	100.000	21	0	0	1	21	617	597	2.1	39.2
Query_22629	XM_030928592.1	100.000	21	0	0	1	21	695	675	2.1	39.2
Query_22629	XM_010369756.2	100.000	21	0	0	1	21	718	698	2.1	39.2
Query_22629	XM_010369755.2	100.000	21	0	0	1	21	577	557	2.1	39.2
Query_22629	XM_010369754.2	100.000	21	0	0	1	21	757	737	2.1	39.2
Query_22629	XM_010369752.2	100.000	21	0	0	1	21	616	596	2.1	39.2
Query_22629	XM_030795985.1	100.000	21	0	0	1	21	572	552	2.1	39.2
Query_22629	XM_030795984.1	100.000	21	0	0	1	21	663	643	2.1	39.2
Query_22629	XM_030795983.1	100.000	21	0	0	1	21	699	679	2.1	39.2
Query_22629	XM_030795982.1	100.000	21	0	0	1	21	617	597	2.1	39.2
Query_22629	XM_028847511.1	100.000	21	0	0	1	21	509	489	2.1	39.2
Query_22629	XM_028847510.1	100.000	21	0	0	1	21	688	668	2.1	39.2
Query_22629	XM_028847509.1	100.000	21	0	0	1	21	652	632	2.1	39.2
Query_22629	XM_015136438.2	100.000	21	0	0	1	21	624	604	2.1	39.2
Query_22629	XM_015136440.2	100.000	21	0	0	1	21	728	708	2.1	39.2
Query_22629	NM_018426.3	100.000	21	0	0	1	21	623	603	2.1	39.2
Query_22629	XM_025383334.1	100.000	21	0	0	1	21	670	650	2.1	39.2
Query_22629	XM_025383333.1	100.000	21	0	0	1	21	657	637	2.1	39.2
Query_22629	XM_025383332.1	100.000	21	0	0	1	21	617	597	2.1	39.2
Query_22629	XM_011754408.2	100.000	21	0	0	1	21	695	675	2.1	39.2
Query_22629	XM_011754410.2	100.000	21	0	0	1	21	553	533	2.1	39.2
Query_22629	XM_011754409.2	100.000	21	0	0	1	21	546	526	2.1	39.2
Query_22629	XM_024795278.1	100.000	21	0	0	1	21	652	632	2.1	39.2
Query_22629	XM_011754407.2	100.000	21	0	0	1	21	618	598	2.1	39.2
Query_22629	XR_001743506.2	100.000	21	0	0	1	21	1003	983	2.1	39.2
Query_22629	XM_024446482.1	100.000	21	0	0	1	21	891	871	2.1	39.2
Query_22629	XM_009451354.3	100.000	21	0	0	1	21	695	675	2.1	39.2
Query_22629	XM_016955600.2	100.000	21	0	0	1	21	664	644	2.1	39.2
Query_22629	XM_016955605.2	100.000	21	0	0	1	21	844	824	2.1	39.2
Query_22629	XM_024357229.1	100.000	21	0	0	1	21	561	541	2.1	39.2
Query_22629	XM_016955604.2	100.000	21	0	0	1	21	674	654	2.1	39.2
Query_22629	XM_016955603.2	100.000	21	0	0	1	21	884	864	2.1	39.2
Query_22629	XM_016955602.2	100.000	21	0	0	1	21	617	597	2.1	39.2
Query_22629	XM_016955601.2	100.000	21	0	0	1	21	953	933	2.1	39.2
Query_22629	XM_024248597.1	100.000	21	0	0	1	21	691	671	2.1	39.2
Query_22629	XM_024248596.1	100.000	21	0	0	1	21	532	512	2.1	39.2
Query_22629	XM_024248595.1	100.000	21	0	0	1	21	694	674	2.1	39.2
Query_22629	XM_024248594.1	100.000	21	0	0	1	21	975	955	2.1	39.2
Query_22629	XM_024248593.1	100.000	21	0	0	1	21	615	595	2.1	39.2
Query_22629	XM_023212909.1	100.000	21	0	0	1	21	632	612	2.1	39.2
Query_22629	XM_017878129.1	100.000	21	0	0	1	21	816	796	2.1	39.2
Query_22629	XM_017878128.1	100.000	21	0	0	1	21	629	609	2.1	39.2
Query_22629	XM_017878127.1	100.000	21	0	0	1	21	589	569	2.1	39.2
Query_22629	XM_017878126.1	100.000	21	0	0	1	21	668	648	2.1	39.2
Query_22629	XM_017878124.1	100.000	21	0	0	1	21	628	608	2.1	39.2
Query_22629	XM_017011002.1	100.000	21	0	0	1	21	664	644	2.1	39.2
Query_22629	XM_017011001.1	100.000	21	0	0	1	21	561	541	2.1	39.2
Query_22629	XM_005249215.4	100.000	21	0	0	1	21	822	802	2.1	39.2
Query_22629	XM_005249214.4	100.000	21	0	0	1	21	517	497	2.1	39.2
Query_22629	XM_017011000.1	100.000	21	0	0	1	21	861	841	2.1	39.2
Query_22629	XM_005249213.4	100.000	21	0	0	1	21	930	910	2.1	39.2
Query_22629	XM_017010999.1	100.000	21	0	0	1	21	880	860	2.1	39.2
Query_22629	XM_005249211.3	100.000	21	0	0	1	21	1003	983	2.1	39.2
Query_22629	XR_001490238.1	100.000	21	0	0	1	21	177	197	2.1	39.2
Query_22629	XM_015449363.1	100.000	21	0	0	1	21	509	489	2.1	39.2
Query_22629	XM_005552879.2	100.000	21	0	0	1	21	511	491	2.1	39.2
Query_22629	XM_015449362.1	100.000	21	0	0	1	21	516	496	2.1	39.2
Query_22629	XM_005552878.2	100.000	21	0	0	1	21	697	677	2.1	39.2
Query_22629	NM_001318792.1	100.000	21	0	0	1	21	657	637	2.1	39.2
Query_22629	XM_011960338.1	100.000	21	0	0	1	21	544	524	2.1	39.2
Query_22629	XM_012071673.1	100.000	21	0	0	1	21	617	597	2.1	39.2
Query_22629	XM_012071671.1	100.000	21	0	0	1	21	1884	1864	2.1	39.2
Query_22629	XM_012071667.1	100.000	21	0	0	1	21	552	532	2.1	39.2
Query_22629	XM_012071660.1	100.000	21	0	0	1	21	1923	1903	2.1	39.2
Query_22629	XM_012071649.1	100.000	21	0	0	1	21	642	622	2.1	39.2
Query_22629	XM_012071640.1	100.000	21	0	0	1	21	617	597	2.1	39.2
Query_22629	XM_011986817.1	100.000	21	0	0	1	21	669	649	2.1	39.2
Query_22629	XM_006715135.1	100.000	21	0	0	1	21	679	659	2.1	39.2
Query_22629	XM_005552877.1	100.000	21	0	0	1	21	550	530	2.1	39.2
Query_22629	XM_005249217.1	100.000	21	0	0	1	21	695	675	2.1	39.2
Query_22629	XM_007972423.2	100.000	21	0	0	1	21	695	675	2.1	39.2
Query_22629	XM_038006128.1	100.000	21	0	0	1	21	720	700	2.1	39.2
Query_22629	XM_038006127.1	100.000	21	0	0	1	21	616	596	2.1	39.2
Query_22629	XM_007972424.2	100.000	21	0	0	1	21	759	739	2.1	39.2
Query_22629	XM_007972422.2	100.000	21	0	0	1	21	655	635	2.1	39.2
Query_22629	AB587502.1	100.000	21	0	0	1	21	483	463	2.1	39.2
Query_22629	BC136769.1	100.000	21	0	0	1	21	499	479	2.1	39.2
Query_22629	AK309791.1	100.000	21	0	0	1	21	526	506	2.1	39.2


