# blastn
# Iteration: 0
# Query: 
# RID: 6MAU1V35016
# Database: nt
# Fields: query acc.ver, subject acc.ver, % identity, alignment length, mismatches, gap opens, q. start, q. end, s. start, s. end, evalue, bit score
# 61 hits found
Query_54575	XM_034944208.1	100.000	21	0	0	1	21	419	399	2.0	39.2
Query_54575	XM_034944207.1	100.000	21	0	0	1	21	432	412	2.0	39.2
Query_54575	XM_026928983.2	100.000	21	0	0	1	21	932	912	2.0	39.2
Query_54575	XM_020055487.3	100.000	21	0	0	1	21	316	296	2.0	39.2
Query_54575	XM_010880846.4	100.000	21	0	0	1	21	867	847	2.0	39.2
Query_54575	XM_010880845.4	100.000	21	0	0	1	21	857	837	2.0	39.2
Query_54575	XM_032147985.1	100.000	21	0	0	1	21	363	343	2.0	39.2
Query_54575	XR_004249906.1	100.000	21	0	0	1	21	516	496	2.0	39.2
Query_54575	XM_019016478.2	100.000	21	0	0	1	21	419	399	2.0	39.2
Query_54575	XR_004031103.1	100.000	21	0	0	1	21	225	205	2.0	39.2
Query_54575	XM_030798515.1	100.000	21	0	0	1	21	450	430	2.0	39.2
Query_54575	XM_030784473.1	100.000	21	0	0	1	21	787	767	2.0	39.2
Query_54575	XM_030434139.1	100.000	21	0	0	1	21	514	494	2.0	39.2
Query_54575	LR697114.1	100.000	21	0	0	1	21	3293836	3293816	2.0	39.2
Query_54575	LR537131.1	100.000	21	0	0	1	21	14203230	14203250	2.0	39.2
Query_54575	NM_004359.2	100.000	21	0	0	1	21	382	362	2.0	39.2
Query_54575	CP034522.1	100.000	21	0	0	1	21	475869	475849	2.0	39.2
Query_54575	CP034497.1	100.000	21	0	0	1	21	475869	475849	2.0	39.2
Query_54575	XM_009434229.3	100.000	21	0	0	1	21	423	403	2.0	39.2
Query_54575	XM_004866025.3	100.000	21	0	0	1	21	298	278	2.0	39.2
Query_54575	XM_020794212.1	100.000	21	0	0	1	21	385	365	2.0	39.2
Query_54575	LT744874.1	100.000	21	0	0	1	21	697	677	2.0	39.2
Query_54575	XM_019123314.1	100.000	21	0	0	1	21	460	440	2.0	39.2
Query_54575	XM_005259690.3	100.000	21	0	0	1	21	422	402	2.0	39.2
Query_54575	XM_016471766.1	100.000	21	0	0	1	21	508	488	2.0	39.2
Query_54575	XM_006722952.2	100.000	21	0	0	1	21	422	402	2.0	39.2
Query_54575	LN590706.1	100.000	21	0	0	1	21	17706211	17706231	2.0	39.2
Query_54575	KJ890880.1	100.000	21	0	0	1	21	275	255	2.0	39.2
Query_54575	XM_003944905.3	100.000	21	0	0	1	21	418	398	2.0	39.2
Query_54575	CP068259.1	100.000	21	0	0	1	21	489488	489468	2.0	39.2
Query_54575	XM_037115034.1	100.000	21	0	0	1	21	502	482	2.0	39.2
Query_54575	LR884470.1	100.000	21	0	0	1	21	13169492	13169512	2.0	39.2
Query_54575	AP023479.1	100.000	21	0	0	1	21	297429	297409	2.0	39.2
Query_54575	AP023479.1	100.000	21	0	0	1	21	373857	373837	2.0	39.2
Query_54575	AB590273.1	100.000	21	0	0	1	21	219	199	2.0	39.2
Query_54575	CU676209.1	100.000	21	0	0	1	21	517	537	2.0	39.2
Query_54575	CU676208.1	100.000	21	0	0	1	21	226	206	2.0	39.2
Query_54575	AK291554.1	100.000	21	0	0	1	21	411	391	2.0	39.2
Query_54575	DQ893910.2	100.000	21	0	0	1	21	232	212	2.0	39.2
Query_54575	DQ890738.2	100.000	21	0	0	1	21	232	212	2.0	39.2
Query_54575	AY650399.1	100.000	21	0	0	1	21	6138	6118	2.0	39.2
Query_54575	BC023979.1	100.000	21	0	0	1	21	386	366	2.0	39.2
Query_54575	BT008039.1	100.000	21	0	0	1	21	210	190	2.0	39.2
Query_54575	BT006659.1	100.000	21	0	0	1	21	210	190	2.0	39.2
Query_54575	AC011556.9	100.000	21	0	0	1	21	4351	4331	2.0	39.2
Query_54575	AC011531.7	100.000	21	0	0	1	21	25358	25338	2.0	39.2
Query_54575	BC018143.2	100.000	21	0	0	1	21	412	392	2.0	39.2
Query_54575	BC009850.2	100.000	21	0	0	1	21	409	389	2.0	39.2
Query_54575	L22005.1	100.000	21	0	0	1	21	396	376	2.0	39.2
Query_54575	XM_032908698.1	100.000	20	0	0	2	21	443	424	7.1	37.4
Query_54575	XM_021234894.1	100.000	20	0	0	2	21	276	257	7.1	37.4
Query_54575	XM_039078634.1	100.000	20	0	0	2	21	826	807	7.1	37.4
Query_54575	XM_027419463.2	100.000	20	0	0	2	21	411	392	7.1	37.4
Query_54575	XM_027419462.2	100.000	20	0	0	2	21	408	389	7.1	37.4
Query_54575	XM_035445451.1	100.000	20	0	0	2	21	418	399	7.1	37.4
Query_54575	XM_035455968.1	100.000	20	0	0	2	21	309	290	7.1	37.4
Query_54575	XM_035455967.1	100.000	20	0	0	2	21	309	290	7.1	37.4
Query_54575	XM_035455966.1	100.000	20	0	0	2	21	309	290	7.1	37.4
Query_54575	XM_035455965.1	100.000	20	0	0	2	21	309	290	7.1	37.4
Query_54575	NM_001013103.2	100.000	20	0	0	2	21	227	208	7.1	37.4
Query_54575	BC098064.1	100.000	20	0	0	2	21	197	178	7.1	37.4


