# blastn
# Iteration: 0
# Query: 
# RID: 6MCR0XPH013
# Database: nt
# Fields: query acc.ver, subject acc.ver, % identity, alignment length, mismatches, gap opens, q. start, q. end, s. start, s. end, evalue, bit score
# 100 hits found
Query_37873	XM_005325742.4	100.000	21	0	0	1	21	575	555	2.0	39.2
Query_37873	XM_040293037.1	100.000	21	0	0	1	21	466	446	2.0	39.2
Query_37873	XM_005325741.4	100.000	21	0	0	1	21	603	583	2.0	39.2
Query_37873	XM_040266533.1	100.000	21	0	0	1	21	514	494	2.0	39.2
Query_37873	XM_040237783.1	100.000	21	0	0	1	21	323	303	2.0	39.2
Query_37873	XM_040237782.1	100.000	21	0	0	1	21	308	288	2.0	39.2
Query_37873	XM_040237777.1	100.000	21	0	0	1	21	710	690	2.0	39.2
Query_37873	XM_040237776.1	100.000	21	0	0	1	21	698	678	2.0	39.2
Query_37873	XM_040237775.1	100.000	21	0	0	1	21	612	592	2.0	39.2
Query_37873	XM_040237774.1	100.000	21	0	0	1	21	588	568	2.0	39.2
Query_37873	XM_040237773.1	100.000	21	0	0	1	21	611	591	2.0	39.2
Query_37873	XM_040237772.1	100.000	21	0	0	1	21	474	454	2.0	39.2
Query_37873	XM_040237771.1	100.000	21	0	0	1	21	533	513	2.0	39.2
Query_37873	XM_040237769.1	100.000	21	0	0	1	21	612	592	2.0	39.2
Query_37873	XM_040237768.1	100.000	21	0	0	1	21	586	566	2.0	39.2
Query_37873	XM_040237767.1	100.000	21	0	0	1	21	599	579	2.0	39.2
Query_37873	HG994405.1	100.000	21	0	0	1	21	6085704	6085684	2.0	39.2
Query_37873	HG994404.1	100.000	21	0	0	1	21	11569810	11569790	2.0	39.2
Query_37873	XM_039854835.1	100.000	21	0	0	1	21	342	322	2.0	39.2
Query_37873	XM_039848730.1	100.000	21	0	0	1	21	657	637	2.0	39.2
Query_37873	XM_039848729.1	100.000	21	0	0	1	21	589	569	2.0	39.2
Query_37873	XM_039848728.1	100.000	21	0	0	1	21	573	553	2.0	39.2
Query_37873	XM_039848727.1	100.000	21	0	0	1	21	584	564	2.0	39.2
Query_37873	XM_039848726.1	100.000	21	0	0	1	21	766	746	2.0	39.2
Query_37873	XM_039848725.1	100.000	21	0	0	1	21	600	580	2.0	39.2
Query_37873	XM_003929504.3	100.000	21	0	0	1	21	675	655	2.0	39.2
Query_37873	XM_003929505.3	100.000	21	0	0	1	21	802	782	2.0	39.2
Query_37873	XM_003929502.3	100.000	21	0	0	1	21	610	590	2.0	39.2
Query_37873	XM_010340110.2	100.000	21	0	0	1	21	675	655	2.0	39.2
Query_37873	XM_010340111.2	100.000	21	0	0	1	21	802	782	2.0	39.2
Query_37873	XM_010340109.2	100.000	21	0	0	1	21	610	590	2.0	39.2
Query_37873	XM_039220817.1	100.000	21	0	0	1	21	519	499	2.0	39.2
Query_37873	XM_039220816.1	100.000	21	0	0	1	21	571	551	2.0	39.2
Query_37873	XM_039220815.1	100.000	21	0	0	1	21	550	530	2.0	39.2
Query_37873	CP068258.1	100.000	21	0	0	1	21	5333492	5333512	2.0	39.2
Query_37873	XM_006233338.3	100.000	21	0	0	1	21	584	564	2.0	39.2
Query_37873	XM_006233337.3	100.000	21	0	0	1	21	758	738	2.0	39.2
Query_37873	XM_006233336.4	100.000	21	0	0	1	21	605	585	2.0	39.2
Query_37873	XM_006233335.3	100.000	21	0	0	1	21	584	564	2.0	39.2
Query_37873	XM_006233334.3	100.000	21	0	0	1	21	728	708	2.0	39.2
Query_37873	XM_006233333.3	100.000	21	0	0	1	21	605	585	2.0	39.2
Query_37873	XM_038444267.1	100.000	21	0	0	1	21	588	568	2.0	39.2
Query_37873	XM_038444266.1	100.000	21	0	0	1	21	607	587	2.0	39.2
Query_37873	XM_038444265.1	100.000	21	0	0	1	21	584	564	2.0	39.2
Query_37873	XM_038444264.1	100.000	21	0	0	1	21	576	556	2.0	39.2
Query_37873	XM_038444263.1	100.000	21	0	0	1	21	590	570	2.0	39.2
Query_37873	XM_038444262.1	100.000	21	0	0	1	21	615	595	2.0	39.2
Query_37873	XM_038444261.1	100.000	21	0	0	1	21	607	587	2.0	39.2
Query_37873	XM_038462042.1	100.000	21	0	0	1	21	588	568	2.0	39.2
Query_37873	XM_005642458.4	100.000	21	0	0	1	21	607	587	2.0	39.2
Query_37873	XM_038462041.1	100.000	21	0	0	1	21	584	564	2.0	39.2
Query_37873	XM_038462040.1	100.000	21	0	0	1	21	577	557	2.0	39.2
Query_37873	XM_038462039.1	100.000	21	0	0	1	21	590	570	2.0	39.2
Query_37873	XM_038462038.1	100.000	21	0	0	1	21	611	591	2.0	39.2
Query_37873	XM_038462037.1	100.000	21	0	0	1	21	607	587	2.0	39.2
Query_37873	XM_038769165.1	100.000	21	0	0	1	21	737	717	2.0	39.2
Query_37873	XM_038769164.1	100.000	21	0	0	1	21	533	513	2.0	39.2
Query_37873	XM_038769163.1	100.000	21	0	0	1	21	534	514	2.0	39.2
Query_37873	XM_038769162.1	100.000	21	0	0	1	21	737	717	2.0	39.2
Query_37873	XM_038310764.1	100.000	21	0	0	1	21	558	538	2.0	39.2
Query_37873	XM_038310763.1	100.000	21	0	0	1	21	602	582	2.0	39.2
Query_37873	XM_038310762.1	100.000	21	0	0	1	21	631	611	2.0	39.2
Query_37873	XM_037990392.1	100.000	21	0	0	1	21	783	763	2.0	39.2
Query_37873	XM_037990386.1	100.000	21	0	0	1	21	623	603	2.0	39.2
Query_37873	XM_037990381.1	100.000	21	0	0	1	21	463	443	2.0	39.2
Query_37873	XM_007999423.2	100.000	21	0	0	1	21	680	660	2.0	39.2
Query_37873	XM_037990373.1	100.000	21	0	0	1	21	678	658	2.0	39.2
Query_37873	XM_037990369.1	100.000	21	0	0	1	21	767	747	2.0	39.2
Query_37873	XM_037990364.1	100.000	21	0	0	1	21	941	921	2.0	39.2
Query_37873	XM_007999419.2	100.000	21	0	0	1	21	783	763	2.0	39.2
Query_37873	XM_007999418.2	100.000	21	0	0	1	21	861	841	2.0	39.2
Query_37873	XM_037821592.1	100.000	21	0	0	1	21	313	293	2.0	39.2
Query_37873	XM_037830359.1	100.000	21	0	0	1	21	547	527	2.0	39.2
Query_37873	XM_037830358.1	100.000	21	0	0	1	21	558	538	2.0	39.2
Query_37873	XM_037830357.1	100.000	21	0	0	1	21	520	500	2.0	39.2
Query_37873	XM_037830356.1	100.000	21	0	0	1	21	572	552	2.0	39.2
Query_37873	XM_037830355.1	100.000	21	0	0	1	21	591	571	2.0	39.2
Query_37873	XM_017508657.2	100.000	21	0	0	1	21	675	655	2.0	39.2
Query_37873	XM_017508656.2	100.000	21	0	0	1	21	805	785	2.0	39.2
Query_37873	XM_017508655.2	100.000	21	0	0	1	21	579	559	2.0	39.2
Query_37873	XM_017508652.2	100.000	21	0	0	1	21	567	547	2.0	39.2
Query_37873	XM_017508651.2	100.000	21	0	0	1	21	756	736	2.0	39.2
Query_37873	XM_017508650.2	100.000	21	0	0	1	21	875	855	2.0	39.2
Query_37873	XR_001825684.2	100.000	21	0	0	1	21	516	496	2.0	39.2
Query_37873	XM_037509625.1	100.000	21	0	0	1	21	549	529	2.0	39.2
Query_37873	XM_037509624.1	100.000	21	0	0	1	21	499	479	2.0	39.2
Query_37873	XM_037509623.1	100.000	21	0	0	1	21	557	537	2.0	39.2
Query_37873	XM_037207130.1	100.000	21	0	0	1	21	372	352	2.0	39.2
Query_37873	XM_028857385.2	100.000	21	0	0	1	21	588	568	2.0	39.2
Query_37873	XM_028857378.2	100.000	21	0	0	1	21	549	529	2.0	39.2
Query_37873	XM_028857369.2	100.000	21	0	0	1	21	638	618	2.0	39.2
Query_37873	XM_028857360.2	100.000	21	0	0	1	21	590	570	2.0	39.2
Query_37873	XM_037199050.1	100.000	21	0	0	1	21	439	419	2.0	39.2
Query_37873	XM_037167928.1	100.000	21	0	0	1	21	551	531	2.0	39.2
Query_37873	XM_037031881.1	100.000	21	0	0	1	21	555	535	2.0	39.2
Query_37873	XM_037031880.1	100.000	21	0	0	1	21	466	446	2.0	39.2
Query_37873	XM_037031879.1	100.000	21	0	0	1	21	535	515	2.0	39.2
Query_37873	XM_037031878.1	100.000	21	0	0	1	21	553	533	2.0	39.2
Query_37873	XM_037020229.1	100.000	21	0	0	1	21	357	337	2.0	39.2
Query_37873	XM_037020228.1	100.000	21	0	0	1	21	589	569	2.0	39.2


