# blastn
# Iteration: 0
# Query: 
# RID: 7R0DV2B2016
# Database: nt
# Fields: query acc.ver, subject acc.ver, % identity, alignment length, mismatches, gap opens, q. start, q. end, s. start, s. end, evalue, bit score
# 35 hits found
Query_54525	XM_008951835.2	100.000	21	0	0	1	21	779	759	2.1	39.2
Query_54525	XM_003826427.2	100.000	21	0	0	1	21	426	406	2.1	39.2
Query_54525	NM_004223.5	100.000	21	0	0	1	21	390	370	2.1	39.2
Query_54525	XM_521987.5	100.000	21	0	0	1	21	425	405	2.1	39.2
Query_54525	XM_009246347.2	100.000	21	0	0	1	21	243	223	2.1	39.2
Query_54525	XM_009246345.2	100.000	21	0	0	1	21	784	764	2.1	39.2
Query_54525	XM_003777762.3	100.000	21	0	0	1	21	427	407	2.1	39.2
Query_54525	XM_009246344.2	100.000	21	0	0	1	21	591	571	2.1	39.2
Query_54525	LT736766.1	100.000	21	0	0	1	21	816	796	2.1	39.2
Query_54525	XM_003317981.4	100.000	21	0	0	1	21	782	762	2.1	39.2
Query_54525	KJ892727.1	100.000	21	0	0	1	21	394	374	2.1	39.2
Query_54525	NM_198183.3	100.000	21	0	0	1	21	389	369	2.1	39.2
Query_54525	CU689397.1	100.000	21	0	0	1	21	149	169	2.1	39.2
Query_54525	CU689396.1	100.000	21	0	0	1	21	345	325	2.1	39.2
Query_54525	AK315755.1	100.000	21	0	0	1	21	344	324	2.1	39.2
Query_54525	DQ894475.2	100.000	21	0	0	1	21	351	331	2.1	39.2
Query_54525	DQ891291.2	100.000	21	0	0	1	21	351	331	2.1	39.2
Query_54525	AK226165.1	100.000	21	0	0	1	21	479	459	2.1	39.2
Query_54525	AK093462.1	100.000	21	0	0	1	21	738	718	2.1	39.2
Query_54525	CR457126.1	100.000	21	0	0	1	21	329	309	2.1	39.2
Query_54525	AK129621.1	100.000	21	0	0	1	21	296	276	2.1	39.2
Query_54525	BC032491.1	100.000	21	0	0	1	21	425	405	2.1	39.2
Query_54525	AP002893.3	100.000	21	0	0	1	21	122988	123008	2.1	39.2
Query_54525	AF061736.1	100.000	21	0	0	1	21	376	356	2.1	39.2
Query_54525	AF031141.1	100.000	21	0	0	1	21	326	306	2.1	39.2
Query_54525	CT032293.1	100.000	20	0	0	2	21	537	518	7.3	37.4
Query_54525	CT032292.1	100.000	20	0	0	2	21	562	581	7.3	37.4
Query_54525	CT033637.1	100.000	20	0	0	2	21	563	582	7.3	37.4
Query_54525	CT033389.1	100.000	20	0	0	2	21	173	154	7.3	37.4
Query_54525	CT033099.1	100.000	20	0	0	2	21	860	841	7.3	37.4
Query_54525	CT033098.1	100.000	20	0	0	2	21	562	581	7.3	37.4
Query_54525	CT032993.1	100.000	20	0	0	2	21	869	850	7.3	37.4
Query_54525	CT032992.1	100.000	20	0	0	2	21	564	583	7.3	37.4
Query_54525	CT032417.1	100.000	20	0	0	2	21	864	845	7.3	37.4
Query_54525	CT032416.1	100.000	20	0	0	2	21	562	581	7.3	37.4


