# blastn
# Iteration: 0
# Query: 
# RID: 73W3KZXA01R
# Database: nt
# Fields: query acc.ver, subject acc.ver, % identity, alignment length, mismatches, gap opens, q. start, q. end, s. start, s. end, evalue, bit score
# 100 hits found
Query_311575	XM_003825980.3	100.000	21	0	0	1	21	403	383	2.0	39.2
Query_311575	XM_019943943.2	100.000	21	0	0	1	21	399	379	2.0	39.2
Query_311575	XM_004272909.3	100.000	21	0	0	1	21	399	379	2.0	39.2
Query_311575	XM_033119601.1	100.000	21	0	0	1	21	352	332	2.0	39.2
Query_311575	XM_033094387.1	100.000	21	0	0	1	21	409	389	2.0	39.2
Query_311575	XM_033133120.1	100.000	21	0	0	1	21	226	206	2.0	39.2
Query_311575	XM_033133118.1	100.000	21	0	0	1	21	307	287	2.0	39.2
Query_311575	XM_032606811.1	100.000	21	0	0	1	21	1677	1657	2.0	39.2
Query_311575	XR_004345962.1	100.000	21	0	0	1	21	771	751	2.0	39.2
Query_311575	XM_032606810.1	100.000	21	0	0	1	21	402	382	2.0	39.2
Query_311575	XR_004345961.1	100.000	21	0	0	1	21	380	360	2.0	39.2
Query_311575	XM_032606800.1	100.000	21	0	0	1	21	2661	2641	2.0	39.2
Query_311575	XM_006187618.3	100.000	21	0	0	1	21	773	753	2.0	39.2
Query_311575	XM_006202490.2	100.000	21	0	0	1	21	740	720	2.0	39.2
Query_311575	XM_010978599.2	100.000	21	0	0	1	21	751	731	2.0	39.2
Query_311575	XM_030848813.1	100.000	21	0	0	1	21	337	317	2.0	39.2
Query_311575	XM_022565007.2	100.000	21	0	0	1	21	404	384	2.0	39.2
Query_311575	XM_022565006.2	100.000	21	0	0	1	21	904	884	2.0	39.2
Query_311575	NM_181800.3	100.000	21	0	0	1	21	272	252	2.0	39.2
Query_311575	NM_181801.4	100.000	21	0	0	1	21	502	482	2.0	39.2
Query_311575	XM_029221087.1	100.000	21	0	0	1	21	404	384	2.0	39.2
Query_311575	XM_029221086.1	100.000	21	0	0	1	21	580	560	2.0	39.2
Query_311575	XM_007115502.3	100.000	21	0	0	1	21	415	395	2.0	39.2
Query_311575	XM_024128659.2	100.000	21	0	0	1	21	912	892	2.0	39.2
Query_311575	NM_007019.4	100.000	21	0	0	1	21	359	339	2.0	39.2
Query_311575	XM_027078204.1	100.000	21	0	0	1	21	432	412	2.0	39.2
Query_311575	XM_027078203.1	100.000	21	0	0	1	21	305	285	2.0	39.2
Query_311575	XM_005357137.3	100.000	21	0	0	1	21	307	287	2.0	39.2
Query_311575	XM_005362908.3	100.000	21	0	0	1	21	367	347	2.0	39.2
Query_311575	XM_026408330.1	100.000	21	0	0	1	21	421	401	2.0	39.2
Query_311575	XM_006158521.3	100.000	21	0	0	1	21	291	271	2.0	39.2
Query_311575	CP034499.1	100.000	21	0	0	1	21	44384270	44384250	2.0	39.2
Query_311575	XM_025039854.1	100.000	21	0	0	1	21	325	305	2.0	39.2
Query_311575	XM_006921862.3	100.000	21	0	0	1	21	422	402	2.0	39.2
Query_311575	XM_024746779.1	100.000	21	0	0	1	21	1138	1118	2.0	39.2
Query_311575	XM_024746778.1	100.000	21	0	0	1	21	493	473	2.0	39.2
Query_311575	XM_009443484.3	100.000	21	0	0	1	21	401	381	2.0	39.2
Query_311575	XM_001156993.5	100.000	21	0	0	1	21	663	643	2.0	39.2
Query_311575	XM_001503308.6	100.000	21	0	0	1	21	395	375	2.0	39.2
Query_311575	XM_023536059.1	100.000	21	0	0	1	21	312	292	2.0	39.2
Query_311575	XM_011369333.2	100.000	21	0	0	1	21	422	402	2.0	39.2
Query_311575	XR_775613.2	100.000	21	0	0	1	21	370	350	2.0	39.2
Query_311575	XM_021649032.1	100.000	21	0	0	1	21	350	330	2.0	39.2
Query_311575	XM_021638616.1	100.000	21	0	0	1	21	1190	1170	2.0	39.2
Query_311575	XM_021638608.1	100.000	21	0	0	1	21	1190	1170	2.0	39.2
Query_311575	XM_013985422.2	100.000	21	0	0	1	21	393	373	2.0	39.2
Query_311575	XM_020168096.1	100.000	21	0	0	1	21	340	320	2.0	39.2
Query_311575	XM_020168095.1	100.000	21	0	0	1	21	427	407	2.0	39.2
Query_311575	XM_020162427.1	100.000	21	0	0	1	21	292	272	2.0	39.2
Query_311575	XM_019637077.1	100.000	21	0	0	1	21	597	577	2.0	39.2
Query_311575	XM_019637076.1	100.000	21	0	0	1	21	249	229	2.0	39.2
Query_311575	XM_019637075.1	100.000	21	0	0	1	21	419	399	2.0	39.2
Query_311575	XM_004062268.2	100.000	21	0	0	1	21	421	401	2.0	39.2
Query_311575	XM_002721233.3	100.000	21	0	0	1	21	388	368	2.0	39.2
Query_311575	XM_514682.6	100.000	21	0	0	1	21	422	402	2.0	39.2
Query_311575	XM_014859887.1	100.000	21	0	0	1	21	401	381	2.0	39.2
Query_311575	XM_004663907.2	100.000	21	0	0	1	21	220	200	2.0	39.2
Query_311575	XM_004663906.2	100.000	21	0	0	1	21	424	404	2.0	39.2
Query_311575	XM_012742927.1	100.000	21	0	0	1	21	422	402	2.0	39.2
Query_311575	XM_012640434.1	100.000	21	0	0	1	21	341	321	2.0	39.2
Query_311575	XM_012640432.1	100.000	21	0	0	1	21	428	408	2.0	39.2
Query_311575	XM_012558687.1	100.000	21	0	0	1	21	226	206	2.0	39.2
Query_311575	XM_002830362.3	100.000	21	0	0	1	21	421	401	2.0	39.2
Query_311575	XM_008521664.1	100.000	21	0	0	1	21	395	375	2.0	39.2
Query_311575	XM_007533070.1	100.000	21	0	0	1	21	220	200	2.0	39.2
Query_311575	XM_007533069.1	100.000	21	0	0	1	21	381	361	2.0	39.2
Query_311575	XM_007451644.1	100.000	21	0	0	1	21	220	200	2.0	39.2
Query_311575	XM_007451643.1	100.000	21	0	0	1	21	437	417	2.0	39.2
Query_311575	XM_007185391.1	100.000	21	0	0	1	21	380	360	2.0	39.2
Query_311575	XM_006839245.1	100.000	21	0	0	1	21	334	314	2.0	39.2
Query_311575	XM_006839244.1	100.000	21	0	0	1	21	421	401	2.0	39.2
Query_311575	XM_039864444.1	100.000	21	0	0	1	21	307	287	2.0	39.2
Query_311575	XM_039864443.1	100.000	21	0	0	1	21	389	369	2.0	39.2
Query_311575	CP068258.1	100.000	21	0	0	1	21	47552110	47552090	2.0	39.2
Query_311575	XM_038331576.1	100.000	21	0	0	1	21	362	342	2.0	39.2
Query_311575	NG_031877.1	100.000	21	0	0	1	21	42487	42507	2.0	39.2
Query_311575	XM_036824185.1	100.000	21	0	0	1	21	461	441	2.0	39.2
Query_311575	XM_036419689.1	100.000	21	0	0	1	21	315	295	2.0	39.2
Query_311575	XM_036419688.1	100.000	21	0	0	1	21	398	378	2.0	39.2
Query_311575	XM_036419687.1	100.000	21	0	0	1	21	385	365	2.0	39.2
Query_311575	XM_016152450.2	100.000	21	0	0	1	21	389	369	2.0	39.2
Query_311575	AP023480.1	100.000	21	0	0	1	21	43851077	43851057	2.0	39.2
Query_311575	XM_036021292.1	100.000	21	0	0	1	21	163	143	2.0	39.2
Query_311575	XM_028524595.2	100.000	21	0	0	1	21	375	355	2.0	39.2
Query_311575	LR862363.1	100.000	21	0	0	1	21	62306046	62306066	2.0	39.2
Query_311575	NG_022057.1	100.000	21	0	0	1	21	451	431	2.0	39.2
Query_311575	AK346942.1	100.000	21	0	0	1	21	368	348	2.0	39.2
Query_311575	AK344959.1	100.000	21	0	0	1	21	365	345	2.0	39.2
Query_311575	AL050348.22	100.000	21	0	0	1	21	85290	85270	2.0	39.2
Query_311575	EU831629.1	100.000	21	0	0	1	21	329	309	2.0	39.2
Query_311575	EU831714.1	100.000	21	0	0	1	21	329	309	2.0	39.2
Query_311575	DQ895630.2	100.000	21	0	0	1	21	329	309	2.0	39.2
Query_311575	DQ892416.2	100.000	21	0	0	1	21	329	309	2.0	39.2
Query_311575	AY518539.1	100.000	21	0	0	1	21	39480	39500	2.0	39.2
Query_311575	BC032677.2	100.000	21	0	0	1	21	1138	1118	2.0	39.2
Query_311575	BT007300.1	100.000	21	0	0	1	21	307	287	2.0	39.2
Query_311575	BT007515.1	100.000	21	0	0	1	21	307	287	2.0	39.2
Query_311575	CR456988.1	100.000	21	0	0	1	21	307	287	2.0	39.2
Query_311575	AY610444.1	100.000	21	0	0	1	21	358	338	2.0	39.2
Query_311575	BC050736.1	100.000	21	0	0	1	21	377	357	2.0	39.2


