# blastn
# Iteration: 0
# Query: 
# RID: 6MGN01GA01R
# Database: nt
# Fields: query acc.ver, subject acc.ver, % identity, alignment length, mismatches, gap opens, q. start, q. end, s. start, s. end, evalue, bit score
# 100 hits found
Query_291703	XM_005325742.4	100.000	21	0	0	1	21	332	312	2.0	39.2
Query_291703	XM_040293037.1	100.000	21	0	0	1	21	223	203	2.0	39.2
Query_291703	XM_005325741.4	100.000	21	0	0	1	21	360	340	2.0	39.2
Query_291703	XM_040266533.1	100.000	21	0	0	1	21	271	251	2.0	39.2
Query_291703	XM_040237783.1	100.000	21	0	0	1	21	80	60	2.0	39.2
Query_291703	XM_040237782.1	100.000	21	0	0	1	21	65	45	2.0	39.2
Query_291703	XR_005720632.1	100.000	21	0	0	1	21	356	336	2.0	39.2
Query_291703	XM_040237780.1	100.000	21	0	0	1	21	452	432	2.0	39.2
Query_291703	XM_040237779.1	100.000	21	0	0	1	21	331	311	2.0	39.2
Query_291703	XM_040237778.1	100.000	21	0	0	1	21	356	336	2.0	39.2
Query_291703	XM_040237777.1	100.000	21	0	0	1	21	467	447	2.0	39.2
Query_291703	XM_040237776.1	100.000	21	0	0	1	21	455	435	2.0	39.2
Query_291703	XM_040237775.1	100.000	21	0	0	1	21	369	349	2.0	39.2
Query_291703	XM_040237774.1	100.000	21	0	0	1	21	345	325	2.0	39.2
Query_291703	XM_040237773.1	100.000	21	0	0	1	21	368	348	2.0	39.2
Query_291703	XM_040237772.1	100.000	21	0	0	1	21	231	211	2.0	39.2
Query_291703	XM_040237771.1	100.000	21	0	0	1	21	290	270	2.0	39.2
Query_291703	XM_040237769.1	100.000	21	0	0	1	21	369	349	2.0	39.2
Query_291703	XM_040237768.1	100.000	21	0	0	1	21	343	323	2.0	39.2
Query_291703	XM_040237767.1	100.000	21	0	0	1	21	356	336	2.0	39.2
Query_291703	HG995377.1	100.000	21	0	0	1	21	10058401	10058381	2.0	39.2
Query_291703	HG995294.1	100.000	21	0	0	1	21	6788221	6788201	2.0	39.2
Query_291703	XM_039895320.1	100.000	21	0	0	1	21	384	364	2.0	39.2
Query_291703	HG994414.1	100.000	21	0	0	1	21	17426178	17426158	2.0	39.2
Query_291703	HG994405.1	100.000	21	0	0	1	21	6085461	6085441	2.0	39.2
Query_291703	XM_039854835.1	100.000	21	0	0	1	21	99	79	2.0	39.2
Query_291703	XM_039848730.1	100.000	21	0	0	1	21	414	394	2.0	39.2
Query_291703	XM_039848729.1	100.000	21	0	0	1	21	346	326	2.0	39.2
Query_291703	XM_039848728.1	100.000	21	0	0	1	21	330	310	2.0	39.2
Query_291703	XM_039848727.1	100.000	21	0	0	1	21	341	321	2.0	39.2
Query_291703	XM_039848726.1	100.000	21	0	0	1	21	523	503	2.0	39.2
Query_291703	XM_039848725.1	100.000	21	0	0	1	21	357	337	2.0	39.2
Query_291703	LR999903.1	100.000	21	0	0	1	21	5699664	5699644	2.0	39.2
Query_291703	HG992311.1	100.000	21	0	0	1	21	9753045	9753065	2.0	39.2
Query_291703	HG992281.1	100.000	21	0	0	1	21	16253779	16253799	2.0	39.2
Query_291703	XM_003929504.3	100.000	21	0	0	1	21	432	412	2.0	39.2
Query_291703	XM_003929505.3	100.000	21	0	0	1	21	559	539	2.0	39.2
Query_291703	XM_003929502.3	100.000	21	0	0	1	21	367	347	2.0	39.2
Query_291703	XM_010340110.2	100.000	21	0	0	1	21	432	412	2.0	39.2
Query_291703	XM_010340111.2	100.000	21	0	0	1	21	559	539	2.0	39.2
Query_291703	XM_010340109.2	100.000	21	0	0	1	21	367	347	2.0	39.2
Query_291703	XM_039220817.1	100.000	21	0	0	1	21	276	256	2.0	39.2
Query_291703	XM_039220816.1	100.000	21	0	0	1	21	328	308	2.0	39.2
Query_291703	XM_039220815.1	100.000	21	0	0	1	21	307	287	2.0	39.2
Query_291703	LR991026.1	100.000	21	0	0	1	21	21610512	21610532	2.0	39.2
Query_291703	LR990995.1	100.000	21	0	0	1	21	14310936	14310956	2.0	39.2
Query_291703	LR990962.1	100.000	21	0	0	1	21	11097491	11097511	2.0	39.2
Query_291703	LR990932.1	100.000	21	0	0	1	21	13069902	13069922	2.0	39.2
Query_291703	LR990525.1	100.000	21	0	0	1	21	5678423	5678403	2.0	39.2
Query_291703	LR990345.1	100.000	21	0	0	1	21	10418135	10418115	2.0	39.2
Query_291703	LR990656.1	100.000	21	0	0	1	21	9842447	9842427	2.0	39.2
Query_291703	LR990902.1	100.000	21	0	0	1	21	13842477	13842497	2.0	39.2
Query_291703	CP068258.1	100.000	21	0	0	1	21	5333735	5333755	2.0	39.2
Query_291703	XM_006233338.3	100.000	21	0	0	1	21	341	321	2.0	39.2
Query_291703	XM_006233337.3	100.000	21	0	0	1	21	515	495	2.0	39.2
Query_291703	XM_006233336.4	100.000	21	0	0	1	21	362	342	2.0	39.2
Query_291703	XM_006233335.3	100.000	21	0	0	1	21	341	321	2.0	39.2
Query_291703	XM_006233334.3	100.000	21	0	0	1	21	485	465	2.0	39.2
Query_291703	XM_006233333.3	100.000	21	0	0	1	21	362	342	2.0	39.2
Query_291703	XM_038444267.1	100.000	21	0	0	1	21	345	325	2.0	39.2
Query_291703	XM_038444266.1	100.000	21	0	0	1	21	364	344	2.0	39.2
Query_291703	XM_038444265.1	100.000	21	0	0	1	21	341	321	2.0	39.2
Query_291703	XM_038444264.1	100.000	21	0	0	1	21	333	313	2.0	39.2
Query_291703	XM_038444263.1	100.000	21	0	0	1	21	347	327	2.0	39.2
Query_291703	XM_038444262.1	100.000	21	0	0	1	21	372	352	2.0	39.2
Query_291703	XM_038444261.1	100.000	21	0	0	1	21	364	344	2.0	39.2
Query_291703	XM_038462042.1	100.000	21	0	0	1	21	345	325	2.0	39.2
Query_291703	XM_005642458.4	100.000	21	0	0	1	21	364	344	2.0	39.2
Query_291703	XM_038462041.1	100.000	21	0	0	1	21	341	321	2.0	39.2
Query_291703	XM_038462040.1	100.000	21	0	0	1	21	334	314	2.0	39.2
Query_291703	XM_038462039.1	100.000	21	0	0	1	21	347	327	2.0	39.2
Query_291703	XM_038462038.1	100.000	21	0	0	1	21	368	348	2.0	39.2
Query_291703	XM_038462037.1	100.000	21	0	0	1	21	364	344	2.0	39.2
Query_291703	XM_038792896.1	100.000	21	0	0	1	21	342	322	2.0	39.2
Query_291703	XM_038792895.1	100.000	21	0	0	1	21	344	324	2.0	39.2
Query_291703	XM_038310764.1	100.000	21	0	0	1	21	315	295	2.0	39.2
Query_291703	XM_038310763.1	100.000	21	0	0	1	21	359	339	2.0	39.2
Query_291703	XM_038310762.1	100.000	21	0	0	1	21	388	368	2.0	39.2
Query_291703	XM_011553637.2	100.000	21	0	0	1	21	378	358	2.0	39.2
Query_291703	XM_037990392.1	100.000	21	0	0	1	21	540	520	2.0	39.2
Query_291703	XM_037990386.1	100.000	21	0	0	1	21	380	360	2.0	39.2
Query_291703	XM_037990381.1	100.000	21	0	0	1	21	220	200	2.0	39.2
Query_291703	XM_007999423.2	100.000	21	0	0	1	21	437	417	2.0	39.2
Query_291703	XM_037990373.1	100.000	21	0	0	1	21	435	415	2.0	39.2
Query_291703	XM_037990369.1	100.000	21	0	0	1	21	524	504	2.0	39.2
Query_291703	XM_037990364.1	100.000	21	0	0	1	21	698	678	2.0	39.2
Query_291703	XM_007999419.2	100.000	21	0	0	1	21	540	520	2.0	39.2
Query_291703	XM_007999418.2	100.000	21	0	0	1	21	618	598	2.0	39.2
Query_291703	XR_005197369.1	100.000	21	0	0	1	21	209	189	2.0	39.2
Query_291703	XM_017508657.2	100.000	21	0	0	1	21	432	412	2.0	39.2
Query_291703	XM_017508656.2	100.000	21	0	0	1	21	562	542	2.0	39.2
Query_291703	XM_017508655.2	100.000	21	0	0	1	21	336	316	2.0	39.2
Query_291703	XM_017508652.2	100.000	21	0	0	1	21	324	304	2.0	39.2
Query_291703	XM_017508651.2	100.000	21	0	0	1	21	513	493	2.0	39.2
Query_291703	XM_017508650.2	100.000	21	0	0	1	21	632	612	2.0	39.2
Query_291703	XR_001825684.2	100.000	21	0	0	1	21	273	253	2.0	39.2
Query_291703	XM_037509625.1	100.000	21	0	0	1	21	306	286	2.0	39.2
Query_291703	XM_037509624.1	100.000	21	0	0	1	21	256	236	2.0	39.2
Query_291703	XM_037509623.1	100.000	21	0	0	1	21	314	294	2.0	39.2
Query_291703	XM_037207130.1	100.000	21	0	0	1	21	129	109	2.0	39.2


