# blastn
# Iteration: 0
# Query: 
# RID: 73P67EJG01R
# Database: nt
# Fields: query acc.ver, subject acc.ver, % identity, alignment length, mismatches, gap opens, q. start, q. end, s. start, s. end, evalue, bit score
# 21 hits found
Query_441429	XM_003817410.4	100.000	21	0	0	1	21	987	967	2.0	39.2
Query_441429	XM_032162573.1	100.000	21	0	0	1	21	996	976	2.0	39.2
Query_441429	XM_019026567.2	100.000	21	0	0	1	21	1046	1026	2.0	39.2
Query_441429	XM_003272285.3	100.000	21	0	0	1	21	1348	1328	2.0	39.2
Query_441429	NM_005450.6	100.000	21	0	0	1	21	1002	982	2.0	39.2
Query_441429	CP034495.1	100.000	21	0	0	1	21	54672061	54672041	2.0	39.2
Query_441429	XM_523802.6	100.000	21	0	0	1	21	1057	1037	2.0	39.2
Query_441429	LT744950.1	100.000	21	0	0	1	21	964	944	2.0	39.2
Query_441429	KJ892724.1	100.000	21	0	0	1	21	542	522	2.0	39.2
Query_441429	CP068261.1	100.000	21	0	0	1	21	57471113	57471093	2.0	39.2
Query_441429	AP023477.1	100.000	21	0	0	1	21	54043913	54043893	2.0	39.2
Query_441429	NG_011958.1	100.000	21	0	0	1	21	6002	5982	2.0	39.2
Query_441429	CU689813.1	100.000	21	0	0	1	21	238	258	2.0	39.2
Query_441429	CU689812.1	100.000	21	0	0	1	21	493	473	2.0	39.2
Query_441429	AK314080.1	100.000	21	0	0	1	21	1002	982	2.0	39.2
Query_441429	BC034027.1	100.000	21	0	0	1	21	787	767	2.0	39.2
Query_441429	AC015724.9	100.000	21	0	0	1	21	61103	61123	2.0	39.2
Query_441429	AY890603.1	100.000	21	0	0	1	21	477	457	2.0	39.2
Query_441429	AY893078.1	100.000	21	0	0	1	21	477	457	2.0	39.2
Query_441429	AC005553.1	100.000	21	0	0	1	21	145726	145746	2.0	39.2
Query_441429	U31202.1	100.000	21	0	0	1	21	1288	1268	2.0	39.2


