# blastn
# Iteration: 0
# Query: 
# RID: 73PB0YAD013
# Database: nt
# Fields: query acc.ver, subject acc.ver, % identity, alignment length, mismatches, gap opens, q. start, q. end, s. start, s. end, evalue, bit score
# 20 hits found
Query_18771	XM_003817410.4	100.000	21	0	0	1	21	980	960	2.1	39.2
Query_18771	XM_032162573.1	100.000	21	0	0	1	21	989	969	2.1	39.2
Query_18771	XM_019026567.2	100.000	21	0	0	1	21	1039	1019	2.1	39.2
Query_18771	XM_003272285.3	100.000	21	0	0	1	21	1341	1321	2.1	39.2
Query_18771	NM_005450.6	100.000	21	0	0	1	21	995	975	2.1	39.2
Query_18771	CP034495.1	100.000	21	0	0	1	21	54672054	54672034	2.1	39.2
Query_18771	XM_523802.6	100.000	21	0	0	1	21	1050	1030	2.1	39.2
Query_18771	LT744950.1	100.000	21	0	0	1	21	957	937	2.1	39.2
Query_18771	KJ892724.1	100.000	21	0	0	1	21	535	515	2.1	39.2
Query_18771	CP068261.1	100.000	21	0	0	1	21	57471106	57471086	2.1	39.2
Query_18771	AP023477.1	100.000	21	0	0	1	21	54043906	54043886	2.1	39.2
Query_18771	NG_011958.1	100.000	21	0	0	1	21	5995	5975	2.1	39.2
Query_18771	CU689813.1	100.000	21	0	0	1	21	245	265	2.1	39.2
Query_18771	AK314080.1	100.000	21	0	0	1	21	995	975	2.1	39.2
Query_18771	BC034027.1	100.000	21	0	0	1	21	780	760	2.1	39.2
Query_18771	AC015724.9	100.000	21	0	0	1	21	61110	61130	2.1	39.2
Query_18771	AY890603.1	100.000	21	0	0	1	21	470	450	2.1	39.2
Query_18771	AY893078.1	100.000	21	0	0	1	21	470	450	2.1	39.2
Query_18771	AC005553.1	100.000	21	0	0	1	21	145733	145753	2.1	39.2
Query_18771	U31202.1	100.000	21	0	0	1	21	1281	1261	2.1	39.2


