# blastn
# Iteration: 0
# Query: 
# RID: 7RRZ61JA013
# Database: nt
# Fields: query acc.ver, subject acc.ver, % identity, alignment length, mismatches, gap opens, q. start, q. end, s. start, s. end, evalue, bit score
# 101 hits found
Query_29375	XM_040459764.1	100.000	21	0	0	1	21	264	244	2.1	39.2
Query_29375	XM_040459763.1	100.000	21	0	0	1	21	201	181	2.1	39.2
Query_29375	XM_040453115.1	100.000	21	0	0	1	21	189	169	2.1	39.2
Query_29375	XM_040483671.1	100.000	21	0	0	1	21	200	180	2.1	39.2
Query_29375	XM_013358595.3	100.000	21	0	0	1	21	176	156	2.1	39.2
Query_29375	XM_040275522.1	100.000	21	0	0	1	21	192	172	2.1	39.2
Query_29375	XM_040275521.1	100.000	21	0	0	1	21	195	175	2.1	39.2
Query_29375	XR_005722423.1	100.000	21	0	0	1	21	304	284	2.1	39.2
Query_29375	XM_040248193.1	100.000	21	0	0	1	21	177	157	2.1	39.2
Query_29375	XM_040248192.1	100.000	21	0	0	1	21	178	158	2.1	39.2
Query_29375	XM_040248190.1	100.000	21	0	0	1	21	244	224	2.1	39.2
Query_29375	XM_040248189.1	100.000	21	0	0	1	21	428	408	2.1	39.2
Query_29375	XM_040079728.1	100.000	21	0	0	1	21	225	205	2.1	39.2
Query_29375	HG994412.1	100.000	21	0	0	1	21	4440882	4440902	2.1	39.2
Query_29375	HG994402.1	100.000	21	0	0	1	21	6183068	6183048	2.1	39.2
Query_29375	HG994399.1	100.000	21	0	0	1	21	14112937	14112957	2.1	39.2
Query_29375	HG994399.1	100.000	21	0	0	1	21	55249525	55249505	2.1	39.2
Query_29375	HG994392.1	100.000	21	0	0	1	21	46905613	46905593	2.1	39.2
Query_29375	HG994388.1	100.000	21	0	0	1	21	62871758	62871778	2.1	39.2
Query_29375	HG994384.1	100.000	21	0	0	1	21	36595808	36595788	2.1	39.2
Query_29375	XM_039864584.1	100.000	21	0	0	1	21	262	242	2.1	39.2
Query_29375	XM_039719147.1	100.000	21	0	0	1	21	816	796	2.1	39.2
Query_29375	XM_039563285.1	100.000	21	0	0	1	21	226	206	2.1	39.2
Query_29375	XM_039498373.1	100.000	21	0	0	1	21	304	284	2.1	39.2
Query_29375	XM_039498372.1	100.000	21	0	0	1	21	299	279	2.1	39.2
Query_29375	XM_039498371.1	100.000	21	0	0	1	21	279	259	2.1	39.2
Query_29375	XM_010343114.2	100.000	21	0	0	1	21	401	381	2.1	39.2
Query_29375	XM_039479767.1	100.000	21	0	0	1	21	237	217	2.1	39.2
Query_29375	XM_039477794.1	100.000	21	0	0	1	21	185	165	2.1	39.2
Query_29375	XM_027751911.2	100.000	21	0	0	1	21	229	209	2.1	39.2
Query_29375	XM_027751910.2	100.000	21	0	0	1	21	236	216	2.1	39.2
Query_29375	XM_027751909.2	100.000	21	0	0	1	21	192	172	2.1	39.2
Query_29375	XM_039229992.1	100.000	21	0	0	1	21	173	153	2.1	39.2
Query_29375	XM_039229991.1	100.000	21	0	0	1	21	225	205	2.1	39.2
Query_29375	XM_038432767.1	100.000	21	0	0	1	21	237	217	2.1	39.2
Query_29375	XM_038687102.1	100.000	21	0	0	1	21	189	169	2.1	39.2
Query_29375	XR_005288650.1	100.000	21	0	0	1	21	218	198	2.1	39.2
Query_29375	XM_038369788.1	100.000	21	0	0	1	21	276	256	2.1	39.2
Query_29375	XM_038369787.1	100.000	21	0	0	1	21	216	196	2.1	39.2
Query_29375	XM_038330104.1	100.000	21	0	0	1	21	446	426	2.1	39.2
Query_29375	XM_038321457.1	100.000	21	0	0	1	21	486	466	2.1	39.2
Query_29375	XM_038345939.1	100.000	21	0	0	1	21	177	157	2.1	39.2
Query_29375	XM_038158905.1	100.000	21	0	0	1	21	284	264	2.1	39.2
Query_29375	XM_037988979.1	100.000	21	0	0	1	21	211	191	2.1	39.2
Query_29375	XM_037983802.1	100.000	21	0	0	1	21	196	176	2.1	39.2
Query_29375	XM_037982646.1	100.000	21	0	0	1	21	172	152	2.1	39.2
Query_29375	XM_008014322.2	100.000	21	0	0	1	21	468	448	2.1	39.2
Query_29375	XM_037982645.1	100.000	21	0	0	1	21	173	153	2.1	39.2
Query_29375	XM_008014318.2	100.000	21	0	0	1	21	328	308	2.1	39.2
Query_29375	XM_008014312.2	100.000	21	0	0	1	21	262	242	2.1	39.2
Query_29375	XM_037996789.1	100.000	21	0	0	1	21	194	174	2.1	39.2
Query_29375	XM_037915425.1	100.000	21	0	0	1	21	177	157	2.1	39.2
Query_29375	XM_037915423.1	100.000	21	0	0	1	21	302	282	2.1	39.2
Query_29375	XM_037821188.1	100.000	21	0	0	1	21	198	178	2.1	39.2
Query_29375	XM_037841023.1	100.000	21	0	0	1	21	177	157	2.1	39.2
Query_29375	XM_037810938.1	100.000	21	0	0	1	21	214	194	2.1	39.2
Query_29375	XM_037799127.1	100.000	21	0	0	1	21	177	157	2.1	39.2
Query_29375	XM_037735772.1	100.000	21	0	0	1	21	1960	1940	2.1	39.2
Query_29375	XM_037734717.1	100.000	21	0	0	1	21	190	170	2.1	39.2
Query_29375	XR_001817404.2	100.000	21	0	0	1	21	177	157	2.1	39.2
Query_29375	XR_005202231.1	100.000	21	0	0	1	21	192	172	2.1	39.2
Query_29375	XM_037739054.1	100.000	21	0	0	1	21	638	618	2.1	39.2
Query_29375	XM_017529922.2	100.000	21	0	0	1	21	265	245	2.1	39.2
Query_29375	XM_017529921.2	100.000	21	0	0	1	21	265	245	2.1	39.2
Query_29375	XM_037500285.1	100.000	21	0	0	1	21	226	206	2.1	39.2
Query_29375	XM_037403322.1	100.000	21	0	0	1	21	232	212	2.1	39.2
Query_29375	XM_037403321.1	100.000	21	0	0	1	21	177	157	2.1	39.2
Query_29375	XM_037403320.1	100.000	21	0	0	1	21	248	228	2.1	39.2
Query_29375	XM_037403319.1	100.000	21	0	0	1	21	217	197	2.1	39.2
Query_29375	XM_037207659.1	100.000	21	0	0	1	21	213	193	2.1	39.2
Query_29375	XM_028868577.2	100.000	21	0	0	1	21	489	469	2.1	39.2
Query_29375	XM_037167230.1	100.000	21	0	0	1	21	554	534	2.1	39.2
Query_29375	XM_037047414.1	100.000	21	0	0	1	21	177	157	2.1	39.2
Query_29375	XM_037059887.1	100.000	21	0	0	1	21	263	243	2.1	39.2
Query_29375	XM_017651907.2	100.000	21	0	0	1	21	296	276	2.1	39.2
Query_29375	XM_017651906.2	100.000	21	0	0	1	21	392	372	2.1	39.2
Query_29375	XM_017651904.2	100.000	21	0	0	1	21	284	264	2.1	39.2
Query_29375	XM_017651903.2	100.000	21	0	0	1	21	262	242	2.1	39.2
Query_29375	XM_036901999.1	100.000	21	0	0	1	21	285	265	2.1	39.2
Query_29375	XM_036901998.1	100.000	21	0	0	1	21	388	368	2.1	39.2
Query_29375	XM_036901997.1	100.000	21	0	0	1	21	174	154	2.1	39.2
Query_29375	XM_036901996.1	100.000	21	0	0	1	21	262	242	2.1	39.2
Query_29375	XM_036417745.1	100.000	21	0	0	1	21	243	223	2.1	39.2
Query_29375	XM_036417742.1	100.000	21	0	0	1	21	286	266	2.1	39.2
Query_29375	XM_036323833.1	100.000	21	0	0	1	21	311	291	2.1	39.2
Query_29375	XM_036244480.1	100.000	21	0	0	1	21	276	256	2.1	39.2
Query_29375	XM_036244479.1	100.000	21	0	0	1	21	207	187	2.1	39.2
Query_29375	XM_036244478.1	100.000	21	0	0	1	21	317	297	2.1	39.2
Query_29375	XM_036244476.1	100.000	21	0	0	1	21	229	209	2.1	39.2
Query_29375	XM_036244475.1	100.000	21	0	0	1	21	246	226	2.1	39.2
Query_29375	XM_036253164.1	100.000	21	0	0	1	21	177	157	2.1	39.2
Query_29375	XM_016143742.2	100.000	21	0	0	1	21	253	233	2.1	39.2
Query_29375	XM_036184029.1	100.000	21	0	0	1	21	351	331	2.1	39.2
Query_29375	XM_036064666.1	100.000	21	0	0	1	21	226	206	2.1	39.2
Query_29375	XM_036064665.1	100.000	21	0	0	1	21	175	155	2.1	39.2
Query_29375	XM_028523955.2	100.000	21	0	0	1	21	262	242	2.1	39.2
Query_29375	LR877231.1	100.000	21	0	0	1	21	72272282	72272302	2.1	39.2
Query_29375	LR877199.1	100.000	21	0	0	1	21	7487462	7487442	2.1	39.2
Query_29375	LR877198.1	100.000	21	0	0	1	21	4637089	4637109	2.1	39.2
Query_29375	XM_035900901.1	100.000	21	0	0	1	21	4064	4044	2.1	39.2
Query_29375	NM_001257398.2	100.000	21	0	0	1	21	338	318	2.1	39.2


