# blastn
# Iteration: 0
# Query: 
# RID: 7PJP4DKS016
# Database: nt
# Fields: query acc.ver, subject acc.ver, % identity, alignment length, mismatches, gap opens, q. start, q. end, s. start, s. end, evalue, bit score
# 100 hits found
Query_35473	XM_034995424.1	100.000	21	0	0	1	21	806	786	2.1	39.2
Query_35473	XM_034932123.1	100.000	21	0	0	1	21	698	678	2.1	39.2
Query_35473	XM_034932122.1	100.000	21	0	0	1	21	1011	991	2.1	39.2
Query_35473	XR_004664993.1	100.000	21	0	0	1	21	987	967	2.1	39.2
Query_35473	XM_034932121.1	100.000	21	0	0	1	21	1053	1033	2.1	39.2
Query_35473	XM_034932120.1	100.000	21	0	0	1	21	663	643	2.1	39.2
Query_35473	XM_034932119.1	100.000	21	0	0	1	21	939	919	2.1	39.2
Query_35473	XM_034932117.1	100.000	21	0	0	1	21	749	729	2.1	39.2
Query_35473	XM_034932116.1	100.000	21	0	0	1	21	1011	991	2.1	39.2
Query_35473	XM_034932115.1	100.000	21	0	0	1	21	1011	991	2.1	39.2
Query_35473	XM_027942433.2	100.000	21	0	0	1	21	1020	1000	2.1	39.2
Query_35473	XM_034495208.1	100.000	21	0	0	1	21	949	929	2.1	39.2
Query_35473	XM_034495199.1	100.000	21	0	0	1	21	984	964	2.1	39.2
Query_35473	CP050601.1	100.000	21	0	0	1	21	32807222	32807242	2.1	39.2
Query_35473	CP050624.1	100.000	21	0	0	1	21	32793559	32793579	2.1	39.2
Query_35473	XM_033207624.1	100.000	21	0	0	1	21	996	976	2.1	39.2
Query_35473	XM_033207623.1	100.000	21	0	0	1	21	1063	1043	2.1	39.2
Query_35473	XR_004436191.1	100.000	21	0	0	1	21	1066	1046	2.1	39.2
Query_35473	XR_004436190.1	100.000	21	0	0	1	21	1001	981	2.1	39.2
Query_35473	XM_033207622.1	100.000	21	0	0	1	21	1062	1042	2.1	39.2
Query_35473	XM_032853438.1	100.000	21	0	0	1	21	761	741	2.1	39.2
Query_35473	XR_004382158.1	100.000	21	0	0	1	21	763	743	2.1	39.2
Query_35473	XM_032853437.1	100.000	21	0	0	1	21	762	742	2.1	39.2
Query_35473	XM_032853436.1	100.000	21	0	0	1	21	762	742	2.1	39.2
Query_35473	XM_032853435.1	100.000	21	0	0	1	21	688	668	2.1	39.2
Query_35473	XM_032853434.1	100.000	21	0	0	1	21	760	740	2.1	39.2
Query_35473	XM_032166649.2	100.000	21	0	0	1	21	680	660	2.1	39.2
Query_35473	XM_032489050.1	100.000	21	0	0	1	21	1069	1049	2.1	39.2
Query_35473	XM_032489049.1	100.000	21	0	0	1	21	1070	1050	2.1	39.2
Query_35473	XM_032489048.1	100.000	21	0	0	1	21	1068	1048	2.1	39.2
Query_35473	XM_032489047.1	100.000	21	0	0	1	21	1069	1049	2.1	39.2
Query_35473	XM_032427394.1	100.000	21	0	0	1	21	695	675	2.1	39.2
Query_35473	XM_032427393.1	100.000	21	0	0	1	21	767	747	2.1	39.2
Query_35473	XM_032357951.1	100.000	21	0	0	1	21	833	813	2.1	39.2
Query_35473	XM_032357950.1	100.000	21	0	0	1	21	833	813	2.1	39.2
Query_35473	XM_032357949.1	100.000	21	0	0	1	21	833	813	2.1	39.2
Query_35473	XM_032357948.1	100.000	21	0	0	1	21	760	740	2.1	39.2
Query_35473	XM_032357947.1	100.000	21	0	0	1	21	832	812	2.1	39.2
Query_35473	XM_040456926.1	100.000	21	0	0	1	21	739	719	2.1	39.2
Query_35473	XM_040456925.1	100.000	21	0	0	1	21	774	754	2.1	39.2
Query_35473	XM_040456924.1	100.000	21	0	0	1	21	739	719	2.1	39.2
Query_35473	XM_040456923.1	100.000	21	0	0	1	21	777	757	2.1	39.2
Query_35473	XM_040456922.1	100.000	21	0	0	1	21	777	757	2.1	39.2
Query_35473	XM_040284772.1	100.000	21	0	0	1	21	658	638	2.1	39.2
Query_35473	XM_040258410.1	100.000	21	0	0	1	21	1015	995	2.1	39.2
Query_35473	HG994405.1	100.000	21	0	0	1	21	18298189	18298169	2.1	39.2
Query_35473	XM_039863542.1	100.000	21	0	0	1	21	781	761	2.1	39.2
Query_35473	XM_039470498.1	100.000	21	0	0	1	21	756	736	2.1	39.2
Query_35473	XM_039470497.1	100.000	21	0	0	1	21	1083	1063	2.1	39.2
Query_35473	XM_039470496.1	100.000	21	0	0	1	21	975	955	2.1	39.2
Query_35473	XM_039470495.1	100.000	21	0	0	1	21	1083	1063	2.1	39.2
Query_35473	XM_038430473.1	100.000	21	0	0	1	21	778	758	2.1	39.2
Query_35473	XM_038430472.1	100.000	21	0	0	1	21	778	758	2.1	39.2
Query_35473	XM_038341029.1	100.000	21	0	0	1	21	769	749	2.1	39.2
Query_35473	XM_038341024.1	100.000	21	0	0	1	21	769	749	2.1	39.2
Query_35473	XM_037999738.1	100.000	21	0	0	1	21	766	746	2.1	39.2
Query_35473	XM_037999737.1	100.000	21	0	0	1	21	1046	1026	2.1	39.2
Query_35473	XM_037999736.1	100.000	21	0	0	1	21	974	954	2.1	39.2
Query_35473	XM_008007293.2	100.000	21	0	0	1	21	1046	1026	2.1	39.2
Query_35473	XM_017500309.2	100.000	21	0	0	1	21	753	733	2.1	39.2
Query_35473	XM_037133802.1	100.000	21	0	0	1	21	1073	1053	2.1	39.2
Query_35473	XM_037026327.1	100.000	21	0	0	1	21	699	679	2.1	39.2
Query_35473	XM_037026326.1	100.000	21	0	0	1	21	771	751	2.1	39.2
Query_35473	XM_036930928.1	100.000	21	0	0	1	21	740	720	2.1	39.2
Query_35473	XM_036930927.1	100.000	21	0	0	1	21	812	792	2.1	39.2
Query_35473	XM_036860165.1	100.000	21	0	0	1	21	716	696	2.1	39.2
Query_35473	XM_036860164.1	100.000	21	0	0	1	21	788	768	2.1	39.2
Query_35473	XM_036428615.1	100.000	21	0	0	1	21	1030	1010	2.1	39.2
Query_35473	XM_036428614.1	100.000	21	0	0	1	21	1019	999	2.1	39.2
Query_35473	XR_004986364.1	100.000	21	0	0	1	21	1016	996	2.1	39.2
Query_35473	XM_036428612.1	100.000	21	0	0	1	21	1028	1008	2.1	39.2
Query_35473	XM_036428611.1	100.000	21	0	0	1	21	1007	987	2.1	39.2
Query_35473	XM_036428610.1	100.000	21	0	0	1	21	1016	996	2.1	39.2
Query_35473	XM_036428609.1	100.000	21	0	0	1	21	1011	991	2.1	39.2
Query_35473	XM_036428608.1	100.000	21	0	0	1	21	1010	990	2.1	39.2
Query_35473	XM_036428607.1	100.000	21	0	0	1	21	958	938	2.1	39.2
Query_35473	XM_036428606.1	100.000	21	0	0	1	21	1021	1001	2.1	39.2
Query_35473	XM_036428605.1	100.000	21	0	0	1	21	1030	1010	2.1	39.2
Query_35473	XM_036258063.1	100.000	21	0	0	1	21	1014	994	2.1	39.2
Query_35473	XM_036258062.1	100.000	21	0	0	1	21	718	698	2.1	39.2
Query_35473	XM_036258061.1	100.000	21	0	0	1	21	1014	994	2.1	39.2
Query_35473	XM_016147368.2	100.000	21	0	0	1	21	1023	1003	2.1	39.2
Query_35473	XM_036221862.1	100.000	21	0	0	1	21	766	746	2.1	39.2
Query_35473	XM_016147367.2	100.000	21	0	0	1	21	1023	1003	2.1	39.2
Query_35473	XM_036068907.1	100.000	21	0	0	1	21	717	697	2.1	39.2
Query_35473	XM_036068899.1	100.000	21	0	0	1	21	790	770	2.1	39.2
Query_35473	XM_028514394.2	100.000	21	0	0	1	21	1057	1037	2.1	39.2
Query_35473	XM_036028997.1	100.000	21	0	0	1	21	1059	1039	2.1	39.2
Query_35473	XM_028514393.2	100.000	21	0	0	1	21	984	964	2.1	39.2
Query_35473	XM_028514392.2	100.000	21	0	0	1	21	1056	1036	2.1	39.2
Query_35473	XM_027578364.2	100.000	21	0	0	1	21	877	857	2.1	39.2
Query_35473	XM_027578363.2	100.000	21	0	0	1	21	877	857	2.1	39.2
Query_35473	XM_027578362.2	100.000	21	0	0	1	21	877	857	2.1	39.2
Query_35473	LR862365.1	100.000	21	0	0	1	21	31652339	31652319	2.1	39.2
Query_35473	XM_035437289.1	100.000	21	0	0	1	21	783	763	2.1	39.2
Query_35473	XR_004767501.1	100.000	21	0	0	1	21	783	763	2.1	39.2
Query_35473	XM_003513382.4	100.000	21	0	0	1	21	783	763	2.1	39.2
Query_35473	XM_017977897.2	100.000	21	0	0	1	21	1046	1026	2.1	39.2
Query_35473	XM_017977895.2	100.000	21	0	0	1	21	974	954	2.1	39.2
Query_35473	XM_002755025.4	100.000	21	0	0	1	21	1046	1026	2.1	39.2


