# blastn
# Iteration: 0
# Query: 
# RID: 8Z0MN49F013
# Database: nt
# Fields: query acc.ver, subject acc.ver, % identity, alignment length, mismatches, gap opens, q. start, q. end, s. start, s. end, evalue, bit score
# 102 hits found
Query_53317	XM_035025393.1	100.000	21	0	0	1	21	376	356	2.1	39.2
Query_53317	XM_035025392.1	100.000	21	0	0	1	21	397	377	2.1	39.2
Query_53317	XM_034966417.1	100.000	21	0	0	1	21	1344	1324	2.1	39.2
Query_53317	XM_034957736.1	100.000	21	0	0	1	21	391	371	2.1	39.2
Query_53317	XM_034947440.1	100.000	21	0	0	1	21	574	554	2.1	39.2
Query_53317	XM_034947439.1	100.000	21	0	0	1	21	615	595	2.1	39.2
Query_53317	XM_003806555.2	100.000	21	0	0	1	21	490	470	2.1	39.2
Query_53317	XM_014343092.2	100.000	21	0	0	1	21	737	717	2.1	39.2
Query_53317	XM_011225023.3	100.000	21	0	0	1	21	339	319	2.1	39.2
Query_53317	XM_008698019.2	100.000	21	0	0	1	21	365	345	2.1	39.2
Query_53317	XM_008698018.2	100.000	21	0	0	1	21	343	323	2.1	39.2
Query_53317	XM_008698017.2	100.000	21	0	0	1	21	283	263	2.1	39.2
Query_53317	XM_008698016.2	100.000	21	0	0	1	21	409	389	2.1	39.2
Query_53317	XM_040457089.1	100.000	21	0	0	1	21	399	379	2.1	39.2
Query_53317	XM_040260091.1	100.000	21	0	0	1	21	308	288	2.1	39.2
Query_53317	HG994388.1	100.000	21	0	0	1	21	62871568	62871588	2.1	39.2
Query_53317	XM_039864588.1	100.000	21	0	0	1	21	573	553	2.1	39.2
Query_53317	XM_039864587.1	100.000	21	0	0	1	21	437	417	2.1	39.2
Query_53317	XM_039864586.1	100.000	21	0	0	1	21	2070	2050	2.1	39.2
Query_53317	XM_039864584.1	100.000	21	0	0	1	21	453	433	2.1	39.2
Query_53317	XM_010343114.2	100.000	21	0	0	1	21	592	572	2.1	39.2
Query_53317	XM_039479768.1	100.000	21	0	0	1	21	573	553	2.1	39.2
Query_53317	XM_039479767.1	100.000	21	0	0	1	21	428	408	2.1	39.2
Query_53317	XM_039477794.1	100.000	21	0	0	1	21	376	356	2.1	39.2
Query_53317	CP068258.1	100.000	21	0	0	1	21	3392897	3392917	2.1	39.2
Query_53317	CP068258.1	100.000	21	0	0	1	21	51852477	51852497	2.1	39.2
Query_53317	XM_038432768.1	100.000	21	0	0	1	21	324	304	2.1	39.2
Query_53317	XM_038432767.1	100.000	21	0	0	1	21	428	408	2.1	39.2
Query_53317	XM_038687102.1	100.000	21	0	0	1	21	380	360	2.1	39.2
Query_53317	XM_037988979.1	100.000	21	0	0	1	21	402	382	2.1	39.2
Query_53317	XM_037983802.1	100.000	21	0	0	1	21	387	367	2.1	39.2
Query_53317	XM_008014329.2	100.000	21	0	0	1	21	580	560	2.1	39.2
Query_53317	XM_037982646.1	100.000	21	0	0	1	21	363	343	2.1	39.2
Query_53317	XM_008014322.2	100.000	21	0	0	1	21	659	639	2.1	39.2
Query_53317	XM_037982645.1	100.000	21	0	0	1	21	364	344	2.1	39.2
Query_53317	XM_008014318.2	100.000	21	0	0	1	21	519	499	2.1	39.2
Query_53317	XM_008014312.2	100.000	21	0	0	1	21	453	433	2.1	39.2
Query_53317	XM_037821188.1	100.000	21	0	0	1	21	389	369	2.1	39.2
Query_53317	XM_037845652.1	100.000	21	0	0	1	21	317	297	2.1	39.2
Query_53317	XM_037844644.1	100.000	21	0	0	1	21	305	285	2.1	39.2
Query_53317	XM_037841024.1	100.000	21	0	0	1	21	242	222	2.1	39.2
Query_53317	XM_037841023.1	100.000	21	0	0	1	21	368	348	2.1	39.2
Query_53317	XM_037810938.1	100.000	21	0	0	1	21	405	385	2.1	39.2
Query_53317	XM_037799127.1	100.000	21	0	0	1	21	368	348	2.1	39.2
Query_53317	XM_037735772.1	100.000	21	0	0	1	21	2160	2140	2.1	39.2
Query_53317	XM_037734717.1	100.000	21	0	0	1	21	381	361	2.1	39.2
Query_53317	XR_001817404.2	100.000	21	0	0	1	21	366	346	2.1	39.2
Query_53317	XM_037743277.1	100.000	21	0	0	1	21	350	330	2.1	39.2
Query_53317	XR_005202231.1	100.000	21	0	0	1	21	383	363	2.1	39.2
Query_53317	XM_037739054.1	100.000	21	0	0	1	21	829	809	2.1	39.2
Query_53317	XR_005200512.1	100.000	21	0	0	1	21	665	645	2.1	39.2
Query_53317	XR_005200511.1	100.000	21	0	0	1	21	489	469	2.1	39.2
Query_53317	XR_005200510.1	100.000	21	0	0	1	21	717	697	2.1	39.2
Query_53317	XR_005200509.1	100.000	21	0	0	1	21	541	521	2.1	39.2
Query_53317	XM_017529922.2	100.000	21	0	0	1	21	456	436	2.1	39.2
Query_53317	XM_017529921.2	100.000	21	0	0	1	21	456	436	2.1	39.2
Query_53317	XM_017651907.2	100.000	21	0	0	1	21	487	467	2.1	39.2
Query_53317	XM_017651906.2	100.000	21	0	0	1	21	583	563	2.1	39.2
Query_53317	XM_017651904.2	100.000	21	0	0	1	21	475	455	2.1	39.2
Query_53317	XM_017651903.2	100.000	21	0	0	1	21	453	433	2.1	39.2
Query_53317	XM_036901999.1	100.000	21	0	0	1	21	476	456	2.1	39.2
Query_53317	XM_036901998.1	100.000	21	0	0	1	21	579	559	2.1	39.2
Query_53317	XM_036901997.1	100.000	21	0	0	1	21	365	345	2.1	39.2
Query_53317	XM_036901996.1	100.000	21	0	0	1	21	453	433	2.1	39.2
Query_53317	XM_036824864.1	100.000	21	0	0	1	21	347	327	2.1	39.2
Query_53317	XM_036824863.1	100.000	21	0	0	1	21	440	420	2.1	39.2
Query_53317	XM_036824862.1	100.000	21	0	0	1	21	614	594	2.1	39.2
Query_53317	XM_036824861.1	100.000	21	0	0	1	21	472	452	2.1	39.2
Query_53317	XM_036229301.1	100.000	21	0	0	1	21	573	553	2.1	39.2
Query_53317	XM_016143743.2	100.000	21	0	0	1	21	437	417	2.1	39.2
Query_53317	XM_036229300.1	100.000	21	0	0	1	21	3216	3196	2.1	39.2
Query_53317	XM_016143742.2	100.000	21	0	0	1	21	444	424	2.1	39.2
Query_53317	AP023480.1	100.000	21	0	0	1	21	3287683	3287703	2.1	39.2
Query_53317	AP023480.1	100.000	21	0	0	1	21	48145295	48145315	2.1	39.2
Query_53317	XM_036064668.1	100.000	21	0	0	1	21	366	346	2.1	39.2
Query_53317	XM_036064667.1	100.000	21	0	0	1	21	574	554	2.1	39.2
Query_53317	XM_036064666.1	100.000	21	0	0	1	21	417	397	2.1	39.2
Query_53317	XM_036064665.1	100.000	21	0	0	1	21	366	346	2.1	39.2
Query_53317	XM_036078322.1	100.000	21	0	0	1	21	848	828	2.1	39.2
Query_53317	XM_036077669.1	100.000	21	0	0	1	21	2184	2164	2.1	39.2
Query_53317	NM_001257398.2	100.000	21	0	0	1	21	529	509	2.1	39.2
Query_53317	NM_001282579.2	100.000	21	0	0	1	21	490	470	2.1	39.2
Query_53317	NM_001282576.2	100.000	21	0	0	1	21	664	644	2.1	39.2
Query_53317	XM_025470388.2	100.000	21	0	0	1	21	322	302	2.1	39.2
Query_53317	XM_035705783.1	100.000	21	0	0	1	21	489	469	2.1	39.2
Query_53317	XM_025470385.2	100.000	21	0	0	1	21	453	433	2.1	39.2
Query_53317	XM_035725421.1	100.000	21	0	0	1	21	245	225	2.1	39.2
Query_53317	XM_027621509.2	100.000	21	0	0	1	21	295	275	2.1	39.2
Query_53317	XM_027621508.2	100.000	21	0	0	1	21	421	401	2.1	39.2
Query_53317	XM_035728383.1	100.000	21	0	0	1	21	368	348	2.1	39.2
Query_53317	XM_035727077.1	100.000	21	0	0	1	21	377	357	2.1	39.2
Query_53317	XM_035726584.1	100.000	21	0	0	1	21	353	333	2.1	39.2
Query_53317	XM_027610880.2	100.000	21	0	0	1	21	242	222	2.1	39.2
Query_53317	XM_027610879.2	100.000	21	0	0	1	21	368	348	2.1	39.2
Query_53317	XM_035721998.1	100.000	21	0	0	1	21	317	297	2.1	39.2
Query_53317	XM_035721995.1	100.000	21	0	0	1	21	251	231	2.1	39.2
Query_53317	AC279488.1	100.000	21	0	0	1	21	37473	37493	2.1	39.2
Query_53317	XM_017971642.2	100.000	21	0	0	1	21	802	782	2.1	39.2
Query_53317	XM_035297863.1	100.000	21	0	0	1	21	623	603	2.1	39.2
Query_53317	XM_017971646.2	100.000	21	0	0	1	21	452	432	2.1	39.2
Query_53317	XM_035297862.1	100.000	21	0	0	1	21	854	834	2.1	39.2
Query_53317	XM_017971644.2	100.000	21	0	0	1	21	364	344	2.1	39.2


