# blastn
# Iteration: 0
# Query: 
# RID: 743Z3TB7013
# Database: nt
# Fields: query acc.ver, subject acc.ver, % identity, alignment length, mismatches, gap opens, q. start, q. end, s. start, s. end, evalue, bit score
# 23 hits found
Query_38041	XM_003826436.5	100.000	21	0	0	1	21	910	890	2.1	39.2
Query_38041	XR_004248146.1	100.000	21	0	0	1	21	202	182	2.1	39.2
Query_38041	XM_032152902.1	100.000	21	0	0	1	21	329	309	2.1	39.2
Query_38041	XM_004051152.3	100.000	21	0	0	1	21	329	309	2.1	39.2
Query_38041	XR_004029584.1	100.000	21	0	0	1	21	204	184	2.1	39.2
Query_38041	XM_030810123.1	100.000	21	0	0	1	21	329	309	2.1	39.2
Query_38041	NM_002559.5	100.000	21	0	0	1	21	327	307	2.1	39.2
Query_38041	XM_016920882.2	100.000	21	0	0	1	21	397	377	2.1	39.2
Query_38041	XM_001136930.4	100.000	21	0	0	1	21	380	360	2.1	39.2
Query_38041	XM_002821788.2	100.000	21	0	0	1	21	329	309	2.1	39.2
Query_38041	XR_949950.2	100.000	21	0	0	1	21	851	831	2.1	39.2
Query_38041	XM_011545071.2	100.000	21	0	0	1	21	847	827	2.1	39.2
Query_38041	XM_011545070.2	100.000	21	0	0	1	21	279	259	2.1	39.2
Query_38041	XM_011545069.2	100.000	21	0	0	1	21	973	953	2.1	39.2
Query_38041	XM_004437362.2	100.000	21	0	0	1	21	182	162	2.1	39.2
Query_38041	XM_008836139.1	100.000	21	0	0	1	21	633	613	2.1	39.2
Query_38041	BC109287.2	100.000	21	0	0	1	21	162	142	2.1	39.2
Query_38041	BC074793.2	100.000	21	0	0	1	21	159	139	2.1	39.2
Query_38041	BC074792.2	100.000	21	0	0	1	21	159	139	2.1	39.2
Query_38041	BC069162.1	100.000	21	0	0	1	21	204	184	2.1	39.2
Query_38041	AB016608.1	100.000	21	0	0	1	21	128	108	2.1	39.2
Query_38041	Y07683.1	100.000	21	0	0	1	21	293	273	2.1	39.2
Query_38041	AB302955.1	100.000	20	0	0	2	21	11347	11366	7.3	37.4


