# blastn
# Iteration: 0
# Query: 
# RID: 7RGC8WM5016
# Database: nt
# Fields: query acc.ver, subject acc.ver, % identity, alignment length, mismatches, gap opens, q. start, q. end, s. start, s. end, evalue, bit score
# 100 hits found
Query_16573	XM_034941314.1	100.000	21	0	0	1	21	783	763	2.1	39.2
Query_16573	XR_004430887.1	100.000	21	0	0	1	21	514	494	2.1	39.2
Query_16573	XR_004430886.1	100.000	21	0	0	1	21	767	747	2.1	39.2
Query_16573	XR_004430885.1	100.000	21	0	0	1	21	737	717	2.1	39.2
Query_16573	XR_004430884.1	100.000	21	0	0	1	21	643	623	2.1	39.2
Query_16573	XR_004430883.1	100.000	21	0	0	1	21	614	594	2.1	39.2
Query_16573	XM_033185036.1	100.000	21	0	0	1	21	798	778	2.1	39.2
Query_16573	XM_032498029.1	100.000	21	0	0	1	21	791	771	2.1	39.2
Query_16573	XM_032138345.1	100.000	21	0	0	1	21	801	781	2.1	39.2
Query_16573	XM_023184506.2	100.000	21	0	0	1	21	789	769	2.1	39.2
Query_16573	XR_004179314.1	100.000	21	0	0	1	21	1122	1102	2.1	39.2
Query_16573	XR_004179313.1	100.000	21	0	0	1	21	514	494	2.1	39.2
Query_16573	XM_003912123.3	100.000	21	0	0	1	21	792	772	2.1	39.2
Query_16573	XM_017950278.3	100.000	21	0	0	1	21	630	610	2.1	39.2
Query_16573	XM_031469532.1	100.000	21	0	0	1	21	791	771	2.1	39.2
Query_16573	XM_004058312.3	100.000	21	0	0	1	21	792	772	2.1	39.2
Query_16573	XM_010382186.2	100.000	21	0	0	1	21	792	772	2.1	39.2
Query_16573	XM_030800357.1	100.000	21	0	0	1	21	792	772	2.1	39.2
Query_16573	XM_008855635.3	100.000	21	0	0	1	21	745	725	2.1	39.2
Query_16573	XR_001440232.2	100.000	21	0	0	1	21	885	865	2.1	39.2
Query_16573	XR_001440230.2	100.000	21	0	0	1	21	658	638	2.1	39.2
Query_16573	XM_015118270.2	100.000	21	0	0	1	21	787	767	2.1	39.2
Query_16573	XM_028835904.1	100.000	21	0	0	1	21	515	495	2.1	39.2
Query_16573	XM_028534147.1	100.000	21	0	0	1	21	787	767	2.1	39.2
Query_16573	XM_028498186.1	100.000	21	0	0	1	21	797	777	2.1	39.2
Query_16573	XM_026884499.1	100.000	21	0	0	1	21	525	505	2.1	39.2
Query_16573	XM_026884498.1	100.000	21	0	0	1	21	523	503	2.1	39.2
Query_16573	XM_026889380.1	100.000	21	0	0	1	21	406	386	2.1	39.2
Query_16573	XR_003614222.1	100.000	21	0	0	1	21	1015	995	2.1	39.2
Query_16573	XM_008156752.2	100.000	21	0	0	1	21	774	754	2.1	39.2
Query_16573	XM_028133010.1	100.000	21	0	0	1	21	1115	1095	2.1	39.2
Query_16573	XM_028133009.1	100.000	21	0	0	1	21	997	977	2.1	39.2
Query_16573	XR_003614221.1	100.000	21	0	0	1	21	1088	1068	2.1	39.2
Query_16573	XM_028133008.1	100.000	21	0	0	1	21	1085	1065	2.1	39.2
Query_16573	XR_003590717.1	100.000	21	0	0	1	21	838	818	2.1	39.2
Query_16573	XM_027975112.1	100.000	21	0	0	1	21	801	781	2.1	39.2
Query_16573	XM_025362958.1	100.000	21	0	0	1	21	792	772	2.1	39.2
Query_16573	XM_025280830.1	100.000	21	0	0	1	21	406	386	2.1	39.2
Query_16573	XM_006079676.2	100.000	21	0	0	1	21	752	732	2.1	39.2
Query_16573	XM_006922213.3	100.000	21	0	0	1	21	913	893	2.1	39.2
Query_16573	XR_981472.2	100.000	21	0	0	1	21	559	539	2.1	39.2
Query_16573	XR_003016002.1	100.000	21	0	0	1	21	662	642	2.1	39.2
Query_16573	XR_981462.2	100.000	21	0	0	1	21	1084	1064	2.1	39.2
Query_16573	XR_003015996.1	100.000	21	0	0	1	21	938	918	2.1	39.2
Query_16573	XR_981464.2	100.000	21	0	0	1	21	1116	1096	2.1	39.2
Query_16573	XM_024790008.1	100.000	21	0	0	1	21	1535	1515	2.1	39.2
Query_16573	XM_009431600.3	100.000	21	0	0	1	21	418	398	2.1	39.2
Query_16573	XM_016931252.2	100.000	21	0	0	1	21	792	772	2.1	39.2
Query_16573	XM_011479557.3	100.000	21	0	0	1	21	553	533	2.1	39.2
Query_16573	XM_004072769.4	100.000	21	0	0	1	21	553	533	2.1	39.2
Query_16573	XR_002826840.1	100.000	21	0	0	1	21	751	731	2.1	39.2
Query_16573	XM_006105276.3	100.000	21	0	0	1	21	748	728	2.1	39.2
Query_16573	XM_006093772.3	100.000	21	0	0	1	21	647	627	2.1	39.2
Query_16573	XM_023530459.1	100.000	21	0	0	1	21	379	359	2.1	39.2
Query_16573	XM_023530458.1	100.000	21	0	0	1	21	433	413	2.1	39.2
Query_16573	XM_003799047.3	100.000	21	0	0	1	21	790	770	2.1	39.2
Query_16573	XM_008047888.2	100.000	21	0	0	1	21	797	777	2.1	39.2
Query_16573	XM_021671288.1	100.000	21	0	0	1	21	386	366	2.1	39.2
Query_16573	XM_021326811.1	100.000	21	0	0	1	21	546	526	2.1	39.2
Query_16573	XM_021326810.1	100.000	21	0	0	1	21	560	540	2.1	39.2
Query_16573	XM_020882859.1	100.000	21	0	0	1	21	740	720	2.1	39.2
Query_16573	XR_001157657.2	100.000	21	0	0	1	21	1089	1069	2.1	39.2
Query_16573	XR_001157656.2	100.000	21	0	0	1	21	1121	1101	2.1	39.2
Query_16573	XR_001157655.2	100.000	21	0	0	1	21	662	642	2.1	39.2
Query_16573	LT734953.1	100.000	21	0	0	1	21	917	897	2.1	39.2
Query_16573	XM_020163490.1	100.000	21	0	0	1	21	545	525	2.1	39.2
Query_16573	XM_019659874.1	100.000	21	0	0	1	21	723	703	2.1	39.2
Query_16573	XR_002125946.1	100.000	21	0	0	1	21	688	668	2.1	39.2
Query_16573	XM_019659873.1	100.000	21	0	0	1	21	544	524	2.1	39.2
Query_16573	XM_019659872.1	100.000	21	0	0	1	21	631	611	2.1	39.2
Query_16573	XM_019659871.1	100.000	21	0	0	1	21	688	668	2.1	39.2
Query_16573	XM_018064440.1	100.000	21	0	0	1	21	767	747	2.1	39.2
Query_16573	XM_017860189.1	100.000	21	0	0	1	21	804	784	2.1	39.2
Query_16573	XM_016200954.1	100.000	21	0	0	1	21	677	657	2.1	39.2
Query_16573	XM_007521102.2	100.000	21	0	0	1	21	619	599	2.1	39.2
Query_16573	XM_016187815.1	100.000	21	0	0	1	21	555	535	2.1	39.2
Query_16573	XM_040270543.1	100.000	21	0	0	1	21	964	944	2.1	39.2
Query_16573	XR_005721604.1	100.000	21	0	0	1	21	837	817	2.1	39.2
Query_16573	XR_005721603.1	100.000	21	0	0	1	21	867	847	2.1	39.2
Query_16573	XM_040243712.1	100.000	21	0	0	1	21	801	781	2.1	39.2
Query_16573	XR_005658082.1	100.000	21	0	0	1	21	615	595	2.1	39.2
Query_16573	XM_039886420.1	100.000	21	0	0	1	21	784	764	2.1	39.2
Query_16573	XM_039476665.1	100.000	21	0	0	1	21	813	793	2.1	39.2
Query_16573	XR_005236751.1	100.000	21	0	0	1	21	624	604	2.1	39.2
Query_16573	XR_005236750.1	100.000	21	0	0	1	21	612	592	2.1	39.2
Query_16573	XM_008009911.2	100.000	21	0	0	1	21	796	776	2.1	39.2
Query_16573	XM_017512180.2	100.000	21	0	0	1	21	785	765	2.1	39.2
Query_16573	XM_037495089.1	100.000	21	0	0	1	21	757	737	2.1	39.2
Query_16573	XM_037022823.1	100.000	21	0	0	1	21	519	499	2.1	39.2
Query_16573	XM_036887031.1	100.000	21	0	0	1	21	524	504	2.1	39.2
Query_16573	XM_036452373.1	100.000	21	0	0	1	21	785	765	2.1	39.2
Query_16573	XM_036341263.1	100.000	21	0	0	1	21	575	555	2.1	39.2
Query_16573	XM_036341262.1	100.000	21	0	0	1	21	748	728	2.1	39.2
Query_16573	XM_036341261.1	100.000	21	0	0	1	21	520	500	2.1	39.2
Query_16573	XM_036341260.1	100.000	21	0	0	1	21	529	509	2.1	39.2
Query_16573	XM_036268448.1	100.000	21	0	0	1	21	686	666	2.1	39.2
Query_16573	XM_016138806.2	100.000	21	0	0	1	21	898	878	2.1	39.2
Query_16573	NM_003342.5	100.000	21	0	0	1	21	789	769	2.1	39.2
Query_16573	XR_004743113.1	100.000	21	0	0	1	21	881	861	2.1	39.2
Query_16573	XM_002747845.5	100.000	21	0	0	1	21	802	782	2.1	39.2


