# blastn
# Iteration: 0
# Query: 
# RID: 6U9RA4UD01N
# Database: nt
# Fields: query acc.ver, subject acc.ver, % identity, alignment length, mismatches, gap opens, q. start, q. end, s. start, s. end, evalue, bit score
# 100 hits found
Query_135313	XM_034966245.1	100.000	21	0	0	1	21	336	316	2.0	39.2
Query_135313	XM_003831319.3	100.000	21	0	0	1	21	344	324	2.0	39.2
Query_135313	XM_008956682.2	100.000	21	0	0	1	21	343	323	2.0	39.2
Query_135313	XM_034966244.1	100.000	21	0	0	1	21	671	651	2.0	39.2
Query_135313	AP023169.1	100.000	21	0	0	1	21	25538266	25538286	2.0	39.2
Query_135313	XM_034763139.1	100.000	21	0	0	1	21	261	241	2.0	39.2
Query_135313	XM_034763138.1	100.000	21	0	0	1	21	370	350	2.0	39.2
Query_135313	XM_034763137.1	100.000	21	0	0	1	21	370	350	2.0	39.2
Query_135313	XM_019925177.2	100.000	21	0	0	1	21	345	325	2.0	39.2
Query_135313	XM_033512299.1	100.000	21	0	0	1	21	262	242	2.0	39.2
Query_135313	XM_033512298.1	100.000	21	0	0	1	21	309	289	2.0	39.2
Query_135313	XR_002001296.2	100.000	21	0	0	1	21	309	289	2.0	39.2
Query_135313	XR_001519278.2	100.000	21	0	0	1	21	309	289	2.0	39.2
Query_135313	XM_015617027.2	100.000	21	0	0	1	21	309	289	2.0	39.2
Query_135313	XM_019005559.2	100.000	21	0	0	1	21	423	403	2.0	39.2
Query_135313	XM_004280566.3	100.000	21	0	0	1	21	345	325	2.0	39.2
Query_135313	XM_033202826.1	100.000	21	0	0	1	21	337	317	2.0	39.2
Query_135313	XM_033202825.1	100.000	21	0	0	1	21	344	324	2.0	39.2
Query_135313	XM_033126722.1	100.000	21	0	0	1	21	335	315	2.0	39.2
Query_135313	XM_033064964.1	100.000	21	0	0	1	21	355	335	2.0	39.2
Query_135313	HG999736.1	100.000	21	0	0	1	21	35275019	35274999	2.0	39.2
Query_135313	XM_040293935.1	100.000	21	0	0	1	21	322	302	2.0	39.2
Query_135313	XM_005335831.3	100.000	21	0	0	1	21	350	330	2.0	39.2
Query_135313	XM_040262050.1	100.000	21	0	0	1	21	343	323	2.0	39.2
Query_135313	XR_005701571.1	100.000	21	0	0	1	21	301	281	2.0	39.2
Query_135313	XM_040068808.1	100.000	21	0	0	1	21	330	310	2.0	39.2
Query_135313	XM_040068806.1	100.000	21	0	0	1	21	300	280	2.0	39.2
Query_135313	XR_005626829.1	100.000	21	0	0	1	21	307	287	2.0	39.2
Query_135313	XM_039702821.1	100.000	21	0	0	1	21	307	287	2.0	39.2
Query_135313	XR_005626828.1	100.000	21	0	0	1	21	307	287	2.0	39.2
Query_135313	XR_005626827.1	100.000	21	0	0	1	21	307	287	2.0	39.2
Query_135313	XM_039702820.1	100.000	21	0	0	1	21	306	286	2.0	39.2
Query_135313	XM_039702819.1	100.000	21	0	0	1	21	663	643	2.0	39.2
Query_135313	XM_039702818.1	100.000	21	0	0	1	21	264	244	2.0	39.2
Query_135313	XM_039702817.1	100.000	21	0	0	1	21	307	287	2.0	39.2
Query_135313	XM_039571522.1	100.000	21	0	0	1	21	336	316	2.0	39.2
Query_135313	XM_039571520.1	100.000	21	0	0	1	21	283	263	2.0	39.2
Query_135313	XM_039571516.1	100.000	21	0	0	1	21	286	266	2.0	39.2
Query_135313	XM_039524425.1	100.000	21	0	0	1	21	362	342	2.0	39.2
Query_135313	XM_039524424.1	100.000	21	0	0	1	21	361	341	2.0	39.2
Query_135313	XM_039524423.1	100.000	21	0	0	1	21	363	343	2.0	39.2
Query_135313	XM_039524422.1	100.000	21	0	0	1	21	363	343	2.0	39.2
Query_135313	XM_003940686.2	100.000	21	0	0	1	21	344	324	2.0	39.2
Query_135313	XM_039379837.1	100.000	21	0	0	1	21	294	274	2.0	39.2
Query_135313	XM_039379836.1	100.000	21	0	0	1	21	326	306	2.0	39.2
Query_135313	XM_039379835.1	100.000	21	0	0	1	21	341	321	2.0	39.2
Query_135313	XM_027722050.2	100.000	21	0	0	1	21	341	321	2.0	39.2
Query_135313	XM_039238384.1	100.000	21	0	0	1	21	259	239	2.0	39.2
Query_135313	XM_039238383.1	100.000	21	0	0	1	21	343	323	2.0	39.2
Query_135313	XM_038392137.1	100.000	21	0	0	1	21	627	607	2.0	39.2
Query_135313	XM_038392136.1	100.000	21	0	0	1	21	435	415	2.0	39.2
Query_135313	XM_038392135.1	100.000	21	0	0	1	21	420	400	2.0	39.2
Query_135313	XR_005255694.1	100.000	21	0	0	1	21	309	289	2.0	39.2
Query_135313	XM_038126984.1	100.000	21	0	0	1	21	226	206	2.0	39.2
Query_135313	XM_038126983.1	100.000	21	0	0	1	21	309	289	2.0	39.2
Query_135313	XM_038126982.1	100.000	21	0	0	1	21	271	251	2.0	39.2
Query_135313	XM_038126981.1	100.000	21	0	0	1	21	310	290	2.0	39.2
Query_135313	XM_008000897.2	100.000	21	0	0	1	21	391	371	2.0	39.2
Query_135313	XM_038000381.1	100.000	21	0	0	1	21	442	422	2.0	39.2
Query_135313	XM_008000899.2	100.000	21	0	0	1	21	364	344	2.0	39.2
Query_135313	XM_037892427.1	100.000	21	0	0	1	21	375	355	2.0	39.2
Query_135313	XM_037892426.1	100.000	21	0	0	1	21	345	325	2.0	39.2
Query_135313	XM_037892425.1	100.000	21	0	0	1	21	375	355	2.0	39.2
Query_135313	XM_037892424.1	100.000	21	0	0	1	21	375	355	2.0	39.2
Query_135313	XM_037892423.1	100.000	21	0	0	1	21	375	355	2.0	39.2
Query_135313	XM_037830081.1	100.000	21	0	0	1	21	280	260	2.0	39.2
Query_135313	XM_037802819.1	100.000	21	0	0	1	21	271	251	2.0	39.2
Query_135313	XM_037802818.1	100.000	21	0	0	1	21	281	261	2.0	39.2
Query_135313	XM_037735437.1	100.000	21	0	0	1	21	297	277	2.0	39.2
Query_135313	XM_017520170.2	100.000	21	0	0	1	21	337	317	2.0	39.2
Query_135313	XM_017520171.2	100.000	21	0	0	1	21	344	324	2.0	39.2
Query_135313	XM_037505287.1	100.000	21	0	0	1	21	625	605	2.0	39.2
Query_135313	XM_037505278.1	100.000	21	0	0	1	21	357	337	2.0	39.2
Query_135313	XM_037505272.1	100.000	21	0	0	1	21	344	324	2.0	39.2
Query_135313	XM_037379052.1	100.000	21	0	0	1	21	387	367	2.0	39.2
Query_135313	XM_037379051.1	100.000	21	0	0	1	21	547	527	2.0	39.2
Query_135313	XR_005102966.1	100.000	21	0	0	1	21	371	351	2.0	39.2
Query_135313	XM_037379050.1	100.000	21	0	0	1	21	371	351	2.0	39.2
Query_135313	XM_037039733.1	100.000	21	0	0	1	21	470	450	2.0	39.2
Query_135313	XM_037039732.1	100.000	21	0	0	1	21	377	357	2.0	39.2
Query_135313	XM_037039731.1	100.000	21	0	0	1	21	358	338	2.0	39.2
Query_135313	XM_037039730.1	100.000	21	0	0	1	21	358	338	2.0	39.2
Query_135313	XM_037039729.1	100.000	21	0	0	1	21	358	338	2.0	39.2
Query_135313	XM_037039728.1	100.000	21	0	0	1	21	358	338	2.0	39.2
Query_135313	XM_037039727.1	100.000	21	0	0	1	21	358	338	2.0	39.2
Query_135313	XM_036830372.1	100.000	21	0	0	1	21	292	272	2.0	39.2
Query_135313	XM_004588053.3	100.000	21	0	0	1	21	346	326	2.0	39.2
Query_135313	XM_036437154.1	100.000	21	0	0	1	21	349	329	2.0	39.2
Query_135313	XM_036401219.1	100.000	21	0	0	1	21	287	267	2.0	39.2
Query_135313	XM_035890058.1	100.000	21	0	0	1	21	311	291	2.0	39.2
Query_135313	XM_009634491.2	100.000	21	0	0	1	21	302	282	2.0	39.2
Query_135313	XM_035414870.1	100.000	21	0	0	1	21	367	347	2.0	39.2
Query_135313	XM_035414869.1	100.000	21	0	0	1	21	377	357	2.0	39.2
Query_135313	XM_008982789.4	100.000	21	0	0	1	21	419	399	2.0	39.2
Query_135313	XR_004735403.1	100.000	21	0	0	1	21	571	551	2.0	39.2
Query_135313	XM_035277257.1	100.000	21	0	0	1	21	245	225	2.0	39.2
Query_135313	XM_035277256.1	100.000	21	0	0	1	21	329	309	2.0	39.2
Query_135313	XM_008982790.3	100.000	21	0	0	1	21	504	484	2.0	39.2
Query_135313	XM_002759002.5	100.000	21	0	0	1	21	363	343	2.0	39.2
Query_135313	XM_002759003.5	100.000	21	0	0	1	21	391	371	2.0	39.2


