# blastn
# Iteration: 0
# Query: 
# RID: 6MW4XX2K01R
# Database: nt
# Fields: query acc.ver, subject acc.ver, % identity, alignment length, mismatches, gap opens, q. start, q. end, s. start, s. end, evalue, bit score
# 100 hits found
Query_126233	XM_025190945.1	100.000	21	0	0	1	21	1583	1563	2.0	39.2
Query_126233	XM_025190944.1	100.000	21	0	0	1	21	1616	1596	2.0	39.2
Query_126233	XM_016152060.2	100.000	21	0	0	1	21	1815	1795	2.0	39.2
Query_126233	XM_016152061.2	100.000	21	0	0	1	21	1882	1862	2.0	39.2
Query_126233	XM_036236685.1	100.000	21	0	0	1	21	1969	1949	2.0	39.2
Query_126233	XM_036236684.1	100.000	21	0	0	1	21	1970	1950	2.0	39.2
Query_126233	XM_016152055.2	100.000	21	0	0	1	21	1906	1886	2.0	39.2
Query_126233	XM_016152058.2	100.000	21	0	0	1	21	1974	1954	2.0	39.2
Query_126233	XM_034932123.1	100.000	20	0	0	2	21	1559	1540	7.1	37.4
Query_126233	XM_034932122.1	100.000	20	0	0	2	21	1872	1853	7.1	37.4
Query_126233	XR_004664993.1	100.000	20	0	0	2	21	1848	1829	7.1	37.4
Query_126233	XM_034932121.1	100.000	20	0	0	2	21	1914	1895	7.1	37.4
Query_126233	XM_034932120.1	100.000	20	0	0	2	21	1524	1505	7.1	37.4
Query_126233	XM_034932119.1	100.000	20	0	0	2	21	1800	1781	7.1	37.4
Query_126233	XM_034932117.1	100.000	20	0	0	2	21	1610	1591	7.1	37.4
Query_126233	XM_034932116.1	100.000	20	0	0	2	21	1872	1853	7.1	37.4
Query_126233	XM_034932115.1	100.000	20	0	0	2	21	1872	1853	7.1	37.4
Query_126233	XM_033862515.1	100.000	20	0	0	2	21	1837	1818	7.1	37.4
Query_126233	XM_033862513.1	100.000	20	0	0	2	21	1836	1817	7.1	37.4
Query_126233	XM_033862512.1	100.000	20	0	0	2	21	1873	1854	7.1	37.4
Query_126233	XM_033404430.1	100.000	20	0	0	2	21	1814	1795	7.1	37.4
Query_126233	XM_033207624.1	100.000	20	0	0	2	21	1857	1838	7.1	37.4
Query_126233	XM_033207623.1	100.000	20	0	0	2	21	1924	1905	7.1	37.4
Query_126233	XR_004436191.1	100.000	20	0	0	2	21	1927	1908	7.1	37.4
Query_126233	XR_004436190.1	100.000	20	0	0	2	21	1862	1843	7.1	37.4
Query_126233	XM_033207622.1	100.000	20	0	0	2	21	1923	1904	7.1	37.4
Query_126233	XM_033120108.1	100.000	20	0	0	2	21	1794	1775	7.1	37.4
Query_126233	XM_033120107.1	100.000	20	0	0	2	21	1866	1847	7.1	37.4
Query_126233	XM_032166649.2	100.000	20	0	0	2	21	1541	1522	7.1	37.4
Query_126233	XM_032641658.1	100.000	20	0	0	2	21	1907	1888	7.1	37.4
Query_126233	XM_032641657.1	100.000	20	0	0	2	21	1528	1509	7.1	37.4
Query_126233	XM_032641656.1	100.000	20	0	0	2	21	1903	1884	7.1	37.4
Query_126233	XM_032489050.1	100.000	20	0	0	2	21	1930	1911	7.1	37.4
Query_126233	XM_032489049.1	100.000	20	0	0	2	21	1979	1960	7.1	37.4
Query_126233	XM_032489048.1	100.000	20	0	0	2	21	1929	1910	7.1	37.4
Query_126233	XM_032489047.1	100.000	20	0	0	2	21	1978	1959	7.1	37.4
Query_126233	XM_032240510.1	100.000	20	0	0	2	21	1749	1730	7.1	37.4
Query_126233	XM_032166651.1	100.000	20	0	0	2	21	1508	1489	7.1	37.4
Query_126233	XR_004250229.1	100.000	20	0	0	2	21	1482	1463	7.1	37.4
Query_126233	XM_031933959.1	100.000	20	0	0	2	21	1874	1855	7.1	37.4
Query_126233	XM_023189815.3	100.000	20	0	0	2	21	1941	1922	7.1	37.4
Query_126233	XM_023189814.3	100.000	20	0	0	2	21	1940	1921	7.1	37.4
Query_126233	XM_031681219.1	100.000	20	0	0	2	21	1555	1536	7.1	37.4
Query_126233	XM_031653328.1	100.000	20	0	0	2	21	1928	1909	7.1	37.4
Query_126233	XR_004177484.1	100.000	20	0	0	2	21	1928	1909	7.1	37.4
Query_126233	XR_004177483.1	100.000	20	0	0	2	21	1928	1909	7.1	37.4
Query_126233	XM_040258410.1	100.000	20	0	0	2	21	1876	1857	7.1	37.4
Query_126233	XM_039863542.1	100.000	20	0	0	2	21	1642	1623	7.1	37.4
Query_126233	XM_039470498.1	100.000	20	0	0	2	21	1617	1598	7.1	37.4
Query_126233	XM_039470497.1	100.000	20	0	0	2	21	1944	1925	7.1	37.4
Query_126233	XM_039470496.1	100.000	20	0	0	2	21	1836	1817	7.1	37.4
Query_126233	XM_039470495.1	100.000	20	0	0	2	21	1944	1925	7.1	37.4
Query_126233	XM_039244588.1	100.000	20	0	0	2	21	1631	1612	7.1	37.4
Query_126233	XM_038808165.1	100.000	20	0	0	2	21	1744	1725	7.1	37.4
Query_126233	XM_037999738.1	100.000	20	0	0	2	21	1627	1608	7.1	37.4
Query_126233	XM_037999737.1	100.000	20	0	0	2	21	1907	1888	7.1	37.4
Query_126233	XM_037999736.1	100.000	20	0	0	2	21	1835	1816	7.1	37.4
Query_126233	XM_008007293.2	100.000	20	0	0	2	21	1907	1888	7.1	37.4
Query_126233	XM_017500309.2	100.000	20	0	0	2	21	1614	1595	7.1	37.4
Query_126233	XM_037522637.1	100.000	20	0	0	2	21	1871	1852	7.1	37.4
Query_126233	XM_037133802.1	100.000	20	0	0	2	21	1934	1915	7.1	37.4
Query_126233	XM_037026327.1	100.000	20	0	0	2	21	1560	1541	7.1	37.4
Query_126233	XM_037026326.1	100.000	20	0	0	2	21	1632	1613	7.1	37.4
Query_126233	XM_036930928.1	100.000	20	0	0	2	21	1601	1582	7.1	37.4
Query_126233	XM_036930927.1	100.000	20	0	0	2	21	1673	1654	7.1	37.4
Query_126233	XM_036860165.1	100.000	20	0	0	2	21	1577	1558	7.1	37.4
Query_126233	XM_036860164.1	100.000	20	0	0	2	21	1649	1630	7.1	37.4
Query_126233	XM_036428615.1	100.000	20	0	0	2	21	1891	1872	7.1	37.4
Query_126233	XM_036428614.1	100.000	20	0	0	2	21	1880	1861	7.1	37.4
Query_126233	XR_004986364.1	100.000	20	0	0	2	21	1877	1858	7.1	37.4
Query_126233	XM_036428612.1	100.000	20	0	0	2	21	1889	1870	7.1	37.4
Query_126233	XM_036428611.1	100.000	20	0	0	2	21	1550	1531	7.1	37.4
Query_126233	XM_036428610.1	100.000	20	0	0	2	21	1877	1858	7.1	37.4
Query_126233	XM_036428609.1	100.000	20	0	0	2	21	1872	1853	7.1	37.4
Query_126233	XM_036428608.1	100.000	20	0	0	2	21	1871	1852	7.1	37.4
Query_126233	XM_036428607.1	100.000	20	0	0	2	21	1819	1800	7.1	37.4
Query_126233	XM_036428606.1	100.000	20	0	0	2	21	1882	1863	7.1	37.4
Query_126233	XM_036428605.1	100.000	20	0	0	2	21	1891	1872	7.1	37.4
Query_126233	XM_036325330.1	100.000	20	0	0	2	21	1862	1843	7.1	37.4
Query_126233	XM_036325329.1	100.000	20	0	0	2	21	1866	1847	7.1	37.4
Query_126233	XM_036325328.1	100.000	20	0	0	2	21	1866	1847	7.1	37.4
Query_126233	XM_036325327.1	100.000	20	0	0	2	21	1864	1845	7.1	37.4
Query_126233	XM_036325326.1	100.000	20	0	0	2	21	1865	1846	7.1	37.4
Query_126233	XM_036325325.1	100.000	20	0	0	2	21	1864	1845	7.1	37.4
Query_126233	XM_036325324.1	100.000	20	0	0	2	21	1864	1845	7.1	37.4
Query_126233	XM_036325323.1	100.000	20	0	0	2	21	1567	1548	7.1	37.4
Query_126233	XM_036325322.1	100.000	20	0	0	2	21	1864	1845	7.1	37.4
Query_126233	XM_036325321.1	100.000	20	0	0	2	21	1863	1844	7.1	37.4
Query_126233	XM_036325320.1	100.000	20	0	0	2	21	1865	1846	7.1	37.4
Query_126233	XM_036325319.1	100.000	20	0	0	2	21	1863	1844	7.1	37.4
Query_126233	XM_036258063.1	100.000	20	0	0	2	21	1875	1856	7.1	37.4
Query_126233	XM_036258062.1	100.000	20	0	0	2	21	1579	1560	7.1	37.4
Query_126233	XM_036258061.1	100.000	20	0	0	2	21	1875	1856	7.1	37.4
Query_126233	XM_016147368.2	100.000	20	0	0	2	21	1884	1865	7.1	37.4
Query_126233	XM_036221862.1	100.000	20	0	0	2	21	1627	1608	7.1	37.4
Query_126233	XM_016147367.2	100.000	20	0	0	2	21	1884	1865	7.1	37.4
Query_126233	LR862365.1	100.000	20	0	0	2	21	31666347	31666328	7.1	37.4
Query_126233	XM_017977897.2	100.000	20	0	0	2	21	1907	1888	7.1	37.4
Query_126233	XM_017977895.2	100.000	20	0	0	2	21	1835	1816	7.1	37.4
Query_126233	XM_002755025.4	100.000	20	0	0	2	21	1907	1888	7.1	37.4


