# blastn
# Iteration: 0
# Query: 
# RID: 8YH4T31U01N
# Database: nt
# Fields: query acc.ver, subject acc.ver, % identity, alignment length, mismatches, gap opens, q. start, q. end, s. start, s. end, evalue, bit score
# 40 hits found
Query_339015	XM_034948809.1	100.000	21	0	0	1	21	344	324	2.1	39.2
Query_339015	XM_034948808.1	100.000	21	0	0	1	21	869	849	2.1	39.2
Query_339015	XM_003807746.2	100.000	21	0	0	1	21	365	345	2.1	39.2
Query_339015	NR_046082.2	100.000	21	0	0	1	21	884	864	2.1	39.2
Query_339015	NR_028436.3	100.000	21	0	0	1	21	278	258	2.1	39.2
Query_339015	NM_003347.4	100.000	21	0	0	1	21	278	258	2.1	39.2
Query_339015	AC279127.1	100.000	21	0	0	1	21	63625	63605	2.1	39.2
Query_339015	CP034501.1	100.000	21	0	0	1	21	5915269	5915249	2.1	39.2
Query_339015	CP034492.1	100.000	21	0	0	1	21	36696181	36696161	2.1	39.2
Query_339015	XM_017028935.2	100.000	21	0	0	1	21	262	242	2.1	39.2
Query_339015	XM_016939782.2	100.000	21	0	0	1	21	349	329	2.1	39.2
Query_339015	XM_016939781.2	100.000	21	0	0	1	21	858	838	2.1	39.2
Query_339015	XM_016939780.2	100.000	21	0	0	1	21	445	425	2.1	39.2
Query_339015	XR_002939290.1	100.000	21	0	0	1	21	269	249	2.1	39.2
Query_339015	BC053368.2	100.000	21	0	0	1	21	269	249	2.1	39.2
Query_339015	CP068256.1	100.000	21	0	0	1	21	22053227	22053207	2.1	39.2
Query_339015	JF343812.1	100.000	21	0	0	1	21	247	227	2.1	39.2
Query_339015	NM_001256355.1	100.000	21	0	0	1	21	424	404	2.1	39.2
Query_339015	AP023482.1	100.000	21	0	0	1	21	17277749	17277729	2.1	39.2
Query_339015	NM_001256356.2	100.000	21	0	0	1	21	182	162	2.1	39.2
Query_339015	AK305716.1	100.000	21	0	0	1	21	259	239	2.1	39.2
Query_339015	AB528270.1	100.000	21	0	0	1	21	256	236	2.1	39.2
Query_339015	NG_002490.3	100.000	21	0	0	1	21	371	351	2.1	39.2
Query_339015	AK299985.1	100.000	21	0	0	1	21	424	404	2.1	39.2
Query_339015	AK293179.1	100.000	21	0	0	1	21	159	139	2.1	39.2
Query_339015	AK311761.1	100.000	21	0	0	1	21	259	239	2.1	39.2
Query_339015	AK291083.1	100.000	21	0	0	1	21	257	237	2.1	39.2
Query_339015	CU013490.1	100.000	21	0	0	1	21	266	246	2.1	39.2
Query_339015	CU013202.1	100.000	21	0	0	1	21	266	246	2.1	39.2
Query_339015	AK125396.1	100.000	21	0	0	1	21	868	848	2.1	39.2
Query_339015	S81003.1	100.000	21	0	0	1	21	262	242	2.1	39.2
Query_339015	CR456606.1	100.000	21	0	0	1	21	269	249	2.1	39.2
Query_339015	AF300336.1	100.000	21	0	0	1	21	247	227	2.1	39.2
Query_339015	AC018751.30	100.000	21	0	0	1	21	100032	100052	2.1	39.2
Query_339015	AC009516.19	100.000	21	0	0	1	21	87836	87816	2.1	39.2
Query_339015	AL158801.4	100.000	21	0	0	1	21	150502	150522	2.1	39.2
Query_339015	AP000553.1	100.000	21	0	0	1	21	15181	15161	2.1	39.2
Query_339015	AJ000519.1	100.000	21	0	0	1	21	262	242	2.1	39.2
Query_339015	Y09516.1	100.000	21	0	0	1	21	247	227	2.1	39.2
Query_339015	X92962.1	100.000	21	0	0	1	21	247	227	2.1	39.2


