# blastn
# Iteration: 0
# Query: 
# RID: 7R2SJ5VC013
# Database: nt
# Fields: query acc.ver, subject acc.ver, % identity, alignment length, mismatches, gap opens, q. start, q. end, s. start, s. end, evalue, bit score
# 61 hits found
Query_44567	XM_034489573.1	100.000	21	0	0	1	21	765	745	2.1	39.2
Query_44567	XM_034489572.1	100.000	21	0	0	1	21	765	745	2.1	39.2
Query_44567	XM_034489571.1	100.000	21	0	0	1	21	765	745	2.1	39.2
Query_44567	XM_034489570.1	100.000	21	0	0	1	21	604	584	2.1	39.2
Query_44567	XM_032887115.1	100.000	21	0	0	1	21	312	292	2.1	39.2
Query_44567	XM_032887114.1	100.000	21	0	0	1	21	564	544	2.1	39.2
Query_44567	XM_032887113.1	100.000	21	0	0	1	21	528	508	2.1	39.2
Query_44567	XM_032887111.1	100.000	21	0	0	1	21	528	508	2.1	39.2
Query_44567	XM_032887110.1	100.000	21	0	0	1	21	528	508	2.1	39.2
Query_44567	XM_031337322.1	100.000	21	0	0	1	21	422	402	2.1	39.2
Query_44567	XM_031337320.1	100.000	21	0	0	1	21	523	503	2.1	39.2
Query_44567	XM_031337319.1	100.000	21	0	0	1	21	568	548	2.1	39.2
Query_44567	XM_031337318.1	100.000	21	0	0	1	21	535	515	2.1	39.2
Query_44567	XM_031337317.1	100.000	21	0	0	1	21	728	708	2.1	39.2
Query_44567	XM_005085306.3	100.000	21	0	0	1	21	489	469	2.1	39.2
Query_44567	XM_021236060.1	100.000	21	0	0	1	21	213	193	2.1	39.2
Query_44567	XM_005085305.3	100.000	21	0	0	1	21	489	469	2.1	39.2
Query_44567	XM_021236059.1	100.000	21	0	0	1	21	417	397	2.1	39.2
Query_44567	XM_005085304.3	100.000	21	0	0	1	21	489	469	2.1	39.2
Query_44567	XM_021236058.1	100.000	21	0	0	1	21	525	505	2.1	39.2
Query_44567	XM_016002596.1	100.000	21	0	0	1	21	525	505	2.1	39.2
Query_44567	XM_006984095.2	100.000	21	0	0	1	21	489	469	2.1	39.2
Query_44567	XM_006984094.2	100.000	21	0	0	1	21	489	469	2.1	39.2
Query_44567	XR_005491585.1	100.000	21	0	0	1	21	795	775	2.1	39.2
Query_44567	XM_039089009.1	100.000	21	0	0	1	21	356	336	2.1	39.2
Query_44567	XM_039089008.1	100.000	21	0	0	1	21	493	473	2.1	39.2
Query_44567	XM_039089007.1	100.000	21	0	0	1	21	472	452	2.1	39.2
Query_44567	XM_008769306.3	100.000	21	0	0	1	21	437	417	2.1	39.2
Query_44567	XM_017598236.2	100.000	21	0	0	1	21	795	775	2.1	39.2
Query_44567	XM_006249517.4	100.000	21	0	0	1	21	759	739	2.1	39.2
Query_44567	XM_006249516.4	100.000	21	0	0	1	21	795	775	2.1	39.2
Query_44567	XM_039089005.1	100.000	21	0	0	1	21	795	775	2.1	39.2
Query_44567	XM_017598235.2	100.000	21	0	0	1	21	663	643	2.1	39.2
Query_44567	XM_008769305.3	100.000	21	0	0	1	21	759	739	2.1	39.2
Query_44567	XM_017598234.2	100.000	21	0	0	1	21	795	775	2.1	39.2
Query_44567	XM_006249515.4	100.000	21	0	0	1	21	795	775	2.1	39.2
Query_44567	NM_053656.3	100.000	21	0	0	1	21	486	466	2.1	39.2
Query_44567	XM_028857030.2	100.000	21	0	0	1	21	556	536	2.1	39.2
Query_44567	XM_037198543.1	100.000	21	0	0	1	21	520	500	2.1	39.2
Query_44567	XM_036172224.1	100.000	21	0	0	1	21	569	549	2.1	39.2
Query_44567	XM_036172222.1	100.000	21	0	0	1	21	569	549	2.1	39.2
Query_44567	LR877209.1	100.000	21	0	0	1	21	42555644	42555624	2.1	39.2
Query_44567	XM_035443228.1	100.000	21	0	0	1	21	489	469	2.1	39.2
Query_44567	XM_027415868.2	100.000	21	0	0	1	21	489	469	2.1	39.2
Query_44567	XM_027415866.2	100.000	21	0	0	1	21	489	469	2.1	39.2
Query_44567	XM_027415869.2	100.000	21	0	0	1	21	525	505	2.1	39.2
Query_44567	XM_035455390.1	100.000	21	0	0	1	21	489	469	2.1	39.2
Query_44567	XM_003501715.3	100.000	21	0	0	1	21	489	469	2.1	39.2
Query_44567	XM_027436125.2	100.000	21	0	0	1	21	489	469	2.1	39.2
Query_44567	XM_027436126.2	100.000	21	0	0	1	21	525	505	2.1	39.2
Query_44567	AF064549.1	100.000	21	0	0	1	21	523	503	2.1	39.2
Query_44567	AF020759.1	100.000	21	0	0	1	21	448	428	2.1	39.2
Query_44567	AF020758.1	100.000	21	0	0	1	21	607	587	2.1	39.2
Query_44567	AF020757.1	100.000	21	0	0	1	21	513	493	2.1	39.2
Query_44567	AF020756.1	100.000	21	0	0	1	21	467	447	2.1	39.2
Query_44567	Y10475.1	100.000	21	0	0	1	21	522	502	2.1	39.2
Query_44567	Y10474.1	100.000	21	0	0	1	21	468	448	2.1	39.2
Query_44567	Y10473.1	100.000	21	0	0	1	21	486	466	2.1	39.2
Query_44567	Y09910.1	100.000	21	0	0	1	21	839	819	2.1	39.2
Query_44567	U14414.1	100.000	21	0	0	1	21	486	466	2.1	39.2
Query_44567	LR990910.1	100.000	20	0	0	2	21	1388387	1388406	7.3	37.4


