# blastn
# Iteration: 0
# Query: 
# RID: 8Z2SYP8V016
# Database: nt
# Fields: query acc.ver, subject acc.ver, % identity, alignment length, mismatches, gap opens, q. start, q. end, s. start, s. end, evalue, bit score
# 18 hits found
Query_12107	XM_032910158.1	100.000	21	0	0	1	21	773	753	2.1	39.2
Query_12107	XM_031343037.1	100.000	21	0	0	1	21	790	770	2.1	39.2
Query_12107	XM_021173154.1	100.000	21	0	0	1	21	684	664	2.1	39.2
Query_12107	XM_021173153.1	100.000	21	0	0	1	21	790	770	2.1	39.2
Query_12107	XM_021207906.1	100.000	21	0	0	1	21	790	770	2.1	39.2
Query_12107	AH003560.2	100.000	21	0	0	1	21	1280	1260	2.1	39.2
Query_12107	NM_001319986.1	100.000	21	0	0	1	21	690	670	2.1	39.2
Query_12107	NM_010810.5	100.000	21	0	0	1	21	796	776	2.1	39.2
Query_12107	BC120655.1	100.000	21	0	0	1	21	775	755	2.1	39.2
Query_12107	AY622968.1	100.000	21	0	0	1	21	150	130	2.1	39.2
Query_12107	NM_012864.2	100.000	21	0	0	1	21	779	759	2.1	39.2
Query_12107	AK144515.1	100.000	21	0	0	1	21	793	773	2.1	39.2
Query_12107	AL603630.11	100.000	21	0	0	1	21	142807	142787	2.1	39.2
Query_12107	L36244.1	100.000	21	0	0	1	21	800	780	2.1	39.2
Query_12107	L24374.1	100.000	21	0	0	1	21	793	773	2.1	39.2
Query_12107	X07824.1	100.000	21	0	0	1	21	159	139	2.1	39.2
Query_12107	AP022697.1	100.000	20	0	0	1	20	7747716	7747697	7.4	37.4
Query_12107	AP022685.1	100.000	20	0	0	1	20	28030632	28030613	7.4	37.4


