# blastn
# Iteration: 0
# Query: 
# RID: 7J1R1ZWN013
# Database: nt
# Fields: query acc.ver, subject acc.ver, % identity, alignment length, mismatches, gap opens, q. start, q. end, s. start, s. end, evalue, bit score
# 100 hits found
Query_49885	XM_040477280.1	100.000	21	0	0	1	21	392	372	2.1	39.2
Query_49885	XM_040477272.1	100.000	21	0	0	1	21	374	354	2.1	39.2
Query_49885	XM_040477265.1	100.000	21	0	0	1	21	374	354	2.1	39.2
Query_49885	XM_040477257.1	100.000	21	0	0	1	21	393	373	2.1	39.2
Query_49885	XM_005325742.4	100.000	21	0	0	1	21	388	368	2.1	39.2
Query_49885	XM_040293037.1	100.000	21	0	0	1	21	279	259	2.1	39.2
Query_49885	XM_005325741.4	100.000	21	0	0	1	21	416	396	2.1	39.2
Query_49885	XM_040266533.1	100.000	21	0	0	1	21	327	307	2.1	39.2
Query_49885	XM_040237783.1	100.000	21	0	0	1	21	136	116	2.1	39.2
Query_49885	XM_040237782.1	100.000	21	0	0	1	21	121	101	2.1	39.2
Query_49885	XR_005720632.1	100.000	21	0	0	1	21	412	392	2.1	39.2
Query_49885	XM_040237780.1	100.000	21	0	0	1	21	508	488	2.1	39.2
Query_49885	XM_040237779.1	100.000	21	0	0	1	21	387	367	2.1	39.2
Query_49885	XM_040237778.1	100.000	21	0	0	1	21	412	392	2.1	39.2
Query_49885	XM_040237777.1	100.000	21	0	0	1	21	523	503	2.1	39.2
Query_49885	XM_040237776.1	100.000	21	0	0	1	21	511	491	2.1	39.2
Query_49885	XM_040237775.1	100.000	21	0	0	1	21	425	405	2.1	39.2
Query_49885	XM_040237774.1	100.000	21	0	0	1	21	401	381	2.1	39.2
Query_49885	XM_040237773.1	100.000	21	0	0	1	21	424	404	2.1	39.2
Query_49885	XM_040237772.1	100.000	21	0	0	1	21	287	267	2.1	39.2
Query_49885	XM_040237771.1	100.000	21	0	0	1	21	346	326	2.1	39.2
Query_49885	XM_040237769.1	100.000	21	0	0	1	21	425	405	2.1	39.2
Query_49885	XM_040237768.1	100.000	21	0	0	1	21	399	379	2.1	39.2
Query_49885	XM_040237767.1	100.000	21	0	0	1	21	412	392	2.1	39.2
Query_49885	HG994411.1	100.000	21	0	0	1	21	15574338	15574358	2.1	39.2
Query_49885	HG994404.1	100.000	21	0	0	1	21	45910604	45910624	2.1	39.2
Query_49885	XM_039848730.1	100.000	21	0	0	1	21	470	450	2.1	39.2
Query_49885	XM_039848729.1	100.000	21	0	0	1	21	402	382	2.1	39.2
Query_49885	XM_039848728.1	100.000	21	0	0	1	21	386	366	2.1	39.2
Query_49885	XM_039848727.1	100.000	21	0	0	1	21	397	377	2.1	39.2
Query_49885	XM_039848726.1	100.000	21	0	0	1	21	579	559	2.1	39.2
Query_49885	XM_039848725.1	100.000	21	0	0	1	21	413	393	2.1	39.2
Query_49885	XM_003929504.3	100.000	21	0	0	1	21	488	468	2.1	39.2
Query_49885	XM_003929505.3	100.000	21	0	0	1	21	615	595	2.1	39.2
Query_49885	XM_003929502.3	100.000	21	0	0	1	21	423	403	2.1	39.2
Query_49885	XM_010340110.2	100.000	21	0	0	1	21	488	468	2.1	39.2
Query_49885	XM_010340111.2	100.000	21	0	0	1	21	615	595	2.1	39.2
Query_49885	XM_010340109.2	100.000	21	0	0	1	21	423	403	2.1	39.2
Query_49885	XM_039220817.1	100.000	21	0	0	1	21	332	312	2.1	39.2
Query_49885	XM_039220816.1	100.000	21	0	0	1	21	384	364	2.1	39.2
Query_49885	XM_039220815.1	100.000	21	0	0	1	21	363	343	2.1	39.2
Query_49885	XM_006233338.3	100.000	21	0	0	1	21	397	377	2.1	39.2
Query_49885	XM_006233337.3	100.000	21	0	0	1	21	571	551	2.1	39.2
Query_49885	XM_006233336.4	100.000	21	0	0	1	21	418	398	2.1	39.2
Query_49885	XM_006233335.3	100.000	21	0	0	1	21	397	377	2.1	39.2
Query_49885	XM_006233334.3	100.000	21	0	0	1	21	541	521	2.1	39.2
Query_49885	XM_006233333.3	100.000	21	0	0	1	21	418	398	2.1	39.2
Query_49885	XM_038444267.1	100.000	21	0	0	1	21	401	381	2.1	39.2
Query_49885	XM_038444266.1	100.000	21	0	0	1	21	420	400	2.1	39.2
Query_49885	XM_038444265.1	100.000	21	0	0	1	21	397	377	2.1	39.2
Query_49885	XM_038444264.1	100.000	21	0	0	1	21	389	369	2.1	39.2
Query_49885	XM_038444263.1	100.000	21	0	0	1	21	403	383	2.1	39.2
Query_49885	XM_038444262.1	100.000	21	0	0	1	21	428	408	2.1	39.2
Query_49885	XM_038444261.1	100.000	21	0	0	1	21	420	400	2.1	39.2
Query_49885	XM_038462042.1	100.000	21	0	0	1	21	401	381	2.1	39.2
Query_49885	XM_005642458.4	100.000	21	0	0	1	21	420	400	2.1	39.2
Query_49885	XM_038462041.1	100.000	21	0	0	1	21	397	377	2.1	39.2
Query_49885	XM_038462040.1	100.000	21	0	0	1	21	390	370	2.1	39.2
Query_49885	XM_038462039.1	100.000	21	0	0	1	21	403	383	2.1	39.2
Query_49885	XM_038462038.1	100.000	21	0	0	1	21	424	404	2.1	39.2
Query_49885	XM_038462037.1	100.000	21	0	0	1	21	420	400	2.1	39.2
Query_49885	XM_038310764.1	100.000	21	0	0	1	21	371	351	2.1	39.2
Query_49885	XM_038310763.1	100.000	21	0	0	1	21	415	395	2.1	39.2
Query_49885	XM_038310762.1	100.000	21	0	0	1	21	444	424	2.1	39.2
Query_49885	XM_037850263.1	100.000	21	0	0	1	21	123	103	2.1	39.2
Query_49885	XM_037830359.1	100.000	21	0	0	1	21	360	340	2.1	39.2
Query_49885	XM_037830358.1	100.000	21	0	0	1	21	371	351	2.1	39.2
Query_49885	XM_037830357.1	100.000	21	0	0	1	21	333	313	2.1	39.2
Query_49885	XM_037830356.1	100.000	21	0	0	1	21	385	365	2.1	39.2
Query_49885	XM_037830355.1	100.000	21	0	0	1	21	404	384	2.1	39.2
Query_49885	XM_017508657.2	100.000	21	0	0	1	21	488	468	2.1	39.2
Query_49885	XM_017508656.2	100.000	21	0	0	1	21	618	598	2.1	39.2
Query_49885	XM_017508655.2	100.000	21	0	0	1	21	392	372	2.1	39.2
Query_49885	XM_017508652.2	100.000	21	0	0	1	21	380	360	2.1	39.2
Query_49885	XM_017508651.2	100.000	21	0	0	1	21	569	549	2.1	39.2
Query_49885	XM_017508650.2	100.000	21	0	0	1	21	688	668	2.1	39.2
Query_49885	XR_001825684.2	100.000	21	0	0	1	21	329	309	2.1	39.2
Query_49885	XM_037509625.1	100.000	21	0	0	1	21	362	342	2.1	39.2
Query_49885	XM_037509624.1	100.000	21	0	0	1	21	312	292	2.1	39.2
Query_49885	XM_037509623.1	100.000	21	0	0	1	21	370	350	2.1	39.2
Query_49885	XM_037207130.1	100.000	21	0	0	1	21	185	165	2.1	39.2
Query_49885	XM_028857385.2	100.000	21	0	0	1	21	401	381	2.1	39.2
Query_49885	XM_028857378.2	100.000	21	0	0	1	21	362	342	2.1	39.2
Query_49885	XM_028857369.2	100.000	21	0	0	1	21	451	431	2.1	39.2
Query_49885	XM_028857360.2	100.000	21	0	0	1	21	403	383	2.1	39.2
Query_49885	XM_037199050.1	100.000	21	0	0	1	21	252	232	2.1	39.2
Query_49885	XM_037020228.1	100.000	21	0	0	1	21	402	382	2.1	39.2
Query_49885	XM_017654247.2	100.000	21	0	0	1	21	405	385	2.1	39.2
Query_49885	XM_017654245.2	100.000	21	0	0	1	21	396	376	2.1	39.2
Query_49885	XM_017654246.2	100.000	21	0	0	1	21	462	442	2.1	39.2
Query_49885	XM_017654243.2	100.000	21	0	0	1	21	402	382	2.1	39.2
Query_49885	XM_036879212.1	100.000	21	0	0	1	21	127	107	2.1	39.2
Query_49885	XM_036879210.1	100.000	21	0	0	1	21	396	376	2.1	39.2
Query_49885	XM_036879209.1	100.000	21	0	0	1	21	278	258	2.1	39.2
Query_49885	XM_036879208.1	100.000	21	0	0	1	21	396	376	2.1	39.2
Query_49885	XM_036879207.1	100.000	21	0	0	1	21	402	382	2.1	39.2
Query_49885	XM_036879206.1	100.000	21	0	0	1	21	396	376	2.1	39.2
Query_49885	XM_036918460.1	100.000	21	0	0	1	21	369	349	2.1	39.2
Query_49885	XM_036853637.1	100.000	21	0	0	1	21	367	347	2.1	39.2
Query_49885	XM_036853636.1	100.000	21	0	0	1	21	358	338	2.1	39.2


