# blastn
# Iteration: 0
# Query: 
# RID: 6ZJVX1Y4013
# Database: nt
# Fields: query acc.ver, subject acc.ver, % identity, alignment length, mismatches, gap opens, q. start, q. end, s. start, s. end, evalue, bit score
# 25 hits found
Query_25215	XM_032915907.1	100.000	21	0	0	1	21	1545	1525	2.1	39.2
Query_25215	XM_021210658.2	100.000	21	0	0	1	21	1533	1513	2.1	39.2
Query_25215	XM_021163845.2	100.000	21	0	0	1	21	1538	1518	2.1	39.2
Query_25215	FQ214550.1	100.000	21	0	0	1	21	1500	1480	2.1	39.2
Query_25215	FQ225334.1	100.000	21	0	0	1	21	1502	1482	2.1	39.2
Query_25215	FQ228750.1	100.000	21	0	0	1	21	1500	1480	2.1	39.2
Query_25215	NG_006685.3	100.000	21	0	0	1	21	1585	1565	2.1	39.2
Query_25215	NM_026242.3	100.000	21	0	0	1	21	1533	1513	2.1	39.2
Query_25215	AC169036.3	100.000	21	0	0	1	21	131178	131198	2.1	39.2
Query_25215	BC085488.1	100.000	21	0	0	1	21	1378	1358	2.1	39.2
Query_25215	AC114605.11	100.000	21	0	0	1	21	110654	110634	2.1	39.2
Query_25215	AC112683.10	100.000	21	0	0	1	21	195075	195055	2.1	39.2
Query_25215	AC139214.12	100.000	21	0	0	1	21	2107	2087	2.1	39.2
Query_25215	AK170984.1	100.000	21	0	0	1	21	1515	1495	2.1	39.2
Query_25215	AK170909.1	100.000	21	0	0	1	21	1511	1491	2.1	39.2
Query_25215	AK170789.1	100.000	21	0	0	1	21	1483	1463	2.1	39.2
Query_25215	AK018675.1	100.000	21	0	0	1	21	1483	1463	2.1	39.2
Query_25215	AK017832.1	100.000	21	0	0	1	21	1515	1495	2.1	39.2
Query_25215	AK005313.1	100.000	21	0	0	1	21	1525	1505	2.1	39.2
Query_25215	AK211332.1	100.000	21	0	0	1	21	337	317	2.1	39.2
Query_25215	AK206883.1	100.000	21	0	0	1	21	332	312	2.1	39.2
Query_25215	AC154476.2	100.000	21	0	0	1	21	77693	77713	2.1	39.2
Query_25215	NM_001009264.1	100.000	21	0	0	1	21	1480	1460	2.1	39.2
Query_25215	BC010209.1	100.000	21	0	0	1	21	1502	1482	2.1	39.2
Query_25215	AB041651.1	100.000	21	0	0	1	21	1513	1493	2.1	39.2


