# blastn
# Iteration: 0
# Query: 
# RID: 8YGFTVVV016
# Database: nt
# Fields: query acc.ver, subject acc.ver, % identity, alignment length, mismatches, gap opens, q. start, q. end, s. start, s. end, evalue, bit score
# 100 hits found
Query_49413	XM_034995424.1	100.000	21	0	0	1	21	408	388	2.1	39.2
Query_49413	XM_034932123.1	100.000	21	0	0	1	21	300	280	2.1	39.2
Query_49413	XM_034932122.1	100.000	21	0	0	1	21	613	593	2.1	39.2
Query_49413	XR_004664993.1	100.000	21	0	0	1	21	589	569	2.1	39.2
Query_49413	XM_034932121.1	100.000	21	0	0	1	21	655	635	2.1	39.2
Query_49413	XM_034932120.1	100.000	21	0	0	1	21	265	245	2.1	39.2
Query_49413	XM_034932119.1	100.000	21	0	0	1	21	541	521	2.1	39.2
Query_49413	XM_034932117.1	100.000	21	0	0	1	21	351	331	2.1	39.2
Query_49413	XM_034932116.1	100.000	21	0	0	1	21	613	593	2.1	39.2
Query_49413	XM_034932115.1	100.000	21	0	0	1	21	613	593	2.1	39.2
Query_49413	XM_034666539.1	100.000	21	0	0	1	21	593	573	2.1	39.2
Query_49413	XM_040989159.1	100.000	21	0	0	1	21	328	308	2.1	39.2
Query_49413	XM_040989158.1	100.000	21	0	0	1	21	615	595	2.1	39.2
Query_49413	XM_040989157.1	100.000	21	0	0	1	21	328	308	2.1	39.2
Query_49413	XM_040989156.1	100.000	21	0	0	1	21	543	523	2.1	39.2
Query_49413	XM_040989154.1	100.000	21	0	0	1	21	615	595	2.1	39.2
Query_49413	XM_040630769.1	100.000	21	0	0	1	21	361	341	2.1	39.2
Query_49413	XM_040630768.1	100.000	21	0	0	1	21	364	344	2.1	39.2
Query_49413	XM_040630767.1	100.000	21	0	0	1	21	358	338	2.1	39.2
Query_49413	XM_040630766.1	100.000	21	0	0	1	21	323	303	2.1	39.2
Query_49413	XM_040630765.1	100.000	21	0	0	1	21	361	341	2.1	39.2
Query_49413	XM_040456926.1	100.000	21	0	0	1	21	341	321	2.1	39.2
Query_49413	XM_040456925.1	100.000	21	0	0	1	21	376	356	2.1	39.2
Query_49413	XM_040456924.1	100.000	21	0	0	1	21	341	321	2.1	39.2
Query_49413	XM_040456923.1	100.000	21	0	0	1	21	379	359	2.1	39.2
Query_49413	XM_040456922.1	100.000	21	0	0	1	21	379	359	2.1	39.2
Query_49413	XM_040284772.1	100.000	21	0	0	1	21	260	240	2.1	39.2
Query_49413	XM_040258410.1	100.000	21	0	0	1	21	617	597	2.1	39.2
Query_49413	XM_039863542.1	100.000	21	0	0	1	21	383	363	2.1	39.2
Query_49413	XM_039470498.1	100.000	21	0	0	1	21	358	338	2.1	39.2
Query_49413	XM_039470497.1	100.000	21	0	0	1	21	685	665	2.1	39.2
Query_49413	XM_039470496.1	100.000	21	0	0	1	21	577	557	2.1	39.2
Query_49413	XM_039470495.1	100.000	21	0	0	1	21	685	665	2.1	39.2
Query_49413	XM_039078190.1	100.000	21	0	0	1	21	627	607	2.1	39.2
Query_49413	XM_017589204.2	100.000	21	0	0	1	21	552	532	2.1	39.2
Query_49413	XM_038430473.1	100.000	21	0	0	1	21	380	360	2.1	39.2
Query_49413	XM_038430472.1	100.000	21	0	0	1	21	380	360	2.1	39.2
Query_49413	XM_038341029.1	100.000	21	0	0	1	21	371	351	2.1	39.2
Query_49413	XM_038341024.1	100.000	21	0	0	1	21	371	351	2.1	39.2
Query_49413	XM_037999738.1	100.000	21	0	0	1	21	368	348	2.1	39.2
Query_49413	XM_037999737.1	100.000	21	0	0	1	21	648	628	2.1	39.2
Query_49413	XM_037999736.1	100.000	21	0	0	1	21	576	556	2.1	39.2
Query_49413	XM_008007293.2	100.000	21	0	0	1	21	648	628	2.1	39.2
Query_49413	XM_037840027.1	100.000	21	0	0	1	21	585	565	2.1	39.2
Query_49413	XM_037840026.1	100.000	21	0	0	1	21	578	558	2.1	39.2
Query_49413	XM_017500309.2	100.000	21	0	0	1	21	355	335	2.1	39.2
Query_49413	XM_037522637.1	100.000	21	0	0	1	21	612	592	2.1	39.2
Query_49413	XM_028894622.2	100.000	21	0	0	1	21	579	559	2.1	39.2
Query_49413	XM_028894620.2	100.000	21	0	0	1	21	578	558	2.1	39.2
Query_49413	XM_037133802.1	100.000	21	0	0	1	21	675	655	2.1	39.2
Query_49413	XM_037026327.1	100.000	21	0	0	1	21	301	281	2.1	39.2
Query_49413	XM_037026326.1	100.000	21	0	0	1	21	373	353	2.1	39.2
Query_49413	XM_036860165.1	100.000	21	0	0	1	21	318	298	2.1	39.2
Query_49413	XM_036860164.1	100.000	21	0	0	1	21	390	370	2.1	39.2
Query_49413	XM_036428615.1	100.000	21	0	0	1	21	632	612	2.1	39.2
Query_49413	XM_036428614.1	100.000	21	0	0	1	21	621	601	2.1	39.2
Query_49413	XR_004986364.1	100.000	21	0	0	1	21	618	598	2.1	39.2
Query_49413	XM_036428612.1	100.000	21	0	0	1	21	630	610	2.1	39.2
Query_49413	XM_036428611.1	100.000	21	0	0	1	21	609	589	2.1	39.2
Query_49413	XM_036428610.1	100.000	21	0	0	1	21	618	598	2.1	39.2
Query_49413	XM_036428609.1	100.000	21	0	0	1	21	613	593	2.1	39.2
Query_49413	XM_036428608.1	100.000	21	0	0	1	21	612	592	2.1	39.2
Query_49413	XM_036428607.1	100.000	21	0	0	1	21	560	540	2.1	39.2
Query_49413	XM_036428606.1	100.000	21	0	0	1	21	623	603	2.1	39.2
Query_49413	XM_036428605.1	100.000	21	0	0	1	21	632	612	2.1	39.2
Query_49413	XM_036325330.1	100.000	21	0	0	1	21	603	583	2.1	39.2
Query_49413	XM_036325329.1	100.000	21	0	0	1	21	607	587	2.1	39.2
Query_49413	XM_036325328.1	100.000	21	0	0	1	21	607	587	2.1	39.2
Query_49413	XM_036325327.1	100.000	21	0	0	1	21	605	585	2.1	39.2
Query_49413	XM_036325326.1	100.000	21	0	0	1	21	606	586	2.1	39.2
Query_49413	XM_036325325.1	100.000	21	0	0	1	21	605	585	2.1	39.2
Query_49413	XM_036325324.1	100.000	21	0	0	1	21	605	585	2.1	39.2
Query_49413	XM_036325323.1	100.000	21	0	0	1	21	308	288	2.1	39.2
Query_49413	XM_036325322.1	100.000	21	0	0	1	21	605	585	2.1	39.2
Query_49413	XM_036325321.1	100.000	21	0	0	1	21	604	584	2.1	39.2
Query_49413	XM_036325320.1	100.000	21	0	0	1	21	606	586	2.1	39.2
Query_49413	XM_036325319.1	100.000	21	0	0	1	21	604	584	2.1	39.2
Query_49413	XM_036258063.1	100.000	21	0	0	1	21	616	596	2.1	39.2
Query_49413	XM_036258062.1	100.000	21	0	0	1	21	320	300	2.1	39.2
Query_49413	XM_036258061.1	100.000	21	0	0	1	21	616	596	2.1	39.2
Query_49413	XM_036189007.1	100.000	21	0	0	1	21	530	510	2.1	39.2
Query_49413	XM_036189000.1	100.000	21	0	0	1	21	547	527	2.1	39.2
Query_49413	XM_036188991.1	100.000	21	0	0	1	21	573	553	2.1	39.2
Query_49413	XM_036068907.1	100.000	21	0	0	1	21	319	299	2.1	39.2
Query_49413	XM_036068899.1	100.000	21	0	0	1	21	392	372	2.1	39.2
Query_49413	XM_028514394.2	100.000	21	0	0	1	21	659	639	2.1	39.2
Query_49413	XM_036028997.1	100.000	21	0	0	1	21	661	641	2.1	39.2
Query_49413	XM_028514393.2	100.000	21	0	0	1	21	586	566	2.1	39.2
Query_49413	XM_028514392.2	100.000	21	0	0	1	21	658	638	2.1	39.2
Query_49413	LR877218.1	100.000	21	0	0	1	21	59430267	59430287	2.1	39.2
Query_49413	XM_027578364.2	100.000	21	0	0	1	21	479	459	2.1	39.2
Query_49413	XM_027578363.2	100.000	21	0	0	1	21	479	459	2.1	39.2
Query_49413	XM_027578362.2	100.000	21	0	0	1	21	479	459	2.1	39.2
Query_49413	LR862365.1	100.000	21	0	0	1	21	31651941	31651921	2.1	39.2
Query_49413	XM_035437289.1	100.000	21	0	0	1	21	385	365	2.1	39.2
Query_49413	XR_004767501.1	100.000	21	0	0	1	21	385	365	2.1	39.2
Query_49413	XM_003513382.4	100.000	21	0	0	1	21	385	365	2.1	39.2
Query_49413	XM_017977897.2	100.000	21	0	0	1	21	648	628	2.1	39.2
Query_49413	XM_017977895.2	100.000	21	0	0	1	21	576	556	2.1	39.2
Query_49413	XM_002755025.4	100.000	21	0	0	1	21	648	628	2.1	39.2


