# blastn
# Iteration: 0
# Query: 
# RID: 7RU82AWX01R
# Database: nt
# Fields: query acc.ver, subject acc.ver, % identity, alignment length, mismatches, gap opens, q. start, q. end, s. start, s. end, evalue, bit score
# 24 hits found
Query_277267	XM_034491176.1	100.000	21	0	0	1	21	1628	1608	2.1	39.2
Query_277267	XM_034491175.1	100.000	21	0	0	1	21	1678	1658	2.1	39.2
Query_277267	XM_034491174.1	100.000	21	0	0	1	21	1673	1653	2.1	39.2
Query_277267	XM_032910266.1	100.000	21	0	0	1	21	1593	1573	2.1	39.2
Query_277267	XM_032910265.1	100.000	21	0	0	1	21	1597	1577	2.1	39.2
Query_277267	XM_031345838.1	100.000	21	0	0	1	21	1706	1686	2.1	39.2
Query_277267	XM_031345837.1	100.000	21	0	0	1	21	1484	1464	2.1	39.2
Query_277267	XM_029543501.1	100.000	21	0	0	1	21	1404	1384	2.1	39.2
Query_277267	XM_021206919.2	100.000	21	0	0	1	21	1651	1631	2.1	39.2
Query_277267	XM_021172965.2	100.000	21	0	0	1	21	1653	1633	2.1	39.2
Query_277267	XM_021172966.2	100.000	21	0	0	1	21	1434	1414	2.1	39.2
Query_277267	XM_021206918.1	100.000	21	0	0	1	21	1691	1671	2.1	39.2
Query_277267	XM_039082068.1	100.000	21	0	0	1	21	1592	1572	2.1	39.2
Query_277267	XM_008766171.3	100.000	21	0	0	1	21	1587	1567	2.1	39.2
Query_277267	XM_039082067.1	100.000	21	0	0	1	21	1458	1438	2.1	39.2
Query_277267	NM_022005.3	100.000	21	0	0	1	21	1600	1580	2.1	39.2
Query_277267	BC072528.1	100.000	21	0	0	1	21	1406	1386	2.1	39.2
Query_277267	AF142439.1	100.000	21	0	0	1	21	1411	1391	2.1	39.2
Query_277267	AB030908.1	100.000	21	0	0	1	21	1414	1394	2.1	39.2
Query_277267	XM_004620583.1	100.000	20	0	0	2	21	1689	1670	7.3	37.4
Query_277267	XM_038179222.1	100.000	20	0	0	2	21	1828	1809	7.3	37.4
Query_277267	XM_038179221.1	100.000	20	0	0	2	21	1856	1837	7.3	37.4
Query_277267	XM_027470527.2	100.000	20	0	0	2	21	2002	1983	7.3	37.4
Query_277267	LS423642.1	100.000	20	0	0	2	21	10262149	10262130	7.3	37.4


