# blastn
# Iteration: 0
# Query: 
# RID: 6ZTWC7V1016
# Database: nt
# Fields: query acc.ver, subject acc.ver, % identity, alignment length, mismatches, gap opens, q. start, q. end, s. start, s. end, evalue, bit score
# 42 hits found
Query_62251	XM_032915907.1	100.000	21	0	0	1	21	732	712	2.1	39.2
Query_62251	XM_021210658.2	100.000	21	0	0	1	21	722	702	2.1	39.2
Query_62251	XM_021163845.2	100.000	21	0	0	1	21	727	707	2.1	39.2
Query_62251	XM_005365945.3	100.000	21	0	0	1	21	706	686	2.1	39.2
Query_62251	XM_021630388.1	100.000	21	0	0	1	21	720	700	2.1	39.2
Query_62251	XM_005068842.3	100.000	21	0	0	1	21	726	706	2.1	39.2
Query_62251	XM_006985601.2	100.000	21	0	0	1	21	729	709	2.1	39.2
Query_62251	XM_038339243.1	100.000	21	0	0	1	21	739	719	2.1	39.2
Query_62251	XM_037529256.1	100.000	21	0	0	1	21	717	697	2.1	39.2
Query_62251	XM_028882342.2	100.000	21	0	0	1	21	736	716	2.1	39.2
Query_62251	JN960283.1	100.000	21	0	0	1	21	258	278	2.1	39.2
Query_62251	LR877197.1	100.000	21	0	0	1	21	31003611	31003631	2.1	39.2
Query_62251	JN956630.1	100.000	21	0	0	1	21	258	278	2.1	39.2
Query_62251	FQ214550.1	100.000	21	0	0	1	21	691	671	2.1	39.2
Query_62251	FQ216757.1	100.000	21	0	0	1	21	691	671	2.1	39.2
Query_62251	FQ213111.1	100.000	21	0	0	1	21	692	672	2.1	39.2
Query_62251	FQ225334.1	100.000	21	0	0	1	21	692	672	2.1	39.2
Query_62251	FQ228750.1	100.000	21	0	0	1	21	691	671	2.1	39.2
Query_62251	FQ213948.1	100.000	21	0	0	1	21	379	359	2.1	39.2
Query_62251	NG_006685.3	100.000	21	0	0	1	21	779	759	2.1	39.2
Query_62251	NM_026242.3	100.000	21	0	0	1	21	727	707	2.1	39.2
Query_62251	DQ736343.1	100.000	21	0	0	1	21	29	9	2.1	39.2
Query_62251	DQ606238.1	100.000	21	0	0	1	21	29	9	2.1	39.2
Query_62251	AC169036.3	100.000	21	0	0	1	21	131984	132004	2.1	39.2
Query_62251	BC085488.1	100.000	21	0	0	1	21	572	552	2.1	39.2
Query_62251	AC114605.11	100.000	21	0	0	1	21	109848	109828	2.1	39.2
Query_62251	AF526268.1	100.000	21	0	0	1	21	620	600	2.1	39.2
Query_62251	AC112683.10	100.000	21	0	0	1	21	194269	194249	2.1	39.2
Query_62251	AC139214.12	100.000	21	0	0	1	21	1301	1281	2.1	39.2
Query_62251	AK170984.1	100.000	21	0	0	1	21	709	689	2.1	39.2
Query_62251	AK170909.1	100.000	21	0	0	1	21	705	685	2.1	39.2
Query_62251	AK170789.1	100.000	21	0	0	1	21	677	657	2.1	39.2
Query_62251	AK159464.1	100.000	21	0	0	1	21	716	696	2.1	39.2
Query_62251	AK167112.1	100.000	21	0	0	1	21	709	689	2.1	39.2
Query_62251	AK018675.1	100.000	21	0	0	1	21	677	657	2.1	39.2
Query_62251	AK017832.1	100.000	21	0	0	1	21	709	689	2.1	39.2
Query_62251	AK009827.1	100.000	21	0	0	1	21	685	665	2.1	39.2
Query_62251	AK005313.1	100.000	21	0	0	1	21	719	699	2.1	39.2
Query_62251	AC154476.2	100.000	21	0	0	1	21	78499	78519	2.1	39.2
Query_62251	NM_001009264.1	100.000	21	0	0	1	21	671	651	2.1	39.2
Query_62251	BC010209.1	100.000	21	0	0	1	21	696	676	2.1	39.2
Query_62251	AB041651.1	100.000	21	0	0	1	21	707	687	2.1	39.2


