# blastn
# Iteration: 0
# Query: 
# RID: 9PWJFJCD016
# Database: nt
# Fields: query acc.ver, subject acc.ver, % identity, alignment length, mismatches, gap opens, q. start, q. end, s. start, s. end, evalue, bit score
# 100 hits found
Query_16761	XM_035005109.1	100.000	21	0	0	1	21	533	513	2.1	39.2
Query_16761	XM_035005108.1	100.000	21	0	0	1	21	1037	1017	2.1	39.2
Query_16761	XM_034958465.1	100.000	21	0	0	1	21	398	378	2.1	39.2
Query_16761	XM_034958464.1	100.000	21	0	0	1	21	509	489	2.1	39.2
Query_16761	XM_034771609.1	100.000	21	0	0	1	21	418	398	2.1	39.2
Query_16761	XM_041192227.1	100.000	21	0	0	1	21	183	163	2.1	39.2
Query_16761	XM_041192219.1	100.000	21	0	0	1	21	278	258	2.1	39.2
Query_16761	XM_041192212.1	100.000	21	0	0	1	21	401	381	2.1	39.2
Query_16761	XM_040966395.1	100.000	21	0	0	1	21	748	728	2.1	39.2
Query_16761	XM_040966394.1	100.000	21	0	0	1	21	454	434	2.1	39.2
Query_16761	XM_040966393.1	100.000	21	0	0	1	21	369	349	2.1	39.2
Query_16761	XM_040966391.1	100.000	21	0	0	1	21	336	316	2.1	39.2
Query_16761	XM_040966390.1	100.000	21	0	0	1	21	498	478	2.1	39.2
Query_16761	XM_040966389.1	100.000	21	0	0	1	21	540	520	2.1	39.2
Query_16761	XM_040625099.1	100.000	21	0	0	1	21	306	286	2.1	39.2
Query_16761	XM_008701503.2	100.000	21	0	0	1	21	459	439	2.1	39.2
Query_16761	XM_040485326.1	100.000	21	0	0	1	21	432	412	2.1	39.2
Query_16761	XM_021722734.2	100.000	21	0	0	1	21	429	409	2.1	39.2
Query_16761	XM_005319928.3	100.000	21	0	0	1	21	533	513	2.1	39.2
Query_16761	XM_039539606.1	100.000	21	0	0	1	21	452	432	2.1	39.2
Query_16761	XM_003940989.2	100.000	21	0	0	1	21	384	364	2.1	39.2
Query_16761	XM_039468204.1	100.000	21	0	0	1	21	403	383	2.1	39.2
Query_16761	XM_039226965.1	100.000	21	0	0	1	21	284	264	2.1	39.2
Query_16761	XM_039226963.1	100.000	21	0	0	1	21	527	507	2.1	39.2
Query_16761	XM_039091717.1	100.000	21	0	0	1	21	358	338	2.1	39.2
Query_16761	XM_039091716.1	100.000	21	0	0	1	21	631	611	2.1	39.2
Query_16761	XM_038752828.1	100.000	21	0	0	1	21	355	335	2.1	39.2
Query_16761	XM_038399662.1	100.000	21	0	0	1	21	374	354	2.1	39.2
Query_16761	XM_038399661.1	100.000	21	0	0	1	21	409	389	2.1	39.2
Query_16761	XM_038399660.1	100.000	21	0	0	1	21	333	313	2.1	39.2
Query_16761	XM_038008617.1	100.000	21	0	0	1	21	415	395	2.1	39.2
Query_16761	XM_008017600.2	100.000	21	0	0	1	21	587	567	2.1	39.2
Query_16761	XM_037897915.1	100.000	21	0	0	1	21	417	397	2.1	39.2
Query_16761	XM_037897914.1	100.000	21	0	0	1	21	324	304	2.1	39.2
Query_16761	XM_037829624.1	100.000	21	0	0	1	21	180	160	2.1	39.2
Query_16761	XM_037829623.1	100.000	21	0	0	1	21	465	445	2.1	39.2
Query_16761	XM_037823026.1	100.000	21	0	0	1	21	287	267	2.1	39.2
Query_16761	XR_001826530.2	100.000	21	0	0	1	21	456	436	2.1	39.2
Query_16761	XM_017527248.2	100.000	21	0	0	1	21	400	380	2.1	39.2
Query_16761	XM_017527247.2	100.000	21	0	0	1	21	587	567	2.1	39.2
Query_16761	XM_017527245.2	100.000	21	0	0	1	21	587	567	2.1	39.2
Query_16761	XM_037530494.1	100.000	21	0	0	1	21	218	198	2.1	39.2
Query_16761	XM_037530493.1	100.000	21	0	0	1	21	514	494	2.1	39.2
Query_16761	XM_028882241.2	100.000	21	0	0	1	21	167	147	2.1	39.2
Query_16761	XM_028882240.2	100.000	21	0	0	1	21	368	348	2.1	39.2
Query_16761	XM_037138034.1	100.000	21	0	0	1	21	227	207	2.1	39.2
Query_16761	XM_037138033.1	100.000	21	0	0	1	21	529	509	2.1	39.2
Query_16761	XM_037064307.1	100.000	21	0	0	1	21	227	207	2.1	39.2
Query_16761	XM_037064306.1	100.000	21	0	0	1	21	513	493	2.1	39.2
Query_16761	XM_017662459.2	100.000	21	0	0	1	21	455	435	2.1	39.2
Query_16761	XM_036908505.1	100.000	21	0	0	1	21	457	437	2.1	39.2
Query_16761	XM_036853403.1	100.000	21	0	0	1	21	434	414	2.1	39.2
Query_16761	XM_036852348.1	100.000	21	0	0	1	21	507	487	2.1	39.2
Query_16761	XM_036852347.1	100.000	21	0	0	1	21	550	530	2.1	39.2
Query_16761	XM_036763187.1	100.000	21	0	0	1	21	335	315	2.1	39.2
Query_16761	XM_036763185.1	100.000	21	0	0	1	21	488	468	2.1	39.2
Query_16761	XM_036496828.1	100.000	21	0	0	1	21	248	228	2.1	39.2
Query_16761	XM_036496827.1	100.000	21	0	0	1	21	420	400	2.1	39.2
Query_16761	XM_004579145.3	100.000	21	0	0	1	21	479	459	2.1	39.2
Query_16761	XM_036418288.1	100.000	21	0	0	1	21	437	417	2.1	39.2
Query_16761	XM_036418282.1	100.000	21	0	0	1	21	535	515	2.1	39.2
Query_16761	XM_036331597.1	100.000	21	0	0	1	21	177	157	2.1	39.2
Query_16761	XM_036331588.1	100.000	21	0	0	1	21	338	318	2.1	39.2
Query_16761	XM_036331578.1	100.000	21	0	0	1	21	279	259	2.1	39.2
Query_16761	XM_036331571.1	100.000	21	0	0	1	21	684	664	2.1	39.2
Query_16761	XM_036331560.1	100.000	21	0	0	1	21	302	282	2.1	39.2
Query_16761	XM_036331552.1	100.000	21	0	0	1	21	305	285	2.1	39.2
Query_16761	XM_036331544.1	100.000	21	0	0	1	21	366	346	2.1	39.2
Query_16761	XM_036258045.1	100.000	21	0	0	1	21	291	271	2.1	39.2
Query_16761	XM_036258037.1	100.000	21	0	0	1	21	357	337	2.1	39.2
Query_16761	XM_036258027.1	100.000	21	0	0	1	21	427	407	2.1	39.2
Query_16761	XM_036258018.1	100.000	21	0	0	1	21	462	442	2.1	39.2
Query_16761	XM_036258009.1	100.000	21	0	0	1	21	515	495	2.1	39.2
Query_16761	XM_036258001.1	100.000	21	0	0	1	21	514	494	2.1	39.2
Query_16761	XM_036228034.1	100.000	21	0	0	1	21	567	547	2.1	39.2
Query_16761	XM_036228033.1	100.000	21	0	0	1	21	360	340	2.1	39.2
Query_16761	XM_036228032.1	100.000	21	0	0	1	21	261	241	2.1	39.2
Query_16761	XM_036228031.1	100.000	21	0	0	1	21	408	388	2.1	39.2
Query_16761	XM_016119954.2	100.000	21	0	0	1	21	343	323	2.1	39.2
Query_16761	XM_016119953.2	100.000	21	0	0	1	21	515	495	2.1	39.2
Query_16761	XM_036228030.1	100.000	21	0	0	1	21	528	508	2.1	39.2
Query_16761	XM_036200412.1	100.000	21	0	0	1	21	581	561	2.1	39.2
Query_16761	XM_036112050.1	100.000	21	0	0	1	21	380	360	2.1	39.2
Query_16761	XM_036112045.1	100.000	21	0	0	1	21	512	492	2.1	39.2
Query_16761	XM_036112039.1	100.000	21	0	0	1	21	338	318	2.1	39.2
Query_16761	XM_036112035.1	100.000	21	0	0	1	21	371	351	2.1	39.2
Query_16761	XM_036112026.1	100.000	21	0	0	1	21	454	434	2.1	39.2
Query_16761	XM_030314001.3	100.000	21	0	0	1	21	493	473	2.1	39.2
Query_16761	XM_028507672.2	100.000	21	0	0	1	21	398	378	2.1	39.2
Query_16761	XM_028507668.2	100.000	21	0	0	1	21	522	502	2.1	39.2
Query_16761	XM_027599485.2	100.000	21	0	0	1	21	537	517	2.1	39.2
Query_16761	XM_027390759.2	100.000	21	0	0	1	21	408	388	2.1	39.2
Query_16761	XM_027390758.2	100.000	21	0	0	1	21	356	336	2.1	39.2
Query_16761	XM_027390757.2	100.000	21	0	0	1	21	507	487	2.1	39.2
Query_16761	XM_003512233.3	100.000	21	0	0	1	21	651	631	2.1	39.2
Query_16761	XM_017970616.2	100.000	21	0	0	1	21	601	581	2.1	39.2
Query_16761	XM_035293865.1	100.000	21	0	0	1	21	559	539	2.1	39.2
Query_16761	XM_008993465.3	100.000	21	0	0	1	21	709	689	2.1	39.2
Query_16761	XM_035293864.1	100.000	21	0	0	1	21	302	282	2.1	39.2
Query_16761	XM_002745900.5	100.000	21	0	0	1	21	694	674	2.1	39.2


