# blastn
# Iteration: 0
# Query: 
# RID: 8YYH7C54013
# Database: nt
# Fields: query acc.ver, subject acc.ver, % identity, alignment length, mismatches, gap opens, q. start, q. end, s. start, s. end, evalue, bit score
# 100 hits found
Query_14113	XR_005491585.1	100.000	21	0	0	1	21	1088	1068	2.1	39.2
Query_14113	XM_039089009.1	100.000	21	0	0	1	21	617	597	2.1	39.2
Query_14113	XM_039089008.1	100.000	21	0	0	1	21	754	734	2.1	39.2
Query_14113	XM_039089007.1	100.000	21	0	0	1	21	733	713	2.1	39.2
Query_14113	XM_008769306.3	100.000	21	0	0	1	21	698	678	2.1	39.2
Query_14113	XM_017598236.2	100.000	21	0	0	1	21	975	955	2.1	39.2
Query_14113	XM_006249517.4	100.000	21	0	0	1	21	1020	1000	2.1	39.2
Query_14113	XM_006249516.4	100.000	21	0	0	1	21	1056	1036	2.1	39.2
Query_14113	XM_039089005.1	100.000	21	0	0	1	21	891	871	2.1	39.2
Query_14113	XM_017598235.2	100.000	21	0	0	1	21	924	904	2.1	39.2
Query_14113	XM_008769305.3	100.000	21	0	0	1	21	939	919	2.1	39.2
Query_14113	XM_017598234.2	100.000	21	0	0	1	21	975	955	2.1	39.2
Query_14113	XM_006249515.4	100.000	21	0	0	1	21	1056	1036	2.1	39.2
Query_14113	NM_053656.3	100.000	21	0	0	1	21	747	727	2.1	39.2
Query_14113	AF064549.1	100.000	21	0	0	1	21	784	764	2.1	39.2
Query_14113	AF020759.1	100.000	21	0	0	1	21	709	689	2.1	39.2
Query_14113	AF020758.1	100.000	21	0	0	1	21	787	767	2.1	39.2
Query_14113	AF020757.1	100.000	21	0	0	1	21	693	673	2.1	39.2
Query_14113	AF020756.1	100.000	21	0	0	1	21	647	627	2.1	39.2
Query_14113	Y10475.1	100.000	21	0	0	1	21	783	763	2.1	39.2
Query_14113	Y10474.1	100.000	21	0	0	1	21	729	709	2.1	39.2
Query_14113	Y10473.1	100.000	21	0	0	1	21	747	727	2.1	39.2
Query_14113	Y09910.1	100.000	21	0	0	1	21	1354	1334	2.1	39.2
Query_14113	U14414.1	100.000	21	0	0	1	21	747	727	2.1	39.2
Query_14113	XM_034954587.1	100.000	20	0	0	1	20	20271	20252	7.4	37.4
Query_14113	XM_033756300.1	100.000	20	0	0	1	20	19936	19917	7.4	37.4
Query_14113	XM_033230996.1	100.000	20	0	0	1	20	20094	20075	7.4	37.4
Query_14113	XM_033112268.1	100.000	20	0	0	1	20	17321	17302	7.4	37.4
Query_14113	XM_032755265.1	100.000	20	0	0	1	20	20063	20044	7.4	37.4
Query_14113	XM_032594445.1	100.000	20	0	0	1	20	20161	20142	7.4	37.4
Query_14113	XM_032479833.1	100.000	20	0	0	1	20	20053	20034	7.4	37.4
Query_14113	XM_032479832.1	100.000	20	0	0	1	20	17174	17155	7.4	37.4
Query_14113	XM_032479831.1	100.000	20	0	0	1	20	16897	16878	7.4	37.4
Query_14113	XM_032479830.1	100.000	20	0	0	1	20	17173	17154	7.4	37.4
Query_14113	XM_032479829.1	100.000	20	0	0	1	20	17173	17154	7.4	37.4
Query_14113	XM_032479828.1	100.000	20	0	0	1	20	17173	17154	7.4	37.4
Query_14113	XM_032479827.1	100.000	20	0	0	1	20	17173	17154	7.4	37.4
Query_14113	XM_032479826.1	100.000	20	0	0	1	20	17173	17154	7.4	37.4
Query_14113	XM_032479825.1	100.000	20	0	0	1	20	17173	17154	7.4	37.4
Query_14113	XM_032479824.1	100.000	20	0	0	1	20	17173	17154	7.4	37.4
Query_14113	XM_032479823.1	100.000	20	0	0	1	20	17173	17154	7.4	37.4
Query_14113	XM_032479822.1	100.000	20	0	0	1	20	17173	17154	7.4	37.4
Query_14113	XM_032479821.1	100.000	20	0	0	1	20	17173	17154	7.4	37.4
Query_14113	XM_032479820.1	100.000	20	0	0	1	20	17173	17154	7.4	37.4
Query_14113	XM_032479819.1	100.000	20	0	0	1	20	17173	17154	7.4	37.4
Query_14113	XM_032479818.1	100.000	20	0	0	1	20	17173	17154	7.4	37.4
Query_14113	XM_032479817.1	100.000	20	0	0	1	20	17173	17154	7.4	37.4
Query_14113	XM_032479816.1	100.000	20	0	0	1	20	17173	17154	7.4	37.4
Query_14113	XM_032479815.1	100.000	20	0	0	1	20	17173	17154	7.4	37.4
Query_14113	XM_032479814.1	100.000	20	0	0	1	20	17173	17154	7.4	37.4
Query_14113	XM_032479813.1	100.000	20	0	0	1	20	17173	17154	7.4	37.4
Query_14113	XM_032479812.1	100.000	20	0	0	1	20	17035	17016	7.4	37.4
Query_14113	XM_032479811.1	100.000	20	0	0	1	20	17173	17154	7.4	37.4
Query_14113	XM_032479810.1	100.000	20	0	0	1	20	17173	17154	7.4	37.4
Query_14113	XM_032479809.1	100.000	20	0	0	1	20	17173	17154	7.4	37.4
Query_14113	XM_032479808.1	100.000	20	0	0	1	20	17173	17154	7.4	37.4
Query_14113	XM_032479807.1	100.000	20	0	0	1	20	17173	17154	7.4	37.4
Query_14113	XM_032479806.1	100.000	20	0	0	1	20	17173	17154	7.4	37.4
Query_14113	XM_040997940.1	100.000	20	0	0	1	20	17125	17106	7.4	37.4
Query_14113	XM_040997939.1	100.000	20	0	0	1	20	19921	19902	7.4	37.4
Query_14113	XM_040971800.1	100.000	20	0	0	1	20	17125	17106	7.4	37.4
Query_14113	XM_040971798.1	100.000	20	0	0	1	20	19921	19902	7.4	37.4
Query_14113	XM_040475508.1	100.000	20	0	0	1	20	20282	20263	7.4	37.4
Query_14113	XM_039470106.1	100.000	20	0	0	1	20	20139	20120	7.4	37.4
Query_14113	XM_039222380.1	100.000	20	0	0	1	20	19926	19907	7.4	37.4
Query_14113	XM_038001886.1	100.000	20	0	0	1	20	20138	20119	7.4	37.4
Query_14113	XM_037850412.1	100.000	20	0	0	1	20	17109	17090	7.4	37.4
Query_14113	XM_037522120.1	100.000	20	0	0	1	20	19638	19619	7.4	37.4
Query_14113	XM_037000324.1	100.000	20	0	0	1	20	20026	20007	7.4	37.4
Query_14113	XM_036879453.1	100.000	20	0	0	1	20	17209	17190	7.4	37.4
Query_14113	XM_036879450.1	100.000	20	0	0	1	20	20002	19983	7.4	37.4
Query_14113	XM_036422279.1	100.000	20	0	0	1	20	19954	19935	7.4	37.4
Query_14113	XM_036318697.1	100.000	20	0	0	1	20	19954	19935	7.4	37.4
Query_14113	XM_036253264.1	100.000	20	0	0	1	20	19827	19808	7.4	37.4
Query_14113	LR862364.1	100.000	20	0	0	1	20	47073211	47073230	7.4	37.4
Query_14113	XM_035304424.1	100.000	20	0	0	1	20	17235	17216	7.4	37.4
Query_14113	XM_035304423.1	100.000	20	0	0	1	20	17235	17216	7.4	37.4
Query_14113	XM_035304422.1	100.000	20	0	0	1	20	17235	17216	7.4	37.4
Query_14113	XM_035304420.1	100.000	20	0	0	1	20	17235	17216	7.4	37.4
Query_14113	XM_035304419.1	100.000	20	0	0	1	20	17235	17216	7.4	37.4
Query_14113	XM_035304418.1	100.000	20	0	0	1	20	17235	17216	7.4	37.4
Query_14113	XM_035304417.1	100.000	20	0	0	1	20	17235	17216	7.4	37.4
Query_14113	XM_035304416.1	100.000	20	0	0	1	20	17235	17216	7.4	37.4
Query_14113	XM_035304415.1	100.000	20	0	0	1	20	17235	17216	7.4	37.4
Query_14113	XM_035304414.1	100.000	20	0	0	1	20	17235	17216	7.4	37.4
Query_14113	XM_035304413.1	100.000	20	0	0	1	20	17235	17216	7.4	37.4
Query_14113	XM_035304412.1	100.000	20	0	0	1	20	17235	17216	7.4	37.4
Query_14113	XM_035304411.1	100.000	20	0	0	1	20	17235	17216	7.4	37.4
Query_14113	XM_035304409.1	100.000	20	0	0	1	20	17235	17216	7.4	37.4
Query_14113	XM_035304408.1	100.000	20	0	0	1	20	17235	17216	7.4	37.4
Query_14113	XM_035304407.1	100.000	20	0	0	1	20	17235	17216	7.4	37.4
Query_14113	XM_035304406.1	100.000	20	0	0	1	20	17235	17216	7.4	37.4
Query_14113	XM_035304405.1	100.000	20	0	0	1	20	17235	17216	7.4	37.4
Query_14113	XM_035304404.1	100.000	20	0	0	1	20	17235	17216	7.4	37.4
Query_14113	XM_035304403.1	100.000	20	0	0	1	20	17235	17216	7.4	37.4
Query_14113	XM_035304402.1	100.000	20	0	0	1	20	17235	17216	7.4	37.4
Query_14113	XM_035304401.1	100.000	20	0	0	1	20	17235	17216	7.4	37.4
Query_14113	XM_035304400.1	100.000	20	0	0	1	20	17235	17216	7.4	37.4
Query_14113	XM_035304399.1	100.000	20	0	0	1	20	17235	17216	7.4	37.4
Query_14113	XM_035304398.1	100.000	20	0	0	1	20	17235	17216	7.4	37.4


