# blastn
# Iteration: 0
# Query: 
# RID: 6MZU2DEP013
# Database: nt
# Fields: query acc.ver, subject acc.ver, % identity, alignment length, mismatches, gap opens, q. start, q. end, s. start, s. end, evalue, bit score
# 101 hits found
Query_5535	XM_034951639.1	100.000	21	0	0	1	21	607	587	2.0	39.2
Query_5535	XM_034951638.1	100.000	21	0	0	1	21	459	439	2.0	39.2
Query_5535	XM_034951637.1	100.000	21	0	0	1	21	736	716	2.0	39.2
Query_5535	XM_034951636.1	100.000	21	0	0	1	21	500	480	2.0	39.2
Query_5535	XM_034951635.1	100.000	21	0	0	1	21	457	437	2.0	39.2
Query_5535	XM_034951634.1	100.000	21	0	0	1	21	460	440	2.0	39.2
Query_5535	XM_034951633.1	100.000	21	0	0	1	21	743	723	2.0	39.2
Query_5535	XM_034951632.1	100.000	21	0	0	1	21	501	481	2.0	39.2
Query_5535	XM_033236300.1	100.000	21	0	0	1	21	603	583	2.0	39.2
Query_5535	XM_033236299.1	100.000	21	0	0	1	21	878	858	2.0	39.2
Query_5535	XM_033236298.1	100.000	21	0	0	1	21	578	558	2.0	39.2
Query_5535	XM_032268238.1	100.000	21	0	0	1	21	497	477	2.0	39.2
Query_5535	XM_032268236.1	100.000	21	0	0	1	21	458	438	2.0	39.2
Query_5535	XM_032268235.1	100.000	21	0	0	1	21	562	542	2.0	39.2
Query_5535	XR_004274519.1	100.000	21	0	0	1	21	590	570	2.0	39.2
Query_5535	XR_004257690.1	100.000	21	0	0	1	21	437	417	2.0	39.2
Query_5535	XM_032754107.1	100.000	21	0	0	1	21	514	494	2.0	39.2
Query_5535	XM_023195766.3	100.000	21	0	0	1	21	478	458	2.0	39.2
Query_5535	NM_001194836.2	100.000	21	0	0	1	21	514	494	2.0	39.2
Query_5535	XM_009195636.2	100.000	21	0	0	1	21	459	439	2.0	39.2
Query_5535	XM_031002695.1	100.000	21	0	0	1	21	491	471	2.0	39.2
Query_5535	XM_031002694.1	100.000	21	0	0	1	21	491	471	2.0	39.2
Query_5535	XM_004056937.3	100.000	21	0	0	1	21	458	438	2.0	39.2
Query_5535	XM_004056936.3	100.000	21	0	0	1	21	612	592	2.0	39.2
Query_5535	XM_004056938.3	100.000	21	0	0	1	21	456	436	2.0	39.2
Query_5535	XM_019012582.2	100.000	21	0	0	1	21	456	436	2.0	39.2
Query_5535	XM_030924821.1	100.000	21	0	0	1	21	603	583	2.0	39.2
Query_5535	XM_030798768.1	100.000	21	0	0	1	21	487	467	2.0	39.2
Query_5535	XM_030798767.1	100.000	21	0	0	1	21	487	467	2.0	39.2
Query_5535	XM_030798766.1	100.000	21	0	0	1	21	476	456	2.0	39.2
Query_5535	XM_030798765.1	100.000	21	0	0	1	21	593	573	2.0	39.2
Query_5535	XM_030798764.1	100.000	21	0	0	1	21	896	876	2.0	39.2
Query_5535	XM_030798763.1	100.000	21	0	0	1	21	593	573	2.0	39.2
Query_5535	XM_030798762.1	100.000	21	0	0	1	21	990	970	2.0	39.2
Query_5535	XM_008856164.2	100.000	21	0	0	1	21	592	572	2.0	39.2
Query_5535	XM_008856163.3	100.000	21	0	0	1	21	479	459	2.0	39.2
Query_5535	XM_029557704.1	100.000	21	0	0	1	21	501	481	2.0	39.2
Query_5535	NM_194260.3	100.000	21	0	0	1	21	612	592	2.0	39.2
Query_5535	NM_194261.3	100.000	21	0	0	1	21	464	444	2.0	39.2
Query_5535	NM_194259.3	100.000	21	0	0	1	21	739	719	2.0	39.2
Query_5535	XM_028840603.1	100.000	21	0	0	1	21	509	489	2.0	39.2
Query_5535	XM_028840602.1	100.000	21	0	0	1	21	513	493	2.0	39.2
Query_5535	XM_001118584.4	100.000	21	0	0	1	21	458	438	2.0	39.2
Query_5535	XM_028840601.1	100.000	21	0	0	1	21	448	428	2.0	39.2
Query_5535	NM_003345.5	100.000	21	0	0	1	21	482	462	2.0	39.2
Query_5535	XM_026451033.1	100.000	21	0	0	1	21	394	374	2.0	39.2
Query_5535	XM_026451032.1	100.000	21	0	0	1	21	741	721	2.0	39.2
Query_5535	CP034494.1	100.000	21	0	0	1	21	1310284	1310264	2.0	39.2
Query_5535	CP034494.1	100.000	21	0	0	1	21	90535602	90535582	2.0	39.2
Query_5535	XM_025370151.1	100.000	21	0	0	1	21	601	581	2.0	39.2
Query_5535	XM_025370150.1	100.000	21	0	0	1	21	605	585	2.0	39.2
Query_5535	XM_025370148.1	100.000	21	0	0	1	21	457	437	2.0	39.2
Query_5535	XM_025370147.1	100.000	21	0	0	1	21	745	725	2.0	39.2
Query_5535	XM_025370146.1	100.000	21	0	0	1	21	883	863	2.0	39.2
Query_5535	XM_011748436.2	100.000	21	0	0	1	21	759	739	2.0	39.2
Query_5535	XM_024794102.1	100.000	21	0	0	1	21	430	410	2.0	39.2
Query_5535	XM_024794101.1	100.000	21	0	0	1	21	2597	2577	2.0	39.2
Query_5535	XM_024450432.1	100.000	21	0	0	1	21	640	620	2.0	39.2
Query_5535	XM_016929130.2	100.000	21	0	0	1	21	603	583	2.0	39.2
Query_5535	XM_003314907.5	100.000	21	0	0	1	21	790	770	2.0	39.2
Query_5535	XM_003314906.4	100.000	21	0	0	1	21	506	486	2.0	39.2
Query_5535	XM_003314905.4	100.000	21	0	0	1	21	606	586	2.0	39.2
Query_5535	XM_016929129.2	100.000	21	0	0	1	21	860	840	2.0	39.2
Query_5535	XM_016929128.2	100.000	21	0	0	1	21	603	583	2.0	39.2
Query_5535	XM_009430052.3	100.000	21	0	0	1	21	790	770	2.0	39.2
Query_5535	XM_009430055.3	100.000	21	0	0	1	21	451	431	2.0	39.2
Query_5535	XM_009430053.3	100.000	21	0	0	1	21	593	573	2.0	39.2
Query_5535	XM_016929126.2	100.000	21	0	0	1	21	860	840	2.0	39.2
Query_5535	XM_016929125.2	100.000	21	0	0	1	21	603	583	2.0	39.2
Query_5535	XM_024233921.1	100.000	21	0	0	1	21	457	437	2.0	39.2
Query_5535	XM_002825946.4	100.000	21	0	0	1	21	601	581	2.0	39.2
Query_5535	XM_024233920.1	100.000	21	0	0	1	21	611	591	2.0	39.2
Query_5535	XM_024233919.1	100.000	21	0	0	1	21	485	465	2.0	39.2
Query_5535	XM_024233918.1	100.000	21	0	0	1	21	494	474	2.0	39.2
Query_5535	XM_012441957.2	100.000	21	0	0	1	21	2306	2286	2.0	39.2
Query_5535	XR_001108396.2	100.000	21	0	0	1	21	370	350	2.0	39.2
Query_5535	LT733828.1	100.000	21	0	0	1	21	820	800	2.0	39.2
Query_5535	U45328.2	100.000	21	0	0	1	21	456	436	2.0	39.2
Query_5535	XM_019012585.1	100.000	21	0	0	1	21	598	578	2.0	39.2
Query_5535	XM_019012583.1	100.000	21	0	0	1	21	434	414	2.0	39.2
Query_5535	XM_017858483.1	100.000	21	0	0	1	21	363	343	2.0	39.2
Query_5535	XM_017858482.1	100.000	21	0	0	1	21	363	343	2.0	39.2
Query_5535	XM_017858481.1	100.000	21	0	0	1	21	784	764	2.0	39.2
Query_5535	XM_017858480.1	100.000	21	0	0	1	21	720	700	2.0	39.2
Query_5535	XM_017858479.1	100.000	21	0	0	1	21	611	591	2.0	39.2
Query_5535	XM_039478291.1	100.000	21	0	0	1	21	488	468	2.0	39.2
Query_5535	XM_039478290.1	100.000	21	0	0	1	21	361	341	2.0	39.2
Query_5535	XR_744805.2	100.000	21	0	0	1	21	347	327	2.0	39.2
Query_5535	CP068262.1	100.000	21	0	0	1	21	1336467	1336447	2.0	39.2
Query_5535	XM_037990067.1	100.000	21	0	0	1	21	479	459	2.0	39.2
Query_5535	XM_017510963.2	100.000	21	0	0	1	21	491	471	2.0	39.2
Query_5535	XM_017539359.2	100.000	21	0	0	1	21	460	440	2.0	39.2
Query_5535	AP023476.1	100.000	21	0	0	1	21	1334113	1334093	2.0	39.2
Query_5535	XM_009008883.2	100.000	21	0	0	1	21	602	582	2.0	39.2
Query_5535	XM_035266442.1	100.000	21	0	0	1	21	432	412	2.0	39.2
Query_5535	XM_035266441.1	100.000	21	0	0	1	21	593	573	2.0	39.2
Query_5535	XM_035266439.1	100.000	21	0	0	1	21	491	471	2.0	39.2
Query_5535	XM_035266438.1	100.000	21	0	0	1	21	480	460	2.0	39.2
Query_5535	XM_035266440.1	100.000	21	0	0	1	21	874	854	2.0	39.2
Query_5535	XM_035266437.1	100.000	21	0	0	1	21	2869	2849	2.0	39.2
Query_5535	XM_009008885.2	100.000	21	0	0	1	21	615	595	2.0	39.2


