# blastn
# Iteration: 0
# Query: 
# RID: 6MJFSCEJ016
# Database: nt
# Fields: query acc.ver, subject acc.ver, % identity, alignment length, mismatches, gap opens, q. start, q. end, s. start, s. end, evalue, bit score
# 100 hits found
Query_36421	XM_035014140.1	100.000	21	0	0	1	21	481	461	2.0	39.2
Query_36421	XM_034960512.1	100.000	21	0	0	1	21	349	329	2.0	39.2
Query_36421	XM_003829274.3	100.000	21	0	0	1	21	439	419	2.0	39.2
Query_36421	XM_034656017.1	100.000	21	0	0	1	21	404	384	2.0	39.2
Query_36421	XM_002912915.4	100.000	21	0	0	1	21	482	462	2.0	39.2
Query_36421	XM_027949574.2	100.000	21	0	0	1	21	454	434	2.0	39.2
Query_36421	XM_004326504.3	100.000	21	0	0	1	21	347	327	2.0	39.2
Query_36421	XM_033761573.1	100.000	21	0	0	1	21	326	306	2.0	39.2
Query_36421	XM_033761572.1	100.000	21	0	0	1	21	406	386	2.0	39.2
Query_36421	XM_033409827.1	100.000	21	0	0	1	21	545	525	2.0	39.2
Query_36421	XM_004282119.3	100.000	21	0	0	1	21	610	590	2.0	39.2
Query_36421	XM_033403071.1	100.000	21	0	0	1	21	321	301	2.0	39.2
Query_36421	XM_004263629.3	100.000	21	0	0	1	21	408	388	2.0	39.2
Query_36421	CP050574.1	100.000	21	0	0	1	21	497983	497963	2.0	39.2
Query_36421	CP050613.1	100.000	21	0	0	1	21	491556	491536	2.0	39.2
Query_36421	XM_033181205.1	100.000	21	0	0	1	21	1296	1276	2.0	39.2
Query_36421	XM_033095936.1	100.000	21	0	0	1	21	471	451	2.0	39.2
Query_36421	XM_032837709.1	100.000	21	0	0	1	21	488	468	2.0	39.2
Query_36421	XM_032837708.1	100.000	21	0	0	1	21	488	468	2.0	39.2
Query_36421	XM_032837707.1	100.000	21	0	0	1	21	488	468	2.0	39.2
Query_36421	XM_032625524.1	100.000	21	0	0	1	21	432	412	2.0	39.2
Query_36421	XM_032625523.1	100.000	21	0	0	1	21	369	349	2.0	39.2
Query_36421	XM_032625522.1	100.000	21	0	0	1	21	476	456	2.0	39.2
Query_36421	XM_030318352.2	100.000	21	0	0	1	21	477	457	2.0	39.2
Query_36421	XM_006179617.3	100.000	21	0	0	1	21	471	451	2.0	39.2
Query_36421	XM_032425198.1	100.000	21	0	0	1	21	477	457	2.0	39.2
Query_36421	XM_032336720.1	100.000	21	0	0	1	21	482	462	2.0	39.2
Query_36421	XM_032336718.1	100.000	21	0	0	1	21	482	462	2.0	39.2
Query_36421	XM_032336717.1	100.000	21	0	0	1	21	482	462	2.0	39.2
Query_36421	XM_032251637.1	100.000	21	0	0	1	21	698	678	2.0	39.2
Query_36421	XM_032251564.1	100.000	21	0	0	1	21	788	768	2.0	39.2
Query_36421	XM_032157920.1	100.000	21	0	0	1	21	769	749	2.0	39.2
Query_36421	XM_023196017.2	100.000	21	0	0	1	21	761	741	2.0	39.2
Query_36421	NM_001194433.3	100.000	21	0	0	1	21	770	750	2.0	39.2
Query_36421	XM_006212804.3	100.000	21	0	0	1	21	470	450	2.0	39.2
Query_36421	XM_021939692.2	100.000	21	0	0	1	21	693	673	2.0	39.2
Query_36421	XM_003900106.3	100.000	21	0	0	1	21	783	763	2.0	39.2
Query_36421	XM_010981544.2	100.000	21	0	0	1	21	471	451	2.0	39.2
Query_36421	XM_006731022.2	100.000	21	0	0	1	21	732	712	2.0	39.2
Query_36421	XM_031010702.1	100.000	21	0	0	1	21	761	741	2.0	39.2
Query_36421	XM_030869624.1	100.000	21	0	0	1	21	480	460	2.0	39.2
Query_36421	XM_030869623.1	100.000	21	0	0	1	21	469	449	2.0	39.2
Query_36421	XM_003266384.3	100.000	21	0	0	1	21	768	748	2.0	39.2
Query_36421	XM_030318362.1	100.000	21	0	0	1	21	354	334	2.0	39.2
Query_36421	XM_030245926.1	100.000	21	0	0	1	21	394	374	2.0	39.2
Query_36421	XM_030245925.1	100.000	21	0	0	1	21	534	514	2.0	39.2
Query_36421	XM_011248967.2	100.000	21	0	0	1	21	1110	1090	2.0	39.2
Query_36421	XM_029941919.1	100.000	21	0	0	1	21	477	457	2.0	39.2
Query_36421	XM_021178030.2	100.000	21	0	0	1	21	474	454	2.0	39.2
Query_36421	XM_029217262.1	100.000	21	0	0	1	21	474	454	2.0	39.2
Query_36421	NM_003337.4	100.000	21	0	0	1	21	372	352	2.0	39.2
Query_36421	XM_007107071.3	100.000	21	0	0	1	21	470	450	2.0	39.2
Query_36421	XM_008142249.2	100.000	21	0	0	1	21	476	456	2.0	39.2
Query_36421	XM_007172151.2	100.000	21	0	0	1	21	326	306	2.0	39.2
Query_36421	XM_007172150.2	100.000	21	0	0	1	21	474	454	2.0	39.2
Query_36421	XM_028103534.1	100.000	21	0	0	1	21	477	457	2.0	39.2
Query_36421	XM_004008801.3	100.000	21	0	0	1	21	489	469	2.0	39.2
Query_36421	XM_027949576.1	100.000	21	0	0	1	21	372	352	2.0	39.2
Query_36421	XM_027949575.1	100.000	21	0	0	1	21	410	390	2.0	39.2
Query_36421	XR_003584731.1	100.000	21	0	0	1	21	454	434	2.0	39.2
Query_36421	XM_027949573.1	100.000	21	0	0	1	21	454	434	2.0	39.2
Query_36421	XM_013363114.3	100.000	21	0	0	1	21	426	406	2.0	39.2
Query_36421	XM_040271813.1	100.000	21	0	0	1	21	370	350	2.0	39.2
Query_36421	XM_005335742.4	100.000	21	0	0	1	21	460	440	2.0	39.2
Query_36421	XM_040240092.1	100.000	21	0	0	1	21	765	745	2.0	39.2
Query_36421	HG994387.1	100.000	21	0	0	1	21	973234	973214	2.0	39.2
Query_36421	XM_039836039.1	100.000	21	0	0	1	21	735	715	2.0	39.2
Query_36421	CP070480.1	100.000	21	0	0	1	21	1421250	1421270	2.0	39.2
Query_36421	XM_010338704.2	100.000	21	0	0	1	21	413	393	2.0	39.2
Query_36421	XM_010338699.2	100.000	21	0	0	1	21	502	482	2.0	39.2
Query_36421	XM_039242287.1	100.000	21	0	0	1	21	458	438	2.0	39.2
Query_36421	XM_039242286.1	100.000	21	0	0	1	21	458	438	2.0	39.2
Query_36421	XM_039242285.1	100.000	21	0	0	1	21	457	437	2.0	39.2
Query_36421	XM_038660385.1	100.000	21	0	0	1	21	324	304	2.0	39.2
Query_36421	XM_038681540.1	100.000	21	0	0	1	21	593	573	2.0	39.2
Query_36421	XM_038464832.1	100.000	21	0	0	1	21	351	331	2.0	39.2
Query_36421	XM_022425310.2	100.000	21	0	0	1	21	593	573	2.0	39.2
Query_36421	XM_008014440.2	100.000	21	0	0	1	21	689	669	2.0	39.2
Query_36421	XM_008014439.2	100.000	21	0	0	1	21	779	759	2.0	39.2
Query_36421	XM_017532387.2	100.000	21	0	0	1	21	349	329	2.0	39.2
Query_36421	XM_017532386.2	100.000	21	0	0	1	21	495	475	2.0	39.2
Query_36421	XM_037509311.1	100.000	21	0	0	1	21	425	405	2.0	39.2
Query_36421	XM_036845941.1	100.000	21	0	0	1	21	363	343	2.0	39.2
Query_36421	XM_036845940.1	100.000	21	0	0	1	21	469	449	2.0	39.2
Query_36421	XM_036493390.1	100.000	21	0	0	1	21	318	298	2.0	39.2
Query_36421	XM_036425397.1	100.000	21	0	0	1	21	449	429	2.0	39.2
Query_36421	XM_036425396.1	100.000	21	0	0	1	21	473	453	2.0	39.2
Query_36421	XM_036314880.1	100.000	21	0	0	1	21	323	303	2.0	39.2
Query_36421	XM_036314879.1	100.000	21	0	0	1	21	468	448	2.0	39.2
Query_36421	XM_036281631.1	100.000	21	0	0	1	21	417	397	2.0	39.2
Query_36421	XM_036281630.1	100.000	21	0	0	1	21	376	356	2.0	39.2
Query_36421	XM_036281629.1	100.000	21	0	0	1	21	453	433	2.0	39.2
Query_36421	XM_016137659.2	100.000	21	0	0	1	21	735	715	2.0	39.2
Query_36421	XM_036123943.1	100.000	21	0	0	1	21	415	395	2.0	39.2
Query_36421	XM_036123942.1	100.000	21	0	0	1	21	505	485	2.0	39.2
Query_36421	XM_025433233.2	100.000	21	0	0	1	21	592	572	2.0	39.2
Query_36421	XM_025433232.2	100.000	21	0	0	1	21	810	790	2.0	39.2
Query_36421	XM_035713350.1	100.000	21	0	0	1	21	324	304	2.0	39.2
Query_36421	XM_008984915.4	100.000	21	0	0	1	21	700	680	2.0	39.2
Query_36421	XM_002744157.6	100.000	21	0	0	1	21	790	770	2.0	39.2


