# blastn
# Iteration: 0
# Query: 
# RID: 7R1Y743201R
# Database: nt
# Fields: query acc.ver, subject acc.ver, % identity, alignment length, mismatches, gap opens, q. start, q. end, s. start, s. end, evalue, bit score
# 100 hits found
Query_287421	XM_034991398.1	100.000	21	0	0	1	21	791	771	2.1	39.2
Query_287421	XM_034991397.1	100.000	21	0	0	1	21	791	771	2.1	39.2
Query_287421	XM_003822875.4	100.000	21	0	0	1	21	1382	1362	2.1	39.2
Query_287421	XM_002922660.4	100.000	21	0	0	1	21	718	698	2.1	39.2
Query_287421	XM_004324510.3	100.000	21	0	0	1	21	884	864	2.1	39.2
Query_287421	XM_033418820.1	100.000	21	0	0	1	21	1063	1043	2.1	39.2
Query_287421	CP050578.1	100.000	21	0	0	1	21	48535440	48535460	2.1	39.2
Query_287421	CP050616.1	100.000	21	0	0	1	21	48532543	48532563	2.1	39.2
Query_287421	XM_033234595.1	100.000	21	0	0	1	21	915	895	2.1	39.2
Query_287421	XM_033102457.1	100.000	21	0	0	1	21	1222	1202	2.1	39.2
Query_287421	XM_032858105.1	100.000	21	0	0	1	21	567	547	2.1	39.2
Query_287421	XM_032858104.1	100.000	21	0	0	1	21	786	766	2.1	39.2
Query_287421	XM_032651476.1	100.000	21	0	0	1	21	803	783	2.1	39.2
Query_287421	XM_032409288.1	100.000	21	0	0	1	21	727	707	2.1	39.2
Query_287421	XM_032155254.1	100.000	21	0	0	1	21	912	892	2.1	39.2
Query_287421	XM_031964529.1	100.000	21	0	0	1	21	670	650	2.1	39.2
Query_287421	XM_012549219.2	100.000	21	0	0	1	21	797	777	2.1	39.2
Query_287421	XM_023205280.3	100.000	21	0	0	1	21	918	898	2.1	39.2
Query_287421	XM_021937596.2	100.000	21	0	0	1	21	897	877	2.1	39.2
Query_287421	XM_003897902.3	100.000	21	0	0	1	21	897	877	2.1	39.2
Query_287421	XM_006733702.2	100.000	21	0	0	1	21	878	858	2.1	39.2
Query_287421	XM_004044402.3	100.000	21	0	0	1	21	899	879	2.1	39.2
Query_287421	XM_010357766.2	100.000	21	0	0	1	21	901	881	2.1	39.2
Query_287421	XM_030859493.1	100.000	21	0	0	1	21	884	864	2.1	39.2
Query_287421	XM_030809469.1	100.000	21	0	0	1	21	1047	1027	2.1	39.2
Query_287421	XM_030315962.1	100.000	21	0	0	1	21	685	665	2.1	39.2
Query_287421	XM_029945212.1	100.000	21	0	0	1	21	787	767	2.1	39.2
Query_287421	XM_029945210.1	100.000	21	0	0	1	21	786	766	2.1	39.2
Query_287421	XM_029223916.1	100.000	21	0	0	1	21	1094	1074	2.1	39.2
Query_287421	XM_029223915.1	100.000	21	0	0	1	21	1094	1074	2.1	39.2
Query_287421	XM_015136920.2	100.000	21	0	0	1	21	898	878	2.1	39.2
Query_287421	XM_024116826.2	100.000	21	0	0	1	21	693	673	2.1	39.2
Query_287421	NM_016021.3	100.000	21	0	0	1	21	730	710	2.1	39.2
Query_287421	XM_027090601.1	100.000	21	0	0	1	21	1127	1107	2.1	39.2
Query_287421	XM_027057263.1	100.000	21	0	0	1	21	592	572	2.1	39.2
Query_287421	XM_027057262.1	100.000	21	0	0	1	21	698	678	2.1	39.2
Query_287421	XM_026511822.1	100.000	21	0	0	1	21	717	697	2.1	39.2
Query_287421	XM_026411022.1	100.000	21	0	0	1	21	936	916	2.1	39.2
Query_287421	XM_026411013.1	100.000	21	0	0	1	21	578	558	2.1	39.2
Query_287421	XM_028133890.1	100.000	21	0	0	1	21	474	454	2.1	39.2
Query_287421	XM_028133857.1	100.000	21	0	0	1	21	505	485	2.1	39.2
Query_287421	XM_028133749.1	100.000	21	0	0	1	21	613	593	2.1	39.2
Query_287421	XM_008148916.2	100.000	21	0	0	1	21	637	617	2.1	39.2
Query_287421	XM_028108082.1	100.000	21	0	0	1	21	724	704	2.1	39.2
Query_287421	XM_027928239.1	100.000	21	0	0	1	21	856	836	2.1	39.2
Query_287421	XM_027855078.1	100.000	21	0	0	1	21	692	672	2.1	39.2
Query_287421	XM_027774504.1	100.000	21	0	0	1	21	657	637	2.1	39.2
Query_287421	XM_006155303.3	100.000	21	0	0	1	21	657	637	2.1	39.2
Query_287421	XM_027602663.1	100.000	21	0	0	1	21	844	824	2.1	39.2
Query_287421	XM_025983868.1	100.000	21	0	0	1	21	682	662	2.1	39.2
Query_287421	XM_025925443.1	100.000	21	0	0	1	21	619	599	2.1	39.2
Query_287421	XM_025862555.1	100.000	21	0	0	1	21	781	761	2.1	39.2
Query_287421	XM_025382665.1	100.000	21	0	0	1	21	783	763	2.1	39.2
Query_287421	XM_025382664.1	100.000	21	0	0	1	21	554	534	2.1	39.2
Query_287421	XM_006926311.3	100.000	21	0	0	1	21	680	660	2.1	39.2
Query_287421	XM_011766817.2	100.000	21	0	0	1	21	898	878	2.1	39.2
Query_287421	XM_024747310.1	100.000	21	0	0	1	21	785	765	2.1	39.2
Query_287421	XM_024551710.1	100.000	21	0	0	1	21	769	749	2.1	39.2
Query_287421	XM_011535888.3	100.000	21	0	0	1	21	1163	1143	2.1	39.2
Query_287421	XM_518636.7	100.000	21	0	0	1	21	1041	1021	2.1	39.2
Query_287421	XM_009242085.2	100.000	21	0	0	1	21	902	882	2.1	39.2
Query_287421	XM_014458411.2	100.000	21	0	0	1	21	561	541	2.1	39.2
Query_287421	XM_006091793.3	100.000	21	0	0	1	21	692	672	2.1	39.2
Query_287421	XM_004628208.3	100.000	21	0	0	1	21	686	666	2.1	39.2
Query_287421	XM_013157646.2	100.000	21	0	0	1	21	686	666	2.1	39.2
Query_287421	XM_011367359.2	100.000	21	0	0	1	21	1056	1036	2.1	39.2
Query_287421	XM_012809943.2	100.000	21	0	0	1	21	1251	1231	2.1	39.2
Query_287421	XM_019830949.2	100.000	21	0	0	1	21	664	644	2.1	39.2
Query_287421	XM_003986371.5	100.000	21	0	0	1	21	692	672	2.1	39.2
Query_287421	XM_040474158.1	100.000	21	0	0	1	21	592	572	2.1	39.2
Query_287421	XM_040474157.1	100.000	21	0	0	1	21	737	717	2.1	39.2
Query_287421	XM_005324707.4	100.000	21	0	0	1	21	856	836	2.1	39.2
Query_287421	XM_029047279.2	100.000	21	0	0	1	21	758	738	2.1	39.2
Query_287421	XM_029047278.2	100.000	21	0	0	1	21	684	664	2.1	39.2
Query_287421	HG994392.1	100.000	21	0	0	1	21	49747076	49747096	2.1	39.2
Query_287421	XM_039853168.1	100.000	21	0	0	1	21	861	841	2.1	39.2
Query_287421	XM_039232184.1	100.000	21	0	0	1	21	893	873	2.1	39.2
Query_287421	XM_038684153.1	100.000	21	0	0	1	21	760	740	2.1	39.2
Query_287421	XM_038679172.1	100.000	21	0	0	1	21	760	740	2.1	39.2
Query_287421	XM_008006597.2	100.000	21	0	0	1	21	919	899	2.1	39.2
Query_287421	XM_017506803.2	100.000	21	0	0	1	21	1229	1209	2.1	39.2
Query_287421	XM_037520101.1	100.000	21	0	0	1	21	870	850	2.1	39.2
Query_287421	XM_037131208.1	100.000	21	0	0	1	21	644	624	2.1	39.2
Query_287421	XM_037131207.1	100.000	21	0	0	1	21	739	719	2.1	39.2
Query_287421	XM_017665702.2	100.000	21	0	0	1	21	592	572	2.1	39.2
Query_287421	XM_036871349.1	100.000	21	0	0	1	21	770	750	2.1	39.2
Query_287421	XM_036767113.1	100.000	21	0	0	1	21	879	859	2.1	39.2
Query_287421	XM_036316810.1	100.000	21	0	0	1	21	733	713	2.1	39.2
Query_287421	XM_036316809.1	100.000	21	0	0	1	21	769	749	2.1	39.2
Query_287421	XM_036249188.1	100.000	21	0	0	1	21	584	564	2.1	39.2
Query_287421	XM_036249187.1	100.000	21	0	0	1	21	652	632	2.1	39.2
Query_287421	XM_016140616.2	100.000	21	0	0	1	21	861	841	2.1	39.2
Query_287421	XM_036065170.1	100.000	21	0	0	1	21	620	600	2.1	39.2
Query_287421	XM_036065168.1	100.000	21	0	0	1	21	730	710	2.1	39.2
Query_287421	XM_028509327.2	100.000	21	0	0	1	21	717	697	2.1	39.2
Query_287421	XM_036024457.1	100.000	21	0	0	1	21	723	703	2.1	39.2
Query_287421	XM_035697730.1	100.000	21	0	0	1	21	570	550	2.1	39.2
Query_287421	XM_025444572.2	100.000	21	0	0	1	21	730	710	2.1	39.2
Query_287421	XM_027602662.2	100.000	21	0	0	1	21	747	727	2.1	39.2
Query_287421	XM_027602660.2	100.000	21	0	0	1	21	835	815	2.1	39.2


