# blastn
# Iteration: 0
# Query: 
# RID: 6RXF1287016
# Database: nt
# Fields: query acc.ver, subject acc.ver, % identity, alignment length, mismatches, gap opens, q. start, q. end, s. start, s. end, evalue, bit score
# 100 hits found
Query_56369	XM_003811844.2	100.000	21	0	0	1	21	622	602	2.1	39.2
Query_56369	XM_004321799.3	100.000	21	0	0	1	21	1399	1379	2.1	39.2
Query_56369	XM_033414281.1	100.000	21	0	0	1	21	614	594	2.1	39.2
Query_56369	XM_012538494.2	100.000	21	0	0	1	21	1276	1256	2.1	39.2
Query_56369	XM_004284404.3	100.000	21	0	0	1	21	459	439	2.1	39.2
Query_56369	XM_033196559.1	100.000	21	0	0	1	21	747	727	2.1	39.2
Query_56369	XM_033093355.1	100.000	21	0	0	1	21	1044	1024	2.1	39.2
Query_56369	XM_033093354.1	100.000	21	0	0	1	21	1047	1027	2.1	39.2
Query_56369	XM_033093353.1	100.000	21	0	0	1	21	1408	1388	2.1	39.2
Query_56369	XM_032642803.1	100.000	21	0	0	1	21	614	594	2.1	39.2
Query_56369	XM_032642793.1	100.000	21	0	0	1	21	542	522	2.1	39.2
Query_56369	XM_032642785.1	100.000	21	0	0	1	21	687	667	2.1	39.2
Query_56369	XM_030302021.2	100.000	21	0	0	1	21	911	891	2.1	39.2
Query_56369	XM_032260946.1	100.000	21	0	0	1	21	579	559	2.1	39.2
Query_56369	XM_032260945.1	100.000	21	0	0	1	21	655	635	2.1	39.2
Query_56369	XR_004261757.1	100.000	21	0	0	1	21	623	603	2.1	39.2
Query_56369	XR_004258816.1	100.000	21	0	0	1	21	551	531	2.1	39.2
Query_56369	XM_032161224.1	100.000	21	0	0	1	21	763	743	2.1	39.2
Query_56369	XM_023214308.2	100.000	21	0	0	1	21	714	694	2.1	39.2
Query_56369	XM_031654823.1	100.000	21	0	0	1	21	604	584	2.1	39.2
Query_56369	XM_031654814.1	100.000	21	0	0	1	21	697	677	2.1	39.2
Query_56369	XM_031389331.1	100.000	21	0	0	1	21	563	543	2.1	39.2
Query_56369	XM_031011621.1	100.000	21	0	0	1	21	738	718	2.1	39.2
Query_56369	XM_010367119.2	100.000	21	0	0	1	21	850	830	2.1	39.2
Query_56369	XR_749097.2	100.000	21	0	0	1	21	425	405	2.1	39.2
Query_56369	XR_750211.2	100.000	21	0	0	1	21	439	419	2.1	39.2
Query_56369	XM_030842149.1	100.000	21	0	0	1	21	614	594	2.1	39.2
Query_56369	XM_030842148.1	100.000	21	0	0	1	21	444	424	2.1	39.2
Query_56369	XM_030842146.1	100.000	21	0	0	1	21	459	439	2.1	39.2
Query_56369	XM_030824091.1	100.000	21	0	0	1	21	758	738	2.1	39.2
Query_56369	XM_022559255.2	100.000	21	0	0	1	21	440	420	2.1	39.2
Query_56369	XM_022559254.2	100.000	21	0	0	1	21	570	550	2.1	39.2
Query_56369	XM_029227821.1	100.000	21	0	0	1	21	865	845	2.1	39.2
Query_56369	XM_029227820.1	100.000	21	0	0	1	21	1022	1002	2.1	39.2
Query_56369	XM_029227819.1	100.000	21	0	0	1	21	1042	1022	2.1	39.2
Query_56369	XR_012770.4	100.000	21	0	0	1	21	427	407	2.1	39.2
Query_56369	XM_028826846.1	100.000	21	0	0	1	21	658	638	2.1	39.2
Query_56369	XM_015113807.2	100.000	21	0	0	1	21	624	604	2.1	39.2
Query_56369	XM_015113815.2	100.000	21	0	0	1	21	578	558	2.1	39.2
Query_56369	XM_028488730.1	100.000	21	0	0	1	21	648	628	2.1	39.2
Query_56369	XM_007112289.3	100.000	21	0	0	1	21	739	719	2.1	39.2
Query_56369	NM_016406.4	100.000	21	0	0	1	21	445	425	2.1	39.2
Query_56369	XM_027095249.1	100.000	21	0	0	1	21	614	594	2.1	39.2
Query_56369	XM_027095248.1	100.000	21	0	0	1	21	441	421	2.1	39.2
Query_56369	XM_027095247.1	100.000	21	0	0	1	21	459	439	2.1	39.2
Query_56369	XM_015076224.2	100.000	21	0	0	1	21	1026	1006	2.1	39.2
Query_56369	XM_023185092.2	100.000	21	0	0	1	21	455	435	2.1	39.2
Query_56369	XM_028163881.1	100.000	21	0	0	1	21	614	594	2.1	39.2
Query_56369	XM_007171720.2	100.000	21	0	0	1	21	522	502	2.1	39.2
Query_56369	XM_007171719.2	100.000	21	0	0	1	21	569	549	2.1	39.2
Query_56369	XM_012184828.3	100.000	21	0	0	1	21	658	638	2.1	39.2
Query_56369	XM_014581955.2	100.000	21	0	0	1	21	693	673	2.1	39.2
Query_56369	XM_025915228.1	100.000	21	0	0	1	21	443	423	2.1	39.2
Query_56369	XR_003120460.1	100.000	21	0	0	1	21	426	406	2.1	39.2
Query_56369	XM_025359394.1	100.000	21	0	0	1	21	564	544	2.1	39.2
Query_56369	XM_025359307.1	100.000	21	0	0	1	21	740	720	2.1	39.2
Query_56369	XM_011770131.2	100.000	21	0	0	1	21	516	496	2.1	39.2
Query_56369	XM_024757372.1	100.000	21	0	0	1	21	614	594	2.1	39.2
Query_56369	XM_024757365.1	100.000	21	0	0	1	21	696	676	2.1	39.2
Query_56369	XM_024757357.1	100.000	21	0	0	1	21	853	833	2.1	39.2
Query_56369	XM_024554066.1	100.000	21	0	0	1	21	656	636	2.1	39.2
Query_56369	XM_017001450.2	100.000	21	0	0	1	21	575	555	2.1	39.2
Query_56369	XM_004390173.2	100.000	21	0	0	1	21	670	650	2.1	39.2
Query_56369	XM_001503835.4	100.000	21	0	0	1	21	826	806	2.1	39.2
Query_56369	XM_003999573.5	100.000	21	0	0	1	21	550	530	2.1	39.2
Query_56369	XM_023214307.1	100.000	21	0	0	1	21	735	715	2.1	39.2
Query_56369	XR_001110804.2	100.000	21	0	0	1	21	417	397	2.1	39.2
Query_56369	XM_012449634.2	100.000	21	0	0	1	21	726	706	2.1	39.2
Query_56369	XM_012449633.2	100.000	21	0	0	1	21	736	716	2.1	39.2
Query_56369	XM_021089535.1	100.000	21	0	0	1	21	427	407	2.1	39.2
Query_56369	XM_003125655.4	100.000	21	0	0	1	21	555	535	2.1	39.2
Query_56369	XM_003125654.4	100.000	21	0	0	1	21	1044	1024	2.1	39.2
Query_56369	XM_020889294.1	100.000	21	0	0	1	21	498	478	2.1	39.2
Query_56369	XM_020889293.1	100.000	21	0	0	1	21	489	469	2.1	39.2
Query_56369	XM_020889291.1	100.000	21	0	0	1	21	637	617	2.1	39.2
Query_56369	XM_040452393.1	100.000	21	0	0	1	21	1025	1005	2.1	39.2
Query_56369	XM_040230059.1	100.000	21	0	0	1	21	678	658	2.1	39.2
Query_56369	XM_039480650.1	100.000	21	0	0	1	21	739	719	2.1	39.2
Query_56369	XR_005581184.1	100.000	21	0	0	1	21	428	408	2.1	39.2
Query_56369	XM_039246452.1	100.000	21	0	0	1	21	452	432	2.1	39.2
Query_56369	XM_039246451.1	100.000	21	0	0	1	21	507	487	2.1	39.2
Query_56369	XM_037984472.1	100.000	21	0	0	1	21	425	405	2.1	39.2
Query_56369	XM_007976437.2	100.000	21	0	0	1	21	632	612	2.1	39.2
Query_56369	XM_017515076.2	100.000	21	0	0	1	21	579	559	2.1	39.2
Query_56369	XM_037733647.1	100.000	21	0	0	1	21	663	643	2.1	39.2
Query_56369	XM_017515075.2	100.000	21	0	0	1	21	732	712	2.1	39.2
Query_56369	XM_037150062.1	100.000	21	0	0	1	21	592	572	2.1	39.2
Query_56369	XM_037150054.1	100.000	21	0	0	1	21	645	625	2.1	39.2
Query_56369	XM_037035026.1	100.000	21	0	0	1	21	677	657	2.1	39.2
Query_56369	XM_017656200.2	100.000	21	0	0	1	21	467	447	2.1	39.2
Query_56369	XM_017656199.2	100.000	21	0	0	1	21	590	570	2.1	39.2
Query_56369	XM_036922785.1	100.000	21	0	0	1	21	470	450	2.1	39.2
Query_56369	XM_004589102.3	100.000	21	0	0	1	21	511	491	2.1	39.2
Query_56369	XM_036243874.1	100.000	21	0	0	1	21	416	396	2.1	39.2
Query_56369	XM_028503352.2	100.000	21	0	0	1	21	701	681	2.1	39.2
Query_56369	XM_035279447.1	100.000	21	0	0	1	21	798	778	2.1	39.2
Query_56369	XM_035279446.1	100.000	21	0	0	1	21	755	735	2.1	39.2
Query_56369	XM_002760186.4	100.000	21	0	0	1	21	642	622	2.1	39.2
Query_56369	XM_035279445.1	100.000	21	0	0	1	21	790	770	2.1	39.2
Query_56369	XM_035279443.1	100.000	21	0	0	1	21	736	716	2.1	39.2


