# blastn
# Iteration: 0
# Query: 
# RID: 73W1F5K5013
# Database: nt
# Fields: query acc.ver, subject acc.ver, % identity, alignment length, mismatches, gap opens, q. start, q. end, s. start, s. end, evalue, bit score
# 100 hits found
Query_46559	XM_003825980.3	100.000	21	0	0	1	21	404	384	2.1	39.2
Query_46559	XM_019943943.2	100.000	21	0	0	1	21	400	380	2.1	39.2
Query_46559	XM_004272909.3	100.000	21	0	0	1	21	400	380	2.1	39.2
Query_46559	XM_033119601.1	100.000	21	0	0	1	21	353	333	2.1	39.2
Query_46559	XM_033094387.1	100.000	21	0	0	1	21	410	390	2.1	39.2
Query_46559	XM_033133120.1	100.000	21	0	0	1	21	227	207	2.1	39.2
Query_46559	XM_033133118.1	100.000	21	0	0	1	21	308	288	2.1	39.2
Query_46559	XM_032606811.1	100.000	21	0	0	1	21	1678	1658	2.1	39.2
Query_46559	XR_004345962.1	100.000	21	0	0	1	21	772	752	2.1	39.2
Query_46559	XM_032606810.1	100.000	21	0	0	1	21	403	383	2.1	39.2
Query_46559	XR_004345961.1	100.000	21	0	0	1	21	381	361	2.1	39.2
Query_46559	XM_032606800.1	100.000	21	0	0	1	21	2662	2642	2.1	39.2
Query_46559	XM_006187618.3	100.000	21	0	0	1	21	774	754	2.1	39.2
Query_46559	XM_006202490.2	100.000	21	0	0	1	21	741	721	2.1	39.2
Query_46559	XM_010978599.2	100.000	21	0	0	1	21	752	732	2.1	39.2
Query_46559	XM_030848813.1	100.000	21	0	0	1	21	338	318	2.1	39.2
Query_46559	XM_022565007.2	100.000	21	0	0	1	21	405	385	2.1	39.2
Query_46559	XM_022565006.2	100.000	21	0	0	1	21	905	885	2.1	39.2
Query_46559	NM_181800.3	100.000	21	0	0	1	21	273	253	2.1	39.2
Query_46559	NM_181801.4	100.000	21	0	0	1	21	503	483	2.1	39.2
Query_46559	XM_029221087.1	100.000	21	0	0	1	21	405	385	2.1	39.2
Query_46559	XM_029221086.1	100.000	21	0	0	1	21	581	561	2.1	39.2
Query_46559	XM_007115502.3	100.000	21	0	0	1	21	416	396	2.1	39.2
Query_46559	XM_024128659.2	100.000	21	0	0	1	21	913	893	2.1	39.2
Query_46559	NM_007019.4	100.000	21	0	0	1	21	360	340	2.1	39.2
Query_46559	XM_027078204.1	100.000	21	0	0	1	21	433	413	2.1	39.2
Query_46559	XM_027078203.1	100.000	21	0	0	1	21	306	286	2.1	39.2
Query_46559	XM_005357137.3	100.000	21	0	0	1	21	308	288	2.1	39.2
Query_46559	XM_005362908.3	100.000	21	0	0	1	21	368	348	2.1	39.2
Query_46559	XM_026408330.1	100.000	21	0	0	1	21	422	402	2.1	39.2
Query_46559	XM_006158521.3	100.000	21	0	0	1	21	292	272	2.1	39.2
Query_46559	CP034499.1	100.000	21	0	0	1	21	44384271	44384251	2.1	39.2
Query_46559	XM_025039854.1	100.000	21	0	0	1	21	326	306	2.1	39.2
Query_46559	XM_006921862.3	100.000	21	0	0	1	21	423	403	2.1	39.2
Query_46559	XM_024746779.1	100.000	21	0	0	1	21	1139	1119	2.1	39.2
Query_46559	XM_024746778.1	100.000	21	0	0	1	21	494	474	2.1	39.2
Query_46559	XM_009443484.3	100.000	21	0	0	1	21	402	382	2.1	39.2
Query_46559	XM_001156993.5	100.000	21	0	0	1	21	664	644	2.1	39.2
Query_46559	XM_001503308.6	100.000	21	0	0	1	21	396	376	2.1	39.2
Query_46559	XM_023536059.1	100.000	21	0	0	1	21	313	293	2.1	39.2
Query_46559	XM_011369333.2	100.000	21	0	0	1	21	423	403	2.1	39.2
Query_46559	XR_775613.2	100.000	21	0	0	1	21	371	351	2.1	39.2
Query_46559	XM_021649032.1	100.000	21	0	0	1	21	351	331	2.1	39.2
Query_46559	XM_021638616.1	100.000	21	0	0	1	21	1191	1171	2.1	39.2
Query_46559	XM_021638608.1	100.000	21	0	0	1	21	1191	1171	2.1	39.2
Query_46559	XM_013985422.2	100.000	21	0	0	1	21	394	374	2.1	39.2
Query_46559	XM_020168096.1	100.000	21	0	0	1	21	341	321	2.1	39.2
Query_46559	XM_020168095.1	100.000	21	0	0	1	21	428	408	2.1	39.2
Query_46559	XM_020162427.1	100.000	21	0	0	1	21	293	273	2.1	39.2
Query_46559	XM_019637077.1	100.000	21	0	0	1	21	598	578	2.1	39.2
Query_46559	XM_019637076.1	100.000	21	0	0	1	21	250	230	2.1	39.2
Query_46559	XM_019637075.1	100.000	21	0	0	1	21	420	400	2.1	39.2
Query_46559	XM_004062268.2	100.000	21	0	0	1	21	422	402	2.1	39.2
Query_46559	XM_002721233.3	100.000	21	0	0	1	21	389	369	2.1	39.2
Query_46559	XM_514682.6	100.000	21	0	0	1	21	423	403	2.1	39.2
Query_46559	XM_014859887.1	100.000	21	0	0	1	21	402	382	2.1	39.2
Query_46559	XM_004663907.2	100.000	21	0	0	1	21	221	201	2.1	39.2
Query_46559	XM_004663906.2	100.000	21	0	0	1	21	425	405	2.1	39.2
Query_46559	XM_012742927.1	100.000	21	0	0	1	21	423	403	2.1	39.2
Query_46559	XM_012640434.1	100.000	21	0	0	1	21	342	322	2.1	39.2
Query_46559	XM_012640432.1	100.000	21	0	0	1	21	429	409	2.1	39.2
Query_46559	XM_012558687.1	100.000	21	0	0	1	21	227	207	2.1	39.2
Query_46559	XM_002830362.3	100.000	21	0	0	1	21	422	402	2.1	39.2
Query_46559	XM_008521664.1	100.000	21	0	0	1	21	396	376	2.1	39.2
Query_46559	XM_007533070.1	100.000	21	0	0	1	21	221	201	2.1	39.2
Query_46559	XM_007533069.1	100.000	21	0	0	1	21	382	362	2.1	39.2
Query_46559	XM_007451644.1	100.000	21	0	0	1	21	221	201	2.1	39.2
Query_46559	XM_007451643.1	100.000	21	0	0	1	21	438	418	2.1	39.2
Query_46559	XM_007185391.1	100.000	21	0	0	1	21	381	361	2.1	39.2
Query_46559	XM_006839245.1	100.000	21	0	0	1	21	335	315	2.1	39.2
Query_46559	XM_006839244.1	100.000	21	0	0	1	21	422	402	2.1	39.2
Query_46559	XM_039864444.1	100.000	21	0	0	1	21	308	288	2.1	39.2
Query_46559	XM_039864443.1	100.000	21	0	0	1	21	390	370	2.1	39.2
Query_46559	CP068258.1	100.000	21	0	0	1	21	47552111	47552091	2.1	39.2
Query_46559	XM_038331576.1	100.000	21	0	0	1	21	363	343	2.1	39.2
Query_46559	NG_031877.1	100.000	21	0	0	1	21	42486	42506	2.1	39.2
Query_46559	XM_036824185.1	100.000	21	0	0	1	21	462	442	2.1	39.2
Query_46559	XM_036419689.1	100.000	21	0	0	1	21	316	296	2.1	39.2
Query_46559	XM_036419688.1	100.000	21	0	0	1	21	399	379	2.1	39.2
Query_46559	XM_036419687.1	100.000	21	0	0	1	21	386	366	2.1	39.2
Query_46559	XM_016152450.2	100.000	21	0	0	1	21	390	370	2.1	39.2
Query_46559	AP023480.1	100.000	21	0	0	1	21	43851078	43851058	2.1	39.2
Query_46559	XM_036021292.1	100.000	21	0	0	1	21	164	144	2.1	39.2
Query_46559	XM_028524595.2	100.000	21	0	0	1	21	376	356	2.1	39.2
Query_46559	LR862363.1	100.000	21	0	0	1	21	62306045	62306065	2.1	39.2
Query_46559	NG_022057.1	100.000	21	0	0	1	21	452	432	2.1	39.2
Query_46559	AK346942.1	100.000	21	0	0	1	21	369	349	2.1	39.2
Query_46559	AK344959.1	100.000	21	0	0	1	21	366	346	2.1	39.2
Query_46559	AL050348.22	100.000	21	0	0	1	21	85291	85271	2.1	39.2
Query_46559	EU831629.1	100.000	21	0	0	1	21	330	310	2.1	39.2
Query_46559	EU831714.1	100.000	21	0	0	1	21	330	310	2.1	39.2
Query_46559	DQ895630.2	100.000	21	0	0	1	21	330	310	2.1	39.2
Query_46559	DQ892416.2	100.000	21	0	0	1	21	330	310	2.1	39.2
Query_46559	AY518539.1	100.000	21	0	0	1	21	39479	39499	2.1	39.2
Query_46559	BC032677.2	100.000	21	0	0	1	21	1139	1119	2.1	39.2
Query_46559	BT007300.1	100.000	21	0	0	1	21	308	288	2.1	39.2
Query_46559	BT007515.1	100.000	21	0	0	1	21	308	288	2.1	39.2
Query_46559	CR456988.1	100.000	21	0	0	1	21	308	288	2.1	39.2
Query_46559	AY610444.1	100.000	21	0	0	1	21	359	339	2.1	39.2
Query_46559	BC050736.1	100.000	21	0	0	1	21	378	358	2.1	39.2


