# blastn
# Iteration: 0
# Query: 
# RID: 7R2CHHV301R
# Database: nt
# Fields: query acc.ver, subject acc.ver, % identity, alignment length, mismatches, gap opens, q. start, q. end, s. start, s. end, evalue, bit score
# 100 hits found
Query_35049	XM_035005109.1	100.000	21	0	0	1	21	387	367	2.1	39.2
Query_35049	XM_035005108.1	100.000	21	0	0	1	21	891	871	2.1	39.2
Query_35049	XM_034958464.1	100.000	21	0	0	1	21	363	343	2.1	39.2
Query_35049	XM_002925166.4	100.000	21	0	0	1	21	336	316	2.1	39.2
Query_35049	XM_034671927.1	100.000	21	0	0	1	21	387	367	2.1	39.2
Query_35049	XM_034424812.1	100.000	21	0	0	1	21	253	233	2.1	39.2
Query_35049	XM_033856950.1	100.000	21	0	0	1	21	363	343	2.1	39.2
Query_35049	XM_033856948.1	100.000	21	0	0	1	21	388	368	2.1	39.2
Query_35049	XM_010625119.3	100.000	21	0	0	1	21	129	109	2.1	39.2
Query_35049	XM_033484513.1	100.000	21	0	0	1	21	503	483	2.1	39.2
Query_35049	XM_033484512.1	100.000	21	0	0	1	21	544	524	2.1	39.2
Query_35049	XM_004266248.3	100.000	21	0	0	1	21	363	343	2.1	39.2
Query_35049	XM_033421680.1	100.000	21	0	0	1	21	400	380	2.1	39.2
Query_35049	XM_033214023.1	100.000	21	0	0	1	21	441	421	2.1	39.2
Query_35049	XM_033105654.1	100.000	21	0	0	1	21	363	343	2.1	39.2
Query_35049	XM_032853039.1	100.000	21	0	0	1	21	489	469	2.1	39.2
Query_35049	XM_032633307.1	100.000	21	0	0	1	21	203	183	2.1	39.2
Query_35049	XM_032632479.1	100.000	21	0	0	1	21	2268	2248	2.1	39.2
Query_35049	XM_032632478.1	100.000	21	0	0	1	21	364	344	2.1	39.2
Query_35049	XM_032632477.1	100.000	21	0	0	1	21	4199	4179	2.1	39.2
Query_35049	XM_032640149.1	100.000	21	0	0	1	21	225	205	2.1	39.2
Query_35049	XM_032496093.1	100.000	21	0	0	1	21	343	323	2.1	39.2
Query_35049	XM_032400221.1	100.000	21	0	0	1	21	372	352	2.1	39.2
Query_35049	XM_032334119.1	100.000	21	0	0	1	21	571	551	2.1	39.2
Query_35049	XM_032273986.1	100.000	21	0	0	1	21	441	421	2.1	39.2
Query_35049	XM_032273985.1	100.000	21	0	0	1	21	441	421	2.1	39.2
Query_35049	XM_032224429.1	100.000	21	0	0	1	21	313	293	2.1	39.2
Query_35049	XM_032136191.1	100.000	21	0	0	1	21	445	425	2.1	39.2
Query_35049	XM_023224699.3	100.000	21	0	0	1	21	441	421	2.1	39.2
Query_35049	XM_021938380.2	100.000	21	0	0	1	21	441	421	2.1	39.2
Query_35049	XM_003898597.4	100.000	21	0	0	1	21	441	421	2.1	39.2
Query_35049	XM_010980378.2	100.000	21	0	0	1	21	343	323	2.1	39.2
Query_35049	XM_031027020.1	100.000	21	0	0	1	21	405	385	2.1	39.2
Query_35049	XM_006732317.2	100.000	21	0	0	1	21	363	343	2.1	39.2
Query_35049	XM_010384547.2	100.000	21	0	0	1	21	441	421	2.1	39.2
Query_35049	XM_030888585.1	100.000	21	0	0	1	21	260	240	2.1	39.2
Query_35049	XM_030888584.1	100.000	21	0	0	1	21	371	351	2.1	39.2
Query_35049	XM_030881082.1	100.000	21	0	0	1	21	363	343	2.1	39.2
Query_35049	XM_030881081.1	100.000	21	0	0	1	21	401	381	2.1	39.2
Query_35049	XM_030800871.1	100.000	21	0	0	1	21	445	425	2.1	39.2
Query_35049	XM_022565671.2	100.000	21	0	0	1	21	228	208	2.1	39.2
Query_35049	XR_002643551.2	100.000	21	0	0	1	21	288	268	2.1	39.2
Query_35049	XM_040485326.1	100.000	21	0	0	1	21	286	266	2.1	39.2
Query_35049	FR989898.1	100.000	21	0	0	1	21	7771187	7771207	2.1	39.2
Query_35049	XM_005319928.3	100.000	21	0	0	1	21	387	367	2.1	39.2
Query_35049	XM_040238046.1	100.000	21	0	0	1	21	244	224	2.1	39.2
Query_35049	XM_040238044.1	100.000	21	0	0	1	21	478	458	2.1	39.2
Query_35049	XM_039844998.1	100.000	21	0	0	1	21	422	402	2.1	39.2
Query_35049	XM_039844997.1	100.000	21	0	0	1	21	260	240	2.1	39.2
Query_35049	XM_039844995.1	100.000	21	0	0	1	21	367	347	2.1	39.2
Query_35049	XM_003940989.2	100.000	21	0	0	1	21	238	218	2.1	39.2
Query_35049	XM_039226965.1	100.000	21	0	0	1	21	138	118	2.1	39.2
Query_35049	XM_039226963.1	100.000	21	0	0	1	21	381	361	2.1	39.2
Query_35049	XM_038661950.1	100.000	21	0	0	1	21	392	372	2.1	39.2
Query_35049	XM_003434394.5	100.000	21	0	0	1	21	392	372	2.1	39.2
Query_35049	XM_008017600.2	100.000	21	0	0	1	21	441	421	2.1	39.2
Query_35049	XM_037829623.1	100.000	21	0	0	1	21	319	299	2.1	39.2
Query_35049	XR_001826530.2	100.000	21	0	0	1	21	310	290	2.1	39.2
Query_35049	XM_017527247.2	100.000	21	0	0	1	21	441	421	2.1	39.2
Query_35049	XM_017527245.2	100.000	21	0	0	1	21	441	421	2.1	39.2
Query_35049	XM_037530493.1	100.000	21	0	0	1	21	368	348	2.1	39.2
Query_35049	XM_037138033.1	100.000	21	0	0	1	21	383	363	2.1	39.2
Query_35049	XM_037064306.1	100.000	21	0	0	1	21	367	347	2.1	39.2
Query_35049	XM_017662459.2	100.000	21	0	0	1	21	309	289	2.1	39.2
Query_35049	XM_036908505.1	100.000	21	0	0	1	21	311	291	2.1	39.2
Query_35049	XM_036852348.1	100.000	21	0	0	1	21	361	341	2.1	39.2
Query_35049	XM_036852347.1	100.000	21	0	0	1	21	404	384	2.1	39.2
Query_35049	XM_036496827.1	100.000	21	0	0	1	21	274	254	2.1	39.2
Query_35049	XM_036496826.1	100.000	21	0	0	1	21	377	357	2.1	39.2
Query_35049	XM_004579145.3	100.000	21	0	0	1	21	333	313	2.1	39.2
Query_35049	XM_036418282.1	100.000	21	0	0	1	21	389	369	2.1	39.2
Query_35049	XM_036331571.1	100.000	21	0	0	1	21	538	518	2.1	39.2
Query_35049	XM_036331560.1	100.000	21	0	0	1	21	156	136	2.1	39.2
Query_35049	XM_036331552.1	100.000	21	0	0	1	21	159	139	2.1	39.2
Query_35049	XM_036331544.1	100.000	21	0	0	1	21	220	200	2.1	39.2
Query_35049	XM_036258045.1	100.000	21	0	0	1	21	145	125	2.1	39.2
Query_35049	XM_036258037.1	100.000	21	0	0	1	21	211	191	2.1	39.2
Query_35049	XM_036258027.1	100.000	21	0	0	1	21	281	261	2.1	39.2
Query_35049	XM_036258018.1	100.000	21	0	0	1	21	316	296	2.1	39.2
Query_35049	XM_036258009.1	100.000	21	0	0	1	21	369	349	2.1	39.2
Query_35049	XM_036258001.1	100.000	21	0	0	1	21	368	348	2.1	39.2
Query_35049	XM_036228034.1	100.000	21	0	0	1	21	421	401	2.1	39.2
Query_35049	XM_036228032.1	100.000	21	0	0	1	21	115	95	2.1	39.2
Query_35049	XM_036228031.1	100.000	21	0	0	1	21	262	242	2.1	39.2
Query_35049	XM_016119953.2	100.000	21	0	0	1	21	369	349	2.1	39.2
Query_35049	XM_036228030.1	100.000	21	0	0	1	21	382	362	2.1	39.2
Query_35049	XM_036112050.1	100.000	21	0	0	1	21	234	214	2.1	39.2
Query_35049	XM_036112045.1	100.000	21	0	0	1	21	366	346	2.1	39.2
Query_35049	XM_036112039.1	100.000	21	0	0	1	21	192	172	2.1	39.2
Query_35049	XM_036112035.1	100.000	21	0	0	1	21	225	205	2.1	39.2
Query_35049	XM_036112026.1	100.000	21	0	0	1	21	308	288	2.1	39.2
Query_35049	XM_030314001.3	100.000	21	0	0	1	21	347	327	2.1	39.2
Query_35049	XM_028507668.2	100.000	21	0	0	1	21	376	356	2.1	39.2
Query_35049	XM_035714480.1	100.000	21	0	0	1	21	116	96	2.1	39.2
Query_35049	XM_035714479.1	100.000	21	0	0	1	21	119	99	2.1	39.2
Query_35049	XM_025437022.2	100.000	21	0	0	1	21	391	371	2.1	39.2
Query_35049	XM_027599485.2	100.000	21	0	0	1	21	391	371	2.1	39.2
Query_35049	XM_008993465.3	100.000	21	0	0	1	21	563	543	2.1	39.2
Query_35049	XM_035293864.1	100.000	21	0	0	1	21	156	136	2.1	39.2
Query_35049	XM_002745900.5	100.000	21	0	0	1	21	548	528	2.1	39.2


