# blastn
# Iteration: 0
# Query: 
# RID: 6MYWJPZ001R
# Database: nt
# Fields: query acc.ver, subject acc.ver, % identity, alignment length, mismatches, gap opens, q. start, q. end, s. start, s. end, evalue, bit score
# 100 hits found
Query_408277	HG999737.1	100.000	21	0	0	1	21	1597616	1597636	2.0	39.2
Query_408277	XM_021730378.2	100.000	21	0	0	1	21	216	196	2.0	39.2
Query_408277	XM_005331109.4	100.000	21	0	0	1	21	694	674	2.0	39.2
Query_408277	XM_040259625.1	100.000	21	0	0	1	21	117	97	2.0	39.2
Query_408277	XM_040259624.1	100.000	21	0	0	1	21	275	255	2.0	39.2
Query_408277	XM_040259623.1	100.000	21	0	0	1	21	298	278	2.0	39.2
Query_408277	XM_040259622.1	100.000	21	0	0	1	21	674	654	2.0	39.2
Query_408277	HG995287.1	100.000	21	0	0	1	21	23733099	23733079	2.0	39.2
Query_408277	XM_029074222.2	100.000	21	0	0	1	21	283	263	2.0	39.2
Query_408277	XM_029074221.2	100.000	21	0	0	1	21	303	283	2.0	39.2
Query_408277	HG994400.1	100.000	21	0	0	1	21	54012960	54012980	2.0	39.2
Query_408277	XM_039860867.1	100.000	21	0	0	1	21	352	332	2.0	39.2
Query_408277	XM_039860865.1	100.000	21	0	0	1	21	676	656	2.0	39.2
Query_408277	XR_005592631.1	100.000	21	0	0	1	21	489	469	2.0	39.2
Query_408277	XM_039519883.1	100.000	21	0	0	1	21	489	469	2.0	39.2
Query_408277	XM_003921004.3	100.000	21	0	0	1	21	651	631	2.0	39.2
Query_408277	XM_027736848.2	100.000	21	0	0	1	21	46	26	2.0	39.2
Query_408277	XM_039391102.1	100.000	21	0	0	1	21	478	458	2.0	39.2
Query_408277	XM_039242778.1	100.000	21	0	0	1	21	665	645	2.0	39.2
Query_408277	XM_038686155.1	100.000	21	0	0	1	21	671	651	2.0	39.2
Query_408277	XM_038686152.1	100.000	21	0	0	1	21	314	294	2.0	39.2
Query_408277	XM_038686151.1	100.000	21	0	0	1	21	662	642	2.0	39.2
Query_408277	XM_038433990.1	100.000	21	0	0	1	21	671	651	2.0	39.2
Query_408277	XM_022427231.2	100.000	21	0	0	1	21	314	294	2.0	39.2
Query_408277	XM_852326.6	100.000	21	0	0	1	21	662	642	2.0	39.2
Query_408277	XM_038752154.1	100.000	21	0	0	1	21	209	189	2.0	39.2
Query_408277	XM_038752153.1	100.000	21	0	0	1	21	409	389	2.0	39.2
Query_408277	XM_038367729.1	100.000	21	0	0	1	21	438	418	2.0	39.2
Query_408277	XM_038422815.1	100.000	21	0	0	1	21	708	688	2.0	39.2
Query_408277	XM_038422730.1	100.000	21	0	0	1	21	785	765	2.0	39.2
Query_408277	XM_038422645.1	100.000	21	0	0	1	21	505	485	2.0	39.2
Query_408277	XR_005295730.1	100.000	21	0	0	1	21	477	457	2.0	39.2
Query_408277	XM_038422516.1	100.000	21	0	0	1	21	477	457	2.0	39.2
Query_408277	XM_038318476.1	100.000	21	0	0	1	21	617	597	2.0	39.2
Query_408277	XM_027461640.2	100.000	21	0	0	1	21	492	472	2.0	39.2
Query_408277	XM_007982899.2	100.000	21	0	0	1	21	656	636	2.0	39.2
Query_408277	XM_037889413.1	100.000	21	0	0	1	21	210	190	2.0	39.2
Query_408277	XR_005223828.1	100.000	21	0	0	1	21	491	471	2.0	39.2
Query_408277	XM_037889412.1	100.000	21	0	0	1	21	491	471	2.0	39.2
Query_408277	XM_037836169.1	100.000	21	0	0	1	21	1134	1114	2.0	39.2
Query_408277	XM_037836167.1	100.000	21	0	0	1	21	673	653	2.0	39.2
Query_408277	XM_037836166.1	100.000	21	0	0	1	21	770	750	2.0	39.2
Query_408277	XM_037739999.1	100.000	21	0	0	1	21	121	101	2.0	39.2
Query_408277	XM_017532568.2	100.000	21	0	0	1	21	236	216	2.0	39.2
Query_408277	XM_017532566.2	100.000	21	0	0	1	21	649	629	2.0	39.2
Query_408277	XM_037513136.1	100.000	21	0	0	1	21	167	147	2.0	39.2
Query_408277	XM_037513130.1	100.000	21	0	0	1	21	120	100	2.0	39.2
Query_408277	XM_037513121.1	100.000	21	0	0	1	21	262	242	2.0	39.2
Query_408277	XM_037513116.1	100.000	21	0	0	1	21	426	406	2.0	39.2
Query_408277	XM_037513112.1	100.000	21	0	0	1	21	970	950	2.0	39.2
Query_408277	XM_037513104.1	100.000	21	0	0	1	21	236	216	2.0	39.2
Query_408277	XM_037513092.1	100.000	21	0	0	1	21	320	300	2.0	39.2
Query_408277	XM_037388374.1	100.000	21	0	0	1	21	45	25	2.0	39.2
Query_408277	XM_037388372.1	100.000	21	0	0	1	21	605	585	2.0	39.2
Query_408277	XM_037388370.1	100.000	21	0	0	1	21	274	254	2.0	39.2
Query_408277	XM_037388369.1	100.000	21	0	0	1	21	678	658	2.0	39.2
Query_408277	XM_037165819.1	100.000	21	0	0	1	21	216	196	2.0	39.2
Query_408277	XM_037165818.1	100.000	21	0	0	1	21	675	655	2.0	39.2
Query_408277	XM_037049208.1	100.000	21	0	0	1	21	206	186	2.0	39.2
Query_408277	XM_037049206.1	100.000	21	0	0	1	21	213	193	2.0	39.2
Query_408277	XM_037049205.1	100.000	21	0	0	1	21	680	660	2.0	39.2
Query_408277	XM_037019485.1	100.000	21	0	0	1	21	213	193	2.0	39.2
Query_408277	CP062055.1	100.000	21	0	0	1	21	47902203	47902223	2.0	39.2
Query_408277	XM_036909040.1	100.000	21	0	0	1	21	683	663	2.0	39.2
Query_408277	XM_036862830.1	100.000	21	0	0	1	21	551	531	2.0	39.2
Query_408277	XM_036862829.1	100.000	21	0	0	1	21	240	220	2.0	39.2
Query_408277	XM_036759303.1	100.000	21	0	0	1	21	327	307	2.0	39.2
Query_408277	XM_036426873.1	100.000	21	0	0	1	21	288	268	2.0	39.2
Query_408277	XM_036426854.1	100.000	21	0	0	1	21	691	671	2.0	39.2
Query_408277	XM_036328704.1	100.000	21	0	0	1	21	503	483	2.0	39.2
Query_408277	XM_036328703.1	100.000	21	0	0	1	21	237	217	2.0	39.2
Query_408277	XM_036328700.1	100.000	21	0	0	1	21	204	184	2.0	39.2
Query_408277	XM_036328699.1	100.000	21	0	0	1	21	573	553	2.0	39.2
Query_408277	XM_036328698.1	100.000	21	0	0	1	21	279	259	2.0	39.2
Query_408277	XM_036246610.1	100.000	21	0	0	1	21	314	294	2.0	39.2
Query_408277	XM_036246609.1	100.000	21	0	0	1	21	449	429	2.0	39.2
Query_408277	XM_036246608.1	100.000	21	0	0	1	21	294	274	2.0	39.2
Query_408277	XM_036246607.1	100.000	21	0	0	1	21	313	293	2.0	39.2
Query_408277	XM_036246603.1	100.000	21	0	0	1	21	207	187	2.0	39.2
Query_408277	XM_036246602.1	100.000	21	0	0	1	21	213	193	2.0	39.2
Query_408277	XM_036246601.1	100.000	21	0	0	1	21	231	211	2.0	39.2
Query_408277	XM_036246600.1	100.000	21	0	0	1	21	285	265	2.0	39.2
Query_408277	XM_016148711.2	100.000	21	0	0	1	21	670	650	2.0	39.2
Query_408277	XM_036101282.1	100.000	21	0	0	1	21	477	457	2.0	39.2
Query_408277	XM_036101281.1	100.000	21	0	0	1	21	439	419	2.0	39.2
Query_408277	XM_036101279.1	100.000	21	0	0	1	21	685	665	2.0	39.2
Query_408277	XM_036101278.1	100.000	21	0	0	1	21	630	610	2.0	39.2
Query_408277	XM_036101277.1	100.000	21	0	0	1	21	682	662	2.0	39.2
Query_408277	XM_028525332.2	100.000	21	0	0	1	21	680	660	2.0	39.2
Query_408277	LR877221.1	100.000	21	0	0	1	21	12223394	12223374	2.0	39.2
Query_408277	XM_035891296.1	100.000	21	0	0	1	21	183	163	2.0	39.2
Query_408277	MT756297.1	100.000	21	0	0	1	21	159	179	2.0	39.2
Query_408277	MT756292.1	100.000	21	0	0	1	21	153	173	2.0	39.2
Query_408277	XM_025471634.2	100.000	21	0	0	1	21	404	384	2.0	39.2
Query_408277	XM_025471633.2	100.000	21	0	0	1	21	447	427	2.0	39.2
Query_408277	XM_025471630.2	100.000	21	0	0	1	21	349	329	2.0	39.2
Query_408277	XM_025471629.2	100.000	21	0	0	1	21	662	642	2.0	39.2
Query_408277	XM_027573204.2	100.000	21	0	0	1	21	117	97	2.0	39.2
Query_408277	XM_027573203.2	100.000	21	0	0	1	21	669	649	2.0	39.2
Query_408277	LR862366.1	100.000	21	0	0	1	21	17506244	17506264	2.0	39.2


