# blastn
# Iteration: 0
# Query: 
# RID: 8Z1UXRBX016
# Database: nt
# Fields: query acc.ver, subject acc.ver, % identity, alignment length, mismatches, gap opens, q. start, q. end, s. start, s. end, evalue, bit score
# 22 hits found
Query_3727	XM_034509418.1	100.000	21	0	0	1	21	1009	989	2.1	39.2
Query_3727	XM_021210658.2	100.000	21	0	0	1	21	976	956	2.1	39.2
Query_3727	XM_021163845.2	100.000	21	0	0	1	21	979	959	2.1	39.2
Query_3727	XM_028758232.1	100.000	21	0	0	1	21	966	946	2.1	39.2
Query_3727	LR132041.1	100.000	21	0	0	1	21	1677775	1677795	2.1	39.2
Query_3727	XM_005365945.3	100.000	21	0	0	1	21	957	937	2.1	39.2
Query_3727	XM_026353990.1	100.000	21	0	0	1	21	2160	2140	2.1	39.2
Query_3727	XM_006985601.2	100.000	21	0	0	1	21	982	962	2.1	39.2
Query_3727	XM_038339243.1	100.000	21	0	0	1	21	988	968	2.1	39.2
Query_3727	XM_028882342.2	100.000	21	0	0	1	21	989	969	2.1	39.2
Query_3727	LR877210.1	100.000	21	0	0	1	21	9864965	9864945	2.1	39.2
Query_3727	LR877197.1	100.000	21	0	0	1	21	31003356	31003376	2.1	39.2
Query_3727	XM_027387082.2	100.000	21	0	0	1	21	972	952	2.1	39.2
Query_3727	XM_003496616.5	100.000	21	0	0	1	21	969	949	2.1	39.2
Query_3727	FQ213111.1	100.000	21	0	0	1	21	944	924	2.1	39.2
Query_3727	FQ225334.1	100.000	21	0	0	1	21	945	925	2.1	39.2
Query_3727	FQ228750.1	100.000	21	0	0	1	21	943	923	2.1	39.2
Query_3727	FQ213948.1	100.000	21	0	0	1	21	631	611	2.1	39.2
Query_3727	NM_001009264.1	100.000	21	0	0	1	21	923	903	2.1	39.2
Query_3727	LR536449.1	100.000	20	0	0	1	20	19449888	19449907	7.4	37.4
Query_3727	LR862361.1	100.000	20	0	0	1	20	23550730	23550711	7.4	37.4
Query_3727	FQ214550.1	100.000	20	0	0	2	21	942	923	7.4	37.4


