# blastn
# Iteration: 0
# Query: 
# RID: 8YRWAEJ0013
# Database: nt
# Fields: query acc.ver, subject acc.ver, % identity, alignment length, mismatches, gap opens, q. start, q. end, s. start, s. end, evalue, bit score
# 100 hits found
Query_44957	XM_034966245.1	100.000	21	0	0	1	21	454	434	2.1	39.2
Query_44957	XM_003831319.3	100.000	21	0	0	1	21	462	442	2.1	39.2
Query_44957	XM_008956682.2	100.000	21	0	0	1	21	461	441	2.1	39.2
Query_44957	XM_034966244.1	100.000	21	0	0	1	21	789	769	2.1	39.2
Query_44957	XM_033202826.1	100.000	21	0	0	1	21	455	435	2.1	39.2
Query_44957	XM_033202825.1	100.000	21	0	0	1	21	462	442	2.1	39.2
Query_44957	XM_032759861.1	100.000	21	0	0	1	21	454	434	2.1	39.2
Query_44957	XM_032759860.1	100.000	21	0	0	1	21	876	856	2.1	39.2
Query_44957	XM_032759859.1	100.000	21	0	0	1	21	461	441	2.1	39.2
Query_44957	XM_032759858.1	100.000	21	0	0	1	21	456	436	2.1	39.2
Query_44957	XM_023184108.3	100.000	21	0	0	1	21	454	434	2.1	39.2
Query_44957	XM_023184110.3	100.000	21	0	0	1	21	462	442	2.1	39.2
Query_44957	XM_023184109.3	100.000	21	0	0	1	21	461	441	2.1	39.2
Query_44957	XR_004185853.1	100.000	21	0	0	1	21	324	304	2.1	39.2
Query_44957	XR_004185852.1	100.000	21	0	0	1	21	390	370	2.1	39.2
Query_44957	XM_021942444.2	100.000	21	0	0	1	21	2262	2242	2.1	39.2
Query_44957	XM_003902869.5	100.000	21	0	0	1	21	476	456	2.1	39.2
Query_44957	XM_031669636.1	100.000	21	0	0	1	21	615	595	2.1	39.2
Query_44957	XM_031669635.1	100.000	21	0	0	1	21	2266	2246	2.1	39.2
Query_44957	XM_003902870.5	100.000	21	0	0	1	21	509	489	2.1	39.2
Query_44957	XM_031669634.1	100.000	21	0	0	1	21	477	457	2.1	39.2
Query_44957	XM_031669633.1	100.000	21	0	0	1	21	609	589	2.1	39.2
Query_44957	XM_031013634.1	100.000	21	0	0	1	21	455	435	2.1	39.2
Query_44957	XM_019032745.2	100.000	21	0	0	1	21	454	434	2.1	39.2
Query_44957	XM_030937280.1	100.000	21	0	0	1	21	454	434	2.1	39.2
Query_44957	XM_010365989.2	100.000	21	0	0	1	21	462	442	2.1	39.2
Query_44957	XM_010365988.2	100.000	21	0	0	1	21	455	435	2.1	39.2
Query_44957	XM_003269433.4	100.000	21	0	0	1	21	454	434	2.1	39.2
Query_44957	XM_030795229.1	100.000	21	0	0	1	21	725	705	2.1	39.2
Query_44957	XM_003269432.4	100.000	21	0	0	1	21	461	441	2.1	39.2
Query_44957	NR_073119.3	100.000	21	0	0	1	21	311	291	2.1	39.2
Query_44957	NR_073120.3	100.000	21	0	0	1	21	311	291	2.1	39.2
Query_44957	NR_073121.3	100.000	21	0	0	1	21	311	291	2.1	39.2
Query_44957	NM_001001481.4	100.000	21	0	0	1	21	447	427	2.1	39.2
Query_44957	NM_001271015.3	100.000	21	0	0	1	21	414	394	2.1	39.2
Query_44957	NM_018299.6	100.000	21	0	0	1	21	414	394	2.1	39.2
Query_44957	XM_015145507.2	100.000	21	0	0	1	21	591	571	2.1	39.2
Query_44957	XM_015145506.2	100.000	21	0	0	1	21	476	456	2.1	39.2
Query_44957	LR031877.1	100.000	21	0	0	1	21	3830019	3829999	2.1	39.2
Query_44957	XM_025393318.1	100.000	21	0	0	1	21	462	442	2.1	39.2
Query_44957	XM_025393317.1	100.000	21	0	0	1	21	494	474	2.1	39.2
Query_44957	XM_025041116.1	100.000	21	0	0	1	21	443	423	2.1	39.2
Query_44957	XM_009455526.3	100.000	21	0	0	1	21	476	456	2.1	39.2
Query_44957	XM_016959579.2	100.000	21	0	0	1	21	476	456	2.1	39.2
Query_44957	XM_009455525.3	100.000	21	0	0	1	21	509	489	2.1	39.2
Query_44957	XM_016959578.2	100.000	21	0	0	1	21	509	489	2.1	39.2
Query_44957	XM_016959577.2	100.000	21	0	0	1	21	509	489	2.1	39.2
Query_44957	XM_003777269.3	100.000	21	0	0	1	21	494	474	2.1	39.2
Query_44957	XM_023534602.1	100.000	21	0	0	1	21	461	441	2.1	39.2
Query_44957	XM_023534600.1	100.000	21	0	0	1	21	515	495	2.1	39.2
Query_44957	XM_023534599.1	100.000	21	0	0	1	21	477	457	2.1	39.2
Query_44957	XM_023534598.1	100.000	21	0	0	1	21	461	441	2.1	39.2
Query_44957	LT734931.1	100.000	21	0	0	1	21	861	841	2.1	39.2
Query_44957	LT733781.1	100.000	21	0	0	1	21	861	841	2.1	39.2
Query_44957	XM_017851621.1	100.000	21	0	0	1	21	462	442	2.1	39.2
Query_44957	XM_017851620.1	100.000	21	0	0	1	21	482	462	2.1	39.2
Query_44957	XM_017851619.1	100.000	21	0	0	1	21	515	495	2.1	39.2
Query_44957	XM_017851618.1	100.000	21	0	0	1	21	515	495	2.1	39.2
Query_44957	XM_017851616.1	100.000	21	0	0	1	21	482	462	2.1	39.2
Query_44957	XM_017851615.1	100.000	21	0	0	1	21	515	495	2.1	39.2
Query_44957	XM_015454975.1	100.000	21	0	0	1	21	436	416	2.1	39.2
Query_44957	XM_015454974.1	100.000	21	0	0	1	21	462	442	2.1	39.2
Query_44957	XM_005563546.2	100.000	21	0	0	1	21	494	474	2.1	39.2
Query_44957	XM_005563548.2	100.000	21	0	0	1	21	561	541	2.1	39.2
Query_44957	XM_015454972.1	100.000	21	0	0	1	21	461	441	2.1	39.2
Query_44957	XM_015454971.1	100.000	21	0	0	1	21	494	474	2.1	39.2
Query_44957	XM_012058802.1	100.000	21	0	0	1	21	488	468	2.1	39.2
Query_44957	XM_012058801.1	100.000	21	0	0	1	21	409	389	2.1	39.2
Query_44957	XM_012058800.1	100.000	21	0	0	1	21	488	468	2.1	39.2
Query_44957	XM_012058799.1	100.000	21	0	0	1	21	521	501	2.1	39.2
Query_44957	XM_012058798.1	100.000	21	0	0	1	21	442	422	2.1	39.2
Query_44957	XM_011981999.1	100.000	21	0	0	1	21	462	442	2.1	39.2
Query_44957	XM_011981998.1	100.000	21	0	0	1	21	462	442	2.1	39.2
Query_44957	XM_011981997.1	100.000	21	0	0	1	21	494	474	2.1	39.2
Query_44957	XM_011937197.1	100.000	21	0	0	1	21	462	442	2.1	39.2
Query_44957	XM_011937196.1	100.000	21	0	0	1	21	462	442	2.1	39.2
Query_44957	XM_011937195.1	100.000	21	0	0	1	21	494	474	2.1	39.2
Query_44957	XM_011366937.1	100.000	21	0	0	1	21	462	442	2.1	39.2
Query_44957	KJ902804.1	100.000	21	0	0	1	21	439	419	2.1	39.2
Query_44957	KJ894177.1	100.000	21	0	0	1	21	439	419	2.1	39.2
Query_44957	XM_040994300.1	100.000	21	0	0	1	21	457	437	2.1	39.2
Query_44957	XM_040994291.1	100.000	21	0	0	1	21	344	324	2.1	39.2
Query_44957	HG994369.1	100.000	21	0	0	1	21	3915427	3915407	2.1	39.2
Query_44957	XM_039841888.1	100.000	21	0	0	1	21	479	459	2.1	39.2
Query_44957	XM_039841886.1	100.000	21	0	0	1	21	552	532	2.1	39.2
Query_44957	XM_039841885.1	100.000	21	0	0	1	21	634	614	2.1	39.2
Query_44957	XM_039841884.1	100.000	21	0	0	1	21	590	570	2.1	39.2
Query_44957	XM_039841883.1	100.000	21	0	0	1	21	492	472	2.1	39.2
Query_44957	XM_039841882.1	100.000	21	0	0	1	21	480	460	2.1	39.2
Query_44957	XM_008000897.2	100.000	21	0	0	1	21	509	489	2.1	39.2
Query_44957	XM_038000381.1	100.000	21	0	0	1	21	560	540	2.1	39.2
Query_44957	XM_008000899.2	100.000	21	0	0	1	21	482	462	2.1	39.2
Query_44957	NM_001266510.1	100.000	21	0	0	1	21	423	403	2.1	39.2
Query_44957	XM_004588053.3	100.000	21	0	0	1	21	464	444	2.1	39.2
Query_44957	XM_004588052.3	100.000	21	0	0	1	21	339	319	2.1	39.2
Query_44957	XR_004954568.1	100.000	21	0	0	1	21	1935	1915	2.1	39.2
Query_44957	XM_016153703.2	100.000	21	0	0	1	21	462	442	2.1	39.2
Query_44957	XM_016153702.2	100.000	21	0	0	1	21	461	441	2.1	39.2
Query_44957	AK295792.1	100.000	21	0	0	1	21	462	442	2.1	39.2
Query_44957	EU446497.1	100.000	21	0	0	1	21	396	376	2.1	39.2


