# blastn
# Iteration: 0
# Query: 
# RID: 7RSFT65V013
# Database: nt
# Fields: query acc.ver, subject acc.ver, % identity, alignment length, mismatches, gap opens, q. start, q. end, s. start, s. end, evalue, bit score
# 100 hits found
Query_23329	XM_040459764.1	100.000	21	0	0	1	21	208	188	2.1	39.2
Query_23329	XM_040459763.1	100.000	21	0	0	1	21	145	125	2.1	39.2
Query_23329	XM_040483671.1	100.000	21	0	0	1	21	144	124	2.1	39.2
Query_23329	XM_013358595.3	100.000	21	0	0	1	21	120	100	2.1	39.2
Query_23329	XM_040275523.1	100.000	21	0	0	1	21	139	119	2.1	39.2
Query_23329	XM_040275522.1	100.000	21	0	0	1	21	136	116	2.1	39.2
Query_23329	XM_040275521.1	100.000	21	0	0	1	21	139	119	2.1	39.2
Query_23329	XR_005722423.1	100.000	21	0	0	1	21	248	228	2.1	39.2
Query_23329	XM_040248194.1	100.000	21	0	0	1	21	146	126	2.1	39.2
Query_23329	XM_040248193.1	100.000	21	0	0	1	21	121	101	2.1	39.2
Query_23329	XM_040248192.1	100.000	21	0	0	1	21	122	102	2.1	39.2
Query_23329	XM_040248190.1	100.000	21	0	0	1	21	188	168	2.1	39.2
Query_23329	XM_040248189.1	100.000	21	0	0	1	21	372	352	2.1	39.2
Query_23329	HG994414.1	100.000	21	0	0	1	21	24269010	24268990	2.1	39.2
Query_23329	HG994412.1	100.000	21	0	0	1	21	4440938	4440958	2.1	39.2
Query_23329	HG994407.1	100.000	21	0	0	1	21	38728571	38728591	2.1	39.2
Query_23329	HG994402.1	100.000	21	0	0	1	21	6182815	6182795	2.1	39.2
Query_23329	HG994392.1	100.000	21	0	0	1	21	46905557	46905537	2.1	39.2
Query_23329	XM_039864588.1	100.000	21	0	0	1	21	138	118	2.1	39.2
Query_23329	XM_039864587.1	100.000	21	0	0	1	21	138	118	2.1	39.2
Query_23329	XM_039864584.1	100.000	21	0	0	1	21	206	186	2.1	39.2
Query_23329	XM_010343114.2	100.000	21	0	0	1	21	345	325	2.1	39.2
Query_23329	XM_039479769.1	100.000	21	0	0	1	21	181	161	2.1	39.2
Query_23329	XM_039479768.1	100.000	21	0	0	1	21	138	118	2.1	39.2
Query_23329	XM_039479767.1	100.000	21	0	0	1	21	181	161	2.1	39.2
Query_23329	XM_039477794.1	100.000	21	0	0	1	21	129	109	2.1	39.2
Query_23329	XM_039229992.1	100.000	21	0	0	1	21	117	97	2.1	39.2
Query_23329	XM_039229991.1	100.000	21	0	0	1	21	169	149	2.1	39.2
Query_23329	CP068258.1	100.000	21	0	0	1	21	51866499	51866519	2.1	39.2
Query_23329	XM_038432767.1	100.000	21	0	0	1	21	181	161	2.1	39.2
Query_23329	XM_038687102.1	100.000	21	0	0	1	21	133	113	2.1	39.2
Query_23329	XM_037983802.1	100.000	21	0	0	1	21	140	120	2.1	39.2
Query_23329	XM_008014329.2	100.000	21	0	0	1	21	143	123	2.1	39.2
Query_23329	XM_037982646.1	100.000	21	0	0	1	21	116	96	2.1	39.2
Query_23329	XM_008014322.2	100.000	21	0	0	1	21	412	392	2.1	39.2
Query_23329	XM_037982645.1	100.000	21	0	0	1	21	117	97	2.1	39.2
Query_23329	XM_008014318.2	100.000	21	0	0	1	21	272	252	2.1	39.2
Query_23329	XM_008014312.2	100.000	21	0	0	1	21	206	186	2.1	39.2
Query_23329	XM_037821188.1	100.000	21	0	0	1	21	142	122	2.1	39.2
Query_23329	XM_037810938.1	100.000	21	0	0	1	21	158	138	2.1	39.2
Query_23329	XM_037799127.1	100.000	21	0	0	1	21	121	101	2.1	39.2
Query_23329	XR_001817404.2	100.000	21	0	0	1	21	121	101	2.1	39.2
Query_23329	XR_005202231.1	100.000	21	0	0	1	21	136	116	2.1	39.2
Query_23329	XM_037739054.1	100.000	21	0	0	1	21	582	562	2.1	39.2
Query_23329	XR_005200512.1	100.000	21	0	0	1	21	209	189	2.1	39.2
Query_23329	XR_005200511.1	100.000	21	0	0	1	21	209	189	2.1	39.2
Query_23329	XR_005200510.1	100.000	21	0	0	1	21	209	189	2.1	39.2
Query_23329	XR_005200509.1	100.000	21	0	0	1	21	209	189	2.1	39.2
Query_23329	XM_017529922.2	100.000	21	0	0	1	21	209	189	2.1	39.2
Query_23329	XM_017529921.2	100.000	21	0	0	1	21	209	189	2.1	39.2
Query_23329	XM_037500285.1	100.000	21	0	0	1	21	170	150	2.1	39.2
Query_23329	XM_037167230.1	100.000	21	0	0	1	21	498	478	2.1	39.2
Query_23329	XM_037059887.1	100.000	21	0	0	1	21	207	187	2.1	39.2
Query_23329	XM_017651907.2	100.000	21	0	0	1	21	240	220	2.1	39.2
Query_23329	XM_017651906.2	100.000	21	0	0	1	21	336	316	2.1	39.2
Query_23329	XM_017651904.2	100.000	21	0	0	1	21	228	208	2.1	39.2
Query_23329	XM_017651903.2	100.000	21	0	0	1	21	206	186	2.1	39.2
Query_23329	XM_036901999.1	100.000	21	0	0	1	21	229	209	2.1	39.2
Query_23329	XM_036901998.1	100.000	21	0	0	1	21	332	312	2.1	39.2
Query_23329	XM_036901997.1	100.000	21	0	0	1	21	118	98	2.1	39.2
Query_23329	XM_036901996.1	100.000	21	0	0	1	21	206	186	2.1	39.2
Query_23329	XM_036417747.1	100.000	21	0	0	1	21	85	65	2.1	39.2
Query_23329	XM_036417746.1	100.000	21	0	0	1	21	231	211	2.1	39.2
Query_23329	XM_036417745.1	100.000	21	0	0	1	21	187	167	2.1	39.2
Query_23329	XM_036417743.1	100.000	21	0	0	1	21	99	79	2.1	39.2
Query_23329	XM_036417742.1	100.000	21	0	0	1	21	230	210	2.1	39.2
Query_23329	XM_036323834.1	100.000	21	0	0	1	21	256	236	2.1	39.2
Query_23329	XR_004970150.1	100.000	21	0	0	1	21	256	236	2.1	39.2
Query_23329	XM_036323833.1	100.000	21	0	0	1	21	255	235	2.1	39.2
Query_23329	XM_036244480.1	100.000	21	0	0	1	21	220	200	2.1	39.2
Query_23329	XM_036244479.1	100.000	21	0	0	1	21	151	131	2.1	39.2
Query_23329	XM_036244478.1	100.000	21	0	0	1	21	261	241	2.1	39.2
Query_23329	XM_036244476.1	100.000	21	0	0	1	21	173	153	2.1	39.2
Query_23329	XM_036244475.1	100.000	21	0	0	1	21	190	170	2.1	39.2
Query_23329	XM_036253164.1	100.000	21	0	0	1	21	121	101	2.1	39.2
Query_23329	XM_036229301.1	100.000	21	0	0	1	21	138	118	2.1	39.2
Query_23329	XM_016143743.2	100.000	21	0	0	1	21	138	118	2.1	39.2
Query_23329	XM_016143742.2	100.000	21	0	0	1	21	197	177	2.1	39.2
Query_23329	AP023480.1	100.000	21	0	0	1	21	48159169	48159189	2.1	39.2
Query_23329	XM_036064668.1	100.000	21	0	0	1	21	67	47	2.1	39.2
Query_23329	XM_036064667.1	100.000	21	0	0	1	21	453	433	2.1	39.2
Query_23329	XM_036064666.1	100.000	21	0	0	1	21	170	150	2.1	39.2
Query_23329	XM_036064665.1	100.000	21	0	0	1	21	119	99	2.1	39.2
Query_23329	XM_028523955.2	100.000	21	0	0	1	21	206	186	2.1	39.2
Query_23329	NR_104218.2	100.000	21	0	0	1	21	417	397	2.1	39.2
Query_23329	NM_001282580.2	100.000	21	0	0	1	21	143	123	2.1	39.2
Query_23329	NM_001257398.2	100.000	21	0	0	1	21	282	262	2.1	39.2
Query_23329	NM_001282579.2	100.000	21	0	0	1	21	243	223	2.1	39.2
Query_23329	NM_001282576.2	100.000	21	0	0	1	21	417	397	2.1	39.2
Query_23329	XM_035705783.1	100.000	21	0	0	1	21	242	222	2.1	39.2
Query_23329	XM_025470385.2	100.000	21	0	0	1	21	206	186	2.1	39.2
Query_23329	XM_027621509.2	100.000	21	0	0	1	21	174	154	2.1	39.2
Query_23329	XM_027621508.2	100.000	21	0	0	1	21	174	154	2.1	39.2
Query_23329	XM_035728383.1	100.000	21	0	0	1	21	121	101	2.1	39.2
Query_23329	LR862363.1	100.000	21	0	0	1	21	9943770	9943750	2.1	39.2
Query_23329	XM_017971642.2	100.000	21	0	0	1	21	555	535	2.1	39.2
Query_23329	XR_088662.5	100.000	21	0	0	1	21	136	116	2.1	39.2
Query_23329	XM_035297863.1	100.000	21	0	0	1	21	376	356	2.1	39.2
Query_23329	XM_017971646.2	100.000	21	0	0	1	21	153	133	2.1	39.2
Query_23329	XM_035297862.1	100.000	21	0	0	1	21	555	535	2.1	39.2


