# blastn
# Iteration: 0
# Query: 
# RID: 7PJ931TZ01R
# Database: nt
# Fields: query acc.ver, subject acc.ver, % identity, alignment length, mismatches, gap opens, q. start, q. end, s. start, s. end, evalue, bit score
# 22 hits found
Query_347415	NM_001348749.2	100.000	21	0	0	1	21	1425	1405	2.1	39.2
Query_347415	NM_001348750.2	100.000	21	0	0	1	21	1533	1513	2.1	39.2
Query_347415	NM_001243254.2	100.000	21	0	0	1	21	1497	1477	2.1	39.2
Query_347415	NM_015213.4	100.000	21	0	0	1	21	1497	1477	2.1	39.2
Query_347415	NR_145966.2	100.000	21	0	0	1	21	1473	1453	2.1	39.2
Query_347415	NG_053019.1	100.000	21	0	0	1	21	89330	89310	2.1	39.2
Query_347415	XM_018570646.1	100.000	21	0	0	1	21	1251	1231	2.1	39.2
Query_347415	XM_018570638.1	100.000	21	0	0	1	21	1311	1291	2.1	39.2
Query_347415	XM_040345751.1	100.000	21	0	0	1	21	1354	1334	2.1	39.2
Query_347415	XM_040345750.1	100.000	21	0	0	1	21	1296	1276	2.1	39.2
Query_347415	XM_040345749.1	100.000	21	0	0	1	21	1353	1333	2.1	39.2
Query_347415	AB463207.1	100.000	21	0	0	1	21	1225	1205	2.1	39.2
Query_347415	AK295881.1	100.000	21	0	0	1	21	1234	1214	2.1	39.2
Query_347415	AK302478.1	100.000	21	0	0	1	21	934	914	2.1	39.2
Query_347415	AK294016.1	100.000	21	0	0	1	21	1202	1182	2.1	39.2
Query_347415	BC009354.2	100.000	21	0	0	1	21	201	181	2.1	39.2
Query_347415	AB029014.1	100.000	21	0	0	1	21	1433	1413	2.1	39.2
Query_347415	BC071596.1	100.000	21	0	0	1	21	1278	1258	2.1	39.2
Query_347415	AK025499.1	100.000	21	0	0	1	21	84	64	2.1	39.2
Query_347415	AL117448.1	100.000	21	0	0	1	21	1229	1209	2.1	39.2
Query_347415	AP006259.1	100.000	21	0	0	1	21	24080	24100	2.1	39.2
Query_347415	LR877197.1	100.000	20	0	0	2	21	70658604	70658623	7.3	37.4


