# blastn
# Iteration: 0
# Query: 
# RID: 6MHC301J013
# Database: nt
# Fields: query acc.ver, subject acc.ver, % identity, alignment length, mismatches, gap opens, q. start, q. end, s. start, s. end, evalue, bit score
# 100 hits found
Query_18595	XM_035014140.1	100.000	21	0	0	1	21	557	537	2.0	39.2
Query_18595	XM_034960512.1	100.000	21	0	0	1	21	425	405	2.0	39.2
Query_18595	XM_003829274.3	100.000	21	0	0	1	21	515	495	2.0	39.2
Query_18595	XM_034656017.1	100.000	21	0	0	1	21	480	460	2.0	39.2
Query_18595	XM_002912915.4	100.000	21	0	0	1	21	558	538	2.0	39.2
Query_18595	CP050803.1	100.000	21	0	0	1	21	27862890	27862870	2.0	39.2
Query_18595	XR_004478222.1	100.000	21	0	0	1	21	810	790	2.0	39.2
Query_18595	XM_033409827.1	100.000	21	0	0	1	21	621	601	2.0	39.2
Query_18595	XM_004282119.3	100.000	21	0	0	1	21	686	666	2.0	39.2
Query_18595	CP050600.1	100.000	21	0	0	1	21	21862060	21862040	2.0	39.2
Query_18595	CP050630.1	100.000	21	0	0	1	21	21855027	21855007	2.0	39.2
Query_18595	XM_033181205.1	100.000	21	0	0	1	21	1372	1352	2.0	39.2
Query_18595	XM_033095936.1	100.000	21	0	0	1	21	547	527	2.0	39.2
Query_18595	XM_032837709.1	100.000	21	0	0	1	21	564	544	2.0	39.2
Query_18595	XM_032837708.1	100.000	21	0	0	1	21	564	544	2.0	39.2
Query_18595	XM_032837707.1	100.000	21	0	0	1	21	564	544	2.0	39.2
Query_18595	XM_030318352.2	100.000	21	0	0	1	21	553	533	2.0	39.2
Query_18595	XM_006179617.3	100.000	21	0	0	1	21	547	527	2.0	39.2
Query_18595	XM_032425198.1	100.000	21	0	0	1	21	553	533	2.0	39.2
Query_18595	XM_032336720.1	100.000	21	0	0	1	21	558	538	2.0	39.2
Query_18595	XM_032336718.1	100.000	21	0	0	1	21	558	538	2.0	39.2
Query_18595	XM_032336717.1	100.000	21	0	0	1	21	558	538	2.0	39.2
Query_18595	XM_032251637.1	100.000	21	0	0	1	21	774	754	2.0	39.2
Query_18595	XM_032251564.1	100.000	21	0	0	1	21	864	844	2.0	39.2
Query_18595	XR_001121348.2	100.000	21	0	0	1	21	532	512	2.0	39.2
Query_18595	XM_003756460.3	100.000	21	0	0	1	21	564	544	2.0	39.2
Query_18595	XM_023196017.2	100.000	21	0	0	1	21	837	817	2.0	39.2
Query_18595	NM_001194433.3	100.000	21	0	0	1	21	846	826	2.0	39.2
Query_18595	XM_006212804.3	100.000	21	0	0	1	21	546	526	2.0	39.2
Query_18595	XM_021939692.2	100.000	21	0	0	1	21	769	749	2.0	39.2
Query_18595	XM_003900106.3	100.000	21	0	0	1	21	859	839	2.0	39.2
Query_18595	XM_010981544.2	100.000	21	0	0	1	21	547	527	2.0	39.2
Query_18595	XM_006731022.2	100.000	21	0	0	1	21	808	788	2.0	39.2
Query_18595	XM_031010702.1	100.000	21	0	0	1	21	837	817	2.0	39.2
Query_18595	XM_030318362.1	100.000	21	0	0	1	21	430	410	2.0	39.2
Query_18595	XM_030318343.1	100.000	21	0	0	1	21	685	665	2.0	39.2
Query_18595	XM_030318333.1	100.000	21	0	0	1	21	768	748	2.0	39.2
Query_18595	XM_029941919.1	100.000	21	0	0	1	21	553	533	2.0	39.2
Query_18595	XM_029217262.1	100.000	21	0	0	1	21	550	530	2.0	39.2
Query_18595	NM_003337.4	100.000	21	0	0	1	21	448	428	2.0	39.2
Query_18595	XM_007107071.3	100.000	21	0	0	1	21	546	526	2.0	39.2
Query_18595	XM_015087620.2	100.000	21	0	0	1	21	508	488	2.0	39.2
Query_18595	XM_026507995.1	100.000	21	0	0	1	21	493	473	2.0	39.2
Query_18595	XM_008142249.2	100.000	21	0	0	1	21	552	532	2.0	39.2
Query_18595	XM_007172151.2	100.000	21	0	0	1	21	402	382	2.0	39.2
Query_18595	XM_007172150.2	100.000	21	0	0	1	21	550	530	2.0	39.2
Query_18595	XM_028103534.1	100.000	21	0	0	1	21	553	533	2.0	39.2
Query_18595	XM_004008801.3	100.000	21	0	0	1	21	565	545	2.0	39.2
Query_18595	XM_027849089.1	100.000	21	0	0	1	21	484	464	2.0	39.2
Query_18595	XM_027606507.1	100.000	21	0	0	1	21	553	533	2.0	39.2
Query_18595	XM_027546485.1	100.000	21	0	0	1	21	669	649	2.0	39.2
Query_18595	XM_025994900.1	100.000	21	0	0	1	21	559	539	2.0	39.2
Query_18595	XM_025924543.1	100.000	21	0	0	1	21	480	460	2.0	39.2
Query_18595	XM_025924542.1	100.000	21	0	0	1	21	569	549	2.0	39.2
Query_18595	XM_025860796.1	100.000	21	0	0	1	21	553	533	2.0	39.2
Query_18595	XM_025388144.1	100.000	21	0	0	1	21	768	748	2.0	39.2
Query_18595	XM_025388143.1	100.000	21	0	0	1	21	858	838	2.0	39.2
Query_18595	XM_040240092.1	100.000	21	0	0	1	21	841	821	2.0	39.2
Query_18595	HG994391.1	100.000	21	0	0	1	21	23523133	23523113	2.0	39.2
Query_18595	XM_039836039.1	100.000	21	0	0	1	21	811	791	2.0	39.2
Query_18595	XM_010338704.2	100.000	21	0	0	1	21	489	469	2.0	39.2
Query_18595	XM_010338699.2	100.000	21	0	0	1	21	578	558	2.0	39.2
Query_18595	XM_039242287.1	100.000	21	0	0	1	21	534	514	2.0	39.2
Query_18595	XM_039242286.1	100.000	21	0	0	1	21	534	514	2.0	39.2
Query_18595	XM_039242285.1	100.000	21	0	0	1	21	533	513	2.0	39.2
Query_18595	XM_038681540.1	100.000	21	0	0	1	21	669	649	2.0	39.2
Query_18595	XM_022425310.2	100.000	21	0	0	1	21	669	649	2.0	39.2
Query_18595	XM_008014440.2	100.000	21	0	0	1	21	765	745	2.0	39.2
Query_18595	XM_008014439.2	100.000	21	0	0	1	21	855	835	2.0	39.2
Query_18595	XM_017532387.2	100.000	21	0	0	1	21	425	405	2.0	39.2
Query_18595	XM_017532386.2	100.000	21	0	0	1	21	571	551	2.0	39.2
Query_18595	XM_037150865.1	100.000	21	0	0	1	21	467	447	2.0	39.2
Query_18595	XM_037150864.1	100.000	21	0	0	1	21	524	504	2.0	39.2
Query_18595	XM_037150863.1	100.000	21	0	0	1	21	549	529	2.0	39.2
Query_18595	XM_037050449.1	100.000	21	0	0	1	21	547	527	2.0	39.2
Query_18595	XM_037050448.1	100.000	21	0	0	1	21	546	526	2.0	39.2
Query_18595	XM_037016069.1	100.000	21	0	0	1	21	397	377	2.0	39.2
Query_18595	XM_037016068.1	100.000	21	0	0	1	21	506	486	2.0	39.2
Query_18595	XM_017641948.2	100.000	21	0	0	1	21	532	512	2.0	39.2
Query_18595	XM_036898390.1	100.000	21	0	0	1	21	396	376	2.0	39.2
Query_18595	XM_036898387.1	100.000	21	0	0	1	21	506	486	2.0	39.2
Query_18595	XM_036898386.1	100.000	21	0	0	1	21	533	513	2.0	39.2
Query_18595	XM_036845941.1	100.000	21	0	0	1	21	439	419	2.0	39.2
Query_18595	XM_036845940.1	100.000	21	0	0	1	21	545	525	2.0	39.2
Query_18595	XM_036749033.1	100.000	21	0	0	1	21	490	470	2.0	39.2
Query_18595	XM_036749032.1	100.000	21	0	0	1	21	544	524	2.0	39.2
Query_18595	XM_036741274.1	100.000	21	0	0	1	21	421	401	2.0	39.2
Query_18595	XM_036314880.1	100.000	21	0	0	1	21	399	379	2.0	39.2
Query_18595	XM_036314879.1	100.000	21	0	0	1	21	544	524	2.0	39.2
Query_18595	XM_036281631.1	100.000	21	0	0	1	21	493	473	2.0	39.2
Query_18595	XM_036281630.1	100.000	21	0	0	1	21	452	432	2.0	39.2
Query_18595	XM_036281629.1	100.000	21	0	0	1	21	529	509	2.0	39.2
Query_18595	XM_016137659.2	100.000	21	0	0	1	21	811	791	2.0	39.2
Query_18595	XM_036123943.1	100.000	21	0	0	1	21	491	471	2.0	39.2
Query_18595	XM_036123942.1	100.000	21	0	0	1	21	581	561	2.0	39.2
Query_18595	XM_028527841.2	100.000	21	0	0	1	21	547	527	2.0	39.2
Query_18595	XM_025433233.2	100.000	21	0	0	1	21	668	648	2.0	39.2
Query_18595	XM_025433232.2	100.000	21	0	0	1	21	886	866	2.0	39.2
Query_18595	XM_008984915.4	100.000	21	0	0	1	21	776	756	2.0	39.2
Query_18595	XM_002744157.6	100.000	21	0	0	1	21	866	846	2.0	39.2


