# blastn
# Iteration: 0
# Query: 
# RID: 6XEDCUV6013
# Database: nt
# Fields: query acc.ver, subject acc.ver, % identity, alignment length, mismatches, gap opens, q. start, q. end, s. start, s. end, evalue, bit score
# 100 hits found
Query_59727	XM_040475549.1	100.000	21	0	0	1	21	479	459	2.1	39.2
Query_59727	XM_040475548.1	100.000	21	0	0	1	21	570	550	2.1	39.2
Query_59727	HG999687.1	100.000	21	0	0	1	21	13923376	13923396	2.1	39.2
Query_59727	XM_040294550.1	100.000	21	0	0	1	21	457	437	2.1	39.2
Query_59727	XM_021725967.2	100.000	21	0	0	1	21	787	767	2.1	39.2
Query_59727	XM_040294549.1	100.000	21	0	0	1	21	705	685	2.1	39.2
Query_59727	XM_040294548.1	100.000	21	0	0	1	21	891	871	2.1	39.2
Query_59727	XM_040069867.1	100.000	21	0	0	1	21	376	356	2.1	39.2
Query_59727	XM_040069866.1	100.000	21	0	0	1	21	333	313	2.1	39.2
Query_59727	XM_040069865.1	100.000	21	0	0	1	21	364	344	2.1	39.2
Query_59727	XM_040069863.1	100.000	21	0	0	1	21	573	553	2.1	39.2
Query_59727	XM_029072554.2	100.000	21	0	0	1	21	657	637	2.1	39.2
Query_59727	XM_029072553.2	100.000	21	0	0	1	21	544	524	2.1	39.2
Query_59727	HG994416.1	100.000	21	0	0	1	21	26894041	26894021	2.1	39.2
Query_59727	XM_039855835.1	100.000	21	0	0	1	21	565	545	2.1	39.2
Query_59727	XM_039855834.1	100.000	21	0	0	1	21	859	839	2.1	39.2
Query_59727	XM_039855833.1	100.000	21	0	0	1	21	581	561	2.1	39.2
Query_59727	XM_039855832.1	100.000	21	0	0	1	21	728	708	2.1	39.2
Query_59727	XM_039855830.1	100.000	21	0	0	1	21	594	574	2.1	39.2
Query_59727	XM_039855829.1	100.000	21	0	0	1	21	815	795	2.1	39.2
Query_59727	XM_039855828.1	100.000	21	0	0	1	21	636	616	2.1	39.2
Query_59727	XM_039696834.1	100.000	21	0	0	1	21	268	248	2.1	39.2
Query_59727	XM_039696825.1	100.000	21	0	0	1	21	584	564	2.1	39.2
Query_59727	XM_019290592.3	100.000	21	0	0	1	21	268	248	2.1	39.2
Query_59727	XM_019290591.3	100.000	21	0	0	1	21	319	299	2.1	39.2
Query_59727	XM_039555277.1	100.000	21	0	0	1	21	460	440	2.1	39.2
Query_59727	XM_039555276.1	100.000	21	0	0	1	21	619	599	2.1	39.2
Query_59727	XM_039495191.1	100.000	21	0	0	1	21	462	442	2.1	39.2
Query_59727	XM_039495190.1	100.000	21	0	0	1	21	554	534	2.1	39.2
Query_59727	XM_039495189.1	100.000	21	0	0	1	21	577	557	2.1	39.2
Query_59727	XM_039495187.1	100.000	21	0	0	1	21	847	827	2.1	39.2
Query_59727	XM_039495186.1	100.000	21	0	0	1	21	817	797	2.1	39.2
Query_59727	XM_010351541.2	100.000	21	0	0	1	21	806	786	2.1	39.2
Query_59727	XM_039469988.1	100.000	21	0	0	1	21	886	866	2.1	39.2
Query_59727	NM_001047857.4	100.000	21	0	0	1	21	810	790	2.1	39.2
Query_59727	XM_027731489.2	100.000	21	0	0	1	21	630	610	2.1	39.2
Query_59727	XM_039322530.1	100.000	21	0	0	1	21	538	518	2.1	39.2
Query_59727	XM_039322529.1	100.000	21	0	0	1	21	568	548	2.1	39.2
Query_59727	XM_039322528.1	100.000	21	0	0	1	21	569	549	2.1	39.2
Query_59727	XM_039322527.1	100.000	21	0	0	1	21	619	599	2.1	39.2
Query_59727	XM_039254350.1	100.000	21	0	0	1	21	548	528	2.1	39.2
Query_59727	XM_039239646.1	100.000	21	0	0	1	21	598	578	2.1	39.2
Query_59727	XM_039239644.1	100.000	21	0	0	1	21	557	537	2.1	39.2
Query_59727	XM_039239643.1	100.000	21	0	0	1	21	771	751	2.1	39.2
Query_59727	XM_006234405.4	100.000	21	0	0	1	21	753	733	2.1	39.2
Query_59727	XM_038447236.1	100.000	21	0	0	1	21	477	457	2.1	39.2
Query_59727	XM_038447235.1	100.000	21	0	0	1	21	783	763	2.1	39.2
Query_59727	XM_038463393.1	100.000	21	0	0	1	21	477	457	2.1	39.2
Query_59727	XM_038463392.1	100.000	21	0	0	1	21	783	763	2.1	39.2
Query_59727	XM_038751298.1	100.000	21	0	0	1	21	545	525	2.1	39.2
Query_59727	XM_038422435.1	100.000	21	0	0	1	21	533	513	2.1	39.2
Query_59727	XM_038422434.1	100.000	21	0	0	1	21	1043	1023	2.1	39.2
Query_59727	XM_038422433.1	100.000	21	0	0	1	21	936	916	2.1	39.2
Query_59727	XM_038422432.1	100.000	21	0	0	1	21	877	857	2.1	39.2
Query_59727	XM_038337979.1	100.000	21	0	0	1	21	610	590	2.1	39.2
Query_59727	XM_027461414.2	100.000	21	0	0	1	21	624	604	2.1	39.2
Query_59727	XM_038142540.1	100.000	21	0	0	1	21	317	297	2.1	39.2
Query_59727	XM_038142539.1	100.000	21	0	0	1	21	815	795	2.1	39.2
Query_59727	XM_038142538.1	100.000	21	0	0	1	21	606	586	2.1	39.2
Query_59727	XM_007965532.2	100.000	21	0	0	1	21	870	850	2.1	39.2
Query_59727	XM_007965531.2	100.000	21	0	0	1	21	800	780	2.1	39.2
Query_59727	XM_007965530.2	100.000	21	0	0	1	21	823	803	2.1	39.2
Query_59727	XM_027831903.2	100.000	21	0	0	1	21	596	576	2.1	39.2
Query_59727	XM_037912406.1	100.000	21	0	0	1	21	800	780	2.1	39.2
Query_59727	XM_007069768.3	100.000	21	0	0	1	21	818	798	2.1	39.2
Query_59727	XM_027831901.2	100.000	21	0	0	1	21	697	677	2.1	39.2
Query_59727	XM_037849091.1	100.000	21	0	0	1	21	636	616	2.1	39.2
Query_59727	XM_037849090.1	100.000	21	0	0	1	21	598	578	2.1	39.2
Query_59727	XM_037849089.1	100.000	21	0	0	1	21	836	816	2.1	39.2
Query_59727	XM_037844356.1	100.000	21	0	0	1	21	430	410	2.1	39.2
Query_59727	XM_037839205.1	100.000	21	0	0	1	21	460	440	2.1	39.2
Query_59727	XM_037735836.1	100.000	21	0	0	1	21	445	425	2.1	39.2
Query_59727	XM_037732749.1	100.000	21	0	0	1	21	524	504	2.1	39.2
Query_59727	XM_017532745.2	100.000	21	0	0	1	21	876	856	2.1	39.2
Query_59727	XM_017532744.2	100.000	21	0	0	1	21	806	786	2.1	39.2
Query_59727	XM_017532743.2	100.000	21	0	0	1	21	885	865	2.1	39.2
Query_59727	XM_037398242.1	100.000	21	0	0	1	21	695	675	2.1	39.2
Query_59727	XM_028884602.2	100.000	21	0	0	1	21	807	787	2.1	39.2
Query_59727	XM_028884601.2	100.000	21	0	0	1	21	880	860	2.1	39.2
Query_59727	XM_037130039.1	100.000	21	0	0	1	21	534	514	2.1	39.2
Query_59727	XM_037130038.1	100.000	21	0	0	1	21	541	521	2.1	39.2
Query_59727	XM_037130037.1	100.000	21	0	0	1	21	703	683	2.1	39.2
Query_59727	XM_037130036.1	100.000	21	0	0	1	21	803	783	2.1	39.2
Query_59727	XM_037044351.1	100.000	21	0	0	1	21	734	714	2.1	39.2
Query_59727	XM_037044350.1	100.000	21	0	0	1	21	541	521	2.1	39.2
Query_59727	XM_037044349.1	100.000	21	0	0	1	21	534	514	2.1	39.2
Query_59727	XM_037044348.1	100.000	21	0	0	1	21	667	647	2.1	39.2
Query_59727	XM_037044347.1	100.000	21	0	0	1	21	783	763	2.1	39.2
Query_59727	XM_037000303.1	100.000	21	0	0	1	21	594	574	2.1	39.2
Query_59727	XM_037000302.1	100.000	21	0	0	1	21	589	569	2.1	39.2
Query_59727	XM_037000301.1	100.000	21	0	0	1	21	476	456	2.1	39.2
Query_59727	XM_017668147.2	100.000	21	0	0	1	21	610	590	2.1	39.2
Query_59727	XM_017668146.2	100.000	21	0	0	1	21	731	711	2.1	39.2
Query_59727	XM_037000299.1	100.000	21	0	0	1	21	594	574	2.1	39.2
Query_59727	XM_036879408.1	100.000	21	0	0	1	21	588	568	2.1	39.2
Query_59727	XM_036879407.1	100.000	21	0	0	1	21	476	456	2.1	39.2
Query_59727	XM_036879406.1	100.000	21	0	0	1	21	608	588	2.1	39.2
Query_59727	XM_036879404.1	100.000	21	0	0	1	21	727	707	2.1	39.2
Query_59727	XM_036879403.1	100.000	21	0	0	1	21	778	758	2.1	39.2
Query_59727	XR_004984923.1	100.000	21	0	0	1	21	806	786	2.1	39.2


