# blastn
# Iteration: 0
# Query: 
# RID: 9PVC4N92013
# Database: nt
# Fields: query acc.ver, subject acc.ver, % identity, alignment length, mismatches, gap opens, q. start, q. end, s. start, s. end, evalue, bit score
# 74 hits found
Query_4581	NR_073119.3	100.000	21	0	0	1	21	121	101	2.1	39.2
Query_4581	NR_073120.3	100.000	21	0	0	1	21	121	101	2.1	39.2
Query_4581	NR_073121.3	100.000	21	0	0	1	21	121	101	2.1	39.2
Query_4581	NM_001001481.4	100.000	21	0	0	1	21	154	134	2.1	39.2
Query_4581	NM_001271015.3	100.000	21	0	0	1	21	121	101	2.1	39.2
Query_4581	NM_018299.6	100.000	21	0	0	1	21	121	101	2.1	39.2
Query_4581	XM_014523185.2	100.000	21	0	0	1	21	2169	2149	2.1	39.2
Query_4581	XM_006030661.3	100.000	21	0	0	1	21	1644	1624	2.1	39.2
Query_4581	XR_001358594.2	100.000	21	0	0	1	21	2168	2148	2.1	39.2
Query_4581	XR_003095709.1	100.000	21	0	0	1	21	2168	2148	2.1	39.2
Query_4581	XM_025212341.1	100.000	21	0	0	1	21	2168	2148	2.1	39.2
Query_4581	XM_025212340.1	100.000	21	0	0	1	21	2168	2148	2.1	39.2
Query_4581	XM_006030660.3	100.000	21	0	0	1	21	2168	2148	2.1	39.2
Query_4581	XM_025212339.1	100.000	21	0	0	1	21	2168	2148	2.1	39.2
Query_4581	XM_014523184.2	100.000	21	0	0	1	21	2167	2147	2.1	39.2
Query_4581	XM_006030659.3	100.000	21	0	0	1	21	2167	2147	2.1	39.2
Query_4581	XM_025212338.1	100.000	21	0	0	1	21	2042	2022	2.1	39.2
Query_4581	XM_006030657.3	100.000	21	0	0	1	21	2167	2147	2.1	39.2
Query_4581	LT734931.1	100.000	21	0	0	1	21	568	548	2.1	39.2
Query_4581	LT733781.1	100.000	21	0	0	1	21	568	548	2.1	39.2
Query_4581	XM_019550209.1	100.000	21	0	0	1	21	2130	2110	2.1	39.2
Query_4581	XM_019550208.1	100.000	21	0	0	1	21	1593	1573	2.1	39.2
Query_4581	XR_002103748.1	100.000	21	0	0	1	21	2127	2107	2.1	39.2
Query_4581	XM_019550207.1	100.000	21	0	0	1	21	2125	2105	2.1	39.2
Query_4581	XM_019550206.1	100.000	21	0	0	1	21	2122	2102	2.1	39.2
Query_4581	XM_019550205.1	100.000	21	0	0	1	21	2119	2099	2.1	39.2
Query_4581	XM_019550204.1	100.000	21	0	0	1	21	2045	2025	2.1	39.2
Query_4581	XM_019550203.1	100.000	21	0	0	1	21	2119	2099	2.1	39.2
Query_4581	XM_019526937.1	100.000	21	0	0	1	21	2107	2087	2.1	39.2
Query_4581	XM_019526936.1	100.000	21	0	0	1	21	2112	2092	2.1	39.2
Query_4581	XM_006263650.3	100.000	21	0	0	1	21	2126	2106	2.1	39.2
Query_4581	XM_006263649.3	100.000	21	0	0	1	21	1589	1569	2.1	39.2
Query_4581	XR_362955.3	100.000	21	0	0	1	21	2124	2104	2.1	39.2
Query_4581	XM_006263648.3	100.000	21	0	0	1	21	2122	2102	2.1	39.2
Query_4581	XM_006263647.3	100.000	21	0	0	1	21	2118	2098	2.1	39.2
Query_4581	XM_006263646.3	100.000	21	0	0	1	21	2115	2095	2.1	39.2
Query_4581	XM_019479501.1	100.000	21	0	0	1	21	2040	2020	2.1	39.2
Query_4581	XM_006263644.3	100.000	21	0	0	1	21	2115	2095	2.1	39.2
Query_4581	KJ902804.1	100.000	21	0	0	1	21	146	126	2.1	39.2
Query_4581	KJ894177.1	100.000	21	0	0	1	21	146	126	2.1	39.2
Query_4581	AK295792.1	100.000	21	0	0	1	21	169	149	2.1	39.2
Query_4581	EU446497.1	100.000	21	0	0	1	21	103	83	2.1	39.2
Query_4581	AK225554.1	100.000	21	0	0	1	21	100	80	2.1	39.2
Query_4581	AY948289.1	100.000	21	0	0	1	21	138	118	2.1	39.2
Query_4581	BC016326.1	100.000	21	0	0	1	21	123	103	2.1	39.2
Query_4581	BC010900.1	100.000	21	0	0	1	21	88	68	2.1	39.2
Query_4581	AK024050.1	100.000	21	0	0	1	21	167	147	2.1	39.2
Query_4581	AK001873.1	100.000	21	0	0	1	21	84	64	2.1	39.2
Query_4581	AC022826.12	100.000	21	0	0	1	21	133899	133919	2.1	39.2
Query_4581	CR457275.1	100.000	21	0	0	1	21	81	61	2.1	39.2
Query_4581	BX648427.1	100.000	21	0	0	1	21	98	78	2.1	39.2
Query_4581	BX538145.1	100.000	21	0	0	1	21	92	72	2.1	39.2
Query_4581	XM_034966245.1	100.000	20	0	0	2	21	160	141	7.5	37.4
Query_4581	XM_003831319.3	100.000	20	0	0	2	21	168	149	7.5	37.4
Query_4581	XM_008956682.2	100.000	20	0	0	2	21	167	148	7.5	37.4
Query_4581	XM_034966244.1	100.000	20	0	0	2	21	495	476	7.5	37.4
Query_4581	XM_032443624.1	100.000	20	0	0	1	20	1758	1739	7.5	37.4
Query_4581	XR_004306631.1	100.000	20	0	0	1	20	2377	2358	7.5	37.4
Query_4581	XR_004306630.1	100.000	20	0	0	1	20	2377	2358	7.5	37.4
Query_4581	XM_032443623.1	100.000	20	0	0	1	20	2290	2271	7.5	37.4
Query_4581	XM_015858363.2	100.000	20	0	0	1	20	2243	2224	7.5	37.4
Query_4581	XM_015858364.2	100.000	20	0	0	1	20	2141	2122	7.5	37.4
Query_4581	XM_032443622.1	100.000	20	0	0	1	20	2280	2261	7.5	37.4
Query_4581	XM_009455526.3	100.000	20	0	0	2	21	182	163	7.5	37.4
Query_4581	XM_016959579.2	100.000	20	0	0	2	21	182	163	7.5	37.4
Query_4581	XM_009455525.3	100.000	20	0	0	2	21	215	196	7.5	37.4
Query_4581	XM_016959578.2	100.000	20	0	0	2	21	215	196	7.5	37.4
Query_4581	XM_016959577.2	100.000	20	0	0	2	21	215	196	7.5	37.4
Query_4581	XM_015858361.1	100.000	20	0	0	1	20	2145	2126	7.5	37.4
Query_4581	XM_015858360.1	100.000	20	0	0	1	20	2247	2228	7.5	37.4
Query_4581	XM_015858358.1	100.000	20	0	0	1	20	2284	2265	7.5	37.4
Query_4581	XM_015858357.1	100.000	20	0	0	1	20	2386	2367	7.5	37.4
Query_4581	XM_013028450.1	100.000	20	0	0	2	21	168	149	7.5	37.4
Query_4581	LR989867.1	100.000	20	0	0	2	21	11257152	11257133	7.5	37.4


