# blastn
# Iteration: 0
# Query: 
# RID: 9W0DT9GY016
# Database: nt
# Fields: query acc.ver, subject acc.ver, % identity, alignment length, mismatches, gap opens, q. start, q. end, s. start, s. end, evalue, bit score
# 27 hits found
Query_34045	XM_014343092.2	100.000	21	0	0	1	21	392	372	2.1	39.2
Query_34045	XM_019017081.2	100.000	21	0	0	1	21	396	376	2.1	39.2
Query_34045	XM_019017079.2	100.000	21	0	0	1	21	464	444	2.1	39.2
Query_34045	NM_001282575.3	100.000	21	0	0	1	21	474	454	2.1	39.2
Query_34045	NM_199144.3	100.000	21	0	0	1	21	397	377	2.1	39.2
Query_34045	NM_001257393.2	100.000	21	0	0	1	21	266	246	2.1	39.2
Query_34045	NM_021988.6	100.000	21	0	0	1	21	474	454	2.1	39.2
Query_34045	CP034499.1	100.000	21	0	0	1	21	48672021	48672041	2.1	39.2
Query_34045	NG_029526.2	100.000	21	0	0	1	21	5474	5454	2.1	39.2
Query_34045	XM_024351996.1	100.000	21	0	0	1	21	470	450	2.1	39.2
Query_34045	XM_024238566.1	100.000	21	0	0	1	21	473	453	2.1	39.2
Query_34045	XM_024238565.1	100.000	21	0	0	1	21	397	377	2.1	39.2
Query_34045	XM_016937117.1	100.000	21	0	0	1	21	394	374	2.1	39.2
Query_34045	CP068258.2	100.000	21	0	0	1	21	51885271	51885291	2.1	39.2
Query_34045	AP023480.1	100.000	21	0	0	1	21	48177930	48177950	2.1	39.2
Query_34045	AK314754.1	100.000	21	0	0	1	21	464	444	2.1	39.2
Query_34045	BC005215.1	100.000	21	0	0	1	21	474	454	2.1	39.2
Query_34045	AL034423.21	100.000	21	0	0	1	21	73578	73598	2.1	39.2
Query_34045	AY008273.1	100.000	21	0	0	1	21	92	72	2.1	39.2
Query_34045	U39360.1	100.000	21	0	0	1	21	161	141	2.1	39.2
Query_34045	LR697109.1	100.000	20	0	0	2	21	26148710	26148691	7.5	37.4
Query_34045	NM_001257394.2	100.000	20	0	0	2	21	473	454	7.5	37.4
Query_34045	NM_022442.6	100.000	20	0	0	2	21	265	246	7.5	37.4
Query_34045	XM_028900867.1	100.000	20	0	0	2	21	375	394	7.5	37.4
Query_34045	HG995197.1	100.000	20	0	0	1	20	12375908	12375927	7.5	37.4
Query_34045	XM_010343114.2	100.000	20	0	0	1	20	247	228	7.5	37.4
Query_34045	U97281.1	100.000	20	0	0	2	21	91	72	7.5	37.4


