# blastn
# Iteration: 0
# Query: 
# RID: 73RU1K5E01R
# Database: nt
# Fields: query acc.ver, subject acc.ver, % identity, alignment length, mismatches, gap opens, q. start, q. end, s. start, s. end, evalue, bit score
# 26 hits found
Query_52285	NM_005450.6	100.000	21	0	0	1	21	772	752	2.0	39.2
Query_52285	XM_008147742.2	100.000	21	0	0	1	21	896	876	2.0	39.2
Query_52285	CP034495.1	100.000	21	0	0	1	21	54671831	54671811	2.0	39.2
Query_52285	LT744950.1	100.000	21	0	0	1	21	734	714	2.0	39.2
Query_52285	XM_020186020.1	100.000	21	0	0	1	21	765	745	2.0	39.2
Query_52285	KY286086.1	100.000	21	0	0	1	21	247	227	2.0	39.2
Query_52285	KP215377.1	100.000	21	0	0	1	21	838	818	2.0	39.2
Query_52285	KJ892724.1	100.000	21	0	0	1	21	312	292	2.0	39.2
Query_52285	XM_004608646.1	100.000	21	0	0	1	21	587	567	2.0	39.2
Query_52285	CP068261.1	100.000	21	0	0	1	21	57470883	57470863	2.0	39.2
Query_52285	XM_037809573.1	100.000	21	0	0	1	21	832	812	2.0	39.2
Query_52285	AP023477.1	100.000	21	0	0	1	21	54043683	54043663	2.0	39.2
Query_52285	XM_002748399.4	100.000	21	0	0	1	21	767	747	2.0	39.2
Query_52285	NG_011958.1	100.000	21	0	0	1	21	5772	5752	2.0	39.2
Query_52285	CU689813.1	100.000	21	0	0	1	21	468	488	2.0	39.2
Query_52285	CU689812.1	100.000	21	0	0	1	21	263	243	2.0	39.2
Query_52285	AK314080.1	100.000	21	0	0	1	21	772	752	2.0	39.2
Query_52285	BC034027.1	100.000	21	0	0	1	21	557	537	2.0	39.2
Query_52285	AC015724.9	100.000	21	0	0	1	21	61333	61353	2.0	39.2
Query_52285	AY890603.1	100.000	21	0	0	1	21	247	227	2.0	39.2
Query_52285	AY893078.1	100.000	21	0	0	1	21	247	227	2.0	39.2
Query_52285	AC005553.1	100.000	21	0	0	1	21	145956	145976	2.0	39.2
Query_52285	U31202.1	100.000	21	0	0	1	21	1058	1038	2.0	39.2
Query_52285	CP020641.1	100.000	20	0	0	2	21	22572096	22572115	7.1	37.4
Query_52285	CP020685.1	100.000	20	0	0	2	21	21529866	21529885	7.1	37.4
Query_52285	HF933227.1	100.000	20	0	0	2	21	23578523	23578542	7.1	37.4


