# blastn
# Iteration: 0
# Query: 
# RID: 7PYAXJSM016
# Database: nt
# Fields: query acc.ver, subject acc.ver, % identity, alignment length, mismatches, gap opens, q. start, q. end, s. start, s. end, evalue, bit score
# 89 hits found
Query_33725	XM_035135531.1	100.000	21	0	0	1	21	716	696	2.1	39.2
Query_33725	XM_003807100.4	100.000	21	0	0	1	21	485	465	2.1	39.2
Query_33725	XM_034942333.1	100.000	21	0	0	1	21	469	449	2.1	39.2
Query_33725	XM_033224473.1	100.000	21	0	0	1	21	853	833	2.1	39.2
Query_33725	XM_033169165.1	100.000	21	0	0	1	21	728	708	2.1	39.2
Query_33725	XM_032263200.1	100.000	21	0	0	1	21	411	391	2.1	39.2
Query_33725	XM_032171207.1	100.000	21	0	0	1	21	756	736	2.1	39.2
Query_33725	XM_003916130.3	100.000	21	0	0	1	21	860	840	2.1	39.2
Query_33725	XR_004067781.1	100.000	21	0	0	1	21	469	449	2.1	39.2
Query_33725	XM_019015478.2	100.000	21	0	0	1	21	140	120	2.1	39.2
Query_33725	XR_176607.3	100.000	21	0	0	1	21	485	465	2.1	39.2
Query_33725	XM_010379192.2	100.000	21	0	0	1	21	850	830	2.1	39.2
Query_33725	XM_003277335.4	100.000	21	0	0	1	21	762	742	2.1	39.2
Query_33725	XM_028703567.1	100.000	21	0	0	1	21	717	697	2.1	39.2
Query_33725	AC279090.1	100.000	21	0	0	1	21	113339	113359	2.1	39.2
Query_33725	NM_014501.3	100.000	21	0	0	1	21	490	470	2.1	39.2
Query_33725	CP034522.1	100.000	21	0	0	1	21	55855707	55855727	2.1	39.2
Query_33725	CP034497.1	100.000	21	0	0	1	21	55855707	55855727	2.1	39.2
Query_33725	CP034495.1	100.000	21	0	0	1	21	15607924	15607944	2.1	39.2
Query_33725	XM_025369037.1	100.000	21	0	0	1	21	859	839	2.1	39.2
Query_33725	AC277988.1	100.000	21	0	0	1	21	97182	97162	2.1	39.2
Query_33725	XM_011752020.2	100.000	21	0	0	1	21	853	833	2.1	39.2
Query_33725	XM_011526752.2	100.000	21	0	0	1	21	1141	1121	2.1	39.2
Query_33725	XM_016936881.2	100.000	21	0	0	1	21	2033	2013	2.1	39.2
Query_33725	XM_016936880.2	100.000	21	0	0	1	21	553	533	2.1	39.2
Query_33725	XR_677486.3	100.000	21	0	0	1	21	746	726	2.1	39.2
Query_33725	XR_002942167.1	100.000	21	0	0	1	21	429	409	2.1	39.2
Query_33725	XM_024236634.1	100.000	21	0	0	1	21	755	735	2.1	39.2
Query_33725	XM_023184255.1	100.000	21	0	0	1	21	871	851	2.1	39.2
Query_33725	LT741140.1	100.000	21	0	0	1	21	778	758	2.1	39.2
Query_33725	LT736020.1	100.000	21	0	0	1	21	778	758	2.1	39.2
Query_33725	XM_019627846.1	100.000	21	0	0	1	21	818	798	2.1	39.2
Query_33725	XM_017892532.1	100.000	21	0	0	1	21	851	831	2.1	39.2
Query_33725	XM_016218346.1	100.000	21	0	0	1	21	306	286	2.1	39.2
Query_33725	XM_005590403.2	100.000	21	0	0	1	21	854	834	2.1	39.2
Query_33725	XM_003802902.2	100.000	21	0	0	1	21	543	523	2.1	39.2
Query_33725	XM_012053615.1	100.000	21	0	0	1	21	851	831	2.1	39.2
Query_33725	XM_011932455.1	100.000	21	0	0	1	21	852	832	2.1	39.2
Query_33725	XM_011932454.1	100.000	21	0	0	1	21	858	838	2.1	39.2
Query_33725	XM_011997020.1	100.000	21	0	0	1	21	336	316	2.1	39.2
Query_33725	XM_008591281.1	100.000	21	0	0	1	21	659	639	2.1	39.2
Query_33725	KJ906125.1	100.000	21	0	0	1	21	356	336	2.1	39.2
Query_33725	KJ898691.1	100.000	21	0	0	1	21	356	336	2.1	39.2
Query_33725	KJ898690.1	100.000	21	0	0	1	21	356	336	2.1	39.2
Query_33725	XM_006868097.1	100.000	21	0	0	1	21	459	439	2.1	39.2
Query_33725	AC254826.1	100.000	21	0	0	1	21	132582	132562	2.1	39.2
Query_33725	NM_001266004.2	100.000	21	0	0	1	21	610	590	2.1	39.2
Query_33725	CP068261.1	100.000	21	0	0	1	21	15611140	15611160	2.1	39.2
Query_33725	CP068259.1	100.000	21	0	0	1	21	58499787	58499807	2.1	39.2
Query_33725	XM_007998158.2	100.000	21	0	0	1	21	856	836	2.1	39.2
Query_33725	XM_017546575.2	100.000	21	0	0	1	21	849	829	2.1	39.2
Query_33725	XM_037159833.1	100.000	21	0	0	1	21	705	685	2.1	39.2
Query_33725	XM_037038096.1	100.000	21	0	0	1	21	888	868	2.1	39.2
Query_33725	AP023479.1	100.000	21	0	0	1	21	55882131	55882151	2.1	39.2
Query_33725	AP023477.1	100.000	21	0	0	1	21	15790886	15790906	2.1	39.2
Query_33725	XM_002762502.3	100.000	21	0	0	1	21	855	835	2.1	39.2
Query_33725	HQ448521.1	100.000	21	0	0	1	21	341	321	2.1	39.2
Query_33725	AC240523.3	100.000	21	0	0	1	21	9842	9822	2.1	39.2
Query_33725	NG_001583.3	100.000	21	0	0	1	21	584	564	2.1	39.2
Query_33725	CU688218.1	100.000	21	0	0	1	21	307	287	2.1	39.2
Query_33725	CU675700.1	100.000	21	0	0	1	21	394	414	2.1	39.2
Query_33725	CU675699.1	100.000	21	0	0	1	21	307	287	2.1	39.2
Query_33725	BC014622.1	100.000	21	0	0	1	21	480	460	2.1	39.2
Query_33725	AC183294.3	100.000	21	0	0	1	21	3438	3418	2.1	39.2
Query_33725	BC066948.1	100.000	21	0	0	1	21	315	295	2.1	39.2
Query_33725	BC065364.1	100.000	21	0	0	1	21	479	459	2.1	39.2
Query_33725	BC004236.2	100.000	21	0	0	1	21	469	449	2.1	39.2
Query_33725	AC018989.15	100.000	21	0	0	1	21	150407	150427	2.1	39.2
Query_33725	AC020922.9	100.000	21	0	0	1	21	112622	112642	2.1	39.2
Query_33725	DQ120720.1	100.000	21	0	0	1	21	291	271	2.1	39.2
Query_33725	DQ120719.1	100.000	21	0	0	1	21	292	272	2.1	39.2
Query_33725	DQ120718.1	100.000	21	0	0	1	21	291	271	2.1	39.2
Query_33725	AB062397.1	100.000	21	0	0	1	21	469	449	2.1	39.2
Query_33725	AC005324.1	100.000	21	0	0	1	21	60415	60395	2.1	39.2
Query_33725	M91670.1	100.000	21	0	0	1	21	350	330	2.1	39.2
Query_33725	XM_032793028.1	100.000	20	0	0	2	21	702	683	7.3	37.4
Query_33725	XM_027514757.1	100.000	20	0	0	2	21	813	794	7.3	37.4
Query_33725	XM_027514756.1	100.000	20	0	0	2	21	749	730	7.3	37.4
Query_33725	XM_006064025.2	100.000	20	0	0	2	21	710	691	7.3	37.4
Query_33725	XM_015458384.2	100.000	20	0	0	2	21	754	735	7.3	37.4
Query_33725	XM_019980088.1	100.000	20	0	0	2	21	813	794	7.3	37.4
Query_33725	XM_008117219.2	100.000	20	0	0	2	21	816	797	7.3	37.4
Query_33725	XM_010848629.1	100.000	20	0	0	2	21	486	467	7.3	37.4
Query_33725	XM_005892891.1	100.000	20	0	0	2	21	512	493	7.3	37.4
Query_33725	NM_001076472.2	100.000	20	0	0	2	21	526	507	7.3	37.4
Query_33725	XM_037820403.1	100.000	20	0	0	2	21	427	408	7.3	37.4
Query_33725	XM_028529479.2	100.000	20	0	0	2	21	642	623	7.3	37.4
Query_33725	BC148138.1	100.000	20	0	0	2	21	489	470	7.3	37.4
Query_33725	BC114838.1	100.000	20	0	0	2	21	527	508	7.3	37.4


