# blastn
# Iteration: 0
# Query: 
# RID: 7PSCM4Y2016
# Database: nt
# Fields: query acc.ver, subject acc.ver, % identity, alignment length, mismatches, gap opens, q. start, q. end, s. start, s. end, evalue, bit score
# 100 hits found
Query_39293	XM_035126686.1	100.000	21	0	0	1	21	614	594	2.1	39.2
Query_39293	XM_035021105.1	100.000	21	0	0	1	21	575	555	2.1	39.2
Query_39293	XM_035021104.1	100.000	21	0	0	1	21	447	427	2.1	39.2
Query_39293	XM_035021102.1	100.000	21	0	0	1	21	760	740	2.1	39.2
Query_39293	XM_034967007.1	100.000	21	0	0	1	21	102	82	2.1	39.2
Query_39293	XM_003813487.3	100.000	21	0	0	1	21	732	712	2.1	39.2
Query_39293	XR_004644886.1	100.000	21	0	0	1	21	572	552	2.1	39.2
Query_39293	XM_034763868.1	100.000	21	0	0	1	21	572	552	2.1	39.2
Query_39293	XM_034672035.1	100.000	21	0	0	1	21	680	660	2.1	39.2
Query_39293	XM_011230345.3	100.000	21	0	0	1	21	760	740	2.1	39.2
Query_39293	XM_034519060.1	100.000	21	0	0	1	21	749	729	2.1	39.2
Query_39293	XM_034407109.1	100.000	21	0	0	1	21	380	360	2.1	39.2
Query_39293	XM_033193636.1	100.000	21	0	0	1	21	130	110	2.1	39.2
Query_39293	XM_033193634.1	100.000	21	0	0	1	21	251	231	2.1	39.2
Query_39293	XM_033193632.1	100.000	21	0	0	1	21	752	732	2.1	39.2
Query_39293	XM_033161900.1	100.000	21	0	0	1	21	445	425	2.1	39.2
Query_39293	XM_040471982.1	100.000	21	0	0	1	21	765	745	2.1	39.2
Query_39293	XM_040471981.1	100.000	21	0	0	1	21	366	346	2.1	39.2
Query_39293	XM_040471980.1	100.000	21	0	0	1	21	808	788	2.1	39.2
Query_39293	XM_040259625.1	100.000	21	0	0	1	21	201	181	2.1	39.2
Query_39293	XM_040259624.1	100.000	21	0	0	1	21	359	339	2.1	39.2
Query_39293	XM_040259623.1	100.000	21	0	0	1	21	382	362	2.1	39.2
Query_39293	XM_040259622.1	100.000	21	0	0	1	21	758	738	2.1	39.2
Query_39293	XM_039860867.1	100.000	21	0	0	1	21	436	416	2.1	39.2
Query_39293	XM_039860865.1	100.000	21	0	0	1	21	760	740	2.1	39.2
Query_39293	XR_005592631.1	100.000	21	0	0	1	21	573	553	2.1	39.2
Query_39293	XM_039519883.1	100.000	21	0	0	1	21	573	553	2.1	39.2
Query_39293	XM_003921004.3	100.000	21	0	0	1	21	735	715	2.1	39.2
Query_39293	XM_039242778.1	100.000	21	0	0	1	21	749	729	2.1	39.2
Query_39293	XM_038686155.1	100.000	21	0	0	1	21	755	735	2.1	39.2
Query_39293	XM_038686152.1	100.000	21	0	0	1	21	398	378	2.1	39.2
Query_39293	XM_038686151.1	100.000	21	0	0	1	21	746	726	2.1	39.2
Query_39293	XM_038433990.1	100.000	21	0	0	1	21	755	735	2.1	39.2
Query_39293	XM_022427231.2	100.000	21	0	0	1	21	398	378	2.1	39.2
Query_39293	XM_852326.6	100.000	21	0	0	1	21	746	726	2.1	39.2
Query_39293	XM_038367729.1	100.000	21	0	0	1	21	522	502	2.1	39.2
Query_39293	XM_038422815.1	100.000	21	0	0	1	21	792	772	2.1	39.2
Query_39293	XM_038422730.1	100.000	21	0	0	1	21	869	849	2.1	39.2
Query_39293	XM_038422645.1	100.000	21	0	0	1	21	589	569	2.1	39.2
Query_39293	XR_005295730.1	100.000	21	0	0	1	21	561	541	2.1	39.2
Query_39293	XM_038422516.1	100.000	21	0	0	1	21	561	541	2.1	39.2
Query_39293	XM_007982899.2	100.000	21	0	0	1	21	740	720	2.1	39.2
Query_39293	XM_037889413.1	100.000	21	0	0	1	21	294	274	2.1	39.2
Query_39293	XR_005223828.1	100.000	21	0	0	1	21	575	555	2.1	39.2
Query_39293	XM_037889412.1	100.000	21	0	0	1	21	575	555	2.1	39.2
Query_39293	XM_037836169.1	100.000	21	0	0	1	21	1218	1198	2.1	39.2
Query_39293	XM_037836167.1	100.000	21	0	0	1	21	757	737	2.1	39.2
Query_39293	XM_037836166.1	100.000	21	0	0	1	21	854	834	2.1	39.2
Query_39293	XM_037739999.1	100.000	21	0	0	1	21	205	185	2.1	39.2
Query_39293	XM_017532568.2	100.000	21	0	0	1	21	320	300	2.1	39.2
Query_39293	XM_017532566.2	100.000	21	0	0	1	21	733	713	2.1	39.2
Query_39293	XM_037513136.1	100.000	21	0	0	1	21	251	231	2.1	39.2
Query_39293	XM_037513130.1	100.000	21	0	0	1	21	204	184	2.1	39.2
Query_39293	XM_037513121.1	100.000	21	0	0	1	21	346	326	2.1	39.2
Query_39293	XM_037513116.1	100.000	21	0	0	1	21	510	490	2.1	39.2
Query_39293	XM_037513112.1	100.000	21	0	0	1	21	1054	1034	2.1	39.2
Query_39293	XM_037513104.1	100.000	21	0	0	1	21	320	300	2.1	39.2
Query_39293	XM_037513092.1	100.000	21	0	0	1	21	404	384	2.1	39.2
Query_39293	XM_028866182.2	100.000	21	0	0	1	21	336	316	2.1	39.2
Query_39293	XM_037165819.1	100.000	21	0	0	1	21	300	280	2.1	39.2
Query_39293	XM_037165818.1	100.000	21	0	0	1	21	759	739	2.1	39.2
Query_39293	XM_037049208.1	100.000	21	0	0	1	21	290	270	2.1	39.2
Query_39293	XM_037049206.1	100.000	21	0	0	1	21	297	277	2.1	39.2
Query_39293	XM_037049205.1	100.000	21	0	0	1	21	764	744	2.1	39.2
Query_39293	XM_037019485.1	100.000	21	0	0	1	21	297	277	2.1	39.2
Query_39293	XM_036909040.1	100.000	21	0	0	1	21	767	747	2.1	39.2
Query_39293	XM_036862830.1	100.000	21	0	0	1	21	635	615	2.1	39.2
Query_39293	XM_036862829.1	100.000	21	0	0	1	21	324	304	2.1	39.2
Query_39293	XM_036426873.1	100.000	21	0	0	1	21	372	352	2.1	39.2
Query_39293	XM_036426854.1	100.000	21	0	0	1	21	775	755	2.1	39.2
Query_39293	XM_036328704.1	100.000	21	0	0	1	21	587	567	2.1	39.2
Query_39293	XM_036328703.1	100.000	21	0	0	1	21	321	301	2.1	39.2
Query_39293	XM_036328700.1	100.000	21	0	0	1	21	288	268	2.1	39.2
Query_39293	XM_036328699.1	100.000	21	0	0	1	21	657	637	2.1	39.2
Query_39293	XM_036328698.1	100.000	21	0	0	1	21	363	343	2.1	39.2
Query_39293	XM_036246610.1	100.000	21	0	0	1	21	398	378	2.1	39.2
Query_39293	XM_036246609.1	100.000	21	0	0	1	21	533	513	2.1	39.2
Query_39293	XM_036246608.1	100.000	21	0	0	1	21	378	358	2.1	39.2
Query_39293	XM_036246607.1	100.000	21	0	0	1	21	397	377	2.1	39.2
Query_39293	XM_036246603.1	100.000	21	0	0	1	21	291	271	2.1	39.2
Query_39293	XM_036246602.1	100.000	21	0	0	1	21	297	277	2.1	39.2
Query_39293	XM_036246601.1	100.000	21	0	0	1	21	315	295	2.1	39.2
Query_39293	XM_036246600.1	100.000	21	0	0	1	21	369	349	2.1	39.2
Query_39293	XM_016148711.2	100.000	21	0	0	1	21	754	734	2.1	39.2
Query_39293	XM_036181344.1	100.000	21	0	0	1	21	778	758	2.1	39.2
Query_39293	XM_036101282.1	100.000	21	0	0	1	21	561	541	2.1	39.2
Query_39293	XM_036101281.1	100.000	21	0	0	1	21	523	503	2.1	39.2
Query_39293	XM_036101279.1	100.000	21	0	0	1	21	769	749	2.1	39.2
Query_39293	XM_036101278.1	100.000	21	0	0	1	21	714	694	2.1	39.2
Query_39293	XM_036101277.1	100.000	21	0	0	1	21	766	746	2.1	39.2
Query_39293	XM_028525332.2	100.000	21	0	0	1	21	764	744	2.1	39.2
Query_39293	XM_025471634.2	100.000	21	0	0	1	21	488	468	2.1	39.2
Query_39293	XM_025471633.2	100.000	21	0	0	1	21	531	511	2.1	39.2
Query_39293	XM_025471630.2	100.000	21	0	0	1	21	433	413	2.1	39.2
Query_39293	XM_025471629.2	100.000	21	0	0	1	21	746	726	2.1	39.2
Query_39293	XM_027391394.2	100.000	21	0	0	1	21	530	510	2.1	39.2
Query_39293	XM_035441534.1	100.000	21	0	0	1	21	259	239	2.1	39.2
Query_39293	XM_035254744.1	100.000	21	0	0	1	21	324	304	2.1	39.2
Query_39293	XM_035254741.1	100.000	21	0	0	1	21	746	726	2.1	39.2
Query_39293	XM_002756944.5	100.000	21	0	0	1	21	696	676	2.1	39.2


