# blastn
# Iteration: 0
# Query: 
# RID: 6MN2ZRPR013
# Database: nt
# Fields: query acc.ver, subject acc.ver, % identity, alignment length, mismatches, gap opens, q. start, q. end, s. start, s. end, evalue, bit score
# 100 hits found
Query_28265	XM_035014140.1	100.000	21	0	0	1	21	259	239	2.0	39.2
Query_28265	XM_034960512.1	100.000	21	0	0	1	21	217	197	2.0	39.2
Query_28265	XM_003829274.3	100.000	21	0	0	1	21	217	197	2.0	39.2
Query_28265	XM_034656017.1	100.000	21	0	0	1	21	272	252	2.0	39.2
Query_28265	XM_002912915.4	100.000	21	0	0	1	21	260	240	2.0	39.2
Query_28265	XM_027949574.2	100.000	21	0	0	1	21	232	212	2.0	39.2
Query_28265	XR_002174172.2	100.000	21	0	0	1	21	404	384	2.0	39.2
Query_28265	XM_004326504.3	100.000	21	0	0	1	21	215	195	2.0	39.2
Query_28265	XM_033761573.1	100.000	21	0	0	1	21	104	84	2.0	39.2
Query_28265	XM_033761572.1	100.000	21	0	0	1	21	106	86	2.0	39.2
Query_28265	XR_004478222.1	100.000	21	0	0	1	21	429	409	2.0	39.2
Query_28265	XM_033409828.1	100.000	21	0	0	1	21	429	409	2.0	39.2
Query_28265	XM_033409827.1	100.000	21	0	0	1	21	413	393	2.0	39.2
Query_28265	XM_004282119.3	100.000	21	0	0	1	21	388	368	2.0	39.2
Query_28265	XM_033403071.1	100.000	21	0	0	1	21	189	169	2.0	39.2
Query_28265	XM_004263629.3	100.000	21	0	0	1	21	186	166	2.0	39.2
Query_28265	CP050600.1	100.000	21	0	0	1	21	21849363	21849343	2.0	39.2
Query_28265	CP050630.1	100.000	21	0	0	1	21	21842313	21842293	2.0	39.2
Query_28265	XM_033181205.1	100.000	21	0	0	1	21	1074	1054	2.0	39.2
Query_28265	XM_033095936.1	100.000	21	0	0	1	21	249	229	2.0	39.2
Query_28265	XM_033073371.1	100.000	21	0	0	1	21	197	177	2.0	39.2
Query_28265	XM_033006231.1	100.000	21	0	0	1	21	100	80	2.0	39.2
Query_28265	XM_033006230.1	100.000	21	0	0	1	21	139	119	2.0	39.2
Query_28265	XM_032837709.1	100.000	21	0	0	1	21	266	246	2.0	39.2
Query_28265	XM_032837708.1	100.000	21	0	0	1	21	266	246	2.0	39.2
Query_28265	XM_032837707.1	100.000	21	0	0	1	21	266	246	2.0	39.2
Query_28265	XM_032702931.1	100.000	21	0	0	1	21	234	214	2.0	39.2
Query_28265	XM_032625524.1	100.000	21	0	0	1	21	210	190	2.0	39.2
Query_28265	XM_032625523.1	100.000	21	0	0	1	21	237	217	2.0	39.2
Query_28265	XM_032625522.1	100.000	21	0	0	1	21	254	234	2.0	39.2
Query_28265	XM_030318352.2	100.000	21	0	0	1	21	255	235	2.0	39.2
Query_28265	XM_032425198.1	100.000	21	0	0	1	21	255	235	2.0	39.2
Query_28265	XM_032336720.1	100.000	21	0	0	1	21	260	240	2.0	39.2
Query_28265	XM_032336718.1	100.000	21	0	0	1	21	260	240	2.0	39.2
Query_28265	XM_032336717.1	100.000	21	0	0	1	21	260	240	2.0	39.2
Query_28265	XM_032251637.1	100.000	21	0	0	1	21	566	546	2.0	39.2
Query_28265	XM_032251564.1	100.000	21	0	0	1	21	566	546	2.0	39.2
Query_28265	XM_032197168.1	100.000	21	0	0	1	21	213	193	2.0	39.2
Query_28265	XM_032157920.1	100.000	21	0	0	1	21	547	527	2.0	39.2
Query_28265	XR_001121348.2	100.000	21	0	0	1	21	234	214	2.0	39.2
Query_28265	XM_003756460.3	100.000	21	0	0	1	21	266	246	2.0	39.2
Query_28265	XM_023196017.2	100.000	21	0	0	1	21	539	519	2.0	39.2
Query_28265	NM_001194433.3	100.000	21	0	0	1	21	548	528	2.0	39.2
Query_28265	HG999695.1	100.000	21	0	0	1	21	15423647	15423667	2.0	39.2
Query_28265	XM_013363114.3	100.000	21	0	0	1	21	204	184	2.0	39.2
Query_28265	XM_040271813.1	100.000	21	0	0	1	21	238	218	2.0	39.2
Query_28265	XM_005335742.4	100.000	21	0	0	1	21	238	218	2.0	39.2
Query_28265	XM_040240092.1	100.000	21	0	0	1	21	543	523	2.0	39.2
Query_28265	HG994391.1	100.000	21	0	0	1	21	23510160	23510140	2.0	39.2
Query_28265	XM_039836039.1	100.000	21	0	0	1	21	513	493	2.0	39.2
Query_28265	XM_010338704.2	100.000	21	0	0	1	21	281	261	2.0	39.2
Query_28265	XM_010338699.2	100.000	21	0	0	1	21	280	260	2.0	39.2
Query_28265	XM_027747635.2	100.000	21	0	0	1	21	217	197	2.0	39.2
Query_28265	XM_039242287.1	100.000	21	0	0	1	21	236	216	2.0	39.2
Query_28265	XM_039242286.1	100.000	21	0	0	1	21	236	216	2.0	39.2
Query_28265	XM_039242285.1	100.000	21	0	0	1	21	235	215	2.0	39.2
Query_28265	XM_038681540.1	100.000	21	0	0	1	21	371	351	2.0	39.2
Query_28265	XM_022425310.2	100.000	21	0	0	1	21	371	351	2.0	39.2
Query_28265	XM_005011234.5	100.000	21	0	0	1	21	119	99	2.0	39.2
Query_28265	XM_027468549.2	100.000	21	0	0	1	21	235	215	2.0	39.2
Query_28265	XM_008014440.2	100.000	21	0	0	1	21	557	537	2.0	39.2
Query_28265	XM_008014439.2	100.000	21	0	0	1	21	557	537	2.0	39.2
Query_28265	XM_037809629.1	100.000	21	0	0	1	21	139	119	2.0	39.2
Query_28265	XM_037800778.1	100.000	21	0	0	1	21	98	78	2.0	39.2
Query_28265	XM_037800777.1	100.000	21	0	0	1	21	232	212	2.0	39.2
Query_28265	XM_017532387.2	100.000	21	0	0	1	21	217	197	2.0	39.2
Query_28265	XM_017532386.2	100.000	21	0	0	1	21	273	253	2.0	39.2
Query_28265	XM_037509311.1	100.000	21	0	0	1	21	203	183	2.0	39.2
Query_28265	XM_037150865.1	100.000	21	0	0	1	21	169	149	2.0	39.2
Query_28265	XM_037150864.1	100.000	21	0	0	1	21	253	233	2.0	39.2
Query_28265	XM_037150863.1	100.000	21	0	0	1	21	251	231	2.0	39.2
Query_28265	XM_037050449.1	100.000	21	0	0	1	21	249	229	2.0	39.2
Query_28265	XM_037050448.1	100.000	21	0	0	1	21	248	228	2.0	39.2
Query_28265	XM_037016069.1	100.000	21	0	0	1	21	99	79	2.0	39.2
Query_28265	XM_037016068.1	100.000	21	0	0	1	21	235	215	2.0	39.2
Query_28265	XM_017641948.2	100.000	21	0	0	1	21	234	214	2.0	39.2
Query_28265	XM_036898390.1	100.000	21	0	0	1	21	98	78	2.0	39.2
Query_28265	XM_036898387.1	100.000	21	0	0	1	21	235	215	2.0	39.2
Query_28265	XM_036898386.1	100.000	21	0	0	1	21	235	215	2.0	39.2
Query_28265	XM_036425397.1	100.000	21	0	0	1	21	254	234	2.0	39.2
Query_28265	XM_036425396.1	100.000	21	0	0	1	21	251	231	2.0	39.2
Query_28265	XM_036314880.1	100.000	21	0	0	1	21	101	81	2.0	39.2
Query_28265	XM_036314879.1	100.000	21	0	0	1	21	246	226	2.0	39.2
Query_28265	XM_036281631.1	100.000	21	0	0	1	21	195	175	2.0	39.2
Query_28265	XM_036281629.1	100.000	21	0	0	1	21	231	211	2.0	39.2
Query_28265	XM_016137659.2	100.000	21	0	0	1	21	513	493	2.0	39.2
Query_28265	XM_036123943.1	100.000	21	0	0	1	21	283	263	2.0	39.2
Query_28265	XM_036123942.1	100.000	21	0	0	1	21	283	263	2.0	39.2
Query_28265	XM_028527841.2	100.000	21	0	0	1	21	249	229	2.0	39.2
Query_28265	XM_025433233.2	100.000	21	0	0	1	21	370	350	2.0	39.2
Query_28265	XM_025433232.2	100.000	21	0	0	1	21	588	568	2.0	39.2
Query_28265	LR862361.1	100.000	21	0	0	1	21	65633174	65633154	2.0	39.2
Query_28265	XM_035560781.1	100.000	21	0	0	1	21	405	385	2.0	39.2
Query_28265	XM_035560780.1	100.000	21	0	0	1	21	219	199	2.0	39.2
Query_28265	XM_035560779.1	100.000	21	0	0	1	21	217	197	2.0	39.2
Query_28265	XM_035338835.1	100.000	21	0	0	1	21	234	214	2.0	39.2
Query_28265	XM_035338834.1	100.000	21	0	0	1	21	219	199	2.0	39.2
Query_28265	XM_008984915.4	100.000	21	0	0	1	21	568	548	2.0	39.2
Query_28265	XM_002744157.6	100.000	21	0	0	1	21	568	548	2.0	39.2
Query_28265	LS423624.1	100.000	21	0	0	1	21	16590386	16590406	2.0	39.2


