# blastn
# Iteration: 0
# Query: 
# RID: 7PUPSS8F016
# Database: nt
# Fields: query acc.ver, subject acc.ver, % identity, alignment length, mismatches, gap opens, q. start, q. end, s. start, s. end, evalue, bit score
# 100 hits found
Query_6759	XM_035021873.1	100.000	21	0	0	1	21	680	660	2.1	39.2
Query_6759	XM_035021872.1	100.000	21	0	0	1	21	465	445	2.1	39.2
Query_6759	XM_034951639.1	100.000	21	0	0	1	21	638	618	2.1	39.2
Query_6759	XM_034951638.1	100.000	21	0	0	1	21	490	470	2.1	39.2
Query_6759	XM_034951637.1	100.000	21	0	0	1	21	767	747	2.1	39.2
Query_6759	XM_034951636.1	100.000	21	0	0	1	21	531	511	2.1	39.2
Query_6759	XM_034951635.1	100.000	21	0	0	1	21	488	468	2.1	39.2
Query_6759	XM_034951634.1	100.000	21	0	0	1	21	491	471	2.1	39.2
Query_6759	XM_034951633.1	100.000	21	0	0	1	21	774	754	2.1	39.2
Query_6759	XM_034951632.1	100.000	21	0	0	1	21	532	512	2.1	39.2
Query_6759	AP023167.1	100.000	21	0	0	1	21	40374155	40374175	2.1	39.2
Query_6759	XM_019800662.2	100.000	21	0	0	1	21	596	576	2.1	39.2
Query_6759	XM_034670672.1	100.000	21	0	0	1	21	1780	1760	2.1	39.2
Query_6759	XM_033839727.1	100.000	21	0	0	1	21	484	464	2.1	39.2
Query_6759	XM_033839726.1	100.000	21	0	0	1	21	466	446	2.1	39.2
Query_6759	XM_033839725.1	100.000	21	0	0	1	21	975	955	2.1	39.2
Query_6759	XM_033839724.1	100.000	21	0	0	1	21	486	466	2.1	39.2
Query_6759	XM_033429219.1	100.000	21	0	0	1	21	1261	1241	2.1	39.2
Query_6759	XM_033429218.1	100.000	21	0	0	1	21	462	442	2.1	39.2
Query_6759	XM_004270343.3	100.000	21	0	0	1	21	463	443	2.1	39.2
Query_6759	CP050593.1	100.000	21	0	0	1	21	56947499	56947479	2.1	39.2
Query_6759	CP050586.1	100.000	21	0	0	1	21	41210292	41210312	2.1	39.2
Query_6759	CP050635.1	100.000	21	0	0	1	21	56961841	56961821	2.1	39.2
Query_6759	CP050622.1	100.000	21	0	0	1	21	40432038	40432058	2.1	39.2
Query_6759	XM_033236300.1	100.000	21	0	0	1	21	634	614	2.1	39.2
Query_6759	XM_033236299.1	100.000	21	0	0	1	21	909	889	2.1	39.2
Query_6759	XM_033236298.1	100.000	21	0	0	1	21	609	589	2.1	39.2
Query_6759	XM_033101564.1	100.000	21	0	0	1	21	516	496	2.1	39.2
Query_6759	XM_033101563.1	100.000	21	0	0	1	21	628	608	2.1	39.2
Query_6759	XM_032911988.1	100.000	21	0	0	1	21	1084	1064	2.1	39.2
Query_6759	XM_032911987.1	100.000	21	0	0	1	21	432	412	2.1	39.2
Query_6759	XM_032911986.1	100.000	21	0	0	1	21	452	432	2.1	39.2
Query_6759	XM_032911985.1	100.000	21	0	0	1	21	515	495	2.1	39.2
Query_6759	XM_032911984.1	100.000	21	0	0	1	21	525	505	2.1	39.2
Query_6759	XM_032911983.1	100.000	21	0	0	1	21	489	469	2.1	39.2
Query_6759	XM_032846149.1	100.000	21	0	0	1	21	504	484	2.1	39.2
Query_6759	XM_032605464.1	100.000	21	0	0	1	21	422	402	2.1	39.2
Query_6759	XM_032605463.1	100.000	21	0	0	1	21	609	589	2.1	39.2
Query_6759	XM_032605462.1	100.000	21	0	0	1	21	492	472	2.1	39.2
Query_6759	XM_032460071.1	100.000	21	0	0	1	21	530	510	2.1	39.2
Query_6759	XM_032425877.1	100.000	21	0	0	1	21	736	716	2.1	39.2
Query_6759	XM_032327543.1	100.000	21	0	0	1	21	506	486	2.1	39.2
Query_6759	XM_032268238.1	100.000	21	0	0	1	21	528	508	2.1	39.2
Query_6759	XM_032268236.1	100.000	21	0	0	1	21	489	469	2.1	39.2
Query_6759	XM_032268235.1	100.000	21	0	0	1	21	593	573	2.1	39.2
Query_6759	XR_004274519.1	100.000	21	0	0	1	21	621	601	2.1	39.2
Query_6759	XR_004257690.1	100.000	21	0	0	1	21	468	448	2.1	39.2
Query_6759	XM_032754107.1	100.000	21	0	0	1	21	545	525	2.1	39.2
Query_6759	XM_032144947.1	100.000	21	0	0	1	21	927	907	2.1	39.2
Query_6759	XM_032144946.1	100.000	21	0	0	1	21	390	370	2.1	39.2
Query_6759	XM_040459494.1	100.000	21	0	0	1	21	375	355	2.1	39.2
Query_6759	HG999696.1	100.000	21	0	0	1	21	7369956	7369936	2.1	39.2
Query_6759	XM_040276599.1	100.000	21	0	0	1	21	398	378	2.1	39.2
Query_6759	XM_021734858.2	100.000	21	0	0	1	21	510	490	2.1	39.2
Query_6759	HG994394.1	100.000	21	0	0	1	21	3629798	3629818	2.1	39.2
Query_6759	HG994389.1	100.000	21	0	0	1	21	40259635	40259655	2.1	39.2
Query_6759	XM_039884856.1	100.000	21	0	0	1	21	528	508	2.1	39.2
Query_6759	XM_039478291.1	100.000	21	0	0	1	21	519	499	2.1	39.2
Query_6759	XM_039478290.1	100.000	21	0	0	1	21	392	372	2.1	39.2
Query_6759	CP068262.1	100.000	21	0	0	1	21	1336652	1336632	2.1	39.2
Query_6759	XM_038669653.1	100.000	21	0	0	1	21	432	412	2.1	39.2
Query_6759	XM_038669652.1	100.000	21	0	0	1	21	486	466	2.1	39.2
Query_6759	XM_038669651.1	100.000	21	0	0	1	21	506	486	2.1	39.2
Query_6759	XM_005621733.4	100.000	21	0	0	1	21	432	412	2.1	39.2
Query_6759	XM_005621732.4	100.000	21	0	0	1	21	486	466	2.1	39.2
Query_6759	XM_038550713.1	100.000	21	0	0	1	21	503	483	2.1	39.2
Query_6759	XM_037990067.1	100.000	21	0	0	1	21	510	490	2.1	39.2
Query_6759	XM_037815465.1	100.000	21	0	0	1	21	523	503	2.1	39.2
Query_6759	XM_017510963.2	100.000	21	0	0	1	21	522	502	2.1	39.2
Query_6759	XM_017539359.2	100.000	21	0	0	1	21	491	471	2.1	39.2
Query_6759	XM_037157243.1	100.000	21	0	0	1	21	527	507	2.1	39.2
Query_6759	XM_037157242.1	100.000	21	0	0	1	21	552	532	2.1	39.2
Query_6759	XM_037034705.1	100.000	21	0	0	1	21	465	445	2.1	39.2
Query_6759	XM_037034704.1	100.000	21	0	0	1	21	520	500	2.1	39.2
Query_6759	XM_037005648.1	100.000	21	0	0	1	21	488	468	2.1	39.2
Query_6759	XM_036915868.1	100.000	21	0	0	1	21	522	502	2.1	39.2
Query_6759	XM_036428378.1	100.000	21	0	0	1	21	399	379	2.1	39.2
Query_6759	XM_036419402.1	100.000	21	0	0	1	21	413	393	2.1	39.2
Query_6759	XM_036410979.1	100.000	21	0	0	1	21	447	427	2.1	39.2
Query_6759	XM_036410978.1	100.000	21	0	0	1	21	530	510	2.1	39.2
Query_6759	XM_036308827.1	100.000	21	0	0	1	21	530	510	2.1	39.2
Query_6759	XM_036308826.1	100.000	21	0	0	1	21	657	637	2.1	39.2
Query_6759	XM_036350737.1	100.000	21	0	0	1	21	387	367	2.1	39.2
Query_6759	XM_016136652.2	100.000	21	0	0	1	21	521	501	2.1	39.2
Query_6759	AP023476.1	100.000	21	0	0	1	21	1334298	1334278	2.1	39.2
Query_6759	XM_036083379.1	100.000	21	0	0	1	21	494	474	2.1	39.2
Query_6759	XM_028514243.2	100.000	21	0	0	1	21	520	500	2.1	39.2
Query_6759	XM_036021096.1	100.000	21	0	0	1	21	437	417	2.1	39.2
Query_6759	XM_025417077.2	100.000	21	0	0	1	21	430	410	2.1	39.2
Query_6759	XM_025417076.2	100.000	21	0	0	1	21	467	447	2.1	39.2
Query_6759	XM_025417075.2	100.000	21	0	0	1	21	506	486	2.1	39.2
Query_6759	XM_027612084.2	100.000	21	0	0	1	21	501	481	2.1	39.2
Query_6759	XM_009008883.2	100.000	21	0	0	1	21	633	613	2.1	39.2
Query_6759	XM_035266442.1	100.000	21	0	0	1	21	463	443	2.1	39.2
Query_6759	XM_035266441.1	100.000	21	0	0	1	21	624	604	2.1	39.2
Query_6759	XM_035266439.1	100.000	21	0	0	1	21	522	502	2.1	39.2
Query_6759	XM_035266438.1	100.000	21	0	0	1	21	511	491	2.1	39.2
Query_6759	XM_035266440.1	100.000	21	0	0	1	21	905	885	2.1	39.2
Query_6759	XM_035266437.1	100.000	21	0	0	1	21	2900	2880	2.1	39.2
Query_6759	XM_009008885.2	100.000	21	0	0	1	21	646	626	2.1	39.2


