# blastn
# Iteration: 0
# Query: 
# RID: 6RY029PB016
# Database: nt
# Fields: query acc.ver, subject acc.ver, % identity, alignment length, mismatches, gap opens, q. start, q. end, s. start, s. end, evalue, bit score
# 49 hits found
Query_17545	XM_003811844.2	100.000	21	0	0	1	21	566	546	2.1	39.2
Query_17545	XM_033196559.1	100.000	21	0	0	1	21	691	671	2.1	39.2
Query_17545	XM_033233047.1	100.000	21	0	0	1	21	441	421	2.1	39.2
Query_17545	XM_032161224.1	100.000	21	0	0	1	21	707	687	2.1	39.2
Query_17545	XM_023214308.2	100.000	21	0	0	1	21	658	638	2.1	39.2
Query_17545	XR_004184786.1	100.000	21	0	0	1	21	390	370	2.1	39.2
Query_17545	XM_031654823.1	100.000	21	0	0	1	21	548	528	2.1	39.2
Query_17545	XM_031654814.1	100.000	21	0	0	1	21	641	621	2.1	39.2
Query_17545	XM_031011621.1	100.000	21	0	0	1	21	682	662	2.1	39.2
Query_17545	XM_010367119.2	100.000	21	0	0	1	21	794	774	2.1	39.2
Query_17545	XR_749097.2	100.000	21	0	0	1	21	369	349	2.1	39.2
Query_17545	XR_750211.2	100.000	21	0	0	1	21	383	363	2.1	39.2
Query_17545	XM_030824091.1	100.000	21	0	0	1	21	702	682	2.1	39.2
Query_17545	XM_028826846.1	100.000	21	0	0	1	21	602	582	2.1	39.2
Query_17545	XM_015113807.2	100.000	21	0	0	1	21	568	548	2.1	39.2
Query_17545	XM_015113815.2	100.000	21	0	0	1	21	522	502	2.1	39.2
Query_17545	NM_016406.4	100.000	21	0	0	1	21	389	369	2.1	39.2
Query_17545	XM_023185092.2	100.000	21	0	0	1	21	399	379	2.1	39.2
Query_17545	XR_003120460.1	100.000	21	0	0	1	21	370	350	2.1	39.2
Query_17545	XM_025359394.1	100.000	21	0	0	1	21	508	488	2.1	39.2
Query_17545	XM_025359307.1	100.000	21	0	0	1	21	684	664	2.1	39.2
Query_17545	XM_011770131.2	100.000	21	0	0	1	21	460	440	2.1	39.2
Query_17545	XM_017001450.2	100.000	21	0	0	1	21	519	499	2.1	39.2
Query_17545	XM_002809897.3	100.000	21	0	0	1	21	679	659	2.1	39.2
Query_17545	XM_023214307.1	100.000	21	0	0	1	21	679	659	2.1	39.2
Query_17545	LT734974.1	100.000	21	0	0	1	21	856	836	2.1	39.2
Query_17545	XR_001884047.1	100.000	21	0	0	1	21	397	377	2.1	39.2
Query_17545	XM_017860834.1	100.000	21	0	0	1	21	684	664	2.1	39.2
Query_17545	XR_001884737.1	100.000	21	0	0	1	21	382	362	2.1	39.2
Query_17545	XM_017001451.1	100.000	21	0	0	1	21	732	712	2.1	39.2
Query_17545	XM_015452762.1	100.000	21	0	0	1	21	672	652	2.1	39.2
Query_17545	XM_011770130.1	100.000	21	0	0	1	21	530	510	2.1	39.2
Query_17545	XR_001018749.1	100.000	21	0	0	1	21	370	350	2.1	39.2
Query_17545	XM_012067544.1	100.000	21	0	0	1	21	679	659	2.1	39.2
Query_17545	XM_011957583.1	100.000	21	0	0	1	21	684	664	2.1	39.2
Query_17545	XM_011976265.1	100.000	21	0	0	1	21	684	664	2.1	39.2
Query_17545	XM_513937.5	100.000	21	0	0	1	21	677	657	2.1	39.2
Query_17545	KJ898907.1	100.000	21	0	0	1	21	434	414	2.1	39.2
Query_17545	XM_007976437.2	100.000	21	0	0	1	21	576	556	2.1	39.2
Query_17545	LR877217.1	100.000	21	0	0	1	21	67025651	67025671	2.1	39.2
Query_17545	AK292776.1	100.000	21	0	0	1	21	575	555	2.1	39.2
Query_17545	DQ896457.2	100.000	21	0	0	1	21	391	371	2.1	39.2
Query_17545	DQ893161.2	100.000	21	0	0	1	21	391	371	2.1	39.2
Query_17545	BC005187.1	100.000	21	0	0	1	21	615	595	2.1	39.2
Query_17545	AL590714.27	100.000	21	0	0	1	21	13337	13317	2.1	39.2
Query_17545	AB154405.1	100.000	21	0	0	1	21	369	349	2.1	39.2
Query_17545	AF161504.1	100.000	21	0	0	1	21	609	589	2.1	39.2
Query_17545	AF151884.1	100.000	21	0	0	1	21	590	570	2.1	39.2
Query_17545	LR990002.1	100.000	20	0	0	1	20	11304259	11304278	7.2	37.4


