# blastn
# Iteration: 0
# Query: 
# RID: 9PMGJZGD016
# Database: nt
# Fields: query acc.ver, subject acc.ver, % identity, alignment length, mismatches, gap opens, q. start, q. end, s. start, s. end, evalue, bit score
# 100 hits found
Query_24109	XM_034962171.1	100.000	21	0	0	1	21	2338	2318	2.1	39.2
Query_24109	XM_008958732.2	100.000	21	0	0	1	21	2540	2520	2.1	39.2
Query_24109	XM_003833230.2	100.000	21	0	0	1	21	2511	2491	2.1	39.2
Query_24109	CP050578.1	100.000	21	0	0	1	21	12596521	12596501	2.1	39.2
Query_24109	CP050616.1	100.000	21	0	0	1	21	12608632	12608612	2.1	39.2
Query_24109	XM_033217305.1	100.000	21	0	0	1	21	2702	2682	2.1	39.2
Query_24109	XM_033217304.1	100.000	21	0	0	1	21	2599	2579	2.1	39.2
Query_24109	XM_033217303.1	100.000	21	0	0	1	21	2474	2454	2.1	39.2
Query_24109	XM_033217302.1	100.000	21	0	0	1	21	2638	2618	2.1	39.2
Query_24109	XM_033217301.1	100.000	21	0	0	1	21	2513	2493	2.1	39.2
Query_24109	XM_032862065.1	100.000	21	0	0	1	21	2461	2441	2.1	39.2
Query_24109	XM_032862064.1	100.000	21	0	0	1	21	2503	2483	2.1	39.2
Query_24109	XM_032299538.1	100.000	21	0	0	1	21	2419	2399	2.1	39.2
Query_24109	XM_032299537.1	100.000	21	0	0	1	21	2553	2533	2.1	39.2
Query_24109	XM_032299536.1	100.000	21	0	0	1	21	2585	2565	2.1	39.2
Query_24109	XM_032299535.1	100.000	21	0	0	1	21	2579	2559	2.1	39.2
Query_24109	XM_032299534.1	100.000	21	0	0	1	21	2502	2482	2.1	39.2
Query_24109	XM_032141775.1	100.000	21	0	0	1	21	2451	2431	2.1	39.2
Query_24109	XM_032141774.1	100.000	21	0	0	1	21	2578	2558	2.1	39.2
Query_24109	XM_032141773.1	100.000	21	0	0	1	21	2496	2476	2.1	39.2
Query_24109	XM_023212910.2	100.000	21	0	0	1	21	2698	2678	2.1	39.2
Query_24109	XM_009205268.3	100.000	21	0	0	1	21	2599	2579	2.1	39.2
Query_24109	XM_009205267.4	100.000	21	0	0	1	21	2443	2423	2.1	39.2
Query_24109	XM_017957888.2	100.000	21	0	0	1	21	2638	2618	2.1	39.2
Query_24109	XM_009205270.2	100.000	21	0	0	1	21	2553	2533	2.1	39.2
Query_24109	XM_003897656.2	100.000	21	0	0	1	21	2496	2476	2.1	39.2
Query_24109	XM_019029654.2	100.000	21	0	0	1	21	2600	2580	2.1	39.2
Query_24109	XM_031012164.1	100.000	21	0	0	1	21	2430	2410	2.1	39.2
Query_24109	XM_031012163.1	100.000	21	0	0	1	21	2573	2553	2.1	39.2
Query_24109	XM_019029653.2	100.000	21	0	0	1	21	2639	2619	2.1	39.2
Query_24109	XM_031012162.1	100.000	21	0	0	1	21	2496	2476	2.1	39.2
Query_24109	XM_030928592.1	100.000	21	0	0	1	21	2574	2554	2.1	39.2
Query_24109	XM_010369756.2	100.000	21	0	0	1	21	2597	2577	2.1	39.2
Query_24109	XM_010369755.2	100.000	21	0	0	1	21	2456	2436	2.1	39.2
Query_24109	XM_010369754.2	100.000	21	0	0	1	21	2636	2616	2.1	39.2
Query_24109	XM_010369752.2	100.000	21	0	0	1	21	2495	2475	2.1	39.2
Query_24109	XM_030926553.1	100.000	21	0	0	1	21	723	703	2.1	39.2
Query_24109	XM_030795985.1	100.000	21	0	0	1	21	2451	2431	2.1	39.2
Query_24109	XM_030795984.1	100.000	21	0	0	1	21	2542	2522	2.1	39.2
Query_24109	XM_030795983.1	100.000	21	0	0	1	21	2578	2558	2.1	39.2
Query_24109	XM_030795982.1	100.000	21	0	0	1	21	2496	2476	2.1	39.2
Query_24109	XR_003728968.1	100.000	21	0	0	1	21	67	87	2.1	39.2
Query_24109	HG994392.1	100.000	21	0	0	1	21	13812461	13812441	2.1	39.2
Query_24109	XM_039854831.1	100.000	21	0	0	1	21	2417	2397	2.1	39.2
Query_24109	XM_039854830.1	100.000	21	0	0	1	21	2821	2801	2.1	39.2
Query_24109	XM_039854829.1	100.000	21	0	0	1	21	2715	2695	2.1	39.2
Query_24109	XM_039854828.1	100.000	21	0	0	1	21	2500	2480	2.1	39.2
Query_24109	XM_039854827.1	100.000	21	0	0	1	21	2559	2539	2.1	39.2
Query_24109	XM_039854826.1	100.000	21	0	0	1	21	2860	2840	2.1	39.2
Query_24109	XM_039466881.1	100.000	21	0	0	1	21	2626	2606	2.1	39.2
Query_24109	XM_010333936.2	100.000	21	0	0	1	21	2676	2656	2.1	39.2
Query_24109	XM_039466875.1	100.000	21	0	0	1	21	2502	2482	2.1	39.2
Query_24109	XM_038683648.1	100.000	21	0	0	1	21	2452	2432	2.1	39.2
Query_24109	XM_038683647.1	100.000	21	0	0	1	21	2512	2492	2.1	39.2
Query_24109	XM_038683646.1	100.000	21	0	0	1	21	2494	2474	2.1	39.2
Query_24109	XM_005627398.4	100.000	21	0	0	1	21	2452	2432	2.1	39.2
Query_24109	XM_014118472.3	100.000	21	0	0	1	21	2512	2492	2.1	39.2
Query_24109	XM_846912.7	100.000	21	0	0	1	21	2494	2474	2.1	39.2
Query_24109	XM_007972423.2	100.000	21	0	0	1	21	2574	2554	2.1	39.2
Query_24109	XM_038006128.1	100.000	21	0	0	1	21	2599	2579	2.1	39.2
Query_24109	XM_038006127.1	100.000	21	0	0	1	21	2495	2475	2.1	39.2
Query_24109	XM_007972424.2	100.000	21	0	0	1	21	2638	2618	2.1	39.2
Query_24109	XM_007972422.2	100.000	21	0	0	1	21	2534	2514	2.1	39.2
Query_24109	XM_017547408.2	100.000	21	0	0	1	21	2481	2461	2.1	39.2
Query_24109	XM_037745344.1	100.000	21	0	0	1	21	2553	2533	2.1	39.2
Query_24109	XM_017547404.2	100.000	21	0	0	1	21	2522	2502	2.1	39.2
Query_24109	XM_017547403.2	100.000	21	0	0	1	21	2579	2559	2.1	39.2
Query_24109	XM_017547402.2	100.000	21	0	0	1	21	2497	2477	2.1	39.2
Query_24109	XM_037519798.1	100.000	21	0	0	1	21	2492	2472	2.1	39.2
Query_24109	XM_037519797.1	100.000	21	0	0	1	21	2425	2405	2.1	39.2
Query_24109	XM_037142609.1	100.000	21	0	0	1	21	2458	2438	2.1	39.2
Query_24109	XM_037142608.1	100.000	21	0	0	1	21	2551	2531	2.1	39.2
Query_24109	XM_037142607.1	100.000	21	0	0	1	21	2497	2477	2.1	39.2
Query_24109	XM_037053815.1	100.000	21	0	0	1	21	2467	2447	2.1	39.2
Query_24109	XM_037053808.1	100.000	21	0	0	1	21	2572	2552	2.1	39.2
Query_24109	XM_037053800.1	100.000	21	0	0	1	21	2506	2486	2.1	39.2
Query_24109	XM_037013714.1	100.000	21	0	0	1	21	2338	2318	2.1	39.2
Query_24109	XM_037013669.1	100.000	21	0	0	1	21	2398	2378	2.1	39.2
Query_24109	XM_017676271.2	100.000	21	0	0	1	21	2631	2611	2.1	39.2
Query_24109	XM_017676270.2	100.000	21	0	0	1	21	2489	2469	2.1	39.2
Query_24109	XM_017676269.2	100.000	21	0	0	1	21	2525	2505	2.1	39.2
Query_24109	XM_036927364.1	100.000	21	0	0	1	21	2338	2318	2.1	39.2
Query_24109	XM_036927362.1	100.000	21	0	0	1	21	2396	2376	2.1	39.2
Query_24109	XM_036927361.1	100.000	21	0	0	1	21	2490	2470	2.1	39.2
Query_24109	XM_036927360.1	100.000	21	0	0	1	21	2620	2600	2.1	39.2
Query_24109	XM_036927359.1	100.000	21	0	0	1	21	2523	2503	2.1	39.2
Query_24109	XM_036248030.1	100.000	21	0	0	1	21	2494	2474	2.1	39.2
Query_24109	XM_036248029.1	100.000	21	0	0	1	21	2525	2505	2.1	39.2
Query_24109	XM_025418885.2	100.000	21	0	0	1	21	2457	2437	2.1	39.2
Query_24109	XM_035697506.1	100.000	21	0	0	1	21	2640	2620	2.1	39.2
Query_24109	XM_025418884.2	100.000	21	0	0	1	21	2512	2492	2.1	39.2
Query_24109	XM_025418883.2	100.000	21	0	0	1	21	2499	2479	2.1	39.2
Query_24109	XM_035295753.1	100.000	21	0	0	1	21	2559	2539	2.1	39.2
Query_24109	XM_035295752.1	100.000	21	0	0	1	21	2482	2462	2.1	39.2
Query_24109	XM_035295750.1	100.000	21	0	0	1	21	2682	2662	2.1	39.2
Query_24109	XM_035295749.1	100.000	21	0	0	1	21	2512	2492	2.1	39.2
Query_24109	XM_035295748.1	100.000	21	0	0	1	21	2526	2506	2.1	39.2
Query_24109	XM_035295747.1	100.000	21	0	0	1	21	2556	2536	2.1	39.2
Query_24109	XM_035295746.1	100.000	21	0	0	1	21	2681	2661	2.1	39.2
Query_24109	XM_035295745.1	100.000	21	0	0	1	21	2531	2511	2.1	39.2


