# blastn
# Iteration: 0
# Query: 
# RID: 7PZB3FU2013
# Database: nt
# Fields: query acc.ver, subject acc.ver, % identity, alignment length, mismatches, gap opens, q. start, q. end, s. start, s. end, evalue, bit score
# 59 hits found
Query_47709	XM_003807100.4	100.000	21	0	0	1	21	293	273	2.1	39.2
Query_47709	XM_034942333.1	100.000	21	0	0	1	21	277	257	2.1	39.2
Query_47709	XM_032263200.1	100.000	21	0	0	1	21	219	199	2.1	39.2
Query_47709	XM_003916130.3	100.000	21	0	0	1	21	668	648	2.1	39.2
Query_47709	XR_004067781.1	100.000	21	0	0	1	21	277	257	2.1	39.2
Query_47709	XR_176607.3	100.000	21	0	0	1	21	293	273	2.1	39.2
Query_47709	AC279090.1	100.000	21	0	0	1	21	113532	113552	2.1	39.2
Query_47709	NM_014501.3	100.000	21	0	0	1	21	298	278	2.1	39.2
Query_47709	CP034522.1	100.000	21	0	0	1	21	55858235	55858255	2.1	39.2
Query_47709	CP034497.1	100.000	21	0	0	1	21	55858235	55858255	2.1	39.2
Query_47709	CP034495.1	100.000	21	0	0	1	21	15608116	15608136	2.1	39.2
Query_47709	XM_025369037.1	100.000	21	0	0	1	21	667	647	2.1	39.2
Query_47709	AC277988.1	100.000	21	0	0	1	21	96990	96970	2.1	39.2
Query_47709	XM_011752020.2	100.000	21	0	0	1	21	661	641	2.1	39.2
Query_47709	XM_011526752.2	100.000	21	0	0	1	21	949	929	2.1	39.2
Query_47709	XM_016936881.2	100.000	21	0	0	1	21	1841	1821	2.1	39.2
Query_47709	XM_016936880.2	100.000	21	0	0	1	21	361	341	2.1	39.2
Query_47709	XR_677486.3	100.000	21	0	0	1	21	553	533	2.1	39.2
Query_47709	XR_002942167.1	100.000	21	0	0	1	21	236	216	2.1	39.2
Query_47709	XM_024236634.1	100.000	21	0	0	1	21	563	543	2.1	39.2
Query_47709	XM_004455465.3	100.000	21	0	0	1	21	333	313	2.1	39.2
Query_47709	XM_023184255.1	100.000	21	0	0	1	21	679	659	2.1	39.2
Query_47709	LT741140.1	100.000	21	0	0	1	21	586	566	2.1	39.2
Query_47709	LT736020.1	100.000	21	0	0	1	21	586	566	2.1	39.2
Query_47709	XM_005590403.2	100.000	21	0	0	1	21	662	642	2.1	39.2
Query_47709	XM_012053615.1	100.000	21	0	0	1	21	659	639	2.1	39.2
Query_47709	XM_011932455.1	100.000	21	0	0	1	21	660	640	2.1	39.2
Query_47709	XM_011932454.1	100.000	21	0	0	1	21	666	646	2.1	39.2
Query_47709	XM_011997020.1	100.000	21	0	0	1	21	144	124	2.1	39.2
Query_47709	KJ906125.1	100.000	21	0	0	1	21	164	144	2.1	39.2
Query_47709	KJ898691.1	100.000	21	0	0	1	21	164	144	2.1	39.2
Query_47709	KJ898690.1	100.000	21	0	0	1	21	164	144	2.1	39.2
Query_47709	AC254826.1	100.000	21	0	0	1	21	132389	132369	2.1	39.2
Query_47709	NM_001266004.2	100.000	21	0	0	1	21	418	398	2.1	39.2
Query_47709	CP068261.1	100.000	21	0	0	1	21	15611332	15611352	2.1	39.2
Query_47709	CP068259.1	100.000	21	0	0	1	21	58502317	58502337	2.1	39.2
Query_47709	XM_007998158.2	100.000	21	0	0	1	21	664	644	2.1	39.2
Query_47709	XM_017546575.2	100.000	21	0	0	1	21	657	637	2.1	39.2
Query_47709	AP023479.1	100.000	21	0	0	1	21	55884659	55884679	2.1	39.2
Query_47709	AP023477.1	100.000	21	0	0	1	21	15791078	15791098	2.1	39.2
Query_47709	XM_002762502.3	100.000	21	0	0	1	21	663	643	2.1	39.2
Query_47709	HQ448521.1	100.000	21	0	0	1	21	149	129	2.1	39.2
Query_47709	NG_001583.3	100.000	21	0	0	1	21	392	372	2.1	39.2
Query_47709	CU688218.1	100.000	21	0	0	1	21	115	95	2.1	39.2
Query_47709	CU675699.1	100.000	21	0	0	1	21	115	95	2.1	39.2
Query_47709	BC014622.1	100.000	21	0	0	1	21	288	268	2.1	39.2
Query_47709	AC183294.3	100.000	21	0	0	1	21	3245	3225	2.1	39.2
Query_47709	BC066948.1	100.000	21	0	0	1	21	123	103	2.1	39.2
Query_47709	BC065364.1	100.000	21	0	0	1	21	287	267	2.1	39.2
Query_47709	BC004236.2	100.000	21	0	0	1	21	277	257	2.1	39.2
Query_47709	AC018989.15	100.000	21	0	0	1	21	150599	150619	2.1	39.2
Query_47709	AC020922.9	100.000	21	0	0	1	21	115150	115170	2.1	39.2
Query_47709	DQ120720.1	100.000	21	0	0	1	21	99	79	2.1	39.2
Query_47709	DQ120719.1	100.000	21	0	0	1	21	99	79	2.1	39.2
Query_47709	DQ120718.1	100.000	21	0	0	1	21	99	79	2.1	39.2
Query_47709	AB062397.1	100.000	21	0	0	1	21	277	257	2.1	39.2
Query_47709	AC005324.1	100.000	21	0	0	1	21	60223	60203	2.1	39.2
Query_47709	M91670.1	100.000	21	0	0	1	21	158	138	2.1	39.2
Query_47709	CP017057.1	100.000	20	0	0	1	20	2489272	2489253	7.3	37.4


