# blastn
# Iteration: 0
# Query: 
# RID: 7R06ZCXX01R
# Database: nt
# Fields: query acc.ver, subject acc.ver, % identity, alignment length, mismatches, gap opens, q. start, q. end, s. start, s. end, evalue, bit score
# 40 hits found
Query_343835	XM_008951835.2	100.000	21	0	0	1	21	820	800	2.1	39.2
Query_343835	XM_003826427.2	100.000	21	0	0	1	21	467	447	2.1	39.2
Query_343835	XM_033203867.1	100.000	21	0	0	1	21	630	610	2.1	39.2
Query_343835	XR_004435622.1	100.000	21	0	0	1	21	554	534	2.1	39.2
Query_343835	XM_033203866.1	100.000	21	0	0	1	21	554	534	2.1	39.2
Query_343835	XM_030918055.1	100.000	21	0	0	1	21	631	611	2.1	39.2
Query_343835	XM_010353396.2	100.000	21	0	0	1	21	526	506	2.1	39.2
Query_343835	NM_004223.5	100.000	21	0	0	1	21	431	411	2.1	39.2
Query_343835	XM_521987.5	100.000	21	0	0	1	21	466	446	2.1	39.2
Query_343835	XM_009246347.2	100.000	21	0	0	1	21	284	264	2.1	39.2
Query_343835	XM_009246345.2	100.000	21	0	0	1	21	825	805	2.1	39.2
Query_343835	XM_003777762.3	100.000	21	0	0	1	21	468	448	2.1	39.2
Query_343835	XM_009246344.2	100.000	21	0	0	1	21	632	612	2.1	39.2
Query_343835	LT736766.1	100.000	21	0	0	1	21	857	837	2.1	39.2
Query_343835	XM_004051168.2	100.000	21	0	0	1	21	827	807	2.1	39.2
Query_343835	XM_004051167.2	100.000	21	0	0	1	21	460	440	2.1	39.2
Query_343835	XM_017851370.1	100.000	21	0	0	1	21	553	533	2.1	39.2
Query_343835	XM_003317981.4	100.000	21	0	0	1	21	823	803	2.1	39.2
Query_343835	XR_001004203.1	100.000	21	0	0	1	21	401	381	2.1	39.2
Query_343835	XM_011963414.1	100.000	21	0	0	1	21	401	381	2.1	39.2
Query_343835	KJ892727.1	100.000	21	0	0	1	21	435	415	2.1	39.2
Query_343835	KC246772.1	100.000	21	0	0	1	21	13854	13874	2.1	39.2
Query_343835	CP069593.1	100.000	21	0	0	1	21	1536451	1536471	2.1	39.2
Query_343835	CP069418.1	100.000	21	0	0	1	21	453587	453607	2.1	39.2
Query_343835	NM_198183.3	100.000	21	0	0	1	21	430	410	2.1	39.2
Query_343835	CU689397.1	100.000	21	0	0	1	21	108	128	2.1	39.2
Query_343835	AK315755.1	100.000	21	0	0	1	21	385	365	2.1	39.2
Query_343835	DQ894475.2	100.000	21	0	0	1	21	392	372	2.1	39.2
Query_343835	DQ891291.2	100.000	21	0	0	1	21	392	372	2.1	39.2
Query_343835	AK226165.1	100.000	21	0	0	1	21	520	500	2.1	39.2
Query_343835	AK093462.1	100.000	21	0	0	1	21	779	759	2.1	39.2
Query_343835	CR457126.1	100.000	21	0	0	1	21	370	350	2.1	39.2
Query_343835	AK129621.1	100.000	21	0	0	1	21	337	317	2.1	39.2
Query_343835	BC032491.1	100.000	21	0	0	1	21	466	446	2.1	39.2
Query_343835	AP002893.3	100.000	21	0	0	1	21	122947	122967	2.1	39.2
Query_343835	AJ243271.1	100.000	21	0	0	1	21	60	40	2.1	39.2
Query_343835	AF061736.1	100.000	21	0	0	1	21	417	397	2.1	39.2
Query_343835	AF031141.1	100.000	21	0	0	1	21	367	347	2.1	39.2
Query_343835	XM_007116119.3	100.000	20	0	0	1	20	1879	1898	7.3	37.4
Query_343835	XM_024128418.2	100.000	20	0	0	1	20	1986	2005	7.3	37.4


