# blastn
# Iteration: 0
# Query: 
# RID: 7J7KJE4Z01R
# Database: nt
# Fields: query acc.ver, subject acc.ver, % identity, alignment length, mismatches, gap opens, q. start, q. end, s. start, s. end, evalue, bit score
# 100 hits found
Query_313801	XM_034945734.1	100.000	21	0	0	1	21	328	308	2.1	39.2
Query_313801	XM_033844831.1	100.000	21	0	0	1	21	617	597	2.1	39.2
Query_313801	XM_004283250.2	100.000	21	0	0	1	21	617	597	2.1	39.2
Query_313801	XM_033224775.1	100.000	21	0	0	1	21	673	653	2.1	39.2
Query_313801	XM_033127806.1	100.000	21	0	0	1	21	608	588	2.1	39.2
Query_313801	XM_032894453.1	100.000	21	0	0	1	21	673	653	2.1	39.2
Query_313801	XM_032614966.1	100.000	21	0	0	1	21	617	597	2.1	39.2
Query_313801	XM_032263313.1	100.000	21	0	0	1	21	662	642	2.1	39.2
Query_313801	XM_032171460.1	100.000	21	0	0	1	21	388	368	2.1	39.2
Query_313801	XM_023197562.3	100.000	21	0	0	1	21	669	649	2.1	39.2
Query_313801	NM_001194143.2	100.000	21	0	0	1	21	751	731	2.1	39.2
Query_313801	LR738628.1	100.000	21	0	0	1	21	74932968	74932988	2.1	39.2
Query_313801	LR738606.1	100.000	21	0	0	1	21	66404991	66404971	2.1	39.2
Query_313801	XM_031659367.1	100.000	21	0	0	1	21	742	722	2.1	39.2
Query_313801	XM_004061618.3	100.000	21	0	0	1	21	680	660	2.1	39.2
Query_313801	XR_002003000.2	100.000	21	0	0	1	21	264	244	2.1	39.2
Query_313801	XM_010361181.2	100.000	21	0	0	1	21	647	627	2.1	39.2
Query_313801	XM_030848376.1	100.000	21	0	0	1	21	617	597	2.1	39.2
Query_313801	XM_030819428.1	100.000	21	0	0	1	21	976	956	2.1	39.2
Query_313801	XM_022564888.2	100.000	21	0	0	1	21	638	618	2.1	39.2
Query_313801	XM_029371508.1	100.000	21	0	0	1	21	398	378	2.1	39.2
Query_313801	XM_029240889.1	100.000	21	0	0	1	21	680	660	2.1	39.2
Query_313801	NM_003969.4	100.000	21	0	0	1	21	331	311	2.1	39.2
Query_313801	AC279043.1	100.000	21	0	0	1	21	33547	33567	2.1	39.2
Query_313801	AC279022.1	100.000	21	0	0	1	21	50025	50045	2.1	39.2
Query_313801	XM_007123110.3	100.000	21	0	0	1	21	672	652	2.1	39.2
Query_313801	XM_027097413.1	100.000	21	0	0	1	21	680	660	2.1	39.2
Query_313801	GQ891447.1	100.000	21	0	0	1	21	210	190	2.1	39.2
Query_313801	XM_008161091.2	100.000	21	0	0	1	21	140	120	2.1	39.2
Query_313801	XM_028138389.1	100.000	21	0	0	1	21	140	120	2.1	39.2
Query_313801	XM_027978947.1	100.000	21	0	0	1	21	150	130	2.1	39.2
Query_313801	XM_027978945.1	100.000	21	0	0	1	21	150	130	2.1	39.2
Query_313801	CP034522.1	100.000	21	0	0	1	21	59009648	59009668	2.1	39.2
Query_313801	CP034497.1	100.000	21	0	0	1	21	59009648	59009668	2.1	39.2
Query_313801	CP034494.1	100.000	21	0	0	1	21	34344513	34344533	2.1	39.2
Query_313801	XM_027514594.1	100.000	21	0	0	1	21	664	644	2.1	39.2
Query_313801	XM_025367066.1	100.000	21	0	0	1	21	943	923	2.1	39.2
Query_313801	XM_025367065.1	100.000	21	0	0	1	21	943	923	2.1	39.2
Query_313801	XM_025270420.1	100.000	21	0	0	1	21	205	185	2.1	39.2
Query_313801	XM_006067295.2	100.000	21	0	0	1	21	187	167	2.1	39.2
Query_313801	XM_015458446.2	100.000	21	0	0	1	21	664	644	2.1	39.2
Query_313801	XM_011751675.2	100.000	21	0	0	1	21	752	732	2.1	39.2
Query_313801	XM_024740917.1	100.000	21	0	0	1	21	101	81	2.1	39.2
Query_313801	XM_024570231.1	100.000	21	0	0	1	21	146	126	2.1	39.2
Query_313801	XM_016937020.2	100.000	21	0	0	1	21	786	766	2.1	39.2
Query_313801	XR_024683.6	100.000	21	0	0	1	21	290	270	2.1	39.2
Query_313801	XM_024237018.1	100.000	21	0	0	1	21	696	676	2.1	39.2
Query_313801	XM_011384637.2	100.000	21	0	0	1	21	665	645	2.1	39.2
Query_313801	XM_021708408.1	100.000	21	0	0	1	21	398	378	2.1	39.2
Query_313801	XM_012473155.2	100.000	21	0	0	1	21	711	691	2.1	39.2
Query_313801	LT735850.1	100.000	21	0	0	1	21	588	568	2.1	39.2
Query_313801	XM_019978166.1	100.000	21	0	0	1	21	150	130	2.1	39.2
Query_313801	XM_019633350.1	100.000	21	0	0	1	21	697	677	2.1	39.2
Query_313801	XM_018063555.1	100.000	21	0	0	1	21	666	646	2.1	39.2
Query_313801	XM_017850506.1	100.000	21	0	0	1	21	681	661	2.1	39.2
Query_313801	XM_002721900.3	100.000	21	0	0	1	21	634	614	2.1	39.2
Query_313801	XM_007539011.2	100.000	21	0	0	1	21	192	172	2.1	39.2
Query_313801	XM_004439134.2	100.000	21	0	0	1	21	143	123	2.1	39.2
Query_313801	XM_014480337.1	100.000	21	0	0	1	21	293	273	2.1	39.2
Query_313801	XM_013027644.1	100.000	21	0	0	1	21	212	192	2.1	39.2
Query_313801	XM_004596908.2	100.000	21	0	0	1	21	348	328	2.1	39.2
Query_313801	XM_003795336.2	100.000	21	0	0	1	21	681	661	2.1	39.2
Query_313801	XM_012655887.1	100.000	21	0	0	1	21	678	658	2.1	39.2
Query_313801	XM_012076338.1	100.000	21	0	0	1	21	944	924	2.1	39.2
Query_313801	XR_001004754.1	100.000	21	0	0	1	21	134	114	2.1	39.2
Query_313801	XM_011969066.1	100.000	21	0	0	1	21	134	114	2.1	39.2
Query_313801	XM_011959132.1	100.000	21	0	0	1	21	122	102	2.1	39.2
Query_313801	XM_011959131.1	100.000	21	0	0	1	21	613	593	2.1	39.2
Query_313801	KJ892674.1	100.000	21	0	0	1	21	166	146	2.1	39.2
Query_313801	XM_007457488.1	100.000	21	0	0	1	21	101	81	2.1	39.2
Query_313801	XM_007175387.1	100.000	21	0	0	1	21	137	117	2.1	39.2
Query_313801	XM_006903030.1	100.000	21	0	0	1	21	145	125	2.1	39.2
Query_313801	XM_005590626.1	100.000	21	0	0	1	21	156	136	2.1	39.2
Query_313801	XM_040251830.1	100.000	21	0	0	1	21	622	602	2.1	39.2
Query_313801	XM_040251829.1	100.000	21	0	0	1	21	622	602	2.1	39.2
Query_313801	XM_004386917.1	100.000	21	0	0	1	21	104	84	2.1	39.2
Query_313801	XM_039868785.1	100.000	21	0	0	1	21	661	641	2.1	39.2
Query_313801	XM_039466383.1	100.000	21	0	0	1	21	938	918	2.1	39.2
Query_313801	CP068262.1	100.000	21	0	0	1	21	38958820	38958800	2.1	39.2
Query_313801	CP068259.1	100.000	21	0	0	1	21	61655955	61655975	2.1	39.2
Query_313801	XM_007998466.2	100.000	21	0	0	1	21	855	835	2.1	39.2
Query_313801	XM_017509655.2	100.000	21	0	0	1	21	593	573	2.1	39.2
Query_313801	XM_037517301.1	100.000	21	0	0	1	21	203	183	2.1	39.2
Query_313801	XM_037148485.1	100.000	21	0	0	1	21	279	259	2.1	39.2
Query_313801	XM_037047667.1	100.000	21	0	0	1	21	197	177	2.1	39.2
Query_313801	XM_036833162.1	100.000	21	0	0	1	21	620	600	2.1	39.2
Query_313801	XM_036426083.1	100.000	21	0	0	1	21	309	289	2.1	39.2
Query_313801	XM_036311451.1	100.000	21	0	0	1	21	659	639	2.1	39.2
Query_313801	XM_036273895.1	100.000	21	0	0	1	21	309	289	2.1	39.2
Query_313801	XM_016125757.2	100.000	21	0	0	1	21	336	316	2.1	39.2
Query_313801	AP023487.1	100.000	21	0	0	1	21	319096	319116	2.1	39.2
Query_313801	AP023479.1	100.000	21	0	0	1	21	59041088	59041108	2.1	39.2
Query_313801	XM_028530497.2	100.000	21	0	0	1	21	243	223	2.1	39.2
Query_313801	AC280253.1	100.000	21	0	0	1	21	158228	158248	2.1	39.2
Query_313801	XM_017967523.2	100.000	21	0	0	1	21	934	914	2.1	39.2
Query_313801	AB590888.1	100.000	21	0	0	1	21	110	90	2.1	39.2
Query_313801	FQ209516.1	100.000	21	0	0	1	21	267	247	2.1	39.2
Query_313801	AC240146.3	100.000	21	0	0	1	21	7587	7567	2.1	39.2
Query_313801	CU691336.1	100.000	21	0	0	1	21	117	97	2.1	39.2
Query_313801	NM_001108471.1	100.000	21	0	0	1	21	674	654	2.1	39.2


