# blastn
# Iteration: 0
# Query: 
# RID: 6KY1J32G013
# Database: nt
# Fields: query acc.ver, subject acc.ver, % identity, alignment length, mismatches, gap opens, q. start, q. end, s. start, s. end, evalue, bit score
# 61 hits found
Query_21427	XM_003822660.3	100.000	21	0	0	1	21	3267	3247	2.0	39.2
Query_21427	XM_033175808.1	100.000	21	0	0	1	21	2907	2887	2.0	39.2
Query_21427	XM_032239463.1	100.000	21	0	0	1	21	2797	2777	2.0	39.2
Query_21427	XM_032239461.1	100.000	21	0	0	1	21	2752	2732	2.0	39.2
Query_21427	XM_032178589.1	100.000	21	0	0	1	21	2465	2445	2.0	39.2
Query_21427	XM_023223830.2	100.000	21	0	0	1	21	3051	3031	2.0	39.2
Query_21427	MN297719.1	100.000	21	0	0	1	21	200	180	2.0	39.2
Query_21427	XM_003908598.4	100.000	21	0	0	1	21	3043	3023	2.0	39.2
Query_21427	XM_031007930.1	100.000	21	0	0	1	21	3063	3043	2.0	39.2
Query_21427	XM_030920698.1	100.000	21	0	0	1	21	2901	2881	2.0	39.2
Query_21427	XM_030799595.1	100.000	21	0	0	1	21	3060	3040	2.0	39.2
Query_21427	XM_015112284.2	100.000	21	0	0	1	21	3451	3431	2.0	39.2
Query_21427	NM_012249.4	100.000	21	0	0	1	21	3071	3051	2.0	39.2
Query_21427	XM_025353647.1	100.000	21	0	0	1	21	2822	2802	2.0	39.2
Query_21427	AC277863.1	100.000	21	0	0	1	21	187615	187635	2.0	39.2
Query_21427	XM_011713140.2	100.000	21	0	0	1	21	3013	2993	2.0	39.2
Query_21427	XM_024552854.1	100.000	21	0	0	1	21	2581	2561	2.0	39.2
Query_21427	XM_016948475.2	100.000	21	0	0	1	21	3041	3021	2.0	39.2
Query_21427	XM_016948474.2	100.000	21	0	0	1	21	2902	2882	2.0	39.2
Query_21427	XM_002812061.4	100.000	21	0	0	1	21	2814	2794	2.0	39.2
Query_21427	XM_021719398.1	100.000	21	0	0	1	21	2788	2768	2.0	39.2
Query_21427	XM_012473755.2	100.000	21	0	0	1	21	2799	2779	2.0	39.2
Query_21427	XM_017862694.1	100.000	21	0	0	1	21	2891	2871	2.0	39.2
Query_21427	XM_011532728.2	100.000	21	0	0	1	21	2399	2379	2.0	39.2
Query_21427	XM_017003716.1	100.000	21	0	0	1	21	3283	3263	2.0	39.2
Query_21427	XM_011532726.2	100.000	21	0	0	1	21	3126	3106	2.0	39.2
Query_21427	XM_015433694.1	100.000	21	0	0	1	21	3347	3327	2.0	39.2
Query_21427	XM_005575962.2	100.000	21	0	0	1	21	2661	2641	2.0	39.2
Query_21427	XM_012070312.1	100.000	21	0	0	1	21	3360	3340	2.0	39.2
Query_21427	XM_012070311.1	100.000	21	0	0	1	21	2828	2808	2.0	39.2
Query_21427	XM_011965779.1	100.000	21	0	0	1	21	2845	2825	2.0	39.2
Query_21427	XM_011936021.1	100.000	21	0	0	1	21	2572	2552	2.0	39.2
Query_21427	XM_005264229.2	100.000	21	0	0	1	21	2535	2515	2.0	39.2
Query_21427	XM_008575355.1	100.000	21	0	0	1	21	2488	2468	2.0	39.2
Query_21427	NG_023007.2	100.000	21	0	0	1	21	2909	2889	2.0	39.2
Query_21427	NG_022969.2	100.000	21	0	0	1	21	2905	2885	2.0	39.2
Query_21427	XM_003926747.3	100.000	21	0	0	1	21	3037	3017	2.0	39.2
Query_21427	XM_038006885.1	100.000	21	0	0	1	21	2536	2516	2.0	39.2
Query_21427	XM_007970741.2	100.000	21	0	0	1	21	3041	3021	2.0	39.2
Query_21427	XM_037732867.1	100.000	21	0	0	1	21	2662	2642	2.0	39.2
Query_21427	XM_017512722.2	100.000	21	0	0	1	21	3043	3023	2.0	39.2
Query_21427	XM_037161178.1	100.000	21	0	0	1	21	3013	2993	2.0	39.2
Query_21427	XM_036990802.1	100.000	21	0	0	1	21	2861	2841	2.0	39.2
Query_21427	XM_036925856.1	100.000	21	0	0	1	21	2988	2968	2.0	39.2
Query_21427	XM_028515148.2	100.000	21	0	0	1	21	2929	2909	2.0	39.2
Query_21427	AC280214.1	100.000	21	0	0	1	21	181786	181806	2.0	39.2
Query_21427	XR_004733630.1	100.000	21	0	0	1	21	3693	3673	2.0	39.2
Query_21427	XM_002757794.5	100.000	21	0	0	1	21	3529	3509	2.0	39.2
Query_21427	FR872653.1	100.000	21	0	0	1	21	274147	274127	2.0	39.2
Query_21427	CP001928.1	100.000	21	0	0	1	21	1229895	1229875	2.0	39.2
Query_21427	AC185240.2	100.000	21	0	0	1	21	185279	185299	2.0	39.2
Query_21427	EU794657.1	100.000	21	0	0	1	21	2833	2813	2.0	39.2
Query_21427	BC013135.1	100.000	21	0	0	1	21	2993	2973	2.0	39.2
Query_21427	AC185990.2	100.000	21	0	0	1	21	124014	124034	2.0	39.2
Query_21427	AC183985.2	100.000	21	0	0	1	21	124271	124291	2.0	39.2
Query_21427	AC182490.3	100.000	21	0	0	1	21	101616	101636	2.0	39.2
Query_21427	AC120782.25	100.000	21	0	0	1	21	42849	42829	2.0	39.2
Query_21427	AC145214.1	100.000	21	0	0	1	21	39385	39365	2.0	39.2
Query_21427	AC018804.9	100.000	21	0	0	1	21	27423	27403	2.0	39.2
Query_21427	AC073869.5	100.000	21	0	0	1	21	137757	137737	2.0	39.2
Query_21427	AC018682.4	100.000	21	0	0	1	21	117372	117352	2.0	39.2


