# blastn
# Iteration: 0
# Query: 
# RID: 6S62T6GW013
# Database: nt
# Fields: query acc.ver, subject acc.ver, % identity, alignment length, mismatches, gap opens, q. start, q. end, s. start, s. end, evalue, bit score
# 29 hits found
Query_281579	XM_008976634.2	100.000	21	0	0	1	21	298	278	2.1	39.2
Query_281579	XM_003823013.3	100.000	21	0	0	1	21	280	260	2.1	39.2
Query_281579	XM_010645083.3	100.000	21	0	0	1	21	254	234	2.1	39.2
Query_281579	XM_032466916.1	100.000	21	0	0	1	21	236	216	2.1	39.2
Query_281579	XM_015247066.2	100.000	21	0	0	1	21	198	178	2.1	39.2
Query_281579	XM_010999751.2	100.000	21	0	0	1	21	242	222	2.1	39.2
Query_281579	NM_014176.4	100.000	21	0	0	1	21	223	203	2.1	39.2
Query_281579	XM_004625355.2	100.000	21	0	0	1	21	258	238	2.1	39.2
Query_281579	XM_004921161.3	100.000	21	0	0	1	21	376	356	2.1	39.2
Query_281579	LT735351.1	100.000	21	0	0	1	21	604	584	2.1	39.2
Query_281579	XM_004028164.2	100.000	21	0	0	1	21	252	232	2.1	39.2
Query_281579	XM_004578761.2	100.000	21	0	0	1	21	273	253	2.1	39.2
Query_281579	XM_010956246.1	100.000	21	0	0	1	21	204	184	2.1	39.2
Query_281579	KJ893680.1	100.000	21	0	0	1	21	182	162	2.1	39.2
Query_281579	CU678592.1	100.000	21	0	0	1	21	133	113	2.1	39.2
Query_281579	DQ895975.2	100.000	21	0	0	1	21	139	119	2.1	39.2
Query_281579	DQ892729.2	100.000	21	0	0	1	21	139	119	2.1	39.2
Query_281579	BC019284.1	100.000	21	0	0	1	21	215	195	2.1	39.2
Query_281579	BC004152.2	100.000	21	0	0	1	21	215	195	2.1	39.2
Query_281579	AF160215.1	100.000	21	0	0	1	21	210	190	2.1	39.2
Query_281579	AK000504.1	100.000	21	0	0	1	21	208	188	2.1	39.2
Query_281579	AF161499.1	100.000	21	0	0	1	21	243	223	2.1	39.2
Query_281579	AY542309.1	100.000	21	0	0	1	21	118	98	2.1	39.2
Query_281579	AB032931.1	100.000	21	0	0	1	21	159	139	2.1	39.2
Query_281579	XM_026397216.1	100.000	20	0	0	1	20	245	226	7.2	37.4
Query_281579	XM_027945677.1	100.000	20	0	0	1	20	259	240	7.2	37.4
Query_281579	XM_027945676.1	100.000	20	0	0	1	20	246	227	7.2	37.4
Query_281579	XM_015483843.1	100.000	20	0	0	1	20	239	220	7.2	37.4
Query_281579	XM_005330340.4	100.000	20	0	0	1	20	297	278	7.2	37.4


