# blastn
# Iteration: 0
# Query: 
# RID: 6ZS4EEZD013
# Database: nt
# Fields: query acc.ver, subject acc.ver, % identity, alignment length, mismatches, gap opens, q. start, q. end, s. start, s. end, evalue, bit score
# 24 hits found
Query_19277	XM_032915907.1	100.000	21	0	0	1	21	1362	1342	2.1	39.2
Query_19277	FQ214550.1	100.000	21	0	0	1	21	1322	1302	2.1	39.2
Query_19277	FQ216757.1	100.000	21	0	0	1	21	1327	1307	2.1	39.2
Query_19277	FQ213111.1	100.000	21	0	0	1	21	1323	1303	2.1	39.2
Query_19277	FQ228750.1	100.000	21	0	0	1	21	1322	1302	2.1	39.2
Query_19277	FQ213948.1	100.000	21	0	0	1	21	1011	991	2.1	39.2
Query_19277	NG_006685.3	100.000	21	0	0	1	21	1403	1383	2.1	39.2
Query_19277	NM_026242.3	100.000	21	0	0	1	21	1351	1331	2.1	39.2
Query_19277	AC169036.3	100.000	21	0	0	1	21	131360	131380	2.1	39.2
Query_19277	BC085488.1	100.000	21	0	0	1	21	1196	1176	2.1	39.2
Query_19277	AC114605.11	100.000	21	0	0	1	21	110472	110452	2.1	39.2
Query_19277	AC112683.10	100.000	21	0	0	1	21	194893	194873	2.1	39.2
Query_19277	AC139214.12	100.000	21	0	0	1	21	1925	1905	2.1	39.2
Query_19277	AK170984.1	100.000	21	0	0	1	21	1333	1313	2.1	39.2
Query_19277	AK170909.1	100.000	21	0	0	1	21	1329	1309	2.1	39.2
Query_19277	AK170789.1	100.000	21	0	0	1	21	1301	1281	2.1	39.2
Query_19277	AK018675.1	100.000	21	0	0	1	21	1301	1281	2.1	39.2
Query_19277	AK017832.1	100.000	21	0	0	1	21	1333	1313	2.1	39.2
Query_19277	AK005313.1	100.000	21	0	0	1	21	1343	1323	2.1	39.2
Query_19277	AK211332.1	100.000	21	0	0	1	21	155	135	2.1	39.2
Query_19277	AC154476.2	100.000	21	0	0	1	21	77875	77895	2.1	39.2
Query_19277	NM_001009264.1	100.000	21	0	0	1	21	1302	1282	2.1	39.2
Query_19277	BC010209.1	100.000	21	0	0	1	21	1320	1300	2.1	39.2
Query_19277	AB041651.1	100.000	21	0	0	1	21	1331	1311	2.1	39.2


