# blastn
# Iteration: 0
# Query: 
# RID: 8YBU26EE016
# Database: nt
# Fields: query acc.ver, subject acc.ver, % identity, alignment length, mismatches, gap opens, q. start, q. end, s. start, s. end, evalue, bit score
# 100 hits found
Query_12327	XM_034986442.1	100.000	21	0	0	1	21	373	353	2.1	39.2
Query_12327	XM_034945734.1	100.000	21	0	0	1	21	296	276	2.1	39.2
Query_12327	AP023166.1	100.000	21	0	0	1	21	5449933	5449953	2.1	39.2
Query_12327	XM_033844831.1	100.000	21	0	0	1	21	585	565	2.1	39.2
Query_12327	XM_004283250.2	100.000	21	0	0	1	21	585	565	2.1	39.2
Query_12327	XM_033224775.1	100.000	21	0	0	1	21	641	621	2.1	39.2
Query_12327	XM_033127806.1	100.000	21	0	0	1	21	576	556	2.1	39.2
Query_12327	XM_032847714.1	100.000	21	0	0	1	21	119	99	2.1	39.2
Query_12327	XM_032614966.1	100.000	21	0	0	1	21	585	565	2.1	39.2
Query_12327	XM_032487481.1	100.000	21	0	0	1	21	585	565	2.1	39.2
Query_12327	XM_032388640.1	100.000	21	0	0	1	21	714	694	2.1	39.2
Query_12327	XM_032324808.1	100.000	21	0	0	1	21	525	505	2.1	39.2
Query_12327	XM_032171460.1	100.000	21	0	0	1	21	356	336	2.1	39.2
Query_12327	LR738419.1	100.000	21	0	0	1	21	60208418	60208438	2.1	39.2
Query_12327	XM_031964148.1	100.000	21	0	0	1	21	596	576	2.1	39.2
Query_12327	XM_023197562.3	100.000	21	0	0	1	21	637	617	2.1	39.2
Query_12327	NM_001194143.2	100.000	21	0	0	1	21	719	699	2.1	39.2
Query_12327	XM_031659367.1	100.000	21	0	0	1	21	710	690	2.1	39.2
Query_12327	XM_010989212.2	100.000	21	0	0	1	21	578	558	2.1	39.2
Query_12327	XM_006747778.2	100.000	21	0	0	1	21	614	594	2.1	39.2
Query_12327	XM_004061618.3	100.000	21	0	0	1	21	648	628	2.1	39.2
Query_12327	XM_010361181.2	100.000	21	0	0	1	21	615	595	2.1	39.2
Query_12327	XM_030848376.1	100.000	21	0	0	1	21	585	565	2.1	39.2
Query_12327	XM_030819428.1	100.000	21	0	0	1	21	944	924	2.1	39.2
Query_12327	XM_022564888.2	100.000	21	0	0	1	21	606	586	2.1	39.2
Query_12327	XM_030297580.1	100.000	21	0	0	1	21	131	111	2.1	39.2
Query_12327	XM_029926448.1	100.000	21	0	0	1	21	109	89	2.1	39.2
Query_12327	XM_029240889.1	100.000	21	0	0	1	21	648	628	2.1	39.2
Query_12327	NM_003969.4	100.000	21	0	0	1	21	299	279	2.1	39.2
Query_12327	XM_007123110.3	100.000	21	0	0	1	21	640	620	2.1	39.2
Query_12327	XM_027097413.1	100.000	21	0	0	1	21	648	628	2.1	39.2
Query_12327	XM_027037588.1	100.000	21	0	0	1	21	159	139	2.1	39.2
Query_12327	XM_026489448.1	100.000	21	0	0	1	21	126	106	2.1	39.2
Query_12327	XM_008161091.2	100.000	21	0	0	1	21	108	88	2.1	39.2
Query_12327	XM_028138389.1	100.000	21	0	0	1	21	108	88	2.1	39.2
Query_12327	XM_028093366.1	100.000	21	0	0	1	21	328	308	2.1	39.2
Query_12327	XM_027978947.1	100.000	21	0	0	1	21	118	98	2.1	39.2
Query_12327	XM_027978945.1	100.000	21	0	0	1	21	118	98	2.1	39.2
Query_12327	XM_027859172.1	100.000	21	0	0	1	21	116	96	2.1	39.2
Query_12327	CP034522.1	100.000	21	0	0	1	21	59009680	59009700	2.1	39.2
Query_12327	CP034497.1	100.000	21	0	0	1	21	59009680	59009700	2.1	39.2
Query_12327	XM_027619724.1	100.000	21	0	0	1	21	328	308	2.1	39.2
Query_12327	XM_027514594.1	100.000	21	0	0	1	21	632	612	2.1	39.2
Query_12327	XM_025849383.1	100.000	21	0	0	1	21	328	308	2.1	39.2
Query_12327	XM_025848705.1	100.000	21	0	0	1	21	328	308	2.1	39.2
Query_12327	XM_025367066.1	100.000	21	0	0	1	21	911	891	2.1	39.2
Query_12327	XM_025367065.1	100.000	21	0	0	1	21	911	891	2.1	39.2
Query_12327	XM_025270420.1	100.000	21	0	0	1	21	173	153	2.1	39.2
Query_12327	XM_006067295.2	100.000	21	0	0	1	21	155	135	2.1	39.2
Query_12327	XM_015458446.2	100.000	21	0	0	1	21	632	612	2.1	39.2
Query_12327	XM_011751675.2	100.000	21	0	0	1	21	720	700	2.1	39.2
Query_12327	XM_024740917.1	100.000	21	0	0	1	21	69	49	2.1	39.2
Query_12327	XM_024570231.1	100.000	21	0	0	1	21	114	94	2.1	39.2
Query_12327	XM_016937020.2	100.000	21	0	0	1	21	754	734	2.1	39.2
Query_12327	XM_024237018.1	100.000	21	0	0	1	21	664	644	2.1	39.2
Query_12327	XM_001495644.6	100.000	21	0	0	1	21	646	626	2.1	39.2
Query_12327	XM_011384637.2	100.000	21	0	0	1	21	633	613	2.1	39.2
Query_12327	XM_023245780.1	100.000	21	0	0	1	21	150	130	2.1	39.2
Query_12327	XM_022492304.1	100.000	21	0	0	1	21	328	308	2.1	39.2
Query_12327	XM_022492267.1	100.000	21	0	0	1	21	167	147	2.1	39.2
Query_12327	XM_021708408.1	100.000	21	0	0	1	21	366	346	2.1	39.2
Query_12327	XM_021691852.1	100.000	21	0	0	1	21	672	652	2.1	39.2
Query_12327	XM_021691850.1	100.000	21	0	0	1	21	671	651	2.1	39.2
Query_12327	XM_021097419.1	100.000	21	0	0	1	21	505	485	2.1	39.2
Query_12327	XM_020971922.1	100.000	21	0	0	1	21	148	128	2.1	39.2
Query_12327	XM_012752406.2	100.000	21	0	0	1	21	697	677	2.1	39.2
Query_12327	LT735850.1	100.000	21	0	0	1	21	556	536	2.1	39.2
Query_12327	XM_019978166.1	100.000	21	0	0	1	21	118	98	2.1	39.2
Query_12327	XM_019633350.1	100.000	21	0	0	1	21	665	645	2.1	39.2
Query_12327	XM_019438696.1	100.000	21	0	0	1	21	572	552	2.1	39.2
Query_12327	XM_019438694.1	100.000	21	0	0	1	21	572	552	2.1	39.2
Query_12327	XM_018063555.1	100.000	21	0	0	1	21	634	614	2.1	39.2
Query_12327	XM_017850506.1	100.000	21	0	0	1	21	649	629	2.1	39.2
Query_12327	XM_002721900.3	100.000	21	0	0	1	21	602	582	2.1	39.2
Query_12327	XM_040978181.1	100.000	21	0	0	1	21	324	304	2.1	39.2
Query_12327	XM_040632897.1	100.000	21	0	0	1	21	119	99	2.1	39.2
Query_12327	XM_040465311.1	100.000	21	0	0	1	21	152	132	2.1	39.2
Query_12327	XM_040251830.1	100.000	21	0	0	1	21	590	570	2.1	39.2
Query_12327	XM_040251829.1	100.000	21	0	0	1	21	590	570	2.1	39.2
Query_12327	XM_039868785.1	100.000	21	0	0	1	21	629	609	2.1	39.2
Query_12327	XM_039225255.1	100.000	21	0	0	1	21	619	599	2.1	39.2
Query_12327	CP068259.1	100.000	21	0	0	1	21	61655987	61656007	2.1	39.2
Query_12327	XM_038655543.1	100.000	21	0	0	1	21	614	594	2.1	39.2
Query_12327	XM_541337.6	100.000	21	0	0	1	21	614	594	2.1	39.2
Query_12327	XM_007998466.2	100.000	21	0	0	1	21	823	803	2.1	39.2
Query_12327	XM_037517301.1	100.000	21	0	0	1	21	171	151	2.1	39.2
Query_12327	XM_037148485.1	100.000	21	0	0	1	21	247	227	2.1	39.2
Query_12327	XM_037047667.1	100.000	21	0	0	1	21	165	145	2.1	39.2
Query_12327	XM_017678136.2	100.000	21	0	0	1	21	115	95	2.1	39.2
Query_12327	XM_036901378.1	100.000	21	0	0	1	21	1109	1089	2.1	39.2
Query_12327	XM_036833162.1	100.000	21	0	0	1	21	588	568	2.1	39.2
Query_12327	XM_036743213.1	100.000	21	0	0	1	21	571	551	2.1	39.2
Query_12327	XM_036426083.1	100.000	21	0	0	1	21	277	257	2.1	39.2
Query_12327	XM_036311451.1	100.000	21	0	0	1	21	627	607	2.1	39.2
Query_12327	XM_036273895.1	100.000	21	0	0	1	21	277	257	2.1	39.2
Query_12327	XM_016125757.2	100.000	21	0	0	1	21	304	284	2.1	39.2
Query_12327	AP023479.1	100.000	21	0	0	1	21	59041120	59041140	2.1	39.2
Query_12327	XM_036079788.1	100.000	21	0	0	1	21	328	308	2.1	39.2
Query_12327	XM_028530497.2	100.000	21	0	0	1	21	211	191	2.1	39.2
Query_12327	XM_025421358.2	100.000	21	0	0	1	21	142	122	2.1	39.2


