# blastn
# Iteration: 0
# Query: 
# RID: 7J6YV5KE013
# Database: nt
# Fields: query acc.ver, subject acc.ver, % identity, alignment length, mismatches, gap opens, q. start, q. end, s. start, s. end, evalue, bit score
# 73 hits found
Query_64853	XM_034945734.1	100.000	21	0	0	1	21	422	402	2.1	39.2
Query_64853	XM_033224775.1	100.000	21	0	0	1	21	767	747	2.1	39.2
Query_64853	XR_004264264.1	100.000	21	0	0	1	21	229	249	2.1	39.2
Query_64853	XM_032263313.1	100.000	21	0	0	1	21	756	736	2.1	39.2
Query_64853	XM_032171460.1	100.000	21	0	0	1	21	482	462	2.1	39.2
Query_64853	XM_023197562.3	100.000	21	0	0	1	21	763	743	2.1	39.2
Query_64853	NM_001194143.2	100.000	21	0	0	1	21	845	825	2.1	39.2
Query_64853	XM_031659367.1	100.000	21	0	0	1	21	836	816	2.1	39.2
Query_64853	XM_004061618.3	100.000	21	0	0	1	21	774	754	2.1	39.2
Query_64853	XR_002003000.2	100.000	21	0	0	1	21	358	338	2.1	39.2
Query_64853	XM_010361181.2	100.000	21	0	0	1	21	741	721	2.1	39.2
Query_64853	XM_030886391.1	100.000	21	0	0	1	21	156	136	2.1	39.2
Query_64853	XM_030819428.1	100.000	21	0	0	1	21	1070	1050	2.1	39.2
Query_64853	NM_003969.4	100.000	21	0	0	1	21	425	405	2.1	39.2
Query_64853	AC279043.1	100.000	21	0	0	1	21	33453	33473	2.1	39.2
Query_64853	AC279022.1	100.000	21	0	0	1	21	49931	49951	2.1	39.2
Query_64853	GQ891447.1	100.000	21	0	0	1	21	304	284	2.1	39.2
Query_64853	CP034522.1	100.000	21	0	0	1	21	59008439	59008459	2.1	39.2
Query_64853	CP034497.1	100.000	21	0	0	1	21	59008439	59008459	2.1	39.2
Query_64853	XM_025849383.1	100.000	21	0	0	1	21	454	434	2.1	39.2
Query_64853	XM_025848705.1	100.000	21	0	0	1	21	454	434	2.1	39.2
Query_64853	XM_025367066.1	100.000	21	0	0	1	21	1037	1017	2.1	39.2
Query_64853	XM_025367065.1	100.000	21	0	0	1	21	1037	1017	2.1	39.2
Query_64853	XM_011751675.2	100.000	21	0	0	1	21	846	826	2.1	39.2
Query_64853	XM_016937020.2	100.000	21	0	0	1	21	880	860	2.1	39.2
Query_64853	XR_024683.6	100.000	21	0	0	1	21	384	364	2.1	39.2
Query_64853	XM_024237018.1	100.000	21	0	0	1	21	790	770	2.1	39.2
Query_64853	XM_004472716.3	100.000	21	0	0	1	21	315	295	2.1	39.2
Query_64853	XM_003406679.3	100.000	21	0	0	1	21	256	236	2.1	39.2
Query_64853	XM_012473155.2	100.000	21	0	0	1	21	805	785	2.1	39.2
Query_64853	XM_012752406.2	100.000	21	0	0	1	21	823	803	2.1	39.2
Query_64853	LT735850.1	100.000	21	0	0	1	21	682	662	2.1	39.2
Query_64853	XM_017850506.1	100.000	21	0	0	1	21	775	755	2.1	39.2
Query_64853	XM_007539011.2	100.000	21	0	0	1	21	286	266	2.1	39.2
Query_64853	XM_004695487.2	100.000	21	0	0	1	21	263	243	2.1	39.2
Query_64853	XM_012076338.1	100.000	21	0	0	1	21	1038	1018	2.1	39.2
Query_64853	XR_001004754.1	100.000	21	0	0	1	21	228	208	2.1	39.2
Query_64853	XM_011969066.1	100.000	21	0	0	1	21	228	208	2.1	39.2
Query_64853	XM_011959132.1	100.000	21	0	0	1	21	216	196	2.1	39.2
Query_64853	XM_011959131.1	100.000	21	0	0	1	21	707	687	2.1	39.2
Query_64853	XM_008578962.1	100.000	21	0	0	1	21	246	226	2.1	39.2
Query_64853	KJ892674.1	100.000	21	0	0	1	21	260	240	2.1	39.2
Query_64853	XM_006903030.1	100.000	21	0	0	1	21	239	219	2.1	39.2
Query_64853	XM_005590626.1	100.000	21	0	0	1	21	250	230	2.1	39.2
Query_64853	XM_004386917.1	100.000	21	0	0	1	21	198	178	2.1	39.2
Query_64853	XM_039466383.1	100.000	21	0	0	1	21	1032	1012	2.1	39.2
Query_64853	CP068259.1	100.000	21	0	0	1	21	61654746	61654766	2.1	39.2
Query_64853	XM_007998466.2	100.000	21	0	0	1	21	949	929	2.1	39.2
Query_64853	XM_037818989.1	100.000	21	0	0	1	21	792	772	2.1	39.2
Query_64853	XM_017509655.2	100.000	21	0	0	1	21	687	667	2.1	39.2
Query_64853	AP023479.1	100.000	21	0	0	1	21	59039879	59039899	2.1	39.2
Query_64853	AC280253.1	100.000	21	0	0	1	21	158134	158154	2.1	39.2
Query_64853	XR_001908768.2	100.000	21	0	0	1	21	197	217	2.1	39.2
Query_64853	XM_017967523.2	100.000	21	0	0	1	21	1028	1008	2.1	39.2
Query_64853	AB590888.1	100.000	21	0	0	1	21	204	184	2.1	39.2
Query_64853	CU691337.1	100.000	21	0	0	1	21	373	393	2.1	39.2
Query_64853	CU691336.1	100.000	21	0	0	1	21	211	191	2.1	39.2
Query_64853	BC007657.1	100.000	21	0	0	1	21	264	244	2.1	39.2
Query_64853	BC058924.1	100.000	21	0	0	1	21	304	284	2.1	39.2
Query_64853	BT008242.1	100.000	21	0	0	1	21	195	175	2.1	39.2
Query_64853	AC016630.6	100.000	21	0	0	1	21	7916	7896	2.1	39.2
Query_64853	AB012191.1	100.000	21	0	0	1	21	195	175	2.1	39.2
Query_64853	AF075599.1	100.000	21	0	0	1	21	198	178	2.1	39.2
Query_64853	XM_031964148.1	100.000	20	0	0	2	21	721	702	7.3	37.4
Query_64853	XM_029876531.1	100.000	20	0	0	2	21	578	559	7.3	37.4
Query_64853	XM_029876523.1	100.000	20	0	0	2	21	574	555	7.3	37.4
Query_64853	XM_027859172.1	100.000	20	0	0	2	21	241	222	7.3	37.4
Query_64853	XM_001653590.2	100.000	20	0	0	2	21	596	577	7.3	37.4
Query_64853	XM_021841717.1	100.000	20	0	0	2	21	716	697	7.3	37.4
Query_64853	XM_001653589.2	100.000	20	0	0	2	21	784	765	7.3	37.4
Query_64853	XM_020971922.1	100.000	20	0	0	2	21	273	254	7.3	37.4
Query_64853	XM_036743213.1	100.000	20	0	0	2	21	696	677	7.3	37.4
Query_64853	AY431316.1	100.000	20	0	0	2	21	255	236	7.3	37.4


