# blastn
# Iteration: 0
# Query: 
# RID: 6MT3USE7013
# Database: nt
# Fields: query acc.ver, subject acc.ver, % identity, alignment length, mismatches, gap opens, q. start, q. end, s. start, s. end, evalue, bit score
# 100 hits found
Query_14099	XM_034962171.1	100.000	21	0	0	1	21	345	325	2.0	39.2
Query_14099	XM_008958732.2	100.000	21	0	0	1	21	547	527	2.0	39.2
Query_14099	XM_003833230.2	100.000	21	0	0	1	21	518	498	2.0	39.2
Query_14099	XM_033217305.1	100.000	21	0	0	1	21	709	689	2.0	39.2
Query_14099	XM_033217304.1	100.000	21	0	0	1	21	606	586	2.0	39.2
Query_14099	XM_033217303.1	100.000	21	0	0	1	21	481	461	2.0	39.2
Query_14099	XM_033217302.1	100.000	21	0	0	1	21	645	625	2.0	39.2
Query_14099	XM_033217301.1	100.000	21	0	0	1	21	520	500	2.0	39.2
Query_14099	XM_032299538.1	100.000	21	0	0	1	21	426	406	2.0	39.2
Query_14099	XM_032299537.1	100.000	21	0	0	1	21	560	540	2.0	39.2
Query_14099	XM_032299536.1	100.000	21	0	0	1	21	592	572	2.0	39.2
Query_14099	XM_032299535.1	100.000	21	0	0	1	21	586	566	2.0	39.2
Query_14099	XM_032299534.1	100.000	21	0	0	1	21	509	489	2.0	39.2
Query_14099	XM_032141775.1	100.000	21	0	0	1	21	458	438	2.0	39.2
Query_14099	XM_032141774.1	100.000	21	0	0	1	21	585	565	2.0	39.2
Query_14099	XM_032141773.1	100.000	21	0	0	1	21	503	483	2.0	39.2
Query_14099	XM_023212910.2	100.000	21	0	0	1	21	705	685	2.0	39.2
Query_14099	XM_009205268.3	100.000	21	0	0	1	21	606	586	2.0	39.2
Query_14099	XM_009205267.4	100.000	21	0	0	1	21	450	430	2.0	39.2
Query_14099	XM_017957888.2	100.000	21	0	0	1	21	645	625	2.0	39.2
Query_14099	XM_009205270.2	100.000	21	0	0	1	21	560	540	2.0	39.2
Query_14099	XM_003897656.2	100.000	21	0	0	1	21	503	483	2.0	39.2
Query_14099	XM_019029654.2	100.000	21	0	0	1	21	607	587	2.0	39.2
Query_14099	XM_031012164.1	100.000	21	0	0	1	21	437	417	2.0	39.2
Query_14099	XM_031012163.1	100.000	21	0	0	1	21	580	560	2.0	39.2
Query_14099	XM_019029653.2	100.000	21	0	0	1	21	646	626	2.0	39.2
Query_14099	XM_031012162.1	100.000	21	0	0	1	21	503	483	2.0	39.2
Query_14099	XM_030928592.1	100.000	21	0	0	1	21	581	561	2.0	39.2
Query_14099	XM_010369756.2	100.000	21	0	0	1	21	604	584	2.0	39.2
Query_14099	XM_010369755.2	100.000	21	0	0	1	21	463	443	2.0	39.2
Query_14099	XM_010369754.2	100.000	21	0	0	1	21	643	623	2.0	39.2
Query_14099	XM_010369752.2	100.000	21	0	0	1	21	502	482	2.0	39.2
Query_14099	XM_030795985.1	100.000	21	0	0	1	21	458	438	2.0	39.2
Query_14099	XM_030795984.1	100.000	21	0	0	1	21	549	529	2.0	39.2
Query_14099	XM_030795983.1	100.000	21	0	0	1	21	585	565	2.0	39.2
Query_14099	XM_030795982.1	100.000	21	0	0	1	21	503	483	2.0	39.2
Query_14099	XM_028847511.1	100.000	21	0	0	1	21	395	375	2.0	39.2
Query_14099	XM_028847510.1	100.000	21	0	0	1	21	574	554	2.0	39.2
Query_14099	XM_028847509.1	100.000	21	0	0	1	21	538	518	2.0	39.2
Query_14099	XM_015136438.2	100.000	21	0	0	1	21	510	490	2.0	39.2
Query_14099	XM_015136440.2	100.000	21	0	0	1	21	614	594	2.0	39.2
Query_14099	NM_018426.3	100.000	21	0	0	1	21	509	489	2.0	39.2
Query_14099	XM_026394499.1	100.000	21	0	0	1	21	444	424	2.0	39.2
Query_14099	XM_026394498.1	100.000	21	0	0	1	21	472	452	2.0	39.2
Query_14099	XM_026394497.1	100.000	21	0	0	1	21	503	483	2.0	39.2
Query_14099	XM_025383334.1	100.000	21	0	0	1	21	556	536	2.0	39.2
Query_14099	XM_025383333.1	100.000	21	0	0	1	21	543	523	2.0	39.2
Query_14099	XM_025383332.1	100.000	21	0	0	1	21	503	483	2.0	39.2
Query_14099	XM_011754408.2	100.000	21	0	0	1	21	581	561	2.0	39.2
Query_14099	XM_011754410.2	100.000	21	0	0	1	21	439	419	2.0	39.2
Query_14099	XM_011754409.2	100.000	21	0	0	1	21	432	412	2.0	39.2
Query_14099	XM_024795278.1	100.000	21	0	0	1	21	538	518	2.0	39.2
Query_14099	XM_011754407.2	100.000	21	0	0	1	21	504	484	2.0	39.2
Query_14099	XR_001743506.2	100.000	21	0	0	1	21	889	869	2.0	39.2
Query_14099	XM_024446482.1	100.000	21	0	0	1	21	777	757	2.0	39.2
Query_14099	XM_009451354.3	100.000	21	0	0	1	21	581	561	2.0	39.2
Query_14099	XM_016955600.2	100.000	21	0	0	1	21	550	530	2.0	39.2
Query_14099	XM_016955605.2	100.000	21	0	0	1	21	730	710	2.0	39.2
Query_14099	XM_024357229.1	100.000	21	0	0	1	21	447	427	2.0	39.2
Query_14099	XM_016955604.2	100.000	21	0	0	1	21	560	540	2.0	39.2
Query_14099	XM_016955603.2	100.000	21	0	0	1	21	770	750	2.0	39.2
Query_14099	XM_016955602.2	100.000	21	0	0	1	21	503	483	2.0	39.2
Query_14099	XM_016955601.2	100.000	21	0	0	1	21	839	819	2.0	39.2
Query_14099	XM_023543365.1	100.000	21	0	0	1	21	624	604	2.0	39.2
Query_14099	XM_012804842.2	100.000	21	0	0	1	21	451	431	2.0	39.2
Query_14099	XM_023512831.1	100.000	21	0	0	1	21	535	515	2.0	39.2
Query_14099	XM_023212909.1	100.000	21	0	0	1	21	518	498	2.0	39.2
Query_14099	XM_012448751.2	100.000	21	0	0	1	21	392	372	2.0	39.2
Query_14099	XM_021676053.1	100.000	21	0	0	1	21	529	509	2.0	39.2
Query_14099	XM_020157181.1	100.000	21	0	0	1	21	1184	1164	2.0	39.2
Query_14099	XM_039466881.1	100.000	21	0	0	1	21	633	613	2.0	39.2
Query_14099	XM_010333936.2	100.000	21	0	0	1	21	683	663	2.0	39.2
Query_14099	XM_039466875.1	100.000	21	0	0	1	21	509	489	2.0	39.2
Query_14099	XM_007972423.2	100.000	21	0	0	1	21	581	561	2.0	39.2
Query_14099	XM_038006128.1	100.000	21	0	0	1	21	606	586	2.0	39.2
Query_14099	XM_038006127.1	100.000	21	0	0	1	21	502	482	2.0	39.2
Query_14099	XM_007972424.2	100.000	21	0	0	1	21	645	625	2.0	39.2
Query_14099	XM_007972422.2	100.000	21	0	0	1	21	541	521	2.0	39.2
Query_14099	XM_017547408.2	100.000	21	0	0	1	21	488	468	2.0	39.2
Query_14099	XM_037745344.1	100.000	21	0	0	1	21	560	540	2.0	39.2
Query_14099	XM_017547404.2	100.000	21	0	0	1	21	529	509	2.0	39.2
Query_14099	XM_017547403.2	100.000	21	0	0	1	21	586	566	2.0	39.2
Query_14099	XM_017547402.2	100.000	21	0	0	1	21	504	484	2.0	39.2
Query_14099	XM_036414075.1	100.000	21	0	0	1	21	527	507	2.0	39.2
Query_14099	XM_036414074.1	100.000	21	0	0	1	21	487	467	2.0	39.2
Query_14099	XM_036414072.1	100.000	21	0	0	1	21	588	568	2.0	39.2
Query_14099	XM_036414071.1	100.000	21	0	0	1	21	526	506	2.0	39.2
Query_14099	XM_036218441.1	100.000	21	0	0	1	21	517	497	2.0	39.2
Query_14099	XM_036218439.1	100.000	21	0	0	1	21	638	618	2.0	39.2
Query_14099	XM_016128649.2	100.000	21	0	0	1	21	490	470	2.0	39.2
Query_14099	XM_016128651.2	100.000	21	0	0	1	21	478	458	2.0	39.2
Query_14099	XM_016128648.2	100.000	21	0	0	1	21	517	497	2.0	39.2
Query_14099	XM_035295753.1	100.000	21	0	0	1	21	653	633	2.0	39.2
Query_14099	XM_035295752.1	100.000	21	0	0	1	21	489	469	2.0	39.2
Query_14099	XM_035295750.1	100.000	21	0	0	1	21	689	669	2.0	39.2
Query_14099	XM_035295749.1	100.000	21	0	0	1	21	519	499	2.0	39.2
Query_14099	XM_035295748.1	100.000	21	0	0	1	21	533	513	2.0	39.2
Query_14099	XM_035295747.1	100.000	21	0	0	1	21	563	543	2.0	39.2
Query_14099	XM_035295746.1	100.000	21	0	0	1	21	688	668	2.0	39.2
Query_14099	XM_035295745.1	100.000	21	0	0	1	21	538	518	2.0	39.2


