# blastn
# Iteration: 0
# Query: 
# RID: 6X293X48016
# Database: nt
# Fields: query acc.ver, subject acc.ver, % identity, alignment length, mismatches, gap opens, q. start, q. end, s. start, s. end, evalue, bit score
# 100 hits found
Query_10539	XM_034987846.1	100.000	21	0	0	1	21	529	509	2.1	39.2
Query_10539	XM_035027346.1	100.000	21	0	0	1	21	1652	1632	2.1	39.2
Query_10539	XM_035018911.1	100.000	21	0	0	1	21	464	444	2.1	39.2
Query_10539	XM_035017486.1	100.000	21	0	0	1	21	415	395	2.1	39.2
Query_10539	XM_034934228.1	100.000	21	0	0	1	21	556	536	2.1	39.2
Query_10539	XM_011234308.3	100.000	21	0	0	1	21	643	623	2.1	39.2
Query_10539	XM_034516517.1	100.000	21	0	0	1	21	436	416	2.1	39.2
Query_10539	XM_033852661.1	100.000	21	0	0	1	21	451	431	2.1	39.2
Query_10539	XM_019952685.2	100.000	21	0	0	1	21	526	506	2.1	39.2
Query_10539	XM_004269543.2	100.000	21	0	0	1	21	526	506	2.1	39.2
Query_10539	CP050593.1	100.000	21	0	0	1	21	37585795	37585815	2.1	39.2
Query_10539	CP050591.1	100.000	21	0	0	1	21	41951321	41951341	2.1	39.2
Query_10539	CP050590.1	100.000	21	0	0	1	21	33083125	33083145	2.1	39.2
Query_10539	XM_040491239.1	100.000	21	0	0	1	21	572	552	2.1	39.2
Query_10539	XM_005335534.4	100.000	21	0	0	1	21	455	435	2.1	39.2
Query_10539	HG994418.1	100.000	21	0	0	1	21	23852379	23852359	2.1	39.2
Query_10539	HG994412.1	100.000	21	0	0	1	21	35367846	35367866	2.1	39.2
Query_10539	HG994406.1	100.000	21	0	0	1	21	33877502	33877522	2.1	39.2
Query_10539	HG994395.1	100.000	21	0	0	1	21	35168289	35168309	2.1	39.2
Query_10539	HG994394.1	100.000	21	0	0	1	21	23149664	23149644	2.1	39.2
Query_10539	HG994393.1	100.000	21	0	0	1	21	43965241	43965261	2.1	39.2
Query_10539	HG994388.1	100.000	21	0	0	1	21	10477690	10477670	2.1	39.2
Query_10539	HG994386.1	100.000	21	0	0	1	21	19075859	19075839	2.1	39.2
Query_10539	XM_039869043.1	100.000	21	0	0	1	21	555	535	2.1	39.2
Query_10539	XM_039471644.1	100.000	21	0	0	1	21	775	755	2.1	39.2
Query_10539	XM_039471339.1	100.000	21	0	0	1	21	447	427	2.1	39.2
Query_10539	NG_030475.3	100.000	21	0	0	1	21	572	552	2.1	39.2
Query_10539	XM_039225835.1	100.000	21	0	0	1	21	226	206	2.1	39.2
Query_10539	XM_039238873.1	100.000	21	0	0	1	21	477	457	2.1	39.2
Query_10539	XM_039236607.1	100.000	21	0	0	1	21	503	483	2.1	39.2
Query_10539	XM_038677314.1	100.000	21	0	0	1	21	431	411	2.1	39.2
Query_10539	XM_038662699.1	100.000	21	0	0	1	21	967	947	2.1	39.2
Query_10539	XM_038447501.1	100.000	21	0	0	1	21	542	522	2.1	39.2
Query_10539	XM_038441557.1	100.000	21	0	0	1	21	446	426	2.1	39.2
Query_10539	XM_038680268.1	100.000	21	0	0	1	21	463	443	2.1	39.2
Query_10539	XM_003435294.4	100.000	21	0	0	1	21	431	411	2.1	39.2
Query_10539	XM_003434540.5	100.000	21	0	0	1	21	972	952	2.1	39.2
Query_10539	XM_038463572.1	100.000	21	0	0	1	21	542	522	2.1	39.2
Query_10539	XM_014109332.3	100.000	21	0	0	1	21	446	426	2.1	39.2
Query_10539	XM_038644474.1	100.000	21	0	0	1	21	457	437	2.1	39.2
Query_10539	XM_007992884.2	100.000	21	0	0	1	21	415	395	2.1	39.2
Query_10539	XM_038008386.1	100.000	21	0	0	1	21	449	429	2.1	39.2
Query_10539	XM_007993861.2	100.000	21	0	0	1	21	420	400	2.1	39.2
Query_10539	XM_008004246.2	100.000	21	0	0	1	21	776	756	2.1	39.2
Query_10539	XM_008000263.2	100.000	21	0	0	1	21	1210	1190	2.1	39.2
Query_10539	XM_037822839.1	100.000	21	0	0	1	21	415	395	2.1	39.2
Query_10539	XM_037846925.1	100.000	21	0	0	1	21	529	509	2.1	39.2
Query_10539	XM_037799864.1	100.000	21	0	0	1	21	953	933	2.1	39.2
Query_10539	XM_037799643.1	100.000	21	0	0	1	21	415	395	2.1	39.2
Query_10539	XM_017502871.2	100.000	21	0	0	1	21	446	426	2.1	39.2
Query_10539	XM_017541827.2	100.000	21	0	0	1	21	441	421	2.1	39.2
Query_10539	XM_017537894.2	100.000	21	0	0	1	21	473	453	2.1	39.2
Query_10539	XM_017534874.2	100.000	21	0	0	1	21	450	430	2.1	39.2
Query_10539	XM_037522123.1	100.000	21	0	0	1	21	535	515	2.1	39.2
Query_10539	XM_037513877.1	100.000	21	0	0	1	21	584	564	2.1	39.2
Query_10539	XM_037146140.1	100.000	21	0	0	1	21	603	583	2.1	39.2
Query_10539	XM_037064672.1	100.000	21	0	0	1	21	602	582	2.1	39.2
Query_10539	XM_037023059.1	100.000	21	0	0	1	21	567	547	2.1	39.2
Query_10539	XM_036891225.1	100.000	21	0	0	1	21	586	566	2.1	39.2
Query_10539	XM_036852158.1	100.000	21	0	0	1	21	412	392	2.1	39.2
Query_10539	XM_036852157.1	100.000	21	0	0	1	21	439	419	2.1	39.2
Query_10539	XR_004991539.1	100.000	21	0	0	1	21	605	585	2.1	39.2
Query_10539	XM_036458685.1	100.000	21	0	0	1	21	602	582	2.1	39.2
Query_10539	XM_036302016.1	100.000	21	0	0	1	21	437	417	2.1	39.2
Query_10539	XM_036297571.1	100.000	21	0	0	1	21	600	580	2.1	39.2
Query_10539	XR_004965807.1	100.000	21	0	0	1	21	600	580	2.1	39.2
Query_10539	XM_036297570.1	100.000	21	0	0	1	21	593	573	2.1	39.2
Query_10539	XM_036252541.1	100.000	21	0	0	1	21	507	487	2.1	39.2
Query_10539	XM_016157625.2	100.000	21	0	0	1	21	526	506	2.1	39.2
Query_10539	XM_006514344.5	100.000	21	0	0	1	21	749	729	2.1	39.2
Query_10539	XM_036079636.1	100.000	21	0	0	1	21	436	416	2.1	39.2
Query_10539	XR_004911609.1	100.000	21	0	0	1	21	530	510	2.1	39.2
Query_10539	XM_036077454.1	100.000	21	0	0	1	21	548	528	2.1	39.2
Query_10539	LR877242.1	100.000	21	0	0	1	21	18522259	18522239	2.1	39.2
Query_10539	LR877226.1	100.000	21	0	0	1	21	44776657	44776677	2.1	39.2
Query_10539	LR877217.1	100.000	21	0	0	1	21	46171705	46171685	2.1	39.2
Query_10539	XM_025433563.2	100.000	21	0	0	1	21	438	418	2.1	39.2
Query_10539	XM_025449079.2	100.000	21	0	0	1	21	461	441	2.1	39.2
Query_10539	XM_035699157.1	100.000	21	0	0	1	21	578	558	2.1	39.2
Query_10539	XM_025438793.2	100.000	21	0	0	1	21	566	546	2.1	39.2
Query_10539	XR_004805211.1	100.000	21	0	0	1	21	3451	3431	2.1	39.2
Query_10539	XM_025440401.2	100.000	21	0	0	1	21	431	411	2.1	39.2
Query_10539	XM_025435197.2	100.000	21	0	0	1	21	963	943	2.1	39.2
Query_10539	XM_025422512.2	100.000	21	0	0	1	21	480	460	2.1	39.2
Query_10539	XM_035729226.1	100.000	21	0	0	1	21	558	538	2.1	39.2
Query_10539	XM_035728332.1	100.000	21	0	0	1	21	559	539	2.1	39.2
Query_10539	XM_035727297.1	100.000	21	0	0	1	21	442	422	2.1	39.2
Query_10539	XM_027590249.2	100.000	21	0	0	1	21	519	499	2.1	39.2
Query_10539	XM_035726302.1	100.000	21	0	0	1	21	442	422	2.1	39.2
Query_10539	XM_027616597.2	100.000	21	0	0	1	21	415	395	2.1	39.2
Query_10539	XM_027616116.2	100.000	21	0	0	1	21	570	550	2.1	39.2
Query_10539	XM_035722137.1	100.000	21	0	0	1	21	457	437	2.1	39.2
Query_10539	XM_035724634.1	100.000	21	0	0	1	21	466	446	2.1	39.2
Query_10539	LR862373.1	100.000	21	0	0	1	21	11564686	11564666	2.1	39.2
Query_10539	XM_027030760.2	100.000	21	0	0	1	21	493	473	2.1	39.2
Query_10539	XM_009004044.4	100.000	21	0	0	1	21	486	466	2.1	39.2
Query_10539	XM_009004364.3	100.000	21	0	0	1	21	494	474	2.1	39.2
Query_10539	XM_009002552.3	100.000	21	0	0	1	21	448	428	2.1	39.2
Query_10539	XM_002751685.5	100.000	21	0	0	1	21	479	459	2.1	39.2
Query_10539	XM_035280129.1	100.000	21	0	0	1	21	444	424	2.1	39.2


