# blastn
# Iteration: 0
# Query: 
# RID: 7JEUA6X6016
# Database: nt
# Fields: query acc.ver, subject acc.ver, % identity, alignment length, mismatches, gap opens, q. start, q. end, s. start, s. end, evalue, bit score
# 26 hits found
Query_39695	CP050586.1	100.000	21	0	0	1	21	18417063	18417083	2.1	39.2
Query_39695	CP050622.1	100.000	21	0	0	1	21	17632600	17632620	2.1	39.2
Query_39695	NM_018426.3	100.000	21	0	0	1	21	1689	1669	2.1	39.2
Query_39695	XR_001743506.2	100.000	21	0	0	1	21	2069	2049	2.1	39.2
Query_39695	XM_024446482.1	100.000	21	0	0	1	21	1957	1937	2.1	39.2
Query_39695	XM_017011002.1	100.000	21	0	0	1	21	1730	1710	2.1	39.2
Query_39695	XM_017011001.1	100.000	21	0	0	1	21	1627	1607	2.1	39.2
Query_39695	XM_005249215.4	100.000	21	0	0	1	21	1888	1868	2.1	39.2
Query_39695	XM_005249214.4	100.000	21	0	0	1	21	1583	1563	2.1	39.2
Query_39695	XM_017011000.1	100.000	21	0	0	1	21	1927	1907	2.1	39.2
Query_39695	XM_005249213.4	100.000	21	0	0	1	21	1996	1976	2.1	39.2
Query_39695	XM_017010999.1	100.000	21	0	0	1	21	1946	1926	2.1	39.2
Query_39695	XM_005249211.3	100.000	21	0	0	1	21	2069	2049	2.1	39.2
Query_39695	NM_001318792.1	100.000	21	0	0	1	21	1723	1703	2.1	39.2
Query_39695	XM_006715135.1	100.000	21	0	0	1	21	1745	1725	2.1	39.2
Query_39695	XM_005249217.1	100.000	21	0	0	1	21	1761	1741	2.1	39.2
Query_39695	HG994389.1	100.000	21	0	0	1	21	17251751	17251771	2.1	39.2
Query_39695	AB587502.1	100.000	21	0	0	1	21	1549	1529	2.1	39.2
Query_39695	BC136769.1	100.000	21	0	0	1	21	1565	1545	2.1	39.2
Query_39695	BC062989.1	100.000	21	0	0	1	21	515	495	2.1	39.2
Query_39695	BC022095.1	100.000	21	0	0	1	21	1326	1306	2.1	39.2
Query_39695	AL365192.22	100.000	21	0	0	1	21	30524	30504	2.1	39.2
Query_39695	CR627460.1	100.000	21	0	0	1	21	1726	1706	2.1	39.2
Query_39695	AL834238.1	100.000	21	0	0	1	21	987	967	2.1	39.2
Query_39695	AL353957.1	100.000	21	0	0	1	21	147	127	2.1	39.2
Query_39695	BC093086.1	100.000	21	0	0	1	21	1370	1350	2.1	39.2


