# blastn
# Iteration: 0
# Query: 
# RID: 7R000YJD01R
# Database: nt
# Fields: query acc.ver, subject acc.ver, % identity, alignment length, mismatches, gap opens, q. start, q. end, s. start, s. end, evalue, bit score
# 41 hits found
Query_322733	XM_008951835.2	100.000	21	0	0	1	21	835	815	2.1	39.2
Query_322733	XM_003826427.2	100.000	21	0	0	1	21	482	462	2.1	39.2
Query_322733	XM_033203867.1	100.000	21	0	0	1	21	645	625	2.1	39.2
Query_322733	XR_004435622.1	100.000	21	0	0	1	21	569	549	2.1	39.2
Query_322733	XM_033203866.1	100.000	21	0	0	1	21	569	549	2.1	39.2
Query_322733	XM_032152921.1	100.000	21	0	0	1	21	845	825	2.1	39.2
Query_322733	XM_032152920.1	100.000	21	0	0	1	21	611	591	2.1	39.2
Query_322733	XM_030918055.1	100.000	21	0	0	1	21	646	626	2.1	39.2
Query_322733	XM_010353396.2	100.000	21	0	0	1	21	541	521	2.1	39.2
Query_322733	XM_003275313.3	100.000	21	0	0	1	21	611	591	2.1	39.2
Query_322733	NM_004223.5	100.000	21	0	0	1	21	446	426	2.1	39.2
Query_322733	XM_521987.5	100.000	21	0	0	1	21	481	461	2.1	39.2
Query_322733	XM_009246347.2	100.000	21	0	0	1	21	299	279	2.1	39.2
Query_322733	XM_009246345.2	100.000	21	0	0	1	21	840	820	2.1	39.2
Query_322733	XM_003777762.3	100.000	21	0	0	1	21	483	463	2.1	39.2
Query_322733	XM_009246344.2	100.000	21	0	0	1	21	647	627	2.1	39.2
Query_322733	LT736766.1	100.000	21	0	0	1	21	872	852	2.1	39.2
Query_322733	XM_004051168.2	100.000	21	0	0	1	21	842	822	2.1	39.2
Query_322733	XM_004051167.2	100.000	21	0	0	1	21	475	455	2.1	39.2
Query_322733	XM_017851370.1	100.000	21	0	0	1	21	568	548	2.1	39.2
Query_322733	XM_003317981.4	100.000	21	0	0	1	21	838	818	2.1	39.2
Query_322733	XM_003275314.3	100.000	21	0	0	1	21	839	819	2.1	39.2
Query_322733	XR_001004203.1	100.000	21	0	0	1	21	416	396	2.1	39.2
Query_322733	XM_011963414.1	100.000	21	0	0	1	21	416	396	2.1	39.2
Query_322733	KJ892727.1	100.000	21	0	0	1	21	450	430	2.1	39.2
Query_322733	NM_198183.3	100.000	21	0	0	1	21	445	425	2.1	39.2
Query_322733	CU689397.1	100.000	21	0	0	1	21	93	113	2.1	39.2
Query_322733	AK315755.1	100.000	21	0	0	1	21	400	380	2.1	39.2
Query_322733	DQ894475.2	100.000	21	0	0	1	21	407	387	2.1	39.2
Query_322733	DQ891291.2	100.000	21	0	0	1	21	407	387	2.1	39.2
Query_322733	AK226165.1	100.000	21	0	0	1	21	535	515	2.1	39.2
Query_322733	AK093462.1	100.000	21	0	0	1	21	794	774	2.1	39.2
Query_322733	CR457126.1	100.000	21	0	0	1	21	385	365	2.1	39.2
Query_322733	AK129621.1	100.000	21	0	0	1	21	352	332	2.1	39.2
Query_322733	BC032491.1	100.000	21	0	0	1	21	481	461	2.1	39.2
Query_322733	AP002893.3	100.000	21	0	0	1	21	122932	122952	2.1	39.2
Query_322733	AJ243271.1	100.000	21	0	0	1	21	75	55	2.1	39.2
Query_322733	AF061736.1	100.000	21	0	0	1	21	432	412	2.1	39.2
Query_322733	AF031141.1	100.000	21	0	0	1	21	382	362	2.1	39.2
Query_322733	XM_016203315.1	100.000	20	0	0	2	21	762	743	7.3	37.4
Query_322733	XM_016203314.1	100.000	20	0	0	2	21	1334	1315	7.3	37.4


