# blastn
# Iteration: 0
# Query: 
# RID: 6XDFY7C1016
# Database: nt
# Fields: query acc.ver, subject acc.ver, % identity, alignment length, mismatches, gap opens, q. start, q. end, s. start, s. end, evalue, bit score
# 100 hits found
Query_14393	XM_034950155.1	100.000	21	0	0	1	21	549	529	2.1	39.2
Query_14393	XM_003823547.3	100.000	21	0	0	1	21	737	717	2.1	39.2
Query_14393	XM_003823548.3	100.000	21	0	0	1	21	875	855	2.1	39.2
Query_14393	XM_034954600.1	100.000	21	0	0	1	21	891	871	2.1	39.2
Query_14393	XM_034637349.1	100.000	21	0	0	1	21	521	501	2.1	39.2
Query_14393	XM_033946275.1	100.000	21	0	0	1	21	772	752	2.1	39.2
Query_14393	XM_033946274.1	100.000	21	0	0	1	21	1125	1105	2.1	39.2
Query_14393	XM_010636794.3	100.000	21	0	0	1	21	826	806	2.1	39.2
Query_14393	XM_032783815.1	100.000	21	0	0	1	21	599	579	2.1	39.2
Query_14393	XM_032783814.1	100.000	21	0	0	1	21	868	848	2.1	39.2
Query_14393	XM_032755250.1	100.000	21	0	0	1	21	894	874	2.1	39.2
Query_14393	XM_032755249.1	100.000	21	0	0	1	21	876	856	2.1	39.2
Query_14393	XM_032755248.1	100.000	21	0	0	1	21	595	575	2.1	39.2
Query_14393	XM_032292780.1	100.000	21	0	0	1	21	542	522	2.1	39.2
Query_14393	XM_032292779.1	100.000	21	0	0	1	21	542	522	2.1	39.2
Query_14393	XM_032292777.1	100.000	21	0	0	1	21	876	856	2.1	39.2
Query_14393	XM_032292776.1	100.000	21	0	0	1	21	877	857	2.1	39.2
Query_14393	XR_004272493.1	100.000	21	0	0	1	21	564	544	2.1	39.2
Query_14393	XM_031960378.1	100.000	21	0	0	1	21	597	577	2.1	39.2
Query_14393	XM_031960377.1	100.000	21	0	0	1	21	600	580	2.1	39.2
Query_14393	XM_031960376.1	100.000	21	0	0	1	21	605	585	2.1	39.2
Query_14393	XM_031960375.1	100.000	21	0	0	1	21	882	862	2.1	39.2
Query_14393	XM_031960374.1	100.000	21	0	0	1	21	935	915	2.1	39.2
Query_14393	LR738626.1	100.000	21	0	0	1	21	24581532	24581512	2.1	39.2
Query_14393	XR_002004173.2	100.000	21	0	0	1	21	615	595	2.1	39.2
Query_14393	XM_019022682.2	100.000	21	0	0	1	21	880	860	2.1	39.2
Query_14393	XM_019022681.2	100.000	21	0	0	1	21	876	856	2.1	39.2
Query_14393	XM_031008716.1	100.000	21	0	0	1	21	954	934	2.1	39.2
Query_14393	XM_003253799.3	100.000	21	0	0	1	21	897	877	2.1	39.2
Query_14393	XM_030802719.1	100.000	21	0	0	1	21	770	750	2.1	39.2
Query_14393	XM_030802718.1	100.000	21	0	0	1	21	960	940	2.1	39.2
Query_14393	XM_030580627.1	100.000	21	0	0	1	21	856	836	2.1	39.2
Query_14393	XM_030209481.1	100.000	21	0	0	1	21	724	704	2.1	39.2
Query_14393	XM_030189428.1	100.000	21	0	0	1	21	261	241	2.1	39.2
Query_14393	XM_024204025.3	100.000	21	0	0	1	21	929	909	2.1	39.2
Query_14393	XM_024204024.3	100.000	21	0	0	1	21	723	703	2.1	39.2
Query_14393	XM_029605916.1	100.000	21	0	0	1	21	843	823	2.1	39.2
Query_14393	XM_029605914.1	100.000	21	0	0	1	21	829	809	2.1	39.2
Query_14393	NM_006357.4	100.000	21	0	0	1	21	895	875	2.1	39.2
Query_14393	XM_024204023.2	100.000	21	0	0	1	21	872	852	2.1	39.2
Query_14393	XM_026392003.1	100.000	21	0	0	1	21	699	679	2.1	39.2
Query_14393	XM_026392002.1	100.000	21	0	0	1	21	687	667	2.1	39.2
Query_14393	XM_026392001.1	100.000	21	0	0	1	21	713	693	2.1	39.2
Query_14393	XM_026392000.1	100.000	21	0	0	1	21	914	894	2.1	39.2
Query_14393	XM_027943988.1	100.000	21	0	0	1	21	883	863	2.1	39.2
Query_14393	XM_027865661.1	100.000	21	0	0	1	21	604	584	2.1	39.2
Query_14393	XM_027865660.1	100.000	21	0	0	1	21	592	572	2.1	39.2
Query_14393	XM_027865659.1	100.000	21	0	0	1	21	611	591	2.1	39.2
Query_14393	XM_027865658.1	100.000	21	0	0	1	21	754	734	2.1	39.2
Query_14393	XM_006151632.3	100.000	21	0	0	1	21	656	636	2.1	39.2
Query_14393	XM_025210571.1	100.000	21	0	0	1	21	618	598	2.1	39.2
Query_14393	XM_014522484.2	100.000	21	0	0	1	21	849	829	2.1	39.2
Query_14393	XM_006029118.3	100.000	21	0	0	1	21	724	704	2.1	39.2
Query_14393	XM_006029117.3	100.000	21	0	0	1	21	921	901	2.1	39.2
Query_14393	XM_014522482.2	100.000	21	0	0	1	21	866	846	2.1	39.2
Query_14393	XM_006121691.3	100.000	21	0	0	1	21	619	599	2.1	39.2
Query_14393	XR_676614.3	100.000	21	0	0	1	21	702	682	2.1	39.2
Query_14393	XM_016950121.2	100.000	21	0	0	1	21	917	897	2.1	39.2
Query_14393	XR_653383.2	100.000	21	0	0	1	21	601	581	2.1	39.2
Query_14393	XM_024243530.1	100.000	21	0	0	1	21	576	556	2.1	39.2
Query_14393	XM_002812643.4	100.000	21	0	0	1	21	875	855	2.1	39.2
Query_14393	XM_002812644.4	100.000	21	0	0	1	21	876	856	2.1	39.2
Query_14393	XM_040294550.1	100.000	21	0	0	1	21	528	508	2.1	39.2
Query_14393	XM_021725967.2	100.000	21	0	0	1	21	858	838	2.1	39.2
Query_14393	XM_040294549.1	100.000	21	0	0	1	21	776	756	2.1	39.2
Query_14393	XM_040294548.1	100.000	21	0	0	1	21	962	942	2.1	39.2
Query_14393	XM_039495191.1	100.000	21	0	0	1	21	533	513	2.1	39.2
Query_14393	XM_039495190.1	100.000	21	0	0	1	21	625	605	2.1	39.2
Query_14393	XM_039495189.1	100.000	21	0	0	1	21	648	628	2.1	39.2
Query_14393	XM_039495187.1	100.000	21	0	0	1	21	918	898	2.1	39.2
Query_14393	XM_039495186.1	100.000	21	0	0	1	21	888	868	2.1	39.2
Query_14393	XM_010351541.2	100.000	21	0	0	1	21	877	857	2.1	39.2
Query_14393	XM_039469988.1	100.000	21	0	0	1	21	957	937	2.1	39.2
Query_14393	XM_038422435.1	100.000	21	0	0	1	21	604	584	2.1	39.2
Query_14393	XM_038422434.1	100.000	21	0	0	1	21	1114	1094	2.1	39.2
Query_14393	XM_038422433.1	100.000	21	0	0	1	21	1007	987	2.1	39.2
Query_14393	XM_038422432.1	100.000	21	0	0	1	21	948	928	2.1	39.2
Query_14393	XM_027831903.2	100.000	21	0	0	1	21	667	647	2.1	39.2
Query_14393	XM_037912406.1	100.000	21	0	0	1	21	871	851	2.1	39.2
Query_14393	XM_007069768.3	100.000	21	0	0	1	21	889	869	2.1	39.2
Query_14393	XM_027831901.2	100.000	21	0	0	1	21	768	748	2.1	39.2
Query_14393	XM_037849091.1	100.000	21	0	0	1	21	707	687	2.1	39.2
Query_14393	XM_037849090.1	100.000	21	0	0	1	21	669	649	2.1	39.2
Query_14393	XM_037849089.1	100.000	21	0	0	1	21	907	887	2.1	39.2
Query_14393	XM_037844356.1	100.000	21	0	0	1	21	501	481	2.1	39.2
Query_14393	XM_037839205.1	100.000	21	0	0	1	21	531	511	2.1	39.2
Query_14393	XM_037735836.1	100.000	21	0	0	1	21	516	496	2.1	39.2
Query_14393	XM_017532745.2	100.000	21	0	0	1	21	947	927	2.1	39.2
Query_14393	XM_017532744.2	100.000	21	0	0	1	21	877	857	2.1	39.2
Query_14393	XM_017532743.2	100.000	21	0	0	1	21	956	936	2.1	39.2
Query_14393	XM_036745446.1	100.000	21	0	0	1	21	774	754	2.1	39.2
Query_14393	XM_036745445.1	100.000	21	0	0	1	21	581	561	2.1	39.2
Query_14393	XM_036745444.1	100.000	21	0	0	1	21	826	806	2.1	39.2
Query_14393	XM_036745443.1	100.000	21	0	0	1	21	976	956	2.1	39.2
Query_14393	XM_036497857.1	100.000	21	0	0	1	21	447	427	2.1	39.2
Query_14393	NM_182678.3	100.000	21	0	0	1	21	745	725	2.1	39.2
Query_14393	NM_001278554.2	100.000	21	0	0	1	21	946	926	2.1	39.2
Query_14393	NM_001278555.2	100.000	21	0	0	1	21	713	693	2.1	39.2
Query_14393	XM_003733157.3	100.000	21	0	0	1	21	872	852	2.1	39.2
Query_14393	XM_035304362.1	100.000	21	0	0	1	21	1014	994	2.1	39.2


