# blastn
# Iteration: 0
# Query: 
# RID: 7PR18G3Z013
# Database: nt
# Fields: query acc.ver, subject acc.ver, % identity, alignment length, mismatches, gap opens, q. start, q. end, s. start, s. end, evalue, bit score
# 100 hits found
Query_60331	XM_034967007.1	100.000	21	0	0	1	21	223	203	2.1	39.2
Query_60331	XM_008966038.2	100.000	21	0	0	1	21	763	743	2.1	39.2
Query_60331	XM_003813487.3	100.000	21	0	0	1	21	853	833	2.1	39.2
Query_60331	XM_034519060.1	100.000	21	0	0	1	21	870	850	2.1	39.2
Query_60331	XM_019924064.2	100.000	21	0	0	1	21	861	841	2.1	39.2
Query_60331	XM_004272203.3	100.000	21	0	0	1	21	868	848	2.1	39.2
Query_60331	XM_033193636.1	100.000	21	0	0	1	21	251	231	2.1	39.2
Query_60331	XM_033193634.1	100.000	21	0	0	1	21	372	352	2.1	39.2
Query_60331	XM_033193633.1	100.000	21	0	0	1	21	782	762	2.1	39.2
Query_60331	XM_040471984.1	100.000	21	0	0	1	21	795	775	2.1	39.2
Query_60331	XM_040471983.1	100.000	21	0	0	1	21	838	818	2.1	39.2
Query_60331	XM_040471982.1	100.000	21	0	0	1	21	886	866	2.1	39.2
Query_60331	XM_040471981.1	100.000	21	0	0	1	21	487	467	2.1	39.2
Query_60331	XM_040471980.1	100.000	21	0	0	1	21	929	909	2.1	39.2
Query_60331	XM_021730378.2	100.000	21	0	0	1	21	421	401	2.1	39.2
Query_60331	XM_021730377.2	100.000	21	0	0	1	21	811	791	2.1	39.2
Query_60331	XM_005331109.4	100.000	21	0	0	1	21	899	879	2.1	39.2
Query_60331	XM_040259625.1	100.000	21	0	0	1	21	322	302	2.1	39.2
Query_60331	XM_040259624.1	100.000	21	0	0	1	21	480	460	2.1	39.2
Query_60331	XM_040259623.1	100.000	21	0	0	1	21	503	483	2.1	39.2
Query_60331	XM_040259622.1	100.000	21	0	0	1	21	879	859	2.1	39.2
Query_60331	XM_039860867.1	100.000	21	0	0	1	21	557	537	2.1	39.2
Query_60331	XM_039860866.1	100.000	21	0	0	1	21	790	770	2.1	39.2
Query_60331	XM_039860865.1	100.000	21	0	0	1	21	881	861	2.1	39.2
Query_60331	XM_003921004.3	100.000	21	0	0	1	21	856	836	2.1	39.2
Query_60331	XM_039242784.1	100.000	21	0	0	1	21	778	758	2.1	39.2
Query_60331	XM_039242778.1	100.000	21	0	0	1	21	870	850	2.1	39.2
Query_60331	XM_038686153.1	100.000	21	0	0	1	21	781	761	2.1	39.2
Query_60331	XM_038686152.1	100.000	21	0	0	1	21	519	499	2.1	39.2
Query_60331	XM_038686151.1	100.000	21	0	0	1	21	867	847	2.1	39.2
Query_60331	XM_005628390.4	100.000	21	0	0	1	21	781	761	2.1	39.2
Query_60331	XM_022427231.2	100.000	21	0	0	1	21	519	499	2.1	39.2
Query_60331	XM_852326.6	100.000	21	0	0	1	21	867	847	2.1	39.2
Query_60331	XM_007982899.2	100.000	21	0	0	1	21	861	841	2.1	39.2
Query_60331	XM_037836169.1	100.000	21	0	0	1	21	1339	1319	2.1	39.2
Query_60331	XM_037836168.1	100.000	21	0	0	1	21	785	765	2.1	39.2
Query_60331	XM_037836167.1	100.000	21	0	0	1	21	878	858	2.1	39.2
Query_60331	XM_037836166.1	100.000	21	0	0	1	21	975	955	2.1	39.2
Query_60331	XM_037739999.1	100.000	21	0	0	1	21	326	306	2.1	39.2
Query_60331	XM_017532568.2	100.000	21	0	0	1	21	441	421	2.1	39.2
Query_60331	XM_017532567.2	100.000	21	0	0	1	21	763	743	2.1	39.2
Query_60331	XM_017532566.2	100.000	21	0	0	1	21	854	834	2.1	39.2
Query_60331	XM_037513136.1	100.000	21	0	0	1	21	372	352	2.1	39.2
Query_60331	XM_037513130.1	100.000	21	0	0	1	21	325	305	2.1	39.2
Query_60331	XM_037513121.1	100.000	21	0	0	1	21	467	447	2.1	39.2
Query_60331	XM_037513116.1	100.000	21	0	0	1	21	631	611	2.1	39.2
Query_60331	XM_037513112.1	100.000	21	0	0	1	21	1175	1155	2.1	39.2
Query_60331	XM_037513104.1	100.000	21	0	0	1	21	441	421	2.1	39.2
Query_60331	XM_037513099.1	100.000	21	0	0	1	21	432	412	2.1	39.2
Query_60331	XM_037513092.1	100.000	21	0	0	1	21	525	505	2.1	39.2
Query_60331	XM_028866184.2	100.000	21	0	0	1	21	364	344	2.1	39.2
Query_60331	XM_028866182.2	100.000	21	0	0	1	21	457	437	2.1	39.2
Query_60331	XM_037019485.1	100.000	21	0	0	1	21	418	398	2.1	39.2
Query_60331	XM_036909040.1	100.000	21	0	0	1	21	888	868	2.1	39.2
Query_60331	XM_036862830.1	100.000	21	0	0	1	21	756	736	2.1	39.2
Query_60331	XM_036862829.1	100.000	21	0	0	1	21	445	425	2.1	39.2
Query_60331	XM_004592531.3	100.000	21	0	0	1	21	340	320	2.1	39.2
Query_60331	XM_036426873.1	100.000	21	0	0	1	21	493	473	2.1	39.2
Query_60331	XM_036426864.1	100.000	21	0	0	1	21	807	787	2.1	39.2
Query_60331	XM_036426854.1	100.000	21	0	0	1	21	896	876	2.1	39.2
Query_60331	XM_036328704.1	100.000	21	0	0	1	21	708	688	2.1	39.2
Query_60331	XM_036328703.1	100.000	21	0	0	1	21	442	422	2.1	39.2
Query_60331	XM_036328702.1	100.000	21	0	0	1	21	692	672	2.1	39.2
Query_60331	XM_036328701.1	100.000	21	0	0	1	21	391	371	2.1	39.2
Query_60331	XM_036328700.1	100.000	21	0	0	1	21	409	389	2.1	39.2
Query_60331	XM_036328699.1	100.000	21	0	0	1	21	778	758	2.1	39.2
Query_60331	XM_036328698.1	100.000	21	0	0	1	21	484	464	2.1	39.2
Query_60331	XM_036246610.1	100.000	21	0	0	1	21	519	499	2.1	39.2
Query_60331	XM_036246609.1	100.000	21	0	0	1	21	654	634	2.1	39.2
Query_60331	XM_036246608.1	100.000	21	0	0	1	21	499	479	2.1	39.2
Query_60331	XM_036246607.1	100.000	21	0	0	1	21	518	498	2.1	39.2
Query_60331	XM_036246606.1	100.000	21	0	0	1	21	436	416	2.1	39.2
Query_60331	XM_036246605.1	100.000	21	0	0	1	21	397	377	2.1	39.2
Query_60331	XM_036246603.1	100.000	21	0	0	1	21	412	392	2.1	39.2
Query_60331	XM_036246602.1	100.000	21	0	0	1	21	418	398	2.1	39.2
Query_60331	XM_036246601.1	100.000	21	0	0	1	21	436	416	2.1	39.2
Query_60331	XM_036246600.1	100.000	21	0	0	1	21	490	470	2.1	39.2
Query_60331	XM_016148712.2	100.000	21	0	0	1	21	783	763	2.1	39.2
Query_60331	XM_016148711.2	100.000	21	0	0	1	21	875	855	2.1	39.2
Query_60331	XM_036101282.1	100.000	21	0	0	1	21	682	662	2.1	39.2
Query_60331	XM_036101281.1	100.000	21	0	0	1	21	644	624	2.1	39.2
Query_60331	XM_036101280.1	100.000	21	0	0	1	21	797	777	2.1	39.2
Query_60331	XM_036101278.1	100.000	21	0	0	1	21	835	815	2.1	39.2
Query_60331	XM_036101277.1	100.000	21	0	0	1	21	887	867	2.1	39.2
Query_60331	XM_025471634.2	100.000	21	0	0	1	21	609	589	2.1	39.2
Query_60331	XM_025471633.2	100.000	21	0	0	1	21	652	632	2.1	39.2
Query_60331	XM_025471631.2	100.000	21	0	0	1	21	781	761	2.1	39.2
Query_60331	XM_025471630.2	100.000	21	0	0	1	21	554	534	2.1	39.2
Query_60331	XM_025471629.2	100.000	21	0	0	1	21	867	847	2.1	39.2
Query_60331	XM_027573206.2	100.000	21	0	0	1	21	781	761	2.1	39.2
Query_60331	XM_027573204.2	100.000	21	0	0	1	21	322	302	2.1	39.2
Query_60331	XM_027573203.2	100.000	21	0	0	1	21	874	854	2.1	39.2
Query_60331	XM_027391395.2	100.000	21	0	0	1	21	858	838	2.1	39.2
Query_60331	XM_027391394.2	100.000	21	0	0	1	21	651	631	2.1	39.2
Query_60331	XM_035441534.1	100.000	21	0	0	1	21	380	360	2.1	39.2
Query_60331	XM_035425757.1	100.000	21	0	0	1	21	654	634	2.1	39.2
Query_60331	XM_035254744.1	100.000	21	0	0	1	21	445	425	2.1	39.2
Query_60331	XM_035254743.1	100.000	21	0	0	1	21	778	758	2.1	39.2
Query_60331	XM_035254741.1	100.000	21	0	0	1	21	867	847	2.1	39.2
Query_60331	XM_002756944.5	100.000	21	0	0	1	21	817	797	2.1	39.2


