# blastn
# Iteration: 0
# Query: 
# RID: 72MMHWCN013
# Database: nt
# Fields: query acc.ver, subject acc.ver, % identity, alignment length, mismatches, gap opens, q. start, q. end, s. start, s. end, evalue, bit score
# 18 hits found
Query_60139	XM_003828171.2	100.000	21	0	0	1	21	144	124	2.1	39.2
Query_60139	XM_004041540.3	100.000	21	0	0	1	21	144	124	2.1	39.2
Query_60139	AY358627.2	100.000	21	0	0	1	21	133	113	2.1	39.2
Query_60139	NM_025237.3	100.000	21	0	0	1	21	150	130	2.1	39.2
Query_60139	CP034495.1	100.000	21	0	0	1	21	41836010	41836030	2.1	39.2
Query_60139	XM_001153653.5	100.000	21	0	0	1	21	247	227	2.1	39.2
Query_60139	LT735545.1	100.000	21	0	0	1	21	587	567	2.1	39.2
Query_60139	KJ893769.1	100.000	21	0	0	1	21	168	148	2.1	39.2
Query_60139	CP068261.1	100.000	21	0	0	1	21	44611491	44611511	2.1	39.2
Query_60139	AP023477.1	100.000	21	0	0	1	21	41454681	41454701	2.1	39.2
Query_60139	NG_008078.2	100.000	21	0	0	1	21	5147	5127	2.1	39.2
Query_60139	AC003098.2	100.000	21	0	0	1	21	9169	9189	2.1	39.2
Query_60139	AY358203.1	100.000	21	0	0	1	21	405	385	2.1	39.2
Query_60139	BC101086.1	100.000	21	0	0	1	21	127	107	2.1	39.2
Query_60139	AC055813.9	100.000	21	0	0	1	21	66093	66113	2.1	39.2
Query_60139	AF331844.1	100.000	21	0	0	1	21	137	117	2.1	39.2
Query_60139	AF326739.1	100.000	21	0	0	1	21	147	127	2.1	39.2
Query_60139	AF326736.1	100.000	21	0	0	1	21	12060	12040	2.1	39.2


