# blastn
# Iteration: 0
# Query: 
# RID: 6ZM42TKE01R
# Database: nt
# Fields: query acc.ver, subject acc.ver, % identity, alignment length, mismatches, gap opens, q. start, q. end, s. start, s. end, evalue, bit score
# 100 hits found
Query_356401	MK280438.1	100.000	21	0	0	1	21	298	318	2.0	39.2
Query_356401	XM_008969525.2	100.000	21	0	0	1	21	1636	1616	2.0	39.2
Query_356401	XM_003816463.3	100.000	21	0	0	1	21	1755	1735	2.0	39.2
Query_356401	XM_034509418.1	100.000	21	0	0	1	21	1234	1214	2.0	39.2
Query_356401	XR_002025961.2	100.000	21	0	0	1	21	651	631	2.0	39.2
Query_356401	XM_033213693.1	100.000	21	0	0	1	21	1162	1142	2.0	39.2
Query_356401	XM_033213692.1	100.000	21	0	0	1	21	1268	1248	2.0	39.2
Query_356401	XM_033106671.1	100.000	21	0	0	1	21	1153	1133	2.0	39.2
Query_356401	XM_033106670.1	100.000	21	0	0	1	21	1178	1158	2.0	39.2
Query_356401	XM_032915907.1	100.000	21	0	0	1	21	1203	1183	2.0	39.2
Query_356401	XM_006174493.3	100.000	21	0	0	1	21	1144	1124	2.0	39.2
Query_356401	XM_032254143.1	100.000	21	0	0	1	21	1130	1110	2.0	39.2
Query_356401	XM_032254142.1	100.000	21	0	0	1	21	1745	1725	2.0	39.2
Query_356401	XM_032135907.1	100.000	21	0	0	1	21	1635	1615	2.0	39.2
Query_356401	XM_032135906.1	100.000	21	0	0	1	21	1754	1734	2.0	39.2
Query_356401	XM_006213019.3	100.000	21	0	0	1	21	1137	1117	2.0	39.2
Query_356401	XM_009206489.4	100.000	21	0	0	1	21	1130	1110	2.0	39.2
Query_356401	XM_017958555.2	100.000	21	0	0	1	21	1166	1146	2.0	39.2
Query_356401	XM_010998496.2	100.000	21	0	0	1	21	1137	1117	2.0	39.2
Query_356401	XM_019025423.2	100.000	21	0	0	1	21	1641	1621	2.0	39.2
Query_356401	XM_031009952.1	100.000	21	0	0	1	21	1760	1740	2.0	39.2
Query_356401	XM_010370043.2	100.000	21	0	0	1	21	1078	1058	2.0	39.2
Query_356401	XM_012499717.2	100.000	21	0	0	1	21	1687	1667	2.0	39.2
Query_356401	XM_012499712.2	100.000	21	0	0	1	21	1640	1620	2.0	39.2
Query_356401	XM_030801281.1	100.000	21	0	0	1	21	1759	1739	2.0	39.2
Query_356401	XM_029556492.1	100.000	21	0	0	1	21	1118	1098	2.0	39.2
Query_356401	XM_008853801.3	100.000	21	0	0	1	21	1067	1047	2.0	39.2
Query_356401	XM_021210658.2	100.000	21	0	0	1	21	1193	1173	2.0	39.2
Query_356401	XM_021163845.2	100.000	21	0	0	1	21	1197	1177	2.0	39.2
Query_356401	XM_015140055.2	100.000	21	0	0	1	21	1029	1009	2.0	39.2
Query_356401	XM_015137938.2	100.000	21	0	0	1	21	1135	1115	2.0	39.2
Query_356401	XM_015137937.2	100.000	21	0	0	1	21	1195	1175	2.0	39.2
Query_356401	XM_028758232.1	100.000	21	0	0	1	21	1179	1159	2.0	39.2
Query_356401	XM_008150887.2	100.000	21	0	0	1	21	1153	1133	2.0	39.2
Query_356401	XM_027971225.1	100.000	21	0	0	1	21	1235	1215	2.0	39.2
Query_356401	XM_027971224.1	100.000	21	0	0	1	21	1189	1169	2.0	39.2
Query_356401	XM_006153655.3	100.000	21	0	0	1	21	997	977	2.0	39.2
Query_356401	XM_027545093.1	100.000	21	0	0	1	21	1144	1124	2.0	39.2
Query_356401	XM_025384785.1	100.000	21	0	0	1	21	1193	1173	2.0	39.2
Query_356401	XM_025384784.1	100.000	21	0	0	1	21	1232	1212	2.0	39.2
Query_356401	XM_025384782.1	100.000	21	0	0	1	21	1092	1072	2.0	39.2
Query_356401	XM_025384781.1	100.000	21	0	0	1	21	1083	1063	2.0	39.2
Query_356401	XM_006052613.2	100.000	21	0	0	1	21	1168	1148	2.0	39.2
Query_356401	XM_006919005.3	100.000	21	0	0	1	21	1043	1023	2.0	39.2
Query_356401	XM_006919007.3	100.000	21	0	0	1	21	1154	1134	2.0	39.2
Query_356401	XM_005208342.4	100.000	21	0	0	1	21	1294	1274	2.0	39.2
Query_356401	XM_024745185.1	100.000	21	0	0	1	21	1127	1107	2.0	39.2
Query_356401	XM_024745184.1	100.000	21	0	0	1	21	1160	1140	2.0	39.2
Query_356401	XM_024573844.1	100.000	21	0	0	1	21	1057	1037	2.0	39.2
Query_356401	XM_024573843.1	100.000	21	0	0	1	21	1118	1098	2.0	39.2
Query_356401	XM_016951263.2	100.000	21	0	0	1	21	1636	1616	2.0	39.2
Query_356401	XM_016951262.2	100.000	21	0	0	1	21	1755	1735	2.0	39.2
Query_356401	XM_002814555.4	100.000	21	0	0	1	21	1752	1732	2.0	39.2
Query_356401	XM_014447537.2	100.000	21	0	0	1	21	1155	1135	2.0	39.2
Query_356401	XM_004624585.2	100.000	21	0	0	1	21	1093	1073	2.0	39.2
Query_356401	XM_001501365.5	100.000	21	0	0	1	21	1315	1295	2.0	39.2
Query_356401	XM_023638389.1	100.000	21	0	0	1	21	1131	1111	2.0	39.2
Query_356401	XM_011378552.2	100.000	21	0	0	1	21	1161	1141	2.0	39.2
Query_356401	XM_011378550.2	100.000	21	0	0	1	21	1162	1142	2.0	39.2
Query_356401	XM_003461847.4	100.000	21	0	0	1	21	1163	1143	2.0	39.2
Query_356401	XM_023519303.1	100.000	21	0	0	1	21	1045	1025	2.0	39.2
Query_356401	XM_023206875.1	100.000	21	0	0	1	21	1163	1143	2.0	39.2
Query_356401	XM_023206874.1	100.000	21	0	0	1	21	1162	1142	2.0	39.2
Query_356401	XM_012434985.2	100.000	21	0	0	1	21	1620	1600	2.0	39.2
Query_356401	XM_012434983.2	100.000	21	0	0	1	21	1126	1106	2.0	39.2
Query_356401	XM_021630388.1	100.000	21	0	0	1	21	1198	1178	2.0	39.2
Query_356401	XM_004847323.2	100.000	21	0	0	1	21	1165	1145	2.0	39.2
Query_356401	XM_005068842.3	100.000	21	0	0	1	21	1209	1189	2.0	39.2
Query_356401	XM_003356844.3	100.000	21	0	0	1	21	1245	1225	2.0	39.2
Query_356401	XM_005656487.3	100.000	21	0	0	1	21	1229	1209	2.0	39.2
Query_356401	XM_012747697.2	100.000	21	0	0	1	21	1127	1107	2.0	39.2
Query_356401	XM_040237584.1	100.000	21	0	0	1	21	1271	1251	2.0	39.2
Query_356401	XM_040237583.1	100.000	21	0	0	1	21	1386	1366	2.0	39.2
Query_356401	XM_039838225.1	100.000	21	0	0	1	21	1156	1136	2.0	39.2
Query_356401	XM_039838224.1	100.000	21	0	0	1	21	1162	1142	2.0	39.2
Query_356401	XM_039468391.1	100.000	21	0	0	1	21	1110	1090	2.0	39.2
Query_356401	XM_039468390.1	100.000	21	0	0	1	21	1268	1248	2.0	39.2
Query_356401	XM_038339243.1	100.000	21	0	0	1	21	1198	1178	2.0	39.2
Query_356401	XM_008017973.2	100.000	21	0	0	1	21	1164	1144	2.0	39.2
Query_356401	XM_008017972.2	100.000	21	0	0	1	21	1161	1141	2.0	39.2
Query_356401	XM_037828890.1	100.000	21	0	0	1	21	1186	1166	2.0	39.2
Query_356401	XM_037802295.1	100.000	21	0	0	1	21	2092	2112	2.0	39.2
Query_356401	XM_037742216.1	100.000	21	0	0	1	21	1629	1609	2.0	39.2
Query_356401	XM_017539121.2	100.000	21	0	0	1	21	1131	1111	2.0	39.2
Query_356401	XM_017539120.2	100.000	21	0	0	1	21	1269	1249	2.0	39.2
Query_356401	XM_028882342.2	100.000	21	0	0	1	21	1209	1189	2.0	39.2
Query_356401	XM_036420877.1	100.000	21	0	0	1	21	1103	1083	2.0	39.2
Query_356401	XM_036328448.1	100.000	21	0	0	1	21	1151	1131	2.0	39.2
Query_356401	XM_036328439.1	100.000	21	0	0	1	21	1132	1112	2.0	39.2
Query_356401	XM_028506300.2	100.000	21	0	0	1	21	1105	1085	2.0	39.2
Query_356401	LR877233.1	100.000	21	0	0	1	21	28301932	28301952	2.0	39.2
Query_356401	LR877210.1	100.000	21	0	0	1	21	9865185	9865165	2.0	39.2
Query_356401	LR877197.1	100.000	21	0	0	1	21	31003138	31003158	2.0	39.2
Query_356401	NM_001272053.2	100.000	21	0	0	1	21	1045	1025	2.0	39.2
Query_356401	NM_033296.3	100.000	21	0	0	1	21	1164	1144	2.0	39.2
Query_356401	XM_027387082.2	100.000	21	0	0	1	21	1219	1199	2.0	39.2
Query_356401	XM_003496616.5	100.000	21	0	0	1	21	1217	1197	2.0	39.2
Query_356401	XM_035294127.1	100.000	21	0	0	1	21	1115	1095	2.0	39.2
Query_356401	XM_008993623.3	100.000	21	0	0	1	21	1150	1130	2.0	39.2
Query_356401	XM_008993622.3	100.000	21	0	0	1	21	1241	1221	2.0	39.2


