# blastn
# Iteration: 0
# Query: 
# RID: 73PTSC5Z01R
# Database: nt
# Fields: query acc.ver, subject acc.ver, % identity, alignment length, mismatches, gap opens, q. start, q. end, s. start, s. end, evalue, bit score
# 24 hits found
Query_354333	XM_032162573.1	100.000	21	0	0	1	21	949	929	2.0	39.2
Query_354333	XM_019026567.2	100.000	21	0	0	1	21	999	979	2.0	39.2
Query_354333	XM_003272285.3	100.000	21	0	0	1	21	1301	1281	2.0	39.2
Query_354333	NM_005450.6	100.000	21	0	0	1	21	955	935	2.0	39.2
Query_354333	CP034495.1	100.000	21	0	0	1	21	54672014	54671994	2.0	39.2
Query_354333	XM_002827353.4	100.000	21	0	0	1	21	949	929	2.0	39.2
Query_354333	XM_004481252.3	100.000	21	0	0	1	21	912	892	2.0	39.2
Query_354333	LT744950.1	100.000	21	0	0	1	21	917	897	2.0	39.2
Query_354333	XM_003414604.2	100.000	21	0	0	1	21	692	672	2.0	39.2
Query_354333	KJ892724.1	100.000	21	0	0	1	21	495	475	2.0	39.2
Query_354333	CP068261.1	100.000	21	0	0	1	21	57471066	57471046	2.0	39.2
Query_354333	XM_037809573.1	100.000	21	0	0	1	21	1015	995	2.0	39.2
Query_354333	AP023477.1	100.000	21	0	0	1	21	54043866	54043846	2.0	39.2
Query_354333	NG_011958.1	100.000	21	0	0	1	21	5955	5935	2.0	39.2
Query_354333	CU689813.1	100.000	21	0	0	1	21	285	305	2.0	39.2
Query_354333	CU689812.1	100.000	21	0	0	1	21	446	426	2.0	39.2
Query_354333	AK314080.1	100.000	21	0	0	1	21	955	935	2.0	39.2
Query_354333	BC034027.1	100.000	21	0	0	1	21	740	720	2.0	39.2
Query_354333	AC015724.9	100.000	21	0	0	1	21	61150	61170	2.0	39.2
Query_354333	AY890603.1	100.000	21	0	0	1	21	430	410	2.0	39.2
Query_354333	AY893078.1	100.000	21	0	0	1	21	430	410	2.0	39.2
Query_354333	AC005553.1	100.000	21	0	0	1	21	145773	145793	2.0	39.2
Query_354333	U31202.1	100.000	21	0	0	1	21	1241	1221	2.0	39.2
Query_354333	XM_002445960.2	100.000	20	0	0	1	20	7	26	7.1	37.4


