# blastn
# Iteration: 0
# Query: 
# RID: 9PYCUJ7M016
# Database: nt
# Fields: query acc.ver, subject acc.ver, % identity, alignment length, mismatches, gap opens, q. start, q. end, s. start, s. end, evalue, bit score
# 103 hits found
Query_35753	LR862397.2	100.000	21	0	0	1	21	11294675	11294655	2.1	39.2
Query_35753	XM_041474355.1	100.000	21	0	0	1	21	312	292	2.1	39.2
Query_35753	XM_041409817.1	100.000	21	0	0	1	21	312	292	2.1	39.2
Query_35753	XM_030002685.2	100.000	21	0	0	1	21	329	309	2.1	39.2
Query_35753	XM_040980856.1	100.000	21	0	0	1	21	333	313	2.1	39.2
Query_35753	XM_005068015.4	100.000	21	0	0	1	21	365	345	2.1	39.2
Query_35753	XM_040637316.1	100.000	21	0	0	1	21	363	343	2.1	39.2
Query_35753	XM_040594186.1	100.000	21	0	0	1	21	328	308	2.1	39.2
Query_35753	XM_040557559.1	100.000	21	0	0	1	21	324	304	2.1	39.2
Query_35753	XM_040491239.1	100.000	21	0	0	1	21	382	362	2.1	39.2
Query_35753	XM_005335540.4	100.000	21	0	0	1	21	261	241	2.1	39.2
Query_35753	XM_040281818.1	100.000	21	0	0	1	21	258	238	2.1	39.2
Query_35753	XM_040234415.1	100.000	21	0	0	1	21	384	364	2.1	39.2
Query_35753	XM_040062293.1	100.000	21	0	0	1	21	326	306	2.1	39.2
Query_35753	XM_040025370.1	100.000	21	0	0	1	21	348	328	2.1	39.2
Query_35753	XM_029079248.2	100.000	21	0	0	1	21	324	304	2.1	39.2
Query_35753	HG994417.1	100.000	21	0	0	1	21	2974257	2974277	2.1	39.2
Query_35753	HG994408.1	100.000	21	0	0	1	21	41251050	41251030	2.1	39.2
Query_35753	HG994406.1	100.000	21	0	0	1	21	8450800	8450820	2.1	39.2
Query_35753	HG994406.1	100.000	21	0	0	1	21	33877692	33877712	2.1	39.2
Query_35753	HG994406.1	100.000	21	0	0	1	21	42329201	42329221	2.1	39.2
Query_35753	HG994405.1	100.000	21	0	0	1	21	37623642	37623622	2.1	39.2
Query_35753	HG994400.1	100.000	21	0	0	1	21	50112168	50112148	2.1	39.2
Query_35753	HG994397.1	100.000	21	0	0	1	21	60009830	60009810	2.1	39.2
Query_35753	HG994397.1	100.000	21	0	0	1	21	60951326	60951306	2.1	39.2
Query_35753	HG994395.1	100.000	21	0	0	1	21	35168688	35168708	2.1	39.2
Query_35753	HG994394.1	100.000	21	0	0	1	21	23149474	23149454	2.1	39.2
Query_35753	HG994393.1	100.000	21	0	0	1	21	43965431	43965451	2.1	39.2
Query_35753	HG994389.1	100.000	21	0	0	1	21	50959646	50959666	2.1	39.2
Query_35753	HG994388.1	100.000	21	0	0	1	21	10477500	10477480	2.1	39.2
Query_35753	HG994385.1	100.000	21	0	0	1	21	54981951	54981931	2.1	39.2
Query_35753	HG994384.1	100.000	21	0	0	1	21	29999876	29999896	2.1	39.2
Query_35753	XM_039703954.1	100.000	21	0	0	1	21	332	312	2.1	39.2
Query_35753	XM_031759344.2	100.000	21	0	0	1	21	335	315	2.1	39.2
Query_35753	XM_039570592.1	100.000	21	0	0	1	21	300	280	2.1	39.2
Query_35753	XM_039496494.1	100.000	21	0	0	1	21	477	457	2.1	39.2
Query_35753	XM_039496491.1	100.000	21	0	0	1	21	385	365	2.1	39.2
Query_35753	XM_039475258.1	100.000	21	0	0	1	21	225	205	2.1	39.2
Query_35753	XM_039471644.1	100.000	21	0	0	1	21	585	565	2.1	39.2
Query_35753	XM_039471339.1	100.000	21	0	0	1	21	257	237	2.1	39.2
Query_35753	XM_027732241.2	100.000	21	0	0	1	21	376	356	2.1	39.2
Query_35753	XM_039358175.1	100.000	21	0	0	1	21	342	322	2.1	39.2
Query_35753	NG_030475.3	100.000	21	0	0	1	21	382	362	2.1	39.2
Query_35753	XM_039225835.1	100.000	21	0	0	1	21	36	16	2.1	39.2
Query_35753	XM_039238873.1	100.000	21	0	0	1	21	287	267	2.1	39.2
Query_35753	XM_039236607.1	100.000	21	0	0	1	21	313	293	2.1	39.2
Query_35753	XM_017596932.2	100.000	21	0	0	1	21	390	370	2.1	39.2
Query_35753	XM_038677314.1	100.000	21	0	0	1	21	241	221	2.1	39.2
Query_35753	XM_038667664.1	100.000	21	0	0	1	21	321	301	2.1	39.2
Query_35753	XM_038444630.1	100.000	21	0	0	1	21	219	199	2.1	39.2
Query_35753	XM_038441557.1	100.000	21	0	0	1	21	256	236	2.1	39.2
Query_35753	XM_038439592.1	100.000	21	0	0	1	21	489	469	2.1	39.2
Query_35753	XM_038432613.1	100.000	21	0	0	1	21	201	181	2.1	39.2
Query_35753	XM_038431898.1	100.000	21	0	0	1	21	235	215	2.1	39.2
Query_35753	XM_038429925.1	100.000	21	0	0	1	21	232	212	2.1	39.2
Query_35753	XM_038686021.1	100.000	21	0	0	1	21	447	427	2.1	39.2
Query_35753	XM_038684749.1	100.000	21	0	0	1	21	496	476	2.1	39.2
Query_35753	XM_003435294.4	100.000	21	0	0	1	21	241	221	2.1	39.2
Query_35753	XM_038535473.1	100.000	21	0	0	1	21	330	310	2.1	39.2
Query_35753	XM_038462342.1	100.000	21	0	0	1	21	219	199	2.1	39.2
Query_35753	XM_014109332.3	100.000	21	0	0	1	21	256	236	2.1	39.2
Query_35753	XM_022411083.2	100.000	21	0	0	1	21	489	469	2.1	39.2
Query_35753	XM_003433108.5	100.000	21	0	0	1	21	235	215	2.1	39.2
Query_35753	XM_014122538.3	100.000	21	0	0	1	21	225	205	2.1	39.2
Query_35753	XM_038430292.1	100.000	21	0	0	1	21	439	419	2.1	39.2
Query_35753	XM_038756364.1	100.000	21	0	0	1	21	295	275	2.1	39.2
Query_35753	XM_038388051.1	100.000	21	0	0	1	21	492	472	2.1	39.2
Query_35753	XM_038333384.1	100.000	21	0	0	1	21	291	271	2.1	39.2
Query_35753	XM_038314678.1	100.000	21	0	0	1	21	379	359	2.1	39.2
Query_35753	XM_027451950.2	100.000	21	0	0	1	21	417	397	2.1	39.2
Query_35753	XM_038153061.1	100.000	21	0	0	1	21	340	320	2.1	39.2
Query_35753	XM_007992884.2	100.000	21	0	0	1	21	225	205	2.1	39.2
Query_35753	XM_008004246.2	100.000	21	0	0	1	21	586	566	2.1	39.2
Query_35753	XM_038005196.1	100.000	21	0	0	1	21	275	255	2.1	39.2
Query_35753	XM_007069234.3	100.000	21	0	0	1	21	340	320	2.1	39.2
Query_35753	XM_017502871.2	100.000	21	0	0	1	21	256	236	2.1	39.2
Query_35753	XM_037522123.1	100.000	21	0	0	1	21	345	325	2.1	39.2
Query_35753	XM_037513877.1	100.000	21	0	0	1	21	394	374	2.1	39.2
Query_35753	XM_037388046.1	100.000	21	0	0	1	21	328	308	2.1	39.2
Query_35753	XM_028855698.2	100.000	21	0	0	1	21	331	311	2.1	39.2
Query_35753	XM_037196800.1	100.000	21	0	0	1	21	377	357	2.1	39.2
Query_35753	XM_037146140.1	100.000	21	0	0	1	21	413	393	2.1	39.2
Query_35753	XM_037064672.1	100.000	21	0	0	1	21	412	392	2.1	39.2
Query_35753	XM_037023059.1	100.000	21	0	0	1	21	377	357	2.1	39.2
Query_35753	XM_037012614.1	100.000	21	0	0	1	21	225	205	2.1	39.2
Query_35753	XM_036891225.1	100.000	21	0	0	1	21	396	376	2.1	39.2
Query_35753	XM_036879049.1	100.000	21	0	0	1	21	225	205	2.1	39.2
Query_35753	XM_036917115.1	100.000	21	0	0	1	21	256	236	2.1	39.2
Query_35753	XM_036866061.1	100.000	21	0	0	1	21	359	339	2.1	39.2
Query_35753	XM_036760782.1	100.000	21	0	0	1	21	201	181	2.1	39.2
Query_35753	XM_036760402.1	100.000	21	0	0	1	21	412	392	2.1	39.2
Query_35753	XR_004991539.1	100.000	21	0	0	1	21	415	395	2.1	39.2
Query_35753	XM_036458685.1	100.000	21	0	0	1	21	412	392	2.1	39.2
Query_35753	XM_036400770.1	100.000	21	0	0	1	21	312	292	2.1	39.2
Query_35753	XM_036305925.1	100.000	21	0	0	1	21	255	235	2.1	39.2
Query_35753	XM_036302016.1	100.000	21	0	0	1	21	247	227	2.1	39.2
Query_35753	XM_036297571.1	100.000	21	0	0	1	21	410	390	2.1	39.2
Query_35753	XR_004965807.1	100.000	21	0	0	1	21	410	390	2.1	39.2
Query_35753	XM_036297570.1	100.000	21	0	0	1	21	403	383	2.1	39.2
Query_35753	XM_036247340.1	100.000	21	0	0	1	21	259	239	2.1	39.2
Query_35753	XM_036252541.1	100.000	21	0	0	1	21	317	297	2.1	39.2
Query_35753	XM_036170059.1	100.000	21	0	0	1	21	414	394	2.1	39.2
Query_35753	XM_006514344.5	100.000	21	0	0	1	21	559	539	2.1	39.2


