# blastn
# Iteration: 0
# Query: 
# RID: 6MB8H454016
# Database: nt
# Fields: query acc.ver, subject acc.ver, % identity, alignment length, mismatches, gap opens, q. start, q. end, s. start, s. end, evalue, bit score
# 30 hits found
Query_59449	XM_034944208.1	100.000	21	0	0	1	21	334	314	2.0	39.2
Query_59449	XM_034944207.1	100.000	21	0	0	1	21	347	327	2.0	39.2
Query_59449	XM_034944206.1	100.000	21	0	0	1	21	267	247	2.0	39.2
Query_59449	XM_019016478.2	100.000	21	0	0	1	21	334	314	2.0	39.2
Query_59449	NM_004359.2	100.000	21	0	0	1	21	297	277	2.0	39.2
Query_59449	CP034522.1	100.000	21	0	0	1	21	472056	472036	2.0	39.2
Query_59449	CP034497.1	100.000	21	0	0	1	21	472056	472036	2.0	39.2
Query_59449	XM_009434229.3	100.000	21	0	0	1	21	338	318	2.0	39.2
Query_59449	LT744874.1	100.000	21	0	0	1	21	612	592	2.0	39.2
Query_59449	XM_005259690.3	100.000	21	0	0	1	21	337	317	2.0	39.2
Query_59449	XM_006722952.2	100.000	21	0	0	1	21	337	317	2.0	39.2
Query_59449	KJ890880.1	100.000	21	0	0	1	21	190	170	2.0	39.2
Query_59449	CP068259.1	100.000	21	0	0	1	21	485454	485434	2.0	39.2
Query_59449	AP023479.1	100.000	21	0	0	1	21	293394	293374	2.0	39.2
Query_59449	AP023479.1	100.000	21	0	0	1	21	370088	370068	2.0	39.2
Query_59449	AB590273.1	100.000	21	0	0	1	21	134	114	2.0	39.2
Query_59449	CU676208.1	100.000	21	0	0	1	21	141	121	2.0	39.2
Query_59449	AK291554.1	100.000	21	0	0	1	21	326	306	2.0	39.2
Query_59449	DQ893910.2	100.000	21	0	0	1	21	147	127	2.0	39.2
Query_59449	DQ890738.2	100.000	21	0	0	1	21	147	127	2.0	39.2
Query_59449	AY650399.1	100.000	21	0	0	1	21	2324	2304	2.0	39.2
Query_59449	BC023979.1	100.000	21	0	0	1	21	301	281	2.0	39.2
Query_59449	BT008039.1	100.000	21	0	0	1	21	125	105	2.0	39.2
Query_59449	BT006659.1	100.000	21	0	0	1	21	125	105	2.0	39.2
Query_59449	AC011556.9	100.000	21	0	0	1	21	538	518	2.0	39.2
Query_59449	AC011531.7	100.000	21	0	0	1	21	21545	21525	2.0	39.2
Query_59449	BC018143.2	100.000	21	0	0	1	21	327	307	2.0	39.2
Query_59449	BC009850.2	100.000	21	0	0	1	21	324	304	2.0	39.2
Query_59449	L22005.1	100.000	21	0	0	1	21	311	291	2.0	39.2
Query_59449	XM_009252509.2	100.000	20	0	0	1	20	337	318	7.1	37.4


