# blastn
# Iteration: 0
# Query: 
# RID: 6XGTMF7A013
# Database: nt
# Fields: query acc.ver, subject acc.ver, % identity, alignment length, mismatches, gap opens, q. start, q. end, s. start, s. end, evalue, bit score
# 100 hits found
Query_64199	XM_034993892.1	100.000	21	0	0	1	21	383	363	2.1	39.2
Query_64199	XM_035025393.1	100.000	21	0	0	1	21	343	323	2.1	39.2
Query_64199	XM_040459768.1	100.000	21	0	0	1	21	182	162	2.1	39.2
Query_64199	XM_040459767.1	100.000	21	0	0	1	21	185	165	2.1	39.2
Query_64199	XM_040459766.1	100.000	21	0	0	1	21	206	186	2.1	39.2
Query_64199	XM_040459764.1	100.000	21	0	0	1	21	422	402	2.1	39.2
Query_64199	XM_040459763.1	100.000	21	0	0	1	21	359	339	2.1	39.2
Query_64199	XM_040453115.1	100.000	21	0	0	1	21	347	327	2.1	39.2
Query_64199	XM_040483671.1	100.000	21	0	0	1	21	358	338	2.1	39.2
Query_64199	XM_040457089.1	100.000	21	0	0	1	21	366	346	2.1	39.2
Query_64199	XM_040265114.1	100.000	21	0	0	1	21	140	120	2.1	39.2
Query_64199	XM_029070229.2	100.000	21	0	0	1	21	375	355	2.1	39.2
Query_64199	XM_016228206.3	100.000	21	0	0	1	21	449	429	2.1	39.2
Query_64199	HG994414.1	100.000	21	0	0	1	21	24269226	24269206	2.1	39.2
Query_64199	HG994408.1	100.000	21	0	0	1	21	45503742	45503762	2.1	39.2
Query_64199	HG994384.1	100.000	21	0	0	1	21	36595967	36595947	2.1	39.2
Query_64199	XM_039864588.1	100.000	21	0	0	1	21	540	520	2.1	39.2
Query_64199	XM_039864587.1	100.000	21	0	0	1	21	404	384	2.1	39.2
Query_64199	XM_039864586.1	100.000	21	0	0	1	21	2037	2017	2.1	39.2
Query_64199	XM_039864584.1	100.000	21	0	0	1	21	420	400	2.1	39.2
Query_64199	CP068258.1	100.000	21	0	0	1	21	51852510	51852530	2.1	39.2
Query_64199	XM_038750001.1	100.000	21	0	0	1	21	439	419	2.1	39.2
Query_64199	XM_037988979.1	100.000	21	0	0	1	21	369	349	2.1	39.2
Query_64199	XM_037983802.1	100.000	21	0	0	1	21	354	334	2.1	39.2
Query_64199	XM_008014329.2	100.000	21	0	0	1	21	547	527	2.1	39.2
Query_64199	XM_037982646.1	100.000	21	0	0	1	21	330	310	2.1	39.2
Query_64199	XM_008014322.2	100.000	21	0	0	1	21	626	606	2.1	39.2
Query_64199	XM_037982645.1	100.000	21	0	0	1	21	331	311	2.1	39.2
Query_64199	XM_008014318.2	100.000	21	0	0	1	21	486	466	2.1	39.2
Query_64199	XM_008014312.2	100.000	21	0	0	1	21	420	400	2.1	39.2
Query_64199	XM_037996789.1	100.000	21	0	0	1	21	352	332	2.1	39.2
Query_64199	XM_037821188.1	100.000	21	0	0	1	21	356	336	2.1	39.2
Query_64199	XM_037845652.1	100.000	21	0	0	1	21	284	264	2.1	39.2
Query_64199	XM_037841024.1	100.000	21	0	0	1	21	209	189	2.1	39.2
Query_64199	XM_037841023.1	100.000	21	0	0	1	21	335	315	2.1	39.2
Query_64199	XM_037810938.1	100.000	21	0	0	1	21	372	352	2.1	39.2
Query_64199	XM_037810538.1	100.000	21	0	0	1	21	254	234	2.1	39.2
Query_64199	XM_037808029.1	100.000	21	0	0	1	21	161	141	2.1	39.2
Query_64199	XM_037808017.1	100.000	21	0	0	1	21	140	160	2.1	39.2
Query_64199	XM_037801994.1	100.000	21	0	0	1	21	215	195	2.1	39.2
Query_64199	XM_037799127.1	100.000	21	0	0	1	21	335	315	2.1	39.2
Query_64199	XM_037825966.1	100.000	21	0	0	1	21	209	189	2.1	39.2
Query_64199	XM_037735772.1	100.000	21	0	0	1	21	2118	2098	2.1	39.2
Query_64199	XM_037734717.1	100.000	21	0	0	1	21	348	328	2.1	39.2
Query_64199	XM_037743277.1	100.000	21	0	0	1	21	317	297	2.1	39.2
Query_64199	XR_005202231.1	100.000	21	0	0	1	21	350	330	2.1	39.2
Query_64199	XM_037739054.1	100.000	21	0	0	1	21	796	776	2.1	39.2
Query_64199	XR_005200512.1	100.000	21	0	0	1	21	632	612	2.1	39.2
Query_64199	XR_005200511.1	100.000	21	0	0	1	21	456	436	2.1	39.2
Query_64199	XR_005200510.1	100.000	21	0	0	1	21	684	664	2.1	39.2
Query_64199	XR_005200509.1	100.000	21	0	0	1	21	508	488	2.1	39.2
Query_64199	XM_017529922.2	100.000	21	0	0	1	21	423	403	2.1	39.2
Query_64199	XM_017529921.2	100.000	21	0	0	1	21	423	403	2.1	39.2
Query_64199	XM_037047414.1	100.000	21	0	0	1	21	335	315	2.1	39.2
Query_64199	XM_017651907.2	100.000	21	0	0	1	21	454	434	2.1	39.2
Query_64199	XM_017651906.2	100.000	21	0	0	1	21	550	530	2.1	39.2
Query_64199	XM_017651904.2	100.000	21	0	0	1	21	442	422	2.1	39.2
Query_64199	XM_017651903.2	100.000	21	0	0	1	21	420	400	2.1	39.2
Query_64199	XM_036901999.1	100.000	21	0	0	1	21	443	423	2.1	39.2
Query_64199	XM_036901998.1	100.000	21	0	0	1	21	546	526	2.1	39.2
Query_64199	XM_036901997.1	100.000	21	0	0	1	21	332	312	2.1	39.2
Query_64199	XM_036901996.1	100.000	21	0	0	1	21	420	400	2.1	39.2
Query_64199	XM_036244480.1	100.000	21	0	0	1	21	434	414	2.1	39.2
Query_64199	XM_036244479.1	100.000	21	0	0	1	21	365	345	2.1	39.2
Query_64199	XM_036244478.1	100.000	21	0	0	1	21	475	455	2.1	39.2
Query_64199	XM_036244476.1	100.000	21	0	0	1	21	387	367	2.1	39.2
Query_64199	XM_036244475.1	100.000	21	0	0	1	21	404	384	2.1	39.2
Query_64199	XM_036253164.1	100.000	21	0	0	1	21	335	315	2.1	39.2
Query_64199	XM_036229301.1	100.000	21	0	0	1	21	540	520	2.1	39.2
Query_64199	XM_016143743.2	100.000	21	0	0	1	21	404	384	2.1	39.2
Query_64199	XM_036229300.1	100.000	21	0	0	1	21	3183	3163	2.1	39.2
Query_64199	XM_016143742.2	100.000	21	0	0	1	21	411	391	2.1	39.2
Query_64199	AP023480.1	100.000	21	0	0	1	21	48145328	48145348	2.1	39.2
Query_64199	XM_036064668.1	100.000	21	0	0	1	21	333	313	2.1	39.2
Query_64199	XM_036064667.1	100.000	21	0	0	1	21	541	521	2.1	39.2
Query_64199	XM_036064666.1	100.000	21	0	0	1	21	384	364	2.1	39.2
Query_64199	XM_036064665.1	100.000	21	0	0	1	21	333	313	2.1	39.2
Query_64199	XM_036078322.1	100.000	21	0	0	1	21	815	795	2.1	39.2
Query_64199	XM_036077669.1	100.000	21	0	0	1	21	2151	2131	2.1	39.2
Query_64199	NM_001257398.2	100.000	21	0	0	1	21	496	476	2.1	39.2
Query_64199	NM_001282579.2	100.000	21	0	0	1	21	457	437	2.1	39.2
Query_64199	NM_001282576.2	100.000	21	0	0	1	21	631	611	2.1	39.2
Query_64199	XM_035725421.1	100.000	21	0	0	1	21	212	192	2.1	39.2
Query_64199	XM_027621509.2	100.000	21	0	0	1	21	262	242	2.1	39.2
Query_64199	XM_027621508.2	100.000	21	0	0	1	21	388	368	2.1	39.2
Query_64199	XM_035728383.1	100.000	21	0	0	1	21	335	315	2.1	39.2
Query_64199	XM_027606759.2	100.000	21	0	0	1	21	6477	6457	2.1	39.2
Query_64199	XM_035727077.1	100.000	21	0	0	1	21	344	324	2.1	39.2
Query_64199	XM_035726584.1	100.000	21	0	0	1	21	320	300	2.1	39.2
Query_64199	XM_027610880.2	100.000	21	0	0	1	21	209	189	2.1	39.2
Query_64199	XM_027610879.2	100.000	21	0	0	1	21	335	315	2.1	39.2
Query_64199	XM_035721998.1	100.000	21	0	0	1	21	284	264	2.1	39.2
Query_64199	XM_035721995.1	100.000	21	0	0	1	21	218	198	2.1	39.2
Query_64199	XM_017971642.2	100.000	21	0	0	1	21	769	749	2.1	39.2
Query_64199	XR_088662.5	100.000	21	0	0	1	21	351	331	2.1	39.2
Query_64199	XM_035303442.1	100.000	21	0	0	1	21	269	249	2.1	39.2
Query_64199	XM_035297863.1	100.000	21	0	0	1	21	590	570	2.1	39.2
Query_64199	XM_017971646.2	100.000	21	0	0	1	21	419	399	2.1	39.2
Query_64199	XM_035297862.1	100.000	21	0	0	1	21	821	801	2.1	39.2
Query_64199	XM_017971644.2	100.000	21	0	0	1	21	331	311	2.1	39.2


