# blastn
# Iteration: 0
# Query: 
# RID: 7PWYMJ7H013
# Database: nt
# Fields: query acc.ver, subject acc.ver, % identity, alignment length, mismatches, gap opens, q. start, q. end, s. start, s. end, evalue, bit score
# 100 hits found
Query_10513	XM_034951639.1	100.000	21	0	0	1	21	346	326	2.1	39.2
Query_10513	XM_034951638.1	100.000	21	0	0	1	21	198	178	2.1	39.2
Query_10513	XM_034951637.1	100.000	21	0	0	1	21	475	455	2.1	39.2
Query_10513	XM_034951636.1	100.000	21	0	0	1	21	239	219	2.1	39.2
Query_10513	XM_034951635.1	100.000	21	0	0	1	21	196	176	2.1	39.2
Query_10513	XM_034951634.1	100.000	21	0	0	1	21	199	179	2.1	39.2
Query_10513	XM_034951633.1	100.000	21	0	0	1	21	482	462	2.1	39.2
Query_10513	XM_034951632.1	100.000	21	0	0	1	21	240	220	2.1	39.2
Query_10513	XM_031002695.1	100.000	21	0	0	1	21	230	210	2.1	39.2
Query_10513	XM_031002694.1	100.000	21	0	0	1	21	230	210	2.1	39.2
Query_10513	XM_004056937.3	100.000	21	0	0	1	21	197	177	2.1	39.2
Query_10513	XM_004056936.3	100.000	21	0	0	1	21	351	331	2.1	39.2
Query_10513	XM_004056938.3	100.000	21	0	0	1	21	195	175	2.1	39.2
Query_10513	XM_019012582.2	100.000	21	0	0	1	21	195	175	2.1	39.2
Query_10513	XM_030924821.1	100.000	21	0	0	1	21	342	322	2.1	39.2
Query_10513	XM_029438540.1	100.000	21	0	0	1	21	406	386	2.1	39.2
Query_10513	NM_194260.3	100.000	21	0	0	1	21	351	331	2.1	39.2
Query_10513	NM_194261.3	100.000	21	0	0	1	21	203	183	2.1	39.2
Query_10513	NM_194259.3	100.000	21	0	0	1	21	478	458	2.1	39.2
Query_10513	NM_003345.5	100.000	21	0	0	1	21	221	201	2.1	39.2
Query_10513	XM_024450432.1	100.000	21	0	0	1	21	379	359	2.1	39.2
Query_10513	XM_016929130.2	100.000	21	0	0	1	21	342	322	2.1	39.2
Query_10513	XM_003314907.5	100.000	21	0	0	1	21	529	509	2.1	39.2
Query_10513	XM_003314906.4	100.000	21	0	0	1	21	245	225	2.1	39.2
Query_10513	XM_003314905.4	100.000	21	0	0	1	21	345	325	2.1	39.2
Query_10513	XM_016929129.2	100.000	21	0	0	1	21	599	579	2.1	39.2
Query_10513	XM_016929128.2	100.000	21	0	0	1	21	342	322	2.1	39.2
Query_10513	XM_009430052.3	100.000	21	0	0	1	21	529	509	2.1	39.2
Query_10513	XM_009430055.3	100.000	21	0	0	1	21	190	170	2.1	39.2
Query_10513	XM_009430053.3	100.000	21	0	0	1	21	332	312	2.1	39.2
Query_10513	XM_016929126.2	100.000	21	0	0	1	21	599	579	2.1	39.2
Query_10513	XM_016929125.2	100.000	21	0	0	1	21	342	322	2.1	39.2
Query_10513	LT733828.1	100.000	21	0	0	1	21	559	539	2.1	39.2
Query_10513	U45328.2	100.000	21	0	0	1	21	195	175	2.1	39.2
Query_10513	XM_019012585.1	100.000	21	0	0	1	21	337	317	2.1	39.2
Query_10513	XM_019012583.1	100.000	21	0	0	1	21	173	153	2.1	39.2
Query_10513	XM_017858483.1	100.000	21	0	0	1	21	102	82	2.1	39.2
Query_10513	XM_017858482.1	100.000	21	0	0	1	21	102	82	2.1	39.2
Query_10513	XM_017858481.1	100.000	21	0	0	1	21	523	503	2.1	39.2
Query_10513	XM_017858480.1	100.000	21	0	0	1	21	459	439	2.1	39.2
Query_10513	XM_017858479.1	100.000	21	0	0	1	21	350	330	2.1	39.2
Query_10513	XM_017023640.1	100.000	21	0	0	1	21	627	607	2.1	39.2
Query_10513	XM_005255541.4	100.000	21	0	0	1	21	627	607	2.1	39.2
Query_10513	XM_011522644.2	100.000	21	0	0	1	21	467	447	2.1	39.2
Query_10513	XM_011957493.1	100.000	21	0	0	1	21	356	336	2.1	39.2
Query_10513	XM_011957492.1	100.000	21	0	0	1	21	580	560	2.1	39.2
Query_10513	XM_011522645.1	100.000	21	0	0	1	21	332	312	2.1	39.2
Query_10513	XM_005255540.2	100.000	21	0	0	1	21	221	201	2.1	39.2
Query_10513	KJ892346.1	100.000	21	0	0	1	21	137	117	2.1	39.2
Query_10513	AK291118.1	100.000	21	0	0	1	21	221	201	2.1	39.2
Query_10513	DQ894552.2	100.000	21	0	0	1	21	94	74	2.1	39.2
Query_10513	DQ891373.2	100.000	21	0	0	1	21	94	74	2.1	39.2
Query_10513	BC002345.1	100.000	21	0	0	1	21	1812	1792	2.1	39.2
Query_10513	BC051289.1	100.000	21	0	0	1	21	164	144	2.1	39.2
Query_10513	BC004429.1	100.000	21	0	0	1	21	134	114	2.1	39.2
Query_10513	BC004437.1	100.000	21	0	0	1	21	108	88	2.1	39.2
Query_10513	AK093616.1	100.000	21	0	0	1	21	161	141	2.1	39.2
Query_10513	BT007741.1	100.000	21	0	0	1	21	72	52	2.1	39.2
Query_10513	BT007635.1	100.000	21	0	0	1	21	72	52	2.1	39.2
Query_10513	BT007010.1	100.000	21	0	0	1	21	72	52	2.1	39.2
Query_10513	BT006932.1	100.000	21	0	0	1	21	72	52	2.1	39.2
Query_10513	AB208988.1	100.000	21	0	0	1	21	311	291	2.1	39.2
Query_10513	AJ002385.1	100.000	21	0	0	1	21	150	130	2.1	39.2
Query_10513	U38785.1	100.000	21	0	0	1	21	164	144	2.1	39.2
Query_10513	U66867.1	100.000	21	0	0	1	21	878	858	2.1	39.2
Query_10513	U66818.1	100.000	21	0	0	1	21	159	139	2.1	39.2
Query_10513	X96427.1	100.000	21	0	0	1	21	195	175	2.1	39.2
Query_10513	U31933.1	100.000	21	0	0	1	21	190	170	2.1	39.2
Query_10513	D45050.1	100.000	21	0	0	1	21	189	169	2.1	39.2
Query_10513	U29092.1	100.000	21	0	0	1	21	96	76	2.1	39.2
Query_10513	XM_040119404.1	100.000	20	0	0	2	21	383	364	7.3	37.4
Query_10513	XM_039884856.1	100.000	20	0	0	2	21	235	216	7.3	37.4
Query_10513	XM_038980865.1	100.000	20	0	0	2	21	422	403	7.3	37.4
Query_10513	XM_038980864.1	100.000	20	0	0	2	21	383	364	7.3	37.4
Query_10513	XM_038981184.1	100.000	20	0	0	2	21	392	373	7.3	37.4
Query_10513	XM_038695521.1	100.000	20	0	0	2	21	127	108	7.3	37.4
Query_10513	XM_038695515.1	100.000	20	0	0	2	21	386	367	7.3	37.4
Query_10513	XM_021557502.2	100.000	20	0	0	2	21	435	416	7.3	37.4
Query_10513	XM_021624560.2	100.000	20	0	0	2	21	320	301	7.3	37.4
Query_10513	XM_021624559.2	100.000	20	0	0	2	21	242	223	7.3	37.4
Query_10513	XM_036419402.1	100.000	20	0	0	2	21	120	101	7.3	37.4
Query_10513	XM_036410978.1	100.000	20	0	0	2	21	237	218	7.3	37.4
Query_10513	XM_036439826.1	100.000	20	0	0	2	21	88	69	7.3	37.4
Query_10513	XM_036439764.1	100.000	20	0	0	2	21	114	95	7.3	37.4
Query_10513	XM_036308827.1	100.000	20	0	0	2	21	237	218	7.3	37.4
Query_10513	XM_036308826.1	100.000	20	0	0	2	21	238	219	7.3	37.4
Query_10513	XM_036350737.1	100.000	20	0	0	2	21	94	75	7.3	37.4
Query_10513	XM_036279292.1	100.000	20	0	0	2	21	141	122	7.3	37.4
Query_10513	XM_016136652.2	100.000	20	0	0	2	21	228	209	7.3	37.4
Query_10513	XM_023286699.2	100.000	20	0	0	2	21	475	456	7.3	37.4
Query_10513	XM_035747128.1	100.000	20	0	0	2	21	388	369	7.3	37.4
Query_10513	XM_035770856.1	100.000	20	0	0	2	21	242	223	7.3	37.4
Query_10513	XM_035654947.1	100.000	20	0	0	2	21	112	93	7.3	37.4
Query_10513	XM_035654946.1	100.000	20	0	0	2	21	157	138	7.3	37.4
Query_10513	XM_035654944.1	100.000	20	0	0	2	21	414	395	7.3	37.4
Query_10513	XM_035397374.1	100.000	20	0	0	2	21	110	91	7.3	37.4
Query_10513	XM_035397373.1	100.000	20	0	0	2	21	215	196	7.3	37.4
Query_10513	XM_035397372.1	100.000	20	0	0	2	21	263	244	7.3	37.4
Query_10513	XM_035397371.1	100.000	20	0	0	2	21	261	242	7.3	37.4
Query_10513	XM_035397370.1	100.000	20	0	0	2	21	134	115	7.3	37.4


