# blastn
# Iteration: 0
# Query: 
# RID: 7PVCB27Z016
# Database: nt
# Fields: query acc.ver, subject acc.ver, % identity, alignment length, mismatches, gap opens, q. start, q. end, s. start, s. end, evalue, bit score
# 101 hits found
Query_40331	XM_034951639.1	100.000	21	0	0	1	21	529	509	2.1	39.2
Query_40331	XM_034951638.1	100.000	21	0	0	1	21	381	361	2.1	39.2
Query_40331	XM_034951637.1	100.000	21	0	0	1	21	658	638	2.1	39.2
Query_40331	XM_034951636.1	100.000	21	0	0	1	21	422	402	2.1	39.2
Query_40331	XM_034951635.1	100.000	21	0	0	1	21	379	359	2.1	39.2
Query_40331	XM_034951634.1	100.000	21	0	0	1	21	382	362	2.1	39.2
Query_40331	XM_034951633.1	100.000	21	0	0	1	21	665	645	2.1	39.2
Query_40331	XM_034951632.1	100.000	21	0	0	1	21	423	403	2.1	39.2
Query_40331	NM_001194836.2	100.000	21	0	0	1	21	436	416	2.1	39.2
Query_40331	XM_009195636.2	100.000	21	0	0	1	21	381	361	2.1	39.2
Query_40331	XM_031002695.1	100.000	21	0	0	1	21	413	393	2.1	39.2
Query_40331	XM_031002694.1	100.000	21	0	0	1	21	413	393	2.1	39.2
Query_40331	XM_004056937.3	100.000	21	0	0	1	21	380	360	2.1	39.2
Query_40331	XM_004056936.3	100.000	21	0	0	1	21	534	514	2.1	39.2
Query_40331	XM_004056938.3	100.000	21	0	0	1	21	378	358	2.1	39.2
Query_40331	XM_019012582.2	100.000	21	0	0	1	21	378	358	2.1	39.2
Query_40331	NM_194260.3	100.000	21	0	0	1	21	534	514	2.1	39.2
Query_40331	NM_194261.3	100.000	21	0	0	1	21	386	366	2.1	39.2
Query_40331	NM_194259.3	100.000	21	0	0	1	21	661	641	2.1	39.2
Query_40331	XM_028840603.1	100.000	21	0	0	1	21	431	411	2.1	39.2
Query_40331	XM_028840602.1	100.000	21	0	0	1	21	435	415	2.1	39.2
Query_40331	XM_001118584.4	100.000	21	0	0	1	21	380	360	2.1	39.2
Query_40331	XM_028840601.1	100.000	21	0	0	1	21	370	350	2.1	39.2
Query_40331	NM_003345.5	100.000	21	0	0	1	21	404	384	2.1	39.2
Query_40331	CP034494.1	100.000	21	0	0	1	21	1310206	1310186	2.1	39.2
Query_40331	CP034494.1	100.000	21	0	0	1	21	90535524	90535504	2.1	39.2
Query_40331	XM_026054009.1	100.000	21	0	0	1	21	305	285	2.1	39.2
Query_40331	XM_026054008.1	100.000	21	0	0	1	21	367	347	2.1	39.2
Query_40331	XM_025370151.1	100.000	21	0	0	1	21	523	503	2.1	39.2
Query_40331	XM_025370150.1	100.000	21	0	0	1	21	527	507	2.1	39.2
Query_40331	XM_025370148.1	100.000	21	0	0	1	21	379	359	2.1	39.2
Query_40331	XM_025370147.1	100.000	21	0	0	1	21	667	647	2.1	39.2
Query_40331	XM_025370146.1	100.000	21	0	0	1	21	805	785	2.1	39.2
Query_40331	XM_011748436.2	100.000	21	0	0	1	21	681	661	2.1	39.2
Query_40331	XM_024794102.1	100.000	21	0	0	1	21	352	332	2.1	39.2
Query_40331	XM_024794101.1	100.000	21	0	0	1	21	2519	2499	2.1	39.2
Query_40331	XM_024450432.1	100.000	21	0	0	1	21	562	542	2.1	39.2
Query_40331	XM_016929130.2	100.000	21	0	0	1	21	525	505	2.1	39.2
Query_40331	XM_003314907.5	100.000	21	0	0	1	21	712	692	2.1	39.2
Query_40331	XM_003314906.4	100.000	21	0	0	1	21	428	408	2.1	39.2
Query_40331	XM_003314905.4	100.000	21	0	0	1	21	528	508	2.1	39.2
Query_40331	XM_016929129.2	100.000	21	0	0	1	21	782	762	2.1	39.2
Query_40331	XM_016929128.2	100.000	21	0	0	1	21	525	505	2.1	39.2
Query_40331	XM_009430052.3	100.000	21	0	0	1	21	712	692	2.1	39.2
Query_40331	XM_009430055.3	100.000	21	0	0	1	21	373	353	2.1	39.2
Query_40331	XM_009430053.3	100.000	21	0	0	1	21	515	495	2.1	39.2
Query_40331	XM_016929126.2	100.000	21	0	0	1	21	782	762	2.1	39.2
Query_40331	XM_016929125.2	100.000	21	0	0	1	21	525	505	2.1	39.2
Query_40331	XM_024233921.1	100.000	21	0	0	1	21	379	359	2.1	39.2
Query_40331	XM_002825946.4	100.000	21	0	0	1	21	523	503	2.1	39.2
Query_40331	XM_024233920.1	100.000	21	0	0	1	21	533	513	2.1	39.2
Query_40331	XM_024233919.1	100.000	21	0	0	1	21	407	387	2.1	39.2
Query_40331	XM_024233918.1	100.000	21	0	0	1	21	416	396	2.1	39.2
Query_40331	LT733828.1	100.000	21	0	0	1	21	742	722	2.1	39.2
Query_40331	U45328.2	100.000	21	0	0	1	21	378	358	2.1	39.2
Query_40331	XM_019012585.1	100.000	21	0	0	1	21	520	500	2.1	39.2
Query_40331	XM_019012583.1	100.000	21	0	0	1	21	356	336	2.1	39.2
Query_40331	XM_017023640.1	100.000	21	0	0	1	21	810	790	2.1	39.2
Query_40331	XM_005255541.4	100.000	21	0	0	1	21	810	790	2.1	39.2
Query_40331	XM_011522644.2	100.000	21	0	0	1	21	650	630	2.1	39.2
Query_40331	XM_015442656.1	100.000	21	0	0	1	21	290	270	2.1	39.2
Query_40331	XM_015442655.1	100.000	21	0	0	1	21	535	515	2.1	39.2
Query_40331	XM_015442654.1	100.000	21	0	0	1	21	285	265	2.1	39.2
Query_40331	XM_015442653.1	100.000	21	0	0	1	21	380	360	2.1	39.2
Query_40331	XM_005590842.2	100.000	21	0	0	1	21	515	495	2.1	39.2
Query_40331	XM_011748438.1	100.000	21	0	0	1	21	282	262	2.1	39.2
Query_40331	XM_011748437.1	100.000	21	0	0	1	21	378	358	2.1	39.2
Query_40331	XM_011966925.1	100.000	21	0	0	1	21	290	270	2.1	39.2
Query_40331	XM_011966924.1	100.000	21	0	0	1	21	540	520	2.1	39.2
Query_40331	XM_012034493.1	100.000	21	0	0	1	21	1201	1181	2.1	39.2
Query_40331	XM_012034484.1	100.000	21	0	0	1	21	380	360	2.1	39.2
Query_40331	XM_012034473.1	100.000	21	0	0	1	21	515	495	2.1	39.2
Query_40331	XM_012034463.1	100.000	21	0	0	1	21	1137	1117	2.1	39.2
Query_40331	XM_011522645.1	100.000	21	0	0	1	21	515	495	2.1	39.2
Query_40331	XM_005255540.2	100.000	21	0	0	1	21	404	384	2.1	39.2
Query_40331	KJ892346.1	100.000	21	0	0	1	21	320	300	2.1	39.2
Query_40331	CP068262.1	100.000	21	0	0	1	21	1336389	1336369	2.1	39.2
Query_40331	XM_036279293.1	100.000	21	0	0	1	21	241	221	2.1	39.2
Query_40331	XM_036279292.1	100.000	21	0	0	1	21	325	305	2.1	39.2
Query_40331	AP023476.1	100.000	21	0	0	1	21	1334035	1334015	2.1	39.2
Query_40331	AK291118.1	100.000	21	0	0	1	21	404	384	2.1	39.2
Query_40331	DQ894552.2	100.000	21	0	0	1	21	277	257	2.1	39.2
Query_40331	DQ891373.2	100.000	21	0	0	1	21	277	257	2.1	39.2
Query_40331	BC002345.1	100.000	21	0	0	1	21	1995	1975	2.1	39.2
Query_40331	BC051289.1	100.000	21	0	0	1	21	347	327	2.1	39.2
Query_40331	BC004429.1	100.000	21	0	0	1	21	317	297	2.1	39.2
Query_40331	BC004437.1	100.000	21	0	0	1	21	291	271	2.1	39.2
Query_40331	BC014997.1	100.000	21	0	0	1	21	2315	2295	2.1	39.2
Query_40331	AK024172.1	100.000	21	0	0	1	21	951	931	2.1	39.2
Query_40331	BT007741.1	100.000	21	0	0	1	21	255	235	2.1	39.2
Query_40331	BT007635.1	100.000	21	0	0	1	21	255	235	2.1	39.2
Query_40331	BT007010.1	100.000	21	0	0	1	21	255	235	2.1	39.2
Query_40331	BT006932.1	100.000	21	0	0	1	21	255	235	2.1	39.2
Query_40331	AB208988.1	100.000	21	0	0	1	21	494	474	2.1	39.2
Query_40331	AE006466.1	100.000	21	0	0	1	21	255834	255814	2.1	39.2
Query_40331	AL031714.8	100.000	21	0	0	1	21	8909	8889	2.1	39.2
Query_40331	AJ002385.1	100.000	21	0	0	1	21	333	313	2.1	39.2
Query_40331	U38785.1	100.000	21	0	0	1	21	347	327	2.1	39.2
Query_40331	U66867.1	100.000	21	0	0	1	21	1061	1041	2.1	39.2
Query_40331	U66818.1	100.000	21	0	0	1	21	342	322	2.1	39.2
Query_40331	U31882.1	100.000	21	0	0	1	21	348	328	2.1	39.2


