# blastn
# Iteration: 0
# Query: 
# RID: 7RPTT3JW016
# Database: nt
# Fields: query acc.ver, subject acc.ver, % identity, alignment length, mismatches, gap opens, q. start, q. end, s. start, s. end, evalue, bit score
# 103 hits found
Query_30245	XM_008698019.2	100.000	21	0	0	1	21	352	332	2.1	39.2
Query_30245	XM_008698018.2	100.000	21	0	0	1	21	330	310	2.1	39.2
Query_30245	XM_008698017.2	100.000	21	0	0	1	21	270	250	2.1	39.2
Query_30245	XM_008698016.2	100.000	21	0	0	1	21	396	376	2.1	39.2
Query_30245	XM_040459768.1	100.000	21	0	0	1	21	202	182	2.1	39.2
Query_30245	XM_040459767.1	100.000	21	0	0	1	21	205	185	2.1	39.2
Query_30245	XM_040459766.1	100.000	21	0	0	1	21	226	206	2.1	39.2
Query_30245	XM_040459764.1	100.000	21	0	0	1	21	442	422	2.1	39.2
Query_30245	XM_040459763.1	100.000	21	0	0	1	21	379	359	2.1	39.2
Query_30245	XM_040453115.1	100.000	21	0	0	1	21	367	347	2.1	39.2
Query_30245	XM_040483671.1	100.000	21	0	0	1	21	378	358	2.1	39.2
Query_30245	XM_040260091.1	100.000	21	0	0	1	21	295	275	2.1	39.2
Query_30245	XM_029070229.2	100.000	21	0	0	1	21	395	375	2.1	39.2
Query_30245	XM_016228206.3	100.000	21	0	0	1	21	469	449	2.1	39.2
Query_30245	HG994412.1	100.000	21	0	0	1	21	4440703	4440723	2.1	39.2
Query_30245	HG994407.1	100.000	21	0	0	1	21	38717986	38718006	2.1	39.2
Query_30245	HG994399.1	100.000	21	0	0	1	21	14112759	14112779	2.1	39.2
Query_30245	HG994399.1	100.000	21	0	0	1	21	55249705	55249685	2.1	39.2
Query_30245	HG994388.1	100.000	21	0	0	1	21	62871581	62871601	2.1	39.2
Query_30245	XM_039864588.1	100.000	21	0	0	1	21	560	540	2.1	39.2
Query_30245	XM_039864587.1	100.000	21	0	0	1	21	424	404	2.1	39.2
Query_30245	XM_039864586.1	100.000	21	0	0	1	21	2057	2037	2.1	39.2
Query_30245	XM_039864584.1	100.000	21	0	0	1	21	440	420	2.1	39.2
Query_30245	XM_039469929.1	100.000	21	0	0	1	21	256	236	2.1	39.2
Query_30245	XM_027722155.2	100.000	21	0	0	1	21	13	33	2.1	39.2
Query_30245	XM_027722154.2	100.000	21	0	0	1	21	13	33	2.1	39.2
Query_30245	CP068258.1	100.000	21	0	0	1	21	3392910	3392930	2.1	39.2
Query_30245	CP068258.1	100.000	21	0	0	1	21	51852490	51852510	2.1	39.2
Query_30245	XM_038432768.1	100.000	21	0	0	1	21	311	291	2.1	39.2
Query_30245	XM_038432767.1	100.000	21	0	0	1	21	415	395	2.1	39.2
Query_30245	XM_038687102.1	100.000	21	0	0	1	21	367	347	2.1	39.2
Query_30245	XM_038750001.1	100.000	21	0	0	1	21	459	439	2.1	39.2
Query_30245	XM_037988979.1	100.000	21	0	0	1	21	389	369	2.1	39.2
Query_30245	XM_037983802.1	100.000	21	0	0	1	21	374	354	2.1	39.2
Query_30245	XM_008014329.2	100.000	21	0	0	1	21	567	547	2.1	39.2
Query_30245	XM_037982646.1	100.000	21	0	0	1	21	350	330	2.1	39.2
Query_30245	XM_008014322.2	100.000	21	0	0	1	21	646	626	2.1	39.2
Query_30245	XM_037982645.1	100.000	21	0	0	1	21	351	331	2.1	39.2
Query_30245	XM_008014318.2	100.000	21	0	0	1	21	506	486	2.1	39.2
Query_30245	XM_008014312.2	100.000	21	0	0	1	21	440	420	2.1	39.2
Query_30245	XM_037996789.1	100.000	21	0	0	1	21	372	352	2.1	39.2
Query_30245	XM_037821188.1	100.000	21	0	0	1	21	376	356	2.1	39.2
Query_30245	XM_037844644.1	100.000	21	0	0	1	21	292	272	2.1	39.2
Query_30245	XM_037841024.1	100.000	21	0	0	1	21	229	209	2.1	39.2
Query_30245	XM_037841023.1	100.000	21	0	0	1	21	355	335	2.1	39.2
Query_30245	XM_037810938.1	100.000	21	0	0	1	21	392	372	2.1	39.2
Query_30245	XM_037808029.1	100.000	21	0	0	1	21	181	161	2.1	39.2
Query_30245	XM_037808017.1	100.000	21	0	0	1	21	120	140	2.1	39.2
Query_30245	XM_037799127.1	100.000	21	0	0	1	21	355	335	2.1	39.2
Query_30245	XM_037734717.1	100.000	21	0	0	1	21	368	348	2.1	39.2
Query_30245	XM_037743277.1	100.000	21	0	0	1	21	337	317	2.1	39.2
Query_30245	XR_005202231.1	100.000	21	0	0	1	21	370	350	2.1	39.2
Query_30245	XM_037739054.1	100.000	21	0	0	1	21	816	796	2.1	39.2
Query_30245	XR_005200512.1	100.000	21	0	0	1	21	652	632	2.1	39.2
Query_30245	XR_005200511.1	100.000	21	0	0	1	21	476	456	2.1	39.2
Query_30245	XR_005200510.1	100.000	21	0	0	1	21	704	684	2.1	39.2
Query_30245	XR_005200509.1	100.000	21	0	0	1	21	528	508	2.1	39.2
Query_30245	XM_017529922.2	100.000	21	0	0	1	21	443	423	2.1	39.2
Query_30245	XM_017529921.2	100.000	21	0	0	1	21	443	423	2.1	39.2
Query_30245	XM_037500285.1	100.000	21	0	0	1	21	404	384	2.1	39.2
Query_30245	XM_017651907.2	100.000	21	0	0	1	21	474	454	2.1	39.2
Query_30245	XM_017651906.2	100.000	21	0	0	1	21	570	550	2.1	39.2
Query_30245	XM_017651904.2	100.000	21	0	0	1	21	462	442	2.1	39.2
Query_30245	XM_017651903.2	100.000	21	0	0	1	21	440	420	2.1	39.2
Query_30245	CP062030.1	100.000	21	0	0	1	21	18807573	18807553	2.1	39.2
Query_30245	XM_036901999.1	100.000	21	0	0	1	21	463	443	2.1	39.2
Query_30245	XM_036901998.1	100.000	21	0	0	1	21	566	546	2.1	39.2
Query_30245	XM_036901997.1	100.000	21	0	0	1	21	352	332	2.1	39.2
Query_30245	XM_036901996.1	100.000	21	0	0	1	21	440	420	2.1	39.2
Query_30245	XM_036246753.1	100.000	21	0	0	1	21	229	209	2.1	39.2
Query_30245	XM_036229301.1	100.000	21	0	0	1	21	560	540	2.1	39.2
Query_30245	XM_016143743.2	100.000	21	0	0	1	21	424	404	2.1	39.2
Query_30245	XM_036229300.1	100.000	21	0	0	1	21	3203	3183	2.1	39.2
Query_30245	XM_016143742.2	100.000	21	0	0	1	21	431	411	2.1	39.2
Query_30245	AP023480.1	100.000	21	0	0	1	21	3287696	3287716	2.1	39.2
Query_30245	AP023480.1	100.000	21	0	0	1	21	48145308	48145328	2.1	39.2
Query_30245	XM_036064668.1	100.000	21	0	0	1	21	353	333	2.1	39.2
Query_30245	XM_036064667.1	100.000	21	0	0	1	21	561	541	2.1	39.2
Query_30245	XM_036064666.1	100.000	21	0	0	1	21	404	384	2.1	39.2
Query_30245	XM_036064665.1	100.000	21	0	0	1	21	353	333	2.1	39.2
Query_30245	XM_036078322.1	100.000	21	0	0	1	21	835	815	2.1	39.2
Query_30245	XM_036077669.1	100.000	21	0	0	1	21	2171	2151	2.1	39.2
Query_30245	NM_001257398.2	100.000	21	0	0	1	21	516	496	2.1	39.2
Query_30245	NM_001282579.2	100.000	21	0	0	1	21	477	457	2.1	39.2
Query_30245	NM_001282576.2	100.000	21	0	0	1	21	651	631	2.1	39.2
Query_30245	XM_025470388.2	100.000	21	0	0	1	21	309	289	2.1	39.2
Query_30245	XM_035705783.1	100.000	21	0	0	1	21	476	456	2.1	39.2
Query_30245	XM_025470385.2	100.000	21	0	0	1	21	440	420	2.1	39.2
Query_30245	XM_035725421.1	100.000	21	0	0	1	21	232	212	2.1	39.2
Query_30245	XM_027621509.2	100.000	21	0	0	1	21	282	262	2.1	39.2
Query_30245	XM_027621508.2	100.000	21	0	0	1	21	408	388	2.1	39.2
Query_30245	XM_035728383.1	100.000	21	0	0	1	21	355	335	2.1	39.2
Query_30245	XM_027606759.2	100.000	21	0	0	1	21	6497	6477	2.1	39.2
Query_30245	XM_035726584.1	100.000	21	0	0	1	21	340	320	2.1	39.2
Query_30245	XM_027610880.2	100.000	21	0	0	1	21	229	209	2.1	39.2
Query_30245	XM_027610879.2	100.000	21	0	0	1	21	355	335	2.1	39.2
Query_30245	XM_035721995.1	100.000	21	0	0	1	21	238	218	2.1	39.2
Query_30245	XM_017971642.2	100.000	21	0	0	1	21	789	769	2.1	39.2
Query_30245	XR_001909215.2	100.000	21	0	0	1	21	4002	3982	2.1	39.2
Query_30245	XM_035297863.1	100.000	21	0	0	1	21	610	590	2.1	39.2
Query_30245	XM_017971646.2	100.000	21	0	0	1	21	439	419	2.1	39.2
Query_30245	XM_035297862.1	100.000	21	0	0	1	21	841	821	2.1	39.2
Query_30245	XM_017971644.2	100.000	21	0	0	1	21	351	331	2.1	39.2


