# blastn
# Iteration: 0
# Query: 
# RID: 9PTHWFBF016
# Database: nt
# Fields: query acc.ver, subject acc.ver, % identity, alignment length, mismatches, gap opens, q. start, q. end, s. start, s. end, evalue, bit score
# 87 hits found
Query_37595	XM_008976634.2	100.000	21	0	0	1	21	508	488	2.1	39.2
Query_37595	XM_003823013.3	100.000	21	0	0	1	21	490	470	2.1	39.2
Query_37595	XM_033198362.1	100.000	21	0	0	1	21	461	441	2.1	39.2
Query_37595	XM_033198361.1	100.000	21	0	0	1	21	483	463	2.1	39.2
Query_37595	XM_033198360.1	100.000	21	0	0	1	21	483	463	2.1	39.2
Query_37595	XM_033198359.1	100.000	21	0	0	1	21	483	463	2.1	39.2
Query_37595	XM_033198358.1	100.000	21	0	0	1	21	377	357	2.1	39.2
Query_37595	XR_004434096.1	100.000	21	0	0	1	21	483	463	2.1	39.2
Query_37595	XM_033198357.1	100.000	21	0	0	1	21	731	711	2.1	39.2
Query_37595	XM_033198356.1	100.000	21	0	0	1	21	483	463	2.1	39.2
Query_37595	XM_023186845.3	100.000	21	0	0	1	21	845	825	2.1	39.2
Query_37595	XR_639001.4	100.000	21	0	0	1	21	506	486	2.1	39.2
Query_37595	XM_009189984.4	100.000	21	0	0	1	21	506	486	2.1	39.2
Query_37595	XM_019037287.2	100.000	21	0	0	1	21	466	446	2.1	39.2
Query_37595	XM_030930251.1	100.000	21	0	0	1	21	467	447	2.1	39.2
Query_37595	XM_010378845.2	100.000	21	0	0	1	21	490	470	2.1	39.2
Query_37595	XM_030930243.1	100.000	21	0	0	1	21	490	470	2.1	39.2
Query_37595	XM_015120156.2	100.000	21	0	0	1	21	461	441	2.1	39.2
Query_37595	XM_015120144.2	100.000	21	0	0	1	21	495	475	2.1	39.2
Query_37595	XM_015120123.2	100.000	21	0	0	1	21	495	475	2.1	39.2
Query_37595	XM_026456675.1	100.000	21	0	0	1	21	482	462	2.1	39.2
Query_37595	XM_023186848.2	100.000	21	0	0	1	21	482	462	2.1	39.2
Query_37595	XM_023186846.2	100.000	21	0	0	1	21	482	462	2.1	39.2
Query_37595	XM_023186844.2	100.000	21	0	0	1	21	482	462	2.1	39.2
Query_37595	XM_025391108.1	100.000	21	0	0	1	21	466	446	2.1	39.2
Query_37595	XM_025391104.1	100.000	21	0	0	1	21	462	442	2.1	39.2
Query_37595	NM_014176.4	100.000	21	0	0	1	21	433	413	2.1	39.2
Query_37595	XM_011746666.2	100.000	21	0	0	1	21	461	441	2.1	39.2
Query_37595	XM_011746665.2	100.000	21	0	0	1	21	832	812	2.1	39.2
Query_37595	XM_011746664.2	100.000	21	0	0	1	21	704	684	2.1	39.2
Query_37595	XM_011746662.2	100.000	21	0	0	1	21	486	466	2.1	39.2
Query_37595	XM_009440790.2	100.000	21	0	0	1	21	482	462	2.1	39.2
Query_37595	XM_024350983.1	100.000	21	0	0	1	21	802	782	2.1	39.2
Query_37595	XM_514102.6	100.000	21	0	0	1	21	493	473	2.1	39.2
Query_37595	XM_024239242.1	100.000	21	0	0	1	21	831	811	2.1	39.2
Query_37595	XM_002809603.4	100.000	21	0	0	1	21	478	458	2.1	39.2
Query_37595	XM_004625355.2	100.000	21	0	0	1	21	468	448	2.1	39.2
Query_37595	XM_023186847.1	100.000	21	0	0	1	21	482	462	2.1	39.2
Query_37595	XM_003893291.3	100.000	21	0	0	1	21	506	486	2.1	39.2
Query_37595	XM_012744454.2	100.000	21	0	0	1	21	546	526	2.1	39.2
Query_37595	LT735351.1	100.000	21	0	0	1	21	814	794	2.1	39.2
Query_37595	XM_004028164.2	100.000	21	0	0	1	21	462	442	2.1	39.2
Query_37595	XM_009189991.2	100.000	21	0	0	1	21	461	441	2.1	39.2
Query_37595	XM_015448187.1	100.000	21	0	0	1	21	461	441	2.1	39.2
Query_37595	XM_015448182.1	100.000	21	0	0	1	21	498	478	2.1	39.2
Query_37595	XM_015448175.1	100.000	21	0	0	1	21	498	478	2.1	39.2
Query_37595	XM_005540454.2	100.000	21	0	0	1	21	498	478	2.1	39.2
Query_37595	XM_005540453.2	100.000	21	0	0	1	21	432	412	2.1	39.2
Query_37595	XM_005540452.2	100.000	21	0	0	1	21	828	808	2.1	39.2
Query_37595	XM_005540451.2	100.000	21	0	0	1	21	694	674	2.1	39.2
Query_37595	XM_005540450.2	100.000	21	0	0	1	21	498	478	2.1	39.2
Query_37595	NG_042230.1	100.000	21	0	0	1	21	13673	13653	2.1	39.2
Query_37595	XM_012459474.1	100.000	21	0	0	1	21	473	453	2.1	39.2
Query_37595	XM_011931764.1	100.000	21	0	0	1	21	462	442	2.1	39.2
Query_37595	XM_011746661.1	100.000	21	0	0	1	21	486	466	2.1	39.2
Query_37595	XM_012037510.1	100.000	21	0	0	1	21	420	400	2.1	39.2
Query_37595	XM_012037503.1	100.000	21	0	0	1	21	404	384	2.1	39.2
Query_37595	XM_012037497.1	100.000	21	0	0	1	21	588	568	2.1	39.2
Query_37595	XM_012037489.1	100.000	21	0	0	1	21	857	837	2.1	39.2
Query_37595	XM_012037480.1	100.000	21	0	0	1	21	470	450	2.1	39.2
Query_37595	XM_012037472.1	100.000	21	0	0	1	21	470	450	2.1	39.2
Query_37595	XM_011990525.1	100.000	21	0	0	1	21	425	405	2.1	39.2
Query_37595	XM_011990523.1	100.000	21	0	0	1	21	462	442	2.1	39.2
Query_37595	XM_003938286.2	100.000	21	0	0	1	21	462	442	2.1	39.2
Query_37595	KJ893680.1	100.000	21	0	0	1	21	392	372	2.1	39.2
Query_37595	XM_007988939.2	100.000	21	0	0	1	21	432	412	2.1	39.2
Query_37595	XM_037985742.1	100.000	21	0	0	1	21	782	762	2.1	39.2
Query_37595	XM_007988937.2	100.000	21	0	0	1	21	498	478	2.1	39.2
Query_37595	XM_007988936.2	100.000	21	0	0	1	21	497	477	2.1	39.2
Query_37595	NM_001310326.2	100.000	21	0	0	1	21	437	417	2.1	39.2
Query_37595	CU678593.1	100.000	21	0	0	1	21	286	306	2.1	39.2
Query_37595	CU678592.1	100.000	21	0	0	1	21	343	323	2.1	39.2
Query_37595	DQ895975.2	100.000	21	0	0	1	21	349	329	2.1	39.2
Query_37595	DQ892729.2	100.000	21	0	0	1	21	349	329	2.1	39.2
Query_37595	BC019284.1	100.000	21	0	0	1	21	425	405	2.1	39.2
Query_37595	AL356953.17	100.000	21	0	0	1	21	150313	150333	2.1	39.2
Query_37595	BC004152.2	100.000	21	0	0	1	21	425	405	2.1	39.2
Query_37595	AF160215.1	100.000	21	0	0	1	21	420	400	2.1	39.2
Query_37595	AK000504.1	100.000	21	0	0	1	21	418	398	2.1	39.2
Query_37595	AF161499.1	100.000	21	0	0	1	21	453	433	2.1	39.2
Query_37595	AY542309.1	100.000	21	0	0	1	21	328	308	2.1	39.2
Query_37595	AB032931.1	100.000	21	0	0	1	21	369	349	2.1	39.2
Query_37595	XM_013157880.1	100.000	20	0	0	2	21	553	534	7.5	37.4
Query_37595	XM_003474833.2	100.000	20	0	0	2	21	553	534	7.5	37.4
Query_37595	XM_035280890.1	100.000	20	0	0	2	21	788	769	7.5	37.4
Query_37595	XM_035280892.1	100.000	20	0	0	2	21	502	483	7.5	37.4
Query_37595	XM_002760652.4	100.000	20	0	0	2	21	479	460	7.5	37.4


