# blastn
# Iteration: 0
# Query: 
# RID: 9PVV82W201N
# Database: nt
# Fields: query acc.ver, subject acc.ver, % identity, alignment length, mismatches, gap opens, q. start, q. end, s. start, s. end, evalue, bit score
# 24 hits found
Query_517965	XM_003822875.4	100.000	21	0	0	1	21	1102	1082	2.1	39.2
Query_517965	XM_004044402.3	100.000	21	0	0	1	21	619	599	2.1	39.2
Query_517965	NM_016021.3	100.000	21	0	0	1	21	450	430	2.1	39.2
Query_517965	XM_011535888.3	100.000	21	0	0	1	21	883	863	2.1	39.2
Query_517965	XM_011535887.2	100.000	21	0	0	1	21	883	863	2.1	39.2
Query_517965	XM_518636.7	100.000	21	0	0	1	21	761	741	2.1	39.2
Query_517965	LT738201.1	100.000	21	0	0	1	21	784	764	2.1	39.2
Query_517965	XM_019029617.1	100.000	21	0	0	1	21	312	292	2.1	39.2
Query_517965	XM_007533533.2	100.000	21	0	0	1	21	418	398	2.1	39.2
Query_517965	KJ898902.1	100.000	21	0	0	1	21	362	342	2.1	39.2
Query_517965	AB464335.1	100.000	21	0	0	1	21	306	286	2.1	39.2
Query_517965	AK300629.1	100.000	21	0	0	1	21	373	353	2.1	39.2
Query_517965	AK290574.1	100.000	21	0	0	1	21	470	450	2.1	39.2
Query_517965	EU176317.1	100.000	21	0	0	1	21	319	299	2.1	39.2
Query_517965	DQ895144.2	100.000	21	0	0	1	21	319	299	2.1	39.2
Query_517965	AK223464.1	100.000	21	0	0	1	21	367	347	2.1	39.2
Query_517965	AL138717.6	100.000	21	0	0	1	21	7111	7131	2.1	39.2
Query_517965	U93243.1	100.000	21	0	0	1	21	324	304	2.1	39.2
Query_517965	AJ245898.1	100.000	21	0	0	1	21	359	339	2.1	39.2
Query_517965	AF151039.1	100.000	21	0	0	1	21	21	1	2.1	39.2
Query_517965	AF161502.1	100.000	21	0	0	1	21	323	303	2.1	39.2
Query_517965	AF151834.1	100.000	21	0	0	1	21	435	415	2.1	39.2
Query_517965	AJ420578.1	100.000	21	0	0	1	21	277	257	2.1	39.2
Query_517965	BC013973.1	100.000	21	0	0	1	21	590	570	2.1	39.2


