# blastn
# Iteration: 0
# Query: 
# RID: 6U98FD6G013
# Database: nt
# Fields: query acc.ver, subject acc.ver, % identity, alignment length, mismatches, gap opens, q. start, q. end, s. start, s. end, evalue, bit score
# 100 hits found
Query_34723	XM_040487575.1	100.000	21	0	0	1	21	380	360	2.1	39.2
Query_34723	XM_040293935.1	100.000	21	0	0	1	21	359	339	2.1	39.2
Query_34723	XM_005335831.3	100.000	21	0	0	1	21	387	367	2.1	39.2
Query_34723	XM_040262050.1	100.000	21	0	0	1	21	380	360	2.1	39.2
Query_34723	HG994412.1	100.000	21	0	0	1	21	24627087	24627107	2.1	39.2
Query_34723	XM_039571522.1	100.000	21	0	0	1	21	373	353	2.1	39.2
Query_34723	XM_039571520.1	100.000	21	0	0	1	21	320	300	2.1	39.2
Query_34723	XM_039571516.1	100.000	21	0	0	1	21	323	303	2.1	39.2
Query_34723	XM_039524425.1	100.000	21	0	0	1	21	399	379	2.1	39.2
Query_34723	XM_039524424.1	100.000	21	0	0	1	21	398	378	2.1	39.2
Query_34723	XM_039524423.1	100.000	21	0	0	1	21	400	380	2.1	39.2
Query_34723	XM_039524422.1	100.000	21	0	0	1	21	400	380	2.1	39.2
Query_34723	XM_003940686.2	100.000	21	0	0	1	21	381	361	2.1	39.2
Query_34723	XM_039238384.1	100.000	21	0	0	1	21	296	276	2.1	39.2
Query_34723	XM_039238383.1	100.000	21	0	0	1	21	380	360	2.1	39.2
Query_34723	XM_038441410.1	100.000	21	0	0	1	21	453	433	2.1	39.2
Query_34723	XM_038441409.1	100.000	21	0	0	1	21	387	367	2.1	39.2
Query_34723	XM_038441408.1	100.000	21	0	0	1	21	387	367	2.1	39.2
Query_34723	XM_038441407.1	100.000	21	0	0	1	21	387	367	2.1	39.2
Query_34723	XM_038460825.1	100.000	21	0	0	1	21	453	433	2.1	39.2
Query_34723	XM_544128.6	100.000	21	0	0	1	21	387	367	2.1	39.2
Query_34723	XM_022412442.2	100.000	21	0	0	1	21	387	367	2.1	39.2
Query_34723	XM_022412441.2	100.000	21	0	0	1	21	387	367	2.1	39.2
Query_34723	XM_038392137.1	100.000	21	0	0	1	21	664	644	2.1	39.2
Query_34723	XM_038392136.1	100.000	21	0	0	1	21	472	452	2.1	39.2
Query_34723	XM_038392135.1	100.000	21	0	0	1	21	457	437	2.1	39.2
Query_34723	XM_038347775.1	100.000	21	0	0	1	21	333	313	2.1	39.2
Query_34723	XR_005255694.1	100.000	21	0	0	1	21	346	326	2.1	39.2
Query_34723	XM_038126984.1	100.000	21	0	0	1	21	263	243	2.1	39.2
Query_34723	XM_038126983.1	100.000	21	0	0	1	21	346	326	2.1	39.2
Query_34723	XM_038126982.1	100.000	21	0	0	1	21	308	288	2.1	39.2
Query_34723	XM_038126981.1	100.000	21	0	0	1	21	347	327	2.1	39.2
Query_34723	XM_008000897.2	100.000	21	0	0	1	21	428	408	2.1	39.2
Query_34723	XM_038000381.1	100.000	21	0	0	1	21	479	459	2.1	39.2
Query_34723	XM_008000899.2	100.000	21	0	0	1	21	401	381	2.1	39.2
Query_34723	XM_037892427.1	100.000	21	0	0	1	21	412	392	2.1	39.2
Query_34723	XM_037892426.1	100.000	21	0	0	1	21	382	362	2.1	39.2
Query_34723	XM_037892425.1	100.000	21	0	0	1	21	412	392	2.1	39.2
Query_34723	XM_037892424.1	100.000	21	0	0	1	21	412	392	2.1	39.2
Query_34723	XM_037892423.1	100.000	21	0	0	1	21	412	392	2.1	39.2
Query_34723	XM_037830081.1	100.000	21	0	0	1	21	317	297	2.1	39.2
Query_34723	XM_037802819.1	100.000	21	0	0	1	21	308	288	2.1	39.2
Query_34723	XM_037802818.1	100.000	21	0	0	1	21	318	298	2.1	39.2
Query_34723	XM_037735437.1	100.000	21	0	0	1	21	334	314	2.1	39.2
Query_34723	XM_017520170.2	100.000	21	0	0	1	21	374	354	2.1	39.2
Query_34723	XM_017520171.2	100.000	21	0	0	1	21	381	361	2.1	39.2
Query_34723	XM_037505287.1	100.000	21	0	0	1	21	662	642	2.1	39.2
Query_34723	XM_037505278.1	100.000	21	0	0	1	21	394	374	2.1	39.2
Query_34723	XM_037505272.1	100.000	21	0	0	1	21	381	361	2.1	39.2
Query_34723	XM_037379052.1	100.000	21	0	0	1	21	424	404	2.1	39.2
Query_34723	XM_037379051.1	100.000	21	0	0	1	21	584	564	2.1	39.2
Query_34723	XR_005102966.1	100.000	21	0	0	1	21	408	388	2.1	39.2
Query_34723	XM_037379050.1	100.000	21	0	0	1	21	408	388	2.1	39.2
Query_34723	XM_037206429.1	100.000	21	0	0	1	21	386	366	2.1	39.2
Query_34723	XM_028864631.2	100.000	21	0	0	1	21	385	365	2.1	39.2
Query_34723	XM_037150958.1	100.000	21	0	0	1	21	367	347	2.1	39.2
Query_34723	XM_037150957.1	100.000	21	0	0	1	21	367	347	2.1	39.2
Query_34723	XM_037150956.1	100.000	21	0	0	1	21	367	347	2.1	39.2
Query_34723	XM_037150955.1	100.000	21	0	0	1	21	493	473	2.1	39.2
Query_34723	XM_037150954.1	100.000	21	0	0	1	21	536	516	2.1	39.2
Query_34723	XM_037150953.1	100.000	21	0	0	1	21	1216	1196	2.1	39.2
Query_34723	XM_037150952.1	100.000	21	0	0	1	21	400	380	2.1	39.2
Query_34723	XM_037150950.1	100.000	21	0	0	1	21	367	347	2.1	39.2
Query_34723	XM_037039733.1	100.000	21	0	0	1	21	507	487	2.1	39.2
Query_34723	XM_037039732.1	100.000	21	0	0	1	21	414	394	2.1	39.2
Query_34723	XM_037039731.1	100.000	21	0	0	1	21	395	375	2.1	39.2
Query_34723	XM_037039730.1	100.000	21	0	0	1	21	395	375	2.1	39.2
Query_34723	XM_037039729.1	100.000	21	0	0	1	21	395	375	2.1	39.2
Query_34723	XM_037039728.1	100.000	21	0	0	1	21	395	375	2.1	39.2
Query_34723	XM_037039727.1	100.000	21	0	0	1	21	395	375	2.1	39.2
Query_34723	XM_036997962.1	100.000	21	0	0	1	21	424	404	2.1	39.2
Query_34723	XM_036997961.1	100.000	21	0	0	1	21	386	366	2.1	39.2
Query_34723	XM_036887525.1	100.000	21	0	0	1	21	424	404	2.1	39.2
Query_34723	XM_036887524.1	100.000	21	0	0	1	21	383	363	2.1	39.2
Query_34723	XM_036437154.1	100.000	21	0	0	1	21	386	366	2.1	39.2
Query_34723	XM_036338550.1	100.000	21	0	0	1	21	362	342	2.1	39.2
Query_34723	XM_036338549.1	100.000	21	0	0	1	21	362	342	2.1	39.2
Query_34723	XM_036338548.1	100.000	21	0	0	1	21	362	342	2.1	39.2
Query_34723	XM_036338547.1	100.000	21	0	0	1	21	362	342	2.1	39.2
Query_34723	XM_036263809.1	100.000	21	0	0	1	21	381	361	2.1	39.2
Query_34723	XM_006495557.5	100.000	21	0	0	1	21	487	467	2.1	39.2
Query_34723	XR_003946406.2	100.000	21	0	0	1	21	8771	8751	2.1	39.2
Query_34723	XR_004934078.1	100.000	21	0	0	1	21	8801	8781	2.1	39.2
Query_34723	XM_036065339.1	100.000	21	0	0	1	21	395	375	2.1	39.2
Query_34723	XM_028517848.2	100.000	21	0	0	1	21	393	373	2.1	39.2
Query_34723	XM_036031029.1	100.000	21	0	0	1	21	393	373	2.1	39.2
Query_34723	XM_036031028.1	100.000	21	0	0	1	21	393	373	2.1	39.2
Query_34723	XM_035890058.1	100.000	21	0	0	1	21	348	328	2.1	39.2
Query_34723	XM_009634491.2	100.000	21	0	0	1	21	339	319	2.1	39.2
Query_34723	XM_035708300.1	100.000	21	0	0	1	21	453	433	2.1	39.2
Query_34723	XM_025478024.2	100.000	21	0	0	1	21	387	367	2.1	39.2
Query_34723	XM_025478023.2	100.000	21	0	0	1	21	387	367	2.1	39.2
Query_34723	XM_025478021.2	100.000	21	0	0	1	21	387	367	2.1	39.2
Query_34723	XM_027608828.2	100.000	21	0	0	1	21	380	360	2.1	39.2
Query_34723	LR862371.1	100.000	21	0	0	1	21	34908642	34908662	2.1	39.2
Query_34723	XM_027398805.2	100.000	21	0	0	1	21	401	381	2.1	39.2
Query_34723	XM_035440001.1	100.000	21	0	0	1	21	401	381	2.1	39.2
Query_34723	XM_016974779.3	100.000	21	0	0	1	21	310	290	2.1	39.2
Query_34723	XM_035454779.1	100.000	21	0	0	1	21	310	290	2.1	39.2
Query_34723	XM_008982789.4	100.000	21	0	0	1	21	456	436	2.1	39.2


