# blastn
# Iteration: 0
# Query: 
# RID: 9PVA1S8J016
# Database: nt
# Fields: query acc.ver, subject acc.ver, % identity, alignment length, mismatches, gap opens, q. start, q. end, s. start, s. end, evalue, bit score
# 31 hits found
Query_52913	NR_073119.3	100.000	21	0	0	1	21	140	120	2.1	39.2
Query_52913	NR_073120.3	100.000	21	0	0	1	21	140	120	2.1	39.2
Query_52913	NR_073121.3	100.000	21	0	0	1	21	140	120	2.1	39.2
Query_52913	NM_001001481.4	100.000	21	0	0	1	21	173	153	2.1	39.2
Query_52913	NM_001271015.3	100.000	21	0	0	1	21	140	120	2.1	39.2
Query_52913	NM_018299.6	100.000	21	0	0	1	21	140	120	2.1	39.2
Query_52913	CP033921.1	100.000	21	0	0	1	21	2720469	2720489	2.1	39.2
Query_52913	CP033920.1	100.000	21	0	0	1	21	4695477	4695497	2.1	39.2
Query_52913	LT733781.1	100.000	21	0	0	1	21	587	567	2.1	39.2
Query_52913	KJ894177.1	100.000	21	0	0	1	21	165	145	2.1	39.2
Query_52913	LR990341.1	100.000	21	0	0	1	21	16213929	16213909	2.1	39.2
Query_52913	LR990341.1	100.000	21	0	0	1	21	16236053	16236033	2.1	39.2
Query_52913	LR990341.1	100.000	21	0	0	1	21	16237956	16237936	2.1	39.2
Query_52913	LR990341.1	100.000	21	0	0	1	21	16255315	16255295	2.1	39.2
Query_52913	LR990341.1	100.000	21	0	0	1	21	16257218	16257198	2.1	39.2
Query_52913	LR990341.1	100.000	21	0	0	1	21	16269085	16269065	2.1	39.2
Query_52913	AK295792.1	100.000	21	0	0	1	21	188	168	2.1	39.2
Query_52913	AK225554.1	100.000	21	0	0	1	21	119	99	2.1	39.2
Query_52913	AY948289.1	100.000	21	0	0	1	21	157	137	2.1	39.2
Query_52913	BC016326.1	100.000	21	0	0	1	21	142	122	2.1	39.2
Query_52913	AK024050.1	100.000	21	0	0	1	21	186	166	2.1	39.2
Query_52913	AK021735.1	100.000	21	0	0	1	21	103	83	2.1	39.2
Query_52913	AK001873.1	100.000	21	0	0	1	21	103	83	2.1	39.2
Query_52913	AC022826.12	100.000	21	0	0	1	21	133880	133900	2.1	39.2
Query_52913	CR457275.1	100.000	21	0	0	1	21	100	80	2.1	39.2
Query_52913	BX648427.1	100.000	21	0	0	1	21	117	97	2.1	39.2
Query_52913	BX538145.1	100.000	21	0	0	1	21	111	91	2.1	39.2
Query_52913	XM_009245736.2	100.000	20	0	0	2	21	5427	5446	7.5	37.4
Query_52913	CP020559.1	100.000	20	0	0	2	21	1664463	1664482	7.5	37.4
Query_52913	CP017603.1	100.000	20	0	0	2	21	2858638	2858657	7.5	37.4
Query_52913	HG992285.1	100.000	20	0	0	2	21	5438505	5438486	7.5	37.4


