# blastn
# Iteration: 0
# Query: 
# RID: 6ZPUM6FV013
# Database: nt
# Fields: query acc.ver, subject acc.ver, % identity, alignment length, mismatches, gap opens, q. start, q. end, s. start, s. end, evalue, bit score
# 100 hits found
Query_33917	XM_008969522.2	100.000	21	0	0	1	21	449	429	2.1	39.2
Query_33917	XM_003816462.3	100.000	21	0	0	1	21	446	426	2.1	39.2
Query_33917	XM_008969525.2	100.000	21	0	0	1	21	837	817	2.1	39.2
Query_33917	XM_003816463.3	100.000	21	0	0	1	21	956	936	2.1	39.2
Query_33917	XM_011218156.3	100.000	21	0	0	1	21	375	355	2.1	39.2
Query_33917	XM_027939722.2	100.000	21	0	0	1	21	376	356	2.1	39.2
Query_33917	XM_034509418.1	100.000	21	0	0	1	21	372	352	2.1	39.2
Query_33917	XM_033213693.1	100.000	21	0	0	1	21	365	345	2.1	39.2
Query_33917	XM_033213692.1	100.000	21	0	0	1	21	471	451	2.1	39.2
Query_33917	XM_033213688.1	100.000	21	0	0	1	21	497	477	2.1	39.2
Query_33917	XM_033213687.1	100.000	21	0	0	1	21	497	477	2.1	39.2
Query_33917	XM_032915907.1	100.000	21	0	0	1	21	375	355	2.1	39.2
Query_33917	XM_032855413.1	100.000	21	0	0	1	21	378	358	2.1	39.2
Query_33917	XM_032855406.1	100.000	21	0	0	1	21	307	287	2.1	39.2
Query_33917	XM_032855399.1	100.000	21	0	0	1	21	322	302	2.1	39.2
Query_33917	XM_032333774.1	100.000	21	0	0	1	21	311	291	2.1	39.2
Query_33917	XM_032333773.1	100.000	21	0	0	1	21	305	285	2.1	39.2
Query_33917	XM_032333770.1	100.000	21	0	0	1	21	385	365	2.1	39.2
Query_33917	XM_032333769.1	100.000	21	0	0	1	21	385	365	2.1	39.2
Query_33917	XM_032254143.1	100.000	21	0	0	1	21	330	310	2.1	39.2
Query_33917	XM_032254142.1	100.000	21	0	0	1	21	945	925	2.1	39.2
Query_33917	XM_032135912.1	100.000	21	0	0	1	21	497	477	2.1	39.2
Query_33917	XM_032135911.1	100.000	21	0	0	1	21	497	477	2.1	39.2
Query_33917	XM_032135907.1	100.000	21	0	0	1	21	836	816	2.1	39.2
Query_33917	XM_032135906.1	100.000	21	0	0	1	21	955	935	2.1	39.2
Query_33917	XR_002730588.3	100.000	21	0	0	1	21	495	475	2.1	39.2
Query_33917	NM_001193938.2	100.000	21	0	0	1	21	311	291	2.1	39.2
Query_33917	XM_009206489.4	100.000	21	0	0	1	21	332	312	2.1	39.2
Query_33917	XM_017958555.2	100.000	21	0	0	1	21	368	348	2.1	39.2
Query_33917	XM_031341898.1	100.000	21	0	0	1	21	357	337	2.1	39.2
Query_33917	XM_019025660.2	100.000	21	0	0	1	21	497	477	2.1	39.2
Query_33917	XM_004038403.3	100.000	21	0	0	1	21	497	477	2.1	39.2
Query_33917	XM_019025423.2	100.000	21	0	0	1	21	843	823	2.1	39.2
Query_33917	XM_031009952.1	100.000	21	0	0	1	21	962	942	2.1	39.2
Query_33917	XM_010370043.2	100.000	21	0	0	1	21	281	261	2.1	39.2
Query_33917	XM_012499717.2	100.000	21	0	0	1	21	960	940	2.1	39.2
Query_33917	XM_012499712.2	100.000	21	0	0	1	21	841	821	2.1	39.2
Query_33917	XM_030801281.1	100.000	21	0	0	1	21	960	940	2.1	39.2
Query_33917	XM_030314245.1	100.000	21	0	0	1	21	303	283	2.1	39.2
Query_33917	XM_029556492.1	100.000	21	0	0	1	21	333	313	2.1	39.2
Query_33917	XM_008853801.3	100.000	21	0	0	1	21	333	313	2.1	39.2
Query_33917	XM_021210658.2	100.000	21	0	0	1	21	347	327	2.1	39.2
Query_33917	XM_021163845.2	100.000	21	0	0	1	21	345	325	2.1	39.2
Query_33917	XM_015140055.2	100.000	21	0	0	1	21	243	223	2.1	39.2
Query_33917	XM_040488406.1	100.000	21	0	0	1	21	256	236	2.1	39.2
Query_33917	XM_040488380.1	100.000	21	0	0	1	21	348	328	2.1	39.2
Query_33917	XM_040488372.1	100.000	21	0	0	1	21	338	318	2.1	39.2
Query_33917	XM_005318983.4	100.000	21	0	0	1	21	327	307	2.1	39.2
Query_33917	XM_040237584.1	100.000	21	0	0	1	21	446	426	2.1	39.2
Query_33917	XM_040237583.1	100.000	21	0	0	1	21	561	541	2.1	39.2
Query_33917	HG994384.1	100.000	21	0	0	1	21	60326423	60326403	2.1	39.2
Query_33917	XM_039468535.1	100.000	21	0	0	1	21	415	395	2.1	39.2
Query_33917	XM_039468391.1	100.000	21	0	0	1	21	311	291	2.1	39.2
Query_33917	XM_039468390.1	100.000	21	0	0	1	21	469	449	2.1	39.2
Query_33917	XR_005528440.1	100.000	21	0	0	1	21	280	260	2.1	39.2
Query_33917	XM_039232137.1	100.000	21	0	0	1	21	280	260	2.1	39.2
Query_33917	XM_039232132.1	100.000	21	0	0	1	21	333	313	2.1	39.2
Query_33917	XM_039232131.1	100.000	21	0	0	1	21	338	318	2.1	39.2
Query_33917	XM_038661584.1	100.000	21	0	0	1	21	351	331	2.1	39.2
Query_33917	XM_038661583.1	100.000	21	0	0	1	21	351	331	2.1	39.2
Query_33917	XM_005618443.4	100.000	21	0	0	1	21	351	331	2.1	39.2
Query_33917	XM_005618442.4	100.000	21	0	0	1	21	351	331	2.1	39.2
Query_33917	XM_038339243.1	100.000	21	0	0	1	21	375	355	2.1	39.2
Query_33917	XM_008017978.2	100.000	21	0	0	1	21	496	476	2.1	39.2
Query_33917	XM_008017973.2	100.000	21	0	0	1	21	366	346	2.1	39.2
Query_33917	XM_008017972.2	100.000	21	0	0	1	21	363	343	2.1	39.2
Query_33917	XM_037828890.1	100.000	21	0	0	1	21	380	360	2.1	39.2
Query_33917	XM_037828885.1	100.000	21	0	0	1	21	411	391	2.1	39.2
Query_33917	XR_005215741.1	100.000	21	0	0	1	21	410	390	2.1	39.2
Query_33917	XM_037810954.1	100.000	21	0	0	1	21	1105	1085	2.1	39.2
Query_33917	XR_005212984.1	100.000	21	0	0	1	21	1099	1079	2.1	39.2
Query_33917	XM_037742216.1	100.000	21	0	0	1	21	829	809	2.1	39.2
Query_33917	XM_017539121.2	100.000	21	0	0	1	21	331	311	2.1	39.2
Query_33917	XM_017539120.2	100.000	21	0	0	1	21	469	449	2.1	39.2
Query_33917	XM_028882342.2	100.000	21	0	0	1	21	371	351	2.1	39.2
Query_33917	XM_037126982.1	100.000	21	0	0	1	21	313	293	2.1	39.2
Query_33917	XM_037126981.1	100.000	21	0	0	1	21	370	350	2.1	39.2
Query_33917	XM_037046159.1	100.000	21	0	0	1	21	309	289	2.1	39.2
Query_33917	XM_036853643.1	100.000	21	0	0	1	21	365	345	2.1	39.2
Query_33917	XM_036267799.1	100.000	21	0	0	1	21	360	340	2.1	39.2
Query_33917	XM_036200873.1	100.000	21	0	0	1	21	367	347	2.1	39.2
Query_33917	XM_028506300.2	100.000	21	0	0	1	21	351	331	2.1	39.2
Query_33917	LR877233.1	100.000	21	0	0	1	21	28303032	28303052	2.1	39.2
Query_33917	LR877197.1	100.000	21	0	0	1	21	31004207	31004227	2.1	39.2
Query_33917	NM_001272053.2	100.000	21	0	0	1	21	248	228	2.1	39.2
Query_33917	NM_033296.3	100.000	21	0	0	1	21	367	347	2.1	39.2
Query_33917	XM_025437576.2	100.000	21	0	0	1	21	351	331	2.1	39.2
Query_33917	XM_025437575.2	100.000	21	0	0	1	21	351	331	2.1	39.2
Query_33917	XM_035726385.1	100.000	21	0	0	1	21	304	284	2.1	39.2
Query_33917	XM_035726384.1	100.000	21	0	0	1	21	358	338	2.1	39.2
Query_33917	XM_035726087.1	100.000	21	0	0	1	21	364	344	2.1	39.2
Query_33917	XM_035726086.1	100.000	21	0	0	1	21	364	344	2.1	39.2
Query_33917	XM_035726085.1	100.000	21	0	0	1	21	364	344	2.1	39.2
Query_33917	XM_035726084.1	100.000	21	0	0	1	21	364	344	2.1	39.2
Query_33917	XM_027387082.2	100.000	21	0	0	1	21	348	328	2.1	39.2
Query_33917	XM_003496616.5	100.000	21	0	0	1	21	348	328	2.1	39.2
Query_33917	XM_002746013.4	100.000	21	0	0	1	21	1260	1240	2.1	39.2
Query_33917	XM_035294127.1	100.000	21	0	0	1	21	343	323	2.1	39.2
Query_33917	XM_008993623.3	100.000	21	0	0	1	21	378	358	2.1	39.2
Query_33917	XM_008993622.3	100.000	21	0	0	1	21	469	449	2.1	39.2


