# blastn
# Iteration: 0
# Query: 
# RID: 8YVHCMAD013
# Database: nt
# Fields: query acc.ver, subject acc.ver, % identity, alignment length, mismatches, gap opens, q. start, q. end, s. start, s. end, evalue, bit score
# 77 hits found
Query_13753	XM_034958465.1	100.000	21	0	0	1	21	493	473	2.1	39.2
Query_13753	XM_034958464.1	100.000	21	0	0	1	21	604	584	2.1	39.2
Query_13753	XM_033214027.1	100.000	21	0	0	1	21	397	377	2.1	39.2
Query_13753	XM_033214026.1	100.000	21	0	0	1	21	283	263	2.1	39.2
Query_13753	XM_033214025.1	100.000	21	0	0	1	21	532	512	2.1	39.2
Query_13753	XM_033214024.1	100.000	21	0	0	1	21	483	463	2.1	39.2
Query_13753	XM_033214023.1	100.000	21	0	0	1	21	682	662	2.1	39.2
Query_13753	XM_032136191.1	100.000	21	0	0	1	21	686	666	2.1	39.2
Query_13753	XM_023224702.3	100.000	21	0	0	1	21	220	200	2.1	39.2
Query_13753	XM_023224701.3	100.000	21	0	0	1	21	501	481	2.1	39.2
Query_13753	XM_023224700.3	100.000	21	0	0	1	21	473	453	2.1	39.2
Query_13753	XM_023224699.3	100.000	21	0	0	1	21	682	662	2.1	39.2
Query_13753	XM_031664650.1	100.000	21	0	0	1	21	269	249	2.1	39.2
Query_13753	XM_021938381.2	100.000	21	0	0	1	21	493	473	2.1	39.2
Query_13753	XM_003898597.4	100.000	21	0	0	1	21	682	662	2.1	39.2
Query_13753	XM_019025601.2	100.000	21	0	0	1	21	217	197	2.1	39.2
Query_13753	XM_004038573.3	100.000	21	0	0	1	21	682	662	2.1	39.2
Query_13753	XM_010384547.2	100.000	21	0	0	1	21	682	662	2.1	39.2
Query_13753	XM_030800871.1	100.000	21	0	0	1	21	686	666	2.1	39.2
Query_13753	NM_001312647.2	100.000	21	0	0	1	21	504	484	2.1	39.2
Query_13753	NM_001312648.2	100.000	21	0	0	1	21	498	478	2.1	39.2
Query_13753	NM_001111113.2	100.000	21	0	0	1	21	439	419	2.1	39.2
Query_13753	XM_028848016.1	100.000	21	0	0	1	21	585	565	2.1	39.2
Query_13753	NM_005339.5	100.000	21	0	0	1	21	592	572	2.1	39.2
Query_13753	XM_025385140.1	100.000	21	0	0	1	21	164	144	2.1	39.2
Query_13753	XM_025385138.1	100.000	21	0	0	1	21	206	186	2.1	39.2
Query_13753	XM_025385137.1	100.000	21	0	0	1	21	590	570	2.1	39.2
Query_13753	XM_025385136.1	100.000	21	0	0	1	21	596	576	2.1	39.2
Query_13753	XM_025385134.1	100.000	21	0	0	1	21	531	511	2.1	39.2
Query_13753	XM_025385132.1	100.000	21	0	0	1	21	687	667	2.1	39.2
Query_13753	XM_016950973.2	100.000	21	0	0	1	21	586	566	2.1	39.2
Query_13753	XM_009447486.3	100.000	21	0	0	1	21	527	507	2.1	39.2
Query_13753	XM_024245916.1	100.000	21	0	0	1	21	590	570	2.1	39.2
Query_13753	XM_002814684.3	100.000	21	0	0	1	21	687	667	2.1	39.2
Query_13753	XM_023583793.1	100.000	21	0	0	1	21	529	509	2.1	39.2
Query_13753	XM_004475464.3	100.000	21	0	0	1	21	630	610	2.1	39.2
Query_13753	XM_012474955.2	100.000	21	0	0	1	21	687	667	2.1	39.2
Query_13753	LT735837.1	100.000	21	0	0	1	21	887	867	2.1	39.2
Query_13753	XM_017854256.1	100.000	21	0	0	1	21	806	786	2.1	39.2
Query_13753	XM_015450067.1	100.000	21	0	0	1	21	585	565	2.1	39.2
Query_13753	XM_015450066.1	100.000	21	0	0	1	21	591	571	2.1	39.2
Query_13753	XM_012057901.1	100.000	21	0	0	1	21	682	662	2.1	39.2
Query_13753	XM_011949088.1	100.000	21	0	0	1	21	531	511	2.1	39.2
Query_13753	XM_011949085.1	100.000	21	0	0	1	21	687	667	2.1	39.2
Query_13753	XM_011949084.1	100.000	21	0	0	1	21	913	893	2.1	39.2
Query_13753	XM_011983567.1	100.000	21	0	0	1	21	531	511	2.1	39.2
Query_13753	XM_011983564.1	100.000	21	0	0	1	21	687	667	2.1	39.2
Query_13753	KJ891343.1	100.000	21	0	0	1	21	465	445	2.1	39.2
Query_13753	XM_003940989.2	100.000	21	0	0	1	21	479	459	2.1	39.2
Query_13753	XM_039468204.1	100.000	21	0	0	1	21	498	478	2.1	39.2
Query_13753	NM_001260841.2	100.000	21	0	0	1	21	449	429	2.1	39.2
Query_13753	XM_038008617.1	100.000	21	0	0	1	21	510	490	2.1	39.2
Query_13753	XM_008017600.2	100.000	21	0	0	1	21	682	662	2.1	39.2
Query_13753	NM_001246525.1	100.000	21	0	0	1	21	557	537	2.1	39.2
Query_13753	AB527742.1	100.000	21	0	0	1	21	409	389	2.1	39.2
Query_13753	CU690733.1	100.000	21	0	0	1	21	219	239	2.1	39.2
Query_13753	EU446896.1	100.000	21	0	0	1	21	422	402	2.1	39.2
Query_13753	AK315524.1	100.000	21	0	0	1	21	610	590	2.1	39.2
Query_13753	AK307130.1	100.000	21	0	0	1	21	495	475	2.1	39.2
Query_13753	AK291454.1	100.000	21	0	0	1	21	436	416	2.1	39.2
Query_13753	NM_001283819.1	100.000	21	0	0	1	21	607	587	2.1	39.2
Query_13753	BC022804.1	100.000	21	0	0	1	21	560	540	2.1	39.2
Query_13753	AK093533.1	100.000	21	0	0	1	21	505	485	2.1	39.2
Query_13753	BC050600.1	100.000	21	0	0	1	21	538	518	2.1	39.2
Query_13753	AB022436.1	100.000	21	0	0	1	21	333	313	2.1	39.2
Query_13753	AB022435.1	100.000	21	0	0	1	21	486	466	2.1	39.2
Query_13753	U58522.1	100.000	21	0	0	1	21	403	383	2.1	39.2
Query_13753	XM_021938380.2	100.000	20	0	0	2	21	681	662	7.4	37.4
Query_13753	NM_001111112.2	100.000	20	0	0	2	21	591	572	7.4	37.4
Query_13753	XM_015138162.2	100.000	20	0	0	2	21	681	662	7.4	37.4
Query_13753	XM_025385133.1	100.000	20	0	0	2	21	686	667	7.4	37.4
Query_13753	XM_009447485.3	100.000	20	0	0	2	21	682	663	7.4	37.4
Query_13753	XM_012057902.1	100.000	20	0	0	2	21	681	662	7.4	37.4
Query_13753	XM_011949087.1	100.000	20	0	0	2	21	686	667	7.4	37.4
Query_13753	XM_011949086.1	100.000	20	0	0	2	21	912	893	7.4	37.4
Query_13753	XM_011983565.1	100.000	20	0	0	2	21	686	667	7.4	37.4
Query_13753	AC105287.5	100.000	20	0	0	2	21	24266	24247	7.4	37.4


