# blastn
# Iteration: 0
# Query: 
# RID: 72J9VJFX013
# Database: nt
# Fields: query acc.ver, subject acc.ver, % identity, alignment length, mismatches, gap opens, q. start, q. end, s. start, s. end, evalue, bit score
# 92 hits found
Query_3411	XM_003828171.2	100.000	21	0	0	1	21	376	356	2.1	39.2
Query_3411	AP023165.1	100.000	21	0	0	1	21	44115126	44115146	2.1	39.2
Query_3411	XM_019800199.2	100.000	21	0	0	1	21	329	309	2.1	39.2
Query_3411	XM_034506878.1	100.000	21	0	0	1	21	374	354	2.1	39.2
Query_3411	XM_032914271.1	100.000	21	0	0	1	21	567	547	2.1	39.2
Query_3411	XM_032849084.1	100.000	21	0	0	1	21	412	392	2.1	39.2
Query_3411	XM_032279486.1	100.000	21	0	0	1	21	2474	2454	2.1	39.2
Query_3411	XM_032163779.1	100.000	21	0	0	1	21	376	356	2.1	39.2
Query_3411	LR738418.1	100.000	21	0	0	1	21	19057016	19056996	2.1	39.2
Query_3411	NM_001194608.2	100.000	21	0	0	1	21	350	330	2.1	39.2
Query_3411	XM_003913140.4	100.000	21	0	0	1	21	2592	2572	2.1	39.2
Query_3411	XM_004041540.3	100.000	21	0	0	1	21	376	356	2.1	39.2
Query_3411	XM_003270772.2	100.000	21	0	0	1	21	376	356	2.1	39.2
Query_3411	XM_030294706.1	100.000	21	0	0	1	21	329	309	2.1	39.2
Query_3411	XM_029926925.1	100.000	21	0	0	1	21	360	340	2.1	39.2
Query_3411	XM_008838138.2	100.000	21	0	0	1	21	332	312	2.1	39.2
Query_3411	AY358627.2	100.000	21	0	0	1	21	365	345	2.1	39.2
Query_3411	NM_025237.3	100.000	21	0	0	1	21	382	362	2.1	39.2
Query_3411	XM_027048934.1	100.000	21	0	0	1	21	2910	2890	2.1	39.2
Query_3411	XM_026512270.1	100.000	21	0	0	1	21	332	312	2.1	39.2
Query_3411	XM_008149295.2	100.000	21	0	0	1	21	511	491	2.1	39.2
Query_3411	XM_015098809.2	100.000	21	0	0	1	21	439	419	2.1	39.2
Query_3411	CP034495.1	100.000	21	0	0	1	21	41833020	41833040	2.1	39.2
Query_3411	XM_025917641.1	100.000	21	0	0	1	21	329	309	2.1	39.2
Query_3411	XM_025363041.1	100.000	21	0	0	1	21	373	353	2.1	39.2
Query_3411	CP026951.1	100.000	21	0	0	1	21	666516	666536	2.1	39.2
Query_3411	XM_024553481.1	100.000	21	0	0	1	21	329	309	2.1	39.2
Query_3411	XM_001153653.5	100.000	21	0	0	1	21	479	459	2.1	39.2
Query_3411	XM_002827467.3	100.000	21	0	0	1	21	373	353	2.1	39.2
Query_3411	AP018498.1	100.000	21	0	0	1	21	1016590	1016570	2.1	39.2
Query_3411	XM_006092295.3	100.000	21	0	0	1	21	378	358	2.1	39.2
Query_3411	XM_003414277.2	100.000	21	0	0	1	21	652	632	2.1	39.2
Query_3411	XM_011289261.3	100.000	21	0	0	1	21	3303	3283	2.1	39.2
Query_3411	XM_022519797.1	100.000	21	0	0	1	21	332	312	2.1	39.2
Query_3411	XM_021712656.1	100.000	21	0	0	1	21	348	328	2.1	39.2
Query_3411	XM_021642724.1	100.000	21	0	0	1	21	332	312	2.1	39.2
Query_3411	XM_021213746.1	100.000	21	0	0	1	21	354	334	2.1	39.2
Query_3411	XM_020888973.1	100.000	21	0	0	1	21	329	309	2.1	39.2
Query_3411	LT735545.1	100.000	21	0	0	1	21	819	799	2.1	39.2
Query_3411	XM_019665562.1	100.000	21	0	0	1	21	411	391	2.1	39.2
Query_3411	XM_019434924.1	100.000	21	0	0	1	21	2907	2887	2.1	39.2
Query_3411	XM_018065180.1	100.000	21	0	0	1	21	360	340	2.1	39.2
Query_3411	XM_002719425.3	100.000	21	0	0	1	21	564	544	2.1	39.2
Query_3411	XM_006776900.2	100.000	21	0	0	1	21	360	340	2.1	39.2
Query_3411	XM_005584371.2	100.000	21	0	0	1	21	383	363	2.1	39.2
Query_3411	XM_004772592.2	100.000	21	0	0	1	21	885	865	2.1	39.2
Query_3411	XM_012443855.1	100.000	21	0	0	1	21	373	353	2.1	39.2
Query_3411	XM_011720549.1	100.000	21	0	0	1	21	2526	2506	2.1	39.2
Query_3411	XM_012057895.1	100.000	21	0	0	1	21	2535	2515	2.1	39.2
Query_3411	XM_011985860.1	100.000	21	0	0	1	21	373	353	2.1	39.2
Query_3411	KJ893769.1	100.000	21	0	0	1	21	400	380	2.1	39.2
Query_3411	XM_007955201.1	100.000	21	0	0	1	21	332	312	2.1	39.2
Query_3411	XM_007531841.1	100.000	21	0	0	1	21	332	312	2.1	39.2
Query_3411	XM_006897859.1	100.000	21	0	0	1	21	332	312	2.1	39.2
Query_3411	NM_024449.6	100.000	21	0	0	1	21	368	348	2.1	39.2
Query_3411	XM_004707500.1	100.000	21	0	0	1	21	350	330	2.1	39.2
Query_3411	XM_040497706.1	100.000	21	0	0	1	21	2876	2856	2.1	39.2
Query_3411	XM_004374320.1	100.000	21	0	0	1	21	348	328	2.1	39.2
Query_3411	XM_003943647.2	100.000	21	0	0	1	21	376	356	2.1	39.2
Query_3411	XM_039220888.1	100.000	21	0	0	1	21	384	364	2.1	39.2
Query_3411	CP068261.1	100.000	21	0	0	1	21	44608501	44608521	2.1	39.2
Query_3411	XM_008012517.2	100.000	21	0	0	1	21	360	340	2.1	39.2
Query_3411	XM_017516182.2	100.000	21	0	0	1	21	2168	2148	2.1	39.2
Query_3411	XM_037144680.1	100.000	21	0	0	1	21	332	312	2.1	39.2
Query_3411	XM_037069625.1	100.000	21	0	0	1	21	364	344	2.1	39.2
Query_3411	XM_036451266.1	100.000	21	0	0	1	21	404	384	2.1	39.2
Query_3411	XM_036341020.1	100.000	21	0	0	1	21	363	343	2.1	39.2
Query_3411	XM_036269676.1	100.000	21	0	0	1	21	348	328	2.1	39.2
Query_3411	AP023477.1	100.000	21	0	0	1	21	41451691	41451711	2.1	39.2
Query_3411	XM_006534376.4	100.000	21	0	0	1	21	248	228	2.1	39.2
Query_3411	XM_028521821.2	100.000	21	0	0	1	21	406	386	2.1	39.2
Query_3411	LR862372.1	100.000	21	0	0	1	21	34624606	34624626	2.1	39.2
Query_3411	XM_035303470.1	100.000	21	0	0	1	21	412	392	2.1	39.2
Query_3411	JN958106.1	100.000	21	0	0	1	21	22633	22613	2.1	39.2
Query_3411	NG_008078.2	100.000	21	0	0	1	21	8137	8117	2.1	39.2
Query_3411	BC137833.1	100.000	21	0	0	1	21	358	338	2.1	39.2
Query_3411	AC003098.2	100.000	21	0	0	1	21	6179	6199	2.1	39.2
Query_3411	AY358203.1	100.000	21	0	0	1	21	649	629	2.1	39.2
Query_3411	AF184211.1	100.000	21	0	0	1	21	91	71	2.1	39.2
Query_3411	BC101086.1	100.000	21	0	0	1	21	359	339	2.1	39.2
Query_3411	AK041382.1	100.000	21	0	0	1	21	369	349	2.1	39.2
Query_3411	AF326737.2	100.000	21	0	0	1	21	10853	10833	2.1	39.2
Query_3411	AC055813.9	100.000	21	0	0	1	21	63103	63123	2.1	39.2
Query_3411	AK017295.1	100.000	21	0	0	1	21	369	349	2.1	39.2
Query_3411	AC068807.21	100.000	21	0	0	1	21	57960	57940	2.1	39.2
Query_3411	AF331844.1	100.000	21	0	0	1	21	369	349	2.1	39.2
Query_3411	AF326742.1	100.000	21	0	0	1	21	332	312	2.1	39.2
Query_3411	AF326740.1	100.000	21	0	0	1	21	326	306	2.1	39.2
Query_3411	AF326739.1	100.000	21	0	0	1	21	379	359	2.1	39.2
Query_3411	AF326736.1	100.000	21	0	0	1	21	15050	15030	2.1	39.2
Query_3411	AL591145.25	100.000	21	0	0	1	21	10652	10672	2.1	39.2
Query_3411	CP001966.1	100.000	20	0	0	2	21	1376596	1376577	7.3	37.4


