# blastn
# Iteration: 0
# Query: 
# RID: 8YT69TKT016
# Database: nt
# Fields: query acc.ver, subject acc.ver, % identity, alignment length, mismatches, gap opens, q. start, q. end, s. start, s. end, evalue, bit score
# 100 hits found
Query_61399	XM_034966245.1	100.000	21	0	0	1	21	270	250	2.1	39.2
Query_61399	XM_003831319.3	100.000	21	0	0	1	21	278	258	2.1	39.2
Query_61399	XM_008956682.2	100.000	21	0	0	1	21	277	257	2.1	39.2
Query_61399	XM_034966244.1	100.000	21	0	0	1	21	605	585	2.1	39.2
Query_61399	XM_033760541.1	100.000	21	0	0	1	21	192	172	2.1	39.2
Query_61399	XM_033760538.1	100.000	21	0	0	1	21	192	172	2.1	39.2
Query_61399	XM_033760536.1	100.000	21	0	0	1	21	192	172	2.1	39.2
Query_61399	XM_033760534.1	100.000	21	0	0	1	21	192	172	2.1	39.2
Query_61399	XM_033760529.1	100.000	21	0	0	1	21	192	172	2.1	39.2
Query_61399	XM_033760526.1	100.000	21	0	0	1	21	192	172	2.1	39.2
Query_61399	XM_033760522.1	100.000	21	0	0	1	21	192	172	2.1	39.2
Query_61399	XM_033760520.1	100.000	21	0	0	1	21	192	172	2.1	39.2
Query_61399	XM_033202826.1	100.000	21	0	0	1	21	271	251	2.1	39.2
Query_61399	XM_033202825.1	100.000	21	0	0	1	21	278	258	2.1	39.2
Query_61399	XM_032759861.1	100.000	21	0	0	1	21	270	250	2.1	39.2
Query_61399	XM_032759860.1	100.000	21	0	0	1	21	692	672	2.1	39.2
Query_61399	XM_032759859.1	100.000	21	0	0	1	21	277	257	2.1	39.2
Query_61399	XM_032759858.1	100.000	21	0	0	1	21	272	252	2.1	39.2
Query_61399	XM_032251194.1	100.000	21	0	0	1	21	203	183	2.1	39.2
Query_61399	XM_032251185.1	100.000	21	0	0	1	21	714	694	2.1	39.2
Query_61399	XM_032251177.1	100.000	21	0	0	1	21	292	272	2.1	39.2
Query_61399	XM_032251171.1	100.000	21	0	0	1	21	271	251	2.1	39.2
Query_61399	XM_031946250.1	100.000	21	0	0	1	21	486	466	2.1	39.2
Query_61399	XM_023184108.3	100.000	21	0	0	1	21	270	250	2.1	39.2
Query_61399	XM_023184110.3	100.000	21	0	0	1	21	278	258	2.1	39.2
Query_61399	XM_023184109.3	100.000	21	0	0	1	21	277	257	2.1	39.2
Query_61399	XM_021942444.2	100.000	21	0	0	1	21	2078	2058	2.1	39.2
Query_61399	XM_003902869.5	100.000	21	0	0	1	21	292	272	2.1	39.2
Query_61399	XM_031669636.1	100.000	21	0	0	1	21	431	411	2.1	39.2
Query_61399	XM_031669635.1	100.000	21	0	0	1	21	2082	2062	2.1	39.2
Query_61399	XM_003902870.5	100.000	21	0	0	1	21	325	305	2.1	39.2
Query_61399	XM_031669634.1	100.000	21	0	0	1	21	293	273	2.1	39.2
Query_61399	XM_031669633.1	100.000	21	0	0	1	21	425	405	2.1	39.2
Query_61399	XM_031013634.1	100.000	21	0	0	1	21	271	251	2.1	39.2
Query_61399	XM_019032745.2	100.000	21	0	0	1	21	270	250	2.1	39.2
Query_61399	XM_030937280.1	100.000	21	0	0	1	21	270	250	2.1	39.2
Query_61399	XM_010365989.2	100.000	21	0	0	1	21	278	258	2.1	39.2
Query_61399	XM_010365988.2	100.000	21	0	0	1	21	271	251	2.1	39.2
Query_61399	XM_003269433.4	100.000	21	0	0	1	21	270	250	2.1	39.2
Query_61399	XM_030795229.1	100.000	21	0	0	1	21	541	521	2.1	39.2
Query_61399	XM_003269432.4	100.000	21	0	0	1	21	277	257	2.1	39.2
Query_61399	NM_001001481.4	100.000	21	0	0	1	21	263	243	2.1	39.2
Query_61399	NM_001271015.3	100.000	21	0	0	1	21	230	210	2.1	39.2
Query_61399	NM_018299.6	100.000	21	0	0	1	21	230	210	2.1	39.2
Query_61399	XM_015145507.2	100.000	21	0	0	1	21	407	387	2.1	39.2
Query_61399	XM_015145506.2	100.000	21	0	0	1	21	292	272	2.1	39.2
Query_61399	XM_026397310.1	100.000	21	0	0	1	21	278	258	2.1	39.2
Query_61399	XM_027949609.1	100.000	21	0	0	1	21	252	232	2.1	39.2
Query_61399	XM_027949600.1	100.000	21	0	0	1	21	278	258	2.1	39.2
Query_61399	XM_027877473.1	100.000	21	0	0	1	21	247	227	2.1	39.2
Query_61399	XM_027877469.1	100.000	21	0	0	1	21	247	227	2.1	39.2
Query_61399	XM_027877468.1	100.000	21	0	0	1	21	247	227	2.1	39.2
Query_61399	XM_027772995.1	100.000	21	0	0	1	21	199	179	2.1	39.2
Query_61399	XM_025393318.1	100.000	21	0	0	1	21	278	258	2.1	39.2
Query_61399	XM_025393317.1	100.000	21	0	0	1	21	310	290	2.1	39.2
Query_61399	XM_008307609.3	100.000	21	0	0	1	21	676	656	2.1	39.2
Query_61399	XM_008307608.3	100.000	21	0	0	1	21	420	400	2.1	39.2
Query_61399	XR_003018445.1	100.000	21	0	0	1	21	337	317	2.1	39.2
Query_61399	XM_009455526.3	100.000	21	0	0	1	21	292	272	2.1	39.2
Query_61399	XM_016959579.2	100.000	21	0	0	1	21	292	272	2.1	39.2
Query_61399	XM_009455525.3	100.000	21	0	0	1	21	325	305	2.1	39.2
Query_61399	XM_016959578.2	100.000	21	0	0	1	21	325	305	2.1	39.2
Query_61399	XM_016959577.2	100.000	21	0	0	1	21	325	305	2.1	39.2
Query_61399	XM_003777269.3	100.000	21	0	0	1	21	310	290	2.1	39.2
Query_61399	XM_013144063.2	100.000	21	0	0	1	21	260	240	2.1	39.2
Query_61399	XM_012450902.2	100.000	21	0	0	1	21	310	290	2.1	39.2
Query_61399	XM_021665916.1	100.000	21	0	0	1	21	310	290	2.1	39.2
Query_61399	XM_021255943.1	100.000	21	0	0	1	21	943	923	2.1	39.2
Query_61399	XM_020971029.1	100.000	21	0	0	1	21	290	270	2.1	39.2
Query_61399	XM_020901995.1	100.000	21	0	0	1	21	338	318	2.1	39.2
Query_61399	XM_020901994.1	100.000	21	0	0	1	21	277	257	2.1	39.2
Query_61399	LT734931.1	100.000	21	0	0	1	21	677	657	2.1	39.2
Query_61399	LT733781.1	100.000	21	0	0	1	21	677	657	2.1	39.2
Query_61399	XM_017851621.1	100.000	21	0	0	1	21	278	258	2.1	39.2
Query_61399	XM_017851620.1	100.000	21	0	0	1	21	298	278	2.1	39.2
Query_61399	XM_017851619.1	100.000	21	0	0	1	21	331	311	2.1	39.2
Query_61399	XM_017851618.1	100.000	21	0	0	1	21	331	311	2.1	39.2
Query_61399	XM_017851616.1	100.000	21	0	0	1	21	298	278	2.1	39.2
Query_61399	XM_017851615.1	100.000	21	0	0	1	21	331	311	2.1	39.2
Query_61399	XM_002710639.3	100.000	21	0	0	1	21	279	259	2.1	39.2
Query_61399	XM_040293935.1	100.000	21	0	0	1	21	256	236	2.1	39.2
Query_61399	XM_005335831.3	100.000	21	0	0	1	21	284	264	2.1	39.2
Query_61399	HG992242.1	100.000	21	0	0	1	21	14993471	14993451	2.1	39.2
Query_61399	XM_003940686.2	100.000	21	0	0	1	21	278	258	2.1	39.2
Query_61399	XM_008000897.2	100.000	21	0	0	1	21	325	305	2.1	39.2
Query_61399	XM_038000381.1	100.000	21	0	0	1	21	376	356	2.1	39.2
Query_61399	XM_008000899.2	100.000	21	0	0	1	21	298	278	2.1	39.2
Query_61399	XM_037735437.1	100.000	21	0	0	1	21	231	211	2.1	39.2
Query_61399	XM_017520170.2	100.000	21	0	0	1	21	271	251	2.1	39.2
Query_61399	XM_017520171.2	100.000	21	0	0	1	21	278	258	2.1	39.2
Query_61399	XR_004954568.1	100.000	21	0	0	1	21	1751	1731	2.1	39.2
Query_61399	XM_016153703.2	100.000	21	0	0	1	21	278	258	2.1	39.2
Query_61399	XM_016153702.2	100.000	21	0	0	1	21	277	257	2.1	39.2
Query_61399	XM_008982789.4	100.000	21	0	0	1	21	353	333	2.1	39.2
Query_61399	XR_004735403.1	100.000	21	0	0	1	21	505	485	2.1	39.2
Query_61399	XM_035277257.1	100.000	21	0	0	1	21	179	159	2.1	39.2
Query_61399	XM_035277256.1	100.000	21	0	0	1	21	263	243	2.1	39.2
Query_61399	XM_008982790.3	100.000	21	0	0	1	21	438	418	2.1	39.2
Query_61399	XM_002759002.5	100.000	21	0	0	1	21	297	277	2.1	39.2
Query_61399	XM_002759003.5	100.000	21	0	0	1	21	325	305	2.1	39.2


