# blastn
# Iteration: 0
# Query: 
# RID: 8YE173WG013
# Database: nt
# Fields: query acc.ver, subject acc.ver, % identity, alignment length, mismatches, gap opens, q. start, q. end, s. start, s. end, evalue, bit score
# 100 hits found
Query_56725	XM_034962171.1	100.000	21	0	0	1	21	2248	2228	2.1	39.2
Query_56725	XM_008958732.2	100.000	21	0	0	1	21	2450	2430	2.1	39.2
Query_56725	XM_003833230.2	100.000	21	0	0	1	21	2421	2401	2.1	39.2
Query_56725	XM_033217305.1	100.000	21	0	0	1	21	2612	2592	2.1	39.2
Query_56725	XM_033217304.1	100.000	21	0	0	1	21	2509	2489	2.1	39.2
Query_56725	XM_033217303.1	100.000	21	0	0	1	21	2384	2364	2.1	39.2
Query_56725	XM_033217302.1	100.000	21	0	0	1	21	2548	2528	2.1	39.2
Query_56725	XM_033217301.1	100.000	21	0	0	1	21	2423	2403	2.1	39.2
Query_56725	XM_032299538.1	100.000	21	0	0	1	21	2329	2309	2.1	39.2
Query_56725	XM_032299537.1	100.000	21	0	0	1	21	2463	2443	2.1	39.2
Query_56725	XM_032299536.1	100.000	21	0	0	1	21	2495	2475	2.1	39.2
Query_56725	XM_032299535.1	100.000	21	0	0	1	21	2489	2469	2.1	39.2
Query_56725	XM_032299534.1	100.000	21	0	0	1	21	2412	2392	2.1	39.2
Query_56725	XM_032141775.1	100.000	21	0	0	1	21	2361	2341	2.1	39.2
Query_56725	XM_032141774.1	100.000	21	0	0	1	21	2488	2468	2.1	39.2
Query_56725	XM_032141773.1	100.000	21	0	0	1	21	2406	2386	2.1	39.2
Query_56725	XM_023212910.2	100.000	21	0	0	1	21	2608	2588	2.1	39.2
Query_56725	XM_009205268.3	100.000	21	0	0	1	21	2509	2489	2.1	39.2
Query_56725	XM_009205267.4	100.000	21	0	0	1	21	2353	2333	2.1	39.2
Query_56725	XM_017957888.2	100.000	21	0	0	1	21	2548	2528	2.1	39.2
Query_56725	XM_009205270.2	100.000	21	0	0	1	21	2463	2443	2.1	39.2
Query_56725	XM_003897656.2	100.000	21	0	0	1	21	2406	2386	2.1	39.2
Query_56725	XM_019029654.2	100.000	21	0	0	1	21	2510	2490	2.1	39.2
Query_56725	XM_031012164.1	100.000	21	0	0	1	21	2340	2320	2.1	39.2
Query_56725	XM_031012163.1	100.000	21	0	0	1	21	2483	2463	2.1	39.2
Query_56725	XM_019029653.2	100.000	21	0	0	1	21	2549	2529	2.1	39.2
Query_56725	XM_031012162.1	100.000	21	0	0	1	21	2406	2386	2.1	39.2
Query_56725	XM_030928592.1	100.000	21	0	0	1	21	2484	2464	2.1	39.2
Query_56725	XM_010369756.2	100.000	21	0	0	1	21	2507	2487	2.1	39.2
Query_56725	XM_010369755.2	100.000	21	0	0	1	21	2366	2346	2.1	39.2
Query_56725	XM_010369754.2	100.000	21	0	0	1	21	2546	2526	2.1	39.2
Query_56725	XM_010369752.2	100.000	21	0	0	1	21	2405	2385	2.1	39.2
Query_56725	XM_030926553.1	100.000	21	0	0	1	21	633	613	2.1	39.2
Query_56725	XM_030795985.1	100.000	21	0	0	1	21	2361	2341	2.1	39.2
Query_56725	XM_030795984.1	100.000	21	0	0	1	21	2452	2432	2.1	39.2
Query_56725	XM_030795983.1	100.000	21	0	0	1	21	2488	2468	2.1	39.2
Query_56725	XM_030795982.1	100.000	21	0	0	1	21	2406	2386	2.1	39.2
Query_56725	XR_003728968.1	100.000	21	0	0	1	21	403	423	2.1	39.2
Query_56725	XM_028847511.1	100.000	21	0	0	1	21	2298	2278	2.1	39.2
Query_56725	XM_028847510.1	100.000	21	0	0	1	21	2477	2457	2.1	39.2
Query_56725	XM_028847509.1	100.000	21	0	0	1	21	2441	2421	2.1	39.2
Query_56725	XM_015136438.2	100.000	21	0	0	1	21	2413	2393	2.1	39.2
Query_56725	XM_015136440.2	100.000	21	0	0	1	21	2517	2497	2.1	39.2
Query_56725	NM_018426.3	100.000	21	0	0	1	21	2412	2392	2.1	39.2
Query_56725	XM_025383334.1	100.000	21	0	0	1	21	2459	2439	2.1	39.2
Query_56725	XM_025383333.1	100.000	21	0	0	1	21	2446	2426	2.1	39.2
Query_56725	XM_025383332.1	100.000	21	0	0	1	21	2406	2386	2.1	39.2
Query_56725	XM_011754408.2	100.000	21	0	0	1	21	2484	2464	2.1	39.2
Query_56725	XM_011754410.2	100.000	21	0	0	1	21	2342	2322	2.1	39.2
Query_56725	XM_011754409.2	100.000	21	0	0	1	21	2335	2315	2.1	39.2
Query_56725	XM_024795278.1	100.000	21	0	0	1	21	2441	2421	2.1	39.2
Query_56725	XM_011754407.2	100.000	21	0	0	1	21	2407	2387	2.1	39.2
Query_56725	XM_024446482.1	100.000	21	0	0	1	21	2680	2660	2.1	39.2
Query_56725	XM_009451354.3	100.000	21	0	0	1	21	2484	2464	2.1	39.2
Query_56725	XM_016955600.2	100.000	21	0	0	1	21	2453	2433	2.1	39.2
Query_56725	XM_016955605.2	100.000	21	0	0	1	21	2633	2613	2.1	39.2
Query_56725	XM_024357229.1	100.000	21	0	0	1	21	2350	2330	2.1	39.2
Query_56725	XM_016955604.2	100.000	21	0	0	1	21	2463	2443	2.1	39.2
Query_56725	XM_016955603.2	100.000	21	0	0	1	21	2673	2653	2.1	39.2
Query_56725	XM_016955602.2	100.000	21	0	0	1	21	2406	2386	2.1	39.2
Query_56725	XM_016955601.2	100.000	21	0	0	1	21	2742	2722	2.1	39.2
Query_56725	XM_024248597.1	100.000	21	0	0	1	21	2480	2460	2.1	39.2
Query_56725	XM_024248596.1	100.000	21	0	0	1	21	2321	2301	2.1	39.2
Query_56725	XM_024248595.1	100.000	21	0	0	1	21	2483	2463	2.1	39.2
Query_56725	XM_024248594.1	100.000	21	0	0	1	21	2764	2744	2.1	39.2
Query_56725	XM_024248593.1	100.000	21	0	0	1	21	2404	2384	2.1	39.2
Query_56725	XM_023212909.1	100.000	21	0	0	1	21	2421	2401	2.1	39.2
Query_56725	XM_021708560.1	100.000	21	0	0	1	21	2440	2420	2.1	39.2
Query_56725	XM_012448751.2	100.000	21	0	0	1	21	2295	2275	2.1	39.2
Query_56725	XM_021676053.1	100.000	21	0	0	1	21	2432	2412	2.1	39.2
Query_56725	XM_017878129.1	100.000	21	0	0	1	21	2605	2585	2.1	39.2
Query_56725	XM_017878128.1	100.000	21	0	0	1	21	2418	2398	2.1	39.2
Query_56725	XM_017878127.1	100.000	21	0	0	1	21	2378	2358	2.1	39.2
Query_56725	XM_017878126.1	100.000	21	0	0	1	21	2457	2437	2.1	39.2
Query_56725	XM_017878124.1	100.000	21	0	0	1	21	2417	2397	2.1	39.2
Query_56725	XM_017011002.1	100.000	21	0	0	1	21	2453	2433	2.1	39.2
Query_56725	XM_017011001.1	100.000	21	0	0	1	21	2350	2330	2.1	39.2
Query_56725	XM_005249215.4	100.000	21	0	0	1	21	2611	2591	2.1	39.2
Query_56725	XM_005249214.4	100.000	21	0	0	1	21	2306	2286	2.1	39.2
Query_56725	XM_039466881.1	100.000	21	0	0	1	21	2536	2516	2.1	39.2
Query_56725	XM_010333936.2	100.000	21	0	0	1	21	2586	2566	2.1	39.2
Query_56725	XM_039466875.1	100.000	21	0	0	1	21	2412	2392	2.1	39.2
Query_56725	XM_007972423.2	100.000	21	0	0	1	21	2484	2464	2.1	39.2
Query_56725	XM_038006128.1	100.000	21	0	0	1	21	2509	2489	2.1	39.2
Query_56725	XM_038006127.1	100.000	21	0	0	1	21	2405	2385	2.1	39.2
Query_56725	XM_007972424.2	100.000	21	0	0	1	21	2548	2528	2.1	39.2
Query_56725	XM_007972422.2	100.000	21	0	0	1	21	2444	2424	2.1	39.2
Query_56725	XM_017547408.2	100.000	21	0	0	1	21	2391	2371	2.1	39.2
Query_56725	XM_037745344.1	100.000	21	0	0	1	21	2463	2443	2.1	39.2
Query_56725	XM_017547404.2	100.000	21	0	0	1	21	2432	2412	2.1	39.2
Query_56725	XM_017547403.2	100.000	21	0	0	1	21	2489	2469	2.1	39.2
Query_56725	XM_017547402.2	100.000	21	0	0	1	21	2407	2387	2.1	39.2
Query_56725	XM_035295753.1	100.000	21	0	0	1	21	2469	2449	2.1	39.2
Query_56725	XM_035295752.1	100.000	21	0	0	1	21	2392	2372	2.1	39.2
Query_56725	XM_035295750.1	100.000	21	0	0	1	21	2592	2572	2.1	39.2
Query_56725	XM_035295749.1	100.000	21	0	0	1	21	2422	2402	2.1	39.2
Query_56725	XM_035295748.1	100.000	21	0	0	1	21	2436	2416	2.1	39.2
Query_56725	XM_035295747.1	100.000	21	0	0	1	21	2466	2446	2.1	39.2
Query_56725	XM_035295746.1	100.000	21	0	0	1	21	2591	2571	2.1	39.2
Query_56725	XM_035295745.1	100.000	21	0	0	1	21	2441	2421	2.1	39.2


