# blastn
# Iteration: 0
# Query: 
# RID: 73VZC16T013
# Database: nt
# Fields: query acc.ver, subject acc.ver, % identity, alignment length, mismatches, gap opens, q. start, q. end, s. start, s. end, evalue, bit score
# 38 hits found
Query_27415	XM_003825980.3	100.000	21	0	0	1	21	414	394	2.1	39.2
Query_27415	XM_032142236.1	100.000	21	0	0	1	21	432	412	2.1	39.2
Query_27415	XM_012497291.2	100.000	21	0	0	1	21	237	217	2.1	39.2
Query_27415	XM_003253656.3	100.000	21	0	0	1	21	513	493	2.1	39.2
Query_27415	XM_030825546.1	100.000	21	0	0	1	21	277	257	2.1	39.2
Query_27415	XM_030825544.1	100.000	21	0	0	1	21	399	379	2.1	39.2
Query_27415	XM_030309503.1	100.000	21	0	0	1	21	300	280	2.1	39.2
Query_27415	XM_030309502.1	100.000	21	0	0	1	21	359	339	2.1	39.2
Query_27415	NM_181800.3	100.000	21	0	0	1	21	283	263	2.1	39.2
Query_27415	NM_181801.4	100.000	21	0	0	1	21	513	493	2.1	39.2
Query_27415	NM_007019.4	100.000	21	0	0	1	21	370	350	2.1	39.2
Query_27415	CP034499.1	100.000	21	0	0	1	21	44384281	44384261	2.1	39.2
Query_27415	XM_009443484.3	100.000	21	0	0	1	21	412	392	2.1	39.2
Query_27415	XM_001156993.5	100.000	21	0	0	1	21	674	654	2.1	39.2
Query_27415	XM_004062268.2	100.000	21	0	0	1	21	432	412	2.1	39.2
Query_27415	XM_514682.6	100.000	21	0	0	1	21	433	413	2.1	39.2
Query_27415	XM_002830362.3	100.000	21	0	0	1	21	432	412	2.1	39.2
Query_27415	CP068258.1	100.000	21	0	0	1	21	47552121	47552101	2.1	39.2
Query_27415	AP023480.1	100.000	21	0	0	1	21	43851088	43851068	2.1	39.2
Query_27415	AL050348.22	100.000	21	0	0	1	21	85301	85281	2.1	39.2
Query_27415	EU831629.1	100.000	21	0	0	1	21	340	320	2.1	39.2
Query_27415	EU831714.1	100.000	21	0	0	1	21	340	320	2.1	39.2
Query_27415	AK311949.1	100.000	21	0	0	1	21	405	385	2.1	39.2
Query_27415	DQ895630.2	100.000	21	0	0	1	21	340	320	2.1	39.2
Query_27415	DQ892416.2	100.000	21	0	0	1	21	340	320	2.1	39.2
Query_27415	BC028161.1	100.000	21	0	0	1	21	977	957	2.1	39.2
Query_27415	BC016292.1	100.000	21	0	0	1	21	367	347	2.1	39.2
Query_27415	BC007656.2	100.000	21	0	0	1	21	361	341	2.1	39.2
Query_27415	BC032677.2	100.000	21	0	0	1	21	1149	1129	2.1	39.2
Query_27415	BT007300.1	100.000	21	0	0	1	21	318	298	2.1	39.2
Query_27415	BT007515.1	100.000	21	0	0	1	21	318	298	2.1	39.2
Query_27415	CR456988.1	100.000	21	0	0	1	21	318	298	2.1	39.2
Query_27415	BC050736.1	100.000	21	0	0	1	21	388	368	2.1	39.2
Query_27415	U73379.1	100.000	21	0	0	1	21	358	338	2.1	39.2
Query_27415	XM_020154602.1	100.000	20	0	0	2	21	236	217	7.3	37.4
Query_27415	XM_020154600.1	100.000	20	0	0	2	21	308	289	7.3	37.4
Query_27415	XM_020168096.1	100.000	20	0	0	2	21	350	331	7.3	37.4
Query_27415	XM_020168095.1	100.000	20	0	0	2	21	437	418	7.3	37.4


