# blastn
# Iteration: 0
# Query: 
# RID: 6RSAXZFX016
# Database: nt
# Fields: query acc.ver, subject acc.ver, % identity, alignment length, mismatches, gap opens, q. start, q. end, s. start, s. end, evalue, bit score
# 20 hits found
Query_26573	NM_004223.5	100.000	21	0	0	1	21	485	465	2.1	39.2
Query_26573	LT736766.1	100.000	21	0	0	1	21	911	891	2.1	39.2
Query_26573	KJ892727.1	100.000	21	0	0	1	21	489	469	2.1	39.2
Query_26573	NM_198183.3	100.000	21	0	0	1	21	484	464	2.1	39.2
Query_26573	CU689397.1	100.000	21	0	0	1	21	54	74	2.1	39.2
Query_26573	AK315755.1	100.000	21	0	0	1	21	439	419	2.1	39.2
Query_26573	DQ894475.2	100.000	21	0	0	1	21	446	426	2.1	39.2
Query_26573	DQ891291.2	100.000	21	0	0	1	21	446	426	2.1	39.2
Query_26573	AK226165.1	100.000	21	0	0	1	21	574	554	2.1	39.2
Query_26573	AK093462.1	100.000	21	0	0	1	21	833	813	2.1	39.2
Query_26573	CR457126.1	100.000	21	0	0	1	21	424	404	2.1	39.2
Query_26573	AK129621.1	100.000	21	0	0	1	21	391	371	2.1	39.2
Query_26573	BC032491.1	100.000	21	0	0	1	21	520	500	2.1	39.2
Query_26573	AP002893.3	100.000	21	0	0	1	21	122893	122913	2.1	39.2
Query_26573	AJ243271.1	100.000	21	0	0	1	21	114	94	2.1	39.2
Query_26573	AF061736.1	100.000	21	0	0	1	21	471	451	2.1	39.2
Query_26573	AF031141.1	100.000	21	0	0	1	21	421	401	2.1	39.2
Query_26573	XM_037876203.1	100.000	20	0	0	2	21	372	353	7.2	37.4
Query_26573	XM_017071195.2	100.000	20	0	0	2	21	513	494	7.2	37.4
Query_26573	LR862393.1	100.000	20	0	0	2	21	6981553	6981534	7.2	37.4


