# blastn
# Iteration: 0
# Query: 
# RID: 8YESE9S6013
# Database: nt
# Fields: query acc.ver, subject acc.ver, % identity, alignment length, mismatches, gap opens, q. start, q. end, s. start, s. end, evalue, bit score
# 100 hits found
Query_36831	XM_034991888.1	100.000	21	0	0	1	21	1620	1600	2.1	39.2
Query_36831	XM_034991887.1	100.000	21	0	0	1	21	1704	1684	2.1	39.2
Query_36831	XM_034991886.1	100.000	21	0	0	1	21	1662	1642	2.1	39.2
Query_36831	XM_034962171.1	100.000	21	0	0	1	21	1521	1501	2.1	39.2
Query_36831	XM_008958732.2	100.000	21	0	0	1	21	1723	1703	2.1	39.2
Query_36831	XM_003833230.2	100.000	21	0	0	1	21	1694	1674	2.1	39.2
Query_36831	XM_033217305.1	100.000	21	0	0	1	21	1885	1865	2.1	39.2
Query_36831	XM_033217304.1	100.000	21	0	0	1	21	1782	1762	2.1	39.2
Query_36831	XM_033217303.1	100.000	21	0	0	1	21	1657	1637	2.1	39.2
Query_36831	XM_033217302.1	100.000	21	0	0	1	21	1821	1801	2.1	39.2
Query_36831	XM_033217301.1	100.000	21	0	0	1	21	1696	1676	2.1	39.2
Query_36831	XM_032862065.1	100.000	21	0	0	1	21	1644	1624	2.1	39.2
Query_36831	XM_032862064.1	100.000	21	0	0	1	21	1686	1666	2.1	39.2
Query_36831	XM_032409747.1	100.000	21	0	0	1	21	1629	1609	2.1	39.2
Query_36831	XM_032409745.1	100.000	21	0	0	1	21	1671	1651	2.1	39.2
Query_36831	XM_032340102.1	100.000	21	0	0	1	21	1666	1646	2.1	39.2
Query_36831	XM_032340101.1	100.000	21	0	0	1	21	1705	1685	2.1	39.2
Query_36831	XM_032141775.1	100.000	21	0	0	1	21	1634	1614	2.1	39.2
Query_36831	XM_032141774.1	100.000	21	0	0	1	21	1761	1741	2.1	39.2
Query_36831	XM_032141773.1	100.000	21	0	0	1	21	1679	1659	2.1	39.2
Query_36831	XM_023212910.2	100.000	21	0	0	1	21	1881	1861	2.1	39.2
Query_36831	XM_009205268.3	100.000	21	0	0	1	21	1782	1762	2.1	39.2
Query_36831	XM_009205267.4	100.000	21	0	0	1	21	1626	1606	2.1	39.2
Query_36831	XM_017957888.2	100.000	21	0	0	1	21	1821	1801	2.1	39.2
Query_36831	XM_009205270.2	100.000	21	0	0	1	21	1736	1716	2.1	39.2
Query_36831	XM_003897656.2	100.000	21	0	0	1	21	1679	1659	2.1	39.2
Query_36831	XM_031018955.1	100.000	21	0	0	1	21	1603	1583	2.1	39.2
Query_36831	XM_031018954.1	100.000	21	0	0	1	21	1596	1576	2.1	39.2
Query_36831	XM_031018953.1	100.000	21	0	0	1	21	1636	1616	2.1	39.2
Query_36831	XM_006747995.2	100.000	21	0	0	1	21	1678	1658	2.1	39.2
Query_36831	XM_019029654.2	100.000	21	0	0	1	21	1783	1763	2.1	39.2
Query_36831	XM_031012164.1	100.000	21	0	0	1	21	1613	1593	2.1	39.2
Query_36831	XM_031012163.1	100.000	21	0	0	1	21	1756	1736	2.1	39.2
Query_36831	XM_019029653.2	100.000	21	0	0	1	21	1822	1802	2.1	39.2
Query_36831	XM_031012162.1	100.000	21	0	0	1	21	1679	1659	2.1	39.2
Query_36831	XM_030928592.1	100.000	21	0	0	1	21	1757	1737	2.1	39.2
Query_36831	XM_010369756.2	100.000	21	0	0	1	21	1780	1760	2.1	39.2
Query_36831	XM_010369755.2	100.000	21	0	0	1	21	1639	1619	2.1	39.2
Query_36831	XM_010369754.2	100.000	21	0	0	1	21	1819	1799	2.1	39.2
Query_36831	XM_010369752.2	100.000	21	0	0	1	21	1678	1658	2.1	39.2
Query_36831	XM_030795985.1	100.000	21	0	0	1	21	1634	1614	2.1	39.2
Query_36831	XM_030795984.1	100.000	21	0	0	1	21	1725	1705	2.1	39.2
Query_36831	XM_030795983.1	100.000	21	0	0	1	21	1761	1741	2.1	39.2
Query_36831	XM_030795982.1	100.000	21	0	0	1	21	1679	1659	2.1	39.2
Query_36831	XM_028847511.1	100.000	21	0	0	1	21	1571	1551	2.1	39.2
Query_36831	XM_028847510.1	100.000	21	0	0	1	21	1750	1730	2.1	39.2
Query_36831	XM_028847509.1	100.000	21	0	0	1	21	1714	1694	2.1	39.2
Query_36831	XM_015136438.2	100.000	21	0	0	1	21	1686	1666	2.1	39.2
Query_36831	XM_015136440.2	100.000	21	0	0	1	21	1790	1770	2.1	39.2
Query_36831	XM_028478924.1	100.000	21	0	0	1	21	1552	1532	2.1	39.2
Query_36831	XM_028478923.1	100.000	21	0	0	1	21	1817	1797	2.1	39.2
Query_36831	NM_018426.3	100.000	21	0	0	1	21	1685	1665	2.1	39.2
Query_36831	XM_007193802.2	100.000	21	0	0	1	21	1679	1659	2.1	39.2
Query_36831	XM_007193801.2	100.000	21	0	0	1	21	1818	1798	2.1	39.2
Query_36831	XM_025383334.1	100.000	21	0	0	1	21	1732	1712	2.1	39.2
Query_36831	XM_025383333.1	100.000	21	0	0	1	21	1719	1699	2.1	39.2
Query_36831	XM_025383332.1	100.000	21	0	0	1	21	1679	1659	2.1	39.2
Query_36831	XM_011754408.2	100.000	21	0	0	1	21	1757	1737	2.1	39.2
Query_36831	XM_011754410.2	100.000	21	0	0	1	21	1615	1595	2.1	39.2
Query_36831	XM_011754409.2	100.000	21	0	0	1	21	1608	1588	2.1	39.2
Query_36831	XM_024795278.1	100.000	21	0	0	1	21	1714	1694	2.1	39.2
Query_36831	XM_011754407.2	100.000	21	0	0	1	21	1680	1660	2.1	39.2
Query_36831	XR_001743506.2	100.000	21	0	0	1	21	2065	2045	2.1	39.2
Query_36831	XM_024446482.1	100.000	21	0	0	1	21	1953	1933	2.1	39.2
Query_36831	XM_009451354.3	100.000	21	0	0	1	21	1757	1737	2.1	39.2
Query_36831	XM_016955600.2	100.000	21	0	0	1	21	1726	1706	2.1	39.2
Query_36831	XM_016955605.2	100.000	21	0	0	1	21	1906	1886	2.1	39.2
Query_36831	XM_024357229.1	100.000	21	0	0	1	21	1623	1603	2.1	39.2
Query_36831	XM_016955604.2	100.000	21	0	0	1	21	1736	1716	2.1	39.2
Query_36831	XM_016955603.2	100.000	21	0	0	1	21	1946	1926	2.1	39.2
Query_36831	XM_016955602.2	100.000	21	0	0	1	21	1679	1659	2.1	39.2
Query_36831	XM_016955601.2	100.000	21	0	0	1	21	2015	1995	2.1	39.2
Query_36831	XM_024248597.1	100.000	21	0	0	1	21	1753	1733	2.1	39.2
Query_36831	XM_024248596.1	100.000	21	0	0	1	21	1594	1574	2.1	39.2
Query_36831	XM_024248595.1	100.000	21	0	0	1	21	1756	1736	2.1	39.2
Query_36831	XM_024248594.1	100.000	21	0	0	1	21	2037	2017	2.1	39.2
Query_36831	XM_024248593.1	100.000	21	0	0	1	21	1677	1657	2.1	39.2
Query_36831	XM_023719527.1	100.000	21	0	0	1	21	1685	1665	2.1	39.2
Query_36831	XM_023719525.1	100.000	21	0	0	1	21	1645	1625	2.1	39.2
Query_36831	XM_039231230.1	100.000	21	0	0	1	21	1683	1663	2.1	39.2
Query_36831	XM_007972423.2	100.000	21	0	0	1	21	1757	1737	2.1	39.2
Query_36831	XM_038006128.1	100.000	21	0	0	1	21	1782	1762	2.1	39.2
Query_36831	XM_038006127.1	100.000	21	0	0	1	21	1678	1658	2.1	39.2
Query_36831	XM_007972424.2	100.000	21	0	0	1	21	1821	1801	2.1	39.2
Query_36831	XM_007972422.2	100.000	21	0	0	1	21	1717	1697	2.1	39.2
Query_36831	XM_036868838.1	100.000	21	0	0	1	21	1300	1280	2.1	39.2
Query_36831	XM_036868837.1	100.000	21	0	0	1	21	1623	1603	2.1	39.2
Query_36831	XM_036868836.1	100.000	21	0	0	1	21	1644	1624	2.1	39.2
Query_36831	XM_036868835.1	100.000	21	0	0	1	21	1661	1641	2.1	39.2
Query_36831	XM_036868834.1	100.000	21	0	0	1	21	1820	1800	2.1	39.2
Query_36831	XM_036868833.1	100.000	21	0	0	1	21	1755	1735	2.1	39.2
Query_36831	XM_036868832.1	100.000	21	0	0	1	21	1838	1818	2.1	39.2
Query_36831	XM_036868831.1	100.000	21	0	0	1	21	1683	1663	2.1	39.2
Query_36831	XM_004590404.2	100.000	21	0	0	1	21	1663	1643	2.1	39.2
Query_36831	XM_036082770.1	100.000	21	0	0	1	21	1652	1632	2.1	39.2
Query_36831	XM_036082769.1	100.000	21	0	0	1	21	1583	1563	2.1	39.2
Query_36831	XM_036082767.1	100.000	21	0	0	1	21	1694	1674	2.1	39.2
Query_36831	XM_027387392.2	100.000	21	0	0	1	21	1708	1688	2.1	39.2
Query_36831	XM_027387391.2	100.000	21	0	0	1	21	1863	1843	2.1	39.2
Query_36831	XM_035455361.1	100.000	21	0	0	1	21	1687	1667	2.1	39.2


