# blastn
# Iteration: 0
# Query: 
# RID: 6MHGAVKJ013
# Database: nt
# Fields: query acc.ver, subject acc.ver, % identity, alignment length, mismatches, gap opens, q. start, q. end, s. start, s. end, evalue, bit score
# 100 hits found
Query_31587	XM_035014140.1	100.000	21	0	0	1	21	545	525	2.0	39.2
Query_31587	XM_034960512.1	100.000	21	0	0	1	21	413	393	2.0	39.2
Query_31587	XM_003829274.3	100.000	21	0	0	1	21	503	483	2.0	39.2
Query_31587	XM_034656017.1	100.000	21	0	0	1	21	468	448	2.0	39.2
Query_31587	XM_002912915.4	100.000	21	0	0	1	21	546	526	2.0	39.2
Query_31587	XM_027949574.2	100.000	21	0	0	1	21	518	498	2.0	39.2
Query_31587	XR_002174172.2	100.000	21	0	0	1	21	773	753	2.0	39.2
Query_31587	XM_004326504.3	100.000	21	0	0	1	21	411	391	2.0	39.2
Query_31587	XR_004478222.1	100.000	21	0	0	1	21	798	778	2.0	39.2
Query_31587	XM_033409827.1	100.000	21	0	0	1	21	609	589	2.0	39.2
Query_31587	XM_004282119.3	100.000	21	0	0	1	21	674	654	2.0	39.2
Query_31587	XM_033403071.1	100.000	21	0	0	1	21	385	365	2.0	39.2
Query_31587	XM_004263629.3	100.000	21	0	0	1	21	472	452	2.0	39.2
Query_31587	CP050600.1	100.000	21	0	0	1	21	21862048	21862028	2.0	39.2
Query_31587	CP050630.1	100.000	21	0	0	1	21	21855015	21854995	2.0	39.2
Query_31587	XM_033181205.1	100.000	21	0	0	1	21	1360	1340	2.0	39.2
Query_31587	XM_033095936.1	100.000	21	0	0	1	21	535	515	2.0	39.2
Query_31587	XM_032837709.1	100.000	21	0	0	1	21	552	532	2.0	39.2
Query_31587	XM_032837708.1	100.000	21	0	0	1	21	552	532	2.0	39.2
Query_31587	XM_032837707.1	100.000	21	0	0	1	21	552	532	2.0	39.2
Query_31587	XM_030318352.2	100.000	21	0	0	1	21	541	521	2.0	39.2
Query_31587	XM_006179617.3	100.000	21	0	0	1	21	535	515	2.0	39.2
Query_31587	XM_032425198.1	100.000	21	0	0	1	21	541	521	2.0	39.2
Query_31587	XM_032336720.1	100.000	21	0	0	1	21	546	526	2.0	39.2
Query_31587	XM_032336718.1	100.000	21	0	0	1	21	546	526	2.0	39.2
Query_31587	XM_032336717.1	100.000	21	0	0	1	21	546	526	2.0	39.2
Query_31587	XM_032251637.1	100.000	21	0	0	1	21	762	742	2.0	39.2
Query_31587	XM_032251564.1	100.000	21	0	0	1	21	852	832	2.0	39.2
Query_31587	XM_032157920.1	100.000	21	0	0	1	21	833	813	2.0	39.2
Query_31587	XR_001121348.2	100.000	21	0	0	1	21	520	500	2.0	39.2
Query_31587	XM_003756460.3	100.000	21	0	0	1	21	552	532	2.0	39.2
Query_31587	XM_023196017.2	100.000	21	0	0	1	21	825	805	2.0	39.2
Query_31587	NM_001194433.3	100.000	21	0	0	1	21	834	814	2.0	39.2
Query_31587	XM_006212804.3	100.000	21	0	0	1	21	534	514	2.0	39.2
Query_31587	XM_021939692.2	100.000	21	0	0	1	21	757	737	2.0	39.2
Query_31587	XM_003900106.3	100.000	21	0	0	1	21	847	827	2.0	39.2
Query_31587	XM_010981544.2	100.000	21	0	0	1	21	535	515	2.0	39.2
Query_31587	XM_006731022.2	100.000	21	0	0	1	21	796	776	2.0	39.2
Query_31587	XM_031010702.1	100.000	21	0	0	1	21	825	805	2.0	39.2
Query_31587	XR_004042349.1	100.000	21	0	0	1	21	771	751	2.0	39.2
Query_31587	XM_030869624.1	100.000	21	0	0	1	21	544	524	2.0	39.2
Query_31587	XM_030869623.1	100.000	21	0	0	1	21	533	513	2.0	39.2
Query_31587	XM_003266384.3	100.000	21	0	0	1	21	832	812	2.0	39.2
Query_31587	XM_030318362.1	100.000	21	0	0	1	21	418	398	2.0	39.2
Query_31587	XM_030318343.1	100.000	21	0	0	1	21	673	653	2.0	39.2
Query_31587	XM_030318333.1	100.000	21	0	0	1	21	756	736	2.0	39.2
Query_31587	XM_029941919.1	100.000	21	0	0	1	21	541	521	2.0	39.2
Query_31587	XM_029217262.1	100.000	21	0	0	1	21	538	518	2.0	39.2
Query_31587	NM_003337.4	100.000	21	0	0	1	21	436	416	2.0	39.2
Query_31587	XM_007107071.3	100.000	21	0	0	1	21	534	514	2.0	39.2
Query_31587	XM_008142249.2	100.000	21	0	0	1	21	540	520	2.0	39.2
Query_31587	XM_007172151.2	100.000	21	0	0	1	21	390	370	2.0	39.2
Query_31587	XM_007172150.2	100.000	21	0	0	1	21	538	518	2.0	39.2
Query_31587	XM_028103534.1	100.000	21	0	0	1	21	541	521	2.0	39.2
Query_31587	XM_004008801.3	100.000	21	0	0	1	21	553	533	2.0	39.2
Query_31587	XM_027949578.1	100.000	21	0	0	1	21	564	544	2.0	39.2
Query_31587	XM_027949576.1	100.000	21	0	0	1	21	436	416	2.0	39.2
Query_31587	XM_027949575.1	100.000	21	0	0	1	21	474	454	2.0	39.2
Query_31587	XR_003584731.1	100.000	21	0	0	1	21	518	498	2.0	39.2
Query_31587	XM_013363114.3	100.000	21	0	0	1	21	490	470	2.0	39.2
Query_31587	XM_040271813.1	100.000	21	0	0	1	21	434	414	2.0	39.2
Query_31587	XM_005335742.4	100.000	21	0	0	1	21	524	504	2.0	39.2
Query_31587	XM_040240092.1	100.000	21	0	0	1	21	829	809	2.0	39.2
Query_31587	HG994391.1	100.000	21	0	0	1	21	23523121	23523101	2.0	39.2
Query_31587	XM_039836039.1	100.000	21	0	0	1	21	799	779	2.0	39.2
Query_31587	XM_010338704.2	100.000	21	0	0	1	21	477	457	2.0	39.2
Query_31587	XM_010338699.2	100.000	21	0	0	1	21	566	546	2.0	39.2
Query_31587	XM_039242287.1	100.000	21	0	0	1	21	522	502	2.0	39.2
Query_31587	XM_039242286.1	100.000	21	0	0	1	21	522	502	2.0	39.2
Query_31587	XM_039242285.1	100.000	21	0	0	1	21	521	501	2.0	39.2
Query_31587	XM_038681540.1	100.000	21	0	0	1	21	657	637	2.0	39.2
Query_31587	XM_022425310.2	100.000	21	0	0	1	21	657	637	2.0	39.2
Query_31587	XM_008014440.2	100.000	21	0	0	1	21	753	733	2.0	39.2
Query_31587	XM_008014439.2	100.000	21	0	0	1	21	843	823	2.0	39.2
Query_31587	XM_017532387.2	100.000	21	0	0	1	21	413	393	2.0	39.2
Query_31587	XM_017532386.2	100.000	21	0	0	1	21	559	539	2.0	39.2
Query_31587	XM_037150865.1	100.000	21	0	0	1	21	455	435	2.0	39.2
Query_31587	XM_037150864.1	100.000	21	0	0	1	21	512	492	2.0	39.2
Query_31587	XM_037150863.1	100.000	21	0	0	1	21	537	517	2.0	39.2
Query_31587	XM_037050449.1	100.000	21	0	0	1	21	535	515	2.0	39.2
Query_31587	XM_037050448.1	100.000	21	0	0	1	21	534	514	2.0	39.2
Query_31587	XM_037016069.1	100.000	21	0	0	1	21	385	365	2.0	39.2
Query_31587	XM_037016068.1	100.000	21	0	0	1	21	494	474	2.0	39.2
Query_31587	XM_017641948.2	100.000	21	0	0	1	21	520	500	2.0	39.2
Query_31587	XM_036898390.1	100.000	21	0	0	1	21	384	364	2.0	39.2
Query_31587	XM_036898387.1	100.000	21	0	0	1	21	494	474	2.0	39.2
Query_31587	XM_036898386.1	100.000	21	0	0	1	21	521	501	2.0	39.2
Query_31587	XM_036314880.1	100.000	21	0	0	1	21	387	367	2.0	39.2
Query_31587	XM_036314879.1	100.000	21	0	0	1	21	532	512	2.0	39.2
Query_31587	XM_036281631.1	100.000	21	0	0	1	21	481	461	2.0	39.2
Query_31587	XM_036281630.1	100.000	21	0	0	1	21	440	420	2.0	39.2
Query_31587	XM_036281629.1	100.000	21	0	0	1	21	517	497	2.0	39.2
Query_31587	XM_016137659.2	100.000	21	0	0	1	21	799	779	2.0	39.2
Query_31587	XM_036123943.1	100.000	21	0	0	1	21	479	459	2.0	39.2
Query_31587	XM_036123942.1	100.000	21	0	0	1	21	569	549	2.0	39.2
Query_31587	XM_028527841.2	100.000	21	0	0	1	21	535	515	2.0	39.2
Query_31587	XM_025433233.2	100.000	21	0	0	1	21	656	636	2.0	39.2
Query_31587	XM_025433232.2	100.000	21	0	0	1	21	874	854	2.0	39.2
Query_31587	XM_008984915.4	100.000	21	0	0	1	21	764	744	2.0	39.2
Query_31587	XM_002744157.6	100.000	21	0	0	1	21	854	834	2.0	39.2


