# blastn
# Iteration: 0
# Query: 
# RID: 6X59C4PD01R
# Database: nt
# Fields: query acc.ver, subject acc.ver, % identity, alignment length, mismatches, gap opens, q. start, q. end, s. start, s. end, evalue, bit score
# 103 hits found
Query_555289	XM_005335534.4	100.000	21	0	0	1	21	225	205	2.0	39.2
Query_555289	XM_040281818.1	100.000	21	0	0	1	21	218	198	2.0	39.2
Query_555289	XM_040234415.1	100.000	21	0	0	1	21	344	324	2.0	39.2
Query_555289	XM_040062293.1	100.000	21	0	0	1	21	286	266	2.0	39.2
Query_555289	HG994412.1	100.000	21	0	0	1	21	35368076	35368096	2.0	39.2
Query_555289	HG994406.1	100.000	21	0	0	1	21	8450840	8450860	2.0	39.2
Query_555289	HG994406.1	100.000	21	0	0	1	21	33877732	33877752	2.0	39.2
Query_555289	HG994405.1	100.000	21	0	0	1	21	37623602	37623582	2.0	39.2
Query_555289	HG994397.1	100.000	21	0	0	1	21	55644569	55644589	2.0	39.2
Query_555289	HG994395.1	100.000	21	0	0	1	21	35168728	35168748	2.0	39.2
Query_555289	HG994394.1	100.000	21	0	0	1	21	23149434	23149414	2.0	39.2
Query_555289	HG994393.1	100.000	21	0	0	1	21	43965471	43965491	2.0	39.2
Query_555289	HG994389.1	100.000	21	0	0	1	21	50959686	50959706	2.0	39.2
Query_555289	HG994388.1	100.000	21	0	0	1	21	10477460	10477440	2.0	39.2
Query_555289	HG994386.1	100.000	21	0	0	1	21	19075629	19075609	2.0	39.2
Query_555289	HG994386.1	100.000	21	0	0	1	21	20451420	20451400	2.0	39.2
Query_555289	HG994385.1	100.000	21	0	0	1	21	54981911	54981891	2.0	39.2
Query_555289	HG994384.1	100.000	21	0	0	1	21	29999916	29999936	2.0	39.2
Query_555289	XM_039869043.1	100.000	21	0	0	1	21	325	305	2.0	39.2
Query_555289	XM_039570592.1	100.000	21	0	0	1	21	260	240	2.0	39.2
Query_555289	XM_039496494.1	100.000	21	0	0	1	21	437	417	2.0	39.2
Query_555289	XM_039496491.1	100.000	21	0	0	1	21	345	325	2.0	39.2
Query_555289	XM_039471644.1	100.000	21	0	0	1	21	545	525	2.0	39.2
Query_555289	XM_039471339.1	100.000	21	0	0	1	21	217	197	2.0	39.2
Query_555289	XM_027732241.2	100.000	21	0	0	1	21	336	316	2.0	39.2
Query_555289	XM_039358175.1	100.000	21	0	0	1	21	302	282	2.0	39.2
Query_555289	NG_030475.3	100.000	21	0	0	1	21	342	322	2.0	39.2
Query_555289	XM_039238873.1	100.000	21	0	0	1	21	247	227	2.0	39.2
Query_555289	XM_039236607.1	100.000	21	0	0	1	21	273	253	2.0	39.2
Query_555289	XM_038677314.1	100.000	21	0	0	1	21	201	181	2.0	39.2
Query_555289	XM_038667664.1	100.000	21	0	0	1	21	281	261	2.0	39.2
Query_555289	XM_038662699.1	100.000	21	0	0	1	21	737	717	2.0	39.2
Query_555289	XM_038441557.1	100.000	21	0	0	1	21	216	196	2.0	39.2
Query_555289	XM_038439592.1	100.000	21	0	0	1	21	449	429	2.0	39.2
Query_555289	XM_038431898.1	100.000	21	0	0	1	21	195	175	2.0	39.2
Query_555289	XM_038429925.1	100.000	21	0	0	1	21	192	172	2.0	39.2
Query_555289	XM_038680268.1	100.000	21	0	0	1	21	233	213	2.0	39.2
Query_555289	XM_003435294.4	100.000	21	0	0	1	21	201	181	2.0	39.2
Query_555289	XM_038535473.1	100.000	21	0	0	1	21	290	270	2.0	39.2
Query_555289	XM_003434540.5	100.000	21	0	0	1	21	742	722	2.0	39.2
Query_555289	XM_014109332.3	100.000	21	0	0	1	21	216	196	2.0	39.2
Query_555289	XM_022411083.2	100.000	21	0	0	1	21	449	429	2.0	39.2
Query_555289	XM_003433108.5	100.000	21	0	0	1	21	195	175	2.0	39.2
Query_555289	XM_014122538.3	100.000	21	0	0	1	21	185	165	2.0	39.2
Query_555289	XM_038644474.1	100.000	21	0	0	1	21	227	207	2.0	39.2
Query_555289	XM_038388051.1	100.000	21	0	0	1	21	452	432	2.0	39.2
Query_555289	XM_038343912.1	100.000	21	0	0	1	21	185	165	2.0	39.2
Query_555289	XM_038333384.1	100.000	21	0	0	1	21	251	231	2.0	39.2
Query_555289	XM_038314678.1	100.000	21	0	0	1	21	339	319	2.0	39.2
Query_555289	XM_027451950.2	100.000	21	0	0	1	21	377	357	2.0	39.2
Query_555289	XM_038153061.1	100.000	21	0	0	1	21	300	280	2.0	39.2
Query_555289	XM_007069234.3	100.000	21	0	0	1	21	300	280	2.0	39.2
Query_555289	XM_037846925.1	100.000	21	0	0	1	21	299	279	2.0	39.2
Query_555289	XM_037812793.1	100.000	21	0	0	1	21	188	168	2.0	39.2
Query_555289	XM_037805070.1	100.000	21	0	0	1	21	185	165	2.0	39.2
Query_555289	XM_037799864.1	100.000	21	0	0	1	21	723	703	2.0	39.2
Query_555289	XM_037799643.1	100.000	21	0	0	1	21	185	165	2.0	39.2
Query_555289	XM_017502871.2	100.000	21	0	0	1	21	216	196	2.0	39.2
Query_555289	XM_017541827.2	100.000	21	0	0	1	21	211	191	2.0	39.2
Query_555289	XM_017537894.2	100.000	21	0	0	1	21	243	223	2.0	39.2
Query_555289	XM_017534874.2	100.000	21	0	0	1	21	220	200	2.0	39.2
Query_555289	XM_037522123.1	100.000	21	0	0	1	21	305	285	2.0	39.2
Query_555289	XM_037513877.1	100.000	21	0	0	1	21	354	334	2.0	39.2
Query_555289	XM_037388046.1	100.000	21	0	0	1	21	288	268	2.0	39.2
Query_555289	XM_028855698.2	100.000	21	0	0	1	21	291	271	2.0	39.2
Query_555289	XM_037196800.1	100.000	21	0	0	1	21	337	317	2.0	39.2
Query_555289	XM_036996328.1	100.000	21	0	0	1	21	185	165	2.0	39.2
Query_555289	XM_037023059.1	100.000	21	0	0	1	21	337	317	2.0	39.2
Query_555289	XM_036917115.1	100.000	21	0	0	1	21	216	196	2.0	39.2
Query_555289	XM_036852158.1	100.000	21	0	0	1	21	182	162	2.0	39.2
Query_555289	XM_036852157.1	100.000	21	0	0	1	21	209	189	2.0	39.2
Query_555289	XR_004991539.1	100.000	21	0	0	1	21	375	355	2.0	39.2
Query_555289	XM_036458685.1	100.000	21	0	0	1	21	372	352	2.0	39.2
Query_555289	XM_036400770.1	100.000	21	0	0	1	21	272	252	2.0	39.2
Query_555289	XM_036305925.1	100.000	21	0	0	1	21	215	195	2.0	39.2
Query_555289	XM_036302016.1	100.000	21	0	0	1	21	207	187	2.0	39.2
Query_555289	XM_036297571.1	100.000	21	0	0	1	21	370	350	2.0	39.2
Query_555289	XR_004965807.1	100.000	21	0	0	1	21	370	350	2.0	39.2
Query_555289	XM_036297570.1	100.000	21	0	0	1	21	363	343	2.0	39.2
Query_555289	XM_036247340.1	100.000	21	0	0	1	21	219	199	2.0	39.2
Query_555289	XM_036241407.1	100.000	21	0	0	1	21	197	177	2.0	39.2
Query_555289	XM_036252541.1	100.000	21	0	0	1	21	277	257	2.0	39.2
Query_555289	XM_016157625.2	100.000	21	0	0	1	21	296	276	2.0	39.2
Query_555289	XM_036198628.1	100.000	21	0	0	1	21	182	162	2.0	39.2
Query_555289	XM_006514344.5	100.000	21	0	0	1	21	519	499	2.0	39.2
Query_555289	LR877242.1	100.000	21	0	0	1	21	18521842	18521822	2.0	39.2
Query_555289	LR877226.1	100.000	21	0	0	1	21	44776887	44776907	2.0	39.2
Query_555289	XM_035901004.1	100.000	21	0	0	1	21	302	282	2.0	39.2
Query_555289	XM_025433563.2	100.000	21	0	0	1	21	208	188	2.0	39.2
Query_555289	XM_025461314.2	100.000	21	0	0	1	21	195	175	2.0	39.2
Query_555289	XM_025449079.2	100.000	21	0	0	1	21	231	211	2.0	39.2
Query_555289	XM_025419479.2	100.000	21	0	0	1	21	192	172	2.0	39.2
Query_555289	XM_035699157.1	100.000	21	0	0	1	21	348	328	2.0	39.2
Query_555289	XM_025438793.2	100.000	21	0	0	1	21	336	316	2.0	39.2
Query_555289	XR_004805211.1	100.000	21	0	0	1	21	3012	2992	2.0	39.2
Query_555289	XM_025440401.2	100.000	21	0	0	1	21	201	181	2.0	39.2
Query_555289	XM_025435197.2	100.000	21	0	0	1	21	733	713	2.0	39.2
Query_555289	XM_025422512.2	100.000	21	0	0	1	21	250	230	2.0	39.2
Query_555289	LR862397.1	100.000	21	0	0	1	21	11339108	11339128	2.0	39.2
Query_555289	LR862397.1	100.000	21	0	0	1	21	29635600	29635580	2.0	39.2
Query_555289	XR_004779457.1	100.000	21	0	0	1	21	868	848	2.0	39.2
Query_555289	XM_035551646.1	100.000	21	0	0	1	21	271	251	2.0	39.2
Query_555289	XM_035551645.1	100.000	21	0	0	1	21	221	201	2.0	39.2


