# blastn
# Iteration: 0
# Query: 
# RID: 6RPG6V52016
# Database: nt
# Fields: query acc.ver, subject acc.ver, % identity, alignment length, mismatches, gap opens, q. start, q. end, s. start, s. end, evalue, bit score
# 104 hits found
Query_55313	XM_003807100.4	100.000	21	0	0	1	21	397	377	2.1	39.2
Query_55313	XM_033845996.1	100.000	21	0	0	1	21	435	415	2.1	39.2
Query_55313	XM_010616907.2	100.000	21	0	0	1	21	457	437	2.1	39.2
Query_55313	XM_004283290.2	100.000	21	0	0	1	21	435	415	2.1	39.2
Query_55313	XM_033224473.1	100.000	21	0	0	1	21	765	745	2.1	39.2
Query_55313	XM_032612932.1	100.000	21	0	0	1	21	435	415	2.1	39.2
Query_55313	XM_032171207.1	100.000	21	0	0	1	21	668	648	2.1	39.2
Query_55313	LR738628.1	100.000	21	0	0	1	21	71680179	71680199	2.1	39.2
Query_55313	LR738606.1	100.000	21	0	0	1	21	65127691	65127711	2.1	39.2
Query_55313	XM_003916130.3	100.000	21	0	0	1	21	772	752	2.1	39.2
Query_55313	XR_004067781.1	100.000	21	0	0	1	21	381	361	2.1	39.2
Query_55313	XM_019015478.2	100.000	21	0	0	1	21	52	32	2.1	39.2
Query_55313	XR_176607.3	100.000	21	0	0	1	21	397	377	2.1	39.2
Query_55313	XM_010379192.2	100.000	21	0	0	1	21	762	742	2.1	39.2
Query_55313	XM_030851183.1	100.000	21	0	0	1	21	435	415	2.1	39.2
Query_55313	XM_003277335.4	100.000	21	0	0	1	21	674	654	2.1	39.2
Query_55313	XM_022586052.2	100.000	21	0	0	1	21	458	438	2.1	39.2
Query_55313	XM_029245354.1	100.000	21	0	0	1	21	435	415	2.1	39.2
Query_55313	XM_028486348.1	100.000	21	0	0	1	21	65	45	2.1	39.2
Query_55313	XM_028486348.1	100.000	21	0	0	1	21	479	459	2.1	39.2
Query_55313	NM_014501.3	100.000	21	0	0	1	21	402	382	2.1	39.2
Query_55313	XM_027097427.1	100.000	21	0	0	1	21	566	546	2.1	39.2
Query_55313	XM_028138416.1	100.000	21	0	0	1	21	677	657	2.1	39.2
Query_55313	XM_004015419.4	100.000	21	0	0	1	21	625	605	2.1	39.2
Query_55313	XM_006150358.3	100.000	21	0	0	1	21	213	193	2.1	39.2
Query_55313	CP034522.1	100.000	21	0	0	1	21	55855795	55855815	2.1	39.2
Query_55313	CP034497.1	100.000	21	0	0	1	21	55855795	55855815	2.1	39.2
Query_55313	CP034495.1	100.000	21	0	0	1	21	15608012	15608032	2.1	39.2
Query_55313	CP034495.1	100.000	21	0	0	1	21	18580606	18580586	2.1	39.2
Query_55313	XM_027514757.1	100.000	21	0	0	1	21	726	706	2.1	39.2
Query_55313	XM_027514756.1	100.000	21	0	0	1	21	662	642	2.1	39.2
Query_55313	XM_025985268.1	100.000	21	0	0	1	21	629	609	2.1	39.2
Query_55313	XM_025369037.1	100.000	21	0	0	1	21	771	751	2.1	39.2
Query_55313	XM_006064025.2	100.000	21	0	0	1	21	623	603	2.1	39.2
Query_55313	AC277988.1	100.000	21	0	0	1	21	97094	97074	2.1	39.2
Query_55313	AC277977.1	100.000	21	0	0	1	21	166529	166549	2.1	39.2
Query_55313	XM_015458384.2	100.000	21	0	0	1	21	667	647	2.1	39.2
Query_55313	XM_011752020.2	100.000	21	0	0	1	21	765	745	2.1	39.2
Query_55313	XM_024755169.1	100.000	21	0	0	1	21	435	415	2.1	39.2
Query_55313	XM_024570361.1	100.000	21	0	0	1	21	402	382	2.1	39.2
Query_55313	XM_011526752.2	100.000	21	0	0	1	21	1053	1033	2.1	39.2
Query_55313	XM_016936881.2	100.000	21	0	0	1	21	1945	1925	2.1	39.2
Query_55313	XM_016936880.2	100.000	21	0	0	1	21	465	445	2.1	39.2
Query_55313	XR_002942167.1	100.000	21	0	0	1	21	341	321	2.1	39.2
Query_55313	XM_024236634.1	100.000	21	0	0	1	21	667	647	2.1	39.2
Query_55313	XM_024123229.1	100.000	21	0	0	1	21	203	183	2.1	39.2
Query_55313	XM_004647677.3	100.000	21	0	0	1	21	724	704	2.1	39.2
Query_55313	XM_001495789.4	100.000	21	0	0	1	21	392	372	2.1	39.2
Query_55313	XM_004455465.3	100.000	21	0	0	1	21	437	417	2.1	39.2
Query_55313	XM_023184255.1	100.000	21	0	0	1	21	783	763	2.1	39.2
Query_55313	XM_021716289.1	100.000	21	0	0	1	21	275	255	2.1	39.2
Query_55313	XM_021673446.1	100.000	21	0	0	1	21	569	549	2.1	39.2
Query_55313	XM_012465289.2	100.000	21	0	0	1	21	343	323	2.1	39.2
Query_55313	XM_004866650.3	100.000	21	0	0	1	21	409	389	2.1	39.2
Query_55313	XM_004866649.3	100.000	21	0	0	1	21	398	378	2.1	39.2
Query_55313	XM_021095037.1	100.000	21	0	0	1	21	748	728	2.1	39.2
Query_55313	XM_012750226.2	100.000	21	0	0	1	21	584	564	2.1	39.2
Query_55313	LT741140.1	100.000	21	0	0	1	21	690	670	2.1	39.2
Query_55313	LT736020.1	100.000	21	0	0	1	21	690	670	2.1	39.2
Query_55313	XM_019980088.1	100.000	21	0	0	1	21	726	706	2.1	39.2
Query_55313	AC275577.1	100.000	21	0	0	1	21	8791	8771	2.1	39.2
Query_55313	XM_019627846.1	100.000	21	0	0	1	21	730	710	2.1	39.2
Query_55313	XM_018063069.1	100.000	21	0	0	1	21	726	706	2.1	39.2
Query_55313	XM_017892532.1	100.000	21	0	0	1	21	763	743	2.1	39.2
Query_55313	AC275431.1	100.000	21	0	0	1	21	56808	56828	2.1	39.2
Query_55313	XM_016218346.1	100.000	21	0	0	1	21	218	198	2.1	39.2
Query_55313	XM_015569463.1	100.000	21	0	0	1	21	434	414	2.1	39.2
Query_55313	XM_005590403.2	100.000	21	0	0	1	21	766	746	2.1	39.2
Query_55313	XM_014856682.1	100.000	21	0	0	1	21	413	393	2.1	39.2
Query_55313	NG_031882.2	100.000	21	0	0	1	21	133	113	2.1	39.2
Query_55313	XM_014481573.1	100.000	21	0	0	1	21	333	313	2.1	39.2
Query_55313	XM_013509312.1	100.000	21	0	0	1	21	428	408	2.1	39.2
Query_55313	CP011899.1	100.000	21	0	0	1	21	59437095	59437075	2.1	39.2
Query_55313	XM_012643186.1	100.000	21	0	0	1	21	550	530	2.1	39.2
Query_55313	XM_012053615.1	100.000	21	0	0	1	21	763	743	2.1	39.2
Query_55313	XM_011932455.1	100.000	21	0	0	1	21	764	744	2.1	39.2
Query_55313	XM_011932454.1	100.000	21	0	0	1	21	770	750	2.1	39.2
Query_55313	XM_011997020.1	100.000	21	0	0	1	21	248	228	2.1	39.2
Query_55313	XM_010848629.1	100.000	21	0	0	1	21	399	379	2.1	39.2
Query_55313	KJ906125.1	100.000	21	0	0	1	21	268	248	2.1	39.2
Query_55313	KJ898691.1	100.000	21	0	0	1	21	268	248	2.1	39.2
Query_55313	KJ898690.1	100.000	21	0	0	1	21	268	248	2.1	39.2
Query_55313	XM_007181410.1	100.000	21	0	0	1	21	752	732	2.1	39.2
Query_55313	NM_001286964.1	100.000	21	0	0	1	21	374	354	2.1	39.2
Query_55313	XM_005892891.1	100.000	21	0	0	1	21	425	405	2.1	39.2
Query_55313	XM_040251931.1	100.000	21	0	0	1	21	3549	3529	2.1	39.2
Query_55313	CP068261.1	100.000	21	0	0	1	21	15611228	15611248	2.1	39.2
Query_55313	CP068261.1	100.000	21	0	0	1	21	18624406	18624386	2.1	39.2
Query_55313	CP068259.1	100.000	21	0	0	1	21	58499875	58499895	2.1	39.2
Query_55313	XM_007998158.2	100.000	21	0	0	1	21	768	748	2.1	39.2
Query_55313	XM_037820403.1	100.000	21	0	0	1	21	340	320	2.1	39.2
Query_55313	XM_037159833.1	100.000	21	0	0	1	21	617	597	2.1	39.2
Query_55313	XM_037038096.1	100.000	21	0	0	1	21	800	780	2.1	39.2
Query_55313	XM_017647228.2	100.000	21	0	0	1	21	398	378	2.1	39.2
Query_55313	XM_036909194.1	100.000	21	0	0	1	21	399	379	2.1	39.2
Query_55313	XM_036833875.1	100.000	21	0	0	1	21	629	609	2.1	39.2
Query_55313	XM_036832179.1	100.000	21	0	0	1	21	397	377	2.1	39.2
Query_55313	XM_036274493.1	100.000	21	0	0	1	21	357	337	2.1	39.2
Query_55313	AP023479.1	100.000	21	0	0	1	21	55882219	55882239	2.1	39.2
Query_55313	AP023477.1	100.000	21	0	0	1	21	15790974	15790994	2.1	39.2
Query_55313	AP023477.1	100.000	21	0	0	1	21	18785986	18785966	2.1	39.2
Query_55313	XM_028529479.2	100.000	21	0	0	1	21	555	535	2.1	39.2
Query_55313	XM_025423880.2	100.000	21	0	0	1	21	422	402	2.1	39.2
Query_55313	XM_002762502.3	100.000	21	0	0	1	21	767	747	2.1	39.2


