# blastn
# Iteration: 0
# Query: 
# RID: 8YY4S5KZ013
# Database: nt
# Fields: query acc.ver, subject acc.ver, % identity, alignment length, mismatches, gap opens, q. start, q. end, s. start, s. end, evalue, bit score
# 24 hits found
Query_2081	XR_005491585.1	100.000	21	0	0	1	21	1279	1259	2.1	39.2
Query_2081	XM_039089009.1	100.000	21	0	0	1	21	808	788	2.1	39.2
Query_2081	XM_039089008.1	100.000	21	0	0	1	21	945	925	2.1	39.2
Query_2081	XM_039089007.1	100.000	21	0	0	1	21	924	904	2.1	39.2
Query_2081	XM_008769306.3	100.000	21	0	0	1	21	889	869	2.1	39.2
Query_2081	XM_017598236.2	100.000	21	0	0	1	21	1166	1146	2.1	39.2
Query_2081	XM_006249517.4	100.000	21	0	0	1	21	1211	1191	2.1	39.2
Query_2081	XM_006249516.4	100.000	21	0	0	1	21	1247	1227	2.1	39.2
Query_2081	XM_039089005.1	100.000	21	0	0	1	21	1082	1062	2.1	39.2
Query_2081	XM_017598235.2	100.000	21	0	0	1	21	1115	1095	2.1	39.2
Query_2081	XM_008769305.3	100.000	21	0	0	1	21	1130	1110	2.1	39.2
Query_2081	XM_017598234.2	100.000	21	0	0	1	21	1166	1146	2.1	39.2
Query_2081	XM_006249515.4	100.000	21	0	0	1	21	1247	1227	2.1	39.2
Query_2081	NM_053656.3	100.000	21	0	0	1	21	938	918	2.1	39.2
Query_2081	AF064549.1	100.000	21	0	0	1	21	975	955	2.1	39.2
Query_2081	AF020759.1	100.000	21	0	0	1	21	900	880	2.1	39.2
Query_2081	AF020758.1	100.000	21	0	0	1	21	978	958	2.1	39.2
Query_2081	AF020757.1	100.000	21	0	0	1	21	884	864	2.1	39.2
Query_2081	AF020756.1	100.000	21	0	0	1	21	838	818	2.1	39.2
Query_2081	AF013241.1	100.000	21	0	0	1	21	163	143	2.1	39.2
Query_2081	Y10475.1	100.000	21	0	0	1	21	974	954	2.1	39.2
Query_2081	Y10474.1	100.000	21	0	0	1	21	920	900	2.1	39.2
Query_2081	Y09910.1	100.000	21	0	0	1	21	2027	2007	2.1	39.2
Query_2081	U14414.1	100.000	21	0	0	1	21	938	918	2.1	39.2


