# blastn
# Iteration: 0
# Query: 
# RID: 7JCD1Y5P01R
# Database: nt
# Fields: query acc.ver, subject acc.ver, % identity, alignment length, mismatches, gap opens, q. start, q. end, s. start, s. end, evalue, bit score
# 100 hits found
Query_288591	XM_034991888.1	100.000	21	0	0	1	21	412	392	2.1	39.2
Query_288591	XM_034991887.1	100.000	21	0	0	1	21	496	476	2.1	39.2
Query_288591	XM_034991886.1	100.000	21	0	0	1	21	454	434	2.1	39.2
Query_288591	XM_034962171.1	100.000	21	0	0	1	21	313	293	2.1	39.2
Query_288591	XM_008958732.2	100.000	21	0	0	1	21	515	495	2.1	39.2
Query_288591	XM_003833230.2	100.000	21	0	0	1	21	486	466	2.1	39.2
Query_288591	XM_034647925.1	100.000	21	0	0	1	21	407	387	2.1	39.2
Query_288591	XM_034647924.1	100.000	21	0	0	1	21	365	345	2.1	39.2
Query_288591	XM_034647923.1	100.000	21	0	0	1	21	407	387	2.1	39.2
Query_288591	XM_034647922.1	100.000	21	0	0	1	21	407	387	2.1	39.2
Query_288591	XM_034647921.1	100.000	21	0	0	1	21	470	450	2.1	39.2
Query_288591	XM_034647919.1	100.000	21	0	0	1	21	538	518	2.1	39.2
Query_288591	XM_034647918.1	100.000	21	0	0	1	21	611	591	2.1	39.2
Query_288591	XM_034647917.1	100.000	21	0	0	1	21	407	387	2.1	39.2
Query_288591	XM_033864160.1	100.000	21	0	0	1	21	710	690	2.1	39.2
Query_288591	XM_033864159.1	100.000	21	0	0	1	21	564	544	2.1	39.2
Query_288591	XM_040473640.1	100.000	21	0	0	1	21	436	416	2.1	39.2
Query_288591	XM_040473639.1	100.000	21	0	0	1	21	375	355	2.1	39.2
Query_288591	XM_040473638.1	100.000	21	0	0	1	21	478	458	2.1	39.2
Query_288591	HG994392.1	100.000	21	0	0	1	21	13796884	13796864	2.1	39.2
Query_288591	XM_039854830.1	100.000	21	0	0	1	21	796	776	2.1	39.2
Query_288591	XM_039854829.1	100.000	21	0	0	1	21	690	670	2.1	39.2
Query_288591	XM_039854828.1	100.000	21	0	0	1	21	475	455	2.1	39.2
Query_288591	XM_039854827.1	100.000	21	0	0	1	21	534	514	2.1	39.2
Query_288591	XM_039854826.1	100.000	21	0	0	1	21	835	815	2.1	39.2
Query_288591	XM_039466881.1	100.000	21	0	0	1	21	601	581	2.1	39.2
Query_288591	XM_010333936.2	100.000	21	0	0	1	21	651	631	2.1	39.2
Query_288591	XM_039466875.1	100.000	21	0	0	1	21	477	457	2.1	39.2
Query_288591	XM_039231230.1	100.000	21	0	0	1	21	475	455	2.1	39.2
Query_288591	XM_038683648.1	100.000	21	0	0	1	21	427	407	2.1	39.2
Query_288591	XM_038683647.1	100.000	21	0	0	1	21	487	467	2.1	39.2
Query_288591	XM_038683646.1	100.000	21	0	0	1	21	469	449	2.1	39.2
Query_288591	XM_005627398.4	100.000	21	0	0	1	21	427	407	2.1	39.2
Query_288591	XM_014118472.3	100.000	21	0	0	1	21	487	467	2.1	39.2
Query_288591	XM_846912.7	100.000	21	0	0	1	21	469	449	2.1	39.2
Query_288591	XM_007972423.2	100.000	21	0	0	1	21	549	529	2.1	39.2
Query_288591	XM_038006128.1	100.000	21	0	0	1	21	574	554	2.1	39.2
Query_288591	XM_038006127.1	100.000	21	0	0	1	21	470	450	2.1	39.2
Query_288591	XM_007972424.2	100.000	21	0	0	1	21	613	593	2.1	39.2
Query_288591	XM_007972422.2	100.000	21	0	0	1	21	509	489	2.1	39.2
Query_288591	XM_037843299.1	100.000	21	0	0	1	21	425	405	2.1	39.2
Query_288591	XM_037843298.1	100.000	21	0	0	1	21	477	457	2.1	39.2
Query_288591	XM_037843297.1	100.000	21	0	0	1	21	464	444	2.1	39.2
Query_288591	XM_017547408.2	100.000	21	0	0	1	21	456	436	2.1	39.2
Query_288591	XM_037745344.1	100.000	21	0	0	1	21	528	508	2.1	39.2
Query_288591	XM_017547404.2	100.000	21	0	0	1	21	497	477	2.1	39.2
Query_288591	XM_017547403.2	100.000	21	0	0	1	21	554	534	2.1	39.2
Query_288591	XM_017547402.2	100.000	21	0	0	1	21	472	452	2.1	39.2
Query_288591	XM_028887108.2	100.000	21	0	0	1	21	420	400	2.1	39.2
Query_288591	XM_036868838.1	100.000	21	0	0	1	21	130	110	2.1	39.2
Query_288591	XM_036868837.1	100.000	21	0	0	1	21	453	433	2.1	39.2
Query_288591	XM_036868836.1	100.000	21	0	0	1	21	436	416	2.1	39.2
Query_288591	XM_036868835.1	100.000	21	0	0	1	21	453	433	2.1	39.2
Query_288591	XM_036868834.1	100.000	21	0	0	1	21	612	592	2.1	39.2
Query_288591	XM_036868833.1	100.000	21	0	0	1	21	547	527	2.1	39.2
Query_288591	XM_036868832.1	100.000	21	0	0	1	21	630	610	2.1	39.2
Query_288591	XM_036868831.1	100.000	21	0	0	1	21	475	455	2.1	39.2
Query_288591	XM_036414075.1	100.000	21	0	0	1	21	495	475	2.1	39.2
Query_288591	XM_036414074.1	100.000	21	0	0	1	21	455	435	2.1	39.2
Query_288591	XM_036414072.1	100.000	21	0	0	1	21	556	536	2.1	39.2
Query_288591	XM_036414071.1	100.000	21	0	0	1	21	494	474	2.1	39.2
Query_288591	XR_004968771.1	100.000	21	0	0	1	21	1566	1586	2.1	39.2
Query_288591	XR_004968770.1	100.000	21	0	0	1	21	1566	1586	2.1	39.2
Query_288591	XM_036316794.1	100.000	21	0	0	1	21	200	180	2.1	39.2
Query_288591	XM_036316793.1	100.000	21	0	0	1	21	239	219	2.1	39.2
Query_288591	XM_036316791.1	100.000	21	0	0	1	21	435	415	2.1	39.2
Query_288591	XM_036316790.1	100.000	21	0	0	1	21	642	622	2.1	39.2
Query_288591	XM_036316789.1	100.000	21	0	0	1	21	474	454	2.1	39.2
Query_288591	XM_036248030.1	100.000	21	0	0	1	21	469	449	2.1	39.2
Query_288591	XM_036248029.1	100.000	21	0	0	1	21	500	480	2.1	39.2
Query_288591	XM_036218441.1	100.000	21	0	0	1	21	485	465	2.1	39.2
Query_288591	XM_036218439.1	100.000	21	0	0	1	21	606	586	2.1	39.2
Query_288591	XM_016128649.2	100.000	21	0	0	1	21	458	438	2.1	39.2
Query_288591	XM_016128651.2	100.000	21	0	0	1	21	446	426	2.1	39.2
Query_288591	XM_016128648.2	100.000	21	0	0	1	21	485	465	2.1	39.2
Query_288591	XM_036167119.1	100.000	21	0	0	1	21	461	441	2.1	39.2
Query_288591	XM_036167118.1	100.000	21	0	0	1	21	500	480	2.1	39.2
Query_288591	XM_036082770.1	100.000	21	0	0	1	21	444	424	2.1	39.2
Query_288591	XM_036082769.1	100.000	21	0	0	1	21	375	355	2.1	39.2
Query_288591	XM_036082767.1	100.000	21	0	0	1	21	486	466	2.1	39.2
Query_288591	LR877205.1	100.000	21	0	0	1	21	8580100	8580080	2.1	39.2
Query_288591	XM_025418885.2	100.000	21	0	0	1	21	432	412	2.1	39.2
Query_288591	XM_035697506.1	100.000	21	0	0	1	21	615	595	2.1	39.2
Query_288591	XM_025418884.2	100.000	21	0	0	1	21	487	467	2.1	39.2
Query_288591	XM_025418883.2	100.000	21	0	0	1	21	474	454	2.1	39.2
Query_288591	XM_027602293.2	100.000	21	0	0	1	21	1816	1796	2.1	39.2
Query_288591	XM_027602292.2	100.000	21	0	0	1	21	1774	1754	2.1	39.2
Query_288591	XM_027602291.2	100.000	21	0	0	1	21	1816	1796	2.1	39.2
Query_288591	LR862362.1	100.000	21	0	0	1	21	11312886	11312866	2.1	39.2
Query_288591	XM_027387392.2	100.000	21	0	0	1	21	500	480	2.1	39.2
Query_288591	XM_027387391.2	100.000	21	0	0	1	21	655	635	2.1	39.2
Query_288591	XM_035455361.1	100.000	21	0	0	1	21	479	459	2.1	39.2
Query_288591	XM_035295753.1	100.000	21	0	0	1	21	621	601	2.1	39.2
Query_288591	XM_035295752.1	100.000	21	0	0	1	21	457	437	2.1	39.2
Query_288591	XM_035295750.1	100.000	21	0	0	1	21	657	637	2.1	39.2
Query_288591	XM_035295749.1	100.000	21	0	0	1	21	487	467	2.1	39.2
Query_288591	XM_035295748.1	100.000	21	0	0	1	21	501	481	2.1	39.2
Query_288591	XM_035295747.1	100.000	21	0	0	1	21	531	511	2.1	39.2
Query_288591	XM_035295746.1	100.000	21	0	0	1	21	656	636	2.1	39.2
Query_288591	XM_035295745.1	100.000	21	0	0	1	21	506	486	2.1	39.2


