# blastn
# Iteration: 0
# Query: 
# RID: 72HNS3ZV016
# Database: nt
# Fields: query acc.ver, subject acc.ver, % identity, alignment length, mismatches, gap opens, q. start, q. end, s. start, s. end, evalue, bit score
# 36 hits found
Query_9943	XM_003828171.2	100.000	21	0	0	1	21	475	455	2.1	39.2
Query_9943	XM_032163779.1	100.000	21	0	0	1	21	475	455	2.1	39.2
Query_9943	XM_004041540.3	100.000	21	0	0	1	21	475	455	2.1	39.2
Query_9943	XM_003270772.2	100.000	21	0	0	1	21	475	455	2.1	39.2
Query_9943	AY358627.2	100.000	21	0	0	1	21	464	444	2.1	39.2
Query_9943	NM_025237.3	100.000	21	0	0	1	21	481	461	2.1	39.2
Query_9943	CP034495.1	100.000	21	0	0	1	21	41832921	41832941	2.1	39.2
Query_9943	XM_001153653.5	100.000	21	0	0	1	21	578	558	2.1	39.2
Query_9943	XM_002827467.3	100.000	21	0	0	1	21	472	452	2.1	39.2
Query_9943	LT735545.1	100.000	21	0	0	1	21	918	898	2.1	39.2
Query_9943	XM_020180444.1	100.000	21	0	0	1	21	447	427	2.1	39.2
Query_9943	XM_002719425.3	100.000	21	0	0	1	21	663	643	2.1	39.2
Query_9943	XM_012443855.1	100.000	21	0	0	1	21	472	452	2.1	39.2
Query_9943	KJ893769.1	100.000	21	0	0	1	21	499	479	2.1	39.2
Query_9943	XM_004597329.1	100.000	21	0	0	1	21	431	411	2.1	39.2
Query_9943	CP068261.1	100.000	21	0	0	1	21	44608402	44608422	2.1	39.2
Query_9943	XM_017516182.2	100.000	21	0	0	1	21	2267	2247	2.1	39.2
Query_9943	AP023477.1	100.000	21	0	0	1	21	41451592	41451612	2.1	39.2
Query_9943	NG_008078.2	100.000	21	0	0	1	21	8236	8216	2.1	39.2
Query_9943	AC003098.2	100.000	21	0	0	1	21	6080	6100	2.1	39.2
Query_9943	AY358203.1	100.000	21	0	0	1	21	748	728	2.1	39.2
Query_9943	AF184211.1	100.000	21	0	0	1	21	190	170	2.1	39.2
Query_9943	BC101086.1	100.000	21	0	0	1	21	458	438	2.1	39.2
Query_9943	AC055813.9	100.000	21	0	0	1	21	63004	63024	2.1	39.2
Query_9943	AF331844.1	100.000	21	0	0	1	21	468	448	2.1	39.2
Query_9943	AF326739.1	100.000	21	0	0	1	21	478	458	2.1	39.2
Query_9943	AF326736.1	100.000	21	0	0	1	21	15149	15129	2.1	39.2
Query_9943	CP051516.1	100.000	20	0	0	2	21	3637905	3637924	7.3	37.4
Query_9943	XM_032279486.1	100.000	20	0	0	1	20	2573	2554	7.3	37.4
Query_9943	XM_006217479.2	100.000	20	0	0	1	20	512	493	7.3	37.4
Query_9943	CP038228.1	100.000	20	0	0	1	20	1035239	1035220	7.3	37.4
Query_9943	LT604072.1	100.000	20	0	0	1	20	1708209	1708190	7.3	37.4
Query_9943	CP064001.1	100.000	20	0	0	1	20	3459330	3459349	7.3	37.4
Query_9943	CP064003.1	100.000	20	0	0	1	20	1221084	1221065	7.3	37.4
Query_9943	CP064004.1	100.000	20	0	0	1	20	643136	643117	7.3	37.4
Query_9943	CP064005.1	100.000	20	0	0	1	20	3559854	3559873	7.3	37.4


