# blastn
# Iteration: 0
# Query: 
# RID: 6UJ1F5DF016
# Database: nt
# Fields: query acc.ver, subject acc.ver, % identity, alignment length, mismatches, gap opens, q. start, q. end, s. start, s. end, evalue, bit score
# 100 hits found
Query_56135	XM_035005109.1	100.000	21	0	0	1	21	532	512	2.1	39.2
Query_56135	XM_035005108.1	100.000	21	0	0	1	21	1036	1016	2.1	39.2
Query_56135	XM_034958465.1	100.000	21	0	0	1	21	397	377	2.1	39.2
Query_56135	XM_034958464.1	100.000	21	0	0	1	21	508	488	2.1	39.2
Query_56135	XM_034771609.1	100.000	21	0	0	1	21	417	397	2.1	39.2
Query_56135	XM_002925166.4	100.000	21	0	0	1	21	481	461	2.1	39.2
Query_56135	XM_034671927.1	100.000	21	0	0	1	21	532	512	2.1	39.2
Query_56135	XM_034508680.1	100.000	21	0	0	1	21	579	559	2.1	39.2
Query_56135	XM_033857235.1	100.000	21	0	0	1	21	350	330	2.1	39.2
Query_56135	XM_033856950.1	100.000	21	0	0	1	21	508	488	2.1	39.2
Query_56135	XM_033856948.1	100.000	21	0	0	1	21	533	513	2.1	39.2
Query_56135	XM_010625119.3	100.000	21	0	0	1	21	274	254	2.1	39.2
Query_56135	XM_004266248.3	100.000	21	0	0	1	21	508	488	2.1	39.2
Query_56135	XM_033421680.1	100.000	21	0	0	1	21	545	525	2.1	39.2
Query_56135	XM_033214025.1	100.000	21	0	0	1	21	436	416	2.1	39.2
Query_56135	XM_033214024.1	100.000	21	0	0	1	21	387	367	2.1	39.2
Query_56135	XM_040485326.1	100.000	21	0	0	1	21	431	411	2.1	39.2
Query_56135	XM_021722734.2	100.000	21	0	0	1	21	428	408	2.1	39.2
Query_56135	XM_005319928.3	100.000	21	0	0	1	21	532	512	2.1	39.2
Query_56135	XM_039539606.1	100.000	21	0	0	1	21	451	431	2.1	39.2
Query_56135	XM_003940989.2	100.000	21	0	0	1	21	383	363	2.1	39.2
Query_56135	XM_039468204.1	100.000	21	0	0	1	21	402	382	2.1	39.2
Query_56135	XM_039226965.1	100.000	21	0	0	1	21	283	263	2.1	39.2
Query_56135	XM_039226963.1	100.000	21	0	0	1	21	526	506	2.1	39.2
Query_56135	XM_039091717.1	100.000	21	0	0	1	21	357	337	2.1	39.2
Query_56135	XM_039091716.1	100.000	21	0	0	1	21	630	610	2.1	39.2
Query_56135	XM_038752828.1	100.000	21	0	0	1	21	354	334	2.1	39.2
Query_56135	XM_038399662.1	100.000	21	0	0	1	21	373	353	2.1	39.2
Query_56135	XM_038399661.1	100.000	21	0	0	1	21	408	388	2.1	39.2
Query_56135	XM_038399660.1	100.000	21	0	0	1	21	332	312	2.1	39.2
Query_56135	XM_038008617.1	100.000	21	0	0	1	21	414	394	2.1	39.2
Query_56135	XM_008017600.2	100.000	21	0	0	1	21	586	566	2.1	39.2
Query_56135	XM_037897915.1	100.000	21	0	0	1	21	416	396	2.1	39.2
Query_56135	XM_037897914.1	100.000	21	0	0	1	21	323	303	2.1	39.2
Query_56135	XM_037829624.1	100.000	21	0	0	1	21	179	159	2.1	39.2
Query_56135	XM_037829623.1	100.000	21	0	0	1	21	464	444	2.1	39.2
Query_56135	XM_037823026.1	100.000	21	0	0	1	21	286	266	2.1	39.2
Query_56135	XR_001826530.2	100.000	21	0	0	1	21	455	435	2.1	39.2
Query_56135	XM_017527248.2	100.000	21	0	0	1	21	399	379	2.1	39.2
Query_56135	XM_017527247.2	100.000	21	0	0	1	21	586	566	2.1	39.2
Query_56135	XM_017527245.2	100.000	21	0	0	1	21	586	566	2.1	39.2
Query_56135	XM_037530494.1	100.000	21	0	0	1	21	217	197	2.1	39.2
Query_56135	XM_037530493.1	100.000	21	0	0	1	21	513	493	2.1	39.2
Query_56135	XM_028882241.2	100.000	21	0	0	1	21	166	146	2.1	39.2
Query_56135	XM_028882240.2	100.000	21	0	0	1	21	367	347	2.1	39.2
Query_56135	XM_037138034.1	100.000	21	0	0	1	21	226	206	2.1	39.2
Query_56135	XM_037138033.1	100.000	21	0	0	1	21	528	508	2.1	39.2
Query_56135	XM_037064307.1	100.000	21	0	0	1	21	226	206	2.1	39.2
Query_56135	XM_037064306.1	100.000	21	0	0	1	21	512	492	2.1	39.2
Query_56135	XM_017662459.2	100.000	21	0	0	1	21	454	434	2.1	39.2
Query_56135	XM_036908505.1	100.000	21	0	0	1	21	456	436	2.1	39.2
Query_56135	XM_036853403.1	100.000	21	0	0	1	21	433	413	2.1	39.2
Query_56135	XM_036852348.1	100.000	21	0	0	1	21	506	486	2.1	39.2
Query_56135	XM_036852347.1	100.000	21	0	0	1	21	549	529	2.1	39.2
Query_56135	XM_036763187.1	100.000	21	0	0	1	21	334	314	2.1	39.2
Query_56135	XM_036763185.1	100.000	21	0	0	1	21	487	467	2.1	39.2
Query_56135	XM_036496828.1	100.000	21	0	0	1	21	247	227	2.1	39.2
Query_56135	XM_036496827.1	100.000	21	0	0	1	21	419	399	2.1	39.2
Query_56135	XM_004579145.3	100.000	21	0	0	1	21	478	458	2.1	39.2
Query_56135	XM_036418288.1	100.000	21	0	0	1	21	436	416	2.1	39.2
Query_56135	XM_036418282.1	100.000	21	0	0	1	21	534	514	2.1	39.2
Query_56135	XM_036331597.1	100.000	21	0	0	1	21	176	156	2.1	39.2
Query_56135	XM_036331588.1	100.000	21	0	0	1	21	337	317	2.1	39.2
Query_56135	XM_036331578.1	100.000	21	0	0	1	21	278	258	2.1	39.2
Query_56135	XM_036331571.1	100.000	21	0	0	1	21	683	663	2.1	39.2
Query_56135	XM_036331560.1	100.000	21	0	0	1	21	301	281	2.1	39.2
Query_56135	XM_036331552.1	100.000	21	0	0	1	21	304	284	2.1	39.2
Query_56135	XM_036331544.1	100.000	21	0	0	1	21	365	345	2.1	39.2
Query_56135	XM_036258045.1	100.000	21	0	0	1	21	290	270	2.1	39.2
Query_56135	XM_036258037.1	100.000	21	0	0	1	21	356	336	2.1	39.2
Query_56135	XM_036258027.1	100.000	21	0	0	1	21	426	406	2.1	39.2
Query_56135	XM_036258018.1	100.000	21	0	0	1	21	461	441	2.1	39.2
Query_56135	XM_036258009.1	100.000	21	0	0	1	21	514	494	2.1	39.2
Query_56135	XM_036258001.1	100.000	21	0	0	1	21	513	493	2.1	39.2
Query_56135	XM_036228034.1	100.000	21	0	0	1	21	566	546	2.1	39.2
Query_56135	XM_036228033.1	100.000	21	0	0	1	21	359	339	2.1	39.2
Query_56135	XM_036228032.1	100.000	21	0	0	1	21	260	240	2.1	39.2
Query_56135	XM_036228031.1	100.000	21	0	0	1	21	407	387	2.1	39.2
Query_56135	XM_016119954.2	100.000	21	0	0	1	21	342	322	2.1	39.2
Query_56135	XM_016119953.2	100.000	21	0	0	1	21	514	494	2.1	39.2
Query_56135	XM_036228030.1	100.000	21	0	0	1	21	527	507	2.1	39.2
Query_56135	XM_036200412.1	100.000	21	0	0	1	21	580	560	2.1	39.2
Query_56135	XM_036112050.1	100.000	21	0	0	1	21	379	359	2.1	39.2
Query_56135	XM_036112045.1	100.000	21	0	0	1	21	511	491	2.1	39.2
Query_56135	XM_036112039.1	100.000	21	0	0	1	21	337	317	2.1	39.2
Query_56135	XM_036112035.1	100.000	21	0	0	1	21	370	350	2.1	39.2
Query_56135	XM_036112026.1	100.000	21	0	0	1	21	453	433	2.1	39.2
Query_56135	XM_030314001.3	100.000	21	0	0	1	21	492	472	2.1	39.2
Query_56135	XM_028507672.2	100.000	21	0	0	1	21	397	377	2.1	39.2
Query_56135	XM_028507668.2	100.000	21	0	0	1	21	521	501	2.1	39.2
Query_56135	XM_027599485.2	100.000	21	0	0	1	21	536	516	2.1	39.2
Query_56135	XM_027390759.2	100.000	21	0	0	1	21	407	387	2.1	39.2
Query_56135	XM_027390758.2	100.000	21	0	0	1	21	355	335	2.1	39.2
Query_56135	XM_027390757.2	100.000	21	0	0	1	21	506	486	2.1	39.2
Query_56135	XM_003512233.3	100.000	21	0	0	1	21	650	630	2.1	39.2
Query_56135	XM_017970616.2	100.000	21	0	0	1	21	600	580	2.1	39.2
Query_56135	XM_035293865.1	100.000	21	0	0	1	21	558	538	2.1	39.2
Query_56135	XM_008993465.3	100.000	21	0	0	1	21	708	688	2.1	39.2
Query_56135	XM_035293864.1	100.000	21	0	0	1	21	301	281	2.1	39.2
Query_56135	XM_002745900.5	100.000	21	0	0	1	21	693	673	2.1	39.2


