# blastn
# Iteration: 0
# Query: 
# RID: 6M8RF2TT01R
# Database: nt
# Fields: query acc.ver, subject acc.ver, % identity, alignment length, mismatches, gap opens, q. start, q. end, s. start, s. end, evalue, bit score
# 101 hits found
Query_496597	XM_032908698.1	100.000	21	0	0	1	21	812	792	2.0	39.2
Query_496597	XM_032272049.1	100.000	21	0	0	1	21	785	765	2.0	39.2
Query_496597	XM_032147985.1	100.000	21	0	0	1	21	731	711	2.0	39.2
Query_496597	XM_031349943.1	100.000	21	0	0	1	21	1187	1167	2.0	39.2
Query_496597	XM_031349942.1	100.000	21	0	0	1	21	1190	1170	2.0	39.2
Query_496597	XM_019016478.2	100.000	21	0	0	1	21	787	767	2.0	39.2
Query_496597	XM_010387762.2	100.000	21	0	0	1	21	790	770	2.0	39.2
Query_496597	XR_004031103.1	100.000	21	0	0	1	21	593	573	2.0	39.2
Query_496597	XM_030798515.1	100.000	21	0	0	1	21	818	798	2.0	39.2
Query_496597	XM_029542337.1	100.000	21	0	0	1	21	784	764	2.0	39.2
Query_496597	XM_029482837.1	100.000	21	0	0	1	21	1180	1160	2.0	39.2
Query_496597	XM_021174221.2	100.000	21	0	0	1	21	1184	1164	2.0	39.2
Query_496597	LR594574.1	100.000	21	0	0	1	21	758864	758844	2.0	39.2
Query_496597	XM_015122268.2	100.000	21	0	0	1	21	794	774	2.0	39.2
Query_496597	XM_024134024.2	100.000	21	0	0	1	21	700	680	2.0	39.2
Query_496597	NM_004359.2	100.000	21	0	0	1	21	750	730	2.0	39.2
Query_496597	XM_026457267.1	100.000	21	0	0	1	21	672	652	2.0	39.2
Query_496597	XM_026413990.1	100.000	21	0	0	1	21	631	611	2.0	39.2
Query_496597	XM_026413989.1	100.000	21	0	0	1	21	762	742	2.0	39.2
Query_496597	CP034522.1	100.000	21	0	0	1	21	481419	481399	2.0	39.2
Query_496597	CP034497.1	100.000	21	0	0	1	21	481419	481399	2.0	39.2
Query_496597	XM_011749512.2	100.000	21	0	0	1	21	792	772	2.0	39.2
Query_496597	XM_024569235.1	100.000	21	0	0	1	21	561	541	2.0	39.2
Query_496597	XM_009434229.3	100.000	21	0	0	1	21	791	771	2.0	39.2
Query_496597	XM_003460883.4	100.000	21	0	0	1	21	674	654	2.0	39.2
Query_496597	NM_001359818.1	100.000	21	0	0	1	21	793	773	2.0	39.2
Query_496597	NM_001359817.1	100.000	21	0	0	1	21	662	642	2.0	39.2
Query_496597	XM_021641921.1	100.000	21	0	0	1	21	803	783	2.0	39.2
Query_496597	XM_005509260.2	100.000	21	0	0	1	21	579	559	2.0	39.2
Query_496597	XM_021204629.1	100.000	21	0	0	1	21	788	768	2.0	39.2
Query_496597	XM_021084306.1	100.000	21	0	0	1	21	724	704	2.0	39.2
Query_496597	XM_012745890.2	100.000	21	0	0	1	21	796	776	2.0	39.2
Query_496597	LT744874.1	100.000	21	0	0	1	21	1065	1045	2.0	39.2
Query_496597	XM_017875368.1	100.000	21	0	0	1	21	817	797	2.0	39.2
Query_496597	XM_006904162.2	100.000	21	0	0	1	21	734	714	2.0	39.2
Query_496597	XM_015503779.1	100.000	21	0	0	1	21	509	489	2.0	39.2
Query_496597	XM_015440168.1	100.000	21	0	0	1	21	632	612	2.0	39.2
Query_496597	XM_004441382.2	100.000	21	0	0	1	21	610	590	2.0	39.2
Query_496597	XM_006171736.2	100.000	21	0	0	1	21	923	903	2.0	39.2
Query_496597	XM_005406038.2	100.000	21	0	0	1	21	1144	1124	2.0	39.2
Query_496597	XM_013022933.1	100.000	21	0	0	1	21	734	714	2.0	39.2
Query_496597	XM_011963969.1	100.000	21	0	0	1	21	588	568	2.0	39.2
Query_496597	XM_006722952.2	100.000	21	0	0	1	21	786	766	2.0	39.2
Query_496597	XM_008584482.1	100.000	21	0	0	1	21	593	573	2.0	39.2
Query_496597	XM_008584481.1	100.000	21	0	0	1	21	578	558	2.0	39.2
Query_496597	KJ890880.1	100.000	21	0	0	1	21	643	623	2.0	39.2
Query_496597	XM_004717010.1	100.000	21	0	0	1	21	536	516	2.0	39.2
Query_496597	XM_040290814.1	100.000	21	0	0	1	21	492	472	2.0	39.2
Query_496597	XM_040290813.1	100.000	21	0	0	1	21	545	525	2.0	39.2
Query_496597	XM_039839022.1	100.000	21	0	0	1	21	784	764	2.0	39.2
Query_496597	XM_039839021.1	100.000	21	0	0	1	21	525	505	2.0	39.2
Query_496597	XM_003944905.3	100.000	21	0	0	1	21	786	766	2.0	39.2
Query_496597	XM_039248064.1	100.000	21	0	0	1	21	639	619	2.0	39.2
Query_496597	NG_003260.4	100.000	21	0	0	1	21	817	797	2.0	39.2
Query_496597	CP068259.1	100.000	21	0	0	1	21	495187	495167	2.0	39.2
Query_496597	XM_039078634.1	100.000	21	0	0	1	21	1191	1171	2.0	39.2
Query_496597	XM_007994557.2	100.000	21	0	0	1	21	796	776	2.0	39.2
Query_496597	XM_017520140.2	100.000	21	0	0	1	21	788	768	2.0	39.2
Query_496597	XM_037504885.1	100.000	21	0	0	1	21	781	761	2.0	39.2
Query_496597	AK391588.1	100.000	21	0	0	1	21	731	711	2.0	39.2
Query_496597	JN960871.1	100.000	21	0	0	1	21	35051	35031	2.0	39.2
Query_496597	XM_036240758.1	100.000	21	0	0	1	21	717	697	2.0	39.2
Query_496597	XM_036240757.1	100.000	21	0	0	1	21	603	583	2.0	39.2
Query_496597	XM_016126687.2	100.000	21	0	0	1	21	774	754	2.0	39.2
Query_496597	AP023479.1	100.000	21	0	0	1	21	302646	302626	2.0	39.2
Query_496597	AP023479.1	100.000	21	0	0	1	21	379558	379538	2.0	39.2
Query_496597	XM_017313888.3	100.000	21	0	0	1	21	628	608	2.0	39.2
Query_496597	XM_017313887.2	100.000	21	0	0	1	21	620	600	2.0	39.2
Query_496597	XM_028521023.2	100.000	21	0	0	1	21	587	567	2.0	39.2
Query_496597	XM_028521022.2	100.000	21	0	0	1	21	747	727	2.0	39.2
Query_496597	XM_028521021.2	100.000	21	0	0	1	21	824	804	2.0	39.2
Query_496597	XM_035285863.1	100.000	21	0	0	1	21	774	754	2.0	39.2
Query_496597	JN959361.1	100.000	21	0	0	1	21	10693	10673	2.0	39.2
Query_496597	JN952967.1	100.000	21	0	0	1	21	35024	35004	2.0	39.2
Query_496597	JN948920.1	100.000	21	0	0	1	21	24713	24693	2.0	39.2
Query_496597	AB590273.1	100.000	21	0	0	1	21	587	567	2.0	39.2
Query_496597	FQ228127.1	100.000	21	0	0	1	21	125	105	2.0	39.2
Query_496597	CU676209.1	100.000	21	0	0	1	21	149	169	2.0	39.2
Query_496597	NM_001013103.2	100.000	21	0	0	1	21	596	576	2.0	39.2
Query_496597	AK291554.1	100.000	21	0	0	1	21	779	759	2.0	39.2
Query_496597	DQ893910.2	100.000	21	0	0	1	21	600	580	2.0	39.2
Query_496597	DQ890738.2	100.000	21	0	0	1	21	600	580	2.0	39.2
Query_496597	AK233538.1	100.000	21	0	0	1	21	609	589	2.0	39.2
Query_496597	NM_177613.2	100.000	21	0	0	1	21	797	777	2.0	39.2
Query_496597	AY650399.1	100.000	21	0	0	1	21	11693	11673	2.0	39.2
Query_496597	BC002332.2	100.000	21	0	0	1	21	89	69	2.0	39.2
Query_496597	AC124407.4	100.000	21	0	0	1	21	5064	5044	2.0	39.2
Query_496597	AK136078.1	100.000	21	0	0	1	21	774	754	2.0	39.2
Query_496597	BC023979.1	100.000	21	0	0	1	21	754	734	2.0	39.2
Query_496597	BT008039.1	100.000	21	0	0	1	21	578	558	2.0	39.2
Query_496597	BT006659.1	100.000	21	0	0	1	21	578	558	2.0	39.2
Query_496597	AK153982.1	100.000	21	0	0	1	21	1586	1566	2.0	39.2
Query_496597	AC011556.9	100.000	21	0	0	1	21	9901	9881	2.0	39.2
Query_496597	BC098064.1	100.000	21	0	0	1	21	794	774	2.0	39.2
Query_496597	BC094502.1	100.000	21	0	0	1	21	613	593	2.0	39.2
Query_496597	AC151828.3	100.000	21	0	0	1	21	96303	96283	2.0	39.2
Query_496597	AL645764.15	100.000	21	0	0	1	21	160118	160098	2.0	39.2
Query_496597	AC011531.7	100.000	21	0	0	1	21	30871	30851	2.0	39.2
Query_496597	BC018143.2	100.000	21	0	0	1	21	780	760	2.0	39.2
Query_496597	BC009850.2	100.000	21	0	0	1	21	777	757	2.0	39.2
Query_496597	L38482.1	100.000	21	0	0	1	21	2517	2497	2.0	39.2


