# blastn
# Iteration: 0
# Query: 
# RID: 6XH69UPB013
# Database: nt
# Fields: query acc.ver, subject acc.ver, % identity, alignment length, mismatches, gap opens, q. start, q. end, s. start, s. end, evalue, bit score
# 101 hits found
Query_62365	XM_040459764.1	100.000	21	0	0	1	21	267	247	2.1	39.2
Query_62365	XM_040459763.1	100.000	21	0	0	1	21	204	184	2.1	39.2
Query_62365	XM_040453115.1	100.000	21	0	0	1	21	192	172	2.1	39.2
Query_62365	XM_040483671.1	100.000	21	0	0	1	21	203	183	2.1	39.2
Query_62365	XM_013358595.3	100.000	21	0	0	1	21	179	159	2.1	39.2
Query_62365	XM_040275522.1	100.000	21	0	0	1	21	195	175	2.1	39.2
Query_62365	XM_040275521.1	100.000	21	0	0	1	21	198	178	2.1	39.2
Query_62365	XR_005722423.1	100.000	21	0	0	1	21	307	287	2.1	39.2
Query_62365	XM_040248193.1	100.000	21	0	0	1	21	180	160	2.1	39.2
Query_62365	XM_040248192.1	100.000	21	0	0	1	21	181	161	2.1	39.2
Query_62365	XM_040248190.1	100.000	21	0	0	1	21	247	227	2.1	39.2
Query_62365	XM_040248189.1	100.000	21	0	0	1	21	431	411	2.1	39.2
Query_62365	XM_040079728.1	100.000	21	0	0	1	21	228	208	2.1	39.2
Query_62365	HG994414.1	100.000	21	0	0	1	21	24269069	24269049	2.1	39.2
Query_62365	HG994412.1	100.000	21	0	0	1	21	4440879	4440899	2.1	39.2
Query_62365	HG994402.1	100.000	21	0	0	1	21	6183071	6183051	2.1	39.2
Query_62365	HG994399.1	100.000	21	0	0	1	21	14112934	14112954	2.1	39.2
Query_62365	HG994399.1	100.000	21	0	0	1	21	55249528	55249508	2.1	39.2
Query_62365	HG994392.1	100.000	21	0	0	1	21	46905616	46905596	2.1	39.2
Query_62365	HG994388.1	100.000	21	0	0	1	21	62871755	62871775	2.1	39.2
Query_62365	HG994384.1	100.000	21	0	0	1	21	36595811	36595791	2.1	39.2
Query_62365	XM_039864584.1	100.000	21	0	0	1	21	265	245	2.1	39.2
Query_62365	XM_039719147.1	100.000	21	0	0	1	21	819	799	2.1	39.2
Query_62365	XM_039563285.1	100.000	21	0	0	1	21	229	209	2.1	39.2
Query_62365	XM_039498373.1	100.000	21	0	0	1	21	307	287	2.1	39.2
Query_62365	XM_039498372.1	100.000	21	0	0	1	21	302	282	2.1	39.2
Query_62365	XM_039498371.1	100.000	21	0	0	1	21	282	262	2.1	39.2
Query_62365	XM_010343114.2	100.000	21	0	0	1	21	404	384	2.1	39.2
Query_62365	XM_039479767.1	100.000	21	0	0	1	21	240	220	2.1	39.2
Query_62365	XM_039477794.1	100.000	21	0	0	1	21	188	168	2.1	39.2
Query_62365	XM_027751911.2	100.000	21	0	0	1	21	232	212	2.1	39.2
Query_62365	XM_027751910.2	100.000	21	0	0	1	21	239	219	2.1	39.2
Query_62365	XM_027751909.2	100.000	21	0	0	1	21	195	175	2.1	39.2
Query_62365	XM_039229992.1	100.000	21	0	0	1	21	176	156	2.1	39.2
Query_62365	XM_039229991.1	100.000	21	0	0	1	21	228	208	2.1	39.2
Query_62365	XM_038432767.1	100.000	21	0	0	1	21	240	220	2.1	39.2
Query_62365	XM_038687102.1	100.000	21	0	0	1	21	192	172	2.1	39.2
Query_62365	XR_005288650.1	100.000	21	0	0	1	21	221	201	2.1	39.2
Query_62365	XM_038369788.1	100.000	21	0	0	1	21	279	259	2.1	39.2
Query_62365	XM_038369787.1	100.000	21	0	0	1	21	219	199	2.1	39.2
Query_62365	XM_038330104.1	100.000	21	0	0	1	21	449	429	2.1	39.2
Query_62365	XM_038345939.1	100.000	21	0	0	1	21	180	160	2.1	39.2
Query_62365	XM_038158905.1	100.000	21	0	0	1	21	287	267	2.1	39.2
Query_62365	XM_037988979.1	100.000	21	0	0	1	21	214	194	2.1	39.2
Query_62365	XM_037983802.1	100.000	21	0	0	1	21	199	179	2.1	39.2
Query_62365	XM_037982646.1	100.000	21	0	0	1	21	175	155	2.1	39.2
Query_62365	XM_008014322.2	100.000	21	0	0	1	21	471	451	2.1	39.2
Query_62365	XM_037982645.1	100.000	21	0	0	1	21	176	156	2.1	39.2
Query_62365	XM_008014318.2	100.000	21	0	0	1	21	331	311	2.1	39.2
Query_62365	XM_008014312.2	100.000	21	0	0	1	21	265	245	2.1	39.2
Query_62365	XM_037996789.1	100.000	21	0	0	1	21	197	177	2.1	39.2
Query_62365	XM_037915425.1	100.000	21	0	0	1	21	180	160	2.1	39.2
Query_62365	XM_037915423.1	100.000	21	0	0	1	21	305	285	2.1	39.2
Query_62365	XM_037821188.1	100.000	21	0	0	1	21	201	181	2.1	39.2
Query_62365	XM_037841023.1	100.000	21	0	0	1	21	180	160	2.1	39.2
Query_62365	XM_037810938.1	100.000	21	0	0	1	21	217	197	2.1	39.2
Query_62365	XM_037799127.1	100.000	21	0	0	1	21	180	160	2.1	39.2
Query_62365	XM_037735772.1	100.000	21	0	0	1	21	1963	1943	2.1	39.2
Query_62365	XM_037734717.1	100.000	21	0	0	1	21	193	173	2.1	39.2
Query_62365	XR_001817404.2	100.000	21	0	0	1	21	180	160	2.1	39.2
Query_62365	XR_005202231.1	100.000	21	0	0	1	21	195	175	2.1	39.2
Query_62365	XM_037739054.1	100.000	21	0	0	1	21	641	621	2.1	39.2
Query_62365	XM_017529922.2	100.000	21	0	0	1	21	268	248	2.1	39.2
Query_62365	XM_017529921.2	100.000	21	0	0	1	21	268	248	2.1	39.2
Query_62365	XM_037500285.1	100.000	21	0	0	1	21	229	209	2.1	39.2
Query_62365	XM_037403322.1	100.000	21	0	0	1	21	235	215	2.1	39.2
Query_62365	XM_037403321.1	100.000	21	0	0	1	21	180	160	2.1	39.2
Query_62365	XM_037403320.1	100.000	21	0	0	1	21	251	231	2.1	39.2
Query_62365	XM_037403319.1	100.000	21	0	0	1	21	220	200	2.1	39.2
Query_62365	XM_037207659.1	100.000	21	0	0	1	21	216	196	2.1	39.2
Query_62365	XM_028868577.2	100.000	21	0	0	1	21	492	472	2.1	39.2
Query_62365	XM_037167230.1	100.000	21	0	0	1	21	557	537	2.1	39.2
Query_62365	XM_037047414.1	100.000	21	0	0	1	21	180	160	2.1	39.2
Query_62365	XM_037059887.1	100.000	21	0	0	1	21	266	246	2.1	39.2
Query_62365	XM_017651907.2	100.000	21	0	0	1	21	299	279	2.1	39.2
Query_62365	XM_017651906.2	100.000	21	0	0	1	21	395	375	2.1	39.2
Query_62365	XM_017651904.2	100.000	21	0	0	1	21	287	267	2.1	39.2
Query_62365	XM_017651903.2	100.000	21	0	0	1	21	265	245	2.1	39.2
Query_62365	XM_036901999.1	100.000	21	0	0	1	21	288	268	2.1	39.2
Query_62365	XM_036901998.1	100.000	21	0	0	1	21	391	371	2.1	39.2
Query_62365	XM_036901997.1	100.000	21	0	0	1	21	177	157	2.1	39.2
Query_62365	XM_036901996.1	100.000	21	0	0	1	21	265	245	2.1	39.2
Query_62365	XM_036417745.1	100.000	21	0	0	1	21	246	226	2.1	39.2
Query_62365	XM_036417742.1	100.000	21	0	0	1	21	289	269	2.1	39.2
Query_62365	XM_036323833.1	100.000	21	0	0	1	21	314	294	2.1	39.2
Query_62365	XM_036244480.1	100.000	21	0	0	1	21	279	259	2.1	39.2
Query_62365	XM_036244479.1	100.000	21	0	0	1	21	210	190	2.1	39.2
Query_62365	XM_036244478.1	100.000	21	0	0	1	21	320	300	2.1	39.2
Query_62365	XM_036244476.1	100.000	21	0	0	1	21	232	212	2.1	39.2
Query_62365	XM_036244475.1	100.000	21	0	0	1	21	249	229	2.1	39.2
Query_62365	XM_036253164.1	100.000	21	0	0	1	21	180	160	2.1	39.2
Query_62365	XM_016143742.2	100.000	21	0	0	1	21	256	236	2.1	39.2
Query_62365	XM_036184029.1	100.000	21	0	0	1	21	354	334	2.1	39.2
Query_62365	XM_036064666.1	100.000	21	0	0	1	21	229	209	2.1	39.2
Query_62365	XM_036064665.1	100.000	21	0	0	1	21	178	158	2.1	39.2
Query_62365	LR877231.1	100.000	21	0	0	1	21	72272279	72272299	2.1	39.2
Query_62365	LR877199.1	100.000	21	0	0	1	21	7487465	7487445	2.1	39.2
Query_62365	LR877198.1	100.000	21	0	0	1	21	4637086	4637106	2.1	39.2
Query_62365	XM_035900901.1	100.000	21	0	0	1	21	4067	4047	2.1	39.2
Query_62365	NM_001257398.2	100.000	21	0	0	1	21	341	321	2.1	39.2
Query_62365	NM_001282579.2	100.000	21	0	0	1	21	302	282	2.1	39.2


