# blastn
# Iteration: 0
# Query: 
# RID: 6UGVD15Z013
# Database: nt
# Fields: query acc.ver, subject acc.ver, % identity, alignment length, mismatches, gap opens, q. start, q. end, s. start, s. end, evalue, bit score
# 80 hits found
Query_52627	XM_034958465.1	100.000	21	0	0	1	21	481	461	2.1	39.2
Query_52627	XM_034958464.1	100.000	21	0	0	1	21	592	572	2.1	39.2
Query_52627	XM_033214027.1	100.000	21	0	0	1	21	385	365	2.1	39.2
Query_52627	XM_033214026.1	100.000	21	0	0	1	21	271	251	2.1	39.2
Query_52627	XM_033214025.1	100.000	21	0	0	1	21	520	500	2.1	39.2
Query_52627	XM_033214024.1	100.000	21	0	0	1	21	471	451	2.1	39.2
Query_52627	XM_033214023.1	100.000	21	0	0	1	21	670	650	2.1	39.2
Query_52627	XM_023224702.3	100.000	21	0	0	1	21	208	188	2.1	39.2
Query_52627	XM_023224701.3	100.000	21	0	0	1	21	489	469	2.1	39.2
Query_52627	XM_023224700.3	100.000	21	0	0	1	21	461	441	2.1	39.2
Query_52627	XM_023224699.3	100.000	21	0	0	1	21	670	650	2.1	39.2
Query_52627	XM_031664650.1	100.000	21	0	0	1	21	257	237	2.1	39.2
Query_52627	XM_021938381.2	100.000	21	0	0	1	21	481	461	2.1	39.2
Query_52627	XM_021938380.2	100.000	21	0	0	1	21	670	650	2.1	39.2
Query_52627	XM_003898597.4	100.000	21	0	0	1	21	670	650	2.1	39.2
Query_52627	XM_019025601.2	100.000	21	0	0	1	21	205	185	2.1	39.2
Query_52627	XM_004038573.3	100.000	21	0	0	1	21	670	650	2.1	39.2
Query_52627	XM_010384547.2	100.000	21	0	0	1	21	670	650	2.1	39.2
Query_52627	XM_030800871.1	100.000	21	0	0	1	21	674	654	2.1	39.2
Query_52627	NM_001312647.2	100.000	21	0	0	1	21	492	472	2.1	39.2
Query_52627	NM_001111112.2	100.000	21	0	0	1	21	580	560	2.1	39.2
Query_52627	NM_001312648.2	100.000	21	0	0	1	21	486	466	2.1	39.2
Query_52627	NM_001111113.2	100.000	21	0	0	1	21	427	407	2.1	39.2
Query_52627	XM_028848016.1	100.000	21	0	0	1	21	573	553	2.1	39.2
Query_52627	XM_015138162.2	100.000	21	0	0	1	21	670	650	2.1	39.2
Query_52627	NM_005339.5	100.000	21	0	0	1	21	580	560	2.1	39.2
Query_52627	XM_025385140.1	100.000	21	0	0	1	21	152	132	2.1	39.2
Query_52627	XM_025385138.1	100.000	21	0	0	1	21	194	174	2.1	39.2
Query_52627	XM_025385137.1	100.000	21	0	0	1	21	578	558	2.1	39.2
Query_52627	XM_025385136.1	100.000	21	0	0	1	21	584	564	2.1	39.2
Query_52627	XM_025385134.1	100.000	21	0	0	1	21	519	499	2.1	39.2
Query_52627	XM_025385133.1	100.000	21	0	0	1	21	675	655	2.1	39.2
Query_52627	XM_025385132.1	100.000	21	0	0	1	21	675	655	2.1	39.2
Query_52627	XM_016950973.2	100.000	21	0	0	1	21	574	554	2.1	39.2
Query_52627	XM_009447486.3	100.000	21	0	0	1	21	515	495	2.1	39.2
Query_52627	XM_009447485.3	100.000	21	0	0	1	21	671	651	2.1	39.2
Query_52627	XM_024245916.1	100.000	21	0	0	1	21	578	558	2.1	39.2
Query_52627	XM_002814684.3	100.000	21	0	0	1	21	675	655	2.1	39.2
Query_52627	XM_012474955.2	100.000	21	0	0	1	21	675	655	2.1	39.2
Query_52627	LT735837.1	100.000	21	0	0	1	21	875	855	2.1	39.2
Query_52627	XM_017854256.1	100.000	21	0	0	1	21	794	774	2.1	39.2
Query_52627	XM_015450067.1	100.000	21	0	0	1	21	573	553	2.1	39.2
Query_52627	XM_015450066.1	100.000	21	0	0	1	21	579	559	2.1	39.2
Query_52627	XM_014013251.1	100.000	21	0	0	1	21	410	390	2.1	39.2
Query_52627	XM_014013250.1	100.000	21	0	0	1	21	620	600	2.1	39.2
Query_52627	XM_014013249.1	100.000	21	0	0	1	21	418	398	2.1	39.2
Query_52627	XM_012057902.1	100.000	21	0	0	1	21	670	650	2.1	39.2
Query_52627	XM_012057901.1	100.000	21	0	0	1	21	670	650	2.1	39.2
Query_52627	XM_011949088.1	100.000	21	0	0	1	21	519	499	2.1	39.2
Query_52627	XM_011949087.1	100.000	21	0	0	1	21	675	655	2.1	39.2
Query_52627	XM_011949086.1	100.000	21	0	0	1	21	901	881	2.1	39.2
Query_52627	XM_011949085.1	100.000	21	0	0	1	21	675	655	2.1	39.2
Query_52627	XM_011949084.1	100.000	21	0	0	1	21	901	881	2.1	39.2
Query_52627	XM_011983567.1	100.000	21	0	0	1	21	519	499	2.1	39.2
Query_52627	XM_011983565.1	100.000	21	0	0	1	21	675	655	2.1	39.2
Query_52627	XM_011983564.1	100.000	21	0	0	1	21	675	655	2.1	39.2
Query_52627	KJ891343.1	100.000	21	0	0	1	21	453	433	2.1	39.2
Query_52627	XM_003940989.2	100.000	21	0	0	1	21	467	447	2.1	39.2
Query_52627	XM_039468204.1	100.000	21	0	0	1	21	486	466	2.1	39.2
Query_52627	NM_001260841.2	100.000	21	0	0	1	21	437	417	2.1	39.2
Query_52627	XM_038713477.1	100.000	21	0	0	1	21	745	725	2.1	39.2
Query_52627	XM_038008617.1	100.000	21	0	0	1	21	498	478	2.1	39.2
Query_52627	XM_008017600.2	100.000	21	0	0	1	21	670	650	2.1	39.2
Query_52627	NM_001246525.1	100.000	21	0	0	1	21	545	525	2.1	39.2
Query_52627	AB527742.1	100.000	21	0	0	1	21	397	377	2.1	39.2
Query_52627	CU690733.1	100.000	21	0	0	1	21	231	251	2.1	39.2
Query_52627	EU446896.1	100.000	21	0	0	1	21	410	390	2.1	39.2
Query_52627	AK315524.1	100.000	21	0	0	1	21	598	578	2.1	39.2
Query_52627	AK307130.1	100.000	21	0	0	1	21	483	463	2.1	39.2
Query_52627	AK291454.1	100.000	21	0	0	1	21	424	404	2.1	39.2
Query_52627	NM_001283819.1	100.000	21	0	0	1	21	595	575	2.1	39.2
Query_52627	BC022804.1	100.000	21	0	0	1	21	548	528	2.1	39.2
Query_52627	AK093533.1	100.000	21	0	0	1	21	493	473	2.1	39.2
Query_52627	AC105287.5	100.000	21	0	0	1	21	24255	24235	2.1	39.2
Query_52627	BC050600.1	100.000	21	0	0	1	21	526	506	2.1	39.2
Query_52627	AB022436.1	100.000	21	0	0	1	21	321	301	2.1	39.2
Query_52627	AB022435.1	100.000	21	0	0	1	21	474	454	2.1	39.2
Query_52627	U58522.1	100.000	21	0	0	1	21	391	371	2.1	39.2
Query_52627	CP029256.1	100.000	20	0	0	2	21	815556	815537	7.2	37.4
Query_52627	AC009232.3	100.000	20	0	0	1	20	134234	134215	7.2	37.4


