# blastn
# Iteration: 0
# Query: 
# RID: 7RGJJB5B013
# Database: nt
# Fields: query acc.ver, subject acc.ver, % identity, alignment length, mismatches, gap opens, q. start, q. end, s. start, s. end, evalue, bit score
# 101 hits found
Query_52381	XM_034941314.1	100.000	21	0	0	1	21	746	726	2.1	39.2
Query_52381	XM_033922283.1	100.000	21	0	0	1	21	639	619	2.1	39.2
Query_52381	XM_019926857.2	100.000	21	0	0	1	21	756	736	2.1	39.2
Query_52381	XR_004523990.1	100.000	21	0	0	1	21	759	739	2.1	39.2
Query_52381	XR_004523989.1	100.000	21	0	0	1	21	759	739	2.1	39.2
Query_52381	XM_019926856.2	100.000	21	0	0	1	21	753	733	2.1	39.2
Query_52381	XM_004267021.3	100.000	21	0	0	1	21	756	736	2.1	39.2
Query_52381	XR_004481917.1	100.000	21	0	0	1	21	766	746	2.1	39.2
Query_52381	XR_004481916.1	100.000	21	0	0	1	21	766	746	2.1	39.2
Query_52381	XM_033423172.1	100.000	21	0	0	1	21	761	741	2.1	39.2
Query_52381	XR_004430887.1	100.000	21	0	0	1	21	477	457	2.1	39.2
Query_52381	XR_004430886.1	100.000	21	0	0	1	21	730	710	2.1	39.2
Query_52381	XR_004430885.1	100.000	21	0	0	1	21	700	680	2.1	39.2
Query_52381	XR_004430884.1	100.000	21	0	0	1	21	606	586	2.1	39.2
Query_52381	XR_004430883.1	100.000	21	0	0	1	21	577	557	2.1	39.2
Query_52381	XM_033185036.1	100.000	21	0	0	1	21	761	741	2.1	39.2
Query_52381	XM_033090559.1	100.000	21	0	0	1	21	876	856	2.1	39.2
Query_52381	XM_032616401.1	100.000	21	0	0	1	21	771	751	2.1	39.2
Query_52381	XM_032498029.1	100.000	21	0	0	1	21	754	734	2.1	39.2
Query_52381	XM_032271694.1	100.000	21	0	0	1	21	342	322	2.1	39.2
Query_52381	XR_004262992.1	100.000	21	0	0	1	21	406	386	2.1	39.2
Query_52381	XM_032138345.1	100.000	21	0	0	1	21	764	744	2.1	39.2
Query_52381	XM_023184506.2	100.000	21	0	0	1	21	752	732	2.1	39.2
Query_52381	XR_004179314.1	100.000	21	0	0	1	21	1085	1065	2.1	39.2
Query_52381	XR_004179313.1	100.000	21	0	0	1	21	477	457	2.1	39.2
Query_52381	XM_003912123.3	100.000	21	0	0	1	21	755	735	2.1	39.2
Query_52381	XM_017950278.3	100.000	21	0	0	1	21	593	573	2.1	39.2
Query_52381	XM_031469532.1	100.000	21	0	0	1	21	754	734	2.1	39.2
Query_52381	XM_004058312.3	100.000	21	0	0	1	21	755	735	2.1	39.2
Query_52381	XM_010382186.2	100.000	21	0	0	1	21	755	735	2.1	39.2
Query_52381	XM_030861713.1	100.000	21	0	0	1	21	756	736	2.1	39.2
Query_52381	XR_004040642.1	100.000	21	0	0	1	21	760	740	2.1	39.2
Query_52381	XR_004040641.1	100.000	21	0	0	1	21	760	740	2.1	39.2
Query_52381	XM_030861711.1	100.000	21	0	0	1	21	756	736	2.1	39.2
Query_52381	XM_030800357.1	100.000	21	0	0	1	21	755	735	2.1	39.2
Query_52381	XM_022595421.2	100.000	21	0	0	1	21	776	756	2.1	39.2
Query_52381	LR699160.1	100.000	21	0	0	1	21	55464753	55464773	2.1	39.2
Query_52381	XM_030185871.1	100.000	21	0	0	1	21	673	653	2.1	39.2
Query_52381	XM_030185870.1	100.000	21	0	0	1	21	477	457	2.1	39.2
Query_52381	XM_029211108.1	100.000	21	0	0	1	21	761	741	2.1	39.2
Query_52381	XR_001440232.2	100.000	21	0	0	1	21	848	828	2.1	39.2
Query_52381	XR_001440230.2	100.000	21	0	0	1	21	621	601	2.1	39.2
Query_52381	XM_015118270.2	100.000	21	0	0	1	21	750	730	2.1	39.2
Query_52381	XM_028835904.1	100.000	21	0	0	1	21	478	458	2.1	39.2
Query_52381	XM_028534147.1	100.000	21	0	0	1	21	750	730	2.1	39.2
Query_52381	XM_028498186.1	100.000	21	0	0	1	21	760	740	2.1	39.2
Query_52381	XM_027130745.1	100.000	21	0	0	1	21	756	736	2.1	39.2
Query_52381	XR_003438008.1	100.000	21	0	0	1	21	768	748	2.1	39.2
Query_52381	XR_003438007.1	100.000	21	0	0	1	21	768	748	2.1	39.2
Query_52381	XM_027130744.1	100.000	21	0	0	1	21	763	743	2.1	39.2
Query_52381	XM_026393902.1	100.000	21	0	0	1	21	1129	1109	2.1	39.2
Query_52381	XM_007177418.2	100.000	21	0	0	1	21	372	352	2.1	39.2
Query_52381	XM_007177417.2	100.000	21	0	0	1	21	719	699	2.1	39.2
Query_52381	XM_027922643.1	100.000	21	0	0	1	21	717	697	2.1	39.2
Query_52381	XR_003580586.1	100.000	21	0	0	1	21	396	376	2.1	39.2
Query_52381	CP034495.1	100.000	21	0	0	1	21	4192558	4192578	2.1	39.2
Query_52381	CP034495.1	100.000	21	0	0	1	21	84372827	84372847	2.1	39.2
Query_52381	XM_025362958.1	100.000	21	0	0	1	21	755	735	2.1	39.2
Query_52381	XR_981472.2	100.000	21	0	0	1	21	522	502	2.1	39.2
Query_52381	XR_003016002.1	100.000	21	0	0	1	21	625	605	2.1	39.2
Query_52381	XR_981462.2	100.000	21	0	0	1	21	1047	1027	2.1	39.2
Query_52381	XR_003015996.1	100.000	21	0	0	1	21	901	881	2.1	39.2
Query_52381	XR_981464.2	100.000	21	0	0	1	21	1079	1059	2.1	39.2
Query_52381	XM_024790008.1	100.000	21	0	0	1	21	1498	1478	2.1	39.2
Query_52381	XM_024736378.1	100.000	21	0	0	1	21	761	741	2.1	39.2
Query_52381	XM_009431600.3	100.000	21	0	0	1	21	381	361	2.1	39.2
Query_52381	XM_016931252.2	100.000	21	0	0	1	21	755	735	2.1	39.2
Query_52381	XM_002826864.4	100.000	21	0	0	1	21	755	735	2.1	39.2
Query_52381	XM_023653288.1	100.000	21	0	0	1	21	698	678	2.1	39.2
Query_52381	XM_023653287.1	100.000	21	0	0	1	21	695	675	2.1	39.2
Query_52381	XM_023530459.1	100.000	21	0	0	1	21	342	322	2.1	39.2
Query_52381	XM_023530458.1	100.000	21	0	0	1	21	396	376	2.1	39.2
Query_52381	XM_023584215.1	100.000	21	0	0	1	21	579	559	2.1	39.2
Query_52381	XM_003799047.3	100.000	21	0	0	1	21	753	733	2.1	39.2
Query_52381	XR_002775135.1	100.000	21	0	0	1	21	640	620	2.1	39.2
Query_52381	XM_022595420.1	100.000	21	0	0	1	21	761	741	2.1	39.2
Query_52381	XM_008047888.2	100.000	21	0	0	1	21	760	740	2.1	39.2
Query_52381	XM_021671288.1	100.000	21	0	0	1	21	349	329	2.1	39.2
Query_52381	XM_040270543.1	100.000	21	0	0	1	21	927	907	2.1	39.2
Query_52381	XR_005658082.1	100.000	21	0	0	1	21	578	558	2.1	39.2
Query_52381	XM_039886420.1	100.000	21	0	0	1	21	747	727	2.1	39.2
Query_52381	XM_039476665.1	100.000	21	0	0	1	21	776	756	2.1	39.2
Query_52381	CP068261.1	100.000	21	0	0	1	21	4178817	4178837	2.1	39.2
Query_52381	XR_005236751.1	100.000	21	0	0	1	21	587	567	2.1	39.2
Query_52381	XR_005236750.1	100.000	21	0	0	1	21	575	555	2.1	39.2
Query_52381	XM_008009911.2	100.000	21	0	0	1	21	759	739	2.1	39.2
Query_52381	XM_037810445.1	100.000	21	0	0	1	21	738	718	2.1	39.2
Query_52381	XM_037801494.1	100.000	21	0	0	1	21	565	545	2.1	39.2
Query_52381	XM_017512180.2	100.000	21	0	0	1	21	748	728	2.1	39.2
Query_52381	XM_037201328.1	100.000	21	0	0	1	21	677	657	2.1	39.2
Query_52381	XM_028888748.2	100.000	21	0	0	1	21	667	647	2.1	39.2
Query_52381	XM_037133033.1	100.000	21	0	0	1	21	753	733	2.1	39.2
Query_52381	XM_037022823.1	100.000	21	0	0	1	21	482	462	2.1	39.2
Query_52381	XM_036268448.1	100.000	21	0	0	1	21	649	629	2.1	39.2
Query_52381	XM_016138806.2	100.000	21	0	0	1	21	861	841	2.1	39.2
Query_52381	AP023477.1	100.000	21	0	0	1	21	4362714	4362734	2.1	39.2
Query_52381	NM_003342.5	100.000	21	0	0	1	21	752	732	2.1	39.2
Query_52381	XM_035447490.1	100.000	21	0	0	1	21	457	437	2.1	39.2
Query_52381	XM_027426818.2	100.000	21	0	0	1	21	457	437	2.1	39.2
Query_52381	XR_004743113.1	100.000	21	0	0	1	21	844	824	2.1	39.2
Query_52381	XM_002747845.5	100.000	21	0	0	1	21	765	745	2.1	39.2


