# blastn
# Iteration: 0
# Query: 
# RID: 6MC242T0016
# Database: nt
# Fields: query acc.ver, subject acc.ver, % identity, alignment length, mismatches, gap opens, q. start, q. end, s. start, s. end, evalue, bit score
# 101 hits found
Query_54479	XM_005325742.4	100.000	21	0	0	1	21	612	592	2.0	39.2
Query_54479	XM_040293037.1	100.000	21	0	0	1	21	503	483	2.0	39.2
Query_54479	XM_005325741.4	100.000	21	0	0	1	21	640	620	2.0	39.2
Query_54479	XM_040266533.1	100.000	21	0	0	1	21	551	531	2.0	39.2
Query_54479	XM_040237783.1	100.000	21	0	0	1	21	360	340	2.0	39.2
Query_54479	XM_040237782.1	100.000	21	0	0	1	21	345	325	2.0	39.2
Query_54479	XR_005720632.1	100.000	21	0	0	1	21	674	654	2.0	39.2
Query_54479	XM_040237780.1	100.000	21	0	0	1	21	770	750	2.0	39.2
Query_54479	XM_040237779.1	100.000	21	0	0	1	21	649	629	2.0	39.2
Query_54479	XM_040237778.1	100.000	21	0	0	1	21	674	654	2.0	39.2
Query_54479	XM_040237777.1	100.000	21	0	0	1	21	747	727	2.0	39.2
Query_54479	XM_040237776.1	100.000	21	0	0	1	21	735	715	2.0	39.2
Query_54479	XM_040237775.1	100.000	21	0	0	1	21	649	629	2.0	39.2
Query_54479	XM_040237774.1	100.000	21	0	0	1	21	625	605	2.0	39.2
Query_54479	XM_040237773.1	100.000	21	0	0	1	21	648	628	2.0	39.2
Query_54479	XM_040237772.1	100.000	21	0	0	1	21	511	491	2.0	39.2
Query_54479	XM_040237771.1	100.000	21	0	0	1	21	570	550	2.0	39.2
Query_54479	XM_040237769.1	100.000	21	0	0	1	21	649	629	2.0	39.2
Query_54479	XM_040237768.1	100.000	21	0	0	1	21	623	603	2.0	39.2
Query_54479	XM_040237767.1	100.000	21	0	0	1	21	636	616	2.0	39.2
Query_54479	HG996474.1	100.000	21	0	0	1	21	3368622	3368642	2.0	39.2
Query_54479	XM_040006311.1	100.000	21	0	0	1	21	597	577	2.0	39.2
Query_54479	HG995218.1	100.000	21	0	0	1	21	4321192	4321172	2.0	39.2
Query_54479	HG994414.1	100.000	21	0	0	1	21	17437196	17437176	2.0	39.2
Query_54479	HG994411.1	100.000	21	0	0	1	21	15574109	15574129	2.0	39.2
Query_54479	HG994405.1	100.000	21	0	0	1	21	6085741	6085721	2.0	39.2
Query_54479	HG994404.1	100.000	21	0	0	1	21	11569847	11569827	2.0	39.2
Query_54479	HG994404.1	100.000	21	0	0	1	21	45910375	45910395	2.0	39.2
Query_54479	HG994397.1	100.000	21	0	0	1	21	4491506	4491486	2.0	39.2
Query_54479	XM_039854835.1	100.000	21	0	0	1	21	379	359	2.0	39.2
Query_54479	XM_039848730.1	100.000	21	0	0	1	21	694	674	2.0	39.2
Query_54479	XM_039848729.1	100.000	21	0	0	1	21	626	606	2.0	39.2
Query_54479	XM_039848728.1	100.000	21	0	0	1	21	610	590	2.0	39.2
Query_54479	XM_039848727.1	100.000	21	0	0	1	21	621	601	2.0	39.2
Query_54479	XM_039848726.1	100.000	21	0	0	1	21	803	783	2.0	39.2
Query_54479	XM_039848725.1	100.000	21	0	0	1	21	637	617	2.0	39.2
Query_54479	XM_031739496.2	100.000	21	0	0	1	21	551	531	2.0	39.2
Query_54479	HG992155.1	100.000	21	0	0	1	21	6495398	6495378	2.0	39.2
Query_54479	XM_003929504.3	100.000	21	0	0	1	21	712	692	2.0	39.2
Query_54479	XM_003929505.3	100.000	21	0	0	1	21	839	819	2.0	39.2
Query_54479	XM_003929502.3	100.000	21	0	0	1	21	647	627	2.0	39.2
Query_54479	XM_010340110.2	100.000	21	0	0	1	21	712	692	2.0	39.2
Query_54479	XM_010340111.2	100.000	21	0	0	1	21	839	819	2.0	39.2
Query_54479	XM_010340109.2	100.000	21	0	0	1	21	647	627	2.0	39.2
Query_54479	XM_039220817.1	100.000	21	0	0	1	21	556	536	2.0	39.2
Query_54479	XM_039220816.1	100.000	21	0	0	1	21	608	588	2.0	39.2
Query_54479	XM_039220815.1	100.000	21	0	0	1	21	587	567	2.0	39.2
Query_54479	XM_006233338.3	100.000	21	0	0	1	21	621	601	2.0	39.2
Query_54479	XM_006233337.3	100.000	21	0	0	1	21	795	775	2.0	39.2
Query_54479	XM_006233336.4	100.000	21	0	0	1	21	642	622	2.0	39.2
Query_54479	XM_006233335.3	100.000	21	0	0	1	21	621	601	2.0	39.2
Query_54479	XM_006233334.3	100.000	21	0	0	1	21	765	745	2.0	39.2
Query_54479	XM_006233333.3	100.000	21	0	0	1	21	642	622	2.0	39.2
Query_54479	XM_038444267.1	100.000	21	0	0	1	21	625	605	2.0	39.2
Query_54479	XM_038444266.1	100.000	21	0	0	1	21	644	624	2.0	39.2
Query_54479	XM_038444265.1	100.000	21	0	0	1	21	621	601	2.0	39.2
Query_54479	XM_038444264.1	100.000	21	0	0	1	21	613	593	2.0	39.2
Query_54479	XM_038444263.1	100.000	21	0	0	1	21	627	607	2.0	39.2
Query_54479	XM_038444262.1	100.000	21	0	0	1	21	652	632	2.0	39.2
Query_54479	XM_038444261.1	100.000	21	0	0	1	21	644	624	2.0	39.2
Query_54479	XM_038462042.1	100.000	21	0	0	1	21	625	605	2.0	39.2
Query_54479	XM_005642458.4	100.000	21	0	0	1	21	644	624	2.0	39.2
Query_54479	XM_038462041.1	100.000	21	0	0	1	21	621	601	2.0	39.2
Query_54479	XM_038462040.1	100.000	21	0	0	1	21	614	594	2.0	39.2
Query_54479	XM_038462039.1	100.000	21	0	0	1	21	627	607	2.0	39.2
Query_54479	XM_038462038.1	100.000	21	0	0	1	21	648	628	2.0	39.2
Query_54479	XM_038462037.1	100.000	21	0	0	1	21	644	624	2.0	39.2
Query_54479	XM_038769165.1	100.000	21	0	0	1	21	774	754	2.0	39.2
Query_54479	XM_038769164.1	100.000	21	0	0	1	21	570	550	2.0	39.2
Query_54479	XM_038769163.1	100.000	21	0	0	1	21	571	551	2.0	39.2
Query_54479	XM_038769162.1	100.000	21	0	0	1	21	774	754	2.0	39.2
Query_54479	XM_038310764.1	100.000	21	0	0	1	21	595	575	2.0	39.2
Query_54479	XM_038310763.1	100.000	21	0	0	1	21	639	619	2.0	39.2
Query_54479	XM_038310762.1	100.000	21	0	0	1	21	668	648	2.0	39.2
Query_54479	XM_011553637.2	100.000	21	0	0	1	21	658	638	2.0	39.2
Query_54479	XM_037990392.1	100.000	21	0	0	1	21	820	800	2.0	39.2
Query_54479	XM_037990386.1	100.000	21	0	0	1	21	660	640	2.0	39.2
Query_54479	XM_037990381.1	100.000	21	0	0	1	21	500	480	2.0	39.2
Query_54479	XM_007999423.2	100.000	21	0	0	1	21	717	697	2.0	39.2
Query_54479	XM_037990373.1	100.000	21	0	0	1	21	715	695	2.0	39.2
Query_54479	XM_037990369.1	100.000	21	0	0	1	21	804	784	2.0	39.2
Query_54479	XM_037990364.1	100.000	21	0	0	1	21	978	958	2.0	39.2
Query_54479	XM_007999419.2	100.000	21	0	0	1	21	820	800	2.0	39.2
Query_54479	XM_007999418.2	100.000	21	0	0	1	21	898	878	2.0	39.2
Query_54479	XM_037830359.1	100.000	21	0	0	1	21	584	564	2.0	39.2
Query_54479	XM_037830358.1	100.000	21	0	0	1	21	595	575	2.0	39.2
Query_54479	XM_037830357.1	100.000	21	0	0	1	21	557	537	2.0	39.2
Query_54479	XM_037830356.1	100.000	21	0	0	1	21	609	589	2.0	39.2
Query_54479	XM_037830355.1	100.000	21	0	0	1	21	628	608	2.0	39.2
Query_54479	XM_017508657.2	100.000	21	0	0	1	21	712	692	2.0	39.2
Query_54479	XM_017508656.2	100.000	21	0	0	1	21	842	822	2.0	39.2
Query_54479	XM_017508655.2	100.000	21	0	0	1	21	616	596	2.0	39.2
Query_54479	XM_017508652.2	100.000	21	0	0	1	21	604	584	2.0	39.2
Query_54479	XM_017508651.2	100.000	21	0	0	1	21	793	773	2.0	39.2
Query_54479	XM_017508650.2	100.000	21	0	0	1	21	912	892	2.0	39.2
Query_54479	XM_037509625.1	100.000	21	0	0	1	21	586	566	2.0	39.2
Query_54479	XM_037509624.1	100.000	21	0	0	1	21	536	516	2.0	39.2
Query_54479	XM_037509623.1	100.000	21	0	0	1	21	594	574	2.0	39.2
Query_54479	XM_030164956.2	100.000	21	0	0	1	21	681	661	2.0	39.2
Query_54479	XM_037207130.1	100.000	21	0	0	1	21	409	389	2.0	39.2
Query_54479	XM_028857385.2	100.000	21	0	0	1	21	625	605	2.0	39.2


