# blastn
# Iteration: 0
# Query: 
# RID: 6MSBTT0K013
# Database: nt
# Fields: query acc.ver, subject acc.ver, % identity, alignment length, mismatches, gap opens, q. start, q. end, s. start, s. end, evalue, bit score
# 100 hits found
Query_46513	XM_013355738.3	100.000	21	0	0	1	21	2110	2090	2.0	39.2
Query_46513	XM_021721854.2	100.000	21	0	0	1	21	2158	2138	2.0	39.2
Query_46513	XR_005722721.1	100.000	21	0	0	1	21	2018	1998	2.0	39.2
Query_46513	XM_040249572.1	100.000	21	0	0	1	21	1978	1958	2.0	39.2
Query_46513	XM_040249571.1	100.000	21	0	0	1	21	2017	1997	2.0	39.2
Query_46513	XM_040249570.1	100.000	21	0	0	1	21	1981	1961	2.0	39.2
Query_46513	HG994392.1	100.000	21	0	0	1	21	13810266	13810246	2.0	39.2
Query_46513	XM_039854831.1	100.000	21	0	0	1	21	1938	1918	2.0	39.2
Query_46513	XM_039854830.1	100.000	21	0	0	1	21	2342	2322	2.0	39.2
Query_46513	XM_039854829.1	100.000	21	0	0	1	21	2236	2216	2.0	39.2
Query_46513	XM_039854828.1	100.000	21	0	0	1	21	2021	2001	2.0	39.2
Query_46513	XM_039854827.1	100.000	21	0	0	1	21	2080	2060	2.0	39.2
Query_46513	XM_039854826.1	100.000	21	0	0	1	21	2381	2361	2.0	39.2
Query_46513	XM_039466881.1	100.000	21	0	0	1	21	2147	2127	2.0	39.2
Query_46513	XM_010333936.2	100.000	21	0	0	1	21	2197	2177	2.0	39.2
Query_46513	XM_039466875.1	100.000	21	0	0	1	21	2023	2003	2.0	39.2
Query_46513	XM_039231230.1	100.000	21	0	0	1	21	2021	2001	2.0	39.2
Query_46513	XM_039084826.1	100.000	21	0	0	1	21	2067	2047	2.0	39.2
Query_46513	XM_006244582.4	100.000	21	0	0	1	21	2016	1996	2.0	39.2
Query_46513	XM_039084824.1	100.000	21	0	0	1	21	2048	2028	2.0	39.2
Query_46513	XM_003750650.5	100.000	21	0	0	1	21	2055	2035	2.0	39.2
Query_46513	XM_038683648.1	100.000	21	0	0	1	21	1973	1953	2.0	39.2
Query_46513	XM_038683647.1	100.000	21	0	0	1	21	2033	2013	2.0	39.2
Query_46513	XM_038683646.1	100.000	21	0	0	1	21	2015	1995	2.0	39.2
Query_46513	XM_005627398.4	100.000	21	0	0	1	21	1973	1953	2.0	39.2
Query_46513	XM_014118472.3	100.000	21	0	0	1	21	2033	2013	2.0	39.2
Query_46513	XM_846912.7	100.000	21	0	0	1	21	2015	1995	2.0	39.2
Query_46513	XM_038341152.1	100.000	21	0	0	1	21	1874	1854	2.0	39.2
Query_46513	XM_038341151.1	100.000	21	0	0	1	21	2074	2054	2.0	39.2
Query_46513	XM_038341149.1	100.000	21	0	0	1	21	2125	2105	2.0	39.2
Query_46513	XM_007972423.2	100.000	21	0	0	1	21	2095	2075	2.0	39.2
Query_46513	XM_038006128.1	100.000	21	0	0	1	21	2120	2100	2.0	39.2
Query_46513	XM_038006127.1	100.000	21	0	0	1	21	2016	1996	2.0	39.2
Query_46513	XM_007972424.2	100.000	21	0	0	1	21	2159	2139	2.0	39.2
Query_46513	XM_007972422.2	100.000	21	0	0	1	21	2055	2035	2.0	39.2
Query_46513	XM_037843300.1	100.000	21	0	0	1	21	1920	1900	2.0	39.2
Query_46513	XM_037843299.1	100.000	21	0	0	1	21	1971	1951	2.0	39.2
Query_46513	XM_037843298.1	100.000	21	0	0	1	21	2023	2003	2.0	39.2
Query_46513	XM_037843297.1	100.000	21	0	0	1	21	2010	1990	2.0	39.2
Query_46513	XM_017547408.2	100.000	21	0	0	1	21	2002	1982	2.0	39.2
Query_46513	XM_037745344.1	100.000	21	0	0	1	21	2074	2054	2.0	39.2
Query_46513	XM_017547404.2	100.000	21	0	0	1	21	2043	2023	2.0	39.2
Query_46513	XM_017547403.2	100.000	21	0	0	1	21	2100	2080	2.0	39.2
Query_46513	XM_017547402.2	100.000	21	0	0	1	21	2018	1998	2.0	39.2
Query_46513	XM_037519798.1	100.000	21	0	0	1	21	2013	1993	2.0	39.2
Query_46513	XM_037519797.1	100.000	21	0	0	1	21	1946	1926	2.0	39.2
Query_46513	XM_028887108.2	100.000	21	0	0	1	21	1966	1946	2.0	39.2
Query_46513	XM_037142609.1	100.000	21	0	0	1	21	1979	1959	2.0	39.2
Query_46513	XM_037142608.1	100.000	21	0	0	1	21	2072	2052	2.0	39.2
Query_46513	XM_037142607.1	100.000	21	0	0	1	21	2018	1998	2.0	39.2
Query_46513	XM_037053815.1	100.000	21	0	0	1	21	1988	1968	2.0	39.2
Query_46513	XM_037053808.1	100.000	21	0	0	1	21	2093	2073	2.0	39.2
Query_46513	XM_037053800.1	100.000	21	0	0	1	21	2027	2007	2.0	39.2
Query_46513	XM_036868838.1	100.000	21	0	0	1	21	1638	1618	2.0	39.2
Query_46513	XM_036868837.1	100.000	21	0	0	1	21	1961	1941	2.0	39.2
Query_46513	XM_036868836.1	100.000	21	0	0	1	21	1982	1962	2.0	39.2
Query_46513	XM_036868835.1	100.000	21	0	0	1	21	1999	1979	2.0	39.2
Query_46513	XM_036868834.1	100.000	21	0	0	1	21	2158	2138	2.0	39.2
Query_46513	XM_036868833.1	100.000	21	0	0	1	21	2093	2073	2.0	39.2
Query_46513	XM_036868832.1	100.000	21	0	0	1	21	2176	2156	2.0	39.2
Query_46513	XM_036868831.1	100.000	21	0	0	1	21	2021	2001	2.0	39.2
Query_46513	XM_004590404.2	100.000	21	0	0	1	21	2001	1981	2.0	39.2
Query_46513	XM_036414075.1	100.000	21	0	0	1	21	2041	2021	2.0	39.2
Query_46513	XM_036414074.1	100.000	21	0	0	1	21	2001	1981	2.0	39.2
Query_46513	XM_036414072.1	100.000	21	0	0	1	21	2102	2082	2.0	39.2
Query_46513	XM_036414071.1	100.000	21	0	0	1	21	2040	2020	2.0	39.2
Query_46513	XM_036316794.1	100.000	21	0	0	1	21	1708	1688	2.0	39.2
Query_46513	XM_036316793.1	100.000	21	0	0	1	21	1747	1727	2.0	39.2
Query_46513	XM_036316792.1	100.000	21	0	0	1	21	1827	1807	2.0	39.2
Query_46513	XM_036316791.1	100.000	21	0	0	1	21	1981	1961	2.0	39.2
Query_46513	XM_036316790.1	100.000	21	0	0	1	21	2188	2168	2.0	39.2
Query_46513	XM_036316789.1	100.000	21	0	0	1	21	2020	2000	2.0	39.2
Query_46513	XM_036248030.1	100.000	21	0	0	1	21	2015	1995	2.0	39.2
Query_46513	XM_036248029.1	100.000	21	0	0	1	21	2046	2026	2.0	39.2
Query_46513	XM_036218441.1	100.000	21	0	0	1	21	2031	2011	2.0	39.2
Query_46513	XM_036218440.1	100.000	21	0	0	1	21	1903	1883	2.0	39.2
Query_46513	XM_036218439.1	100.000	21	0	0	1	21	2152	2132	2.0	39.2
Query_46513	XM_016128649.2	100.000	21	0	0	1	21	2004	1984	2.0	39.2
Query_46513	XM_016128651.2	100.000	21	0	0	1	21	1992	1972	2.0	39.2
Query_46513	XM_016128648.2	100.000	21	0	0	1	21	2031	2011	2.0	39.2
Query_46513	XM_036167119.1	100.000	21	0	0	1	21	2007	1987	2.0	39.2
Query_46513	XM_036167118.1	100.000	21	0	0	1	21	2046	2026	2.0	39.2
Query_46513	XM_030249734.2	100.000	21	0	0	1	21	2083	2063	2.0	39.2
Query_46513	XM_006524139.3	100.000	21	0	0	1	21	2230	2210	2.0	39.2
Query_46513	XM_006524138.5	100.000	21	0	0	1	21	2052	2032	2.0	39.2
Query_46513	XM_006524136.3	100.000	21	0	0	1	21	2269	2249	2.0	39.2
Query_46513	XM_036082770.1	100.000	21	0	0	1	21	1990	1970	2.0	39.2
Query_46513	XM_036082769.1	100.000	21	0	0	1	21	1921	1901	2.0	39.2
Query_46513	XM_036082767.1	100.000	21	0	0	1	21	2032	2012	2.0	39.2
Query_46513	XM_028508568.2	100.000	21	0	0	1	21	2144	2124	2.0	39.2
Query_46513	XM_028508566.2	100.000	21	0	0	1	21	2007	1987	2.0	39.2
Query_46513	XM_028508565.2	100.000	21	0	0	1	21	2046	2026	2.0	39.2
Query_46513	XM_036024155.1	100.000	21	0	0	1	21	2208	2188	2.0	39.2
Query_46513	XM_036024154.1	100.000	21	0	0	1	21	2286	2266	2.0	39.2
Query_46513	XM_036024153.1	100.000	21	0	0	1	21	2247	2227	2.0	39.2
Query_46513	LR877222.1	100.000	21	0	0	1	21	12244800	12244780	2.0	39.2
Query_46513	LR877205.1	100.000	21	0	0	1	21	8595251	8595231	2.0	39.2
Query_46513	XM_025418885.2	100.000	21	0	0	1	21	1978	1958	2.0	39.2
Query_46513	XM_035697506.1	100.000	21	0	0	1	21	2161	2141	2.0	39.2
Query_46513	XM_025418884.2	100.000	21	0	0	1	21	2033	2013	2.0	39.2


