# blastn
# Iteration: 0
# Query: 
# RID: 6RHND1SX016
# Database: nt
# Fields: query acc.ver, subject acc.ver, % identity, alignment length, mismatches, gap opens, q. start, q. end, s. start, s. end, evalue, bit score
# 100 hits found
Query_43325	XM_034951639.1	100.000	21	0	0	1	21	434	414	2.1	39.2
Query_43325	XM_034951638.1	100.000	21	0	0	1	21	286	266	2.1	39.2
Query_43325	XM_034951637.1	100.000	21	0	0	1	21	563	543	2.1	39.2
Query_43325	XM_034951636.1	100.000	21	0	0	1	21	327	307	2.1	39.2
Query_43325	XM_034951635.1	100.000	21	0	0	1	21	284	264	2.1	39.2
Query_43325	XM_034951634.1	100.000	21	0	0	1	21	287	267	2.1	39.2
Query_43325	XM_034951633.1	100.000	21	0	0	1	21	570	550	2.1	39.2
Query_43325	XM_034951632.1	100.000	21	0	0	1	21	328	308	2.1	39.2
Query_43325	XM_033236300.1	100.000	21	0	0	1	21	430	410	2.1	39.2
Query_43325	XM_033236299.1	100.000	21	0	0	1	21	705	685	2.1	39.2
Query_43325	XM_033236298.1	100.000	21	0	0	1	21	405	385	2.1	39.2
Query_43325	XM_032268238.1	100.000	21	0	0	1	21	324	304	2.1	39.2
Query_43325	XM_032268236.1	100.000	21	0	0	1	21	285	265	2.1	39.2
Query_43325	XM_032268235.1	100.000	21	0	0	1	21	389	369	2.1	39.2
Query_43325	XR_004257690.1	100.000	21	0	0	1	21	264	244	2.1	39.2
Query_43325	XM_032754107.1	100.000	21	0	0	1	21	341	321	2.1	39.2
Query_43325	XM_032144947.1	100.000	21	0	0	1	21	723	703	2.1	39.2
Query_43325	XM_032144946.1	100.000	21	0	0	1	21	186	166	2.1	39.2
Query_43325	XM_032144945.1	100.000	21	0	0	1	21	828	808	2.1	39.2
Query_43325	XM_031843763.1	100.000	21	0	0	1	21	2422	2402	2.1	39.2
Query_43325	NM_001194836.2	100.000	21	0	0	1	21	341	321	2.1	39.2
Query_43325	XM_009195636.2	100.000	21	0	0	1	21	286	266	2.1	39.2
Query_43325	XM_030924821.1	100.000	21	0	0	1	21	430	410	2.1	39.2
Query_43325	XM_030798768.1	100.000	21	0	0	1	21	314	294	2.1	39.2
Query_43325	XM_030798767.1	100.000	21	0	0	1	21	314	294	2.1	39.2
Query_43325	XM_030798766.1	100.000	21	0	0	1	21	303	283	2.1	39.2
Query_43325	XM_030798765.1	100.000	21	0	0	1	21	420	400	2.1	39.2
Query_43325	XM_030798764.1	100.000	21	0	0	1	21	723	703	2.1	39.2
Query_43325	XM_030798763.1	100.000	21	0	0	1	21	420	400	2.1	39.2
Query_43325	XM_030798762.1	100.000	21	0	0	1	21	817	797	2.1	39.2
Query_43325	NM_194260.3	100.000	21	0	0	1	21	439	419	2.1	39.2
Query_43325	NM_194261.3	100.000	21	0	0	1	21	291	271	2.1	39.2
Query_43325	NM_194259.3	100.000	21	0	0	1	21	566	546	2.1	39.2
Query_43325	XM_028986447.1	100.000	21	0	0	1	21	624	604	2.1	39.2
Query_43325	XM_028986446.1	100.000	21	0	0	1	21	312	292	2.1	39.2
Query_43325	XM_028840603.1	100.000	21	0	0	1	21	336	316	2.1	39.2
Query_43325	XM_028840602.1	100.000	21	0	0	1	21	340	320	2.1	39.2
Query_43325	XM_001118584.4	100.000	21	0	0	1	21	285	265	2.1	39.2
Query_43325	XM_028840601.1	100.000	21	0	0	1	21	275	255	2.1	39.2
Query_43325	NM_003345.5	100.000	21	0	0	1	21	309	289	2.1	39.2
Query_43325	XM_025370151.1	100.000	21	0	0	1	21	428	408	2.1	39.2
Query_43325	XM_025370150.1	100.000	21	0	0	1	21	432	412	2.1	39.2
Query_43325	XM_025370148.1	100.000	21	0	0	1	21	284	264	2.1	39.2
Query_43325	XM_025370147.1	100.000	21	0	0	1	21	572	552	2.1	39.2
Query_43325	XM_025370146.1	100.000	21	0	0	1	21	710	690	2.1	39.2
Query_43325	XM_011748436.2	100.000	21	0	0	1	21	586	566	2.1	39.2
Query_43325	XM_024794102.1	100.000	21	0	0	1	21	257	237	2.1	39.2
Query_43325	XM_024794101.1	100.000	21	0	0	1	21	2424	2404	2.1	39.2
Query_43325	XM_024450432.1	100.000	21	0	0	1	21	467	447	2.1	39.2
Query_43325	XM_016929130.2	100.000	21	0	0	1	21	430	410	2.1	39.2
Query_43325	XM_003314907.5	100.000	21	0	0	1	21	617	597	2.1	39.2
Query_43325	XM_003314906.4	100.000	21	0	0	1	21	333	313	2.1	39.2
Query_43325	XM_003314905.4	100.000	21	0	0	1	21	433	413	2.1	39.2
Query_43325	XM_016929129.2	100.000	21	0	0	1	21	687	667	2.1	39.2
Query_43325	XM_016929128.2	100.000	21	0	0	1	21	430	410	2.1	39.2
Query_43325	XM_009430052.3	100.000	21	0	0	1	21	617	597	2.1	39.2
Query_43325	XM_009430055.3	100.000	21	0	0	1	21	278	258	2.1	39.2
Query_43325	XM_009430053.3	100.000	21	0	0	1	21	420	400	2.1	39.2
Query_43325	XM_016929126.2	100.000	21	0	0	1	21	687	667	2.1	39.2
Query_43325	XM_016929125.2	100.000	21	0	0	1	21	430	410	2.1	39.2
Query_43325	XM_024233921.1	100.000	21	0	0	1	21	284	264	2.1	39.2
Query_43325	XM_002825946.4	100.000	21	0	0	1	21	428	408	2.1	39.2
Query_43325	XM_024233920.1	100.000	21	0	0	1	21	438	418	2.1	39.2
Query_43325	XM_024233919.1	100.000	21	0	0	1	21	312	292	2.1	39.2
Query_43325	XM_024233918.1	100.000	21	0	0	1	21	321	301	2.1	39.2
Query_43325	XM_012441957.2	100.000	21	0	0	1	21	2133	2113	2.1	39.2
Query_43325	XR_001108396.2	100.000	21	0	0	1	21	197	177	2.1	39.2
Query_43325	LT733828.1	100.000	21	0	0	1	21	647	627	2.1	39.2
Query_43325	U45328.2	100.000	21	0	0	1	21	283	263	2.1	39.2
Query_43325	XM_017858483.1	100.000	21	0	0	1	21	190	170	2.1	39.2
Query_43325	XM_017858482.1	100.000	21	0	0	1	21	190	170	2.1	39.2
Query_43325	XM_017858481.1	100.000	21	0	0	1	21	611	591	2.1	39.2
Query_43325	XM_017858480.1	100.000	21	0	0	1	21	547	527	2.1	39.2
Query_43325	XM_017858479.1	100.000	21	0	0	1	21	438	418	2.1	39.2
Query_43325	XM_017023640.1	100.000	21	0	0	1	21	715	695	2.1	39.2
Query_43325	XM_005255541.4	100.000	21	0	0	1	21	715	695	2.1	39.2
Query_43325	XM_011522644.2	100.000	21	0	0	1	21	555	535	2.1	39.2
Query_43325	XM_015442656.1	100.000	21	0	0	1	21	195	175	2.1	39.2
Query_43325	XM_015442655.1	100.000	21	0	0	1	21	440	420	2.1	39.2
Query_43325	XM_015442654.1	100.000	21	0	0	1	21	190	170	2.1	39.2
Query_43325	XM_015442653.1	100.000	21	0	0	1	21	285	265	2.1	39.2
Query_43325	XM_005590842.2	100.000	21	0	0	1	21	420	400	2.1	39.2
Query_43325	XR_001104821.1	100.000	21	0	0	1	21	256	236	2.1	39.2
Query_43325	XM_011748438.1	100.000	21	0	0	1	21	187	167	2.1	39.2
Query_43325	XM_011748437.1	100.000	21	0	0	1	21	283	263	2.1	39.2
Query_43325	XM_011966925.1	100.000	21	0	0	1	21	195	175	2.1	39.2
Query_43325	XM_039478291.1	100.000	21	0	0	1	21	315	295	2.1	39.2
Query_43325	XM_039478290.1	100.000	21	0	0	1	21	188	168	2.1	39.2
Query_43325	XM_037990067.1	100.000	21	0	0	1	21	306	286	2.1	39.2
Query_43325	XM_017510963.2	100.000	21	0	0	1	21	318	298	2.1	39.2
Query_43325	XM_017539359.2	100.000	21	0	0	1	21	287	267	2.1	39.2
Query_43325	XM_024285456.2	100.000	21	0	0	1	21	392	372	2.1	39.2
Query_43325	XM_009008883.2	100.000	21	0	0	1	21	429	409	2.1	39.2
Query_43325	XM_035266442.1	100.000	21	0	0	1	21	259	239	2.1	39.2
Query_43325	XM_035266441.1	100.000	21	0	0	1	21	420	400	2.1	39.2
Query_43325	XM_035266439.1	100.000	21	0	0	1	21	318	298	2.1	39.2
Query_43325	XM_035266438.1	100.000	21	0	0	1	21	307	287	2.1	39.2
Query_43325	XM_035266440.1	100.000	21	0	0	1	21	701	681	2.1	39.2
Query_43325	XM_035266437.1	100.000	21	0	0	1	21	2696	2676	2.1	39.2
Query_43325	XM_009008885.2	100.000	21	0	0	1	21	442	422	2.1	39.2


