# blastn
# Iteration: 0
# Query: 
# RID: 9VYMC36301N
# Database: nt
# Fields: query acc.ver, subject acc.ver, % identity, alignment length, mismatches, gap opens, q. start, q. end, s. start, s. end, evalue, bit score
# 103 hits found
Query_72961	XM_034986414.1	100.000	21	0	0	1	21	411	391	2.1	39.2
Query_72961	XM_003807100.4	100.000	21	0	0	1	21	429	409	2.1	39.2
Query_72961	XM_034942333.1	100.000	21	0	0	1	21	413	393	2.1	39.2
Query_72961	XM_002926382.4	100.000	21	0	0	1	21	459	439	2.1	39.2
Query_72961	XM_010616907.2	100.000	21	0	0	1	21	489	469	2.1	39.2
Query_72961	XM_033224473.1	100.000	21	0	0	1	21	797	777	2.1	39.2
Query_72961	XM_033128210.1	100.000	21	0	0	1	21	638	618	2.1	39.2
Query_72961	XM_032894499.1	100.000	21	0	0	1	21	679	659	2.1	39.2
Query_72961	XM_032848713.1	100.000	21	0	0	1	21	456	436	2.1	39.2
Query_72961	XM_032388830.1	100.000	21	0	0	1	21	439	419	2.1	39.2
Query_72961	XM_032325507.1	100.000	21	0	0	1	21	458	438	2.1	39.2
Query_72961	XM_032263200.1	100.000	21	0	0	1	21	355	335	2.1	39.2
Query_72961	XM_032171207.1	100.000	21	0	0	1	21	700	680	2.1	39.2
Query_72961	LR738419.1	100.000	21	0	0	1	21	57520401	57520421	2.1	39.2
Query_72961	LR738628.1	100.000	21	0	0	1	21	71680147	71680167	2.1	39.2
Query_72961	LR738606.1	100.000	21	0	0	1	21	65127659	65127679	2.1	39.2
Query_72961	XM_003916130.3	100.000	21	0	0	1	21	804	784	2.1	39.2
Query_72961	XM_031385171.1	100.000	21	0	0	1	21	440	420	2.1	39.2
Query_72961	XM_006748596.2	100.000	21	0	0	1	21	430	410	2.1	39.2
Query_72961	XM_019015478.2	100.000	21	0	0	1	21	84	64	2.1	39.2
Query_72961	XR_176607.3	100.000	21	0	0	1	21	429	409	2.1	39.2
Query_72961	XM_010379192.2	100.000	21	0	0	1	21	794	774	2.1	39.2
Query_72961	XM_030886267.1	100.000	21	0	0	1	21	466	446	2.1	39.2
Query_72961	XM_003277335.4	100.000	21	0	0	1	21	706	686	2.1	39.2
Query_72961	XM_021219313.2	100.000	21	0	0	1	21	426	406	2.1	39.2
Query_72961	XM_021168473.2	100.000	21	0	0	1	21	631	611	2.1	39.2
Query_72961	NM_014501.3	100.000	21	0	0	1	21	434	414	2.1	39.2
Query_72961	XM_026488514.1	100.000	21	0	0	1	21	424	404	2.1	39.2
Query_72961	XM_028095116.1	100.000	21	0	0	1	21	419	399	2.1	39.2
Query_72961	XR_003607984.1	100.000	21	0	0	1	21	370	350	2.1	39.2
Query_72961	XM_006150358.3	100.000	21	0	0	1	21	245	225	2.1	39.2
Query_72961	CP034522.1	100.000	21	0	0	1	21	55855763	55855783	2.1	39.2
Query_72961	CP034497.1	100.000	21	0	0	1	21	55855763	55855783	2.1	39.2
Query_72961	CP034495.1	100.000	21	0	0	1	21	15607980	15608000	2.1	39.2
Query_72961	CP034495.1	100.000	21	0	0	1	21	18580638	18580618	2.1	39.2
Query_72961	XM_027514757.1	100.000	21	0	0	1	21	758	738	2.1	39.2
Query_72961	XM_027514756.1	100.000	21	0	0	1	21	694	674	2.1	39.2
Query_72961	XM_025985268.1	100.000	21	0	0	1	21	661	641	2.1	39.2
Query_72961	XM_025849232.1	100.000	21	0	0	1	21	419	399	2.1	39.2
Query_72961	XM_025848961.1	100.000	21	0	0	1	21	419	399	2.1	39.2
Query_72961	XM_025369037.1	100.000	21	0	0	1	21	803	783	2.1	39.2
Query_72961	AC277988.1	100.000	21	0	0	1	21	97126	97106	2.1	39.2
Query_72961	AC277977.1	100.000	21	0	0	1	21	166497	166517	2.1	39.2
Query_72961	XM_006915944.3	100.000	21	0	0	1	21	453	433	2.1	39.2
Query_72961	XM_015458384.2	100.000	21	0	0	1	21	699	679	2.1	39.2
Query_72961	XM_011752020.2	100.000	21	0	0	1	21	797	777	2.1	39.2
Query_72961	XM_024755169.1	100.000	21	0	0	1	21	467	447	2.1	39.2
Query_72961	XM_011526752.2	100.000	21	0	0	1	21	1085	1065	2.1	39.2
Query_72961	XM_016936881.2	100.000	21	0	0	1	21	1977	1957	2.1	39.2
Query_72961	XM_016936880.2	100.000	21	0	0	1	21	497	477	2.1	39.2
Query_72961	XR_002942167.1	100.000	21	0	0	1	21	373	353	2.1	39.2
Query_72961	XM_024236634.1	100.000	21	0	0	1	21	699	679	2.1	39.2
Query_72961	XM_023184255.1	100.000	21	0	0	1	21	815	795	2.1	39.2
Query_72961	XM_022491910.1	100.000	21	0	0	1	21	419	399	2.1	39.2
Query_72961	XM_021716289.1	100.000	21	0	0	1	21	307	287	2.1	39.2
Query_72961	XM_021673446.1	100.000	21	0	0	1	21	601	581	2.1	39.2
Query_72961	XM_012465289.2	100.000	21	0	0	1	21	375	355	2.1	39.2
Query_72961	XM_021682233.1	100.000	21	0	0	1	21	428	408	2.1	39.2
Query_72961	XM_021682232.1	100.000	21	0	0	1	21	428	408	2.1	39.2
Query_72961	XM_004866650.3	100.000	21	0	0	1	21	441	421	2.1	39.2
Query_72961	XM_004866649.3	100.000	21	0	0	1	21	430	410	2.1	39.2
Query_72961	XM_021095037.1	100.000	21	0	0	1	21	780	760	2.1	39.2
Query_72961	XM_020889584.1	100.000	21	0	0	1	21	471	451	2.1	39.2
Query_72961	XM_012750226.2	100.000	21	0	0	1	21	616	596	2.1	39.2
Query_72961	LT741140.1	100.000	21	0	0	1	21	722	702	2.1	39.2
Query_72961	XM_020179726.1	100.000	21	0	0	1	21	420	400	2.1	39.2
Query_72961	XM_019980088.1	100.000	21	0	0	1	21	758	738	2.1	39.2
Query_72961	AC275577.1	100.000	21	0	0	1	21	8823	8803	2.1	39.2
Query_72961	XM_019627846.1	100.000	21	0	0	1	21	762	742	2.1	39.2
Query_72961	XM_017892532.1	100.000	21	0	0	1	21	795	775	2.1	39.2
Query_72961	AC275431.1	100.000	21	0	0	1	21	56776	56796	2.1	39.2
Query_72961	XM_015985562.1	100.000	21	0	0	1	21	739	719	2.1	39.2
Query_72961	XM_005590403.2	100.000	21	0	0	1	21	798	778	2.1	39.2
Query_72961	NG_031882.2	100.000	21	0	0	1	21	165	145	2.1	39.2
Query_72961	XM_014481573.1	100.000	21	0	0	1	21	365	345	2.1	39.2
Query_72961	XM_004777011.2	100.000	21	0	0	1	21	457	437	2.1	39.2
Query_72961	XM_003802902.2	100.000	21	0	0	1	21	487	467	2.1	39.2
Query_72961	XM_012643186.1	100.000	21	0	0	1	21	582	562	2.1	39.2
Query_72961	CP068259.2	100.000	21	0	0	1	21	58499846	58499866	2.1	39.2
Query_72961	CP068261.2	100.000	21	0	0	1	21	15610905	15610925	2.1	39.2
Query_72961	CP068261.2	100.000	21	0	0	1	21	18624147	18624127	2.1	39.2
Query_72961	XM_013123648.3	100.000	21	0	0	1	21	482	462	2.1	39.2
Query_72961	XM_040633803.1	100.000	21	0	0	1	21	389	369	2.1	39.2
Query_72961	XM_040251931.1	100.000	21	0	0	1	21	3581	3561	2.1	39.2
Query_72961	XM_039857071.1	100.000	21	0	0	1	21	498	478	2.1	39.2
Query_72961	XM_007998158.2	100.000	21	0	0	1	21	800	780	2.1	39.2
Query_72961	XM_037820403.1	100.000	21	0	0	1	21	372	352	2.1	39.2
Query_72961	XM_017546575.2	100.000	21	0	0	1	21	793	773	2.1	39.2
Query_72961	XM_028862325.2	100.000	21	0	0	1	21	600	580	2.1	39.2
Query_72961	XM_037038096.1	100.000	21	0	0	1	21	832	812	2.1	39.2
Query_72961	XM_017647228.2	100.000	21	0	0	1	21	430	410	2.1	39.2
Query_72961	XM_036909194.1	100.000	21	0	0	1	21	431	411	2.1	39.2
Query_72961	XM_016154229.2	100.000	21	0	0	1	21	482	462	2.1	39.2
Query_72961	AP023479.1	100.000	21	0	0	1	21	55882187	55882207	2.1	39.2
Query_72961	AP023477.1	100.000	21	0	0	1	21	15790942	15790962	2.1	39.2
Query_72961	AP023477.1	100.000	21	0	0	1	21	18786018	18785998	2.1	39.2
Query_72961	XM_036096860.1	100.000	21	0	0	1	21	428	408	2.1	39.2
Query_72961	XM_036096859.1	100.000	21	0	0	1	21	428	408	2.1	39.2
Query_72961	XM_036096857.1	100.000	21	0	0	1	21	428	408	2.1	39.2
Query_72961	XM_036096856.1	100.000	21	0	0	1	21	428	408	2.1	39.2
Query_72961	XM_025423880.2	100.000	21	0	0	1	21	454	434	2.1	39.2
Query_72961	XM_027618492.2	100.000	21	0	0	1	21	452	432	2.1	39.2
Query_72961	XM_002762502.3	100.000	21	0	0	1	21	799	779	2.1	39.2


