# blastn
# Iteration: 0
# Query: 
# RID: 72GM6R26013
# Database: nt
# Fields: query acc.ver, subject acc.ver, % identity, alignment length, mismatches, gap opens, q. start, q. end, s. start, s. end, evalue, bit score
# 92 hits found
Query_17413	XM_003828171.2	100.000	21	0	0	1	21	593	573	2.1	39.2
Query_17413	XM_032914271.1	100.000	21	0	0	1	21	784	764	2.1	39.2
Query_17413	XM_032163779.1	100.000	21	0	0	1	21	593	573	2.1	39.2
Query_17413	XM_031352567.1	100.000	21	0	0	1	21	590	570	2.1	39.2
Query_17413	XM_004041540.3	100.000	21	0	0	1	21	593	573	2.1	39.2
Query_17413	XM_003270772.2	100.000	21	0	0	1	21	593	573	2.1	39.2
Query_17413	XM_008838138.2	100.000	21	0	0	1	21	549	529	2.1	39.2
Query_17413	XM_021177535.2	100.000	21	0	0	1	21	779	759	2.1	39.2
Query_17413	AY358627.2	100.000	21	0	0	1	21	582	562	2.1	39.2
Query_17413	NM_025237.3	100.000	21	0	0	1	21	599	579	2.1	39.2
Query_17413	XM_026412429.1	100.000	21	0	0	1	21	562	542	2.1	39.2
Query_17413	XM_008149295.2	100.000	21	0	0	1	21	728	708	2.1	39.2
Query_17413	XM_027947155.1	100.000	21	0	0	1	21	546	526	2.1	39.2
Query_17413	CP034495.1	100.000	21	0	0	1	21	41832803	41832823	2.1	39.2
Query_17413	XM_001153653.5	100.000	21	0	0	1	21	696	676	2.1	39.2
Query_17413	XM_006092295.3	100.000	21	0	0	1	21	595	575	2.1	39.2
Query_17413	XM_021712656.1	100.000	21	0	0	1	21	565	545	2.1	39.2
Query_17413	XM_021213746.1	100.000	21	0	0	1	21	571	551	2.1	39.2
Query_17413	LT735545.1	100.000	21	0	0	1	21	1036	1016	2.1	39.2
Query_17413	XM_020180444.1	100.000	21	0	0	1	21	565	545	2.1	39.2
Query_17413	XM_002719425.3	100.000	21	0	0	1	21	781	761	2.1	39.2
Query_17413	XM_006776900.2	100.000	21	0	0	1	21	577	557	2.1	39.2
Query_17413	XM_015495879.1	100.000	21	0	0	1	21	567	547	2.1	39.2
Query_17413	XM_004655279.2	100.000	21	0	0	1	21	546	526	2.1	39.2
Query_17413	XM_012443855.1	100.000	21	0	0	1	21	590	570	2.1	39.2
Query_17413	KJ893769.1	100.000	21	0	0	1	21	617	597	2.1	39.2
Query_17413	XM_006970625.1	100.000	21	0	0	1	21	572	552	2.1	39.2
Query_17413	XM_006897859.1	100.000	21	0	0	1	21	549	529	2.1	39.2
Query_17413	NM_024449.6	100.000	21	0	0	1	21	585	565	2.1	39.2
Query_17413	XM_005369147.1	100.000	21	0	0	1	21	549	529	2.1	39.2
Query_17413	XM_004620979.1	100.000	21	0	0	1	21	549	529	2.1	39.2
Query_17413	XM_005328089.3	100.000	21	0	0	1	21	645	625	2.1	39.2
Query_17413	XM_004374320.1	100.000	21	0	0	1	21	565	545	2.1	39.2
Query_17413	XM_003943647.2	100.000	21	0	0	1	21	593	573	2.1	39.2
Query_17413	CP068261.1	100.000	21	0	0	1	21	44608284	44608304	2.1	39.2
Query_17413	XM_038324615.1	100.000	21	0	0	1	21	549	529	2.1	39.2
Query_17413	XM_017516182.2	100.000	21	0	0	1	21	2385	2365	2.1	39.2
Query_17413	XM_028882528.2	100.000	21	0	0	1	21	774	754	2.1	39.2
Query_17413	XM_036451266.1	100.000	21	0	0	1	21	621	601	2.1	39.2
Query_17413	XM_036341020.1	100.000	21	0	0	1	21	580	560	2.1	39.2
Query_17413	XM_016139657.2	100.000	21	0	0	1	21	6855	6835	2.1	39.2
Query_17413	AP023477.1	100.000	21	0	0	1	21	41451474	41451494	2.1	39.2
Query_17413	XM_036197445.1	100.000	21	0	0	1	21	549	529	2.1	39.2
Query_17413	XM_006534376.4	100.000	21	0	0	1	21	465	445	2.1	39.2
Query_17413	XM_028521821.2	100.000	21	0	0	1	21	623	603	2.1	39.2
Query_17413	LR862372.1	100.000	21	0	0	1	21	34624389	34624409	2.1	39.2
Query_17413	XM_035303470.1	100.000	21	0	0	1	21	629	609	2.1	39.2
Query_17413	JN958106.1	100.000	21	0	0	1	21	22850	22830	2.1	39.2
Query_17413	FQ790373.1	100.000	21	0	0	1	21	202	222	2.1	39.2
Query_17413	NG_008078.2	100.000	21	0	0	1	21	8354	8334	2.1	39.2
Query_17413	BC137833.1	100.000	21	0	0	1	21	575	555	2.1	39.2
Query_17413	AC003098.2	100.000	21	0	0	1	21	5962	5982	2.1	39.2
Query_17413	AY358203.1	100.000	21	0	0	1	21	866	846	2.1	39.2
Query_17413	AF184211.1	100.000	21	0	0	1	21	308	288	2.1	39.2
Query_17413	BC101086.1	100.000	21	0	0	1	21	576	556	2.1	39.2
Query_17413	AK041382.1	100.000	21	0	0	1	21	586	566	2.1	39.2
Query_17413	AF326737.2	100.000	21	0	0	1	21	11070	11050	2.1	39.2
Query_17413	AC055813.9	100.000	21	0	0	1	21	62886	62906	2.1	39.2
Query_17413	AK017295.1	100.000	21	0	0	1	21	586	566	2.1	39.2
Query_17413	AC068807.21	100.000	21	0	0	1	21	58177	58157	2.1	39.2
Query_17413	AF331844.1	100.000	21	0	0	1	21	586	566	2.1	39.2
Query_17413	AF326740.1	100.000	21	0	0	1	21	543	523	2.1	39.2
Query_17413	AF326739.1	100.000	21	0	0	1	21	596	576	2.1	39.2
Query_17413	AF326736.1	100.000	21	0	0	1	21	15267	15247	2.1	39.2
Query_17413	AL591145.25	100.000	21	0	0	1	21	10435	10455	2.1	39.2
Query_17413	XM_033182838.1	100.000	20	0	0	2	21	548	529	7.3	37.4
Query_17413	XM_023191497.3	100.000	20	0	0	2	21	592	573	7.3	37.4
Query_17413	NM_001194608.2	100.000	20	0	0	2	21	566	547	7.3	37.4
Query_17413	XM_003913140.4	100.000	20	0	0	2	21	2808	2789	7.3	37.4
Query_17413	XM_010376233.2	100.000	20	0	0	2	21	564	545	7.3	37.4
Query_17413	XM_027870326.1	100.000	20	0	0	2	21	548	529	7.3	37.4
Query_17413	XM_025363041.1	100.000	20	0	0	2	21	589	570	7.3	37.4
Query_17413	XM_003786295.3	100.000	20	0	0	2	21	548	529	7.3	37.4
Query_17413	XM_021642724.1	100.000	20	0	0	2	21	548	529	7.3	37.4
Query_17413	XM_005070072.3	100.000	20	0	0	2	21	571	552	7.3	37.4
Query_17413	XM_020972735.1	100.000	20	0	0	2	21	585	566	7.3	37.4
Query_17413	XM_017892802.1	100.000	20	0	0	2	21	589	570	7.3	37.4
Query_17413	XM_005584371.2	100.000	20	0	0	2	21	599	580	7.3	37.4
Query_17413	XM_011720549.1	100.000	20	0	0	2	21	2742	2723	7.3	37.4
Query_17413	XM_012057895.1	100.000	20	0	0	2	21	2751	2732	7.3	37.4
Query_17413	XM_011985860.1	100.000	20	0	0	2	21	589	570	7.3	37.4
Query_17413	XM_011940053.1	100.000	20	0	0	2	21	589	570	7.3	37.4
Query_17413	XM_007531841.1	100.000	20	0	0	2	21	548	529	7.3	37.4
Query_17413	XM_004597329.1	100.000	20	0	0	2	21	548	529	7.3	37.4
Query_17413	XM_008012517.2	100.000	20	0	0	2	21	576	557	7.3	37.4
Query_17413	NM_030584.2	100.000	20	0	0	2	21	575	556	7.3	37.4
Query_17413	XM_037069625.1	100.000	20	0	0	2	21	580	561	7.3	37.4
Query_17413	XM_036753472.1	100.000	20	0	0	2	21	548	529	7.3	37.4
Query_17413	XM_027427937.2	100.000	20	0	0	2	21	548	529	7.3	37.4
Query_17413	XM_003504483.3	100.000	20	0	0	2	21	548	529	7.3	37.4
Query_17413	AF326742.1	100.000	20	0	0	2	21	548	529	7.3	37.4
Query_17413	AF326741.1	100.000	20	0	0	2	21	580	561	7.3	37.4


