# blastn
# Iteration: 0
# Query: 
# RID: 6X715GXD01R
# Database: nt
# Fields: query acc.ver, subject acc.ver, % identity, alignment length, mismatches, gap opens, q. start, q. end, s. start, s. end, evalue, bit score
# 100 hits found
Query_406681	XM_034934228.1	100.000	21	0	0	1	21	210	190	2.0	39.2
Query_406681	CP050595.1	100.000	21	0	0	1	21	51930389	51930369	2.0	39.2
Query_406681	CP050642.1	100.000	21	0	0	1	21	51928991	51928971	2.0	39.2
Query_406681	XM_033198009.1	100.000	21	0	0	1	21	120	100	2.0	39.2
Query_406681	XM_033180359.1	100.000	21	0	0	1	21	87	67	2.0	39.2
Query_406681	XM_033221080.1	100.000	21	0	0	1	21	431	411	2.0	39.2
Query_406681	XM_033219776.1	100.000	21	0	0	1	21	120	100	2.0	39.2
Query_406681	XM_033215697.1	100.000	21	0	0	1	21	69	49	2.0	39.2
Query_406681	XM_033214565.1	100.000	21	0	0	1	21	101	81	2.0	39.2
Query_406681	XM_033211739.1	100.000	21	0	0	1	21	101	81	2.0	39.2
Query_406681	XM_032266981.1	100.000	21	0	0	1	21	74	54	2.0	39.2
Query_406681	XM_032247205.1	100.000	21	0	0	1	21	101	81	2.0	39.2
Query_406681	XM_032239288.1	100.000	21	0	0	1	21	104	84	2.0	39.2
Query_406681	XR_004273138.1	100.000	21	0	0	1	21	108	88	2.0	39.2
Query_406681	XM_032281132.1	100.000	21	0	0	1	21	153	133	2.0	39.2
Query_406681	XM_032297803.1	100.000	21	0	0	1	21	145	125	2.0	39.2
Query_406681	XM_032297792.1	100.000	21	0	0	1	21	428	408	2.0	39.2
Query_406681	XM_032279900.1	100.000	21	0	0	1	21	128	108	2.0	39.2
Query_406681	XM_032140999.1	100.000	21	0	0	1	21	94	74	2.0	39.2
Query_406681	XM_032170900.1	100.000	21	0	0	1	21	446	426	2.0	39.2
Query_406681	XM_023210243.2	100.000	21	0	0	1	21	105	85	2.0	39.2
Query_406681	XM_026449654.2	100.000	21	0	0	1	21	134	114	2.0	39.2
Query_406681	XM_003906952.4	100.000	21	0	0	1	21	431	411	2.0	39.2
Query_406681	XM_017960125.3	100.000	21	0	0	1	21	109	89	2.0	39.2
Query_406681	XM_031663982.1	100.000	21	0	0	1	21	69	49	2.0	39.2
Query_406681	XM_021932049.2	100.000	21	0	0	1	21	1047	1027	2.0	39.2
Query_406681	XM_031016537.1	100.000	21	0	0	1	21	447	427	2.0	39.2
Query_406681	XM_030937065.1	100.000	21	0	0	1	21	112	92	2.0	39.2
Query_406681	XM_010386804.2	100.000	21	0	0	1	21	102	82	2.0	39.2
Query_406681	XM_010367358.2	100.000	21	0	0	1	21	69	49	2.0	39.2
Query_406681	XM_030925392.1	100.000	21	0	0	1	21	74	54	2.0	39.2
Query_406681	XM_030924654.1	100.000	21	0	0	1	21	69	49	2.0	39.2
Query_406681	XM_010383933.2	100.000	21	0	0	1	21	436	416	2.0	39.2
Query_406681	XM_003259664.3	100.000	21	0	0	1	21	449	429	2.0	39.2
Query_406681	XM_028840740.1	100.000	21	0	0	1	21	85	65	2.0	39.2
Query_406681	XM_028829000.1	100.000	21	0	0	1	21	431	411	2.0	39.2
Query_406681	NG_030251.3	100.000	21	0	0	1	21	232	212	2.0	39.2
Query_406681	NM_003348.4	100.000	21	0	0	1	21	132	112	2.0	39.2
Query_406681	XM_023224645.2	100.000	21	0	0	1	21	428	408	2.0	39.2
Query_406681	XM_025629443.1	100.000	21	0	0	1	21	157	137	2.0	39.2
Query_406681	XM_025385426.1	100.000	21	0	0	1	21	69	49	2.0	39.2
Query_406681	XM_025371196.1	100.000	21	0	0	1	21	69	49	2.0	39.2
Query_406681	XM_025360329.1	100.000	21	0	0	1	21	111	91	2.0	39.2
Query_406681	XM_025401796.1	100.000	21	0	0	1	21	436	416	2.0	39.2
Query_406681	XM_025401795.1	100.000	21	0	0	1	21	382	362	2.0	39.2
Query_406681	XM_025401794.1	100.000	21	0	0	1	21	436	416	2.0	39.2
Query_406681	XR_002957379.1	100.000	21	0	0	1	21	521	501	2.0	39.2
Query_406681	XM_016943003.2	100.000	21	0	0	1	21	130	110	2.0	39.2
Query_406681	XM_001139171.5	100.000	21	0	0	1	21	447	427	2.0	39.2
Query_406681	XM_016923983.2	100.000	21	0	0	1	21	545	525	2.0	39.2
Query_406681	XM_016923982.2	100.000	21	0	0	1	21	642	622	2.0	39.2
Query_406681	XM_024246079.1	100.000	21	0	0	1	21	69	49	2.0	39.2
Query_406681	XM_023184838.1	100.000	21	0	0	1	21	69	49	2.0	39.2
Query_406681	XM_023230313.1	100.000	21	0	0	1	21	101	81	2.0	39.2
Query_406681	XM_023209859.1	100.000	21	0	0	1	21	69	49	2.0	39.2
Query_406681	XM_023229057.1	100.000	21	0	0	1	21	69	49	2.0	39.2
Query_406681	XM_012473037.2	100.000	21	0	0	1	21	125	105	2.0	39.2
Query_406681	XM_012469335.2	100.000	21	0	0	1	21	282	262	2.0	39.2
Query_406681	XM_021673631.1	100.000	21	0	0	1	21	69	49	2.0	39.2
Query_406681	XM_021672805.1	100.000	21	0	0	1	21	109	89	2.0	39.2
Query_406681	XM_019651755.1	100.000	21	0	0	1	21	69	49	2.0	39.2
Query_406681	XM_017866600.1	100.000	21	0	0	1	21	69	49	2.0	39.2
Query_406681	XM_017889027.1	100.000	21	0	0	1	21	87	67	2.0	39.2
Query_406681	XM_017864188.1	100.000	21	0	0	1	21	102	82	2.0	39.2
Query_406681	XM_017860084.1	100.000	21	0	0	1	21	97	77	2.0	39.2
Query_406681	XM_017866843.1	100.000	21	0	0	1	21	69	49	2.0	39.2
Query_406681	XM_017548627.1	100.000	21	0	0	1	21	426	406	2.0	39.2
Query_406681	XM_015442761.1	100.000	21	0	0	1	21	93	73	2.0	39.2
Query_406681	XM_011744704.1	100.000	21	0	0	1	21	428	408	2.0	39.2
Query_406681	XM_012049889.1	100.000	21	0	0	1	21	167	147	2.0	39.2
Query_406681	XM_012032899.1	100.000	21	0	0	1	21	419	399	2.0	39.2
Query_406681	XM_011757978.1	100.000	21	0	0	1	21	93	73	2.0	39.2
Query_406681	XM_012087027.1	100.000	21	0	0	1	21	92	72	2.0	39.2
Query_406681	XM_012086378.1	100.000	21	0	0	1	21	431	411	2.0	39.2
Query_406681	XM_011932042.1	100.000	21	0	0	1	21	113	93	2.0	39.2
Query_406681	XM_011969790.1	100.000	21	0	0	1	21	103	83	2.0	39.2
Query_406681	XM_011961487.1	100.000	21	0	0	1	21	45	25	2.0	39.2
Query_406681	XM_011993173.1	100.000	21	0	0	1	21	140	120	2.0	39.2
Query_406681	XM_011986091.1	100.000	21	0	0	1	21	69	49	2.0	39.2
Query_406681	XM_011934463.1	100.000	21	0	0	1	21	101	81	2.0	39.2
Query_406681	HG994385.1	100.000	21	0	0	1	21	54981795	54981775	2.0	39.2
Query_406681	XM_039475258.1	100.000	21	0	0	1	21	69	49	2.0	39.2
Query_406681	XM_039471644.1	100.000	21	0	0	1	21	429	409	2.0	39.2
Query_406681	XM_039471344.1	100.000	21	0	0	1	21	69	49	2.0	39.2
Query_406681	XM_039471339.1	100.000	21	0	0	1	21	101	81	2.0	39.2
Query_406681	XM_038008386.1	100.000	21	0	0	1	21	103	83	2.0	39.2
Query_406681	XM_008004246.2	100.000	21	0	0	1	21	430	410	2.0	39.2
Query_406681	XM_038005196.1	100.000	21	0	0	1	21	113	93	2.0	39.2
Query_406681	XM_017502871.2	100.000	21	0	0	1	21	100	80	2.0	39.2
Query_406681	XM_017541827.2	100.000	21	0	0	1	21	95	75	2.0	39.2
Query_406681	XM_017537894.2	100.000	21	0	0	1	21	127	107	2.0	39.2
Query_406681	XM_017534874.2	100.000	21	0	0	1	21	104	84	2.0	39.2
Query_406681	XM_009004044.4	100.000	21	0	0	1	21	140	120	2.0	39.2
Query_406681	XM_035257336.1	100.000	21	0	0	1	21	69	49	2.0	39.2
Query_406681	XM_035258513.1	100.000	21	0	0	1	21	121	101	2.0	39.2
Query_406681	XM_009004364.3	100.000	21	0	0	1	21	148	128	2.0	39.2
Query_406681	XM_002751685.5	100.000	21	0	0	1	21	133	113	2.0	39.2
Query_406681	XM_035280129.1	100.000	21	0	0	1	21	98	78	2.0	39.2
Query_406681	XM_008981865.2	100.000	21	0	0	1	21	199	179	2.0	39.2
Query_406681	XM_035300807.1	100.000	21	0	0	1	21	69	49	2.0	39.2


