# blastn
# Iteration: 0
# Query: 
# RID: 8YX7KFKD013
# Database: nt
# Fields: query acc.ver, subject acc.ver, % identity, alignment length, mismatches, gap opens, q. start, q. end, s. start, s. end, evalue, bit score
# 100 hits found
Query_7561	XM_040966394.1	100.000	21	0	0	1	21	279	259	2.1	39.2
Query_7561	XM_040966392.1	100.000	21	0	0	1	21	347	327	2.1	39.2
Query_7561	XM_040966390.1	100.000	21	0	0	1	21	323	303	2.1	39.2
Query_7561	XM_040966389.1	100.000	21	0	0	1	21	365	345	2.1	39.2
Query_7561	XM_040747118.1	100.000	21	0	0	1	21	260	240	2.1	39.2
Query_7561	XM_040747117.1	100.000	21	0	0	1	21	357	337	2.1	39.2
Query_7561	XM_008701503.2	100.000	21	0	0	1	21	284	264	2.1	39.2
Query_7561	XM_040587148.1	100.000	21	0	0	1	21	123	103	2.1	39.2
Query_7561	XM_040587141.1	100.000	21	0	0	1	21	176	156	2.1	39.2
Query_7561	XM_040587134.1	100.000	21	0	0	1	21	175	155	2.1	39.2
Query_7561	XM_040587125.1	100.000	21	0	0	1	21	306	286	2.1	39.2
Query_7561	XM_040556074.1	100.000	21	0	0	1	21	359	339	2.1	39.2
Query_7561	XM_040556073.1	100.000	21	0	0	1	21	224	204	2.1	39.2
Query_7561	XM_040485326.1	100.000	21	0	0	1	21	257	237	2.1	39.2
Query_7561	HG999684.1	100.000	21	0	0	1	21	48989506	48989526	2.1	39.2
Query_7561	XM_005319928.3	100.000	21	0	0	1	21	358	338	2.1	39.2
Query_7561	XM_040238046.1	100.000	21	0	0	1	21	215	195	2.1	39.2
Query_7561	XM_040238044.1	100.000	21	0	0	1	21	449	429	2.1	39.2
Query_7561	XM_040064212.1	100.000	21	0	0	1	21	152	132	2.1	39.2
Query_7561	XM_040064211.1	100.000	21	0	0	1	21	238	218	2.1	39.2
Query_7561	XM_029083081.2	100.000	21	0	0	1	21	210	190	2.1	39.2
Query_7561	XM_029083082.2	100.000	21	0	0	1	21	132	112	2.1	39.2
Query_7561	HG994384.1	100.000	21	0	0	1	21	74333841	74333861	2.1	39.2
Query_7561	XM_039844998.1	100.000	21	0	0	1	21	393	373	2.1	39.2
Query_7561	XM_039844997.1	100.000	21	0	0	1	21	231	211	2.1	39.2
Query_7561	XM_039844995.1	100.000	21	0	0	1	21	338	318	2.1	39.2
Query_7561	XM_039699084.1	100.000	21	0	0	1	21	265	245	2.1	39.2
Query_7561	XM_039699083.1	100.000	21	0	0	1	21	279	259	2.1	39.2
Query_7561	XM_039550530.1	100.000	21	0	0	1	21	253	233	2.1	39.2
Query_7561	XM_039539606.1	100.000	21	0	0	1	21	277	257	2.1	39.2
Query_7561	XM_003940989.2	100.000	21	0	0	1	21	209	189	2.1	39.2
Query_7561	XM_027731593.2	100.000	21	0	0	1	21	216	196	2.1	39.2
Query_7561	XM_039325268.1	100.000	21	0	0	1	21	271	251	2.1	39.2
Query_7561	XM_039226965.1	100.000	21	0	0	1	21	109	89	2.1	39.2
Query_7561	XM_039226963.1	100.000	21	0	0	1	21	352	332	2.1	39.2
Query_7561	XM_039091716.1	100.000	21	0	0	1	21	456	436	2.1	39.2
Query_7561	XM_038661950.1	100.000	21	0	0	1	21	363	343	2.1	39.2
Query_7561	XM_003434394.5	100.000	21	0	0	1	21	363	343	2.1	39.2
Query_7561	XM_038752828.1	100.000	21	0	0	1	21	180	160	2.1	39.2
Query_7561	XM_038399662.1	100.000	21	0	0	1	21	199	179	2.1	39.2
Query_7561	XM_038399661.1	100.000	21	0	0	1	21	234	214	2.1	39.2
Query_7561	XM_038323543.1	100.000	21	0	0	1	21	467	447	2.1	39.2
Query_7561	XM_027457224.2	100.000	21	0	0	1	21	275	255	2.1	39.2
Query_7561	XM_027457226.2	100.000	21	0	0	1	21	283	263	2.1	39.2
Query_7561	XM_027457223.2	100.000	21	0	0	1	21	413	393	2.1	39.2
Query_7561	XM_038136329.1	100.000	21	0	0	1	21	676	656	2.1	39.2
Query_7561	XM_008017600.2	100.000	21	0	0	1	21	412	392	2.1	39.2
Query_7561	XM_037897915.1	100.000	21	0	0	1	21	242	222	2.1	39.2
Query_7561	XM_037829623.1	100.000	21	0	0	1	21	290	270	2.1	39.2
Query_7561	XR_001826530.2	100.000	21	0	0	1	21	281	261	2.1	39.2
Query_7561	XM_017527247.2	100.000	21	0	0	1	21	412	392	2.1	39.2
Query_7561	XM_017527245.2	100.000	21	0	0	1	21	412	392	2.1	39.2
Query_7561	XM_037530493.1	100.000	21	0	0	1	21	339	319	2.1	39.2
Query_7561	XM_037391649.1	100.000	21	0	0	1	21	127	107	2.1	39.2
Query_7561	XM_037391639.1	100.000	21	0	0	1	21	175	155	2.1	39.2
Query_7561	XM_037391629.1	100.000	21	0	0	1	21	227	207	2.1	39.2
Query_7561	XM_037391619.1	100.000	21	0	0	1	21	303	283	2.1	39.2
Query_7561	XM_028882240.2	100.000	21	0	0	1	21	193	173	2.1	39.2
Query_7561	XM_037138033.1	100.000	21	0	0	1	21	354	334	2.1	39.2
Query_7561	XM_037064306.1	100.000	21	0	0	1	21	338	318	2.1	39.2
Query_7561	XM_017662459.2	100.000	21	0	0	1	21	280	260	2.1	39.2
Query_7561	XR_005054528.1	100.000	21	0	0	1	21	678	658	2.1	39.2
Query_7561	XM_036908505.1	100.000	21	0	0	1	21	282	262	2.1	39.2
Query_7561	XM_036853403.1	100.000	21	0	0	1	21	262	242	2.1	39.2
Query_7561	XM_036852348.1	100.000	21	0	0	1	21	332	312	2.1	39.2
Query_7561	XM_036852347.1	100.000	21	0	0	1	21	375	355	2.1	39.2
Query_7561	XM_036763185.1	100.000	21	0	0	1	21	313	293	2.1	39.2
Query_7561	XM_036496827.1	100.000	21	0	0	1	21	245	225	2.1	39.2
Query_7561	XM_036496826.1	100.000	21	0	0	1	21	348	328	2.1	39.2
Query_7561	XM_004579145.3	100.000	21	0	0	1	21	304	284	2.1	39.2
Query_7561	XM_036418282.1	100.000	21	0	0	1	21	360	340	2.1	39.2
Query_7561	XM_036381662.1	100.000	21	0	0	1	21	145	125	2.1	39.2
Query_7561	XM_036381661.1	100.000	21	0	0	1	21	272	252	2.1	39.2
Query_7561	XM_036331571.1	100.000	21	0	0	1	21	509	489	2.1	39.2
Query_7561	XM_036331560.1	100.000	21	0	0	1	21	127	107	2.1	39.2
Query_7561	XM_036331552.1	100.000	21	0	0	1	21	130	110	2.1	39.2
Query_7561	XM_036331544.1	100.000	21	0	0	1	21	191	171	2.1	39.2
Query_7561	XM_036258045.1	100.000	21	0	0	1	21	116	96	2.1	39.2
Query_7561	XM_036258037.1	100.000	21	0	0	1	21	182	162	2.1	39.2
Query_7561	XM_036258027.1	100.000	21	0	0	1	21	252	232	2.1	39.2
Query_7561	XM_036258018.1	100.000	21	0	0	1	21	287	267	2.1	39.2
Query_7561	XM_036258009.1	100.000	21	0	0	1	21	340	320	2.1	39.2
Query_7561	XM_036258001.1	100.000	21	0	0	1	21	339	319	2.1	39.2
Query_7561	XM_036228034.1	100.000	21	0	0	1	21	392	372	2.1	39.2
Query_7561	XM_036228032.1	100.000	21	0	0	1	21	86	66	2.1	39.2
Query_7561	XM_036228031.1	100.000	21	0	0	1	21	233	213	2.1	39.2
Query_7561	XM_016119953.2	100.000	21	0	0	1	21	340	320	2.1	39.2
Query_7561	XM_036228030.1	100.000	21	0	0	1	21	353	333	2.1	39.2
Query_7561	XM_036200412.1	100.000	21	0	0	1	21	406	386	2.1	39.2
Query_7561	XM_036112050.1	100.000	21	0	0	1	21	205	185	2.1	39.2
Query_7561	XM_036112045.1	100.000	21	0	0	1	21	337	317	2.1	39.2
Query_7561	XM_036112039.1	100.000	21	0	0	1	21	163	143	2.1	39.2
Query_7561	XM_036112035.1	100.000	21	0	0	1	21	196	176	2.1	39.2
Query_7561	XM_036112026.1	100.000	21	0	0	1	21	279	259	2.1	39.2
Query_7561	XM_030314001.3	100.000	21	0	0	1	21	318	298	2.1	39.2
Query_7561	XM_028507668.2	100.000	21	0	0	1	21	347	327	2.1	39.2
Query_7561	LR877233.1	100.000	21	0	0	1	21	53841775	53841755	2.1	39.2
Query_7561	LR877197.1	100.000	21	0	0	1	21	44506938	44506958	2.1	39.2
Query_7561	XM_035896737.1	100.000	21	0	0	1	21	304	284	2.1	39.2
Query_7561	XM_035714480.1	100.000	21	0	0	1	21	87	67	2.1	39.2


