# blastn
# Iteration: 0
# Query: 
# RID: 6X3FCXP7016
# Database: nt
# Fields: query acc.ver, subject acc.ver, % identity, alignment length, mismatches, gap opens, q. start, q. end, s. start, s. end, evalue, bit score
# 101 hits found
Query_37867	XM_040491239.1	100.000	21	0	0	1	21	516	496	2.1	39.2
Query_37867	XM_040496666.1	100.000	21	0	0	1	21	411	391	2.1	39.2
Query_37867	XM_040173418.1	100.000	21	0	0	1	21	469	449	2.1	39.2
Query_37867	XM_040150127.1	100.000	21	0	0	1	21	453	433	2.1	39.2
Query_37867	XM_040062293.1	100.000	21	0	0	1	21	460	440	2.1	39.2
Query_37867	XM_040035233.1	100.000	21	0	0	1	21	461	441	2.1	39.2
Query_37867	HG994414.1	100.000	21	0	0	1	21	30011234	30011214	2.1	39.2
Query_37867	HG994412.1	100.000	21	0	0	1	21	35367902	35367922	2.1	39.2
Query_37867	HG994406.1	100.000	21	0	0	1	21	8450666	8450686	2.1	39.2
Query_37867	HG994406.1	100.000	21	0	0	1	21	42329067	42329087	2.1	39.2
Query_37867	HG994405.1	100.000	21	0	0	1	21	37623776	37623756	2.1	39.2
Query_37867	HG994397.1	100.000	21	0	0	1	21	55644395	55644415	2.1	39.2
Query_37867	HG994395.1	100.000	21	0	0	1	21	35168345	35168365	2.1	39.2
Query_37867	HG994394.1	100.000	21	0	0	1	21	23149608	23149588	2.1	39.2
Query_37867	HG994393.1	100.000	21	0	0	1	21	43965297	43965317	2.1	39.2
Query_37867	HG994388.1	100.000	21	0	0	1	21	10477634	10477614	2.1	39.2
Query_37867	HG994386.1	100.000	21	0	0	1	21	19075803	19075783	2.1	39.2
Query_37867	HG994385.1	100.000	21	0	0	1	21	54982085	54982065	2.1	39.2
Query_37867	HG994384.1	100.000	21	0	0	1	21	29999742	29999762	2.1	39.2
Query_37867	XM_039869043.1	100.000	21	0	0	1	21	499	479	2.1	39.2
Query_37867	XM_039791292.1	100.000	21	0	0	1	21	473	453	2.1	39.2
Query_37867	XM_039761538.1	100.000	21	0	0	1	21	458	438	2.1	39.2
Query_37867	XM_039703954.1	100.000	21	0	0	1	21	466	446	2.1	39.2
Query_37867	XM_031726546.2	100.000	21	0	0	1	21	476	456	2.1	39.2
Query_37867	XM_039570592.1	100.000	21	0	0	1	21	434	414	2.1	39.2
Query_37867	LR699044.1	100.000	21	0	0	1	21	11312436	11312416	2.1	39.2
Query_37867	XM_038677314.1	100.000	21	0	0	1	21	375	355	2.1	39.2
Query_37867	XM_038662699.1	100.000	21	0	0	1	21	911	891	2.1	39.2
Query_37867	XM_038441557.1	100.000	21	0	0	1	21	390	370	2.1	39.2
Query_37867	XM_038432613.1	100.000	21	0	0	1	21	335	315	2.1	39.2
Query_37867	XM_038431898.1	100.000	21	0	0	1	21	369	349	2.1	39.2
Query_37867	XM_038429925.1	100.000	21	0	0	1	21	366	346	2.1	39.2
Query_37867	XM_038680268.1	100.000	21	0	0	1	21	407	387	2.1	39.2
Query_37867	XM_003435294.4	100.000	21	0	0	1	21	375	355	2.1	39.2
Query_37867	XM_003434540.5	100.000	21	0	0	1	21	916	896	2.1	39.2
Query_37867	XM_014109332.3	100.000	21	0	0	1	21	390	370	2.1	39.2
Query_37867	XM_003433108.5	100.000	21	0	0	1	21	369	349	2.1	39.2
Query_37867	XM_014122538.3	100.000	21	0	0	1	21	359	339	2.1	39.2
Query_37867	XM_038644474.1	100.000	21	0	0	1	21	401	381	2.1	39.2
Query_37867	XM_038153061.1	100.000	21	0	0	1	21	474	454	2.1	39.2
Query_37867	XM_007992884.2	100.000	21	0	0	1	21	359	339	2.1	39.2
Query_37867	XM_038008386.1	100.000	21	0	0	1	21	393	373	2.1	39.2
Query_37867	XM_007993861.2	100.000	21	0	0	1	21	364	344	2.1	39.2
Query_37867	XM_008004246.2	100.000	21	0	0	1	21	720	700	2.1	39.2
Query_37867	XM_008000263.2	100.000	21	0	0	1	21	1154	1134	2.1	39.2
Query_37867	XM_038005196.1	100.000	21	0	0	1	21	409	389	2.1	39.2
Query_37867	XM_037822839.1	100.000	21	0	0	1	21	359	339	2.1	39.2
Query_37867	XM_037846925.1	100.000	21	0	0	1	21	473	453	2.1	39.2
Query_37867	XM_037812793.1	100.000	21	0	0	1	21	362	342	2.1	39.2
Query_37867	XM_037805070.1	100.000	21	0	0	1	21	359	339	2.1	39.2
Query_37867	XM_037799864.1	100.000	21	0	0	1	21	897	877	2.1	39.2
Query_37867	XM_037760495.1	100.000	21	0	0	1	21	486	466	2.1	39.2
Query_37867	XM_037522123.1	100.000	21	0	0	1	21	479	459	2.1	39.2
Query_37867	XM_037513877.1	100.000	21	0	0	1	21	528	508	2.1	39.2
Query_37867	XM_037146140.1	100.000	21	0	0	1	21	547	527	2.1	39.2
Query_37867	XM_037122042.1	100.000	21	0	0	1	21	487	467	2.1	39.2
Query_37867	XM_037122041.1	100.000	21	0	0	1	21	487	467	2.1	39.2
Query_37867	XM_037064672.1	100.000	21	0	0	1	21	546	526	2.1	39.2
Query_37867	XM_036996328.1	100.000	21	0	0	1	21	359	339	2.1	39.2
Query_37867	XM_037023059.1	100.000	21	0	0	1	21	511	491	2.1	39.2
Query_37867	XM_036891225.1	100.000	21	0	0	1	21	530	510	2.1	39.2
Query_37867	XM_036879049.1	100.000	21	0	0	1	21	359	339	2.1	39.2
Query_37867	XM_036917115.1	100.000	21	0	0	1	21	390	370	2.1	39.2
Query_37867	XM_036866061.1	100.000	21	0	0	1	21	493	473	2.1	39.2
Query_37867	XM_036766328.1	100.000	21	0	0	1	21	356	336	2.1	39.2
Query_37867	LR884473.1	100.000	21	0	0	1	21	11869662	11869642	2.1	39.2
Query_37867	XM_036400770.1	100.000	21	0	0	1	21	446	426	2.1	39.2
Query_37867	XM_016157625.2	100.000	21	0	0	1	21	470	450	2.1	39.2
Query_37867	XM_036094585.1	100.000	21	0	0	1	21	494	474	2.1	39.2
Query_37867	XM_036089977.1	100.000	21	0	0	1	21	518	498	2.1	39.2
Query_37867	XM_036079636.1	100.000	21	0	0	1	21	380	360	2.1	39.2
Query_37867	XR_004911609.1	100.000	21	0	0	1	21	474	454	2.1	39.2
Query_37867	XM_036102179.1	100.000	21	0	0	1	21	392	372	2.1	39.2
Query_37867	XM_036077454.1	100.000	21	0	0	1	21	492	472	2.1	39.2
Query_37867	XM_031313485.2	100.000	21	0	0	1	21	487	467	2.1	39.2
Query_37867	XM_023266092.2	100.000	21	0	0	1	21	463	443	2.1	39.2
Query_37867	XM_023266091.2	100.000	21	0	0	1	21	463	443	2.1	39.2
Query_37867	XM_035907739.1	100.000	21	0	0	1	21	1051	1031	2.1	39.2
Query_37867	XM_025433563.2	100.000	21	0	0	1	21	382	362	2.1	39.2
Query_37867	XM_025461314.2	100.000	21	0	0	1	21	369	349	2.1	39.2
Query_37867	XM_025419479.2	100.000	21	0	0	1	21	366	346	2.1	39.2
Query_37867	XM_035699157.1	100.000	21	0	0	1	21	522	502	2.1	39.2
Query_37867	XM_025438793.2	100.000	21	0	0	1	21	510	490	2.1	39.2
Query_37867	XR_004805211.1	100.000	21	0	0	1	21	3395	3375	2.1	39.2
Query_37867	XM_025440401.2	100.000	21	0	0	1	21	375	355	2.1	39.2
Query_37867	XM_025435197.2	100.000	21	0	0	1	21	907	887	2.1	39.2
Query_37867	XM_025422512.2	100.000	21	0	0	1	21	424	404	2.1	39.2
Query_37867	XM_035729226.1	100.000	21	0	0	1	21	502	482	2.1	39.2
Query_37867	XM_035728969.1	100.000	21	0	0	1	21	404	384	2.1	39.2
Query_37867	XM_035728362.1	100.000	21	0	0	1	21	359	339	2.1	39.2
Query_37867	XM_035728332.1	100.000	21	0	0	1	21	503	483	2.1	39.2
Query_37867	XM_035727297.1	100.000	21	0	0	1	21	386	366	2.1	39.2
Query_37867	XM_027590249.2	100.000	21	0	0	1	21	463	443	2.1	39.2
Query_37867	XM_035726302.1	100.000	21	0	0	1	21	386	366	2.1	39.2
Query_37867	XM_027616597.2	100.000	21	0	0	1	21	359	339	2.1	39.2
Query_37867	XM_027616116.2	100.000	21	0	0	1	21	514	494	2.1	39.2
Query_37867	XM_035722137.1	100.000	21	0	0	1	21	401	381	2.1	39.2
Query_37867	XM_035724634.1	100.000	21	0	0	1	21	410	390	2.1	39.2
Query_37867	XM_027585708.2	100.000	21	0	0	1	21	404	384	2.1	39.2
Query_37867	XM_035681471.1	100.000	21	0	0	1	21	451	431	2.1	39.2
Query_37867	XM_035681464.1	100.000	21	0	0	1	21	451	431	2.1	39.2


