# blastn
# Iteration: 0
# Query: 
# RID: 9PWA84FV016
# Database: nt
# Fields: query acc.ver, subject acc.ver, % identity, alignment length, mismatches, gap opens, q. start, q. end, s. start, s. end, evalue, bit score
# 100 hits found
Query_31767	XM_034958465.1	100.000	21	0	0	1	21	477	457	2.1	39.2
Query_31767	XM_034958464.1	100.000	21	0	0	1	21	588	568	2.1	39.2
Query_31767	XM_033214027.1	100.000	21	0	0	1	21	381	361	2.1	39.2
Query_31767	XM_033214026.1	100.000	21	0	0	1	21	267	247	2.1	39.2
Query_31767	XM_033214025.1	100.000	21	0	0	1	21	516	496	2.1	39.2
Query_31767	XM_033214024.1	100.000	21	0	0	1	21	467	447	2.1	39.2
Query_31767	XM_033214023.1	100.000	21	0	0	1	21	666	646	2.1	39.2
Query_31767	XM_032555172.1	100.000	21	0	0	1	21	696	676	2.1	39.2
Query_31767	XM_023224702.3	100.000	21	0	0	1	21	204	184	2.1	39.2
Query_31767	XM_023224701.3	100.000	21	0	0	1	21	485	465	2.1	39.2
Query_31767	XM_023224700.3	100.000	21	0	0	1	21	457	437	2.1	39.2
Query_31767	XM_023224699.3	100.000	21	0	0	1	21	666	646	2.1	39.2
Query_31767	XM_031664650.1	100.000	21	0	0	1	21	253	233	2.1	39.2
Query_31767	XM_021938381.2	100.000	21	0	0	1	21	477	457	2.1	39.2
Query_31767	XM_021938380.2	100.000	21	0	0	1	21	666	646	2.1	39.2
Query_31767	XM_003898597.4	100.000	21	0	0	1	21	666	646	2.1	39.2
Query_31767	XM_019025601.2	100.000	21	0	0	1	21	201	181	2.1	39.2
Query_31767	XM_004038573.3	100.000	21	0	0	1	21	666	646	2.1	39.2
Query_31767	XM_010384547.2	100.000	21	0	0	1	21	666	646	2.1	39.2
Query_31767	XM_030800871.1	100.000	21	0	0	1	21	670	650	2.1	39.2
Query_31767	XM_030739346.1	100.000	21	0	0	1	21	679	659	2.1	39.2
Query_31767	NM_001312647.2	100.000	21	0	0	1	21	488	468	2.1	39.2
Query_31767	NM_001111112.2	100.000	21	0	0	1	21	576	556	2.1	39.2
Query_31767	NM_001312648.2	100.000	21	0	0	1	21	482	462	2.1	39.2
Query_31767	NM_001111113.2	100.000	21	0	0	1	21	423	403	2.1	39.2
Query_31767	XM_020641919.2	100.000	21	0	0	1	21	703	683	2.1	39.2
Query_31767	XM_028848016.1	100.000	21	0	0	1	21	569	549	2.1	39.2
Query_31767	XM_015138162.2	100.000	21	0	0	1	21	666	646	2.1	39.2
Query_31767	XM_028545597.1	100.000	21	0	0	1	21	382	362	2.1	39.2
Query_31767	XM_028545596.1	100.000	21	0	0	1	21	519	499	2.1	39.2
Query_31767	NM_005339.5	100.000	21	0	0	1	21	576	556	2.1	39.2
Query_31767	XM_026193046.1	100.000	21	0	0	1	21	708	688	2.1	39.2
Query_31767	XM_028009341.1	100.000	21	0	0	1	21	698	678	2.1	39.2
Query_31767	XM_025385140.1	100.000	21	0	0	1	21	148	128	2.1	39.2
Query_31767	XM_025385138.1	100.000	21	0	0	1	21	190	170	2.1	39.2
Query_31767	XM_025385137.1	100.000	21	0	0	1	21	574	554	2.1	39.2
Query_31767	XM_025385136.1	100.000	21	0	0	1	21	580	560	2.1	39.2
Query_31767	XM_025385134.1	100.000	21	0	0	1	21	515	495	2.1	39.2
Query_31767	XM_025385133.1	100.000	21	0	0	1	21	671	651	2.1	39.2
Query_31767	XM_025385132.1	100.000	21	0	0	1	21	671	651	2.1	39.2
Query_31767	XM_004545413.2	100.000	21	0	0	1	21	693	673	2.1	39.2
Query_31767	XM_016950973.2	100.000	21	0	0	1	21	570	550	2.1	39.2
Query_31767	XM_009447486.3	100.000	21	0	0	1	21	511	491	2.1	39.2
Query_31767	XM_009447485.3	100.000	21	0	0	1	21	667	647	2.1	39.2
Query_31767	XM_024245916.1	100.000	21	0	0	1	21	574	554	2.1	39.2
Query_31767	XM_002814684.3	100.000	21	0	0	1	21	671	651	2.1	39.2
Query_31767	XM_005795286.3	100.000	21	0	0	1	21	706	686	2.1	39.2
Query_31767	XM_012474955.2	100.000	21	0	0	1	21	671	651	2.1	39.2
Query_31767	LT735837.1	100.000	21	0	0	1	21	871	851	2.1	39.2
Query_31767	XM_017854256.1	100.000	21	0	0	1	21	790	770	2.1	39.2
Query_31767	XM_008420218.2	100.000	21	0	0	1	21	694	674	2.1	39.2
Query_31767	XM_007548235.2	100.000	21	0	0	1	21	692	672	2.1	39.2
Query_31767	XM_015450067.1	100.000	21	0	0	1	21	569	549	2.1	39.2
Query_31767	XM_015450066.1	100.000	21	0	0	1	21	575	555	2.1	39.2
Query_31767	XM_014991230.1	100.000	21	0	0	1	21	690	670	2.1	39.2
Query_31767	XM_015031488.1	100.000	21	0	0	1	21	691	671	2.1	39.2
Query_31767	XM_005937725.2	100.000	21	0	0	1	21	713	693	2.1	39.2
Query_31767	XM_014013251.1	100.000	21	0	0	1	21	406	386	2.1	39.2
Query_31767	XM_014013250.1	100.000	21	0	0	1	21	616	596	2.1	39.2
Query_31767	XM_014013249.1	100.000	21	0	0	1	21	414	394	2.1	39.2
Query_31767	XM_012057902.1	100.000	21	0	0	1	21	666	646	2.1	39.2
Query_31767	XM_012057901.1	100.000	21	0	0	1	21	666	646	2.1	39.2
Query_31767	XM_011949088.1	100.000	21	0	0	1	21	515	495	2.1	39.2
Query_31767	XM_011949087.1	100.000	21	0	0	1	21	671	651	2.1	39.2
Query_31767	XM_011949086.1	100.000	21	0	0	1	21	897	877	2.1	39.2
Query_31767	XM_011949085.1	100.000	21	0	0	1	21	671	651	2.1	39.2
Query_31767	XM_011949084.1	100.000	21	0	0	1	21	897	877	2.1	39.2
Query_31767	XM_011983567.1	100.000	21	0	0	1	21	515	495	2.1	39.2
Query_31767	XM_011983565.1	100.000	21	0	0	1	21	671	651	2.1	39.2
Query_31767	XM_011983564.1	100.000	21	0	0	1	21	671	651	2.1	39.2
Query_31767	KJ891343.1	100.000	21	0	0	1	21	449	429	2.1	39.2
Query_31767	XM_005719900.1	100.000	21	0	0	1	21	701	681	2.1	39.2
Query_31767	XM_040015672.1	100.000	21	0	0	1	21	697	677	2.1	39.2
Query_31767	XM_039812924.1	100.000	21	0	0	1	21	576	556	2.1	39.2
Query_31767	XM_039812923.1	100.000	21	0	0	1	21	671	651	2.1	39.2
Query_31767	XM_003940989.2	100.000	21	0	0	1	21	463	443	2.1	39.2
Query_31767	XM_039468204.1	100.000	21	0	0	1	21	482	462	2.1	39.2
Query_31767	NM_001260841.2	100.000	21	0	0	1	21	433	413	2.1	39.2
Query_31767	XM_038713477.1	100.000	21	0	0	1	21	741	721	2.1	39.2
Query_31767	XM_038008617.1	100.000	21	0	0	1	21	494	474	2.1	39.2
Query_31767	XM_008017600.2	100.000	21	0	0	1	21	666	646	2.1	39.2
Query_31767	LR880654.1	100.000	21	0	0	1	21	15575864	15575844	2.1	39.2
Query_31767	XM_012882169.3	100.000	21	0	0	1	21	695	675	2.1	39.2
Query_31767	XM_006781437.2	100.000	21	0	0	1	21	670	650	2.1	39.2
Query_31767	NM_001246525.1	100.000	21	0	0	1	21	541	521	2.1	39.2
Query_31767	AB527742.1	100.000	21	0	0	1	21	393	373	2.1	39.2
Query_31767	CU690733.1	100.000	21	0	0	1	21	235	255	2.1	39.2
Query_31767	EU446896.1	100.000	21	0	0	1	21	406	386	2.1	39.2
Query_31767	AK315524.1	100.000	21	0	0	1	21	594	574	2.1	39.2
Query_31767	AK307130.1	100.000	21	0	0	1	21	479	459	2.1	39.2
Query_31767	AK291454.1	100.000	21	0	0	1	21	420	400	2.1	39.2
Query_31767	NM_001283819.1	100.000	21	0	0	1	21	591	571	2.1	39.2
Query_31767	BC022804.1	100.000	21	0	0	1	21	544	524	2.1	39.2
Query_31767	AK093533.1	100.000	21	0	0	1	21	489	469	2.1	39.2
Query_31767	AC105287.5	100.000	21	0	0	1	21	24251	24231	2.1	39.2
Query_31767	BC050600.1	100.000	21	0	0	1	21	522	502	2.1	39.2
Query_31767	AB022436.1	100.000	21	0	0	1	21	317	297	2.1	39.2
Query_31767	AB022435.1	100.000	21	0	0	1	21	470	450	2.1	39.2
Query_31767	U58522.1	100.000	21	0	0	1	21	387	367	2.1	39.2
Query_31767	XM_040587148.1	100.000	20	0	0	2	21	376	357	7.5	37.4


