# blastn
# Iteration: 0
# Query: 
# RID: 73MYRZH001R
# Database: nt
# Fields: query acc.ver, subject acc.ver, % identity, alignment length, mismatches, gap opens, q. start, q. end, s. start, s. end, evalue, bit score
# 100 hits found
Query_162887	XM_035027375.1	100.000	21	0	0	1	21	1180	1160	2.0	39.2
Query_162887	XM_003817410.4	100.000	21	0	0	1	21	1107	1087	2.0	39.2
Query_162887	AP023165.1	100.000	21	0	0	1	21	32209217	32209237	2.0	39.2
Query_162887	XM_019795727.2	100.000	21	0	0	1	21	1202	1182	2.0	39.2
Query_162887	XM_019945282.2	100.000	21	0	0	1	21	1189	1169	2.0	39.2
Query_162887	XM_004271794.3	100.000	21	0	0	1	21	1209	1189	2.0	39.2
Query_162887	CP050593.1	100.000	21	0	0	1	21	31020625	31020605	2.0	39.2
Query_162887	CP050635.1	100.000	21	0	0	1	21	31022332	31022312	2.0	39.2
Query_162887	XM_033183585.1	100.000	21	0	0	1	21	1116	1096	2.0	39.2
Query_162887	XM_032615033.1	100.000	21	0	0	1	21	1194	1174	2.0	39.2
Query_162887	XM_006181400.3	100.000	21	0	0	1	21	1205	1185	2.0	39.2
Query_162887	XM_032428988.1	100.000	21	0	0	1	21	1187	1167	2.0	39.2
Query_162887	XM_032280103.1	100.000	21	0	0	1	21	1206	1186	2.0	39.2
Query_162887	XM_032162573.1	100.000	21	0	0	1	21	1116	1096	2.0	39.2
Query_162887	XM_023203969.3	100.000	21	0	0	1	21	1115	1095	2.0	39.2
Query_162887	XM_006216420.2	100.000	21	0	0	1	21	263	243	2.0	39.2
Query_162887	XM_003912784.4	100.000	21	0	0	1	21	1192	1172	2.0	39.2
Query_162887	XM_031468094.1	100.000	21	0	0	1	21	1090	1070	2.0	39.2
Query_162887	XM_019026567.2	100.000	21	0	0	1	21	1166	1146	2.0	39.2
Query_162887	XM_010380650.2	100.000	21	0	0	1	21	1116	1096	2.0	39.2
Query_162887	XM_030881597.1	100.000	21	0	0	1	21	1186	1166	2.0	39.2
Query_162887	XM_003272285.3	100.000	21	0	0	1	21	1468	1448	2.0	39.2
Query_162887	MH729718.1	100.000	21	0	0	1	21	597	577	2.0	39.2
Query_162887	MH729717.1	100.000	21	0	0	1	21	597	577	2.0	39.2
Query_162887	MH729716.1	100.000	21	0	0	1	21	597	577	2.0	39.2
Query_162887	MH729715.1	100.000	21	0	0	1	21	597	577	2.0	39.2
Query_162887	MH729714.1	100.000	21	0	0	1	21	597	577	2.0	39.2
Query_162887	MH729713.1	100.000	21	0	0	1	21	597	577	2.0	39.2
Query_162887	NM_005450.6	100.000	21	0	0	1	21	1122	1102	2.0	39.2
Query_162887	XM_030296487.1	100.000	21	0	0	1	21	1228	1208	2.0	39.2
Query_162887	XM_029212779.1	100.000	21	0	0	1	21	1117	1097	2.0	39.2
Query_162887	XM_027087081.1	100.000	21	0	0	1	21	1186	1166	2.0	39.2
Query_162887	XM_027034179.1	100.000	21	0	0	1	21	1228	1208	2.0	39.2
Query_162887	XM_026517916.1	100.000	21	0	0	1	21	1063	1043	2.0	39.2
Query_162887	XM_026407803.1	100.000	21	0	0	1	21	1179	1159	2.0	39.2
Query_162887	XM_008147742.2	100.000	21	0	0	1	21	1246	1226	2.0	39.2
Query_162887	XM_028164964.1	100.000	21	0	0	1	21	621	601	2.0	39.2
Query_162887	XM_027950363.1	100.000	21	0	0	1	21	1120	1100	2.0	39.2
Query_162887	CP034495.1	100.000	21	0	0	1	21	54672181	54672161	2.0	39.2
Query_162887	XM_027519023.1	100.000	21	0	0	1	21	825	805	2.0	39.2
Query_162887	XM_025996239.1	100.000	21	0	0	1	21	549	529	2.0	39.2
Query_162887	XM_025851038.1	100.000	21	0	0	1	21	597	577	2.0	39.2
Query_162887	XM_025362689.1	100.000	21	0	0	1	21	1171	1151	2.0	39.2
Query_162887	MF480653.1	100.000	21	0	0	1	21	624	604	2.0	39.2
Query_162887	XM_006076220.2	100.000	21	0	0	1	21	797	777	2.0	39.2
Query_162887	XM_002695554.6	100.000	21	0	0	1	21	1192	1172	2.0	39.2
Query_162887	XM_011732968.2	100.000	21	0	0	1	21	1227	1207	2.0	39.2
Query_162887	XM_024757637.1	100.000	21	0	0	1	21	936	916	2.0	39.2
Query_162887	XM_523802.6	100.000	21	0	0	1	21	1177	1157	2.0	39.2
Query_162887	CP027087.1	100.000	21	0	0	1	21	7101773	7101753	2.0	39.2
Query_162887	XM_002827353.4	100.000	21	0	0	1	21	1116	1096	2.0	39.2
Query_162887	XM_007109681.2	100.000	21	0	0	1	21	940	920	2.0	39.2
Query_162887	XM_024127830.1	100.000	21	0	0	1	21	940	920	2.0	39.2
Query_162887	KY888941.1	100.000	21	0	0	1	21	411	391	2.0	39.2
Query_162887	XM_006095589.3	100.000	21	0	0	1	21	1207	1187	2.0	39.2
Query_162887	XM_004645279.2	100.000	21	0	0	1	21	802	782	2.0	39.2
Query_162887	XM_023652827.1	100.000	21	0	0	1	21	1199	1179	2.0	39.2
Query_162887	XM_023563808.1	100.000	21	0	0	1	21	561	541	2.0	39.2
Query_162887	XM_004481252.3	100.000	21	0	0	1	21	1079	1059	2.0	39.2
Query_162887	XM_011279931.3	100.000	21	0	0	1	21	1221	1201	2.0	39.2
Query_162887	XM_022552602.1	100.000	21	0	0	1	21	1272	1252	2.0	39.2
Query_162887	XM_012460453.2	100.000	21	0	0	1	21	1208	1188	2.0	39.2
Query_162887	XM_021704444.1	100.000	21	0	0	1	21	611	591	2.0	39.2
Query_162887	XM_012741827.2	100.000	21	0	0	1	21	1137	1117	2.0	39.2
Query_162887	LT744950.1	100.000	21	0	0	1	21	1084	1064	2.0	39.2
Query_162887	XM_019982609.1	100.000	21	0	0	1	21	885	865	2.0	39.2
Query_162887	XM_019415688.1	100.000	21	0	0	1	21	751	731	2.0	39.2
Query_162887	XM_013971792.2	100.000	21	0	0	1	21	1200	1180	2.0	39.2
Query_162887	XM_017866509.1	100.000	21	0	0	1	21	1193	1173	2.0	39.2
Query_162887	XM_006779310.2	100.000	21	0	0	1	21	498	478	2.0	39.2
Query_162887	XM_015495857.1	100.000	21	0	0	1	21	600	580	2.0	39.2
Query_162887	XM_005583787.2	100.000	21	0	0	1	21	1116	1096	2.0	39.2
Query_162887	XM_014861061.1	100.000	21	0	0	1	21	1010	990	2.0	39.2
Query_162887	XM_005872564.2	100.000	21	0	0	1	21	600	580	2.0	39.2
Query_162887	XM_005394073.2	100.000	21	0	0	1	21	903	883	2.0	39.2
Query_162887	XM_004707032.2	100.000	21	0	0	1	21	938	918	2.0	39.2
Query_162887	XM_003795558.2	100.000	21	0	0	1	21	1118	1098	2.0	39.2
Query_162887	XM_012665691.1	100.000	21	0	0	1	21	1163	1143	2.0	39.2
Query_162887	XM_004377901.2	100.000	21	0	0	1	21	1126	1106	2.0	39.2
Query_162887	XM_012054883.1	100.000	21	0	0	1	21	1116	1096	2.0	39.2
Query_162887	XM_011953737.1	100.000	21	0	0	1	21	605	585	2.0	39.2
Query_162887	XM_005321598.3	100.000	21	0	0	1	21	1213	1193	2.0	39.2
Query_162887	XM_040244285.1	100.000	21	0	0	1	21	1250	1230	2.0	39.2
Query_162887	XM_029079626.2	100.000	21	0	0	1	21	1179	1159	2.0	39.2
Query_162887	HG994394.1	100.000	21	0	0	1	21	29720352	29720372	2.0	39.2
Query_162887	XM_039241125.1	100.000	21	0	0	1	21	1185	1165	2.0	39.2
Query_162887	CP068261.1	100.000	21	0	0	1	21	57471233	57471213	2.0	39.2
Query_162887	XM_038675217.1	100.000	21	0	0	1	21	706	686	2.0	39.2
Query_162887	XM_005624988.2	100.000	21	0	0	1	21	700	680	2.0	39.2
Query_162887	XM_008011393.2	100.000	21	0	0	1	21	1183	1163	2.0	39.2
Query_162887	XM_037809573.1	100.000	21	0	0	1	21	1182	1162	2.0	39.2
Query_162887	XM_017538823.2	100.000	21	0	0	1	21	1115	1095	2.0	39.2
Query_162887	XM_037493704.1	100.000	21	0	0	1	21	1091	1071	2.0	39.2
Query_162887	XM_036342124.1	100.000	21	0	0	1	21	630	610	2.0	39.2
Query_162887	XM_016155130.2	100.000	21	0	0	1	21	1186	1166	2.0	39.2
Query_162887	AP023477.1	100.000	21	0	0	1	21	54044033	54044013	2.0	39.2
Query_162887	XM_036106165.1	100.000	21	0	0	1	21	1197	1177	2.0	39.2
Query_162887	XM_028520706.2	100.000	21	0	0	1	21	1188	1168	2.0	39.2
Query_162887	XM_025440587.2	100.000	21	0	0	1	21	712	692	2.0	39.2
Query_162887	XM_002748399.4	100.000	21	0	0	1	21	1117	1097	2.0	39.2


