# blastn
# Iteration: 0
# Query: 
# RID: 7RN82H7C016
# Database: nt
# Fields: query acc.ver, subject acc.ver, % identity, alignment length, mismatches, gap opens, q. start, q. end, s. start, s. end, evalue, bit score
# 100 hits found
Query_37145	XM_040480078.1	100.000	21	0	0	1	21	359	339	2.1	39.2
Query_37145	XM_040480077.1	100.000	21	0	0	1	21	345	325	2.1	39.2
Query_37145	XM_040480076.1	100.000	21	0	0	1	21	218	198	2.1	39.2
Query_37145	XM_040480075.1	100.000	21	0	0	1	21	352	332	2.1	39.2
Query_37145	XM_040480074.1	100.000	21	0	0	1	21	277	257	2.1	39.2
Query_37145	XM_040475549.1	100.000	21	0	0	1	21	252	232	2.1	39.2
Query_37145	XM_040475548.1	100.000	21	0	0	1	21	343	323	2.1	39.2
Query_37145	XM_040270994.1	100.000	21	0	0	1	21	255	235	2.1	39.2
Query_37145	XM_040294550.1	100.000	21	0	0	1	21	230	210	2.1	39.2
Query_37145	XM_021725967.2	100.000	21	0	0	1	21	560	540	2.1	39.2
Query_37145	XM_040294549.1	100.000	21	0	0	1	21	379	359	2.1	39.2
Query_37145	XM_040294548.1	100.000	21	0	0	1	21	565	545	2.1	39.2
Query_37145	XM_005317262.3	100.000	21	0	0	1	21	351	331	2.1	39.2
Query_37145	XM_040227739.1	100.000	21	0	0	1	21	447	427	2.1	39.2
Query_37145	XM_040227738.1	100.000	21	0	0	1	21	367	347	2.1	39.2
Query_37145	XM_040227737.1	100.000	21	0	0	1	21	551	531	2.1	39.2
Query_37145	XM_040256951.1	100.000	21	0	0	1	21	291	271	2.1	39.2
Query_37145	XM_040243309.1	100.000	21	0	0	1	21	336	316	2.1	39.2
Query_37145	XM_040064050.1	100.000	21	0	0	1	21	439	419	2.1	39.2
Query_37145	XM_040064040.1	100.000	21	0	0	1	21	473	453	2.1	39.2
Query_37145	XM_039836764.1	100.000	21	0	0	1	21	366	346	2.1	39.2
Query_37145	XM_039836763.1	100.000	21	0	0	1	21	358	338	2.1	39.2
Query_37145	XM_039855835.1	100.000	21	0	0	1	21	338	318	2.1	39.2
Query_37145	XM_039855834.1	100.000	21	0	0	1	21	632	612	2.1	39.2
Query_37145	XM_039855833.1	100.000	21	0	0	1	21	354	334	2.1	39.2
Query_37145	XM_039855832.1	100.000	21	0	0	1	21	501	481	2.1	39.2
Query_37145	XM_039855830.1	100.000	21	0	0	1	21	367	347	2.1	39.2
Query_37145	XM_039855829.1	100.000	21	0	0	1	21	588	568	2.1	39.2
Query_37145	XM_039855828.1	100.000	21	0	0	1	21	409	389	2.1	39.2
Query_37145	XM_039820897.1	100.000	21	0	0	1	21	303	283	2.1	39.2
Query_37145	XM_039820896.1	100.000	21	0	0	1	21	268	248	2.1	39.2
Query_37145	XM_039706700.1	100.000	21	0	0	1	21	483	463	2.1	39.2
Query_37145	XM_039706688.1	100.000	21	0	0	1	21	488	468	2.1	39.2
Query_37145	XM_039549381.1	100.000	21	0	0	1	21	480	460	2.1	39.2
Query_37145	XM_039549380.1	100.000	21	0	0	1	21	221	201	2.1	39.2
Query_37145	XM_039549379.1	100.000	21	0	0	1	21	484	464	2.1	39.2
Query_37145	XM_039495191.1	100.000	21	0	0	1	21	235	215	2.1	39.2
Query_37145	XM_039495190.1	100.000	21	0	0	1	21	327	307	2.1	39.2
Query_37145	XM_039495189.1	100.000	21	0	0	1	21	350	330	2.1	39.2
Query_37145	XM_039495187.1	100.000	21	0	0	1	21	620	600	2.1	39.2
Query_37145	XM_039495186.1	100.000	21	0	0	1	21	590	570	2.1	39.2
Query_37145	XM_039521738.1	100.000	21	0	0	1	21	263	243	2.1	39.2
Query_37145	XM_039521737.1	100.000	21	0	0	1	21	344	324	2.1	39.2
Query_37145	XM_039521735.1	100.000	21	0	0	1	21	221	201	2.1	39.2
Query_37145	XM_039480220.1	100.000	21	0	0	1	21	346	326	2.1	39.2
Query_37145	XM_039480219.1	100.000	21	0	0	1	21	455	435	2.1	39.2
Query_37145	XM_039480218.1	100.000	21	0	0	1	21	356	336	2.1	39.2
Query_37145	XM_039480217.1	100.000	21	0	0	1	21	455	435	2.1	39.2
Query_37145	NM_001047857.4	100.000	21	0	0	1	21	583	563	2.1	39.2
Query_37145	XM_027744892.2	100.000	21	0	0	1	21	453	433	2.1	39.2
Query_37145	XM_027744891.2	100.000	21	0	0	1	21	457	437	2.1	39.2
Query_37145	XM_039322530.1	100.000	21	0	0	1	21	311	291	2.1	39.2
Query_37145	XM_039322529.1	100.000	21	0	0	1	21	341	321	2.1	39.2
Query_37145	XM_039322528.1	100.000	21	0	0	1	21	342	322	2.1	39.2
Query_37145	XM_039322527.1	100.000	21	0	0	1	21	392	372	2.1	39.2
Query_37145	XM_039254577.1	100.000	21	0	0	1	21	367	347	2.1	39.2
Query_37145	XM_039254350.1	100.000	21	0	0	1	21	321	301	2.1	39.2
Query_37145	XM_039239646.1	100.000	21	0	0	1	21	371	351	2.1	39.2
Query_37145	XM_039239644.1	100.000	21	0	0	1	21	330	310	2.1	39.2
Query_37145	XM_039239643.1	100.000	21	0	0	1	21	544	524	2.1	39.2
Query_37145	XM_039104497.1	100.000	21	0	0	1	21	861	841	2.1	39.2
Query_37145	XM_006234405.4	100.000	21	0	0	1	21	526	506	2.1	39.2
Query_37145	XM_038447236.1	100.000	21	0	0	1	21	250	230	2.1	39.2
Query_37145	XM_038447235.1	100.000	21	0	0	1	21	556	536	2.1	39.2
Query_37145	XM_038463393.1	100.000	21	0	0	1	21	250	230	2.1	39.2
Query_37145	XM_038463392.1	100.000	21	0	0	1	21	556	536	2.1	39.2
Query_37145	XM_038796406.1	100.000	21	0	0	1	21	185	165	2.1	39.2
Query_37145	XM_038725842.1	100.000	21	0	0	1	21	276	256	2.1	39.2
Query_37145	XM_038725841.1	100.000	21	0	0	1	21	521	501	2.1	39.2
Query_37145	XM_038725840.1	100.000	21	0	0	1	21	320	300	2.1	39.2
Query_37145	XM_038390202.1	100.000	21	0	0	1	21	378	358	2.1	39.2
Query_37145	XM_038422435.1	100.000	21	0	0	1	21	306	286	2.1	39.2
Query_37145	XM_038422434.1	100.000	21	0	0	1	21	816	796	2.1	39.2
Query_37145	XM_038422433.1	100.000	21	0	0	1	21	709	689	2.1	39.2
Query_37145	XM_038422432.1	100.000	21	0	0	1	21	650	630	2.1	39.2
Query_37145	XM_027451053.2	100.000	21	0	0	1	21	499	479	2.1	39.2
Query_37145	XM_038129309.1	100.000	21	0	0	1	21	506	486	2.1	39.2
Query_37145	XM_038129308.1	100.000	21	0	0	1	21	505	485	2.1	39.2
Query_37145	XM_008009279.2	100.000	21	0	0	1	21	358	338	2.1	39.2
Query_37145	XM_008009278.2	100.000	21	0	0	1	21	449	429	2.1	39.2
Query_37145	XM_007965532.2	100.000	21	0	0	1	21	643	623	2.1	39.2
Query_37145	XM_007965531.2	100.000	21	0	0	1	21	573	553	2.1	39.2
Query_37145	XM_007965530.2	100.000	21	0	0	1	21	596	576	2.1	39.2
Query_37145	XM_037890424.1	100.000	21	0	0	1	21	370	350	2.1	39.2
Query_37145	XM_027831903.2	100.000	21	0	0	1	21	369	349	2.1	39.2
Query_37145	XM_037912406.1	100.000	21	0	0	1	21	573	553	2.1	39.2
Query_37145	XM_007069768.3	100.000	21	0	0	1	21	591	571	2.1	39.2
Query_37145	XM_027831901.2	100.000	21	0	0	1	21	470	450	2.1	39.2
Query_37145	XM_037849091.1	100.000	21	0	0	1	21	409	389	2.1	39.2
Query_37145	XM_037849090.1	100.000	21	0	0	1	21	371	351	2.1	39.2
Query_37145	XM_037849089.1	100.000	21	0	0	1	21	609	589	2.1	39.2
Query_37145	XM_037844356.1	100.000	21	0	0	1	21	203	183	2.1	39.2
Query_37145	XM_037839205.1	100.000	21	0	0	1	21	233	213	2.1	39.2
Query_37145	XM_037845699.1	100.000	21	0	0	1	21	218	198	2.1	39.2
Query_37145	XM_037845691.1	100.000	21	0	0	1	21	326	306	2.1	39.2
Query_37145	XM_037794015.1	100.000	21	0	0	1	21	320	300	2.1	39.2
Query_37145	XM_037794012.1	100.000	21	0	0	1	21	540	520	2.1	39.2
Query_37145	XM_037736231.1	100.000	21	0	0	1	21	215	195	2.1	39.2
Query_37145	XM_017522546.2	100.000	21	0	0	1	21	358	338	2.1	39.2
Query_37145	XM_037523656.1	100.000	21	0	0	1	21	311	291	2.1	39.2


