# blastn
# Iteration: 0
# Query: 
# RID: 7R3MH4TG013
# Database: nt
# Fields: query acc.ver, subject acc.ver, % identity, alignment length, mismatches, gap opens, q. start, q. end, s. start, s. end, evalue, bit score
# 100 hits found
Query_59487	XM_034987846.1	100.000	21	0	0	1	21	490	470	2.1	39.2
Query_59487	XM_035027346.1	100.000	21	0	0	1	21	1613	1593	2.1	39.2
Query_59487	XM_035017486.1	100.000	21	0	0	1	21	376	356	2.1	39.2
Query_59487	XM_035008315.1	100.000	21	0	0	1	21	415	395	2.1	39.2
Query_59487	XR_004679463.1	100.000	21	0	0	1	21	2628	2608	2.1	39.2
Query_59487	XM_003816807.3	100.000	21	0	0	1	21	403	383	2.1	39.2
Query_59487	XM_034934228.1	100.000	21	0	0	1	21	517	497	2.1	39.2
Query_59487	XM_034644424.1	100.000	21	0	0	1	21	551	531	2.1	39.2
Query_59487	XM_034487473.1	100.000	21	0	0	1	21	757	737	2.1	39.2
Query_59487	XM_033952588.1	100.000	21	0	0	1	21	472	452	2.1	39.2
Query_59487	XM_033952587.1	100.000	21	0	0	1	21	517	497	2.1	39.2
Query_59487	XM_019952685.2	100.000	21	0	0	1	21	487	467	2.1	39.2
Query_59487	XM_004269543.2	100.000	21	0	0	1	21	487	467	2.1	39.2
Query_59487	XM_033359754.1	100.000	21	0	0	1	21	491	471	2.1	39.2
Query_59487	XM_033359753.1	100.000	21	0	0	1	21	685	665	2.1	39.2
Query_59487	CP050604.1	100.000	21	0	0	1	21	5463269	5463289	2.1	39.2
Query_59487	CP050598.1	100.000	21	0	0	1	21	11856925	11856945	2.1	39.2
Query_59487	CP050593.1	100.000	21	0	0	1	21	37585834	37585854	2.1	39.2
Query_59487	CP050590.1	100.000	21	0	0	1	21	41538951	41538971	2.1	39.2
Query_59487	CP050588.1	100.000	21	0	0	1	21	23988024	23988004	2.1	39.2
Query_59487	CP050586.1	100.000	21	0	0	1	21	54312313	54312333	2.1	39.2
Query_59487	CP050572.1	100.000	21	0	0	1	21	19010271	19010251	2.1	39.2
Query_59487	CP050644.1	100.000	21	0	0	1	21	5463128	5463148	2.1	39.2
Query_59487	CP050643.1	100.000	21	0	0	1	21	24007941	24007921	2.1	39.2
Query_59487	XM_040491239.1	100.000	21	0	0	1	21	533	513	2.1	39.2
Query_59487	XM_040408845.1	100.000	21	0	0	1	21	466	446	2.1	39.2
Query_59487	XM_040281818.1	100.000	21	0	0	1	21	409	389	2.1	39.2
Query_59487	XM_029079248.2	100.000	21	0	0	1	21	475	455	2.1	39.2
Query_59487	HG994414.1	100.000	21	0	0	1	21	30011251	30011231	2.1	39.2
Query_59487	HG994407.1	100.000	21	0	0	1	21	26116225	26116205	2.1	39.2
Query_59487	HG994406.1	100.000	21	0	0	1	21	42329050	42329070	2.1	39.2
Query_59487	HG994397.1	100.000	21	0	0	1	21	60951477	60951457	2.1	39.2
Query_59487	HG994394.1	100.000	21	0	0	1	21	23149625	23149605	2.1	39.2
Query_59487	HG994389.1	100.000	21	0	0	1	21	50959510	50959530	2.1	39.2
Query_59487	HG994386.1	100.000	21	0	0	1	21	19075820	19075800	2.1	39.2
Query_59487	XM_039869043.1	100.000	21	0	0	1	21	516	496	2.1	39.2
Query_59487	XM_039761538.1	100.000	21	0	0	1	21	475	455	2.1	39.2
Query_59487	XM_039475258.1	100.000	21	0	0	1	21	376	356	2.1	39.2
Query_59487	XM_039471644.1	100.000	21	0	0	1	21	736	716	2.1	39.2
Query_59487	XM_039471344.1	100.000	21	0	0	1	21	376	356	2.1	39.2
Query_59487	XM_039471339.1	100.000	21	0	0	1	21	408	388	2.1	39.2
Query_59487	XM_038677314.1	100.000	21	0	0	1	21	392	372	2.1	39.2
Query_59487	XM_038667664.1	100.000	21	0	0	1	21	457	437	2.1	39.2
Query_59487	XM_038662699.1	100.000	21	0	0	1	21	928	908	2.1	39.2
Query_59487	XM_038432613.1	100.000	21	0	0	1	21	352	332	2.1	39.2
Query_59487	XM_003435294.4	100.000	21	0	0	1	21	392	372	2.1	39.2
Query_59487	XM_038535473.1	100.000	21	0	0	1	21	466	446	2.1	39.2
Query_59487	XM_003434540.5	100.000	21	0	0	1	21	933	913	2.1	39.2
Query_59487	XM_038810964.1	100.000	21	0	0	1	21	492	472	2.1	39.2
Query_59487	XM_038810963.1	100.000	21	0	0	1	21	385	365	2.1	39.2
Query_59487	XM_038756364.1	100.000	21	0	0	1	21	446	426	2.1	39.2
Query_59487	XM_007992884.2	100.000	21	0	0	1	21	376	356	2.1	39.2
Query_59487	XM_038008386.1	100.000	21	0	0	1	21	410	390	2.1	39.2
Query_59487	XM_007993861.2	100.000	21	0	0	1	21	381	361	2.1	39.2
Query_59487	XM_008004246.2	100.000	21	0	0	1	21	737	717	2.1	39.2
Query_59487	XM_038005196.1	100.000	21	0	0	1	21	426	406	2.1	39.2
Query_59487	XM_037822839.1	100.000	21	0	0	1	21	376	356	2.1	39.2
Query_59487	XM_037846925.1	100.000	21	0	0	1	21	490	470	2.1	39.2
Query_59487	XM_037805070.1	100.000	21	0	0	1	21	376	356	2.1	39.2
Query_59487	XM_017502871.2	100.000	21	0	0	1	21	407	387	2.1	39.2
Query_59487	XM_017541827.2	100.000	21	0	0	1	21	402	382	2.1	39.2
Query_59487	XM_017537894.2	100.000	21	0	0	1	21	434	414	2.1	39.2
Query_59487	XM_017534874.2	100.000	21	0	0	1	21	411	391	2.1	39.2
Query_59487	XM_037522123.1	100.000	21	0	0	1	21	496	476	2.1	39.2
Query_59487	XM_037513877.1	100.000	21	0	0	1	21	545	525	2.1	39.2
Query_59487	XM_037146140.1	100.000	21	0	0	1	21	564	544	2.1	39.2
Query_59487	XM_036996328.1	100.000	21	0	0	1	21	376	356	2.1	39.2
Query_59487	XM_037023059.1	100.000	21	0	0	1	21	528	508	2.1	39.2
Query_59487	XM_036891225.1	100.000	21	0	0	1	21	547	527	2.1	39.2
Query_59487	XM_036917115.1	100.000	21	0	0	1	21	407	387	2.1	39.2
Query_59487	XM_016157625.2	100.000	21	0	0	1	21	487	467	2.1	39.2
Query_59487	XM_006514344.5	100.000	21	0	0	1	21	710	690	2.1	39.2
Query_59487	XM_036094585.1	100.000	21	0	0	1	21	511	491	2.1	39.2
Query_59487	XM_036089977.1	100.000	21	0	0	1	21	535	515	2.1	39.2
Query_59487	XM_036079636.1	100.000	21	0	0	1	21	397	377	2.1	39.2
Query_59487	XM_036078433.1	100.000	21	0	0	1	21	611	591	2.1	39.2
Query_59487	XR_004911609.1	100.000	21	0	0	1	21	491	471	2.1	39.2
Query_59487	XM_036102179.1	100.000	21	0	0	1	21	409	389	2.1	39.2
Query_59487	XM_036077454.1	100.000	21	0	0	1	21	509	489	2.1	39.2
Query_59487	LR877226.1	100.000	21	0	0	1	21	46192610	46192590	2.1	39.2
Query_59487	XM_025440401.2	100.000	21	0	0	1	21	392	372	2.1	39.2
Query_59487	XM_025435197.2	100.000	21	0	0	1	21	924	904	2.1	39.2
Query_59487	XM_035729226.1	100.000	21	0	0	1	21	519	499	2.1	39.2
Query_59487	XM_035728362.1	100.000	21	0	0	1	21	376	356	2.1	39.2
Query_59487	XM_035728332.1	100.000	21	0	0	1	21	520	500	2.1	39.2
Query_59487	XM_035727297.1	100.000	21	0	0	1	21	403	383	2.1	39.2
Query_59487	XM_027590249.2	100.000	21	0	0	1	21	480	460	2.1	39.2
Query_59487	XM_035726302.1	100.000	21	0	0	1	21	403	383	2.1	39.2
Query_59487	XM_027616116.2	100.000	21	0	0	1	21	531	511	2.1	39.2
Query_59487	XM_035722137.1	100.000	21	0	0	1	21	418	398	2.1	39.2
Query_59487	XM_035724634.1	100.000	21	0	0	1	21	427	407	2.1	39.2
Query_59487	XM_027585708.2	100.000	21	0	0	1	21	421	401	2.1	39.2
Query_59487	XM_009004044.4	100.000	21	0	0	1	21	447	427	2.1	39.2
Query_59487	XM_035257336.1	100.000	21	0	0	1	21	376	356	2.1	39.2
Query_59487	XM_035258513.1	100.000	21	0	0	1	21	428	408	2.1	39.2
Query_59487	XM_009004364.3	100.000	21	0	0	1	21	455	435	2.1	39.2
Query_59487	XM_009002552.3	100.000	21	0	0	1	21	409	389	2.1	39.2
Query_59487	XM_002751685.5	100.000	21	0	0	1	21	440	420	2.1	39.2
Query_59487	XM_035280129.1	100.000	21	0	0	1	21	405	385	2.1	39.2
Query_59487	XM_008981865.2	100.000	21	0	0	1	21	503	483	2.1	39.2


