# blastn
# Iteration: 0
# Query: 
# RID: 6METVBCR01R
# Database: nt
# Fields: query acc.ver, subject acc.ver, % identity, alignment length, mismatches, gap opens, q. start, q. end, s. start, s. end, evalue, bit score
# 100 hits found
Query_150835	XM_005325742.4	100.000	21	0	0	1	21	446	426	2.0	39.2
Query_150835	XM_040293037.1	100.000	21	0	0	1	21	337	317	2.0	39.2
Query_150835	XM_005325741.4	100.000	21	0	0	1	21	474	454	2.0	39.2
Query_150835	XM_040237783.1	100.000	21	0	0	1	21	194	174	2.0	39.2
Query_150835	XM_040237782.1	100.000	21	0	0	1	21	179	159	2.0	39.2
Query_150835	XR_005720632.1	100.000	21	0	0	1	21	470	450	2.0	39.2
Query_150835	XM_040237780.1	100.000	21	0	0	1	21	566	546	2.0	39.2
Query_150835	XM_040237779.1	100.000	21	0	0	1	21	445	425	2.0	39.2
Query_150835	XM_040237778.1	100.000	21	0	0	1	21	470	450	2.0	39.2
Query_150835	XM_040237777.1	100.000	21	0	0	1	21	581	561	2.0	39.2
Query_150835	XM_040237776.1	100.000	21	0	0	1	21	569	549	2.0	39.2
Query_150835	XM_040237775.1	100.000	21	0	0	1	21	483	463	2.0	39.2
Query_150835	XM_040237774.1	100.000	21	0	0	1	21	459	439	2.0	39.2
Query_150835	XM_040237773.1	100.000	21	0	0	1	21	482	462	2.0	39.2
Query_150835	XM_040237772.1	100.000	21	0	0	1	21	345	325	2.0	39.2
Query_150835	XM_040237771.1	100.000	21	0	0	1	21	404	384	2.0	39.2
Query_150835	XM_040237769.1	100.000	21	0	0	1	21	483	463	2.0	39.2
Query_150835	XM_040237768.1	100.000	21	0	0	1	21	457	437	2.0	39.2
Query_150835	XM_040237767.1	100.000	21	0	0	1	21	470	450	2.0	39.2
Query_150835	HG994414.1	100.000	21	0	0	1	21	17433846	17433826	2.0	39.2
Query_150835	HG994396.1	100.000	21	0	0	1	21	4485536	4485556	2.0	39.2
Query_150835	XM_039472325.1	100.000	21	0	0	1	21	354	334	2.0	39.2
Query_150835	XM_003929504.3	100.000	21	0	0	1	21	546	526	2.0	39.2
Query_150835	XM_003929505.3	100.000	21	0	0	1	21	673	653	2.0	39.2
Query_150835	XM_003929502.3	100.000	21	0	0	1	21	481	461	2.0	39.2
Query_150835	XM_010340110.2	100.000	21	0	0	1	21	546	526	2.0	39.2
Query_150835	XM_010340111.2	100.000	21	0	0	1	21	673	653	2.0	39.2
Query_150835	XM_010340109.2	100.000	21	0	0	1	21	481	461	2.0	39.2
Query_150835	XM_039220817.1	100.000	21	0	0	1	21	390	370	2.0	39.2
Query_150835	XM_039220816.1	100.000	21	0	0	1	21	442	422	2.0	39.2
Query_150835	XM_039220815.1	100.000	21	0	0	1	21	421	401	2.0	39.2
Query_150835	CP068258.1	100.000	21	0	0	1	21	5333621	5333641	2.0	39.2
Query_150835	XM_006233338.3	100.000	21	0	0	1	21	455	435	2.0	39.2
Query_150835	XM_006233337.3	100.000	21	0	0	1	21	629	609	2.0	39.2
Query_150835	XM_006233336.4	100.000	21	0	0	1	21	476	456	2.0	39.2
Query_150835	XM_006233335.3	100.000	21	0	0	1	21	455	435	2.0	39.2
Query_150835	XM_006233334.3	100.000	21	0	0	1	21	599	579	2.0	39.2
Query_150835	XM_006233333.3	100.000	21	0	0	1	21	476	456	2.0	39.2
Query_150835	XM_038444267.1	100.000	21	0	0	1	21	459	439	2.0	39.2
Query_150835	XM_038444266.1	100.000	21	0	0	1	21	478	458	2.0	39.2
Query_150835	XM_038444265.1	100.000	21	0	0	1	21	455	435	2.0	39.2
Query_150835	XM_038444264.1	100.000	21	0	0	1	21	447	427	2.0	39.2
Query_150835	XM_038444263.1	100.000	21	0	0	1	21	461	441	2.0	39.2
Query_150835	XM_038444262.1	100.000	21	0	0	1	21	486	466	2.0	39.2
Query_150835	XM_038444261.1	100.000	21	0	0	1	21	478	458	2.0	39.2
Query_150835	XM_038462042.1	100.000	21	0	0	1	21	459	439	2.0	39.2
Query_150835	XM_005642458.4	100.000	21	0	0	1	21	478	458	2.0	39.2
Query_150835	XM_038462041.1	100.000	21	0	0	1	21	455	435	2.0	39.2
Query_150835	XM_038462040.1	100.000	21	0	0	1	21	448	428	2.0	39.2
Query_150835	XM_038462039.1	100.000	21	0	0	1	21	461	441	2.0	39.2
Query_150835	XM_038462038.1	100.000	21	0	0	1	21	482	462	2.0	39.2
Query_150835	XM_038462037.1	100.000	21	0	0	1	21	478	458	2.0	39.2
Query_150835	XM_038310764.1	100.000	21	0	0	1	21	429	409	2.0	39.2
Query_150835	XM_038310763.1	100.000	21	0	0	1	21	473	453	2.0	39.2
Query_150835	XM_038310762.1	100.000	21	0	0	1	21	502	482	2.0	39.2
Query_150835	XM_037990392.1	100.000	21	0	0	1	21	654	634	2.0	39.2
Query_150835	XM_037990386.1	100.000	21	0	0	1	21	494	474	2.0	39.2
Query_150835	XM_037990381.1	100.000	21	0	0	1	21	334	314	2.0	39.2
Query_150835	XM_007999423.2	100.000	21	0	0	1	21	551	531	2.0	39.2
Query_150835	XM_037990373.1	100.000	21	0	0	1	21	549	529	2.0	39.2
Query_150835	XM_037990369.1	100.000	21	0	0	1	21	638	618	2.0	39.2
Query_150835	XM_037990364.1	100.000	21	0	0	1	21	812	792	2.0	39.2
Query_150835	XM_007999419.2	100.000	21	0	0	1	21	654	634	2.0	39.2
Query_150835	XM_007999418.2	100.000	21	0	0	1	21	732	712	2.0	39.2
Query_150835	XM_037821592.1	100.000	21	0	0	1	21	184	164	2.0	39.2
Query_150835	XM_037830359.1	100.000	21	0	0	1	21	418	398	2.0	39.2
Query_150835	XM_037830358.1	100.000	21	0	0	1	21	429	409	2.0	39.2
Query_150835	XM_037830357.1	100.000	21	0	0	1	21	391	371	2.0	39.2
Query_150835	XM_037830356.1	100.000	21	0	0	1	21	443	423	2.0	39.2
Query_150835	XM_037830355.1	100.000	21	0	0	1	21	462	442	2.0	39.2
Query_150835	XM_017508657.2	100.000	21	0	0	1	21	546	526	2.0	39.2
Query_150835	XM_017508656.2	100.000	21	0	0	1	21	676	656	2.0	39.2
Query_150835	XM_017508655.2	100.000	21	0	0	1	21	450	430	2.0	39.2
Query_150835	XM_017508652.2	100.000	21	0	0	1	21	438	418	2.0	39.2
Query_150835	XM_017508651.2	100.000	21	0	0	1	21	627	607	2.0	39.2
Query_150835	XM_017508650.2	100.000	21	0	0	1	21	746	726	2.0	39.2
Query_150835	XR_001825684.2	100.000	21	0	0	1	21	387	367	2.0	39.2
Query_150835	XM_037207130.1	100.000	21	0	0	1	21	243	223	2.0	39.2
Query_150835	XM_028857385.2	100.000	21	0	0	1	21	459	439	2.0	39.2
Query_150835	XM_028857378.2	100.000	21	0	0	1	21	420	400	2.0	39.2
Query_150835	XM_028857369.2	100.000	21	0	0	1	21	509	489	2.0	39.2
Query_150835	XM_028857360.2	100.000	21	0	0	1	21	461	441	2.0	39.2
Query_150835	XM_037167928.1	100.000	21	0	0	1	21	422	402	2.0	39.2
Query_150835	XM_037031881.1	100.000	21	0	0	1	21	426	406	2.0	39.2
Query_150835	XM_037031880.1	100.000	21	0	0	1	21	337	317	2.0	39.2
Query_150835	XM_037031879.1	100.000	21	0	0	1	21	406	386	2.0	39.2
Query_150835	XM_037031878.1	100.000	21	0	0	1	21	424	404	2.0	39.2
Query_150835	XM_037020229.1	100.000	21	0	0	1	21	228	208	2.0	39.2
Query_150835	XM_037020228.1	100.000	21	0	0	1	21	460	440	2.0	39.2
Query_150835	XM_017654247.2	100.000	21	0	0	1	21	463	443	2.0	39.2
Query_150835	XM_017654245.2	100.000	21	0	0	1	21	454	434	2.0	39.2
Query_150835	XM_017654246.2	100.000	21	0	0	1	21	520	500	2.0	39.2
Query_150835	XM_017654243.2	100.000	21	0	0	1	21	460	440	2.0	39.2
Query_150835	XM_036879212.1	100.000	21	0	0	1	21	185	165	2.0	39.2
Query_150835	XM_036879211.1	100.000	21	0	0	1	21	228	208	2.0	39.2
Query_150835	XM_036879210.1	100.000	21	0	0	1	21	454	434	2.0	39.2
Query_150835	XM_036879209.1	100.000	21	0	0	1	21	336	316	2.0	39.2
Query_150835	XM_036879208.1	100.000	21	0	0	1	21	454	434	2.0	39.2
Query_150835	XM_036879207.1	100.000	21	0	0	1	21	460	440	2.0	39.2
Query_150835	XM_036879206.1	100.000	21	0	0	1	21	454	434	2.0	39.2


