# blastn
# Iteration: 0
# Query: 
# RID: 8YYXRMUB01N
# Database: nt
# Fields: query acc.ver, subject acc.ver, % identity, alignment length, mismatches, gap opens, q. start, q. end, s. start, s. end, evalue, bit score
# 27 hits found
Query_542803	XM_032887114.1	100.000	21	0	0	1	21	544	524	2.1	39.2
Query_542803	XM_032887113.1	100.000	21	0	0	1	21	508	488	2.1	39.2
Query_542803	XM_032887111.1	100.000	21	0	0	1	21	508	488	2.1	39.2
Query_542803	XM_032887110.1	100.000	21	0	0	1	21	508	488	2.1	39.2
Query_542803	XR_005491585.1	100.000	21	0	0	1	21	775	755	2.1	39.2
Query_542803	XM_039089009.1	100.000	21	0	0	1	21	336	316	2.1	39.2
Query_542803	XM_039089008.1	100.000	21	0	0	1	21	473	453	2.1	39.2
Query_542803	XM_039089007.1	100.000	21	0	0	1	21	452	432	2.1	39.2
Query_542803	XM_008769306.3	100.000	21	0	0	1	21	417	397	2.1	39.2
Query_542803	XM_017598236.2	100.000	21	0	0	1	21	775	755	2.1	39.2
Query_542803	XM_006249517.4	100.000	21	0	0	1	21	739	719	2.1	39.2
Query_542803	XM_006249516.4	100.000	21	0	0	1	21	775	755	2.1	39.2
Query_542803	XM_039089005.1	100.000	21	0	0	1	21	775	755	2.1	39.2
Query_542803	XM_017598235.2	100.000	21	0	0	1	21	643	623	2.1	39.2
Query_542803	XM_008769305.3	100.000	21	0	0	1	21	739	719	2.1	39.2
Query_542803	XM_017598234.2	100.000	21	0	0	1	21	775	755	2.1	39.2
Query_542803	XM_006249515.4	100.000	21	0	0	1	21	775	755	2.1	39.2
Query_542803	NM_053656.3	100.000	21	0	0	1	21	466	446	2.1	39.2
Query_542803	AF064549.1	100.000	21	0	0	1	21	503	483	2.1	39.2
Query_542803	AF020759.1	100.000	21	0	0	1	21	428	408	2.1	39.2
Query_542803	AF020758.1	100.000	21	0	0	1	21	587	567	2.1	39.2
Query_542803	AF020757.1	100.000	21	0	0	1	21	493	473	2.1	39.2
Query_542803	AF020756.1	100.000	21	0	0	1	21	447	427	2.1	39.2
Query_542803	Y10475.1	100.000	21	0	0	1	21	502	482	2.1	39.2
Query_542803	Y10474.1	100.000	21	0	0	1	21	448	428	2.1	39.2
Query_542803	Y10473.1	100.000	21	0	0	1	21	466	446	2.1	39.2
Query_542803	U14414.1	100.000	21	0	0	1	21	466	446	2.1	39.2


