# blastn
# Iteration: 0
# Query: 
# RID: 72JK9W27016
# Database: nt
# Fields: query acc.ver, subject acc.ver, % identity, alignment length, mismatches, gap opens, q. start, q. end, s. start, s. end, evalue, bit score
# 100 hits found
Query_65173	XM_035027437.1	100.000	21	0	0	1	21	514	494	2.1	39.2
Query_65173	XM_003828171.2	100.000	21	0	0	1	21	344	324	2.1	39.2
Query_65173	AP023165.1	100.000	21	0	0	1	21	44115158	44115178	2.1	39.2
Query_65173	XM_019800199.2	100.000	21	0	0	1	21	297	277	2.1	39.2
Query_65173	XM_033847962.1	100.000	21	0	0	1	21	331	311	2.1	39.2
Query_65173	XM_004286017.2	100.000	21	0	0	1	21	331	311	2.1	39.2
Query_65173	CP050593.1	100.000	21	0	0	1	21	19169120	19169100	2.1	39.2
Query_65173	CP050635.1	100.000	21	0	0	1	21	19173036	19173016	2.1	39.2
Query_65173	XM_032849084.1	100.000	21	0	0	1	21	380	360	2.1	39.2
Query_65173	XM_032617599.1	100.000	21	0	0	1	21	331	311	2.1	39.2
Query_65173	XM_032457288.1	100.000	21	0	0	1	21	397	377	2.1	39.2
Query_65173	XM_032396643.1	100.000	21	0	0	1	21	300	280	2.1	39.2
Query_65173	XM_032322824.1	100.000	21	0	0	1	21	880	860	2.1	39.2
Query_65173	XM_032279486.1	100.000	21	0	0	1	21	2442	2422	2.1	39.2
Query_65173	XM_003768149.3	100.000	21	0	0	1	21	841	821	2.1	39.2
Query_65173	XM_006217479.2	100.000	21	0	0	1	21	381	361	2.1	39.2
Query_65173	XM_031469764.1	100.000	21	0	0	1	21	400	380	2.1	39.2
Query_65173	XM_031352567.1	100.000	21	0	0	1	21	341	321	2.1	39.2
Query_65173	XM_004041540.3	100.000	21	0	0	1	21	344	324	2.1	39.2
Query_65173	XM_030848975.1	100.000	21	0	0	1	21	318	298	2.1	39.2
Query_65173	XM_030848974.1	100.000	21	0	0	1	21	331	311	2.1	39.2
Query_65173	XM_022565170.2	100.000	21	0	0	1	21	541	521	2.1	39.2
Query_65173	XM_030294706.1	100.000	21	0	0	1	21	297	277	2.1	39.2
Query_65173	XM_029926925.1	100.000	21	0	0	1	21	328	308	2.1	39.2
Query_65173	XM_008838138.2	100.000	21	0	0	1	21	300	280	2.1	39.2
Query_65173	XM_021177535.2	100.000	21	0	0	1	21	530	510	2.1	39.2
Query_65173	XM_029212625.1	100.000	21	0	0	1	21	331	311	2.1	39.2
Query_65173	AY358627.2	100.000	21	0	0	1	21	333	313	2.1	39.2
Query_65173	XM_028780721.1	100.000	21	0	0	1	21	341	321	2.1	39.2
Query_65173	XM_028408038.1	100.000	21	0	0	1	21	441	421	2.1	39.2
Query_65173	LR131978.1	100.000	21	0	0	1	21	14430049	14430029	2.1	39.2
Query_65173	NM_025237.3	100.000	21	0	0	1	21	350	330	2.1	39.2
Query_65173	XM_027098941.1	100.000	21	0	0	1	21	364	344	2.1	39.2
Query_65173	XM_027098940.1	100.000	21	0	0	1	21	352	332	2.1	39.2
Query_65173	XM_027048934.1	100.000	21	0	0	1	21	2878	2858	2.1	39.2
Query_65173	XM_026512270.1	100.000	21	0	0	1	21	300	280	2.1	39.2
Query_65173	XM_026412429.1	100.000	21	0	0	1	21	313	293	2.1	39.2
Query_65173	XM_008149295.2	100.000	21	0	0	1	21	479	459	2.1	39.2
Query_65173	XM_028092719.1	100.000	21	0	0	1	21	300	280	2.1	39.2
Query_65173	XM_015098809.2	100.000	21	0	0	1	21	407	387	2.1	39.2
Query_65173	XM_027870326.1	100.000	21	0	0	1	21	300	280	2.1	39.2
Query_65173	XM_006167396.2	100.000	21	0	0	1	21	342	322	2.1	39.2
Query_65173	CP034495.1	100.000	21	0	0	1	21	41833052	41833072	2.1	39.2
Query_65173	XM_027517099.1	100.000	21	0	0	1	21	1211	1191	2.1	39.2
Query_65173	XM_025986939.1	100.000	21	0	0	1	21	454	434	2.1	39.2
Query_65173	XM_025917641.1	100.000	21	0	0	1	21	297	277	2.1	39.2
Query_65173	XM_025861720.1	100.000	21	0	0	1	21	300	280	2.1	39.2
Query_65173	XM_006046841.2	100.000	21	0	0	1	21	1129	1109	2.1	39.2
Query_65173	NM_001166514.2	100.000	21	0	0	1	21	338	318	2.1	39.2
Query_65173	XM_024761226.1	100.000	21	0	0	1	21	297	277	2.1	39.2
Query_65173	XM_001153653.5	100.000	21	0	0	1	21	447	427	2.1	39.2
Query_65173	CP027087.1	100.000	21	0	0	1	21	43504710	43504730	2.1	39.2
Query_65173	XM_006092295.3	100.000	21	0	0	1	21	346	326	2.1	39.2
Query_65173	XM_001917501.5	100.000	21	0	0	1	21	2584	2564	2.1	39.2
Query_65173	XM_004468011.2	100.000	21	0	0	1	21	308	288	2.1	39.2
Query_65173	XM_003786295.3	100.000	21	0	0	1	21	300	280	2.1	39.2
Query_65173	XM_011289261.3	100.000	21	0	0	1	21	3271	3251	2.1	39.2
Query_65173	XM_022519797.1	100.000	21	0	0	1	21	300	280	2.1	39.2
Query_65173	XM_021712656.1	100.000	21	0	0	1	21	316	296	2.1	39.2
Query_65173	XM_021681649.1	100.000	21	0	0	1	21	300	280	2.1	39.2
Query_65173	XM_021642724.1	100.000	21	0	0	1	21	300	280	2.1	39.2
Query_65173	XM_004859825.2	100.000	21	0	0	1	21	327	307	2.1	39.2
Query_65173	XM_021213746.1	100.000	21	0	0	1	21	322	302	2.1	39.2
Query_65173	XM_003131361.3	100.000	21	0	0	1	21	666	646	2.1	39.2
Query_65173	XM_020972735.1	100.000	21	0	0	1	21	337	317	2.1	39.2
Query_65173	XM_020888973.1	100.000	21	0	0	1	21	297	277	2.1	39.2
Query_65173	LT735545.1	100.000	21	0	0	1	21	787	767	2.1	39.2
Query_65173	XM_019981332.1	100.000	21	0	0	1	21	1128	1108	2.1	39.2
Query_65173	XM_019434924.1	100.000	21	0	0	1	21	2875	2855	2.1	39.2
Query_65173	XM_018065180.1	100.000	21	0	0	1	21	328	308	2.1	39.2
Query_65173	CP015530.1	100.000	21	0	0	1	21	207179	207159	2.1	39.2
Query_65173	XM_002719425.3	100.000	21	0	0	1	21	532	512	2.1	39.2
Query_65173	XM_006776900.2	100.000	21	0	0	1	21	328	308	2.1	39.2
Query_65173	XM_014849316.1	100.000	21	0	0	1	21	900	880	2.1	39.2
Query_65173	XM_004432532.2	100.000	21	0	0	1	21	859	839	2.1	39.2
Query_65173	XM_005394641.2	100.000	21	0	0	1	21	323	303	2.1	39.2
Query_65173	XM_040497706.1	100.000	21	0	0	1	21	2844	2824	2.1	39.2
Query_65173	XM_005328089.3	100.000	21	0	0	1	21	396	376	2.1	39.2
Query_65173	XM_040245214.1	100.000	21	0	0	1	21	487	467	2.1	39.2
Query_65173	HG994394.1	100.000	21	0	0	1	21	41713897	41713917	2.1	39.2
Query_65173	XM_003943647.2	100.000	21	0	0	1	21	344	324	2.1	39.2
Query_65173	XM_039220888.1	100.000	21	0	0	1	21	352	332	2.1	39.2
Query_65173	CP068261.1	100.000	21	0	0	1	21	44608533	44608553	2.1	39.2
Query_65173	XM_038675186.1	100.000	21	0	0	1	21	496	476	2.1	39.2
Query_65173	XM_548071.7	100.000	21	0	0	1	21	496	476	2.1	39.2
Query_65173	XM_037810786.1	100.000	21	0	0	1	21	332	312	2.1	39.2
Query_65173	XM_017516182.2	100.000	21	0	0	1	21	2136	2116	2.1	39.2
Query_65173	XM_017645453.2	100.000	21	0	0	1	21	6949	6929	2.1	39.2
Query_65173	XM_036837604.1	100.000	21	0	0	1	21	331	311	2.1	39.2
Query_65173	XM_036451266.1	100.000	21	0	0	1	21	372	352	2.1	39.2
Query_65173	XM_036341020.1	100.000	21	0	0	1	21	331	311	2.1	39.2
Query_65173	XM_036269676.1	100.000	21	0	0	1	21	316	296	2.1	39.2
Query_65173	AP023477.1	100.000	21	0	0	1	21	41451723	41451743	2.1	39.2
Query_65173	XM_006534376.4	100.000	21	0	0	1	21	216	196	2.1	39.2
Query_65173	XM_036071304.1	100.000	21	0	0	1	21	511	491	2.1	39.2
Query_65173	LR877227.1	100.000	21	0	0	1	21	28347884	28347904	2.1	39.2
Query_65173	XM_025440522.2	100.000	21	0	0	1	21	496	476	2.1	39.2
Query_65173	XM_027567789.2	100.000	21	0	0	1	21	308	288	2.1	39.2
Query_65173	LR862372.1	100.000	21	0	0	1	21	34624638	34624658	2.1	39.2
Query_65173	XM_035303470.1	100.000	21	0	0	1	21	380	360	2.1	39.2


