# blastn
# Iteration: 0
# Query: 
# RID: 6S6VYB1S013
# Database: nt
# Fields: query acc.ver, subject acc.ver, % identity, alignment length, mismatches, gap opens, q. start, q. end, s. start, s. end, evalue, bit score
# 100 hits found
Query_467639	XM_034966245.1	100.000	21	0	0	1	21	490	470	2.1	39.2
Query_467639	XM_003831319.3	100.000	21	0	0	1	21	498	478	2.1	39.2
Query_467639	XM_008956682.2	100.000	21	0	0	1	21	497	477	2.1	39.2
Query_467639	XM_034966244.1	100.000	21	0	0	1	21	825	805	2.1	39.2
Query_467639	XM_034490141.1	100.000	21	0	0	1	21	361	341	2.1	39.2
Query_467639	XM_034490140.1	100.000	21	0	0	1	21	498	478	2.1	39.2
Query_467639	XM_033202826.1	100.000	21	0	0	1	21	491	471	2.1	39.2
Query_467639	XM_033202825.1	100.000	21	0	0	1	21	498	478	2.1	39.2
Query_467639	XM_032906171.1	100.000	21	0	0	1	21	492	472	2.1	39.2
Query_467639	XM_032759861.1	100.000	21	0	0	1	21	490	470	2.1	39.2
Query_467639	XM_032759860.1	100.000	21	0	0	1	21	912	892	2.1	39.2
Query_467639	XM_032759859.1	100.000	21	0	0	1	21	497	477	2.1	39.2
Query_467639	XM_032759858.1	100.000	21	0	0	1	21	492	472	2.1	39.2
Query_467639	XM_032251194.1	100.000	21	0	0	1	21	423	403	2.1	39.2
Query_467639	XM_032251185.1	100.000	21	0	0	1	21	934	914	2.1	39.2
Query_467639	XM_032251177.1	100.000	21	0	0	1	21	512	492	2.1	39.2
Query_467639	XM_032251171.1	100.000	21	0	0	1	21	491	471	2.1	39.2
Query_467639	XM_023184108.3	100.000	21	0	0	1	21	490	470	2.1	39.2
Query_467639	XM_023184110.3	100.000	21	0	0	1	21	498	478	2.1	39.2
Query_467639	XM_023184109.3	100.000	21	0	0	1	21	497	477	2.1	39.2
Query_467639	XR_004185853.1	100.000	21	0	0	1	21	360	340	2.1	39.2
Query_467639	XR_004185852.1	100.000	21	0	0	1	21	426	406	2.1	39.2
Query_467639	XM_021942444.2	100.000	21	0	0	1	21	2298	2278	2.1	39.2
Query_467639	XM_003902869.5	100.000	21	0	0	1	21	512	492	2.1	39.2
Query_467639	XM_031669636.1	100.000	21	0	0	1	21	651	631	2.1	39.2
Query_467639	XM_031669635.1	100.000	21	0	0	1	21	2302	2282	2.1	39.2
Query_467639	XM_003902870.5	100.000	21	0	0	1	21	545	525	2.1	39.2
Query_467639	XM_031669634.1	100.000	21	0	0	1	21	513	493	2.1	39.2
Query_467639	XM_031669633.1	100.000	21	0	0	1	21	645	625	2.1	39.2
Query_467639	XM_031366942.1	100.000	21	0	0	1	21	560	540	2.1	39.2
Query_467639	XM_031366941.1	100.000	21	0	0	1	21	486	466	2.1	39.2
Query_467639	XM_031013634.1	100.000	21	0	0	1	21	491	471	2.1	39.2
Query_467639	XM_019032745.2	100.000	21	0	0	1	21	490	470	2.1	39.2
Query_467639	XM_030937280.1	100.000	21	0	0	1	21	490	470	2.1	39.2
Query_467639	XM_010365989.2	100.000	21	0	0	1	21	498	478	2.1	39.2
Query_467639	XM_010365988.2	100.000	21	0	0	1	21	491	471	2.1	39.2
Query_467639	XM_003269433.4	100.000	21	0	0	1	21	490	470	2.1	39.2
Query_467639	XM_030795229.1	100.000	21	0	0	1	21	761	741	2.1	39.2
Query_467639	XM_003269432.4	100.000	21	0	0	1	21	497	477	2.1	39.2
Query_467639	NR_073119.3	100.000	21	0	0	1	21	347	327	2.1	39.2
Query_467639	NR_073120.3	100.000	21	0	0	1	21	347	327	2.1	39.2
Query_467639	NR_073121.3	100.000	21	0	0	1	21	347	327	2.1	39.2
Query_467639	XM_017802152.2	100.000	21	0	0	1	21	422	402	2.1	39.2
Query_467639	XM_008848895.2	100.000	21	0	0	1	21	499	479	2.1	39.2
Query_467639	XM_029533337.1	100.000	21	0	0	1	21	361	341	2.1	39.2
Query_467639	XM_021222203.2	100.000	21	0	0	1	21	491	471	2.1	39.2
Query_467639	XM_021172026.2	100.000	21	0	0	1	21	515	495	2.1	39.2
Query_467639	XM_029476454.1	100.000	21	0	0	1	21	470	450	2.1	39.2
Query_467639	XM_021172018.2	100.000	21	0	0	1	21	450	430	2.1	39.2
Query_467639	XR_003836462.1	100.000	21	0	0	1	21	539	519	2.1	39.2
Query_467639	XM_029476448.1	100.000	21	0	0	1	21	529	509	2.1	39.2
Query_467639	XM_021172012.2	100.000	21	0	0	1	21	521	501	2.1	39.2
Query_467639	XM_029476444.1	100.000	21	0	0	1	21	600	580	2.1	39.2
Query_467639	XM_029476443.1	100.000	21	0	0	1	21	609	589	2.1	39.2
Query_467639	NM_001001481.4	100.000	21	0	0	1	21	483	463	2.1	39.2
Query_467639	NM_001271015.3	100.000	21	0	0	1	21	450	430	2.1	39.2
Query_467639	NM_018299.6	100.000	21	0	0	1	21	450	430	2.1	39.2
Query_467639	XM_015145507.2	100.000	21	0	0	1	21	627	607	2.1	39.2
Query_467639	XM_015145506.2	100.000	21	0	0	1	21	512	492	2.1	39.2
Query_467639	XM_028768744.1	100.000	21	0	0	1	21	444	424	2.1	39.2
Query_467639	XM_028768736.1	100.000	21	0	0	1	21	355	335	2.1	39.2
Query_467639	XM_028768726.1	100.000	21	0	0	1	21	355	335	2.1	39.2
Query_467639	XM_028768719.1	100.000	21	0	0	1	21	444	424	2.1	39.2
Query_467639	XM_028768710.1	100.000	21	0	0	1	21	444	424	2.1	39.2
Query_467639	XM_013351886.2	100.000	21	0	0	1	21	357	337	2.1	39.2
Query_467639	XM_005361868.2	100.000	21	0	0	1	21	444	424	2.1	39.2
Query_467639	XM_013351884.2	100.000	21	0	0	1	21	443	423	2.1	39.2
Query_467639	XM_026397310.1	100.000	21	0	0	1	21	498	478	2.1	39.2
Query_467639	XM_027949609.1	100.000	21	0	0	1	21	472	452	2.1	39.2
Query_467639	XM_027949600.1	100.000	21	0	0	1	21	498	478	2.1	39.2
Query_467639	NR_073122.2	100.000	21	0	0	1	21	347	327	2.1	39.2
Query_467639	NM_025773.4	100.000	21	0	0	1	21	450	430	2.1	39.2
Query_467639	NM_001271016.2	100.000	21	0	0	1	21	371	351	2.1	39.2
Query_467639	NM_001271017.2	100.000	21	0	0	1	21	371	351	2.1	39.2
Query_467639	XM_040293935.1	100.000	21	0	0	1	21	476	456	2.1	39.2
Query_467639	XM_005335831.3	100.000	21	0	0	1	21	504	484	2.1	39.2
Query_467639	XM_003940686.2	100.000	21	0	0	1	21	498	478	2.1	39.2
Query_467639	XM_039100160.1	100.000	21	0	0	1	21	739	719	2.1	39.2
Query_467639	XM_039110904.1	100.000	21	0	0	1	21	534	514	2.1	39.2
Query_467639	XM_039110903.1	100.000	21	0	0	1	21	471	451	2.1	39.2
Query_467639	XM_038347775.1	100.000	21	0	0	1	21	450	430	2.1	39.2
Query_467639	XM_008000897.2	100.000	21	0	0	1	21	545	525	2.1	39.2
Query_467639	XM_038000381.1	100.000	21	0	0	1	21	596	576	2.1	39.2
Query_467639	XM_008000899.2	100.000	21	0	0	1	21	518	498	2.1	39.2
Query_467639	XM_037735437.1	100.000	21	0	0	1	21	451	431	2.1	39.2
Query_467639	XM_017520170.2	100.000	21	0	0	1	21	491	471	2.1	39.2
Query_467639	XM_017520171.2	100.000	21	0	0	1	21	498	478	2.1	39.2
Query_467639	XM_037206429.1	100.000	21	0	0	1	21	503	483	2.1	39.2
Query_467639	XM_028864631.2	100.000	21	0	0	1	21	502	482	2.1	39.2
Query_467639	XM_004588053.3	100.000	21	0	0	1	21	500	480	2.1	39.2
Query_467639	XM_004588052.3	100.000	21	0	0	1	21	375	355	2.1	39.2
Query_467639	XM_036178961.1	100.000	21	0	0	1	21	475	455	2.1	39.2
Query_467639	LR877218.1	100.000	21	0	0	1	21	7255590	7255610	2.1	39.2
Query_467639	XM_008982789.4	100.000	21	0	0	1	21	573	553	2.1	39.2
Query_467639	XR_004735403.1	100.000	21	0	0	1	21	725	705	2.1	39.2
Query_467639	XM_035277257.1	100.000	21	0	0	1	21	399	379	2.1	39.2
Query_467639	XM_035277256.1	100.000	21	0	0	1	21	483	463	2.1	39.2
Query_467639	XM_008982790.3	100.000	21	0	0	1	21	658	638	2.1	39.2
Query_467639	XM_002759002.5	100.000	21	0	0	1	21	517	497	2.1	39.2
Query_467639	XM_002759003.5	100.000	21	0	0	1	21	545	525	2.1	39.2


