# blastn
# Iteration: 0
# Query: 
# RID: 7J6NN16701R
# Database: nt
# Fields: query acc.ver, subject acc.ver, % identity, alignment length, mismatches, gap opens, q. start, q. end, s. start, s. end, evalue, bit score
# 100 hits found
Query_68545	XM_034986442.1	100.000	21	0	0	1	21	516	496	2.1	39.2
Query_68545	XM_034945734.1	100.000	21	0	0	1	21	439	419	2.1	39.2
Query_68545	XM_011234637.3	100.000	21	0	0	1	21	167	147	2.1	39.2
Query_68545	XM_033844831.1	100.000	21	0	0	1	21	728	708	2.1	39.2
Query_68545	XM_004283250.2	100.000	21	0	0	1	21	728	708	2.1	39.2
Query_68545	XM_033224775.1	100.000	21	0	0	1	21	784	764	2.1	39.2
Query_68545	XM_033127806.1	100.000	21	0	0	1	21	719	699	2.1	39.2
Query_68545	XM_032847714.1	100.000	21	0	0	1	21	262	242	2.1	39.2
Query_68545	XM_032614966.1	100.000	21	0	0	1	21	728	708	2.1	39.2
Query_68545	XM_032388640.1	100.000	21	0	0	1	21	857	837	2.1	39.2
Query_68545	XM_032324808.1	100.000	21	0	0	1	21	668	648	2.1	39.2
Query_68545	XM_032263313.1	100.000	21	0	0	1	21	773	753	2.1	39.2
Query_68545	XM_032171460.1	100.000	21	0	0	1	21	499	479	2.1	39.2
Query_68545	XM_023197562.3	100.000	21	0	0	1	21	780	760	2.1	39.2
Query_68545	NM_001194143.2	100.000	21	0	0	1	21	862	842	2.1	39.2
Query_68545	XM_031659367.1	100.000	21	0	0	1	21	853	833	2.1	39.2
Query_68545	XM_006747778.2	100.000	21	0	0	1	21	757	737	2.1	39.2
Query_68545	XM_004061618.3	100.000	21	0	0	1	21	791	771	2.1	39.2
Query_68545	XR_002003000.2	100.000	21	0	0	1	21	375	355	2.1	39.2
Query_68545	XM_010361181.2	100.000	21	0	0	1	21	758	738	2.1	39.2
Query_68545	XM_030848376.1	100.000	21	0	0	1	21	728	708	2.1	39.2
Query_68545	XM_030819428.1	100.000	21	0	0	1	21	1087	1067	2.1	39.2
Query_68545	XM_022564888.2	100.000	21	0	0	1	21	749	729	2.1	39.2
Query_68545	XM_029926448.1	100.000	21	0	0	1	21	252	232	2.1	39.2
Query_68545	XM_008822792.3	100.000	21	0	0	1	21	291	271	2.1	39.2
Query_68545	XM_029240889.1	100.000	21	0	0	1	21	791	771	2.1	39.2
Query_68545	NM_003969.4	100.000	21	0	0	1	21	442	422	2.1	39.2
Query_68545	AC279043.1	100.000	21	0	0	1	21	33436	33456	2.1	39.2
Query_68545	AC279022.1	100.000	21	0	0	1	21	49914	49934	2.1	39.2
Query_68545	XM_027097413.1	100.000	21	0	0	1	21	791	771	2.1	39.2
Query_68545	XM_013351477.2	100.000	21	0	0	1	21	411	391	2.1	39.2
Query_68545	XM_026489448.1	100.000	21	0	0	1	21	269	249	2.1	39.2
Query_68545	XM_026379772.1	100.000	21	0	0	1	21	794	774	2.1	39.2
Query_68545	XM_008161091.2	100.000	21	0	0	1	21	251	231	2.1	39.2
Query_68545	XM_028138389.1	100.000	21	0	0	1	21	251	231	2.1	39.2
Query_68545	XM_028093366.1	100.000	21	0	0	1	21	471	451	2.1	39.2
Query_68545	XM_027978947.1	100.000	21	0	0	1	21	261	241	2.1	39.2
Query_68545	XM_027978946.1	100.000	21	0	0	1	21	296	276	2.1	39.2
Query_68545	XM_027978945.1	100.000	21	0	0	1	21	261	241	2.1	39.2
Query_68545	XM_027921197.1	100.000	21	0	0	1	21	805	785	2.1	39.2
Query_68545	CP034494.1	100.000	21	0	0	1	21	34344402	34344422	2.1	39.2
Query_68545	XM_027619724.1	100.000	21	0	0	1	21	471	451	2.1	39.2
Query_68545	XM_027514594.1	100.000	21	0	0	1	21	775	755	2.1	39.2
Query_68545	XM_025984385.1	100.000	21	0	0	1	21	216	196	2.1	39.2
Query_68545	XM_025849383.1	100.000	21	0	0	1	21	471	451	2.1	39.2
Query_68545	XM_025848705.1	100.000	21	0	0	1	21	471	451	2.1	39.2
Query_68545	XM_025367066.1	100.000	21	0	0	1	21	1054	1034	2.1	39.2
Query_68545	XM_025367065.1	100.000	21	0	0	1	21	1054	1034	2.1	39.2
Query_68545	XM_025270420.1	100.000	21	0	0	1	21	316	296	2.1	39.2
Query_68545	XM_006067295.2	100.000	21	0	0	1	21	298	278	2.1	39.2
Query_68545	XM_015458446.2	100.000	21	0	0	1	21	775	755	2.1	39.2
Query_68545	XM_011751675.2	100.000	21	0	0	1	21	863	843	2.1	39.2
Query_68545	XM_024740917.1	100.000	21	0	0	1	21	212	192	2.1	39.2
Query_68545	XM_024570231.1	100.000	21	0	0	1	21	257	237	2.1	39.2
Query_68545	XM_016937020.2	100.000	21	0	0	1	21	897	877	2.1	39.2
Query_68545	XR_024683.6	100.000	21	0	0	1	21	401	381	2.1	39.2
Query_68545	XM_024237018.1	100.000	21	0	0	1	21	807	787	2.1	39.2
Query_68545	XM_006103382.3	100.000	21	0	0	1	21	398	378	2.1	39.2
Query_68545	XM_001495644.6	100.000	21	0	0	1	21	789	769	2.1	39.2
Query_68545	XM_022492304.1	100.000	21	0	0	1	21	471	451	2.1	39.2
Query_68545	XM_022492267.1	100.000	21	0	0	1	21	310	290	2.1	39.2
Query_68545	XM_012473155.2	100.000	21	0	0	1	21	822	802	2.1	39.2
Query_68545	XM_021691852.1	100.000	21	0	0	1	21	815	795	2.1	39.2
Query_68545	XM_021691850.1	100.000	21	0	0	1	21	814	794	2.1	39.2
Query_68545	XM_021659849.1	100.000	21	0	0	1	21	463	443	2.1	39.2
Query_68545	XM_021246106.1	100.000	21	0	0	1	21	227	207	2.1	39.2
Query_68545	XM_004866522.3	100.000	21	0	0	1	21	800	780	2.1	39.2
Query_68545	XM_021097419.1	100.000	21	0	0	1	21	648	628	2.1	39.2
Query_68545	XM_012752406.2	100.000	21	0	0	1	21	840	820	2.1	39.2
Query_68545	LT735850.1	100.000	21	0	0	1	21	699	679	2.1	39.2
Query_68545	XM_040290859.1	100.000	21	0	0	1	21	235	215	2.1	39.2
Query_68545	XM_040251831.1	100.000	21	0	0	1	21	294	274	2.1	39.2
Query_68545	XM_040251830.1	100.000	21	0	0	1	21	733	713	2.1	39.2
Query_68545	XM_040251829.1	100.000	21	0	0	1	21	733	713	2.1	39.2
Query_68545	XM_039466383.1	100.000	21	0	0	1	21	1049	1029	2.1	39.2
Query_68545	XM_039225255.1	100.000	21	0	0	1	21	762	742	2.1	39.2
Query_68545	CP068262.1	100.000	21	0	0	1	21	38958931	38958911	2.1	39.2
Query_68545	XM_038655543.1	100.000	21	0	0	1	21	757	737	2.1	39.2
Query_68545	XM_541337.6	100.000	21	0	0	1	21	757	737	2.1	39.2
Query_68545	XM_038338840.1	100.000	21	0	0	1	21	776	756	2.1	39.2
Query_68545	XM_007998466.2	100.000	21	0	0	1	21	966	946	2.1	39.2
Query_68545	XM_017509655.2	100.000	21	0	0	1	21	704	684	2.1	39.2
Query_68545	XM_037517301.1	100.000	21	0	0	1	21	314	294	2.1	39.2
Query_68545	XM_028884903.2	100.000	21	0	0	1	21	461	441	2.1	39.2
Query_68545	XM_037148485.1	100.000	21	0	0	1	21	390	370	2.1	39.2
Query_68545	XM_037047667.1	100.000	21	0	0	1	21	308	288	2.1	39.2
Query_68545	XM_017678136.2	100.000	21	0	0	1	21	258	238	2.1	39.2
Query_68545	XM_036901378.1	100.000	21	0	0	1	21	1252	1232	2.1	39.2
Query_68545	XM_036833162.1	100.000	21	0	0	1	21	731	711	2.1	39.2
Query_68545	XM_036426083.1	100.000	21	0	0	1	21	420	400	2.1	39.2
Query_68545	XM_036273895.1	100.000	21	0	0	1	21	420	400	2.1	39.2
Query_68545	AP023487.1	100.000	21	0	0	1	21	318985	319005	2.1	39.2
Query_68545	XM_036168406.1	100.000	21	0	0	1	21	486	466	2.1	39.2
Query_68545	XM_036079788.1	100.000	21	0	0	1	21	471	451	2.1	39.2
Query_68545	XM_028530497.2	100.000	21	0	0	1	21	354	334	2.1	39.2
Query_68545	XM_025421358.2	100.000	21	0	0	1	21	285	265	2.1	39.2
Query_68545	AC280253.1	100.000	21	0	0	1	21	158117	158137	2.1	39.2
Query_68545	XM_035449239.1	100.000	21	0	0	1	21	149	129	2.1	39.2
Query_68545	XM_027431227.2	100.000	21	0	0	1	21	275	255	2.1	39.2
Query_68545	XM_017967523.2	100.000	21	0	0	1	21	1045	1025	2.1	39.2


