# blastn
# Iteration: 0
# Query: 
# RID: 7PZXN1FS01R
# Database: nt
# Fields: query acc.ver, subject acc.ver, % identity, alignment length, mismatches, gap opens, q. start, q. end, s. start, s. end, evalue, bit score
# 32 hits found
Query_313219	XM_008951835.2	100.000	21	0	0	1	21	853	833	2.1	39.2
Query_313219	XM_003826427.2	100.000	21	0	0	1	21	500	480	2.1	39.2
Query_313219	XM_032152921.1	100.000	21	0	0	1	21	863	843	2.1	39.2
Query_313219	XM_032152920.1	100.000	21	0	0	1	21	629	609	2.1	39.2
Query_313219	XM_003275313.3	100.000	21	0	0	1	21	629	609	2.1	39.2
Query_313219	NM_004223.5	100.000	21	0	0	1	21	464	444	2.1	39.2
Query_313219	XM_521987.5	100.000	21	0	0	1	21	499	479	2.1	39.2
Query_313219	XM_009246347.2	100.000	21	0	0	1	21	317	297	2.1	39.2
Query_313219	XM_009246345.2	100.000	21	0	0	1	21	858	838	2.1	39.2
Query_313219	XM_003777762.3	100.000	21	0	0	1	21	501	481	2.1	39.2
Query_313219	XM_009246344.2	100.000	21	0	0	1	21	665	645	2.1	39.2
Query_313219	LT736766.1	100.000	21	0	0	1	21	890	870	2.1	39.2
Query_313219	XM_004051168.2	100.000	21	0	0	1	21	860	840	2.1	39.2
Query_313219	XM_004051167.2	100.000	21	0	0	1	21	493	473	2.1	39.2
Query_313219	XM_003317981.4	100.000	21	0	0	1	21	856	836	2.1	39.2
Query_313219	XM_003275314.3	100.000	21	0	0	1	21	857	837	2.1	39.2
Query_313219	KJ892727.1	100.000	21	0	0	1	21	468	448	2.1	39.2
Query_313219	NM_198183.3	100.000	21	0	0	1	21	463	443	2.1	39.2
Query_313219	CU689397.1	100.000	21	0	0	1	21	75	95	2.1	39.2
Query_313219	AK315755.1	100.000	21	0	0	1	21	418	398	2.1	39.2
Query_313219	DQ894475.2	100.000	21	0	0	1	21	425	405	2.1	39.2
Query_313219	DQ891291.2	100.000	21	0	0	1	21	425	405	2.1	39.2
Query_313219	AK226165.1	100.000	21	0	0	1	21	553	533	2.1	39.2
Query_313219	AK093462.1	100.000	21	0	0	1	21	812	792	2.1	39.2
Query_313219	CR457126.1	100.000	21	0	0	1	21	403	383	2.1	39.2
Query_313219	AK129621.1	100.000	21	0	0	1	21	370	350	2.1	39.2
Query_313219	BC032491.1	100.000	21	0	0	1	21	499	479	2.1	39.2
Query_313219	AP002893.3	100.000	21	0	0	1	21	122914	122934	2.1	39.2
Query_313219	AJ243271.1	100.000	21	0	0	1	21	93	73	2.1	39.2
Query_313219	AF061736.1	100.000	21	0	0	1	21	450	430	2.1	39.2
Query_313219	AF031141.1	100.000	21	0	0	1	21	400	380	2.1	39.2
Query_313219	CP037755.1	100.000	20	0	0	2	21	897957	897938	7.3	37.4


