# blastn
# Iteration: 0
# Query: 
# RID: 7REVMBGE013
# Database: nt
# Fields: query acc.ver, subject acc.ver, % identity, alignment length, mismatches, gap opens, q. start, q. end, s. start, s. end, evalue, bit score
# 100 hits found
Query_39163	XM_035017486.1	100.000	21	0	0	1	21	203	183	2.1	39.2
Query_39163	XM_003816807.3	100.000	21	0	0	1	21	230	210	2.1	39.2
Query_39163	XM_034934228.1	100.000	21	0	0	1	21	344	324	2.1	39.2
Query_39163	XM_033852661.1	100.000	21	0	0	1	21	239	219	2.1	39.2
Query_39163	XM_019952685.2	100.000	21	0	0	1	21	314	294	2.1	39.2
Query_39163	XM_004269543.2	100.000	21	0	0	1	21	314	294	2.1	39.2
Query_39163	CP050591.1	100.000	21	0	0	1	21	41951533	41951553	2.1	39.2
Query_39163	CP050572.1	100.000	21	0	0	1	21	19010098	19010078	2.1	39.2
Query_39163	CP050569.1	100.000	21	0	0	1	21	33719593	33719613	2.1	39.2
Query_39163	CP050625.1	100.000	21	0	0	1	21	19007711	19007691	2.1	39.2
Query_39163	CP050620.1	100.000	21	0	0	1	21	33724765	33724785	2.1	39.2
Query_39163	CP050611.1	100.000	21	0	0	1	21	41952850	41952870	2.1	39.2
Query_39163	XM_033221080.1	100.000	21	0	0	1	21	565	545	2.1	39.2
Query_39163	XM_033219776.1	100.000	21	0	0	1	21	254	234	2.1	39.2
Query_39163	XM_032865168.1	100.000	21	0	0	1	21	212	192	2.1	39.2
Query_39163	XM_032646382.1	100.000	21	0	0	1	21	310	290	2.1	39.2
Query_39163	XM_032613568.1	100.000	21	0	0	1	21	230	210	2.1	39.2
Query_39163	XM_006195836.3	100.000	21	0	0	1	21	285	265	2.1	39.2
Query_39163	XM_032493634.1	100.000	21	0	0	1	21	407	387	2.1	39.2
Query_39163	XM_032310623.1	100.000	21	0	0	1	21	254	234	2.1	39.2
Query_39163	XM_032266981.1	100.000	21	0	0	1	21	208	188	2.1	39.2
Query_39163	XM_032247205.1	100.000	21	0	0	1	21	235	215	2.1	39.2
Query_39163	XM_032239288.1	100.000	21	0	0	1	21	238	218	2.1	39.2
Query_39163	XM_032281132.1	100.000	21	0	0	1	21	287	267	2.1	39.2
Query_39163	XM_032297803.1	100.000	21	0	0	1	21	279	259	2.1	39.2
Query_39163	XM_032297792.1	100.000	21	0	0	1	21	562	542	2.1	39.2
Query_39163	XM_032279900.1	100.000	21	0	0	1	21	262	242	2.1	39.2
Query_39163	XM_032140999.1	100.000	21	0	0	1	21	228	208	2.1	39.2
Query_39163	XM_032170900.1	100.000	21	0	0	1	21	580	560	2.1	39.2
Query_39163	LR738415.1	100.000	21	0	0	1	21	71644043	71644023	2.1	39.2
Query_39163	XM_023210243.2	100.000	21	0	0	1	21	239	219	2.1	39.2
Query_39163	XM_026449654.2	100.000	21	0	0	1	21	268	248	2.1	39.2
Query_39163	XM_006220337.3	100.000	21	0	0	1	21	287	267	2.1	39.2
Query_39163	XM_031683267.1	100.000	21	0	0	1	21	353	333	2.1	39.2
Query_39163	XM_003906952.4	100.000	21	0	0	1	21	565	545	2.1	39.2
Query_39163	XM_017960125.3	100.000	21	0	0	1	21	243	223	2.1	39.2
Query_39163	XM_031663982.1	100.000	21	0	0	1	21	203	183	2.1	39.2
Query_39163	XM_021932049.2	100.000	21	0	0	1	21	1181	1161	2.1	39.2
Query_39163	XM_021932378.2	100.000	21	0	0	1	21	246	226	2.1	39.2
Query_39163	XM_010989943.2	100.000	21	0	0	1	21	287	267	2.1	39.2
Query_39163	XM_031463030.1	100.000	21	0	0	1	21	209	189	2.1	39.2
Query_39163	XM_031463029.1	100.000	21	0	0	1	21	373	353	2.1	39.2
Query_39163	XM_031016537.1	100.000	21	0	0	1	21	581	561	2.1	39.2
Query_39163	XM_010386804.2	100.000	21	0	0	1	21	236	216	2.1	39.2
Query_39163	XM_010367358.2	100.000	21	0	0	1	21	203	183	2.1	39.2
Query_39163	XM_030925392.1	100.000	21	0	0	1	21	208	188	2.1	39.2
Query_39163	XM_030924654.1	100.000	21	0	0	1	21	203	183	2.1	39.2
Query_39163	XM_010383933.2	100.000	21	0	0	1	21	570	550	2.1	39.2
Query_39163	XM_030856397.1	100.000	21	0	0	1	21	315	295	2.1	39.2
Query_39163	XM_003259664.3	100.000	21	0	0	1	21	583	563	2.1	39.2
Query_39163	XM_022552404.2	100.000	21	0	0	1	21	290	270	2.1	39.2
Query_39163	XM_022576165.2	100.000	21	0	0	1	21	273	253	2.1	39.2
Query_39163	XM_029206082.1	100.000	21	0	0	1	21	295	275	2.1	39.2
Query_39163	XM_029238678.1	100.000	21	0	0	1	21	203	183	2.1	39.2
Query_39163	XM_029239115.1	100.000	21	0	0	1	21	230	210	2.1	39.2
Query_39163	XM_015140068.2	100.000	21	0	0	1	21	235	215	2.1	39.2
Query_39163	XM_028840740.1	100.000	21	0	0	1	21	219	199	2.1	39.2
Query_39163	XM_028829000.1	100.000	21	0	0	1	21	565	545	2.1	39.2
Query_39163	XM_028490437.1	100.000	21	0	0	1	21	242	222	2.1	39.2
Query_39163	XM_040234415.1	100.000	21	0	0	1	21	362	342	2.1	39.2
Query_39163	HG994395.1	100.000	21	0	0	1	21	35168710	35168730	2.1	39.2
Query_39163	HG994393.1	100.000	21	0	0	1	21	43965453	43965473	2.1	39.2
Query_39163	HG994388.1	100.000	21	0	0	1	21	10477478	10477458	2.1	39.2
Query_39163	HG994386.1	100.000	21	0	0	1	21	19075647	19075627	2.1	39.2
Query_39163	HG994384.1	100.000	21	0	0	1	21	29999898	29999918	2.1	39.2
Query_39163	XM_039471644.1	100.000	21	0	0	1	21	563	543	2.1	39.2
Query_39163	XM_039471344.1	100.000	21	0	0	1	21	203	183	2.1	39.2
Query_39163	XM_039471339.1	100.000	21	0	0	1	21	235	215	2.1	39.2
Query_39163	XM_038662699.1	100.000	21	0	0	1	21	755	735	2.1	39.2
Query_39163	XM_038680268.1	100.000	21	0	0	1	21	251	231	2.1	39.2
Query_39163	XM_003434540.5	100.000	21	0	0	1	21	760	740	2.1	39.2
Query_39163	XM_038644474.1	100.000	21	0	0	1	21	245	225	2.1	39.2
Query_39163	XM_038008386.1	100.000	21	0	0	1	21	237	217	2.1	39.2
Query_39163	XM_007993861.2	100.000	21	0	0	1	21	229	209	2.1	39.2
Query_39163	XM_008004246.2	100.000	21	0	0	1	21	564	544	2.1	39.2
Query_39163	XM_008000263.2	100.000	21	0	0	1	21	998	978	2.1	39.2
Query_39163	XM_037822839.1	100.000	21	0	0	1	21	203	183	2.1	39.2
Query_39163	XM_037846925.1	100.000	21	0	0	1	21	317	297	2.1	39.2
Query_39163	XM_037805070.1	100.000	21	0	0	1	21	203	183	2.1	39.2
Query_39163	XM_037799864.1	100.000	21	0	0	1	21	741	721	2.1	39.2
Query_39163	XM_017502871.2	100.000	21	0	0	1	21	234	214	2.1	39.2
Query_39163	XM_017541827.2	100.000	21	0	0	1	21	229	209	2.1	39.2
Query_39163	XM_017537894.2	100.000	21	0	0	1	21	261	241	2.1	39.2
Query_39163	XM_017534874.2	100.000	21	0	0	1	21	238	218	2.1	39.2
Query_39163	XM_037522123.1	100.000	21	0	0	1	21	323	303	2.1	39.2
Query_39163	XM_037513877.1	100.000	21	0	0	1	21	372	352	2.1	39.2
Query_39163	XM_036852158.1	100.000	21	0	0	1	21	200	180	2.1	39.2
Query_39163	XM_036852157.1	100.000	21	0	0	1	21	227	207	2.1	39.2
Query_39163	XM_035699157.1	100.000	21	0	0	1	21	366	346	2.1	39.2
Query_39163	XM_025438793.2	100.000	21	0	0	1	21	354	334	2.1	39.2
Query_39163	XR_004805211.1	100.000	21	0	0	1	21	3030	3010	2.1	39.2
Query_39163	XM_025435197.2	100.000	21	0	0	1	21	751	731	2.1	39.2
Query_39163	XM_025422512.2	100.000	21	0	0	1	21	268	248	2.1	39.2
Query_39163	XM_009004044.4	100.000	21	0	0	1	21	274	254	2.1	39.2
Query_39163	XM_035258513.1	100.000	21	0	0	1	21	255	235	2.1	39.2
Query_39163	XM_009004364.3	100.000	21	0	0	1	21	282	262	2.1	39.2
Query_39163	XM_009002552.3	100.000	21	0	0	1	21	236	216	2.1	39.2
Query_39163	XM_002751685.5	100.000	21	0	0	1	21	267	247	2.1	39.2
Query_39163	XM_035280129.1	100.000	21	0	0	1	21	232	212	2.1	39.2
Query_39163	XM_008981865.2	100.000	21	0	0	1	21	330	310	2.1	39.2


