# blastn
# Iteration: 0
# Query: 
# RID: 6WWZS4PE01R
# Database: nt
# Fields: query acc.ver, subject acc.ver, % identity, alignment length, mismatches, gap opens, q. start, q. end, s. start, s. end, evalue, bit score
# 30 hits found
Query_441975	XM_032887115.1	100.000	21	0	0	1	21	1145	1125	2.0	39.2
Query_441975	XM_032887114.1	100.000	21	0	0	1	21	1397	1377	2.0	39.2
Query_441975	XM_032887110.1	100.000	21	0	0	1	21	1361	1341	2.0	39.2
Query_441975	XR_005491585.1	100.000	21	0	0	1	21	1660	1640	2.0	39.2
Query_441975	XM_039089009.1	100.000	21	0	0	1	21	1189	1169	2.0	39.2
Query_441975	XM_039089008.1	100.000	21	0	0	1	21	1326	1306	2.0	39.2
Query_441975	XM_039089007.1	100.000	21	0	0	1	21	1305	1285	2.0	39.2
Query_441975	XM_008769306.3	100.000	21	0	0	1	21	1270	1250	2.0	39.2
Query_441975	XM_039089005.1	100.000	21	0	0	1	21	1463	1443	2.0	39.2
Query_441975	XM_017598235.2	100.000	21	0	0	1	21	1496	1476	2.0	39.2
Query_441975	XM_008769305.3	100.000	21	0	0	1	21	1511	1491	2.0	39.2
Query_441975	XM_017598234.2	100.000	21	0	0	1	21	1547	1527	2.0	39.2
Query_441975	XM_006249515.4	100.000	21	0	0	1	21	1628	1608	2.0	39.2
Query_441975	NM_053656.3	100.000	21	0	0	1	21	1319	1299	2.0	39.2
Query_441975	AF062035.1	100.000	21	0	0	1	21	239	219	2.0	39.2
Query_441975	AF064549.1	100.000	21	0	0	1	21	1356	1336	2.0	39.2
Query_441975	AF020759.1	100.000	21	0	0	1	21	1281	1261	2.0	39.2
Query_441975	AF020758.1	100.000	21	0	0	1	21	1444	1424	2.0	39.2
Query_441975	AF020756.1	100.000	21	0	0	1	21	1219	1199	2.0	39.2
Query_441975	AF013241.1	100.000	21	0	0	1	21	544	524	2.0	39.2
Query_441975	Y10475.1	100.000	21	0	0	1	21	1355	1335	2.0	39.2
Query_441975	Y10474.1	100.000	21	0	0	1	21	1301	1281	2.0	39.2
Query_441975	Y09910.1	100.000	21	0	0	1	21	2633	2613	2.0	39.2
Query_441975	L43511.1	100.000	21	0	0	1	21	392	372	2.0	39.2
Query_441975	U14414.1	100.000	21	0	0	1	21	1319	1299	2.0	39.2
Query_441975	LR633958.1	100.000	20	0	0	2	21	20810795	20810776	7.1	37.4
Query_441975	LR633953.1	100.000	20	0	0	2	21	10126343	10126324	7.1	37.4
Query_441975	LR633950.1	100.000	20	0	0	2	21	51759	51778	7.1	37.4
Query_441975	HG995293.1	100.000	20	0	0	2	21	17721859	17721878	7.1	37.4
Query_441975	CP061033.1	100.000	20	0	0	1	20	1121778	1121759	7.1	37.4


