# blastn
# Iteration: 0
# Query: 
# RID: 6KY5PE3U016
# Database: nt
# Fields: query acc.ver, subject acc.ver, % identity, alignment length, mismatches, gap opens, q. start, q. end, s. start, s. end, evalue, bit score
# 100 hits found
Query_17615	XM_003822660.3	100.000	21	0	0	1	21	3257	3237	2.0	39.2
Query_17615	XM_033838592.1	100.000	21	0	0	1	21	2853	2833	2.0	39.2
Query_17615	XM_033838591.1	100.000	21	0	0	1	21	2603	2583	2.0	39.2
Query_17615	XM_033838590.1	100.000	21	0	0	1	21	2596	2576	2.0	39.2
Query_17615	XM_004265074.2	100.000	21	0	0	1	21	2846	2826	2.0	39.2
Query_17615	XM_033175808.1	100.000	21	0	0	1	21	2897	2877	2.0	39.2
Query_17615	XM_032653249.1	100.000	21	0	0	1	21	2944	2924	2.0	39.2
Query_17615	XM_032497467.1	100.000	21	0	0	1	21	2924	2904	2.0	39.2
Query_17615	XM_032239463.1	100.000	21	0	0	1	21	2787	2767	2.0	39.2
Query_17615	XM_032239461.1	100.000	21	0	0	1	21	2742	2722	2.0	39.2
Query_17615	XM_032178589.1	100.000	21	0	0	1	21	2455	2435	2.0	39.2
Query_17615	XM_023223830.2	100.000	21	0	0	1	21	3041	3021	2.0	39.2
Query_17615	MN297719.1	100.000	21	0	0	1	21	190	170	2.0	39.2
Query_17615	XM_031672587.1	100.000	21	0	0	1	21	2469	2449	2.0	39.2
Query_17615	XM_003908598.4	100.000	21	0	0	1	21	3033	3013	2.0	39.2
Query_17615	XM_031357355.1	100.000	21	0	0	1	21	2614	2594	2.0	39.2
Query_17615	XM_031357354.1	100.000	21	0	0	1	21	2673	2653	2.0	39.2
Query_17615	XM_031357353.1	100.000	21	0	0	1	21	2612	2592	2.0	39.2
Query_17615	XM_031357352.1	100.000	21	0	0	1	21	2890	2870	2.0	39.2
Query_17615	XM_031007930.1	100.000	21	0	0	1	21	3053	3033	2.0	39.2
Query_17615	XM_030920698.1	100.000	21	0	0	1	21	2891	2871	2.0	39.2
Query_17615	XM_030857768.1	100.000	21	0	0	1	21	2852	2832	2.0	39.2
Query_17615	XM_030799595.1	100.000	21	0	0	1	21	3050	3030	2.0	39.2
Query_17615	XM_021217857.2	100.000	21	0	0	1	21	2667	2647	2.0	39.2
Query_17615	XM_021149070.2	100.000	21	0	0	1	21	2918	2898	2.0	39.2
Query_17615	XM_015112284.2	100.000	21	0	0	1	21	3441	3421	2.0	39.2
Query_17615	XM_028765062.1	100.000	21	0	0	1	21	2386	2366	2.0	39.2
Query_17615	XM_024118804.2	100.000	21	0	0	1	21	2853	2833	2.0	39.2
Query_17615	NM_012249.4	100.000	21	0	0	1	21	3061	3041	2.0	39.2
Query_17615	XM_027113209.1	100.000	21	0	0	1	21	2196	2176	2.0	39.2
Query_17615	XM_027113208.1	100.000	21	0	0	1	21	2192	2172	2.0	39.2
Query_17615	XM_027113207.1	100.000	21	0	0	1	21	2892	2872	2.0	39.2
Query_17615	XM_027072534.1	100.000	21	0	0	1	21	2503	2483	2.0	39.2
Query_17615	XM_027072533.1	100.000	21	0	0	1	21	2600	2580	2.0	39.2
Query_17615	XM_015094399.2	100.000	21	0	0	1	21	2720	2700	2.0	39.2
Query_17615	XM_027966877.1	100.000	21	0	0	1	21	2552	2532	2.0	39.2
Query_17615	XM_027555181.1	100.000	21	0	0	1	21	2780	2760	2.0	39.2
Query_17615	XM_025353647.1	100.000	21	0	0	1	21	2812	2792	2.0	39.2
Query_17615	XM_025260972.1	100.000	21	0	0	1	21	2600	2580	2.0	39.2
Query_17615	AC277863.1	100.000	21	0	0	1	21	187625	187645	2.0	39.2
Query_17615	XM_024998248.1	100.000	21	0	0	1	21	2705	2685	2.0	39.2
Query_17615	XM_011713140.2	100.000	21	0	0	1	21	3003	2983	2.0	39.2
Query_17615	XM_024753637.1	100.000	21	0	0	1	21	2567	2547	2.0	39.2
Query_17615	XM_024753636.1	100.000	21	0	0	1	21	2948	2928	2.0	39.2
Query_17615	XM_016948475.2	100.000	21	0	0	1	21	3031	3011	2.0	39.2
Query_17615	XM_016948474.2	100.000	21	0	0	1	21	2892	2872	2.0	39.2
Query_17615	XM_002812061.4	100.000	21	0	0	1	21	2804	2784	2.0	39.2
Query_17615	XM_023251654.1	100.000	21	0	0	1	21	2590	2570	2.0	39.2
Query_17615	XM_012473755.2	100.000	21	0	0	1	21	2789	2769	2.0	39.2
Query_17615	XM_021643578.1	100.000	21	0	0	1	21	2633	2613	2.0	39.2
Query_17615	XM_020876169.1	100.000	21	0	0	1	21	2779	2759	2.0	39.2
Query_17615	XM_020876165.1	100.000	21	0	0	1	21	5975	5995	2.0	39.2
Query_17615	XM_019970101.1	100.000	21	0	0	1	21	2596	2576	2.0	39.2
Query_17615	XM_019655871.1	100.000	21	0	0	1	21	2604	2584	2.0	39.2
Query_17615	XM_018055194.1	100.000	21	0	0	1	21	2835	2815	2.0	39.2
Query_17615	XM_017862694.1	100.000	21	0	0	1	21	2881	2861	2.0	39.2
Query_17615	XM_011532728.2	100.000	21	0	0	1	21	2389	2369	2.0	39.2
Query_17615	XM_017003716.1	100.000	21	0	0	1	21	3273	3253	2.0	39.2
Query_17615	XM_011532726.2	100.000	21	0	0	1	21	3116	3096	2.0	39.2
Query_17615	XM_006986492.2	100.000	21	0	0	1	21	2489	2469	2.0	39.2
Query_17615	XM_015433694.1	100.000	21	0	0	1	21	3337	3317	2.0	39.2
Query_17615	XM_005575962.2	100.000	21	0	0	1	21	2651	2631	2.0	39.2
Query_17615	XM_005895614.2	100.000	21	0	0	1	21	2624	2604	2.0	39.2
Query_17615	XM_013017958.1	100.000	21	0	0	1	21	2481	2461	2.0	39.2
Query_17615	XM_012070312.1	100.000	21	0	0	1	21	3350	3330	2.0	39.2
Query_17615	XM_012070311.1	100.000	21	0	0	1	21	2818	2798	2.0	39.2
Query_17615	XM_011965779.1	100.000	21	0	0	1	21	2835	2815	2.0	39.2
Query_17615	XM_011936021.1	100.000	21	0	0	1	21	2562	2542	2.0	39.2
Query_17615	XM_005264229.2	100.000	21	0	0	1	21	2525	2505	2.0	39.2
Query_17615	XM_010967736.1	100.000	21	0	0	1	21	2568	2548	2.0	39.2
Query_17615	XM_010838654.1	100.000	21	0	0	1	21	2668	2648	2.0	39.2
Query_17615	XM_008575355.1	100.000	21	0	0	1	21	2478	2458	2.0	39.2
Query_17615	NG_023007.2	100.000	21	0	0	1	21	2899	2879	2.0	39.2
Query_17615	NG_022969.2	100.000	21	0	0	1	21	2895	2875	2.0	39.2
Query_17615	XM_040224753.1	100.000	21	0	0	1	21	2694	2674	2.0	39.2
Query_17615	XM_003926747.3	100.000	21	0	0	1	21	3027	3007	2.0	39.2
Query_17615	XM_038006885.1	100.000	21	0	0	1	21	2526	2506	2.0	39.2
Query_17615	XM_007970741.2	100.000	21	0	0	1	21	3031	3011	2.0	39.2
Query_17615	XM_037732867.1	100.000	21	0	0	1	21	2652	2632	2.0	39.2
Query_17615	XM_017512722.2	100.000	21	0	0	1	21	3033	3013	2.0	39.2
Query_17615	XM_028892796.2	100.000	21	0	0	1	21	2641	2621	2.0	39.2
Query_17615	XM_036990802.1	100.000	21	0	0	1	21	2851	2831	2.0	39.2
Query_17615	XM_036925856.1	100.000	21	0	0	1	21	2978	2958	2.0	39.2
Query_17615	XM_036170862.1	100.000	21	0	0	1	21	2649	2629	2.0	39.2
Query_17615	LR877208.1	100.000	21	0	0	1	21	17061435	17061455	2.0	39.2
Query_17615	AC280214.1	100.000	21	0	0	1	21	181796	181816	2.0	39.2
Query_17615	XM_027417980.2	100.000	21	0	0	1	21	2652	2632	2.0	39.2
Query_17615	XM_035445598.1	100.000	21	0	0	1	21	1305	1325	2.0	39.2
Query_17615	XM_027417976.2	100.000	21	0	0	1	21	6055	6075	2.0	39.2
Query_17615	XM_027417975.2	100.000	21	0	0	1	21	6120	6140	2.0	39.2
Query_17615	XM_027417974.2	100.000	21	0	0	1	21	6146	6166	2.0	39.2
Query_17615	XM_027417973.2	100.000	21	0	0	1	21	6144	6164	2.0	39.2
Query_17615	XM_007651904.3	100.000	21	0	0	1	21	2622	2602	2.0	39.2
Query_17615	XM_035461768.1	100.000	21	0	0	1	21	1305	1325	2.0	39.2
Query_17615	XM_007651907.3	100.000	21	0	0	1	21	6055	6075	2.0	39.2
Query_17615	XM_027442774.2	100.000	21	0	0	1	21	6120	6140	2.0	39.2
Query_17615	XM_007651906.4	100.000	21	0	0	1	21	6146	6166	2.0	39.2
Query_17615	XM_007651905.4	100.000	21	0	0	1	21	6144	6164	2.0	39.2
Query_17615	XR_004733630.1	100.000	21	0	0	1	21	3683	3663	2.0	39.2
Query_17615	XM_002757794.5	100.000	21	0	0	1	21	3519	3499	2.0	39.2


