# blastn
# Iteration: 0
# Query: 
# RID: 7PWJ1EFG016
# Database: nt
# Fields: query acc.ver, subject acc.ver, % identity, alignment length, mismatches, gap opens, q. start, q. end, s. start, s. end, evalue, bit score
# 100 hits found
Query_42887	XM_034915583.1	100.000	21	0	0	1	21	415	395	2.1	39.2
Query_42887	XM_034918333.1	100.000	21	0	0	1	21	405	385	2.1	39.2
Query_42887	XM_034951639.1	100.000	21	0	0	1	21	425	405	2.1	39.2
Query_42887	XM_034951638.1	100.000	21	0	0	1	21	277	257	2.1	39.2
Query_42887	XM_034951637.1	100.000	21	0	0	1	21	554	534	2.1	39.2
Query_42887	XM_034951636.1	100.000	21	0	0	1	21	318	298	2.1	39.2
Query_42887	XM_034951635.1	100.000	21	0	0	1	21	275	255	2.1	39.2
Query_42887	XM_034951634.1	100.000	21	0	0	1	21	278	258	2.1	39.2
Query_42887	XM_034951633.1	100.000	21	0	0	1	21	561	541	2.1	39.2
Query_42887	XM_034951632.1	100.000	21	0	0	1	21	319	299	2.1	39.2
Query_42887	XM_033236300.1	100.000	21	0	0	1	21	421	401	2.1	39.2
Query_42887	XM_033236299.1	100.000	21	0	0	1	21	696	676	2.1	39.2
Query_42887	XM_033236298.1	100.000	21	0	0	1	21	396	376	2.1	39.2
Query_42887	XM_032268238.1	100.000	21	0	0	1	21	315	295	2.1	39.2
Query_42887	XM_032268236.1	100.000	21	0	0	1	21	276	256	2.1	39.2
Query_42887	XM_032268235.1	100.000	21	0	0	1	21	380	360	2.1	39.2
Query_42887	XR_004257690.1	100.000	21	0	0	1	21	255	235	2.1	39.2
Query_42887	XM_032754107.1	100.000	21	0	0	1	21	332	312	2.1	39.2
Query_42887	XM_032144947.1	100.000	21	0	0	1	21	714	694	2.1	39.2
Query_42887	XM_032144946.1	100.000	21	0	0	1	21	177	157	2.1	39.2
Query_42887	XM_032144945.1	100.000	21	0	0	1	21	819	799	2.1	39.2
Query_42887	XM_031945757.1	100.000	21	0	0	1	21	347	327	2.1	39.2
Query_42887	XM_031945756.1	100.000	21	0	0	1	21	310	290	2.1	39.2
Query_42887	NM_001194836.2	100.000	21	0	0	1	21	332	312	2.1	39.2
Query_42887	XM_009195636.2	100.000	21	0	0	1	21	277	257	2.1	39.2
Query_42887	XM_031002695.1	100.000	21	0	0	1	21	309	289	2.1	39.2
Query_42887	XM_031002694.1	100.000	21	0	0	1	21	309	289	2.1	39.2
Query_42887	XM_004056937.3	100.000	21	0	0	1	21	276	256	2.1	39.2
Query_42887	XM_004056936.3	100.000	21	0	0	1	21	430	410	2.1	39.2
Query_42887	XM_004056938.3	100.000	21	0	0	1	21	274	254	2.1	39.2
Query_42887	XM_019012582.2	100.000	21	0	0	1	21	274	254	2.1	39.2
Query_42887	XM_030924821.1	100.000	21	0	0	1	21	421	401	2.1	39.2
Query_42887	XM_030798768.1	100.000	21	0	0	1	21	305	285	2.1	39.2
Query_42887	XM_030798767.1	100.000	21	0	0	1	21	305	285	2.1	39.2
Query_42887	XM_030798766.1	100.000	21	0	0	1	21	294	274	2.1	39.2
Query_42887	XM_030798765.1	100.000	21	0	0	1	21	411	391	2.1	39.2
Query_42887	XM_030798764.1	100.000	21	0	0	1	21	714	694	2.1	39.2
Query_42887	XM_030798763.1	100.000	21	0	0	1	21	411	391	2.1	39.2
Query_42887	XM_030798762.1	100.000	21	0	0	1	21	808	788	2.1	39.2
Query_42887	NM_194260.3	100.000	21	0	0	1	21	430	410	2.1	39.2
Query_42887	NM_194261.3	100.000	21	0	0	1	21	282	262	2.1	39.2
Query_42887	NM_194259.3	100.000	21	0	0	1	21	557	537	2.1	39.2
Query_42887	XM_028840603.1	100.000	21	0	0	1	21	327	307	2.1	39.2
Query_42887	XM_028840602.1	100.000	21	0	0	1	21	331	311	2.1	39.2
Query_42887	XM_001118584.4	100.000	21	0	0	1	21	276	256	2.1	39.2
Query_42887	XM_028840601.1	100.000	21	0	0	1	21	266	246	2.1	39.2
Query_42887	NM_003345.5	100.000	21	0	0	1	21	300	280	2.1	39.2
Query_42887	XM_025370151.1	100.000	21	0	0	1	21	419	399	2.1	39.2
Query_42887	XM_025370150.1	100.000	21	0	0	1	21	423	403	2.1	39.2
Query_42887	XM_025370148.1	100.000	21	0	0	1	21	275	255	2.1	39.2
Query_42887	XM_025370147.1	100.000	21	0	0	1	21	563	543	2.1	39.2
Query_42887	XM_025370146.1	100.000	21	0	0	1	21	701	681	2.1	39.2
Query_42887	XM_011748436.2	100.000	21	0	0	1	21	577	557	2.1	39.2
Query_42887	XM_024794102.1	100.000	21	0	0	1	21	248	228	2.1	39.2
Query_42887	XM_024794101.1	100.000	21	0	0	1	21	2415	2395	2.1	39.2
Query_42887	XM_024450432.1	100.000	21	0	0	1	21	458	438	2.1	39.2
Query_42887	XM_016929130.2	100.000	21	0	0	1	21	421	401	2.1	39.2
Query_42887	XM_003314907.5	100.000	21	0	0	1	21	608	588	2.1	39.2
Query_42887	XM_003314906.4	100.000	21	0	0	1	21	324	304	2.1	39.2
Query_42887	XM_003314905.4	100.000	21	0	0	1	21	424	404	2.1	39.2
Query_42887	XM_016929129.2	100.000	21	0	0	1	21	678	658	2.1	39.2
Query_42887	XM_016929128.2	100.000	21	0	0	1	21	421	401	2.1	39.2
Query_42887	XM_009430052.3	100.000	21	0	0	1	21	608	588	2.1	39.2
Query_42887	XM_009430055.3	100.000	21	0	0	1	21	269	249	2.1	39.2
Query_42887	XM_009430053.3	100.000	21	0	0	1	21	411	391	2.1	39.2
Query_42887	XM_016929126.2	100.000	21	0	0	1	21	678	658	2.1	39.2
Query_42887	XM_016929125.2	100.000	21	0	0	1	21	421	401	2.1	39.2
Query_42887	XM_024233921.1	100.000	21	0	0	1	21	275	255	2.1	39.2
Query_42887	XM_002825946.4	100.000	21	0	0	1	21	419	399	2.1	39.2
Query_42887	XM_024233920.1	100.000	21	0	0	1	21	429	409	2.1	39.2
Query_42887	XM_024233919.1	100.000	21	0	0	1	21	303	283	2.1	39.2
Query_42887	XM_024233918.1	100.000	21	0	0	1	21	312	292	2.1	39.2
Query_42887	XM_023616675.1	100.000	21	0	0	1	21	313	293	2.1	39.2
Query_42887	XM_022674068.1	100.000	21	0	0	1	21	338	318	2.1	39.2
Query_42887	XM_022674067.1	100.000	21	0	0	1	21	330	310	2.1	39.2
Query_42887	XM_012441957.2	100.000	21	0	0	1	21	2124	2104	2.1	39.2
Query_42887	XR_001108396.2	100.000	21	0	0	1	21	188	168	2.1	39.2
Query_42887	LT733828.1	100.000	21	0	0	1	21	638	618	2.1	39.2
Query_42887	U45328.2	100.000	21	0	0	1	21	274	254	2.1	39.2
Query_42887	XM_019012585.1	100.000	21	0	0	1	21	416	396	2.1	39.2
Query_42887	XM_039478291.1	100.000	21	0	0	1	21	306	286	2.1	39.2
Query_42887	XM_039478290.1	100.000	21	0	0	1	21	179	159	2.1	39.2
Query_42887	XM_037990067.1	100.000	21	0	0	1	21	297	277	2.1	39.2
Query_42887	XM_017510963.2	100.000	21	0	0	1	21	309	289	2.1	39.2
Query_42887	XM_017539359.2	100.000	21	0	0	1	21	278	258	2.1	39.2
Query_42887	XM_037157243.1	100.000	21	0	0	1	21	314	294	2.1	39.2
Query_42887	XM_037157242.1	100.000	21	0	0	1	21	339	319	2.1	39.2
Query_42887	XM_037034705.1	100.000	21	0	0	1	21	252	232	2.1	39.2
Query_42887	XM_037034704.1	100.000	21	0	0	1	21	307	287	2.1	39.2
Query_42887	XM_036552582.1	100.000	21	0	0	1	21	313	293	2.1	39.2
Query_42887	XM_028514243.2	100.000	21	0	0	1	21	307	287	2.1	39.2
Query_42887	XM_036021096.1	100.000	21	0	0	1	21	224	204	2.1	39.2
Query_42887	XM_009008883.2	100.000	21	0	0	1	21	420	400	2.1	39.2
Query_42887	XM_035266442.1	100.000	21	0	0	1	21	250	230	2.1	39.2
Query_42887	XM_035266441.1	100.000	21	0	0	1	21	411	391	2.1	39.2
Query_42887	XM_035266439.1	100.000	21	0	0	1	21	309	289	2.1	39.2
Query_42887	XM_035266438.1	100.000	21	0	0	1	21	298	278	2.1	39.2
Query_42887	XM_035266440.1	100.000	21	0	0	1	21	692	672	2.1	39.2
Query_42887	XM_035266437.1	100.000	21	0	0	1	21	2687	2667	2.1	39.2
Query_42887	XM_009008885.2	100.000	21	0	0	1	21	433	413	2.1	39.2


