# blastn
# Iteration: 0
# Query: 
# RID: 73STP02V016
# Database: nt
# Fields: query acc.ver, subject acc.ver, % identity, alignment length, mismatches, gap opens, q. start, q. end, s. start, s. end, evalue, bit score
# 100 hits found
Query_61259	XM_035027375.1	100.000	21	0	0	1	21	727	707	2.1	39.2
Query_61259	XM_003817410.4	100.000	21	0	0	1	21	654	634	2.1	39.2
Query_61259	AP023165.1	100.000	21	0	0	1	21	32209670	32209690	2.1	39.2
Query_61259	XM_034504298.1	100.000	21	0	0	1	21	748	728	2.1	39.2
Query_61259	XM_019945282.2	100.000	21	0	0	1	21	736	716	2.1	39.2
Query_61259	XM_004271794.3	100.000	21	0	0	1	21	756	736	2.1	39.2
Query_61259	XM_033183585.1	100.000	21	0	0	1	21	663	643	2.1	39.2
Query_61259	XM_033089132.1	100.000	21	0	0	1	21	679	659	2.1	39.2
Query_61259	XM_032913970.1	100.000	21	0	0	1	21	728	708	2.1	39.2
Query_61259	XR_004384313.1	100.000	21	0	0	1	21	976	956	2.1	39.2
Query_61259	XM_032872008.1	100.000	21	0	0	1	21	976	956	2.1	39.2
Query_61259	XM_032615033.1	100.000	21	0	0	1	21	741	721	2.1	39.2
Query_61259	XM_006181400.3	100.000	21	0	0	1	21	752	732	2.1	39.2
Query_61259	XM_032428988.1	100.000	21	0	0	1	21	734	714	2.1	39.2
Query_61259	XM_032321978.1	100.000	21	0	0	1	21	1104	1084	2.1	39.2
Query_61259	XM_032280103.1	100.000	21	0	0	1	21	753	733	2.1	39.2
Query_61259	XM_032162573.1	100.000	21	0	0	1	21	663	643	2.1	39.2
Query_61259	LR738418.1	100.000	21	0	0	1	21	31285645	31285625	2.1	39.2
Query_61259	XM_023203969.3	100.000	21	0	0	1	21	662	642	2.1	39.2
Query_61259	XM_003912784.4	100.000	21	0	0	1	21	739	719	2.1	39.2
Query_61259	XM_031468094.1	100.000	21	0	0	1	21	637	617	2.1	39.2
Query_61259	XM_031351580.1	100.000	21	0	0	1	21	1025	1005	2.1	39.2
Query_61259	XM_019026567.2	100.000	21	0	0	1	21	713	693	2.1	39.2
Query_61259	XM_010380650.2	100.000	21	0	0	1	21	663	643	2.1	39.2
Query_61259	XM_030881597.1	100.000	21	0	0	1	21	733	713	2.1	39.2
Query_61259	XM_003272285.3	100.000	21	0	0	1	21	1015	995	2.1	39.2
Query_61259	MH729718.1	100.000	21	0	0	1	21	144	124	2.1	39.2
Query_61259	MH729717.1	100.000	21	0	0	1	21	144	124	2.1	39.2
Query_61259	MH729716.1	100.000	21	0	0	1	21	144	124	2.1	39.2
Query_61259	MH729715.1	100.000	21	0	0	1	21	144	124	2.1	39.2
Query_61259	MH729714.1	100.000	21	0	0	1	21	144	124	2.1	39.2
Query_61259	MH729713.1	100.000	21	0	0	1	21	144	124	2.1	39.2
Query_61259	NM_005450.6	100.000	21	0	0	1	21	669	649	2.1	39.2
Query_61259	XM_030296487.1	100.000	21	0	0	1	21	775	755	2.1	39.2
Query_61259	XM_029928309.1	100.000	21	0	0	1	21	358	338	2.1	39.2
Query_61259	XM_008838436.3	100.000	21	0	0	1	21	771	751	2.1	39.2
Query_61259	XM_021212898.2	100.000	21	0	0	1	21	738	718	2.1	39.2
Query_61259	XM_021178260.2	100.000	21	0	0	1	21	337	317	2.1	39.2
Query_61259	XM_029212779.1	100.000	21	0	0	1	21	664	644	2.1	39.2
Query_61259	XM_028772481.1	100.000	21	0	0	1	21	677	657	2.1	39.2
Query_61259	XM_027087081.1	100.000	21	0	0	1	21	733	713	2.1	39.2
Query_61259	XM_027034179.1	100.000	21	0	0	1	21	775	755	2.1	39.2
Query_61259	XM_005350519.2	100.000	21	0	0	1	21	158	138	2.1	39.2
Query_61259	XM_026517916.1	100.000	21	0	0	1	21	610	590	2.1	39.2
Query_61259	XM_026407803.1	100.000	21	0	0	1	21	726	706	2.1	39.2
Query_61259	XM_008147742.2	100.000	21	0	0	1	21	793	773	2.1	39.2
Query_61259	XM_028164964.1	100.000	21	0	0	1	21	168	148	2.1	39.2
Query_61259	XM_028092977.1	100.000	21	0	0	1	21	144	124	2.1	39.2
Query_61259	XM_027950363.1	100.000	21	0	0	1	21	667	647	2.1	39.2
Query_61259	XM_006172059.3	100.000	21	0	0	1	21	388	368	2.1	39.2
Query_61259	CP034495.1	100.000	21	0	0	1	21	54671728	54671708	2.1	39.2
Query_61259	XM_027519023.1	100.000	21	0	0	1	21	372	352	2.1	39.2
Query_61259	XM_025851038.1	100.000	21	0	0	1	21	144	124	2.1	39.2
Query_61259	XM_025362689.1	100.000	21	0	0	1	21	718	698	2.1	39.2
Query_61259	MF480653.1	100.000	21	0	0	1	21	171	151	2.1	39.2
Query_61259	XM_006076220.2	100.000	21	0	0	1	21	344	324	2.1	39.2
Query_61259	XM_006924856.3	100.000	21	0	0	1	21	488	468	2.1	39.2
Query_61259	XM_002695554.6	100.000	21	0	0	1	21	739	719	2.1	39.2
Query_61259	XM_011732968.2	100.000	21	0	0	1	21	774	754	2.1	39.2
Query_61259	XM_024757637.1	100.000	21	0	0	1	21	483	463	2.1	39.2
Query_61259	XM_024573455.1	100.000	21	0	0	1	21	653	633	2.1	39.2
Query_61259	XM_523802.6	100.000	21	0	0	1	21	724	704	2.1	39.2
Query_61259	CP027091.1	100.000	21	0	0	1	21	43794407	43794427	2.1	39.2
Query_61259	CP027087.1	100.000	21	0	0	1	21	7101328	7101308	2.1	39.2
Query_61259	XM_002827353.4	100.000	21	0	0	1	21	663	643	2.1	39.2
Query_61259	XM_007109681.2	100.000	21	0	0	1	21	487	467	2.1	39.2
Query_61259	XM_024127830.1	100.000	21	0	0	1	21	487	467	2.1	39.2
Query_61259	XM_006095589.3	100.000	21	0	0	1	21	754	734	2.1	39.2
Query_61259	XM_023652827.1	100.000	21	0	0	1	21	746	726	2.1	39.2
Query_61259	XM_011365003.2	100.000	21	0	0	1	21	663	643	2.1	39.2
Query_61259	XM_023563808.1	100.000	21	0	0	1	21	108	88	2.1	39.2
Query_61259	XM_011279931.3	100.000	21	0	0	1	21	768	748	2.1	39.2
Query_61259	XM_022552602.1	100.000	21	0	0	1	21	819	799	2.1	39.2
Query_61259	XM_022510017.1	100.000	21	0	0	1	21	144	124	2.1	39.2
Query_61259	XM_021704444.1	100.000	21	0	0	1	21	158	138	2.1	39.2
Query_61259	XM_021648808.1	100.000	21	0	0	1	21	770	750	2.1	39.2
Query_61259	XM_005075810.3	100.000	21	0	0	1	21	769	749	2.1	39.2
Query_61259	LT744950.1	100.000	21	0	0	1	21	631	611	2.1	39.2
Query_61259	XM_040497066.1	100.000	21	0	0	1	21	775	755	2.1	39.2
Query_61259	XM_005321598.3	100.000	21	0	0	1	21	760	740	2.1	39.2
Query_61259	XM_040244285.1	100.000	21	0	0	1	21	797	777	2.1	39.2
Query_61259	XM_039885709.1	100.000	21	0	0	1	21	663	643	2.1	39.2
Query_61259	XM_003931333.3	100.000	21	0	0	1	21	1324	1304	2.1	39.2
Query_61259	CP068261.1	100.000	21	0	0	1	21	57470780	57470760	2.1	39.2
Query_61259	XM_038329121.1	100.000	21	0	0	1	21	144	124	2.1	39.2
Query_61259	XM_008011393.2	100.000	21	0	0	1	21	730	710	2.1	39.2
Query_61259	XM_037809573.1	100.000	21	0	0	1	21	729	709	2.1	39.2
Query_61259	XM_017538823.2	100.000	21	0	0	1	21	662	642	2.1	39.2
Query_61259	XM_028878202.2	100.000	21	0	0	1	21	680	660	2.1	39.2
Query_61259	XM_017654997.2	100.000	21	0	0	1	21	752	732	2.1	39.2
Query_61259	XM_036879834.1	100.000	21	0	0	1	21	745	725	2.1	39.2
Query_61259	XM_036342124.1	100.000	21	0	0	1	21	177	157	2.1	39.2
Query_61259	XM_016155130.2	100.000	21	0	0	1	21	733	713	2.1	39.2
Query_61259	AP023477.1	100.000	21	0	0	1	21	54043580	54043560	2.1	39.2
Query_61259	XM_036198140.1	100.000	21	0	0	1	21	677	657	2.1	39.2
Query_61259	XM_036106165.1	100.000	21	0	0	1	21	744	724	2.1	39.2
Query_61259	LR877227.1	100.000	21	0	0	1	21	16110313	16110333	2.1	39.2
Query_61259	XM_027626595.2	100.000	21	0	0	1	21	728	708	2.1	39.2
Query_61259	XM_027426115.2	100.000	21	0	0	1	21	144	124	2.1	39.2
Query_61259	XM_002748399.4	100.000	21	0	0	1	21	664	644	2.1	39.2


