# blastn
# Iteration: 0
# Query: 
# RID: 9PP6KD86013
# Database: nt
# Fields: query acc.ver, subject acc.ver, % identity, alignment length, mismatches, gap opens, q. start, q. end, s. start, s. end, evalue, bit score
# 100 hits found
Query_17931	XM_034932122.1	100.000	21	0	0	1	21	2902	2882	2.1	39.2
Query_17931	XR_004664993.1	100.000	21	0	0	1	21	2878	2858	2.1	39.2
Query_17931	XM_034932121.1	100.000	21	0	0	1	21	2944	2924	2.1	39.2
Query_17931	XM_034932120.1	100.000	21	0	0	1	21	2554	2534	2.1	39.2
Query_17931	XM_034932119.1	100.000	21	0	0	1	21	2830	2810	2.1	39.2
Query_17931	XM_034932117.1	100.000	21	0	0	1	21	2640	2620	2.1	39.2
Query_17931	XM_034932116.1	100.000	21	0	0	1	21	2902	2882	2.1	39.2
Query_17931	XM_034932115.1	100.000	21	0	0	1	21	2902	2882	2.1	39.2
Query_17931	XM_034666539.1	100.000	21	0	0	1	21	2882	2862	2.1	39.2
Query_17931	XM_034666538.1	100.000	21	0	0	1	21	2882	2862	2.1	39.2
Query_17931	XM_011220930.3	100.000	21	0	0	1	21	2877	2857	2.1	39.2
Query_17931	XM_033207623.1	100.000	21	0	0	1	21	2954	2934	2.1	39.2
Query_17931	XR_004436191.1	100.000	21	0	0	1	21	2957	2937	2.1	39.2
Query_17931	XR_004436190.1	100.000	21	0	0	1	21	2892	2872	2.1	39.2
Query_17931	XM_033207622.1	100.000	21	0	0	1	21	2953	2933	2.1	39.2
Query_17931	XM_032853438.1	100.000	21	0	0	1	21	2652	2632	2.1	39.2
Query_17931	XR_004382158.1	100.000	21	0	0	1	21	2654	2634	2.1	39.2
Query_17931	XM_032853437.1	100.000	21	0	0	1	21	2653	2633	2.1	39.2
Query_17931	XM_032853436.1	100.000	21	0	0	1	21	2653	2633	2.1	39.2
Query_17931	XM_032853435.1	100.000	21	0	0	1	21	2579	2559	2.1	39.2
Query_17931	XM_032853434.1	100.000	21	0	0	1	21	2651	2631	2.1	39.2
Query_17931	XM_032166649.2	100.000	21	0	0	1	21	2571	2551	2.1	39.2
Query_17931	XM_032357951.1	100.000	21	0	0	1	21	2724	2704	2.1	39.2
Query_17931	XM_032357950.1	100.000	21	0	0	1	21	2724	2704	2.1	39.2
Query_17931	XM_032357949.1	100.000	21	0	0	1	21	2724	2704	2.1	39.2
Query_17931	XM_032357948.1	100.000	21	0	0	1	21	2651	2631	2.1	39.2
Query_17931	XM_032357947.1	100.000	21	0	0	1	21	2723	2703	2.1	39.2
Query_17931	XM_032240510.1	100.000	21	0	0	1	21	2779	2759	2.1	39.2
Query_17931	XM_032166651.1	100.000	21	0	0	1	21	2538	2518	2.1	39.2
Query_17931	XR_004250229.1	100.000	21	0	0	1	21	2512	2492	2.1	39.2
Query_17931	LR738414.1	100.000	21	0	0	1	21	89227911	89227891	2.1	39.2
Query_17931	XM_031653328.1	100.000	21	0	0	1	21	2958	2938	2.1	39.2
Query_17931	XR_004177484.1	100.000	21	0	0	1	21	2958	2938	2.1	39.2
Query_17931	XR_004177483.1	100.000	21	0	0	1	21	2958	2938	2.1	39.2
Query_17931	XR_004177482.1	100.000	21	0	0	1	21	2900	2880	2.1	39.2
Query_17931	XR_004177481.1	100.000	21	0	0	1	21	2958	2938	2.1	39.2
Query_17931	XM_031653326.1	100.000	21	0	0	1	21	2924	2904	2.1	39.2
Query_17931	XM_021926103.2	100.000	21	0	0	1	21	2958	2938	2.1	39.2
Query_17931	XM_004050666.3	100.000	21	0	0	1	21	2943	2923	2.1	39.2
Query_17931	XM_019037259.2	100.000	21	0	0	1	21	2468	2448	2.1	39.2
Query_17931	XM_019037258.2	100.000	21	0	0	1	21	2830	2810	2.1	39.2
Query_17931	XM_004050664.3	100.000	21	0	0	1	21	2943	2923	2.1	39.2
Query_17931	XM_030917678.1	100.000	21	0	0	1	21	2948	2928	2.1	39.2
Query_17931	XR_004053563.1	100.000	21	0	0	1	21	2948	2928	2.1	39.2
Query_17931	XM_030917677.1	100.000	21	0	0	1	21	2542	2522	2.1	39.2
Query_17931	XM_010384836.2	100.000	21	0	0	1	21	2948	2928	2.1	39.2
Query_17931	XR_004033591.1	100.000	21	0	0	1	21	2943	2923	2.1	39.2
Query_17931	XR_004033590.1	100.000	21	0	0	1	21	2885	2865	2.1	39.2
Query_17931	XM_030828843.1	100.000	21	0	0	1	21	2909	2889	2.1	39.2
Query_17931	XM_030828842.1	100.000	21	0	0	1	21	2837	2817	2.1	39.2
Query_17931	XM_030828841.1	100.000	21	0	0	1	21	2943	2923	2.1	39.2
Query_17931	XM_030331139.1	100.000	21	0	0	1	21	2649	2629	2.1	39.2
Query_17931	XM_030331138.1	100.000	21	0	0	1	21	2801	2781	2.1	39.2
Query_17931	XM_029915374.1	100.000	21	0	0	1	21	2533	2513	2.1	39.2
Query_17931	XM_029915373.1	100.000	21	0	0	1	21	2569	2549	2.1	39.2
Query_17931	XM_029915372.1	100.000	21	0	0	1	21	2641	2621	2.1	39.2
Query_17931	NM_001348749.2	100.000	21	0	0	1	21	2836	2816	2.1	39.2
Query_17931	NM_001348750.2	100.000	21	0	0	1	21	2944	2924	2.1	39.2
Query_17931	NM_001243254.2	100.000	21	0	0	1	21	2908	2888	2.1	39.2
Query_17931	XM_002799642.3	100.000	21	0	0	1	21	2723	2703	2.1	39.2
Query_17931	XR_003722662.1	100.000	21	0	0	1	21	2723	2703	2.1	39.2
Query_17931	XR_003722661.1	100.000	21	0	0	1	21	2723	2703	2.1	39.2
Query_17931	XM_028833700.1	100.000	21	0	0	1	21	2723	2703	2.1	39.2
Query_17931	XM_015114896.2	100.000	21	0	0	1	21	2616	2596	2.1	39.2
Query_17931	XM_002799641.3	100.000	21	0	0	1	21	2723	2703	2.1	39.2
Query_17931	NM_015213.4	100.000	21	0	0	1	21	2908	2888	2.1	39.2
Query_17931	XM_027073184.1	100.000	21	0	0	1	21	2507	2487	2.1	39.2
Query_17931	XM_027073183.1	100.000	21	0	0	1	21	2600	2580	2.1	39.2
Query_17931	XM_027073182.1	100.000	21	0	0	1	21	2672	2652	2.1	39.2
Query_17931	XM_027073181.1	100.000	21	0	0	1	21	2755	2735	2.1	39.2
Query_17931	XM_027073180.1	100.000	21	0	0	1	21	2775	2755	2.1	39.2
Query_17931	XM_027852697.1	100.000	21	0	0	1	21	2547	2527	2.1	39.2
Query_17931	XM_027852696.1	100.000	21	0	0	1	21	2645	2625	2.1	39.2
Query_17931	XM_040630769.1	100.000	21	0	0	1	21	2650	2630	2.1	39.2
Query_17931	XM_040630768.1	100.000	21	0	0	1	21	2653	2633	2.1	39.2
Query_17931	XM_040630767.1	100.000	21	0	0	1	21	2647	2627	2.1	39.2
Query_17931	XM_040630766.1	100.000	21	0	0	1	21	2612	2592	2.1	39.2
Query_17931	XM_040630765.1	100.000	21	0	0	1	21	2650	2630	2.1	39.2
Query_17931	XM_040456926.1	100.000	21	0	0	1	21	2630	2610	2.1	39.2
Query_17931	XM_040456925.1	100.000	21	0	0	1	21	2665	2645	2.1	39.2
Query_17931	XM_040456924.1	100.000	21	0	0	1	21	2780	2760	2.1	39.2
Query_17931	XM_040456923.1	100.000	21	0	0	1	21	2767	2747	2.1	39.2
Query_17931	XM_040456922.1	100.000	21	0	0	1	21	2818	2798	2.1	39.2
Query_17931	XM_039470497.1	100.000	21	0	0	1	21	2974	2954	2.1	39.2
Query_17931	XM_039470496.1	100.000	21	0	0	1	21	2866	2846	2.1	39.2
Query_17931	XM_039470495.1	100.000	21	0	0	1	21	2974	2954	2.1	39.2
Query_17931	XM_039244588.1	100.000	21	0	0	1	21	2661	2641	2.1	39.2
Query_17931	XM_037999737.1	100.000	21	0	0	1	21	2937	2917	2.1	39.2
Query_17931	XM_037999736.1	100.000	21	0	0	1	21	2865	2845	2.1	39.2
Query_17931	XM_008007293.2	100.000	21	0	0	1	21	2937	2917	2.1	39.2
Query_17931	XM_017500309.2	100.000	21	0	0	1	21	2644	2624	2.1	39.2
Query_17931	XM_037522637.1	100.000	21	0	0	1	21	2901	2881	2.1	39.2
Query_17931	XM_036763571.1	100.000	21	0	0	1	21	2662	2642	2.1	39.2
Query_17931	XM_036258063.1	100.000	21	0	0	1	21	2905	2885	2.1	39.2
Query_17931	XM_036258062.1	100.000	21	0	0	1	21	2609	2589	2.1	39.2
Query_17931	XM_036258061.1	100.000	21	0	0	1	21	2905	2885	2.1	39.2
Query_17931	XM_016147368.2	100.000	21	0	0	1	21	2914	2894	2.1	39.2
Query_17931	XM_036221862.1	100.000	21	0	0	1	21	2657	2637	2.1	39.2
Query_17931	XM_016147367.2	100.000	21	0	0	1	21	2914	2894	2.1	39.2
Query_17931	LR862365.1	100.000	21	0	0	1	21	31688563	31688543	2.1	39.2


