# blastn
# Iteration: 0
# Query: 
# RID: 6M5R890C016
# Database: nt
# Fields: query acc.ver, subject acc.ver, % identity, alignment length, mismatches, gap opens, q. start, q. end, s. start, s. end, evalue, bit score
# 100 hits found
Query_41043	MK280312.1	100.000	21	0	0	1	21	1313	1293	2.0	39.2
Query_41043	XM_035001636.1	100.000	21	0	0	1	21	2419	2399	2.0	39.2
Query_41043	XM_003822660.3	100.000	21	0	0	1	21	3069	3049	2.0	39.2
Query_41043	XM_019793495.2	100.000	21	0	0	1	21	2434	2414	2.0	39.2
Query_41043	XM_033838592.1	100.000	21	0	0	1	21	2668	2648	2.0	39.2
Query_41043	XM_033838591.1	100.000	21	0	0	1	21	2418	2398	2.0	39.2
Query_41043	XM_033838590.1	100.000	21	0	0	1	21	2411	2391	2.0	39.2
Query_41043	XM_010615898.3	100.000	21	0	0	1	21	2645	2625	2.0	39.2
Query_41043	XM_004265074.2	100.000	21	0	0	1	21	2661	2641	2.0	39.2
Query_41043	CP050591.1	100.000	21	0	0	1	21	49273250	49273230	2.0	39.2
Query_41043	CP050611.1	100.000	21	0	0	1	21	49280670	49280650	2.0	39.2
Query_41043	XM_033175808.1	100.000	21	0	0	1	21	2710	2690	2.0	39.2
Query_41043	XM_032653249.1	100.000	21	0	0	1	21	2759	2739	2.0	39.2
Query_41043	XM_032497467.1	100.000	21	0	0	1	21	2744	2724	2.0	39.2
Query_41043	XM_032239463.1	100.000	21	0	0	1	21	2600	2580	2.0	39.2
Query_41043	XM_032239461.1	100.000	21	0	0	1	21	2555	2535	2.0	39.2
Query_41043	XM_032178589.1	100.000	21	0	0	1	21	2267	2247	2.0	39.2
Query_41043	XM_023223830.2	100.000	21	0	0	1	21	2854	2834	2.0	39.2
Query_41043	XM_023223828.2	100.000	21	0	0	1	21	1025	1045	2.0	39.2
Query_41043	XM_031672587.1	100.000	21	0	0	1	21	2289	2269	2.0	39.2
Query_41043	XM_003908598.4	100.000	21	0	0	1	21	2846	2826	2.0	39.2
Query_41043	XM_031466949.1	100.000	21	0	0	1	21	2768	2748	2.0	39.2
Query_41043	XM_031018563.1	100.000	21	0	0	1	21	2360	2340	2.0	39.2
Query_41043	XM_031007930.1	100.000	21	0	0	1	21	2865	2845	2.0	39.2
Query_41043	XM_030920698.1	100.000	21	0	0	1	21	2704	2684	2.0	39.2
Query_41043	XM_030857768.1	100.000	21	0	0	1	21	2667	2647	2.0	39.2
Query_41043	XM_030799595.1	100.000	21	0	0	1	21	2862	2842	2.0	39.2
Query_41043	XM_029937302.1	100.000	21	0	0	1	21	2251	2231	2.0	39.2
Query_41043	XM_029937301.1	100.000	21	0	0	1	21	2347	2327	2.0	39.2
Query_41043	LR597557.1	100.000	21	0	0	1	21	6985331	6985351	2.0	39.2
Query_41043	XM_015112284.2	100.000	21	0	0	1	21	3254	3234	2.0	39.2
Query_41043	XM_024118804.2	100.000	21	0	0	1	21	2668	2648	2.0	39.2
Query_41043	NM_012249.4	100.000	21	0	0	1	21	2873	2853	2.0	39.2
Query_41043	XM_027113209.1	100.000	21	0	0	1	21	2011	1991	2.0	39.2
Query_41043	XM_027113208.1	100.000	21	0	0	1	21	2007	1987	2.0	39.2
Query_41043	XM_027113207.1	100.000	21	0	0	1	21	2707	2687	2.0	39.2
Query_41043	XM_027072534.1	100.000	21	0	0	1	21	2321	2301	2.0	39.2
Query_41043	XM_027072533.1	100.000	21	0	0	1	21	2418	2398	2.0	39.2
Query_41043	XM_006159892.3	100.000	21	0	0	1	21	2291	2271	2.0	39.2
Query_41043	XM_006159891.3	100.000	21	0	0	1	21	2384	2364	2.0	39.2
Query_41043	XM_025992592.1	100.000	21	0	0	1	21	2346	2326	2.0	39.2
Query_41043	XM_025868893.1	100.000	21	0	0	1	21	2415	2395	2.0	39.2
Query_41043	XM_025353647.1	100.000	21	0	0	1	21	2625	2605	2.0	39.2
Query_41043	AC277863.1	100.000	21	0	0	1	21	187813	187833	2.0	39.2
Query_41043	XM_011713140.2	100.000	21	0	0	1	21	2816	2796	2.0	39.2
Query_41043	XM_024753637.1	100.000	21	0	0	1	21	2382	2362	2.0	39.2
Query_41043	XM_024753636.1	100.000	21	0	0	1	21	2763	2743	2.0	39.2
Query_41043	XM_016948475.2	100.000	21	0	0	1	21	2843	2823	2.0	39.2
Query_41043	XM_016948474.2	100.000	21	0	0	1	21	2704	2684	2.0	39.2
Query_41043	XM_002812061.4	100.000	21	0	0	1	21	2616	2596	2.0	39.2
Query_41043	XM_004627678.2	100.000	21	0	0	1	21	2406	2386	2.0	39.2
Query_41043	XM_023619138.1	100.000	21	0	0	1	21	2624	2604	2.0	39.2
Query_41043	XM_023251654.1	100.000	21	0	0	1	21	2408	2388	2.0	39.2
Query_41043	XM_022516261.1	100.000	21	0	0	1	21	2502	2482	2.0	39.2
Query_41043	XM_012473755.2	100.000	21	0	0	1	21	2602	2582	2.0	39.2
Query_41043	XM_021087559.1	100.000	21	0	0	1	21	2340	2320	2.0	39.2
Query_41043	XM_005662575.3	100.000	21	0	0	1	21	2710	2690	2.0	39.2
Query_41043	XM_005662574.3	100.000	21	0	0	1	21	2718	2698	2.0	39.2
Query_41043	XM_012755841.2	100.000	21	0	0	1	21	2609	2589	2.0	39.2
Query_41043	XM_017862694.1	100.000	21	0	0	1	21	2694	2674	2.0	39.2
Query_41043	XM_011532728.2	100.000	21	0	0	1	21	2201	2181	2.0	39.2
Query_41043	XM_017003716.1	100.000	21	0	0	1	21	3085	3065	2.0	39.2
Query_41043	XM_011532726.2	100.000	21	0	0	1	21	2928	2908	2.0	39.2
Query_41043	XM_015433694.1	100.000	21	0	0	1	21	3150	3130	2.0	39.2
Query_41043	XM_005575962.2	100.000	21	0	0	1	21	2464	2444	2.0	39.2
Query_41043	XM_014833243.1	100.000	21	0	0	1	21	2308	2288	2.0	39.2
Query_41043	XM_004436685.2	100.000	21	0	0	1	21	2334	2314	2.0	39.2
Query_41043	XM_005390979.2	100.000	21	0	0	1	21	2667	2647	2.0	39.2
Query_41043	XM_004686230.2	100.000	21	0	0	1	21	2311	2291	2.0	39.2
Query_41043	XM_012653848.1	100.000	21	0	0	1	21	2625	2605	2.0	39.2
Query_41043	XM_004403372.2	100.000	21	0	0	1	21	2671	2651	2.0	39.2
Query_41043	XM_012070312.1	100.000	21	0	0	1	21	3163	3143	2.0	39.2
Query_41043	XM_012070311.1	100.000	21	0	0	1	21	2631	2611	2.0	39.2
Query_41043	XM_012070310.1	100.000	21	0	0	1	21	853	873	2.0	39.2
Query_41043	XM_011965779.1	100.000	21	0	0	1	21	2648	2628	2.0	39.2
Query_41043	XM_011936021.1	100.000	21	0	0	1	21	2375	2355	2.0	39.2
Query_41043	XM_005264229.2	100.000	21	0	0	1	21	2337	2317	2.0	39.2
Query_41043	XM_010967736.1	100.000	21	0	0	1	21	2388	2368	2.0	39.2
Query_41043	XM_008541481.1	100.000	21	0	0	1	21	2400	2380	2.0	39.2
Query_41043	NG_022969.2	100.000	21	0	0	1	21	2707	2687	2.0	39.2
Query_41043	HG994393.1	100.000	21	0	0	1	21	51299604	51299584	2.0	39.2
Query_41043	XM_003926747.3	100.000	21	0	0	1	21	2840	2820	2.0	39.2
Query_41043	XM_038680494.1	100.000	21	0	0	1	21	2418	2398	2.0	39.2
Query_41043	XM_038646699.1	100.000	21	0	0	1	21	2418	2398	2.0	39.2
Query_41043	XM_038006892.1	100.000	21	0	0	1	21	867	887	2.0	39.2
Query_41043	XM_038006891.1	100.000	21	0	0	1	21	844	864	2.0	39.2
Query_41043	XM_038006885.1	100.000	21	0	0	1	21	2339	2319	2.0	39.2
Query_41043	XM_007970741.2	100.000	21	0	0	1	21	2844	2824	2.0	39.2
Query_41043	XM_037732867.1	100.000	21	0	0	1	21	2465	2445	2.0	39.2
Query_41043	XM_017512722.2	100.000	21	0	0	1	21	2846	2826	2.0	39.2
Query_41043	XM_037528120.1	100.000	21	0	0	1	21	2403	2383	2.0	39.2
Query_41043	XM_036990802.1	100.000	21	0	0	1	21	2666	2646	2.0	39.2
Query_41043	XM_036925856.1	100.000	21	0	0	1	21	2796	2776	2.0	39.2
Query_41043	XM_036872442.1	100.000	21	0	0	1	21	2665	2645	2.0	39.2
Query_41043	XM_036872440.1	100.000	21	0	0	1	21	2225	2245	2.0	39.2
Query_41043	XM_016142202.2	100.000	21	0	0	1	21	2712	2692	2.0	39.2
Query_41043	XM_025465898.2	100.000	21	0	0	1	21	2417	2397	2.0	39.2
Query_41043	XM_027620825.2	100.000	21	0	0	1	21	2486	2466	2.0	39.2
Query_41043	XR_004733630.1	100.000	21	0	0	1	21	3496	3476	2.0	39.2
Query_41043	XM_002757794.5	100.000	21	0	0	1	21	3332	3312	2.0	39.2


