# blastn
# Iteration: 0
# Query: 
# RID: 7JFK7A27016
# Database: nt
# Fields: query acc.ver, subject acc.ver, % identity, alignment length, mismatches, gap opens, q. start, q. end, s. start, s. end, evalue, bit score
# 100 hits found
Query_7933	XM_034991888.1	100.000	21	0	0	1	21	1376	1356	2.1	39.2
Query_7933	XM_034991887.1	100.000	21	0	0	1	21	1460	1440	2.1	39.2
Query_7933	XM_034991886.1	100.000	21	0	0	1	21	1418	1398	2.1	39.2
Query_7933	XM_034962171.1	100.000	21	0	0	1	21	1277	1257	2.1	39.2
Query_7933	XM_008958732.2	100.000	21	0	0	1	21	1479	1459	2.1	39.2
Query_7933	XM_003833230.2	100.000	21	0	0	1	21	1450	1430	2.1	39.2
Query_7933	XM_034647925.1	100.000	21	0	0	1	21	1371	1351	2.1	39.2
Query_7933	XM_034647924.1	100.000	21	0	0	1	21	1329	1309	2.1	39.2
Query_7933	XM_034647923.1	100.000	21	0	0	1	21	1371	1351	2.1	39.2
Query_7933	XM_034647922.1	100.000	21	0	0	1	21	1371	1351	2.1	39.2
Query_7933	XM_034647921.1	100.000	21	0	0	1	21	1434	1414	2.1	39.2
Query_7933	XM_034647919.1	100.000	21	0	0	1	21	1502	1482	2.1	39.2
Query_7933	XM_034647918.1	100.000	21	0	0	1	21	1575	1555	2.1	39.2
Query_7933	XM_034647917.1	100.000	21	0	0	1	21	1371	1351	2.1	39.2
Query_7933	XM_034521250.1	100.000	21	0	0	1	21	1392	1372	2.1	39.2
Query_7933	XM_034521249.1	100.000	21	0	0	1	21	1402	1382	2.1	39.2
Query_7933	XM_034521248.1	100.000	21	0	0	1	21	1430	1410	2.1	39.2
Query_7933	CP050578.1	100.000	21	0	0	1	21	12590338	12590318	2.1	39.2
Query_7933	CP050616.1	100.000	21	0	0	1	21	12602449	12602429	2.1	39.2
Query_7933	XM_033217305.1	100.000	21	0	0	1	21	1641	1621	2.1	39.2
Query_7933	XM_033217304.1	100.000	21	0	0	1	21	1538	1518	2.1	39.2
Query_7933	XM_033217303.1	100.000	21	0	0	1	21	1413	1393	2.1	39.2
Query_7933	XM_033217302.1	100.000	21	0	0	1	21	1577	1557	2.1	39.2
Query_7933	XM_033217301.1	100.000	21	0	0	1	21	1452	1432	2.1	39.2
Query_7933	XM_032900660.1	100.000	21	0	0	1	21	1479	1459	2.1	39.2
Query_7933	XM_032900659.1	100.000	21	0	0	1	21	1422	1402	2.1	39.2
Query_7933	XM_032900657.1	100.000	21	0	0	1	21	1336	1316	2.1	39.2
Query_7933	XM_032900656.1	100.000	21	0	0	1	21	1461	1441	2.1	39.2
Query_7933	XM_032862065.1	100.000	21	0	0	1	21	1400	1380	2.1	39.2
Query_7933	XM_032862064.1	100.000	21	0	0	1	21	1442	1422	2.1	39.2
Query_7933	XM_030315606.2	100.000	21	0	0	1	21	1438	1418	2.1	39.2
Query_7933	XM_032409747.1	100.000	21	0	0	1	21	1385	1365	2.1	39.2
Query_7933	XM_032409745.1	100.000	21	0	0	1	21	1427	1407	2.1	39.2
Query_7933	XM_032340102.1	100.000	21	0	0	1	21	1422	1402	2.1	39.2
Query_7933	XM_040473640.1	100.000	21	0	0	1	21	1400	1380	2.1	39.2
Query_7933	XM_040473639.1	100.000	21	0	0	1	21	1339	1319	2.1	39.2
Query_7933	XM_040473638.1	100.000	21	0	0	1	21	1442	1422	2.1	39.2
Query_7933	HG994392.1	100.000	21	0	0	1	21	13806294	13806274	2.1	39.2
Query_7933	XM_039466881.1	100.000	21	0	0	1	21	1565	1545	2.1	39.2
Query_7933	XM_010333936.2	100.000	21	0	0	1	21	1615	1595	2.1	39.2
Query_7933	XM_039466875.1	100.000	21	0	0	1	21	1441	1421	2.1	39.2
Query_7933	XM_039231230.1	100.000	21	0	0	1	21	1439	1419	2.1	39.2
Query_7933	XM_039084826.1	100.000	21	0	0	1	21	1485	1465	2.1	39.2
Query_7933	XM_006244582.4	100.000	21	0	0	1	21	1434	1414	2.1	39.2
Query_7933	XM_039084824.1	100.000	21	0	0	1	21	1466	1446	2.1	39.2
Query_7933	XM_003750650.5	100.000	21	0	0	1	21	1473	1453	2.1	39.2
Query_7933	XM_038683648.1	100.000	21	0	0	1	21	1391	1371	2.1	39.2
Query_7933	XM_038683647.1	100.000	21	0	0	1	21	1451	1431	2.1	39.2
Query_7933	XM_038683646.1	100.000	21	0	0	1	21	1433	1413	2.1	39.2
Query_7933	XM_005627398.4	100.000	21	0	0	1	21	1391	1371	2.1	39.2
Query_7933	XM_014118472.3	100.000	21	0	0	1	21	1451	1431	2.1	39.2
Query_7933	XM_846912.7	100.000	21	0	0	1	21	1433	1413	2.1	39.2
Query_7933	XM_038341152.1	100.000	21	0	0	1	21	1292	1272	2.1	39.2
Query_7933	XM_038341151.1	100.000	21	0	0	1	21	1492	1472	2.1	39.2
Query_7933	XM_038341149.1	100.000	21	0	0	1	21	1543	1523	2.1	39.2
Query_7933	XM_007972423.2	100.000	21	0	0	1	21	1513	1493	2.1	39.2
Query_7933	XM_038006128.1	100.000	21	0	0	1	21	1538	1518	2.1	39.2
Query_7933	XM_038006127.1	100.000	21	0	0	1	21	1434	1414	2.1	39.2
Query_7933	XM_007972424.2	100.000	21	0	0	1	21	1577	1557	2.1	39.2
Query_7933	XM_007972422.2	100.000	21	0	0	1	21	1473	1453	2.1	39.2
Query_7933	XM_017547408.2	100.000	21	0	0	1	21	1420	1400	2.1	39.2
Query_7933	XM_037745344.1	100.000	21	0	0	1	21	1492	1472	2.1	39.2
Query_7933	XM_017547404.2	100.000	21	0	0	1	21	1461	1441	2.1	39.2
Query_7933	XM_017547403.2	100.000	21	0	0	1	21	1518	1498	2.1	39.2
Query_7933	XM_017547402.2	100.000	21	0	0	1	21	1436	1416	2.1	39.2
Query_7933	XM_037519798.1	100.000	21	0	0	1	21	1431	1411	2.1	39.2
Query_7933	XM_037519797.1	100.000	21	0	0	1	21	1364	1344	2.1	39.2
Query_7933	XM_028887108.2	100.000	21	0	0	1	21	1384	1364	2.1	39.2
Query_7933	XM_037013714.1	100.000	21	0	0	1	21	1277	1257	2.1	39.2
Query_7933	XM_037013669.1	100.000	21	0	0	1	21	1337	1317	2.1	39.2
Query_7933	XM_017676271.2	100.000	21	0	0	1	21	1570	1550	2.1	39.2
Query_7933	XM_017676270.2	100.000	21	0	0	1	21	1428	1408	2.1	39.2
Query_7933	XM_017676269.2	100.000	21	0	0	1	21	1464	1444	2.1	39.2
Query_7933	XM_036167119.1	100.000	21	0	0	1	21	1425	1405	2.1	39.2
Query_7933	XM_036167118.1	100.000	21	0	0	1	21	1464	1444	2.1	39.2
Query_7933	XR_001782067.3	100.000	21	0	0	1	21	1486	1466	2.1	39.2
Query_7933	XM_030249734.2	100.000	21	0	0	1	21	1501	1481	2.1	39.2
Query_7933	XM_006524139.3	100.000	21	0	0	1	21	1648	1628	2.1	39.2
Query_7933	XM_006524138.5	100.000	21	0	0	1	21	1470	1450	2.1	39.2
Query_7933	XM_006524136.3	100.000	21	0	0	1	21	1687	1667	2.1	39.2
Query_7933	XM_036082770.1	100.000	21	0	0	1	21	1408	1388	2.1	39.2
Query_7933	XM_036082769.1	100.000	21	0	0	1	21	1339	1319	2.1	39.2
Query_7933	XM_036082767.1	100.000	21	0	0	1	21	1450	1430	2.1	39.2
Query_7933	LR877222.1	100.000	21	0	0	1	21	12241288	12241268	2.1	39.2
Query_7933	LR877205.1	100.000	21	0	0	1	21	8592034	8592014	2.1	39.2
Query_7933	XM_025418885.2	100.000	21	0	0	1	21	1396	1376	2.1	39.2
Query_7933	XM_035697506.1	100.000	21	0	0	1	21	1579	1559	2.1	39.2
Query_7933	XM_025418884.2	100.000	21	0	0	1	21	1451	1431	2.1	39.2
Query_7933	XM_025418883.2	100.000	21	0	0	1	21	1438	1418	2.1	39.2
Query_7933	XM_027387392.2	100.000	21	0	0	1	21	1464	1444	2.1	39.2
Query_7933	XM_027387391.2	100.000	21	0	0	1	21	1619	1599	2.1	39.2
Query_7933	XM_035455361.1	100.000	21	0	0	1	21	1443	1423	2.1	39.2
Query_7933	XM_035295753.1	100.000	21	0	0	1	21	1585	1565	2.1	39.2
Query_7933	XM_035295752.1	100.000	21	0	0	1	21	1421	1401	2.1	39.2
Query_7933	XM_035295750.1	100.000	21	0	0	1	21	1621	1601	2.1	39.2
Query_7933	XM_035295749.1	100.000	21	0	0	1	21	1451	1431	2.1	39.2
Query_7933	XM_035295748.1	100.000	21	0	0	1	21	1465	1445	2.1	39.2
Query_7933	XM_035295747.1	100.000	21	0	0	1	21	1495	1475	2.1	39.2
Query_7933	XM_035295746.1	100.000	21	0	0	1	21	1620	1600	2.1	39.2
Query_7933	XM_035295745.1	100.000	21	0	0	1	21	1470	1450	2.1	39.2


