# blastn
# Iteration: 0
# Query: 
# RID: 6M848DFA016
# Database: nt
# Fields: query acc.ver, subject acc.ver, % identity, alignment length, mismatches, gap opens, q. start, q. end, s. start, s. end, evalue, bit score
# 101 hits found
Query_36009	XM_034944208.1	100.000	21	0	0	1	21	839	819	2.0	39.2
Query_36009	XM_019925552.2	100.000	21	0	0	1	21	749	729	2.0	39.2
Query_36009	XM_004285895.3	100.000	21	0	0	1	21	744	724	2.0	39.2
Query_36009	CP050571.1	100.000	21	0	0	1	21	58150359	58150379	2.0	39.2
Query_36009	CP050631.1	100.000	21	0	0	1	21	58147430	58147450	2.0	39.2
Query_36009	XM_033199911.1	100.000	21	0	0	1	21	851	831	2.0	39.2
Query_36009	XM_033136732.1	100.000	21	0	0	1	21	731	711	2.0	39.2
Query_36009	XM_032908698.1	100.000	21	0	0	1	21	864	844	2.0	39.2
Query_36009	XM_032628866.1	100.000	21	0	0	1	21	760	740	2.0	39.2
Query_36009	XM_030297511.2	100.000	21	0	0	1	21	645	625	2.0	39.2
Query_36009	XM_030297502.2	100.000	21	0	0	1	21	695	675	2.0	39.2
Query_36009	XM_032272049.1	100.000	21	0	0	1	21	837	817	2.0	39.2
Query_36009	XM_032147985.1	100.000	21	0	0	1	21	783	763	2.0	39.2
Query_36009	XM_031662211.1	100.000	21	0	0	1	21	864	844	2.0	39.2
Query_36009	XM_031349943.1	100.000	21	0	0	1	21	1239	1219	2.0	39.2
Query_36009	XM_031349942.1	100.000	21	0	0	1	21	1242	1222	2.0	39.2
Query_36009	XM_019016478.2	100.000	21	0	0	1	21	839	819	2.0	39.2
Query_36009	XM_010387762.2	100.000	21	0	0	1	21	842	822	2.0	39.2
Query_36009	XM_030845716.1	100.000	21	0	0	1	21	742	722	2.0	39.2
Query_36009	XR_004031103.1	100.000	21	0	0	1	21	645	625	2.0	39.2
Query_36009	XM_030798515.1	100.000	21	0	0	1	21	870	850	2.0	39.2
Query_36009	XM_022565640.2	100.000	21	0	0	1	21	809	789	2.0	39.2
Query_36009	XM_030297531.1	100.000	21	0	0	1	21	615	595	2.0	39.2
Query_36009	XM_029542337.1	100.000	21	0	0	1	21	836	816	2.0	39.2
Query_36009	XM_029482837.1	100.000	21	0	0	1	21	1232	1212	2.0	39.2
Query_36009	XM_021174221.2	100.000	21	0	0	1	21	1236	1216	2.0	39.2
Query_36009	XM_029216734.1	100.000	21	0	0	1	21	802	782	2.0	39.2
Query_36009	XM_015122268.2	100.000	21	0	0	1	21	846	826	2.0	39.2
Query_36009	XM_024134024.2	100.000	21	0	0	1	21	752	732	2.0	39.2
Query_36009	NM_004359.2	100.000	21	0	0	1	21	802	782	2.0	39.2
Query_36009	XM_027085990.1	100.000	21	0	0	1	21	760	740	2.0	39.2
Query_36009	XM_027049160.1	100.000	21	0	0	1	21	671	651	2.0	39.2
Query_36009	XM_027049159.1	100.000	21	0	0	1	21	722	702	2.0	39.2
Query_36009	XM_026457267.1	100.000	21	0	0	1	21	724	704	2.0	39.2
Query_36009	XM_028126321.1	100.000	21	0	0	1	21	677	657	2.0	39.2
Query_36009	CP034522.1	100.000	21	0	0	1	21	481471	481451	2.0	39.2
Query_36009	CP034497.1	100.000	21	0	0	1	21	481471	481451	2.0	39.2
Query_36009	XM_027587275.1	100.000	21	0	0	1	21	681	661	2.0	39.2
Query_36009	XM_026019245.1	100.000	21	0	0	1	21	656	636	2.0	39.2
Query_36009	XM_025861067.1	100.000	21	0	0	1	21	676	656	2.0	39.2
Query_36009	XM_006126998.3	100.000	21	0	0	1	21	517	497	2.0	39.2
Query_36009	XM_007432571.3	100.000	21	0	0	1	21	859	839	2.0	39.2
Query_36009	XM_011749512.2	100.000	21	0	0	1	21	844	824	2.0	39.2
Query_36009	XM_024740015.1	100.000	21	0	0	1	21	1242	1222	2.0	39.2
Query_36009	XM_009434229.3	100.000	21	0	0	1	21	843	823	2.0	39.2
Query_36009	XM_009252509.2	100.000	21	0	0	1	21	842	822	2.0	39.2
Query_36009	XM_004632645.2	100.000	21	0	0	1	21	977	957	2.0	39.2
Query_36009	XM_023644244.1	100.000	21	0	0	1	21	836	816	2.0	39.2
Query_36009	XM_023644243.1	100.000	21	0	0	1	21	890	870	2.0	39.2
Query_36009	XM_023644242.1	100.000	21	0	0	1	21	909	889	2.0	39.2
Query_36009	NM_001359818.1	100.000	21	0	0	1	21	845	825	2.0	39.2
Query_36009	NM_001359817.1	100.000	21	0	0	1	21	714	694	2.0	39.2
Query_36009	XM_023242436.1	100.000	21	0	0	1	21	670	650	2.0	39.2
Query_36009	XM_023242434.1	100.000	21	0	0	1	21	723	703	2.0	39.2
Query_36009	XM_021234894.1	100.000	21	0	0	1	21	694	674	2.0	39.2
Query_36009	XM_005074241.3	100.000	21	0	0	1	21	928	908	2.0	39.2
Query_36009	XM_021204629.1	100.000	21	0	0	1	21	840	820	2.0	39.2
Query_36009	XM_012745890.2	100.000	21	0	0	1	21	848	828	2.0	39.2
Query_36009	LT744874.1	100.000	21	0	0	1	21	1117	1097	2.0	39.2
Query_36009	XM_019657499.1	100.000	21	0	0	1	21	792	772	2.0	39.2
Query_36009	XM_019513505.1	100.000	21	0	0	1	21	755	735	2.0	39.2
Query_36009	XM_019513504.1	100.000	21	0	0	1	21	753	733	2.0	39.2
Query_36009	XM_014599655.2	100.000	21	0	0	1	21	779	759	2.0	39.2
Query_36009	XM_019434099.1	100.000	21	0	0	1	21	693	673	2.0	39.2
Query_36009	XM_019434098.1	100.000	21	0	0	1	21	741	721	2.0	39.2
Query_36009	XM_017875368.1	100.000	21	0	0	1	21	869	849	2.0	39.2
Query_36009	XM_006904162.2	100.000	21	0	0	1	21	786	766	2.0	39.2
Query_36009	XM_015440168.1	100.000	21	0	0	1	21	684	664	2.0	39.2
Query_36009	XM_006639886.2	100.000	21	0	0	1	21	1432	1412	2.0	39.2
Query_36009	XM_014845745.1	100.000	21	0	0	1	21	777	757	2.0	39.2
Query_36009	XM_005406038.2	100.000	21	0	0	1	21	1196	1176	2.0	39.2
Query_36009	XM_012072747.1	100.000	21	0	0	1	21	845	825	2.0	39.2
Query_36009	XM_011963969.1	100.000	21	0	0	1	21	640	620	2.0	39.2
Query_36009	XM_011993049.1	100.000	21	0	0	1	21	555	535	2.0	39.2
Query_36009	XM_006722952.2	100.000	21	0	0	1	21	838	818	2.0	39.2
Query_36009	XM_011375242.1	100.000	21	0	0	1	21	828	808	2.0	39.2
Query_36009	KJ890880.1	100.000	21	0	0	1	21	695	675	2.0	39.2
Query_36009	XM_003230561.2	100.000	21	0	0	1	21	556	536	2.0	39.2
Query_36009	XM_007462842.1	100.000	21	0	0	1	21	645	625	2.0	39.2
Query_36009	XM_007460424.1	100.000	21	0	0	1	21	645	625	2.0	39.2
Query_36009	XM_007176654.1	100.000	21	0	0	1	21	658	638	2.0	39.2
Query_36009	XM_007075745.1	100.000	21	0	0	1	21	570	550	2.0	39.2
Query_36009	XM_006898026.1	100.000	21	0	0	1	21	873	853	2.0	39.2
Query_36009	XM_004395448.1	100.000	21	0	0	1	21	548	528	2.0	39.2
Query_36009	XM_004395447.1	100.000	21	0	0	1	21	638	618	2.0	39.2
Query_36009	HG994401.1	100.000	21	0	0	1	21	186621	186601	2.0	39.2
Query_36009	XM_039839022.1	100.000	21	0	0	1	21	836	816	2.0	39.2
Query_36009	XM_039839021.1	100.000	21	0	0	1	21	577	557	2.0	39.2
Query_36009	XM_003944905.3	100.000	21	0	0	1	21	838	818	2.0	39.2
Query_36009	XM_039248064.1	100.000	21	0	0	1	21	691	671	2.0	39.2
Query_36009	CP068259.1	100.000	21	0	0	1	21	495239	495219	2.0	39.2
Query_36009	XM_039078634.1	100.000	21	0	0	1	21	1243	1223	2.0	39.2
Query_36009	XM_038429387.1	100.000	21	0	0	1	21	652	632	2.0	39.2
Query_36009	XM_533965.8	100.000	21	0	0	1	21	652	632	2.0	39.2
Query_36009	XM_017520140.2	100.000	21	0	0	1	21	840	820	2.0	39.2
Query_36009	XM_016126687.2	100.000	21	0	0	1	21	826	806	2.0	39.2
Query_36009	AP023479.1	100.000	21	0	0	1	21	302698	302678	2.0	39.2
Query_36009	AP023479.1	100.000	21	0	0	1	21	379610	379590	2.0	39.2
Query_36009	XM_017313888.3	100.000	21	0	0	1	21	680	660	2.0	39.2
Query_36009	XM_017313887.2	100.000	21	0	0	1	21	672	652	2.0	39.2
Query_36009	XM_025456624.2	100.000	21	0	0	1	21	652	632	2.0	39.2


