# blastn
# Iteration: 0
# Query: 
# RID: 6ZUTYEPE013
# Database: nt
# Fields: query acc.ver, subject acc.ver, % identity, alignment length, mismatches, gap opens, q. start, q. end, s. start, s. end, evalue, bit score
# 42 hits found
Query_6851	XM_032915907.1	100.000	21	0	0	1	21	459	439	2.1	39.2
Query_6851	XM_031341898.1	100.000	21	0	0	1	21	441	421	2.1	39.2
Query_6851	XM_021210658.2	100.000	21	0	0	1	21	431	411	2.1	39.2
Query_6851	XM_021163845.2	100.000	21	0	0	1	21	429	409	2.1	39.2
Query_6851	XM_025151305.1	100.000	21	0	0	1	21	1306	1326	2.1	39.2
Query_6851	XM_005068842.3	100.000	21	0	0	1	21	448	428	2.1	39.2
Query_6851	XM_002723504.3	100.000	21	0	0	1	21	32	52	2.1	39.2
Query_6851	XM_008251994.2	100.000	21	0	0	1	21	35	55	2.1	39.2
Query_6851	XM_008251993.2	100.000	21	0	0	1	21	34	54	2.1	39.2
Query_6851	XM_006985601.2	100.000	21	0	0	1	21	447	427	2.1	39.2
Query_6851	CP039124.1	100.000	21	0	0	1	21	1111084	1111104	2.1	39.2
Query_6851	XM_038339243.1	100.000	21	0	0	1	21	456	436	2.1	39.2
Query_6851	XM_028882342.2	100.000	21	0	0	1	21	455	435	2.1	39.2
Query_6851	JN960283.1	100.000	21	0	0	1	21	549	569	2.1	39.2
Query_6851	JN956630.1	100.000	21	0	0	1	21	549	569	2.1	39.2
Query_6851	FQ214550.1	100.000	21	0	0	1	21	415	395	2.1	39.2
Query_6851	FQ216757.1	100.000	21	0	0	1	21	415	395	2.1	39.2
Query_6851	FQ213111.1	100.000	21	0	0	1	21	416	396	2.1	39.2
Query_6851	FQ225334.1	100.000	21	0	0	1	21	416	396	2.1	39.2
Query_6851	FQ228750.1	100.000	21	0	0	1	21	415	395	2.1	39.2
Query_6851	FQ213948.1	100.000	21	0	0	1	21	103	83	2.1	39.2
Query_6851	CP001874.1	100.000	21	0	0	1	21	692902	692922	2.1	39.2
Query_6851	NG_006685.3	100.000	21	0	0	1	21	488	468	2.1	39.2
Query_6851	CP000820.1	100.000	21	0	0	1	21	1906382	1906402	2.1	39.2
Query_6851	AF526268.1	100.000	21	0	0	1	21	345	325	2.1	39.2
Query_6851	AC112683.10	100.000	21	0	0	1	21	193978	193958	2.1	39.2
Query_6851	AC139214.12	100.000	21	0	0	1	21	1010	990	2.1	39.2
Query_6851	AY325216.1	100.000	21	0	0	1	21	4245	4225	2.1	39.2
Query_6851	AC154476.2	100.000	21	0	0	1	21	78790	78810	2.1	39.2
Query_6851	NM_001009264.1	100.000	21	0	0	1	21	395	375	2.1	39.2
Query_6851	CP049838.1	100.000	20	0	0	2	21	3150512	3150531	7.2	37.4
Query_6851	CP050177.1	100.000	20	0	0	2	21	2673932	2673913	7.2	37.4
Query_6851	XR_003990734.2	100.000	20	0	0	2	21	22	41	7.2	37.4
Query_6851	XM_030480805.1	100.000	20	0	0	2	21	37	56	7.2	37.4
Query_6851	XM_030480804.1	100.000	20	0	0	2	21	37	56	7.2	37.4
Query_6851	CP038147.1	100.000	20	0	0	1	20	2565662	2565681	7.2	37.4
Query_6851	CP029617.1	100.000	20	0	0	2	21	5470630	5470649	7.2	37.4
Query_6851	CP022438.1	100.000	20	0	0	1	20	2967553	2967534	7.2	37.4
Query_6851	CP003990.1	100.000	20	0	0	1	20	2958001	2958020	7.2	37.4
Query_6851	XM_027730207.2	100.000	20	0	0	1	20	26	45	7.2	37.4
Query_6851	CP002475.1	100.000	20	0	0	1	20	4514196	4514177	7.2	37.4
Query_6851	AC163705.3	100.000	20	0	0	2	21	118544	118563	7.2	37.4


