# blastn
# Iteration: 0
# Query: 
# RID: 6ZMD67AD01R
# Database: nt
# Fields: query acc.ver, subject acc.ver, % identity, alignment length, mismatches, gap opens, q. start, q. end, s. start, s. end, evalue, bit score
# 45 hits found
Query_277057	XM_032915907.1	100.000	21	0	0	1	21	1143	1123	2.0	39.2
Query_277057	XM_021163845.2	100.000	21	0	0	1	21	1137	1117	2.0	39.2
Query_277057	XM_005365945.3	100.000	21	0	0	1	21	1106	1086	2.0	39.2
Query_277057	XM_021630388.1	100.000	21	0	0	1	21	1138	1118	2.0	39.2
Query_277057	XM_006985601.2	100.000	21	0	0	1	21	1142	1122	2.0	39.2
Query_277057	XM_038339243.1	100.000	21	0	0	1	21	1137	1117	2.0	39.2
Query_277057	XM_028882342.2	100.000	21	0	0	1	21	1149	1129	2.0	39.2
Query_277057	LR877238.1	100.000	21	0	0	1	21	51282478	51282498	2.0	39.2
Query_277057	LR877238.1	100.000	21	0	0	1	21	51314852	51314872	2.0	39.2
Query_277057	LR877238.1	100.000	21	0	0	1	21	51617341	51617321	2.0	39.2
Query_277057	LR877238.1	100.000	21	0	0	1	21	51649698	51649678	2.0	39.2
Query_277057	LR877210.1	100.000	21	0	0	1	21	9865124	9865104	2.0	39.2
Query_277057	LR877197.1	100.000	21	0	0	1	21	31003198	31003218	2.0	39.2
Query_277057	XM_027387082.2	100.000	21	0	0	1	21	1150	1130	2.0	39.2
Query_277057	XM_003496616.5	100.000	21	0	0	1	21	1147	1127	2.0	39.2
Query_277057	FQ214550.1	100.000	21	0	0	1	21	1103	1083	2.0	39.2
Query_277057	FQ216757.1	100.000	21	0	0	1	21	1108	1088	2.0	39.2
Query_277057	FQ213111.1	100.000	21	0	0	1	21	1104	1084	2.0	39.2
Query_277057	FQ225334.1	100.000	21	0	0	1	21	1105	1085	2.0	39.2
Query_277057	FQ228750.1	100.000	21	0	0	1	21	1103	1083	2.0	39.2
Query_277057	FQ213948.1	100.000	21	0	0	1	21	792	772	2.0	39.2
Query_277057	NG_006685.3	100.000	21	0	0	1	21	1184	1164	2.0	39.2
Query_277057	NM_026242.3	100.000	21	0	0	1	21	1132	1112	2.0	39.2
Query_277057	AC169036.3	100.000	21	0	0	1	21	131579	131599	2.0	39.2
Query_277057	BC085488.1	100.000	21	0	0	1	21	977	957	2.0	39.2
Query_277057	AC114605.11	100.000	21	0	0	1	21	110253	110233	2.0	39.2
Query_277057	AC112683.10	100.000	21	0	0	1	21	194674	194654	2.0	39.2
Query_277057	AC139214.12	100.000	21	0	0	1	21	1706	1686	2.0	39.2
Query_277057	AK170984.1	100.000	21	0	0	1	21	1114	1094	2.0	39.2
Query_277057	AK170909.1	100.000	21	0	0	1	21	1110	1090	2.0	39.2
Query_277057	AK170789.1	100.000	21	0	0	1	21	1082	1062	2.0	39.2
Query_277057	AK159464.1	100.000	21	0	0	1	21	1121	1101	2.0	39.2
Query_277057	AK167112.1	100.000	21	0	0	1	21	1113	1093	2.0	39.2
Query_277057	AK020049.1	100.000	21	0	0	1	21	1100	1080	2.0	39.2
Query_277057	AK018675.1	100.000	21	0	0	1	21	1082	1062	2.0	39.2
Query_277057	AK017832.1	100.000	21	0	0	1	21	1114	1094	2.0	39.2
Query_277057	AK009827.1	100.000	21	0	0	1	21	1090	1070	2.0	39.2
Query_277057	AK005313.1	100.000	21	0	0	1	21	1124	1104	2.0	39.2
Query_277057	AC154476.2	100.000	21	0	0	1	21	78094	78114	2.0	39.2
Query_277057	NM_001009264.1	100.000	21	0	0	1	21	1083	1063	2.0	39.2
Query_277057	BC010209.1	100.000	21	0	0	1	21	1101	1081	2.0	39.2
Query_277057	AB041651.1	100.000	21	0	0	1	21	1112	1092	2.0	39.2
Query_277057	LR778253.1	100.000	20	0	0	1	20	73003732	73003751	7.1	37.4
Query_277057	LR606180.1	100.000	20	0	0	1	20	77535779	77535760	7.1	37.4
Query_277057	HG999731.1	100.000	20	0	0	1	20	77535779	77535760	7.1	37.4


