# blastn
# Iteration: 0
# Query: 
# RID: 7PM3RY3R01R
# Database: nt
# Fields: query acc.ver, subject acc.ver, % identity, alignment length, mismatches, gap opens, q. start, q. end, s. start, s. end, evalue, bit score
# 100 hits found
Query_159737	LR812122.1	100.000	21	0	0	1	21	5585613	5585593	2.1	39.2
Query_159737	XM_034948809.1	100.000	21	0	0	1	21	437	417	2.1	39.2
Query_159737	XM_034948808.1	100.000	21	0	0	1	21	962	942	2.1	39.2
Query_159737	XM_003807746.2	100.000	21	0	0	1	21	458	438	2.1	39.2
Query_159737	XM_034937214.1	100.000	21	0	0	1	21	383	363	2.1	39.2
Query_159737	XM_034936518.1	100.000	21	0	0	1	21	1524	1504	2.1	39.2
Query_159737	XM_034936517.1	100.000	21	0	0	1	21	1337	1317	2.1	39.2
Query_159737	XM_034791015.1	100.000	21	0	0	1	21	434	414	2.1	39.2
Query_159737	XM_034496497.1	100.000	21	0	0	1	21	340	320	2.1	39.2
Query_159737	XM_034515059.1	100.000	21	0	0	1	21	372	352	2.1	39.2
Query_159737	XM_034068234.1	100.000	21	0	0	1	21	396	376	2.1	39.2
Query_159737	XM_015643766.2	100.000	21	0	0	1	21	416	396	2.1	39.2
Query_159737	XM_033518052.1	100.000	21	0	0	1	21	412	392	2.1	39.2
Query_159737	XM_033234103.1	100.000	21	0	0	1	21	442	422	2.1	39.2
Query_159737	XM_033234102.1	100.000	21	0	0	1	21	538	518	2.1	39.2
Query_159737	XM_033236163.1	100.000	21	0	0	1	21	381	361	2.1	39.2
Query_159737	XM_033075790.1	100.000	21	0	0	1	21	415	395	2.1	39.2
Query_159737	XM_033008135.1	100.000	21	0	0	1	21	370	350	2.1	39.2
Query_159737	XM_033008134.1	100.000	21	0	0	1	21	455	435	2.1	39.2
Query_159737	XM_032777233.1	100.000	21	0	0	1	21	232	212	2.1	39.2
Query_159737	XM_030285749.2	100.000	21	0	0	1	21	418	398	2.1	39.2
Query_159737	XM_012578119.3	100.000	21	0	0	1	21	438	418	2.1	39.2
Query_159737	XM_032706146.1	100.000	21	0	0	1	21	238	218	2.1	39.2
Query_159737	XM_032273096.1	100.000	21	0	0	1	21	385	365	2.1	39.2
Query_159737	XR_004261699.1	100.000	21	0	0	1	21	316	296	2.1	39.2
Query_159737	XR_004258789.1	100.000	21	0	0	1	21	367	347	2.1	39.2
Query_159737	XM_032294409.1	100.000	21	0	0	1	21	559	539	2.1	39.2
Query_159737	XR_004273668.1	100.000	21	0	0	1	21	242	222	2.1	39.2
Query_159737	XR_004271541.1	100.000	21	0	0	1	21	360	340	2.1	39.2
Query_159737	XM_032229647.1	100.000	21	0	0	1	21	412	392	2.1	39.2
Query_159737	XM_032229426.1	100.000	21	0	0	1	21	400	380	2.1	39.2
Query_159737	XM_032198831.1	100.000	21	0	0	1	21	393	373	2.1	39.2
Query_159737	XM_032138715.1	100.000	21	0	0	1	21	532	512	2.1	39.2
Query_159737	XM_032171530.1	100.000	21	0	0	1	21	244	224	2.1	39.2
Query_159737	XM_032171529.1	100.000	21	0	0	1	21	347	327	2.1	39.2
Query_159737	XM_032150546.1	100.000	21	0	0	1	21	575	555	2.1	39.2
Query_159737	XM_032127604.1	100.000	21	0	0	1	21	412	392	2.1	39.2
Query_159737	XM_023188654.2	100.000	21	0	0	1	21	580	560	2.1	39.2
Query_159737	LR738605.1	100.000	21	0	0	1	21	27250336	27250356	2.1	39.2
Query_159737	XR_642016.3	100.000	21	0	0	1	21	377	357	2.1	39.2
Query_159737	XR_648637.4	100.000	21	0	0	1	21	370	350	2.1	39.2
Query_159737	HG999698.1	100.000	21	0	0	1	21	390574	390554	2.1	39.2
Query_159737	XM_040080680.1	100.000	21	0	0	1	21	409	389	2.1	39.2
Query_159737	XM_040080679.1	100.000	21	0	0	1	21	558	538	2.1	39.2
Query_159737	XM_039724271.1	100.000	21	0	0	1	21	439	419	2.1	39.2
Query_159737	XM_039560884.1	100.000	21	0	0	1	21	408	388	2.1	39.2
Query_159737	XM_039504779.1	100.000	21	0	0	1	21	346	326	2.1	39.2
Query_159737	XM_039504778.1	100.000	21	0	0	1	21	462	442	2.1	39.2
Query_159737	XM_003942643.3	100.000	21	0	0	1	21	411	391	2.1	39.2
Query_159737	XM_039469933.1	100.000	21	0	0	1	21	347	327	2.1	39.2
Query_159737	XM_039385060.1	100.000	21	0	0	1	21	503	483	2.1	39.2
Query_159737	XM_027733003.2	100.000	21	0	0	1	21	413	393	2.1	39.2
Query_159737	CP068259.1	100.000	21	0	0	1	21	9900971	9900951	2.1	39.2
Query_159737	CP068256.1	100.000	21	0	0	1	21	22063796	22063776	2.1	39.2
Query_159737	XM_038372710.1	100.000	21	0	0	1	21	573	553	2.1	39.2
Query_159737	XM_038372709.1	100.000	21	0	0	1	21	548	528	2.1	39.2
Query_159737	XM_038372708.1	100.000	21	0	0	1	21	448	428	2.1	39.2
Query_159737	XM_038320861.1	100.000	21	0	0	1	21	238	218	2.1	39.2
Query_159737	XM_038320860.1	100.000	21	0	0	1	21	334	314	2.1	39.2
Query_159737	XM_038187293.1	100.000	21	0	0	1	21	337	317	2.1	39.2
Query_159737	XM_027469860.2	100.000	21	0	0	1	21	430	410	2.1	39.2
Query_159737	XM_038152212.1	100.000	21	0	0	1	21	412	392	2.1	39.2
Query_159737	XM_038152211.1	100.000	21	0	0	1	21	415	395	2.1	39.2
Query_159737	XM_007974919.2	100.000	21	0	0	1	21	533	513	2.1	39.2
Query_159737	XM_037986854.1	100.000	21	0	0	1	21	565	545	2.1	39.2
Query_159737	XM_037878413.1	100.000	21	0	0	1	21	463	443	2.1	39.2
Query_159737	XM_037734949.1	100.000	21	0	0	1	21	307	287	2.1	39.2
Query_159737	XM_037734947.1	100.000	21	0	0	1	21	376	356	2.1	39.2
Query_159737	XM_017518623.2	100.000	21	0	0	1	21	416	396	2.1	39.2
Query_159737	XM_037741679.1	100.000	21	0	0	1	21	548	528	2.1	39.2
Query_159737	XM_037737901.1	100.000	21	0	0	1	21	364	344	2.1	39.2
Query_159737	XM_037495637.1	100.000	21	0	0	1	21	379	359	2.1	39.2
Query_159737	XM_037375408.1	100.000	21	0	0	1	21	442	422	2.1	39.2
Query_159737	XM_037375400.1	100.000	21	0	0	1	21	376	356	2.1	39.2
Query_159737	XM_037375390.1	100.000	21	0	0	1	21	859	839	2.1	39.2
Query_159737	XM_036392889.1	100.000	21	0	0	1	21	385	365	2.1	39.2
Query_159737	XM_036276571.1	100.000	21	0	0	1	21	510	490	2.1	39.2
Query_159737	XM_036276570.1	100.000	21	0	0	1	21	534	514	2.1	39.2
Query_159737	XM_036276569.1	100.000	21	0	0	1	21	360	340	2.1	39.2
Query_159737	AP023482.1	100.000	21	0	0	1	21	17288313	17288293	2.1	39.2
Query_159737	AP023479.1	100.000	21	0	0	1	21	9660866	9660846	2.1	39.2
Query_159737	XM_036197723.1	100.000	21	0	0	1	21	282	262	2.1	39.2
Query_159737	XM_036197722.1	100.000	21	0	0	1	21	389	369	2.1	39.2
Query_159737	XM_036156152.1	100.000	21	0	0	1	21	369	349	2.1	39.2
Query_159737	XM_035897195.1	100.000	21	0	0	1	21	313	293	2.1	39.2
Query_159737	NM_001256356.2	100.000	21	0	0	1	21	275	255	2.1	39.2
Query_159737	XM_035556969.1	100.000	21	0	0	1	21	330	310	2.1	39.2
Query_159737	XM_035556968.1	100.000	21	0	0	1	21	413	393	2.1	39.2
Query_159737	XM_035556967.1	100.000	21	0	0	1	21	454	434	2.1	39.2
Query_159737	XM_035340457.1	100.000	21	0	0	1	21	439	419	2.1	39.2
Query_159737	XM_002752526.5	100.000	21	0	0	1	21	386	366	2.1	39.2
Query_159737	XM_035284661.1	100.000	21	0	0	1	21	371	351	2.1	39.2
Query_159737	XM_035290943.1	100.000	21	0	0	1	21	371	351	2.1	39.2
Query_159737	XR_617564.3	100.000	21	0	0	1	21	363	343	2.1	39.2
Query_159737	XM_035267121.1	100.000	21	0	0	1	21	304	284	2.1	39.2
Query_159737	XM_035267117.1	100.000	21	0	0	1	21	455	435	2.1	39.2
Query_159737	XM_002806551.5	100.000	21	0	0	1	21	451	431	2.1	39.2
Query_159737	XM_035267104.1	100.000	21	0	0	1	21	418	398	2.1	39.2
Query_159737	XM_035267097.1	100.000	21	0	0	1	21	536	516	2.1	39.2
Query_159737	LS423626.1	100.000	21	0	0	1	21	5306304	5306324	2.1	39.2


