# blastn
# Iteration: 0
# Query: 
# RID: 8YMPDP6E016
# Database: nt
# Fields: query acc.ver, subject acc.ver, % identity, alignment length, mismatches, gap opens, q. start, q. end, s. start, s. end, evalue, bit score
# 74 hits found
Query_30309	XM_003811844.2	100.000	21	0	0	1	21	423	403	2.1	39.2
Query_30309	XM_033196559.1	100.000	21	0	0	1	21	548	528	2.1	39.2
Query_30309	XM_032260946.1	100.000	21	0	0	1	21	380	360	2.1	39.2
Query_30309	XM_032260945.1	100.000	21	0	0	1	21	456	436	2.1	39.2
Query_30309	XM_032161224.1	100.000	21	0	0	1	21	558	538	2.1	39.2
Query_30309	XM_023214308.2	100.000	21	0	0	1	21	515	495	2.1	39.2
Query_30309	XR_004184786.1	100.000	21	0	0	1	21	246	226	2.1	39.2
Query_30309	XM_031654823.1	100.000	21	0	0	1	21	405	385	2.1	39.2
Query_30309	XM_031654814.1	100.000	21	0	0	1	21	498	478	2.1	39.2
Query_30309	XM_031011621.1	100.000	21	0	0	1	21	539	519	2.1	39.2
Query_30309	XM_010367119.2	100.000	21	0	0	1	21	651	631	2.1	39.2
Query_30309	XR_750211.2	100.000	21	0	0	1	21	240	220	2.1	39.2
Query_30309	XM_030824091.1	100.000	21	0	0	1	21	559	539	2.1	39.2
Query_30309	XR_012770.4	100.000	21	0	0	1	21	227	207	2.1	39.2
Query_30309	XM_028826846.1	100.000	21	0	0	1	21	459	439	2.1	39.2
Query_30309	XM_015113807.2	100.000	21	0	0	1	21	425	405	2.1	39.2
Query_30309	XM_015113815.2	100.000	21	0	0	1	21	379	359	2.1	39.2
Query_30309	NM_016406.4	100.000	21	0	0	1	21	246	226	2.1	39.2
Query_30309	XM_023185092.2	100.000	21	0	0	1	21	256	236	2.1	39.2
Query_30309	XM_014581955.2	100.000	21	0	0	1	21	494	474	2.1	39.2
Query_30309	XR_003120460.1	100.000	21	0	0	1	21	226	206	2.1	39.2
Query_30309	XM_025359394.1	100.000	21	0	0	1	21	365	345	2.1	39.2
Query_30309	XM_025359307.1	100.000	21	0	0	1	21	541	521	2.1	39.2
Query_30309	XM_011770131.2	100.000	21	0	0	1	21	317	297	2.1	39.2
Query_30309	XM_017001450.2	100.000	21	0	0	1	21	376	356	2.1	39.2
Query_30309	XM_002809897.3	100.000	21	0	0	1	21	536	516	2.1	39.2
Query_30309	XM_023214307.1	100.000	21	0	0	1	21	536	516	2.1	39.2
Query_30309	XM_021089535.1	100.000	21	0	0	1	21	228	208	2.1	39.2
Query_30309	XM_003125655.4	100.000	21	0	0	1	21	356	336	2.1	39.2
Query_30309	XM_003125654.4	100.000	21	0	0	1	21	845	825	2.1	39.2
Query_30309	LT734974.1	100.000	21	0	0	1	21	713	693	2.1	39.2
Query_30309	XM_017860834.1	100.000	21	0	0	1	21	541	521	2.1	39.2
Query_30309	XR_001884737.1	100.000	21	0	0	1	21	239	219	2.1	39.2
Query_30309	XM_017001451.1	100.000	21	0	0	1	21	589	569	2.1	39.2
Query_30309	XR_001492658.1	100.000	21	0	0	1	21	226	206	2.1	39.2
Query_30309	XM_015452762.1	100.000	21	0	0	1	21	529	509	2.1	39.2
Query_30309	XM_012728863.1	100.000	21	0	0	1	21	290	270	2.1	39.2
Query_30309	XM_004688397.2	100.000	21	0	0	1	21	328	308	2.1	39.2
Query_30309	XR_978895.1	100.000	21	0	0	1	21	226	206	2.1	39.2
Query_30309	XM_011770130.1	100.000	21	0	0	1	21	387	367	2.1	39.2
Query_30309	XR_001018749.1	100.000	21	0	0	1	21	226	206	2.1	39.2
Query_30309	XM_011957583.1	100.000	21	0	0	1	21	541	521	2.1	39.2
Query_30309	XR_001007306.1	100.000	21	0	0	1	21	226	206	2.1	39.2
Query_30309	XM_513937.5	100.000	21	0	0	1	21	534	514	2.1	39.2
Query_30309	XM_008984761.1	100.000	21	0	0	1	21	507	487	2.1	39.2
Query_30309	KJ898907.1	100.000	21	0	0	1	21	291	271	2.1	39.2
Query_30309	XM_005245254.1	100.000	21	0	0	1	21	432	412	2.1	39.2
Query_30309	XR_005581184.1	100.000	21	0	0	1	21	229	209	2.1	39.2
Query_30309	XM_037984472.1	100.000	21	0	0	1	21	226	206	2.1	39.2
Query_30309	XM_007976437.2	100.000	21	0	0	1	21	433	413	2.1	39.2
Query_30309	XM_017515076.2	100.000	21	0	0	1	21	380	360	2.1	39.2
Query_30309	XM_037733647.1	100.000	21	0	0	1	21	464	444	2.1	39.2
Query_30309	XM_017515075.2	100.000	21	0	0	1	21	533	513	2.1	39.2
Query_30309	XM_037506643.1	100.000	21	0	0	1	21	369	349	2.1	39.2
Query_30309	XM_037506642.1	100.000	21	0	0	1	21	382	362	2.1	39.2
Query_30309	XM_037506641.1	100.000	21	0	0	1	21	357	337	2.1	39.2
Query_30309	AK396135.1	100.000	21	0	0	1	21	411	391	2.1	39.2
Query_30309	XM_035279447.1	100.000	21	0	0	1	21	599	579	2.1	39.2
Query_30309	XM_035279446.1	100.000	21	0	0	1	21	556	536	2.1	39.2
Query_30309	XM_002760186.4	100.000	21	0	0	1	21	443	423	2.1	39.2
Query_30309	XM_035279445.1	100.000	21	0	0	1	21	591	571	2.1	39.2
Query_30309	XM_035279443.1	100.000	21	0	0	1	21	537	517	2.1	39.2
Query_30309	AK311562.1	100.000	21	0	0	1	21	432	412	2.1	39.2
Query_30309	AK292776.1	100.000	21	0	0	1	21	432	412	2.1	39.2
Query_30309	DQ896457.2	100.000	21	0	0	1	21	248	228	2.1	39.2
Query_30309	DQ893161.2	100.000	21	0	0	1	21	248	228	2.1	39.2
Query_30309	AK239911.1	100.000	21	0	0	1	21	409	389	2.1	39.2
Query_30309	BC005187.1	100.000	21	0	0	1	21	472	452	2.1	39.2
Query_30309	AL590714.27	100.000	21	0	0	1	21	12468	12448	2.1	39.2
Query_30309	AB154405.1	100.000	21	0	0	1	21	226	206	2.1	39.2
Query_30309	AF161504.1	100.000	21	0	0	1	21	466	446	2.1	39.2
Query_30309	AF151884.1	100.000	21	0	0	1	21	447	427	2.1	39.2
Query_30309	AY610495.1	100.000	21	0	0	1	21	317	297	2.1	39.2
Query_30309	XM_039480650.1	100.000	20	0	0	2	21	539	520	7.4	37.4


