# blastn
# Iteration: 0
# Query: 
# RID: 6S1XRH3101R
# Database: nt
# Fields: query acc.ver, subject acc.ver, % identity, alignment length, mismatches, gap opens, q. start, q. end, s. start, s. end, evalue, bit score
# 25 hits found
Query_244895	XM_008976634.2	100.000	21	0	0	1	21	693	673	2.0	39.2
Query_244895	XM_003823013.3	100.000	21	0	0	1	21	675	655	2.0	39.2
Query_244895	XM_019037287.2	100.000	21	0	0	1	21	651	631	2.0	39.2
Query_244895	NM_014176.4	100.000	21	0	0	1	21	618	598	2.0	39.2
Query_244895	XM_009440790.2	100.000	21	0	0	1	21	667	647	2.0	39.2
Query_244895	XM_024350983.1	100.000	21	0	0	1	21	987	967	2.0	39.2
Query_244895	XM_514102.6	100.000	21	0	0	1	21	678	658	2.0	39.2
Query_244895	XM_024239242.1	100.000	21	0	0	1	21	1016	996	2.0	39.2
Query_244895	XM_002809603.4	100.000	21	0	0	1	21	663	643	2.0	39.2
Query_244895	LT735351.1	100.000	21	0	0	1	21	999	979	2.0	39.2
Query_244895	XM_004028164.2	100.000	21	0	0	1	21	647	627	2.0	39.2
Query_244895	NG_042230.1	100.000	21	0	0	1	21	15050	15030	2.0	39.2
Query_244895	KJ893680.1	100.000	21	0	0	1	21	577	557	2.0	39.2
Query_244895	NM_001310326.2	100.000	21	0	0	1	21	622	602	2.0	39.2
Query_244895	CU678593.1	100.000	21	0	0	1	21	100	120	2.0	39.2
Query_244895	DQ895975.2	100.000	21	0	0	1	21	534	514	2.0	39.2
Query_244895	DQ892729.2	100.000	21	0	0	1	21	534	514	2.0	39.2
Query_244895	BC019284.1	100.000	21	0	0	1	21	610	590	2.0	39.2
Query_244895	AL356953.17	100.000	21	0	0	1	21	148936	148956	2.0	39.2
Query_244895	BC004152.2	100.000	21	0	0	1	21	610	590	2.0	39.2
Query_244895	AF160215.1	100.000	21	0	0	1	21	605	585	2.0	39.2
Query_244895	AK000504.1	100.000	21	0	0	1	21	603	583	2.0	39.2
Query_244895	AF161499.1	100.000	21	0	0	1	21	638	618	2.0	39.2
Query_244895	AY542309.1	100.000	21	0	0	1	21	513	493	2.0	39.2
Query_244895	AB032931.1	100.000	21	0	0	1	21	554	534	2.0	39.2


