# blastn
# Iteration: 0
# Query: 
# RID: 6RRYCEE3016
# Database: nt
# Fields: query acc.ver, subject acc.ver, % identity, alignment length, mismatches, gap opens, q. start, q. end, s. start, s. end, evalue, bit score
# 57 hits found
Query_53989	XM_003807100.4	100.000	21	0	0	1	21	269	249	2.1	39.2
Query_53989	XM_034942333.1	100.000	21	0	0	1	21	253	233	2.1	39.2
Query_53989	XM_033224473.1	100.000	21	0	0	1	21	637	617	2.1	39.2
Query_53989	XM_032171207.1	100.000	21	0	0	1	21	540	520	2.1	39.2
Query_53989	XM_003916130.3	100.000	21	0	0	1	21	644	624	2.1	39.2
Query_53989	XR_004067781.1	100.000	21	0	0	1	21	253	233	2.1	39.2
Query_53989	XM_010379192.2	100.000	21	0	0	1	21	634	614	2.1	39.2
Query_53989	XM_003277335.4	100.000	21	0	0	1	21	546	526	2.1	39.2
Query_53989	AC279090.1	100.000	21	0	0	1	21	113556	113576	2.1	39.2
Query_53989	NM_014501.3	100.000	21	0	0	1	21	274	254	2.1	39.2
Query_53989	CP034522.1	100.000	21	0	0	1	21	55858259	55858279	2.1	39.2
Query_53989	CP034497.1	100.000	21	0	0	1	21	55858259	55858279	2.1	39.2
Query_53989	CP034495.1	100.000	21	0	0	1	21	15608140	15608160	2.1	39.2
Query_53989	XM_025369037.1	100.000	21	0	0	1	21	643	623	2.1	39.2
Query_53989	AC277988.1	100.000	21	0	0	1	21	96966	96946	2.1	39.2
Query_53989	XM_011752020.2	100.000	21	0	0	1	21	637	617	2.1	39.2
Query_53989	XM_011526752.2	100.000	21	0	0	1	21	925	905	2.1	39.2
Query_53989	XM_016936881.2	100.000	21	0	0	1	21	1817	1797	2.1	39.2
Query_53989	XM_016936880.2	100.000	21	0	0	1	21	337	317	2.1	39.2
Query_53989	XR_677486.3	100.000	21	0	0	1	21	529	509	2.1	39.2
Query_53989	XR_002942167.1	100.000	21	0	0	1	21	212	192	2.1	39.2
Query_53989	XM_024236634.1	100.000	21	0	0	1	21	539	519	2.1	39.2
Query_53989	XM_023184255.1	100.000	21	0	0	1	21	655	635	2.1	39.2
Query_53989	LT741140.1	100.000	21	0	0	1	21	562	542	2.1	39.2
Query_53989	LT736020.1	100.000	21	0	0	1	21	562	542	2.1	39.2
Query_53989	XM_017892532.1	100.000	21	0	0	1	21	635	615	2.1	39.2
Query_53989	XM_005590403.2	100.000	21	0	0	1	21	638	618	2.1	39.2
Query_53989	XM_012053615.1	100.000	21	0	0	1	21	635	615	2.1	39.2
Query_53989	XM_011932455.1	100.000	21	0	0	1	21	636	616	2.1	39.2
Query_53989	XM_011932454.1	100.000	21	0	0	1	21	642	622	2.1	39.2
Query_53989	XM_011997020.1	100.000	21	0	0	1	21	120	100	2.1	39.2
Query_53989	KJ906125.1	100.000	21	0	0	1	21	140	120	2.1	39.2
Query_53989	KJ898691.1	100.000	21	0	0	1	21	140	120	2.1	39.2
Query_53989	KJ898690.1	100.000	21	0	0	1	21	140	120	2.1	39.2
Query_53989	AC254826.1	100.000	21	0	0	1	21	132365	132345	2.1	39.2
Query_53989	NM_001266004.2	100.000	21	0	0	1	21	394	374	2.1	39.2
Query_53989	CP068261.1	100.000	21	0	0	1	21	15611356	15611376	2.1	39.2
Query_53989	CP068259.1	100.000	21	0	0	1	21	58502341	58502361	2.1	39.2
Query_53989	AP023479.1	100.000	21	0	0	1	21	55884683	55884703	2.1	39.2
Query_53989	AP023477.1	100.000	21	0	0	1	21	15791102	15791122	2.1	39.2
Query_53989	HQ448521.1	100.000	21	0	0	1	21	125	105	2.1	39.2
Query_53989	NG_001583.3	100.000	21	0	0	1	21	368	348	2.1	39.2
Query_53989	CU688218.1	100.000	21	0	0	1	21	91	71	2.1	39.2
Query_53989	CU675699.1	100.000	21	0	0	1	21	91	71	2.1	39.2
Query_53989	BC014622.1	100.000	21	0	0	1	21	264	244	2.1	39.2
Query_53989	AC183294.3	100.000	21	0	0	1	21	3221	3201	2.1	39.2
Query_53989	BC066948.1	100.000	21	0	0	1	21	99	79	2.1	39.2
Query_53989	BC065364.1	100.000	21	0	0	1	21	263	243	2.1	39.2
Query_53989	BC004236.2	100.000	21	0	0	1	21	253	233	2.1	39.2
Query_53989	AC018989.15	100.000	21	0	0	1	21	150623	150643	2.1	39.2
Query_53989	AC020922.9	100.000	21	0	0	1	21	115174	115194	2.1	39.2
Query_53989	DQ120719.1	100.000	21	0	0	1	21	75	55	2.1	39.2
Query_53989	DQ120718.1	100.000	21	0	0	1	21	75	55	2.1	39.2
Query_53989	AB062397.1	100.000	21	0	0	1	21	253	233	2.1	39.2
Query_53989	AC005324.1	100.000	21	0	0	1	21	60199	60179	2.1	39.2
Query_53989	M91670.1	100.000	21	0	0	1	21	134	114	2.1	39.2
Query_53989	LR597451.1	100.000	20	0	0	2	21	28028635	28028654	7.2	37.4


