# blastn
# Iteration: 0
# Query: 
# RID: 8YRS3F0M01N
# Database: nt
# Fields: query acc.ver, subject acc.ver, % identity, alignment length, mismatches, gap opens, q. start, q. end, s. start, s. end, evalue, bit score
# 33 hits found
Query_195161	XM_034966245.1	100.000	21	0	0	1	21	470	450	2.1	39.2
Query_195161	XM_003831319.3	100.000	21	0	0	1	21	478	458	2.1	39.2
Query_195161	XM_008956682.2	100.000	21	0	0	1	21	477	457	2.1	39.2
Query_195161	XM_034966244.1	100.000	21	0	0	1	21	805	785	2.1	39.2
Query_195161	NR_073119.3	100.000	21	0	0	1	21	327	307	2.1	39.2
Query_195161	NR_073120.3	100.000	21	0	0	1	21	327	307	2.1	39.2
Query_195161	NR_073121.3	100.000	21	0	0	1	21	327	307	2.1	39.2
Query_195161	NM_001001481.4	100.000	21	0	0	1	21	463	443	2.1	39.2
Query_195161	NM_001271015.3	100.000	21	0	0	1	21	430	410	2.1	39.2
Query_195161	NM_018299.6	100.000	21	0	0	1	21	430	410	2.1	39.2
Query_195161	XM_009455526.3	100.000	21	0	0	1	21	492	472	2.1	39.2
Query_195161	XM_016959579.2	100.000	21	0	0	1	21	492	472	2.1	39.2
Query_195161	XM_009455525.3	100.000	21	0	0	1	21	525	505	2.1	39.2
Query_195161	XM_016959578.2	100.000	21	0	0	1	21	525	505	2.1	39.2
Query_195161	XM_016959577.2	100.000	21	0	0	1	21	525	505	2.1	39.2
Query_195161	LT734931.1	100.000	21	0	0	1	21	877	857	2.1	39.2
Query_195161	LT733781.1	100.000	21	0	0	1	21	877	857	2.1	39.2
Query_195161	KJ902804.1	100.000	21	0	0	1	21	455	435	2.1	39.2
Query_195161	KJ894177.1	100.000	21	0	0	1	21	455	435	2.1	39.2
Query_195161	HG992190.1	100.000	21	0	0	1	21	2044796	2044816	2.1	39.2
Query_195161	AK295792.1	100.000	21	0	0	1	21	478	458	2.1	39.2
Query_195161	EU446497.1	100.000	21	0	0	1	21	412	392	2.1	39.2
Query_195161	AK225554.1	100.000	21	0	0	1	21	409	389	2.1	39.2
Query_195161	AY948289.1	100.000	21	0	0	1	21	447	427	2.1	39.2
Query_195161	BC016326.1	100.000	21	0	0	1	21	432	412	2.1	39.2
Query_195161	BC010900.1	100.000	21	0	0	1	21	397	377	2.1	39.2
Query_195161	AK024050.1	100.000	21	0	0	1	21	476	456	2.1	39.2
Query_195161	AK021735.1	100.000	21	0	0	1	21	393	373	2.1	39.2
Query_195161	AK001873.1	100.000	21	0	0	1	21	393	373	2.1	39.2
Query_195161	AC022826.12	100.000	21	0	0	1	21	109195	109215	2.1	39.2
Query_195161	CR457275.1	100.000	21	0	0	1	21	390	370	2.1	39.2
Query_195161	BX648427.1	100.000	21	0	0	1	21	304	284	2.1	39.2
Query_195161	BX538145.1	100.000	21	0	0	1	21	298	278	2.1	39.2


