# blastn
# Iteration: 0
# Query: 
# RID: 7RP84D5M016
# Database: nt
# Fields: query acc.ver, subject acc.ver, % identity, alignment length, mismatches, gap opens, q. start, q. end, s. start, s. end, evalue, bit score
# 101 hits found
Query_34197	HG999697.1	100.000	21	0	0	1	21	13968608	13968588	2.1	39.2
Query_34197	XM_040275524.1	100.000	21	0	0	1	21	374	354	2.1	39.2
Query_34197	XM_013358595.3	100.000	21	0	0	1	21	404	384	2.1	39.2
Query_34197	XM_040275523.1	100.000	21	0	0	1	21	297	277	2.1	39.2
Query_34197	XM_040275522.1	100.000	21	0	0	1	21	420	400	2.1	39.2
Query_34197	XM_040275521.1	100.000	21	0	0	1	21	423	403	2.1	39.2
Query_34197	XM_040265114.1	100.000	21	0	0	1	21	231	211	2.1	39.2
Query_34197	XM_040260091.1	100.000	21	0	0	1	21	345	325	2.1	39.2
Query_34197	XR_005722423.1	100.000	21	0	0	1	21	532	512	2.1	39.2
Query_34197	XM_040248194.1	100.000	21	0	0	1	21	614	594	2.1	39.2
Query_34197	XM_040248193.1	100.000	21	0	0	1	21	405	385	2.1	39.2
Query_34197	XM_040248192.1	100.000	21	0	0	1	21	406	386	2.1	39.2
Query_34197	XM_040248191.1	100.000	21	0	0	1	21	507	487	2.1	39.2
Query_34197	XM_040248190.1	100.000	21	0	0	1	21	472	452	2.1	39.2
Query_34197	XM_040248189.1	100.000	21	0	0	1	21	656	636	2.1	39.2
Query_34197	XM_040079728.1	100.000	21	0	0	1	21	453	433	2.1	39.2
Query_34197	XM_039864588.1	100.000	21	0	0	1	21	610	590	2.1	39.2
Query_34197	XM_039864587.1	100.000	21	0	0	1	21	474	454	2.1	39.2
Query_34197	XM_039864586.1	100.000	21	0	0	1	21	2107	2087	2.1	39.2
Query_34197	XM_039864584.1	100.000	21	0	0	1	21	490	470	2.1	39.2
Query_34197	XM_039719147.1	100.000	21	0	0	1	21	1044	1024	2.1	39.2
Query_34197	XM_039563285.1	100.000	21	0	0	1	21	454	434	2.1	39.2
Query_34197	XM_039498373.1	100.000	21	0	0	1	21	532	512	2.1	39.2
Query_34197	XM_039498372.1	100.000	21	0	0	1	21	527	507	2.1	39.2
Query_34197	XM_039498371.1	100.000	21	0	0	1	21	507	487	2.1	39.2
Query_34197	XM_010343114.2	100.000	21	0	0	1	21	629	609	2.1	39.2
Query_34197	XM_039479768.1	100.000	21	0	0	1	21	610	590	2.1	39.2
Query_34197	XM_039479767.1	100.000	21	0	0	1	21	465	445	2.1	39.2
Query_34197	XM_039477794.1	100.000	21	0	0	1	21	413	393	2.1	39.2
Query_34197	XM_027751911.2	100.000	21	0	0	1	21	457	437	2.1	39.2
Query_34197	XM_027751910.2	100.000	21	0	0	1	21	464	444	2.1	39.2
Query_34197	XM_027751909.2	100.000	21	0	0	1	21	420	400	2.1	39.2
Query_34197	XM_039345257.1	100.000	21	0	0	1	21	1434	1414	2.1	39.2
Query_34197	XM_039345256.1	100.000	21	0	0	1	21	524	504	2.1	39.2
Query_34197	XM_039345255.1	100.000	21	0	0	1	21	498	478	2.1	39.2
Query_34197	CP068258.1	100.000	21	0	0	1	21	3392860	3392880	2.1	39.2
Query_34197	CP068258.1	100.000	21	0	0	1	21	51852440	51852460	2.1	39.2
Query_34197	XR_005288650.1	100.000	21	0	0	1	21	446	426	2.1	39.2
Query_34197	XM_038369788.1	100.000	21	0	0	1	21	504	484	2.1	39.2
Query_34197	XM_038369787.1	100.000	21	0	0	1	21	444	424	2.1	39.2
Query_34197	XM_027473030.2	100.000	21	0	0	1	21	382	362	2.1	39.2
Query_34197	XM_013094404.4	100.000	21	0	0	1	21	494	474	2.1	39.2
Query_34197	XM_027473028.2	100.000	21	0	0	1	21	532	512	2.1	39.2
Query_34197	XM_038166229.1	100.000	21	0	0	1	21	573	553	2.1	39.2
Query_34197	XM_027473027.2	100.000	21	0	0	1	21	507	487	2.1	39.2
Query_34197	XM_038158905.1	100.000	21	0	0	1	21	512	492	2.1	39.2
Query_34197	XM_037983802.1	100.000	21	0	0	1	21	424	404	2.1	39.2
Query_34197	XM_008014329.2	100.000	21	0	0	1	21	617	597	2.1	39.2
Query_34197	XM_037982646.1	100.000	21	0	0	1	21	400	380	2.1	39.2
Query_34197	XM_008014322.2	100.000	21	0	0	1	21	696	676	2.1	39.2
Query_34197	XM_037982645.1	100.000	21	0	0	1	21	401	381	2.1	39.2
Query_34197	XM_008014318.2	100.000	21	0	0	1	21	556	536	2.1	39.2
Query_34197	XM_008014312.2	100.000	21	0	0	1	21	490	470	2.1	39.2
Query_34197	XM_037996789.1	100.000	21	0	0	1	21	422	402	2.1	39.2
Query_34197	XM_037915425.1	100.000	21	0	0	1	21	405	385	2.1	39.2
Query_34197	XM_037915423.1	100.000	21	0	0	1	21	530	510	2.1	39.2
Query_34197	XM_037821188.1	100.000	21	0	0	1	21	426	406	2.1	39.2
Query_34197	XM_037845652.1	100.000	21	0	0	1	21	354	334	2.1	39.2
Query_34197	XM_037844644.1	100.000	21	0	0	1	21	342	322	2.1	39.2
Query_34197	XM_037841024.1	100.000	21	0	0	1	21	279	259	2.1	39.2
Query_34197	XM_037841023.1	100.000	21	0	0	1	21	405	385	2.1	39.2
Query_34197	XM_037810938.1	100.000	21	0	0	1	21	442	422	2.1	39.2
Query_34197	XM_037808029.1	100.000	21	0	0	1	21	231	211	2.1	39.2
Query_34197	XM_037808017.1	100.000	21	0	0	1	21	70	90	2.1	39.2
Query_34197	XM_037801994.1	100.000	21	0	0	1	21	285	265	2.1	39.2
Query_34197	XM_037799127.1	100.000	21	0	0	1	21	405	385	2.1	39.2
Query_34197	XM_037734717.1	100.000	21	0	0	1	21	418	398	2.1	39.2
Query_34197	XR_001817404.2	100.000	21	0	0	1	21	403	383	2.1	39.2
Query_34197	XM_037727478.1	100.000	21	0	0	1	21	273	253	2.1	39.2
Query_34197	XM_037739054.1	100.000	21	0	0	1	21	866	846	2.1	39.2
Query_34197	XR_005200512.1	100.000	21	0	0	1	21	702	682	2.1	39.2
Query_34197	XR_005200511.1	100.000	21	0	0	1	21	526	506	2.1	39.2
Query_34197	XR_005200510.1	100.000	21	0	0	1	21	754	734	2.1	39.2
Query_34197	XR_005200509.1	100.000	21	0	0	1	21	578	558	2.1	39.2
Query_34197	XM_017529922.2	100.000	21	0	0	1	21	493	473	2.1	39.2
Query_34197	XM_017529921.2	100.000	21	0	0	1	21	493	473	2.1	39.2
Query_34197	XM_037403322.1	100.000	21	0	0	1	21	460	440	2.1	39.2
Query_34197	XM_037403321.1	100.000	21	0	0	1	21	405	385	2.1	39.2
Query_34197	XM_037403320.1	100.000	21	0	0	1	21	476	456	2.1	39.2
Query_34197	XM_037403319.1	100.000	21	0	0	1	21	445	425	2.1	39.2
Query_34197	XM_017651907.2	100.000	21	0	0	1	21	524	504	2.1	39.2
Query_34197	XM_017651906.2	100.000	21	0	0	1	21	620	600	2.1	39.2
Query_34197	XM_017651904.2	100.000	21	0	0	1	21	512	492	2.1	39.2
Query_34197	XM_017651903.2	100.000	21	0	0	1	21	490	470	2.1	39.2
Query_34197	XM_036901999.1	100.000	21	0	0	1	21	513	493	2.1	39.2
Query_34197	XM_036901998.1	100.000	21	0	0	1	21	616	596	2.1	39.2
Query_34197	XM_036901997.1	100.000	21	0	0	1	21	402	382	2.1	39.2
Query_34197	XM_036901996.1	100.000	21	0	0	1	21	490	470	2.1	39.2
Query_34197	XM_036395466.1	100.000	21	0	0	1	21	456	436	2.1	39.2
Query_34197	XM_036323836.1	100.000	21	0	0	1	21	254	234	2.1	39.2
Query_34197	XR_004970150.1	100.000	21	0	0	1	21	746	726	2.1	39.2
Query_34197	XM_036323833.1	100.000	21	0	0	1	21	539	519	2.1	39.2
Query_34197	XM_036244480.1	100.000	21	0	0	1	21	504	484	2.1	39.2
Query_34197	XM_036244479.1	100.000	21	0	0	1	21	435	415	2.1	39.2
Query_34197	XM_036244478.1	100.000	21	0	0	1	21	545	525	2.1	39.2
Query_34197	XM_036244476.1	100.000	21	0	0	1	21	457	437	2.1	39.2
Query_34197	XM_036244475.1	100.000	21	0	0	1	21	474	454	2.1	39.2
Query_34197	XM_036253164.1	100.000	21	0	0	1	21	405	385	2.1	39.2
Query_34197	XM_036229301.1	100.000	21	0	0	1	21	610	590	2.1	39.2
Query_34197	XM_016143743.2	100.000	21	0	0	1	21	474	454	2.1	39.2
Query_34197	XM_036229300.1	100.000	21	0	0	1	21	3253	3233	2.1	39.2


