# blastn
# Iteration: 0
# Query: 
# RID: 6XF2NBH3013
# Database: nt
# Fields: query acc.ver, subject acc.ver, % identity, alignment length, mismatches, gap opens, q. start, q. end, s. start, s. end, evalue, bit score
# 100 hits found
Query_38663	XM_040475549.1	100.000	21	0	0	1	21	430	410	2.1	39.2
Query_38663	XM_040475548.1	100.000	21	0	0	1	21	521	501	2.1	39.2
Query_38663	XM_040294550.1	100.000	21	0	0	1	21	408	388	2.1	39.2
Query_38663	XM_021725967.2	100.000	21	0	0	1	21	738	718	2.1	39.2
Query_38663	XM_040294549.1	100.000	21	0	0	1	21	656	636	2.1	39.2
Query_38663	XM_040294548.1	100.000	21	0	0	1	21	842	822	2.1	39.2
Query_38663	XM_040227739.1	100.000	21	0	0	1	21	625	605	2.1	39.2
Query_38663	XM_040227738.1	100.000	21	0	0	1	21	545	525	2.1	39.2
Query_38663	XM_040227737.1	100.000	21	0	0	1	21	729	709	2.1	39.2
Query_38663	HG994408.1	100.000	21	0	0	1	21	5904109	5904129	2.1	39.2
Query_38663	XM_039855835.1	100.000	21	0	0	1	21	516	496	2.1	39.2
Query_38663	XM_039855834.1	100.000	21	0	0	1	21	810	790	2.1	39.2
Query_38663	XM_039855833.1	100.000	21	0	0	1	21	532	512	2.1	39.2
Query_38663	XM_039855832.1	100.000	21	0	0	1	21	679	659	2.1	39.2
Query_38663	XM_039855830.1	100.000	21	0	0	1	21	545	525	2.1	39.2
Query_38663	XM_039855829.1	100.000	21	0	0	1	21	766	746	2.1	39.2
Query_38663	XM_039855828.1	100.000	21	0	0	1	21	587	567	2.1	39.2
Query_38663	XM_003589208.4	100.000	21	0	0	1	21	353	333	2.1	39.2
Query_38663	XM_010351541.2	100.000	21	0	0	1	21	757	737	2.1	39.2
Query_38663	XM_039469988.1	100.000	21	0	0	1	21	837	817	2.1	39.2
Query_38663	NM_001047857.4	100.000	21	0	0	1	21	761	741	2.1	39.2
Query_38663	XM_039254350.1	100.000	21	0	0	1	21	499	479	2.1	39.2
Query_38663	XM_039239646.1	100.000	21	0	0	1	21	549	529	2.1	39.2
Query_38663	XM_039239644.1	100.000	21	0	0	1	21	508	488	2.1	39.2
Query_38663	XM_039239643.1	100.000	21	0	0	1	21	722	702	2.1	39.2
Query_38663	XM_006234405.4	100.000	21	0	0	1	21	704	684	2.1	39.2
Query_38663	XM_038831836.1	100.000	21	0	0	1	21	371	351	2.1	39.2
Query_38663	XM_038869655.1	100.000	21	0	0	1	21	340	320	2.1	39.2
Query_38663	XM_038447236.1	100.000	21	0	0	1	21	428	408	2.1	39.2
Query_38663	XM_038447235.1	100.000	21	0	0	1	21	734	714	2.1	39.2
Query_38663	XM_038463393.1	100.000	21	0	0	1	21	428	408	2.1	39.2
Query_38663	XM_038463392.1	100.000	21	0	0	1	21	734	714	2.1	39.2
Query_38663	XM_007965532.2	100.000	21	0	0	1	21	821	801	2.1	39.2
Query_38663	XM_007965531.2	100.000	21	0	0	1	21	751	731	2.1	39.2
Query_38663	XM_007965530.2	100.000	21	0	0	1	21	774	754	2.1	39.2
Query_38663	XM_037735836.1	100.000	21	0	0	1	21	396	376	2.1	39.2
Query_38663	XM_037732749.1	100.000	21	0	0	1	21	475	455	2.1	39.2
Query_38663	XM_017532745.2	100.000	21	0	0	1	21	827	807	2.1	39.2
Query_38663	XM_017532744.2	100.000	21	0	0	1	21	757	737	2.1	39.2
Query_38663	XM_017532743.2	100.000	21	0	0	1	21	836	816	2.1	39.2
Query_38663	XM_028884602.2	100.000	21	0	0	1	21	758	738	2.1	39.2
Query_38663	XM_028884601.2	100.000	21	0	0	1	21	831	811	2.1	39.2
Query_38663	XM_037130039.1	100.000	21	0	0	1	21	485	465	2.1	39.2
Query_38663	XM_037130038.1	100.000	21	0	0	1	21	492	472	2.1	39.2
Query_38663	XM_037130037.1	100.000	21	0	0	1	21	654	634	2.1	39.2
Query_38663	XM_037130036.1	100.000	21	0	0	1	21	754	734	2.1	39.2
Query_38663	XM_037044351.1	100.000	21	0	0	1	21	685	665	2.1	39.2
Query_38663	XM_037044350.1	100.000	21	0	0	1	21	492	472	2.1	39.2
Query_38663	XM_037044349.1	100.000	21	0	0	1	21	485	465	2.1	39.2
Query_38663	XM_037044348.1	100.000	21	0	0	1	21	618	598	2.1	39.2
Query_38663	XM_037044347.1	100.000	21	0	0	1	21	734	714	2.1	39.2
Query_38663	XR_004984923.1	100.000	21	0	0	1	21	757	737	2.1	39.2
Query_38663	XM_036421414.1	100.000	21	0	0	1	21	757	737	2.1	39.2
Query_38663	XR_004969263.1	100.000	21	0	0	1	21	751	731	2.1	39.2
Query_38663	XM_036319158.1	100.000	21	0	0	1	21	736	716	2.1	39.2
Query_38663	XM_036319157.1	100.000	21	0	0	1	21	751	731	2.1	39.2
Query_38663	XM_036268012.1	100.000	21	0	0	1	21	435	415	2.1	39.2
Query_38663	XR_004958629.1	100.000	21	0	0	1	21	556	536	2.1	39.2
Query_38663	XM_036253507.1	100.000	21	0	0	1	21	773	753	2.1	39.2
Query_38663	XR_004958628.1	100.000	21	0	0	1	21	496	476	2.1	39.2
Query_38663	XR_004958627.1	100.000	21	0	0	1	21	556	536	2.1	39.2
Query_38663	XM_036253506.1	100.000	21	0	0	1	21	556	536	2.1	39.2
Query_38663	XR_004958626.1	100.000	21	0	0	1	21	575	555	2.1	39.2
Query_38663	XR_004958625.1	100.000	21	0	0	1	21	556	536	2.1	39.2
Query_38663	XM_036236019.1	100.000	21	0	0	1	21	587	567	2.1	39.2
Query_38663	XM_016164614.2	100.000	21	0	0	1	21	823	803	2.1	39.2
Query_38663	XM_016164616.2	100.000	21	0	0	1	21	427	407	2.1	39.2
Query_38663	XM_016164613.2	100.000	21	0	0	1	21	548	528	2.1	39.2
Query_38663	XM_016164615.2	100.000	21	0	0	1	21	712	692	2.1	39.2
Query_38663	XM_016164612.2	100.000	21	0	0	1	21	783	763	2.1	39.2
Query_38663	XM_036185310.1	100.000	21	0	0	1	21	534	514	2.1	39.2
Query_38663	XM_036185309.1	100.000	21	0	0	1	21	572	552	2.1	39.2
Query_38663	XM_036185308.1	100.000	21	0	0	1	21	760	740	2.1	39.2
Query_38663	XM_036185307.1	100.000	21	0	0	1	21	786	766	2.1	39.2
Query_38663	XM_006499162.5	100.000	21	0	0	1	21	579	559	2.1	39.2
Query_38663	XM_036079912.1	100.000	21	0	0	1	21	590	570	2.1	39.2
Query_38663	XM_036079911.1	100.000	21	0	0	1	21	790	770	2.1	39.2
Query_38663	XM_036079910.1	100.000	21	0	0	1	21	600	580	2.1	39.2
Query_38663	XM_036079909.1	100.000	21	0	0	1	21	775	755	2.1	39.2
Query_38663	XM_036070133.1	100.000	21	0	0	1	21	507	487	2.1	39.2
Query_38663	XM_036023225.1	100.000	21	0	0	1	21	540	520	2.1	39.2
Query_38663	XM_028508977.2	100.000	21	0	0	1	21	548	528	2.1	39.2
Query_38663	XM_028508979.2	100.000	21	0	0	1	21	477	457	2.1	39.2
Query_38663	XM_028508978.2	100.000	21	0	0	1	21	627	607	2.1	39.2
Query_38663	XM_035979387.1	100.000	21	0	0	1	21	363	343	2.1	39.2
Query_38663	XM_022137647.2	100.000	21	0	0	1	21	369	349	2.1	39.2
Query_38663	NM_182678.3	100.000	21	0	0	1	21	625	605	2.1	39.2
Query_38663	NM_001278554.2	100.000	21	0	0	1	21	826	806	2.1	39.2
Query_38663	NM_001278555.2	100.000	21	0	0	1	21	593	573	2.1	39.2
Query_38663	XM_035696433.1	100.000	21	0	0	1	21	421	401	2.1	39.2
Query_38663	XM_035696430.1	100.000	21	0	0	1	21	422	402	2.1	39.2
Query_38663	XM_035696428.1	100.000	21	0	0	1	21	424	404	2.1	39.2
Query_38663	XM_035696425.1	100.000	21	0	0	1	21	428	408	2.1	39.2
Query_38663	XM_025460381.2	100.000	21	0	0	1	21	905	885	2.1	39.2
Query_38663	XM_027591007.2	100.000	21	0	0	1	21	738	718	2.1	39.2
Query_38663	XM_027591006.2	100.000	21	0	0	1	21	588	568	2.1	39.2
Query_38663	XM_027591004.2	100.000	21	0	0	1	21	645	625	2.1	39.2
Query_38663	XM_027591003.2	100.000	21	0	0	1	21	779	759	2.1	39.2
Query_38663	XM_003733157.3	100.000	21	0	0	1	21	752	732	2.1	39.2
Query_38663	XM_035304362.1	100.000	21	0	0	1	21	894	874	2.1	39.2


