# blastn
# Iteration: 0
# Query: 
# RID: 9PSYJ64X013
# Database: nt
# Fields: query acc.ver, subject acc.ver, % identity, alignment length, mismatches, gap opens, q. start, q. end, s. start, s. end, evalue, bit score
# 100 hits found
Query_59129	XM_003811844.2	100.000	21	0	0	1	21	323	303	2.1	39.2
Query_59129	XM_034520201.1	100.000	21	0	0	1	21	293	273	2.1	39.2
Query_59129	XM_034520200.1	100.000	21	0	0	1	21	323	303	2.1	39.2
Query_59129	XM_034520199.1	100.000	21	0	0	1	21	264	244	2.1	39.2
Query_59129	XM_034520198.1	100.000	21	0	0	1	21	322	302	2.1	39.2
Query_59129	XM_034520197.1	100.000	21	0	0	1	21	409	389	2.1	39.2
Query_59129	XM_033196559.1	100.000	21	0	0	1	21	448	428	2.1	39.2
Query_59129	XM_032915004.1	100.000	21	0	0	1	21	384	364	2.1	39.2
Query_59129	XM_032260946.1	100.000	21	0	0	1	21	280	260	2.1	39.2
Query_59129	XM_032260945.1	100.000	21	0	0	1	21	356	336	2.1	39.2
Query_59129	XM_032161224.1	100.000	21	0	0	1	21	458	438	2.1	39.2
Query_59129	XM_023214308.2	100.000	21	0	0	1	21	415	395	2.1	39.2
Query_59129	XR_004184786.1	100.000	21	0	0	1	21	146	126	2.1	39.2
Query_59129	XM_031654823.1	100.000	21	0	0	1	21	305	285	2.1	39.2
Query_59129	XM_031654814.1	100.000	21	0	0	1	21	398	378	2.1	39.2
Query_59129	XM_031389331.1	100.000	21	0	0	1	21	264	244	2.1	39.2
Query_59129	XM_031011621.1	100.000	21	0	0	1	21	439	419	2.1	39.2
Query_59129	XM_010367119.2	100.000	21	0	0	1	21	551	531	2.1	39.2
Query_59129	XR_750211.2	100.000	21	0	0	1	21	140	120	2.1	39.2
Query_59129	XM_030824091.1	100.000	21	0	0	1	21	459	439	2.1	39.2
Query_59129	XM_008848012.3	100.000	21	0	0	1	21	215	195	2.1	39.2
Query_59129	XM_029570877.1	100.000	21	0	0	1	21	375	355	2.1	39.2
Query_59129	XM_028826846.1	100.000	21	0	0	1	21	359	339	2.1	39.2
Query_59129	XM_015113807.2	100.000	21	0	0	1	21	325	305	2.1	39.2
Query_59129	XM_015113815.2	100.000	21	0	0	1	21	279	259	2.1	39.2
Query_59129	XM_028787765.1	100.000	21	0	0	1	21	336	316	2.1	39.2
Query_59129	LR584244.1	100.000	21	0	0	1	21	11692772	11692792	2.1	39.2
Query_59129	NM_016406.4	100.000	21	0	0	1	21	146	126	2.1	39.2
Query_59129	XM_026780011.1	100.000	21	0	0	1	21	359	339	2.1	39.2
Query_59129	XM_005348804.2	100.000	21	0	0	1	21	359	339	2.1	39.2
Query_59129	XM_023185092.2	100.000	21	0	0	1	21	156	136	2.1	39.2
Query_59129	XR_003120460.1	100.000	21	0	0	1	21	126	106	2.1	39.2
Query_59129	XM_025359394.1	100.000	21	0	0	1	21	265	245	2.1	39.2
Query_59129	XM_025359307.1	100.000	21	0	0	1	21	441	421	2.1	39.2
Query_59129	XM_011770131.2	100.000	21	0	0	1	21	217	197	2.1	39.2
Query_59129	XM_017001450.2	100.000	21	0	0	1	21	276	256	2.1	39.2
Query_59129	XM_002809897.3	100.000	21	0	0	1	21	436	416	2.1	39.2
Query_59129	XM_023214307.1	100.000	21	0	0	1	21	436	416	2.1	39.2
Query_59129	XM_012449634.2	100.000	21	0	0	1	21	427	407	2.1	39.2
Query_59129	XM_012449633.2	100.000	21	0	0	1	21	437	417	2.1	39.2
Query_59129	XM_021239618.1	100.000	21	0	0	1	21	392	372	2.1	39.2
Query_59129	XM_021239617.1	100.000	21	0	0	1	21	420	400	2.1	39.2
Query_59129	XM_021239616.1	100.000	21	0	0	1	21	482	462	2.1	39.2
Query_59129	XM_004858676.3	100.000	21	0	0	1	21	517	497	2.1	39.2
Query_59129	XM_004858681.3	100.000	21	0	0	1	21	359	339	2.1	39.2
Query_59129	XM_004858675.3	100.000	21	0	0	1	21	515	495	2.1	39.2
Query_59129	XM_004858679.3	100.000	21	0	0	1	21	396	376	2.1	39.2
Query_59129	XM_004858674.3	100.000	21	0	0	1	21	550	530	2.1	39.2
Query_59129	LT734974.1	100.000	21	0	0	1	21	613	593	2.1	39.2
Query_59129	XM_020174322.1	100.000	21	0	0	1	21	553	533	2.1	39.2
Query_59129	XM_017860834.1	100.000	21	0	0	1	21	441	421	2.1	39.2
Query_59129	XR_001884737.1	100.000	21	0	0	1	21	136	116	2.1	39.2
Query_59129	XM_017001451.1	100.000	21	0	0	1	21	489	469	2.1	39.2
Query_59129	XM_006990626.2	100.000	21	0	0	1	21	208	188	2.1	39.2
Query_59129	XM_006990625.2	100.000	21	0	0	1	21	266	246	2.1	39.2
Query_59129	XM_006990624.2	100.000	21	0	0	1	21	369	349	2.1	39.2
Query_59129	XM_012449632.1	100.000	21	0	0	1	21	435	415	2.1	39.2
Query_59129	XR_001106944.1	100.000	21	0	0	1	21	351	331	2.1	39.2
Query_59129	XM_011770130.1	100.000	21	0	0	1	21	287	267	2.1	39.2
Query_59129	XR_001018749.1	100.000	21	0	0	1	21	126	106	2.1	39.2
Query_59129	XM_012067544.1	100.000	21	0	0	1	21	436	416	2.1	39.2
Query_59129	XM_011957583.1	100.000	21	0	0	1	21	441	421	2.1	39.2
Query_59129	XR_001007306.1	100.000	21	0	0	1	21	126	106	2.1	39.2
Query_59129	XM_011976265.1	100.000	21	0	0	1	21	441	421	2.1	39.2
Query_59129	XM_513937.5	100.000	21	0	0	1	21	434	414	2.1	39.2
Query_59129	XM_008580209.1	100.000	21	0	0	1	21	299	279	2.1	39.2
Query_59129	XM_008580208.1	100.000	21	0	0	1	21	235	215	2.1	39.2
Query_59129	XM_008580207.1	100.000	21	0	0	1	21	354	334	2.1	39.2
Query_59129	KJ898907.1	100.000	21	0	0	1	21	191	171	2.1	39.2
Query_59129	XM_007947729.1	100.000	21	0	0	1	21	126	106	2.1	39.2
Query_59129	XM_006861665.1	100.000	21	0	0	1	21	126	106	2.1	39.2
Query_59129	XM_005245254.1	100.000	21	0	0	1	21	332	312	2.1	39.2
Query_59129	XM_004671134.1	100.000	21	0	0	1	21	193	173	2.1	39.2
Query_59129	XM_041003356.1	100.000	21	0	0	1	21	205	185	2.1	39.2
Query_59129	XM_005087769.4	100.000	21	0	0	1	21	362	342	2.1	39.2
Query_59129	NM_001003709.3	100.000	21	0	0	1	21	331	311	2.1	39.2
Query_59129	XM_039480650.1	100.000	21	0	0	1	21	440	420	2.1	39.2
Query_59129	XR_005581184.1	100.000	21	0	0	1	21	129	109	2.1	39.2
Query_59129	XR_005492267.1	100.000	21	0	0	1	21	388	368	2.1	39.2
Query_59129	XM_039090960.1	100.000	21	0	0	1	21	349	329	2.1	39.2
Query_59129	XM_006250251.3	100.000	21	0	0	1	21	335	315	2.1	39.2
Query_59129	XM_037984472.1	100.000	21	0	0	1	21	126	106	2.1	39.2
Query_59129	XM_007976437.2	100.000	21	0	0	1	21	333	313	2.1	39.2
Query_59129	XM_017515076.2	100.000	21	0	0	1	21	280	260	2.1	39.2
Query_59129	XM_037733647.1	100.000	21	0	0	1	21	364	344	2.1	39.2
Query_59129	XM_017515075.2	100.000	21	0	0	1	21	433	413	2.1	39.2
Query_59129	XM_028860122.2	100.000	21	0	0	1	21	687	667	2.1	39.2
Query_59129	XM_037211262.1	100.000	21	0	0	1	21	526	506	2.1	39.2
Query_59129	XM_028860121.2	100.000	21	0	0	1	21	597	577	2.1	39.2
Query_59129	XM_004589102.3	100.000	21	0	0	1	21	212	192	2.1	39.2
Query_59129	XM_027419018.2	100.000	21	0	0	1	21	359	339	2.1	39.2
Query_59129	XM_003506861.4	100.000	21	0	0	1	21	359	339	2.1	39.2
Query_59129	FQ219875.1	100.000	21	0	0	1	21	201	181	2.1	39.2
Query_59129	FQ213507.1	100.000	21	0	0	1	21	332	312	2.1	39.2
Query_59129	FQ213023.1	100.000	21	0	0	1	21	322	302	2.1	39.2
Query_59129	FQ229371.1	100.000	21	0	0	1	21	150	130	2.1	39.2
Query_59129	FQ229356.1	100.000	21	0	0	1	21	353	333	2.1	39.2
Query_59129	FQ222464.1	100.000	21	0	0	1	21	363	343	2.1	39.2
Query_59129	FQ213973.1	100.000	21	0	0	1	21	335	315	2.1	39.2
Query_59129	FQ212748.1	100.000	21	0	0	1	21	349	329	2.1	39.2


