# blastn
# Iteration: 0
# Query: 
# RID: 73P8FB2S01R
# Database: nt
# Fields: query acc.ver, subject acc.ver, % identity, alignment length, mismatches, gap opens, q. start, q. end, s. start, s. end, evalue, bit score
# 21 hits found
Query_449895	XM_003817410.4	100.000	21	0	0	1	21	985	965	2.0	39.2
Query_449895	XM_032162573.1	100.000	21	0	0	1	21	994	974	2.0	39.2
Query_449895	XM_019026567.2	100.000	21	0	0	1	21	1044	1024	2.0	39.2
Query_449895	XM_003272285.3	100.000	21	0	0	1	21	1346	1326	2.0	39.2
Query_449895	NM_005450.6	100.000	21	0	0	1	21	1000	980	2.0	39.2
Query_449895	CP034495.1	100.000	21	0	0	1	21	54672059	54672039	2.0	39.2
Query_449895	XM_523802.6	100.000	21	0	0	1	21	1055	1035	2.0	39.2
Query_449895	LT744950.1	100.000	21	0	0	1	21	962	942	2.0	39.2
Query_449895	KJ892724.1	100.000	21	0	0	1	21	540	520	2.0	39.2
Query_449895	CP068261.1	100.000	21	0	0	1	21	57471111	57471091	2.0	39.2
Query_449895	AP023477.1	100.000	21	0	0	1	21	54043911	54043891	2.0	39.2
Query_449895	NG_011958.1	100.000	21	0	0	1	21	6000	5980	2.0	39.2
Query_449895	CU689813.1	100.000	21	0	0	1	21	240	260	2.0	39.2
Query_449895	CU689812.1	100.000	21	0	0	1	21	491	471	2.0	39.2
Query_449895	AK314080.1	100.000	21	0	0	1	21	1000	980	2.0	39.2
Query_449895	BC034027.1	100.000	21	0	0	1	21	785	765	2.0	39.2
Query_449895	AC015724.9	100.000	21	0	0	1	21	61105	61125	2.0	39.2
Query_449895	AY890603.1	100.000	21	0	0	1	21	475	455	2.0	39.2
Query_449895	AY893078.1	100.000	21	0	0	1	21	475	455	2.0	39.2
Query_449895	AC005553.1	100.000	21	0	0	1	21	145728	145748	2.0	39.2
Query_449895	U31202.1	100.000	21	0	0	1	21	1286	1266	2.0	39.2


