# blastn
# Iteration: 0
# Query: 
# RID: 6RUJA04V01R
# Database: nt
# Fields: query acc.ver, subject acc.ver, % identity, alignment length, mismatches, gap opens, q. start, q. end, s. start, s. end, evalue, bit score
# 100 hits found
Query_362085	XM_008951835.2	100.000	21	0	0	1	21	682	662	2.0	39.2
Query_362085	XM_003826427.2	100.000	21	0	0	1	21	329	309	2.0	39.2
Query_362085	XM_033203867.1	100.000	21	0	0	1	21	492	472	2.0	39.2
Query_362085	XR_004435622.1	100.000	21	0	0	1	21	416	396	2.0	39.2
Query_362085	XM_033203866.1	100.000	21	0	0	1	21	416	396	2.0	39.2
Query_362085	XM_033120059.1	100.000	21	0	0	1	21	204	184	2.0	39.2
Query_362085	XM_033120058.1	100.000	21	0	0	1	21	335	315	2.0	39.2
Query_362085	XM_032152921.1	100.000	21	0	0	1	21	692	672	2.0	39.2
Query_362085	XM_032152920.1	100.000	21	0	0	1	21	458	438	2.0	39.2
Query_362085	XM_026449505.2	100.000	21	0	0	1	21	643	623	2.0	39.2
Query_362085	XM_026449504.2	100.000	21	0	0	1	21	415	395	2.0	39.2
Query_362085	XM_003909852.4	100.000	21	0	0	1	21	322	302	2.0	39.2
Query_362085	XM_030918055.1	100.000	21	0	0	1	21	493	473	2.0	39.2
Query_362085	XM_010353396.2	100.000	21	0	0	1	21	388	368	2.0	39.2
Query_362085	XM_003275313.3	100.000	21	0	0	1	21	458	438	2.0	39.2
Query_362085	XM_015114154.2	100.000	21	0	0	1	21	692	672	2.0	39.2
Query_362085	XM_015114153.2	100.000	21	0	0	1	21	415	395	2.0	39.2
Query_362085	NM_004223.5	100.000	21	0	0	1	21	293	273	2.0	39.2
Query_362085	XM_026406558.1	100.000	21	0	0	1	21	367	347	2.0	39.2
Query_362085	XM_006160815.3	100.000	21	0	0	1	21	269	249	2.0	39.2
Query_362085	XM_027776718.1	100.000	21	0	0	1	21	1015	995	2.0	39.2
Query_362085	XM_006160813.3	100.000	21	0	0	1	21	585	565	2.0	39.2
Query_362085	XM_025357070.1	100.000	21	0	0	1	21	320	300	2.0	39.2
Query_362085	XM_011766099.2	100.000	21	0	0	1	21	415	395	2.0	39.2
Query_362085	XM_521987.5	100.000	21	0	0	1	21	328	308	2.0	39.2
Query_362085	XM_009246347.2	100.000	21	0	0	1	21	146	126	2.0	39.2
Query_362085	XM_009246345.2	100.000	21	0	0	1	21	687	667	2.0	39.2
Query_362085	XM_003777762.3	100.000	21	0	0	1	21	330	310	2.0	39.2
Query_362085	XM_009246344.2	100.000	21	0	0	1	21	494	474	2.0	39.2
Query_362085	XM_006091893.3	100.000	21	0	0	1	21	349	329	2.0	39.2
Query_362085	XM_014458513.2	100.000	21	0	0	1	21	461	441	2.0	39.2
Query_362085	XM_001498309.5	100.000	21	0	0	1	21	398	378	2.0	39.2
Query_362085	XM_005598146.3	100.000	21	0	0	1	21	504	484	2.0	39.2
Query_362085	XM_005598145.3	100.000	21	0	0	1	21	453	433	2.0	39.2
Query_362085	XM_005598144.3	100.000	21	0	0	1	21	724	704	2.0	39.2
Query_362085	XM_003421333.3	100.000	21	0	0	1	21	335	315	2.0	39.2
Query_362085	XM_003801386.3	100.000	21	0	0	1	21	354	334	2.0	39.2
Query_362085	XM_012476491.2	100.000	21	0	0	1	21	671	651	2.0	39.2
Query_362085	XM_021676426.1	100.000	21	0	0	1	21	222	202	2.0	39.2
Query_362085	XM_012476490.2	100.000	21	0	0	1	21	424	404	2.0	39.2
Query_362085	XM_012476489.2	100.000	21	0	0	1	21	488	468	2.0	39.2
Query_362085	XM_012476488.2	100.000	21	0	0	1	21	302	282	2.0	39.2
Query_362085	XM_012749971.2	100.000	21	0	0	1	21	493	473	2.0	39.2
Query_362085	LT736766.1	100.000	21	0	0	1	21	719	699	2.0	39.2
Query_362085	XM_019624314.1	100.000	21	0	0	1	21	781	761	2.0	39.2
Query_362085	XM_004051168.2	100.000	21	0	0	1	21	689	669	2.0	39.2
Query_362085	XM_004051167.2	100.000	21	0	0	1	21	322	302	2.0	39.2
Query_362085	XM_017851370.1	100.000	21	0	0	1	21	415	395	2.0	39.2
Query_362085	XM_003317981.4	100.000	21	0	0	1	21	685	665	2.0	39.2
Query_362085	XM_015569347.1	100.000	21	0	0	1	21	364	344	2.0	39.2
Query_362085	XM_015434702.1	100.000	21	0	0	1	21	686	666	2.0	39.2
Query_362085	XM_005577852.2	100.000	21	0	0	1	21	415	395	2.0	39.2
Query_362085	XM_014827830.1	100.000	21	0	0	1	21	287	267	2.0	39.2
Query_362085	XM_014827829.1	100.000	21	0	0	1	21	554	534	2.0	39.2
Query_362085	XM_014827828.1	100.000	21	0	0	1	21	288	268	2.0	39.2
Query_362085	XM_014827827.1	100.000	21	0	0	1	21	690	670	2.0	39.2
Query_362085	XM_004437368.2	100.000	21	0	0	1	21	298	278	2.0	39.2
Query_362085	XM_012643883.1	100.000	21	0	0	1	21	507	487	2.0	39.2
Query_362085	XM_003275314.3	100.000	21	0	0	1	21	686	666	2.0	39.2
Query_362085	XM_012092325.1	100.000	21	0	0	1	21	415	395	2.0	39.2
Query_362085	XR_001004203.1	100.000	21	0	0	1	21	263	243	2.0	39.2
Query_362085	XM_011963414.1	100.000	21	0	0	1	21	263	243	2.0	39.2
Query_362085	XM_011998681.1	100.000	21	0	0	1	21	420	400	2.0	39.2
Query_362085	XM_011998680.1	100.000	21	0	0	1	21	858	838	2.0	39.2
Query_362085	XM_008590552.1	100.000	21	0	0	1	21	503	483	2.0	39.2
Query_362085	XM_008531111.1	100.000	21	0	0	1	21	317	297	2.0	39.2
Query_362085	XM_008531110.1	100.000	21	0	0	1	21	527	507	2.0	39.2
Query_362085	XM_008531109.1	100.000	21	0	0	1	21	326	306	2.0	39.2
Query_362085	XM_008531108.1	100.000	21	0	0	1	21	706	686	2.0	39.2
Query_362085	XM_008530754.1	100.000	21	0	0	1	21	151	131	2.0	39.2
Query_362085	KJ892727.1	100.000	21	0	0	1	21	297	277	2.0	39.2
Query_362085	XM_004585297.1	100.000	21	0	0	1	21	232	212	2.0	39.2
Query_362085	XM_005331587.4	100.000	21	0	0	1	21	805	785	2.0	39.2
Query_362085	XM_003920114.2	100.000	21	0	0	1	21	327	307	2.0	39.2
Query_362085	XM_007998290.2	100.000	21	0	0	1	21	327	307	2.0	39.2
Query_362085	XM_037838398.1	100.000	21	0	0	1	21	244	224	2.0	39.2
Query_362085	XM_037838397.1	100.000	21	0	0	1	21	353	333	2.0	39.2
Query_362085	XM_037814368.1	100.000	21	0	0	1	21	243	223	2.0	39.2
Query_362085	XM_037837733.1	100.000	21	0	0	1	21	297	277	2.0	39.2
Query_362085	XM_036426183.1	100.000	21	0	0	1	21	281	261	2.0	39.2
Query_362085	XM_036325828.1	100.000	21	0	0	1	21	305	285	2.0	39.2
Query_362085	XM_036325827.1	100.000	21	0	0	1	21	446	426	2.0	39.2
Query_362085	XM_036325826.1	100.000	21	0	0	1	21	799	779	2.0	39.2
Query_362085	XM_036325825.1	100.000	21	0	0	1	21	884	864	2.0	39.2
Query_362085	NM_198183.3	100.000	21	0	0	1	21	292	272	2.0	39.2
Query_362085	LR862365.1	100.000	21	0	0	1	21	14900340	14900360	2.0	39.2
Query_362085	XM_009008144.3	100.000	21	0	0	1	21	530	510	2.0	39.2
Query_362085	XM_002755286.4	100.000	21	0	0	1	21	354	334	2.0	39.2
Query_362085	CU689397.1	100.000	21	0	0	1	21	246	266	2.0	39.2
Query_362085	CU689396.1	100.000	21	0	0	1	21	248	228	2.0	39.2
Query_362085	AK315755.1	100.000	21	0	0	1	21	247	227	2.0	39.2
Query_362085	AC188405.3	100.000	21	0	0	1	21	36719	36699	2.0	39.2
Query_362085	DQ894475.2	100.000	21	0	0	1	21	254	234	2.0	39.2
Query_362085	DQ891291.2	100.000	21	0	0	1	21	254	234	2.0	39.2
Query_362085	AK226165.1	100.000	21	0	0	1	21	382	362	2.0	39.2
Query_362085	AK093462.1	100.000	21	0	0	1	21	641	621	2.0	39.2
Query_362085	CR457126.1	100.000	21	0	0	1	21	232	212	2.0	39.2
Query_362085	AK129621.1	100.000	21	0	0	1	21	199	179	2.0	39.2
Query_362085	BC032491.1	100.000	21	0	0	1	21	328	308	2.0	39.2
Query_362085	AP002893.3	100.000	21	0	0	1	21	125012	125032	2.0	39.2


