# blastn
# Iteration: 0
# Query: 
# RID: 8YM5EVXU01N
# Database: nt
# Fields: query acc.ver, subject acc.ver, % identity, alignment length, mismatches, gap opens, q. start, q. end, s. start, s. end, evalue, bit score
# 93 hits found
Query_407301	XM_003811844.2	100.000	21	0	0	1	21	521	501	2.1	39.2
Query_407301	XM_033196559.1	100.000	21	0	0	1	21	646	626	2.1	39.2
Query_407301	XM_033233047.1	100.000	21	0	0	1	21	396	376	2.1	39.2
Query_407301	XM_023214308.2	100.000	21	0	0	1	21	613	593	2.1	39.2
Query_407301	XR_004184786.1	100.000	21	0	0	1	21	345	325	2.1	39.2
Query_407301	XM_031654823.1	100.000	21	0	0	1	21	503	483	2.1	39.2
Query_407301	XM_031654814.1	100.000	21	0	0	1	21	596	576	2.1	39.2
Query_407301	XM_031011621.1	100.000	21	0	0	1	21	637	617	2.1	39.2
Query_407301	XM_010367119.2	100.000	21	0	0	1	21	749	729	2.1	39.2
Query_407301	XR_750211.2	100.000	21	0	0	1	21	338	318	2.1	39.2
Query_407301	XM_030824091.1	100.000	21	0	0	1	21	657	637	2.1	39.2
Query_407301	XR_012770.4	100.000	21	0	0	1	21	326	306	2.1	39.2
Query_407301	XM_028826846.1	100.000	21	0	0	1	21	557	537	2.1	39.2
Query_407301	XM_015113807.2	100.000	21	0	0	1	21	523	503	2.1	39.2
Query_407301	XM_015113815.2	100.000	21	0	0	1	21	477	457	2.1	39.2
Query_407301	NM_016406.4	100.000	21	0	0	1	21	344	324	2.1	39.2
Query_407301	XM_026780011.1	100.000	21	0	0	1	21	586	566	2.1	39.2
Query_407301	XM_026780010.1	100.000	21	0	0	1	21	412	392	2.1	39.2
Query_407301	XM_026780009.1	100.000	21	0	0	1	21	388	368	2.1	39.2
Query_407301	XM_005348804.2	100.000	21	0	0	1	21	557	537	2.1	39.2
Query_407301	XM_023185092.2	100.000	21	0	0	1	21	354	334	2.1	39.2
Query_407301	XR_003120460.1	100.000	21	0	0	1	21	325	305	2.1	39.2
Query_407301	XM_025359394.1	100.000	21	0	0	1	21	463	443	2.1	39.2
Query_407301	XM_025359307.1	100.000	21	0	0	1	21	639	619	2.1	39.2
Query_407301	XM_011770131.2	100.000	21	0	0	1	21	415	395	2.1	39.2
Query_407301	XM_017001450.2	100.000	21	0	0	1	21	474	454	2.1	39.2
Query_407301	XM_002809897.3	100.000	21	0	0	1	21	634	614	2.1	39.2
Query_407301	XM_004390173.2	100.000	21	0	0	1	21	569	549	2.1	39.2
Query_407301	XM_012528753.2	100.000	21	0	0	1	21	530	510	2.1	39.2
Query_407301	XM_003415195.3	100.000	21	0	0	1	21	447	427	2.1	39.2
Query_407301	XM_023214307.1	100.000	21	0	0	1	21	634	614	2.1	39.2
Query_407301	XM_008057891.2	100.000	21	0	0	1	21	509	489	2.1	39.2
Query_407301	XM_021712259.1	100.000	21	0	0	1	21	716	696	2.1	39.2
Query_407301	LT734974.1	100.000	21	0	0	1	21	811	791	2.1	39.2
Query_407301	XM_020174322.1	100.000	21	0	0	1	21	751	731	2.1	39.2
Query_407301	XM_017860834.1	100.000	21	0	0	1	21	639	619	2.1	39.2
Query_407301	XR_001884737.1	100.000	21	0	0	1	21	337	317	2.1	39.2
Query_407301	XM_008264195.2	100.000	21	0	0	1	21	497	477	2.1	39.2
Query_407301	XM_002715200.3	100.000	21	0	0	1	21	486	466	2.1	39.2
Query_407301	XM_008264194.2	100.000	21	0	0	1	21	522	502	2.1	39.2
Query_407301	XM_017001451.1	100.000	21	0	0	1	21	687	667	2.1	39.2
Query_407301	XM_006990626.2	100.000	21	0	0	1	21	406	386	2.1	39.2
Query_407301	XM_006990625.2	100.000	21	0	0	1	21	464	444	2.1	39.2
Query_407301	XM_006990624.2	100.000	21	0	0	1	21	567	547	2.1	39.2
Query_407301	XR_001492658.1	100.000	21	0	0	1	21	325	305	2.1	39.2
Query_407301	XM_015452762.1	100.000	21	0	0	1	21	627	607	2.1	39.2
Query_407301	XM_005400253.2	100.000	21	0	0	1	21	331	311	2.1	39.2
Query_407301	XM_005400252.2	100.000	21	0	0	1	21	759	739	2.1	39.2
Query_407301	XM_013149230.1	100.000	21	0	0	1	21	522	502	2.1	39.2
Query_407301	XM_013149228.1	100.000	21	0	0	1	21	631	611	2.1	39.2
Query_407301	XM_005002280.2	100.000	21	0	0	1	21	562	542	2.1	39.2
Query_407301	XM_005002281.2	100.000	21	0	0	1	21	595	575	2.1	39.2
Query_407301	XM_003785776.2	100.000	21	0	0	1	21	442	422	2.1	39.2
Query_407301	XM_012768570.1	100.000	21	0	0	1	21	633	613	2.1	39.2
Query_407301	XM_012639554.1	100.000	21	0	0	1	21	638	618	2.1	39.2
Query_407301	XR_978895.1	100.000	21	0	0	1	21	325	305	2.1	39.2
Query_407301	XM_011770130.1	100.000	21	0	0	1	21	485	465	2.1	39.2
Query_407301	XR_001018749.1	100.000	21	0	0	1	21	325	305	2.1	39.2
Query_407301	XM_012067544.1	100.000	21	0	0	1	21	634	614	2.1	39.2
Query_407301	XM_011957583.1	100.000	21	0	0	1	21	639	619	2.1	39.2
Query_407301	XR_001007306.1	100.000	21	0	0	1	21	325	305	2.1	39.2
Query_407301	XM_011976265.1	100.000	21	0	0	1	21	639	619	2.1	39.2
Query_407301	XM_513937.5	100.000	21	0	0	1	21	632	612	2.1	39.2
Query_407301	KJ898907.1	100.000	21	0	0	1	21	389	369	2.1	39.2
Query_407301	XM_006861665.1	100.000	21	0	0	1	21	324	304	2.1	39.2
Query_407301	XM_006895486.1	100.000	21	0	0	1	21	324	304	2.1	39.2
Query_407301	XM_005245254.1	100.000	21	0	0	1	21	530	510	2.1	39.2
Query_407301	XM_004671134.1	100.000	21	0	0	1	21	391	371	2.1	39.2
Query_407301	XM_040739380.1	100.000	21	0	0	1	21	364	344	2.1	39.2
Query_407301	XM_005087769.4	100.000	21	0	0	1	21	560	540	2.1	39.2
Query_407301	XM_040452393.1	100.000	21	0	0	1	21	924	904	2.1	39.2
Query_407301	XM_038349261.1	100.000	21	0	0	1	21	418	398	2.1	39.2
Query_407301	XM_038349260.1	100.000	21	0	0	1	21	572	552	2.1	39.2
Query_407301	XM_037984472.1	100.000	21	0	0	1	21	324	304	2.1	39.2
Query_407301	XM_007976437.2	100.000	21	0	0	1	21	531	511	2.1	39.2
Query_407301	XM_037813376.1	100.000	21	0	0	1	21	1073	1053	2.1	39.2
Query_407301	XM_037813372.1	100.000	21	0	0	1	21	252	232	2.1	39.2
Query_407301	XM_037813365.1	100.000	21	0	0	1	21	516	496	2.1	39.2
Query_407301	XM_028860122.2	100.000	21	0	0	1	21	914	894	2.1	39.2
Query_407301	XM_037211262.1	100.000	21	0	0	1	21	724	704	2.1	39.2
Query_407301	XM_028860121.2	100.000	21	0	0	1	21	795	775	2.1	39.2
Query_407301	AK311562.1	100.000	21	0	0	1	21	829	809	2.1	39.2
Query_407301	AK292776.1	100.000	21	0	0	1	21	530	510	2.1	39.2
Query_407301	DQ896457.2	100.000	21	0	0	1	21	346	326	2.1	39.2
Query_407301	DQ893161.2	100.000	21	0	0	1	21	346	326	2.1	39.2
Query_407301	BC005187.1	100.000	21	0	0	1	21	570	550	2.1	39.2
Query_407301	AL590714.27	100.000	21	0	0	1	21	12865	12845	2.1	39.2
Query_407301	AB154405.1	100.000	21	0	0	1	21	324	304	2.1	39.2
Query_407301	AF161504.1	100.000	21	0	0	1	21	564	544	2.1	39.2
Query_407301	AF151884.1	100.000	21	0	0	1	21	545	525	2.1	39.2
Query_407301	XM_007141626.1	100.000	20	0	0	1	20	633	614	7.4	37.4
Query_407301	JN948394.1	100.000	20	0	0	1	20	3085	3066	7.4	37.4
Query_407301	AL603905.19	100.000	20	0	0	1	20	172050	172031	7.4	37.4


