# blastn
# Iteration: 0
# Query: 
# RID: 6M4PH89G01R
# Database: nt
# Fields: query acc.ver, subject acc.ver, % identity, alignment length, mismatches, gap opens, q. start, q. end, s. start, s. end, evalue, bit score
# 53 hits found
Query_99057	XM_003822660.3	100.000	21	0	0	1	21	3223	3203	2.0	39.2
Query_99057	XM_033175808.1	100.000	21	0	0	1	21	2864	2844	2.0	39.2
Query_99057	XM_032239463.1	100.000	21	0	0	1	21	2754	2734	2.0	39.2
Query_99057	XM_032239461.1	100.000	21	0	0	1	21	2709	2689	2.0	39.2
Query_99057	XM_032178589.1	100.000	21	0	0	1	21	2421	2401	2.0	39.2
Query_99057	XM_023223830.2	100.000	21	0	0	1	21	3008	2988	2.0	39.2
Query_99057	MN297719.1	100.000	21	0	0	1	21	156	136	2.0	39.2
Query_99057	XM_003908598.4	100.000	21	0	0	1	21	3000	2980	2.0	39.2
Query_99057	XM_031007930.1	100.000	21	0	0	1	21	3019	2999	2.0	39.2
Query_99057	XM_030920698.1	100.000	21	0	0	1	21	2858	2838	2.0	39.2
Query_99057	XM_030799595.1	100.000	21	0	0	1	21	3016	2996	2.0	39.2
Query_99057	XM_015112284.2	100.000	21	0	0	1	21	3408	3388	2.0	39.2
Query_99057	NM_012249.4	100.000	21	0	0	1	21	3027	3007	2.0	39.2
Query_99057	XM_025353647.1	100.000	21	0	0	1	21	2779	2759	2.0	39.2
Query_99057	AC277863.1	100.000	21	0	0	1	21	187659	187679	2.0	39.2
Query_99057	XM_011713140.2	100.000	21	0	0	1	21	2970	2950	2.0	39.2
Query_99057	XM_016948475.2	100.000	21	0	0	1	21	2997	2977	2.0	39.2
Query_99057	XM_016948474.2	100.000	21	0	0	1	21	2858	2838	2.0	39.2
Query_99057	XM_002812061.4	100.000	21	0	0	1	21	2770	2750	2.0	39.2
Query_99057	XM_012473755.2	100.000	21	0	0	1	21	2756	2736	2.0	39.2
Query_99057	XM_017862694.1	100.000	21	0	0	1	21	2848	2828	2.0	39.2
Query_99057	XM_011532728.2	100.000	21	0	0	1	21	2355	2335	2.0	39.2
Query_99057	XM_017003716.1	100.000	21	0	0	1	21	3239	3219	2.0	39.2
Query_99057	XM_011532726.2	100.000	21	0	0	1	21	3082	3062	2.0	39.2
Query_99057	XM_015433694.1	100.000	21	0	0	1	21	3304	3284	2.0	39.2
Query_99057	XM_005575962.2	100.000	21	0	0	1	21	2618	2598	2.0	39.2
Query_99057	XM_012070312.1	100.000	21	0	0	1	21	3317	3297	2.0	39.2
Query_99057	XM_012070311.1	100.000	21	0	0	1	21	2785	2765	2.0	39.2
Query_99057	XM_011965779.1	100.000	21	0	0	1	21	2802	2782	2.0	39.2
Query_99057	XM_011936021.1	100.000	21	0	0	1	21	2529	2509	2.0	39.2
Query_99057	XM_005264229.2	100.000	21	0	0	1	21	2491	2471	2.0	39.2
Query_99057	NG_023007.2	100.000	21	0	0	1	21	2865	2845	2.0	39.2
Query_99057	NG_022969.2	100.000	21	0	0	1	21	2861	2841	2.0	39.2
Query_99057	XM_003926747.3	100.000	21	0	0	1	21	2994	2974	2.0	39.2
Query_99057	XM_038006885.1	100.000	21	0	0	1	21	2493	2473	2.0	39.2
Query_99057	XM_007970741.2	100.000	21	0	0	1	21	2998	2978	2.0	39.2
Query_99057	XM_037732867.1	100.000	21	0	0	1	21	2619	2599	2.0	39.2
Query_99057	XM_017512722.2	100.000	21	0	0	1	21	3000	2980	2.0	39.2
Query_99057	AC280214.1	100.000	21	0	0	1	21	181830	181850	2.0	39.2
Query_99057	AC185240.2	100.000	21	0	0	1	21	185323	185343	2.0	39.2
Query_99057	EU794657.1	100.000	21	0	0	1	21	2789	2769	2.0	39.2
Query_99057	BC013135.1	100.000	21	0	0	1	21	2949	2929	2.0	39.2
Query_99057	AC185990.2	100.000	21	0	0	1	21	124058	124078	2.0	39.2
Query_99057	AC183985.2	100.000	21	0	0	1	21	124315	124335	2.0	39.2
Query_99057	AC182490.3	100.000	21	0	0	1	21	101660	101680	2.0	39.2
Query_99057	AC120782.25	100.000	21	0	0	1	21	42805	42785	2.0	39.2
Query_99057	AC145214.1	100.000	21	0	0	1	21	39341	39321	2.0	39.2
Query_99057	AC018804.9	100.000	21	0	0	1	21	27379	27359	2.0	39.2
Query_99057	AC073869.5	100.000	21	0	0	1	21	137713	137693	2.0	39.2
Query_99057	AC018682.4	100.000	21	0	0	1	21	117328	117308	2.0	39.2
Query_99057	CP023117.1	100.000	20	0	0	2	21	27792861	27792842	7.1	37.4
Query_99057	XM_012755841.2	100.000	20	0	0	1	20	2739	2720	7.1	37.4
Query_99057	XM_012653848.1	100.000	20	0	0	1	20	2781	2762	7.1	37.4


