# blastn
# Iteration: 0
# Query: 
# RID: 7PX4YDV401R
# Database: nt
# Fields: query acc.ver, subject acc.ver, % identity, alignment length, mismatches, gap opens, q. start, q. end, s. start, s. end, evalue, bit score
# 71 hits found
Query_45665	XM_003807100.4	100.000	21	0	0	1	21	778	758	2.1	39.2
Query_45665	XM_034942333.1	100.000	21	0	0	1	21	762	742	2.1	39.2
Query_45665	XM_033224473.1	100.000	21	0	0	1	21	1146	1126	2.1	39.2
Query_45665	XM_032171207.1	100.000	21	0	0	1	21	1049	1029	2.1	39.2
Query_45665	LR738604.1	100.000	21	0	0	1	21	70551816	70551836	2.1	39.2
Query_45665	XR_004067781.1	100.000	21	0	0	1	21	762	742	2.1	39.2
Query_45665	XR_176607.3	100.000	21	0	0	1	21	778	758	2.1	39.2
Query_45665	XM_010379192.2	100.000	21	0	0	1	21	1143	1123	2.1	39.2
Query_45665	XM_003277335.4	100.000	21	0	0	1	21	1055	1035	2.1	39.2
Query_45665	NM_014501.3	100.000	21	0	0	1	21	783	763	2.1	39.2
Query_45665	CP034522.1	100.000	21	0	0	1	21	55852889	55852909	2.1	39.2
Query_45665	CP034497.1	100.000	21	0	0	1	21	55852889	55852909	2.1	39.2
Query_45665	CP034495.1	100.000	21	0	0	1	21	15607631	15607651	2.1	39.2
Query_45665	CP034495.1	100.000	21	0	0	1	21	18580987	18580967	2.1	39.2
Query_45665	AC277988.1	100.000	21	0	0	1	21	97475	97455	2.1	39.2
Query_45665	AC277977.1	100.000	21	0	0	1	21	166148	166168	2.1	39.2
Query_45665	XM_011752020.2	100.000	21	0	0	1	21	1146	1126	2.1	39.2
Query_45665	XM_016936881.2	100.000	21	0	0	1	21	2326	2306	2.1	39.2
Query_45665	XM_016936880.2	100.000	21	0	0	1	21	846	826	2.1	39.2
Query_45665	XR_002942167.1	100.000	21	0	0	1	21	722	702	2.1	39.2
Query_45665	XM_024236634.1	100.000	21	0	0	1	21	1048	1028	2.1	39.2
Query_45665	XM_001495789.4	100.000	21	0	0	1	21	776	756	2.1	39.2
Query_45665	XM_023184255.1	100.000	21	0	0	1	21	1164	1144	2.1	39.2
Query_45665	LT741140.1	100.000	21	0	0	1	21	1071	1051	2.1	39.2
Query_45665	LT736020.1	100.000	21	0	0	1	21	1071	1051	2.1	39.2
Query_45665	AC275577.1	100.000	21	0	0	1	21	9172	9152	2.1	39.2
Query_45665	XM_017892532.1	100.000	21	0	0	1	21	1144	1124	2.1	39.2
Query_45665	AC275431.1	100.000	21	0	0	1	21	56427	56447	2.1	39.2
Query_45665	XM_005590403.2	100.000	21	0	0	1	21	1147	1127	2.1	39.2
Query_45665	NG_031882.2	100.000	21	0	0	1	21	514	494	2.1	39.2
Query_45665	XM_003802902.2	100.000	21	0	0	1	21	821	801	2.1	39.2
Query_45665	XM_011932455.1	100.000	21	0	0	1	21	1145	1125	2.1	39.2
Query_45665	XM_011932454.1	100.000	21	0	0	1	21	1151	1131	2.1	39.2
Query_45665	XM_008538032.1	100.000	21	0	0	1	21	625	605	2.1	39.2
Query_45665	KJ906125.1	100.000	21	0	0	1	21	649	629	2.1	39.2
Query_45665	KJ898691.1	100.000	21	0	0	1	21	649	629	2.1	39.2
Query_45665	KJ898690.1	100.000	21	0	0	1	21	649	629	2.1	39.2
Query_45665	NM_001266004.2	100.000	21	0	0	1	21	903	883	2.1	39.2
Query_45665	CP068261.1	100.000	21	0	0	1	21	15610847	15610867	2.1	39.2
Query_45665	CP068261.1	100.000	21	0	0	1	21	18624787	18624767	2.1	39.2
Query_45665	CP068259.1	100.000	21	0	0	1	21	58496970	58496990	2.1	39.2
Query_45665	XM_007998158.2	100.000	21	0	0	1	21	1149	1129	2.1	39.2
Query_45665	AP023479.1	100.000	21	0	0	1	21	55879312	55879332	2.1	39.2
Query_45665	AP023477.1	100.000	21	0	0	1	21	15790593	15790613	2.1	39.2
Query_45665	AP023477.1	100.000	21	0	0	1	21	18786367	18786347	2.1	39.2
Query_45665	HQ448521.1	100.000	21	0	0	1	21	634	614	2.1	39.2
Query_45665	AC240523.3	100.000	21	0	0	1	21	10135	10115	2.1	39.2
Query_45665	NG_001583.3	100.000	21	0	0	1	21	877	857	2.1	39.2
Query_45665	CU688219.1	100.000	21	0	0	1	21	101	121	2.1	39.2
Query_45665	CU675700.1	100.000	21	0	0	1	21	101	121	2.1	39.2
Query_45665	BC014622.1	100.000	21	0	0	1	21	773	753	2.1	39.2
Query_45665	BC066948.1	100.000	21	0	0	1	21	608	588	2.1	39.2
Query_45665	BC065364.1	100.000	21	0	0	1	21	772	752	2.1	39.2
Query_45665	BC004236.2	100.000	21	0	0	1	21	762	742	2.1	39.2
Query_45665	AC026271.6	100.000	21	0	0	1	21	41678	41698	2.1	39.2
Query_45665	AC018989.15	100.000	21	0	0	1	21	150114	150134	2.1	39.2
Query_45665	AC020922.9	100.000	21	0	0	1	21	109804	109824	2.1	39.2
Query_45665	DQ120720.1	100.000	21	0	0	1	21	584	564	2.1	39.2
Query_45665	DQ120718.1	100.000	21	0	0	1	21	584	564	2.1	39.2
Query_45665	AB062397.1	100.000	21	0	0	1	21	762	742	2.1	39.2
Query_45665	AC005324.1	100.000	21	0	0	1	21	60708	60688	2.1	39.2
Query_45665	M91670.1	100.000	21	0	0	1	21	643	623	2.1	39.2
Query_45665	XM_003916130.3	100.000	20	0	0	1	20	1153	1134	7.3	37.4
Query_45665	XM_019015478.2	100.000	20	0	0	1	20	433	414	7.3	37.4
Query_45665	XM_025369037.1	100.000	20	0	0	1	20	1152	1133	7.3	37.4
Query_45665	XM_021673446.1	100.000	20	0	0	1	20	950	931	7.3	37.4
Query_45665	XM_012465289.2	100.000	20	0	0	1	20	724	705	7.3	37.4
Query_45665	XM_014856682.1	100.000	20	0	0	1	20	698	679	7.3	37.4
Query_45665	XM_012053615.1	100.000	20	0	0	1	20	1144	1125	7.3	37.4
Query_45665	XM_011997020.1	100.000	20	0	0	1	20	536	517	7.3	37.4
Query_45665	XM_036451533.1	100.000	20	0	0	1	20	37	18	7.3	37.4


