# blastn
# Iteration: 0
# Query: 
# RID: 73ZJKDEH016
# Database: nt
# Fields: query acc.ver, subject acc.ver, % identity, alignment length, mismatches, gap opens, q. start, q. end, s. start, s. end, evalue, bit score
# 74 hits found
Query_46987	XM_003826436.5	100.000	21	0	0	1	21	1116	1096	2.1	39.2
Query_46987	XM_033207523.1	100.000	21	0	0	1	21	334	314	2.1	39.2
Query_46987	XM_033121437.1	100.000	21	0	0	1	21	530	510	2.1	39.2
Query_46987	XM_032283391.1	100.000	21	0	0	1	21	548	528	2.1	39.2
Query_46987	XR_004248146.1	100.000	21	0	0	1	21	408	388	2.1	39.2
Query_46987	XM_032152902.1	100.000	21	0	0	1	21	535	515	2.1	39.2
Query_46987	XM_023215610.3	100.000	21	0	0	1	21	535	515	2.1	39.2
Query_46987	XM_021925752.2	100.000	21	0	0	1	21	1134	1114	2.1	39.2
Query_46987	XM_021925751.2	100.000	21	0	0	1	21	1134	1114	2.1	39.2
Query_46987	XM_003909863.5	100.000	21	0	0	1	21	1124	1104	2.1	39.2
Query_46987	XM_021925748.2	100.000	21	0	0	1	21	1135	1115	2.1	39.2
Query_46987	XM_021925749.2	100.000	21	0	0	1	21	1130	1110	2.1	39.2
Query_46987	XR_004177556.1	100.000	21	0	0	1	21	1129	1109	2.1	39.2
Query_46987	XR_004177555.1	100.000	21	0	0	1	21	1129	1109	2.1	39.2
Query_46987	XM_021925747.2	100.000	21	0	0	1	21	1129	1109	2.1	39.2
Query_46987	XM_021925746.2	100.000	21	0	0	1	21	1128	1108	2.1	39.2
Query_46987	XM_021925745.2	100.000	21	0	0	1	21	1104	1084	2.1	39.2
Query_46987	XM_021925744.2	100.000	21	0	0	1	21	1138	1118	2.1	39.2
Query_46987	XM_004051152.3	100.000	21	0	0	1	21	535	515	2.1	39.2
Query_46987	XM_010353410.2	100.000	21	0	0	1	21	535	515	2.1	39.2
Query_46987	XR_004029584.1	100.000	21	0	0	1	21	410	390	2.1	39.2
Query_46987	XM_030810123.1	100.000	21	0	0	1	21	535	515	2.1	39.2
Query_46987	NM_002559.5	100.000	21	0	0	1	21	533	513	2.1	39.2
Query_46987	XM_001103269.4	100.000	21	0	0	1	21	1036	1016	2.1	39.2
Query_46987	XM_025357428.1	100.000	21	0	0	1	21	534	514	2.1	39.2
Query_46987	XM_024797370.1	100.000	21	0	0	1	21	531	511	2.1	39.2
Query_46987	XM_011766085.2	100.000	21	0	0	1	21	369	349	2.1	39.2
Query_46987	XM_024577760.1	100.000	21	0	0	1	21	510	490	2.1	39.2
Query_46987	XM_016920882.2	100.000	21	0	0	1	21	603	583	2.1	39.2
Query_46987	XM_001136930.4	100.000	21	0	0	1	21	586	566	2.1	39.2
Query_46987	XM_002821788.2	100.000	21	0	0	1	21	535	515	2.1	39.2
Query_46987	XM_004389182.2	100.000	21	0	0	1	21	362	342	2.1	39.2
Query_46987	XM_012749947.2	100.000	21	0	0	1	21	2031	2011	2.1	39.2
Query_46987	XM_012749946.2	100.000	21	0	0	1	21	2025	2005	2.1	39.2
Query_46987	XM_019624217.1	100.000	21	0	0	1	21	354	334	2.1	39.2
Query_46987	XM_017851320.1	100.000	21	0	0	1	21	497	477	2.1	39.2
Query_46987	XM_011545072.2	100.000	21	0	0	1	21	1311	1291	2.1	39.2
Query_46987	XR_949950.2	100.000	21	0	0	1	21	1057	1037	2.1	39.2
Query_46987	XM_011545071.2	100.000	21	0	0	1	21	1053	1033	2.1	39.2
Query_46987	XM_011545070.2	100.000	21	0	0	1	21	485	465	2.1	39.2
Query_46987	XM_011545069.2	100.000	21	0	0	1	21	1179	1159	2.1	39.2
Query_46987	XM_015434713.1	100.000	21	0	0	1	21	1113	1093	2.1	39.2
Query_46987	XR_001484890.1	100.000	21	0	0	1	21	1113	1093	2.1	39.2
Query_46987	XR_001484889.1	100.000	21	0	0	1	21	1113	1093	2.1	39.2
Query_46987	XM_005577865.2	100.000	21	0	0	1	21	1113	1093	2.1	39.2
Query_46987	XM_012476474.1	100.000	21	0	0	1	21	488	468	2.1	39.2
Query_46987	XM_012476473.1	100.000	21	0	0	1	21	552	532	2.1	39.2
Query_46987	XM_011766086.1	100.000	21	0	0	1	21	531	511	2.1	39.2
Query_46987	XM_011766083.1	100.000	21	0	0	1	21	531	511	2.1	39.2
Query_46987	XM_012092343.1	100.000	21	0	0	1	21	520	500	2.1	39.2
Query_46987	XM_011963399.1	100.000	21	0	0	1	21	519	499	2.1	39.2
Query_46987	XM_011998703.1	100.000	21	0	0	1	21	520	500	2.1	39.2
Query_46987	XM_003920107.3	100.000	21	0	0	1	21	373	353	2.1	39.2
Query_46987	XR_005530627.1	100.000	21	0	0	1	21	527	507	2.1	39.2
Query_46987	XM_039245053.1	100.000	21	0	0	1	21	527	507	2.1	39.2
Query_46987	XM_037999312.1	100.000	21	0	0	1	21	368	348	2.1	39.2
Query_46987	XM_037839095.1	100.000	21	0	0	1	21	485	465	2.1	39.2
Query_46987	XM_017498970.2	100.000	21	0	0	1	21	523	503	2.1	39.2
Query_46987	XM_035262719.1	100.000	21	0	0	1	21	2045	2025	2.1	39.2
Query_46987	XM_035262718.1	100.000	21	0	0	1	21	509	489	2.1	39.2
Query_46987	XM_035262717.1	100.000	21	0	0	1	21	768	748	2.1	39.2
Query_46987	XM_035262716.1	100.000	21	0	0	1	21	2418	2398	2.1	39.2
Query_46987	XM_035262715.1	100.000	21	0	0	1	21	868	848	2.1	39.2
Query_46987	XM_002755279.6	100.000	21	0	0	1	21	986	966	2.1	39.2
Query_46987	BC109287.2	100.000	21	0	0	1	21	368	348	2.1	39.2
Query_46987	BC074793.2	100.000	21	0	0	1	21	365	345	2.1	39.2
Query_46987	BC074792.2	100.000	21	0	0	1	21	365	345	2.1	39.2
Query_46987	BC069162.1	100.000	21	0	0	1	21	410	390	2.1	39.2
Query_46987	AB016608.1	100.000	21	0	0	1	21	334	314	2.1	39.2
Query_46987	Y07683.1	100.000	21	0	0	1	21	499	479	2.1	39.2
Query_46987	LN590700.1	100.000	20	0	0	1	20	20917677	20917658	7.3	37.4
Query_46987	LN590689.1	100.000	20	0	0	1	20	16875489	16875470	7.3	37.4
Query_46987	AC146098.3	100.000	20	0	0	2	21	80078	80059	7.3	37.4
Query_46987	AC096752.4	100.000	20	0	0	2	21	60274	60293	7.3	37.4


