# blastn
# Iteration: 0
# Query: 
# RID: 7PSTBEPK01R
# Database: nt
# Fields: query acc.ver, subject acc.ver, % identity, alignment length, mismatches, gap opens, q. start, q. end, s. start, s. end, evalue, bit score
# 100 hits found
Query_101549	XM_040471982.1	100.000	21	0	0	1	21	673	653	2.1	39.2
Query_101549	XM_040471981.1	100.000	21	0	0	1	21	274	254	2.1	39.2
Query_101549	XM_040471980.1	100.000	21	0	0	1	21	716	696	2.1	39.2
Query_101549	XM_005331109.4	100.000	21	0	0	1	21	686	666	2.1	39.2
Query_101549	XM_040259625.1	100.000	21	0	0	1	21	109	89	2.1	39.2
Query_101549	XM_040259624.1	100.000	21	0	0	1	21	267	247	2.1	39.2
Query_101549	XM_040259623.1	100.000	21	0	0	1	21	290	270	2.1	39.2
Query_101549	XM_040259622.1	100.000	21	0	0	1	21	666	646	2.1	39.2
Query_101549	XM_029074222.2	100.000	21	0	0	1	21	275	255	2.1	39.2
Query_101549	XM_029074221.2	100.000	21	0	0	1	21	295	275	2.1	39.2
Query_101549	XM_039860867.1	100.000	21	0	0	1	21	344	324	2.1	39.2
Query_101549	XM_039860865.1	100.000	21	0	0	1	21	668	648	2.1	39.2
Query_101549	XM_039710114.1	100.000	21	0	0	1	21	232	212	2.1	39.2
Query_101549	XM_039570994.1	100.000	21	0	0	1	21	429	409	2.1	39.2
Query_101549	XR_005592631.1	100.000	21	0	0	1	21	481	461	2.1	39.2
Query_101549	XM_039519883.1	100.000	21	0	0	1	21	481	461	2.1	39.2
Query_101549	XM_003921004.3	100.000	21	0	0	1	21	643	623	2.1	39.2
Query_101549	XM_039345733.1	100.000	21	0	0	1	21	358	338	2.1	39.2
Query_101549	XM_039242778.1	100.000	21	0	0	1	21	657	637	2.1	39.2
Query_101549	XM_039017677.1	100.000	21	0	0	1	21	530	510	2.1	39.2
Query_101549	XM_039017676.1	100.000	21	0	0	1	21	456	436	2.1	39.2
Query_101549	XM_038686155.1	100.000	21	0	0	1	21	663	643	2.1	39.2
Query_101549	XM_038686152.1	100.000	21	0	0	1	21	306	286	2.1	39.2
Query_101549	XM_038686151.1	100.000	21	0	0	1	21	654	634	2.1	39.2
Query_101549	XM_038433990.1	100.000	21	0	0	1	21	663	643	2.1	39.2
Query_101549	XM_022427231.2	100.000	21	0	0	1	21	306	286	2.1	39.2
Query_101549	XM_852326.6	100.000	21	0	0	1	21	654	634	2.1	39.2
Query_101549	XM_038811779.1	100.000	21	0	0	1	21	737	717	2.1	39.2
Query_101549	XM_038752154.1	100.000	21	0	0	1	21	201	181	2.1	39.2
Query_101549	XM_038752153.1	100.000	21	0	0	1	21	401	381	2.1	39.2
Query_101549	XM_038422645.1	100.000	21	0	0	1	21	497	477	2.1	39.2
Query_101549	XR_005295730.1	100.000	21	0	0	1	21	469	449	2.1	39.2
Query_101549	XM_038422516.1	100.000	21	0	0	1	21	469	449	2.1	39.2
Query_101549	XM_038318476.1	100.000	21	0	0	1	21	609	589	2.1	39.2
Query_101549	XM_027461640.2	100.000	21	0	0	1	21	484	464	2.1	39.2
Query_101549	XM_038153715.1	100.000	21	0	0	1	21	460	440	2.1	39.2
Query_101549	XM_007982899.2	100.000	21	0	0	1	21	648	628	2.1	39.2
Query_101549	XM_037889413.1	100.000	21	0	0	1	21	202	182	2.1	39.2
Query_101549	XR_005223828.1	100.000	21	0	0	1	21	483	463	2.1	39.2
Query_101549	XM_037889412.1	100.000	21	0	0	1	21	483	463	2.1	39.2
Query_101549	XM_037836169.1	100.000	21	0	0	1	21	1126	1106	2.1	39.2
Query_101549	XM_037836167.1	100.000	21	0	0	1	21	665	645	2.1	39.2
Query_101549	XM_037836166.1	100.000	21	0	0	1	21	762	742	2.1	39.2
Query_101549	XM_037739999.1	100.000	21	0	0	1	21	113	93	2.1	39.2
Query_101549	XM_017532568.2	100.000	21	0	0	1	21	228	208	2.1	39.2
Query_101549	XM_017532566.2	100.000	21	0	0	1	21	641	621	2.1	39.2
Query_101549	XM_037513116.1	100.000	21	0	0	1	21	418	398	2.1	39.2
Query_101549	XM_037513112.1	100.000	21	0	0	1	21	962	942	2.1	39.2
Query_101549	XM_037513104.1	100.000	21	0	0	1	21	228	208	2.1	39.2
Query_101549	XM_037513092.1	100.000	21	0	0	1	21	312	292	2.1	39.2
Query_101549	XM_028866182.2	100.000	21	0	0	1	21	244	224	2.1	39.2
Query_101549	XM_037165819.1	100.000	21	0	0	1	21	208	188	2.1	39.2
Query_101549	XM_037165818.1	100.000	21	0	0	1	21	667	647	2.1	39.2
Query_101549	XM_037049208.1	100.000	21	0	0	1	21	198	178	2.1	39.2
Query_101549	XM_037049206.1	100.000	21	0	0	1	21	205	185	2.1	39.2
Query_101549	XM_037049205.1	100.000	21	0	0	1	21	672	652	2.1	39.2
Query_101549	XM_037019485.1	100.000	21	0	0	1	21	205	185	2.1	39.2
Query_101549	XM_021572816.2	100.000	21	0	0	1	21	561	541	2.1	39.2
Query_101549	XM_036909040.1	100.000	21	0	0	1	21	675	655	2.1	39.2
Query_101549	XM_036862830.1	100.000	21	0	0	1	21	543	523	2.1	39.2
Query_101549	XM_036759303.1	100.000	21	0	0	1	21	319	299	2.1	39.2
Query_101549	XM_036520438.1	100.000	21	0	0	1	21	414	394	2.1	39.2
Query_101549	XM_036517921.1	100.000	21	0	0	1	21	417	397	2.1	39.2
Query_101549	XM_036426854.1	100.000	21	0	0	1	21	683	663	2.1	39.2
Query_101549	XM_036400763.1	100.000	21	0	0	1	21	429	409	2.1	39.2
Query_101549	XM_036400762.1	100.000	21	0	0	1	21	307	287	2.1	39.2
Query_101549	XM_036246610.1	100.000	21	0	0	1	21	306	286	2.1	39.2
Query_101549	XM_036246608.1	100.000	21	0	0	1	21	286	266	2.1	39.2
Query_101549	XM_036246607.1	100.000	21	0	0	1	21	305	285	2.1	39.2
Query_101549	XM_036246603.1	100.000	21	0	0	1	21	199	179	2.1	39.2
Query_101549	XM_036246602.1	100.000	21	0	0	1	21	205	185	2.1	39.2
Query_101549	XM_036246601.1	100.000	21	0	0	1	21	223	203	2.1	39.2
Query_101549	XM_036246600.1	100.000	21	0	0	1	21	277	257	2.1	39.2
Query_101549	XM_016148711.2	100.000	21	0	0	1	21	662	642	2.1	39.2
Query_101549	XM_036181344.1	100.000	21	0	0	1	21	686	666	2.1	39.2
Query_101549	XM_036101279.1	100.000	21	0	0	1	21	677	657	2.1	39.2
Query_101549	XM_036101278.1	100.000	21	0	0	1	21	622	602	2.1	39.2
Query_101549	XM_036101277.1	100.000	21	0	0	1	21	674	654	2.1	39.2
Query_101549	XM_028525332.2	100.000	21	0	0	1	21	672	652	2.1	39.2
Query_101549	XM_035891296.1	100.000	21	0	0	1	21	175	155	2.1	39.2
Query_101549	XM_035789589.1	100.000	21	0	0	1	21	469	449	2.1	39.2
Query_101549	XM_025471630.2	100.000	21	0	0	1	21	341	321	2.1	39.2
Query_101549	XM_025471629.2	100.000	21	0	0	1	21	654	634	2.1	39.2
Query_101549	XM_027573204.2	100.000	21	0	0	1	21	109	89	2.1	39.2
Query_101549	XM_027573203.2	100.000	21	0	0	1	21	661	641	2.1	39.2
Query_101549	XM_035571260.1	100.000	21	0	0	1	21	106	86	2.1	39.2
Query_101549	XM_035571259.1	100.000	21	0	0	1	21	106	86	2.1	39.2
Query_101549	XM_035571258.1	100.000	21	0	0	1	21	107	87	2.1	39.2
Query_101549	XM_035571256.1	100.000	21	0	0	1	21	233	213	2.1	39.2
Query_101549	XM_035571255.1	100.000	21	0	0	1	21	426	406	2.1	39.2
Query_101549	XM_035571254.1	100.000	21	0	0	1	21	266	246	2.1	39.2
Query_101549	XM_035571253.1	100.000	21	0	0	1	21	429	409	2.1	39.2
Query_101549	XM_035571252.1	100.000	21	0	0	1	21	795	775	2.1	39.2
Query_101549	XM_027391394.2	100.000	21	0	0	1	21	438	418	2.1	39.2
Query_101549	XM_035441534.1	100.000	21	0	0	1	21	167	147	2.1	39.2
Query_101549	XM_035401235.1	100.000	21	0	0	1	21	442	422	2.1	39.2
Query_101549	XM_035314715.1	100.000	21	0	0	1	21	175	155	2.1	39.2
Query_101549	XR_004747351.1	100.000	21	0	0	1	21	409	389	2.1	39.2
Query_101549	XM_035254744.1	100.000	21	0	0	1	21	232	212	2.1	39.2
Query_101549	XM_035254741.1	100.000	21	0	0	1	21	654	634	2.1	39.2


