# blastn
# Iteration: 0
# Query: 
# RID: 8YEG6NX6013
# Database: nt
# Fields: query acc.ver, subject acc.ver, % identity, alignment length, mismatches, gap opens, q. start, q. end, s. start, s. end, evalue, bit score
# 100 hits found
Query_22593	XM_034991888.1	100.000	21	0	0	1	21	1868	1848	2.1	39.2
Query_22593	XM_034991887.1	100.000	21	0	0	1	21	1952	1932	2.1	39.2
Query_22593	XM_034991886.1	100.000	21	0	0	1	21	1910	1890	2.1	39.2
Query_22593	XM_034962171.1	100.000	21	0	0	1	21	1769	1749	2.1	39.2
Query_22593	XM_008958732.2	100.000	21	0	0	1	21	1971	1951	2.1	39.2
Query_22593	XM_003833230.2	100.000	21	0	0	1	21	1942	1922	2.1	39.2
Query_22593	XM_010617711.3	100.000	21	0	0	1	21	1784	1764	2.1	39.2
Query_22593	XM_019206578.2	100.000	21	0	0	1	21	1823	1803	2.1	39.2
Query_22593	CP050578.1	100.000	21	0	0	1	21	12593652	12593632	2.1	39.2
Query_22593	CP050616.1	100.000	21	0	0	1	21	12605763	12605743	2.1	39.2
Query_22593	XM_033217305.1	100.000	21	0	0	1	21	2133	2113	2.1	39.2
Query_22593	XM_033217304.1	100.000	21	0	0	1	21	2030	2010	2.1	39.2
Query_22593	XM_033217303.1	100.000	21	0	0	1	21	1905	1885	2.1	39.2
Query_22593	XM_040983458.1	100.000	21	0	0	1	21	1926	1906	2.1	39.2
Query_22593	XM_040473640.1	100.000	21	0	0	1	21	1892	1872	2.1	39.2
Query_22593	XM_040473639.1	100.000	21	0	0	1	21	1831	1811	2.1	39.2
Query_22593	XM_040473638.1	100.000	21	0	0	1	21	1934	1914	2.1	39.2
Query_22593	XM_013355738.3	100.000	21	0	0	1	21	2020	2000	2.1	39.2
Query_22593	XM_021721854.2	100.000	21	0	0	1	21	2068	2048	2.1	39.2
Query_22593	XR_005722721.1	100.000	21	0	0	1	21	1928	1908	2.1	39.2
Query_22593	XM_040249572.1	100.000	21	0	0	1	21	1888	1868	2.1	39.2
Query_22593	XM_040249571.1	100.000	21	0	0	1	21	1927	1907	2.1	39.2
Query_22593	XM_040249570.1	100.000	21	0	0	1	21	1891	1871	2.1	39.2
Query_22593	HG994392.1	100.000	21	0	0	1	21	13809608	13809588	2.1	39.2
Query_22593	XM_039854831.1	100.000	21	0	0	1	21	1848	1828	2.1	39.2
Query_22593	XM_039854830.1	100.000	21	0	0	1	21	2252	2232	2.1	39.2
Query_22593	XM_039854829.1	100.000	21	0	0	1	21	2146	2126	2.1	39.2
Query_22593	XM_039854828.1	100.000	21	0	0	1	21	1931	1911	2.1	39.2
Query_22593	XM_039854827.1	100.000	21	0	0	1	21	1990	1970	2.1	39.2
Query_22593	XM_039854826.1	100.000	21	0	0	1	21	2291	2271	2.1	39.2
Query_22593	XM_039466881.1	100.000	21	0	0	1	21	2057	2037	2.1	39.2
Query_22593	XM_010333936.2	100.000	21	0	0	1	21	2107	2087	2.1	39.2
Query_22593	XM_039466875.1	100.000	21	0	0	1	21	1933	1913	2.1	39.2
Query_22593	XM_039231230.1	100.000	21	0	0	1	21	1931	1911	2.1	39.2
Query_22593	XM_038683648.1	100.000	21	0	0	1	21	1883	1863	2.1	39.2
Query_22593	XM_038683647.1	100.000	21	0	0	1	21	1943	1923	2.1	39.2
Query_22593	XM_038683646.1	100.000	21	0	0	1	21	1925	1905	2.1	39.2
Query_22593	XM_005627398.4	100.000	21	0	0	1	21	1883	1863	2.1	39.2
Query_22593	XM_014118472.3	100.000	21	0	0	1	21	1943	1923	2.1	39.2
Query_22593	XM_846912.7	100.000	21	0	0	1	21	1925	1905	2.1	39.2
Query_22593	XM_007972423.2	100.000	21	0	0	1	21	2005	1985	2.1	39.2
Query_22593	XM_038006128.1	100.000	21	0	0	1	21	2030	2010	2.1	39.2
Query_22593	XM_038006127.1	100.000	21	0	0	1	21	1926	1906	2.1	39.2
Query_22593	XM_007972424.2	100.000	21	0	0	1	21	2069	2049	2.1	39.2
Query_22593	XM_007972422.2	100.000	21	0	0	1	21	1965	1945	2.1	39.2
Query_22593	XM_017547408.2	100.000	21	0	0	1	21	1912	1892	2.1	39.2
Query_22593	XM_037745344.1	100.000	21	0	0	1	21	1984	1964	2.1	39.2
Query_22593	XM_017547404.2	100.000	21	0	0	1	21	1953	1933	2.1	39.2
Query_22593	XM_017547403.2	100.000	21	0	0	1	21	2010	1990	2.1	39.2
Query_22593	XM_017547402.2	100.000	21	0	0	1	21	1928	1908	2.1	39.2
Query_22593	XM_037013714.1	100.000	21	0	0	1	21	1769	1749	2.1	39.2
Query_22593	XM_037013669.1	100.000	21	0	0	1	21	1829	1809	2.1	39.2
Query_22593	XM_017676271.2	100.000	21	0	0	1	21	2062	2042	2.1	39.2
Query_22593	XM_017676270.2	100.000	21	0	0	1	21	1920	1900	2.1	39.2
Query_22593	XM_017676269.2	100.000	21	0	0	1	21	1956	1936	2.1	39.2
Query_22593	XM_036927364.1	100.000	21	0	0	1	21	1769	1749	2.1	39.2
Query_22593	XM_036927362.1	100.000	21	0	0	1	21	1827	1807	2.1	39.2
Query_22593	XM_036927361.1	100.000	21	0	0	1	21	1921	1901	2.1	39.2
Query_22593	XM_036927360.1	100.000	21	0	0	1	21	2051	2031	2.1	39.2
Query_22593	XM_036927359.1	100.000	21	0	0	1	21	1954	1934	2.1	39.2
Query_22593	XM_036573640.1	100.000	21	0	0	1	21	2126	2106	2.1	39.2
Query_22593	XM_036573639.1	100.000	21	0	0	1	21	2165	2145	2.1	39.2
Query_22593	XM_036529742.1	100.000	21	0	0	1	21	2071	2051	2.1	39.2
Query_22593	XM_036529733.1	100.000	21	0	0	1	21	2026	2006	2.1	39.2
Query_22593	XM_036529725.1	100.000	21	0	0	1	21	2023	2003	2.1	39.2
Query_22593	XM_036529717.1	100.000	21	0	0	1	21	2026	2006	2.1	39.2
Query_22593	XM_004590404.2	100.000	21	0	0	1	21	1911	1891	2.1	39.2
Query_22593	XM_036316794.1	100.000	21	0	0	1	21	1618	1598	2.1	39.2
Query_22593	XM_036316793.1	100.000	21	0	0	1	21	1657	1637	2.1	39.2
Query_22593	XM_036316792.1	100.000	21	0	0	1	21	1737	1717	2.1	39.2
Query_22593	XM_036316791.1	100.000	21	0	0	1	21	1891	1871	2.1	39.2
Query_22593	XM_036316790.1	100.000	21	0	0	1	21	2098	2078	2.1	39.2
Query_22593	XM_036316789.1	100.000	21	0	0	1	21	1930	1910	2.1	39.2
Query_22593	XM_036248030.1	100.000	21	0	0	1	21	1925	1905	2.1	39.2
Query_22593	XM_036248029.1	100.000	21	0	0	1	21	1956	1936	2.1	39.2
Query_22593	XM_036218441.1	100.000	21	0	0	1	21	1941	1921	2.1	39.2
Query_22593	XM_036218440.1	100.000	21	0	0	1	21	1813	1793	2.1	39.2
Query_22593	XM_036218439.1	100.000	21	0	0	1	21	2062	2042	2.1	39.2
Query_22593	XM_016128649.2	100.000	21	0	0	1	21	1914	1894	2.1	39.2
Query_22593	XM_016128651.2	100.000	21	0	0	1	21	1902	1882	2.1	39.2
Query_22593	XM_016128648.2	100.000	21	0	0	1	21	1941	1921	2.1	39.2
Query_22593	XM_036082770.1	100.000	21	0	0	1	21	1900	1880	2.1	39.2
Query_22593	XM_036082769.1	100.000	21	0	0	1	21	1831	1811	2.1	39.2
Query_22593	XM_036082767.1	100.000	21	0	0	1	21	1942	1922	2.1	39.2
Query_22593	LR877222.1	100.000	21	0	0	1	21	12244184	12244164	2.1	39.2
Query_22593	XM_025418885.2	100.000	21	0	0	1	21	1888	1868	2.1	39.2
Query_22593	XM_035697506.1	100.000	21	0	0	1	21	2071	2051	2.1	39.2
Query_22593	XM_025418884.2	100.000	21	0	0	1	21	1943	1923	2.1	39.2
Query_22593	XM_025418883.2	100.000	21	0	0	1	21	1930	1910	2.1	39.2
Query_22593	XM_027602293.2	100.000	21	0	0	1	21	3191	3171	2.1	39.2
Query_22593	XM_027602292.2	100.000	21	0	0	1	21	3230	3210	2.1	39.2
Query_22593	XM_027602291.2	100.000	21	0	0	1	21	3272	3252	2.1	39.2
Query_22593	XM_035295753.1	100.000	21	0	0	1	21	1990	1970	2.1	39.2
Query_22593	XM_035295752.1	100.000	21	0	0	1	21	1913	1893	2.1	39.2
Query_22593	XM_035295750.1	100.000	21	0	0	1	21	2113	2093	2.1	39.2
Query_22593	XM_035295749.1	100.000	21	0	0	1	21	1943	1923	2.1	39.2
Query_22593	XM_035295748.1	100.000	21	0	0	1	21	1957	1937	2.1	39.2
Query_22593	XM_035295747.1	100.000	21	0	0	1	21	1987	1967	2.1	39.2
Query_22593	XM_035295746.1	100.000	21	0	0	1	21	2112	2092	2.1	39.2
Query_22593	XM_035295745.1	100.000	21	0	0	1	21	1962	1942	2.1	39.2


