# blastn
# Iteration: 0
# Query: 
# RID: 6M5TANCS016
# Database: nt
# Fields: query acc.ver, subject acc.ver, % identity, alignment length, mismatches, gap opens, q. start, q. end, s. start, s. end, evalue, bit score
# 100 hits found
Query_45929	MK280312.1	100.000	21	0	0	1	21	1305	1285	2.0	39.2
Query_45929	XM_003822660.3	100.000	21	0	0	1	21	3061	3041	2.0	39.2
Query_45929	XM_019793495.2	100.000	21	0	0	1	21	2426	2406	2.0	39.2
Query_45929	XM_010615898.3	100.000	21	0	0	1	21	2637	2617	2.0	39.2
Query_45929	XM_033175808.1	100.000	21	0	0	1	21	2702	2682	2.0	39.2
Query_45929	XM_033124372.1	100.000	21	0	0	1	21	2416	2396	2.0	39.2
Query_45929	XM_032497467.1	100.000	21	0	0	1	21	2736	2716	2.0	39.2
Query_45929	XM_032239463.1	100.000	21	0	0	1	21	2592	2572	2.0	39.2
Query_45929	XM_032239461.1	100.000	21	0	0	1	21	2547	2527	2.0	39.2
Query_45929	XM_032178589.1	100.000	21	0	0	1	21	2259	2239	2.0	39.2
Query_45929	XM_023223830.2	100.000	21	0	0	1	21	2846	2826	2.0	39.2
Query_45929	XM_023223828.2	100.000	21	0	0	1	21	1033	1053	2.0	39.2
Query_45929	XM_031672587.1	100.000	21	0	0	1	21	2281	2261	2.0	39.2
Query_45929	XM_031466949.1	100.000	21	0	0	1	21	2760	2740	2.0	39.2
Query_45929	XM_031007930.1	100.000	21	0	0	1	21	2857	2837	2.0	39.2
Query_45929	XM_030920698.1	100.000	21	0	0	1	21	2696	2676	2.0	39.2
Query_45929	XM_030799595.1	100.000	21	0	0	1	21	2854	2834	2.0	39.2
Query_45929	XM_029937302.1	100.000	21	0	0	1	21	2243	2223	2.0	39.2
Query_45929	XM_029937301.1	100.000	21	0	0	1	21	2339	2319	2.0	39.2
Query_45929	XM_015112284.2	100.000	21	0	0	1	21	3246	3226	2.0	39.2
Query_45929	NM_012249.4	100.000	21	0	0	1	21	2865	2845	2.0	39.2
Query_45929	XM_027072534.1	100.000	21	0	0	1	21	2313	2293	2.0	39.2
Query_45929	XM_027072533.1	100.000	21	0	0	1	21	2410	2390	2.0	39.2
Query_45929	XM_008162169.2	100.000	21	0	0	1	21	2317	2297	2.0	39.2
Query_45929	XM_025992592.1	100.000	21	0	0	1	21	2338	2318	2.0	39.2
Query_45929	XM_025868893.1	100.000	21	0	0	1	21	2407	2387	2.0	39.2
Query_45929	XM_025353647.1	100.000	21	0	0	1	21	2617	2597	2.0	39.2
Query_45929	AC277863.1	100.000	21	0	0	1	21	187821	187841	2.0	39.2
Query_45929	XM_011713140.2	100.000	21	0	0	1	21	2808	2788	2.0	39.2
Query_45929	XM_016948475.2	100.000	21	0	0	1	21	2835	2815	2.0	39.2
Query_45929	XM_016948474.2	100.000	21	0	0	1	21	2696	2676	2.0	39.2
Query_45929	XM_002812061.4	100.000	21	0	0	1	21	2608	2588	2.0	39.2
Query_45929	XM_023746102.1	100.000	21	0	0	1	21	2216	2196	2.0	39.2
Query_45929	XM_023619138.1	100.000	21	0	0	1	21	2616	2596	2.0	39.2
Query_45929	XM_022516261.1	100.000	21	0	0	1	21	2494	2474	2.0	39.2
Query_45929	XM_012473755.2	100.000	21	0	0	1	21	2594	2574	2.0	39.2
Query_45929	XM_021087559.1	100.000	21	0	0	1	21	2332	2312	2.0	39.2
Query_45929	XM_005662575.3	100.000	21	0	0	1	21	2702	2682	2.0	39.2
Query_45929	XM_005662574.3	100.000	21	0	0	1	21	2710	2690	2.0	39.2
Query_45929	XM_012755841.2	100.000	21	0	0	1	21	2601	2581	2.0	39.2
Query_45929	XM_017862694.1	100.000	21	0	0	1	21	2686	2666	2.0	39.2
Query_45929	XM_011532728.2	100.000	21	0	0	1	21	2193	2173	2.0	39.2
Query_45929	XM_017003716.1	100.000	21	0	0	1	21	3077	3057	2.0	39.2
Query_45929	XM_011532726.2	100.000	21	0	0	1	21	2920	2900	2.0	39.2
Query_45929	XM_015433694.1	100.000	21	0	0	1	21	3142	3122	2.0	39.2
Query_45929	XM_005575962.2	100.000	21	0	0	1	21	2456	2436	2.0	39.2
Query_45929	XM_014833243.1	100.000	21	0	0	1	21	2300	2280	2.0	39.2
Query_45929	XM_004436685.2	100.000	21	0	0	1	21	2326	2306	2.0	39.2
Query_45929	XM_005864847.2	100.000	21	0	0	1	21	2204	2184	2.0	39.2
Query_45929	XM_005390979.2	100.000	21	0	0	1	21	2659	2639	2.0	39.2
Query_45929	XM_004686230.2	100.000	21	0	0	1	21	2303	2283	2.0	39.2
Query_45929	XM_012653848.1	100.000	21	0	0	1	21	2617	2597	2.0	39.2
Query_45929	XM_004403372.2	100.000	21	0	0	1	21	2663	2643	2.0	39.2
Query_45929	XM_012070312.1	100.000	21	0	0	1	21	3155	3135	2.0	39.2
Query_45929	XM_012070311.1	100.000	21	0	0	1	21	2623	2603	2.0	39.2
Query_45929	XM_012070310.1	100.000	21	0	0	1	21	861	881	2.0	39.2
Query_45929	XM_011965779.1	100.000	21	0	0	1	21	2640	2620	2.0	39.2
Query_45929	XM_011936021.1	100.000	21	0	0	1	21	2367	2347	2.0	39.2
Query_45929	XM_005264229.2	100.000	21	0	0	1	21	2329	2309	2.0	39.2
Query_45929	XM_010967736.1	100.000	21	0	0	1	21	2380	2360	2.0	39.2
Query_45929	XM_008541481.1	100.000	21	0	0	1	21	2392	2372	2.0	39.2
Query_45929	NG_022969.2	100.000	21	0	0	1	21	2699	2679	2.0	39.2
Query_45929	XM_003926747.3	100.000	21	0	0	1	21	2832	2812	2.0	39.2
Query_45929	XM_038006892.1	100.000	21	0	0	1	21	875	895	2.0	39.2
Query_45929	XM_038006891.1	100.000	21	0	0	1	21	852	872	2.0	39.2
Query_45929	XM_038006885.1	100.000	21	0	0	1	21	2331	2311	2.0	39.2
Query_45929	XM_007970741.2	100.000	21	0	0	1	21	2836	2816	2.0	39.2
Query_45929	XM_037732867.1	100.000	21	0	0	1	21	2457	2437	2.0	39.2
Query_45929	XM_017512722.2	100.000	21	0	0	1	21	2838	2818	2.0	39.2
Query_45929	XM_037528120.1	100.000	21	0	0	1	21	2395	2375	2.0	39.2
Query_45929	XM_036990802.1	100.000	21	0	0	1	21	2658	2638	2.0	39.2
Query_45929	XM_036925856.1	100.000	21	0	0	1	21	2788	2768	2.0	39.2
Query_45929	XM_036334677.1	100.000	21	0	0	1	21	2653	2633	2.0	39.2
Query_45929	XM_027620825.2	100.000	21	0	0	1	21	2478	2458	2.0	39.2
Query_45929	XR_004733630.1	100.000	21	0	0	1	21	3488	3468	2.0	39.2
Query_45929	XM_002757794.5	100.000	21	0	0	1	21	3324	3304	2.0	39.2
Query_45929	AK343722.1	100.000	21	0	0	1	21	1431	1411	2.0	39.2
Query_45929	AC185240.2	100.000	21	0	0	1	21	185485	185505	2.0	39.2
Query_45929	EU794657.1	100.000	21	0	0	1	21	2627	2607	2.0	39.2
Query_45929	BC013135.1	100.000	21	0	0	1	21	2787	2767	2.0	39.2
Query_45929	AC018804.9	100.000	21	0	0	1	21	27217	27197	2.0	39.2
Query_45929	AC018682.4	100.000	21	0	0	1	21	117166	117146	2.0	39.2
Query_45929	XM_035001636.1	100.000	20	0	0	1	20	2411	2392	7.1	37.4
Query_45929	CP050591.1	100.000	20	0	0	1	20	49273242	49273223	7.1	37.4
Query_45929	CP050611.1	100.000	20	0	0	1	20	49280662	49280643	7.1	37.4
Query_45929	XM_003908598.4	100.000	20	0	0	1	20	2838	2819	7.1	37.4
Query_45929	XM_031018563.1	100.000	20	0	0	1	20	2352	2333	7.1	37.4
Query_45929	LR132000.1	100.000	20	0	0	2	21	43714597	43714578	7.1	37.4
Query_45929	XM_006159892.3	100.000	20	0	0	1	20	2283	2264	7.1	37.4
Query_45929	XM_006159891.3	100.000	20	0	0	1	20	2376	2357	7.1	37.4
Query_45929	CP026260.1	100.000	20	0	0	1	20	5248247	5248266	7.1	37.4
Query_45929	XM_004627678.2	100.000	20	0	0	1	20	2398	2379	7.1	37.4
Query_45929	XM_023251654.1	100.000	20	0	0	1	20	2400	2381	7.1	37.4
Query_45929	XM_021719398.1	100.000	20	0	0	2	21	2581	2562	7.1	37.4
Query_45929	HG994393.1	100.000	20	0	0	1	20	51299596	51299577	7.1	37.4
Query_45929	XM_038680494.1	100.000	20	0	0	1	20	2410	2391	7.1	37.4
Query_45929	XM_038646699.1	100.000	20	0	0	1	20	2410	2391	7.1	37.4
Query_45929	XM_036435227.1	100.000	20	0	0	1	20	2384	2365	7.1	37.4
Query_45929	XM_025465898.2	100.000	20	0	0	1	20	2409	2390	7.1	37.4
Query_45929	LR862368.1	100.000	20	0	0	1	20	37237770	37237789	7.1	37.4


