# blastn
# Iteration: 0
# Query: 
# RID: 6N0H6H6P01R
# Database: nt
# Fields: query acc.ver, subject acc.ver, % identity, alignment length, mismatches, gap opens, q. start, q. end, s. start, s. end, evalue, bit score
# 101 hits found
Query_325771	XM_034951639.1	100.000	21	0	0	1	21	534	514	2.0	39.2
Query_325771	XM_034951638.1	100.000	21	0	0	1	21	386	366	2.0	39.2
Query_325771	XM_034951637.1	100.000	21	0	0	1	21	663	643	2.0	39.2
Query_325771	XM_034951636.1	100.000	21	0	0	1	21	427	407	2.0	39.2
Query_325771	XM_034951635.1	100.000	21	0	0	1	21	384	364	2.0	39.2
Query_325771	XM_034951634.1	100.000	21	0	0	1	21	387	367	2.0	39.2
Query_325771	XM_034951633.1	100.000	21	0	0	1	21	670	650	2.0	39.2
Query_325771	XM_034951632.1	100.000	21	0	0	1	21	428	408	2.0	39.2
Query_325771	NM_001194836.2	100.000	21	0	0	1	21	441	421	2.0	39.2
Query_325771	XM_009195636.2	100.000	21	0	0	1	21	386	366	2.0	39.2
Query_325771	XM_031002695.1	100.000	21	0	0	1	21	418	398	2.0	39.2
Query_325771	XM_031002694.1	100.000	21	0	0	1	21	418	398	2.0	39.2
Query_325771	XM_004056937.3	100.000	21	0	0	1	21	385	365	2.0	39.2
Query_325771	XM_004056936.3	100.000	21	0	0	1	21	539	519	2.0	39.2
Query_325771	XM_004056938.3	100.000	21	0	0	1	21	383	363	2.0	39.2
Query_325771	XM_019012582.2	100.000	21	0	0	1	21	383	363	2.0	39.2
Query_325771	NM_194260.3	100.000	21	0	0	1	21	539	519	2.0	39.2
Query_325771	NM_194261.3	100.000	21	0	0	1	21	391	371	2.0	39.2
Query_325771	NM_194259.3	100.000	21	0	0	1	21	666	646	2.0	39.2
Query_325771	XM_028840603.1	100.000	21	0	0	1	21	436	416	2.0	39.2
Query_325771	XM_028840602.1	100.000	21	0	0	1	21	440	420	2.0	39.2
Query_325771	XM_001118584.4	100.000	21	0	0	1	21	385	365	2.0	39.2
Query_325771	XM_028840601.1	100.000	21	0	0	1	21	375	355	2.0	39.2
Query_325771	NM_003345.5	100.000	21	0	0	1	21	409	389	2.0	39.2
Query_325771	CP034494.1	100.000	21	0	0	1	21	1310211	1310191	2.0	39.2
Query_325771	CP034494.1	100.000	21	0	0	1	21	90535529	90535509	2.0	39.2
Query_325771	XM_026054009.1	100.000	21	0	0	1	21	310	290	2.0	39.2
Query_325771	XM_026054008.1	100.000	21	0	0	1	21	372	352	2.0	39.2
Query_325771	XM_025370151.1	100.000	21	0	0	1	21	528	508	2.0	39.2
Query_325771	XM_025370150.1	100.000	21	0	0	1	21	532	512	2.0	39.2
Query_325771	XM_025370148.1	100.000	21	0	0	1	21	384	364	2.0	39.2
Query_325771	XM_025370147.1	100.000	21	0	0	1	21	672	652	2.0	39.2
Query_325771	XM_025370146.1	100.000	21	0	0	1	21	810	790	2.0	39.2
Query_325771	XM_011748436.2	100.000	21	0	0	1	21	686	666	2.0	39.2
Query_325771	XM_024794102.1	100.000	21	0	0	1	21	357	337	2.0	39.2
Query_325771	XM_024794101.1	100.000	21	0	0	1	21	2524	2504	2.0	39.2
Query_325771	XM_024450432.1	100.000	21	0	0	1	21	567	547	2.0	39.2
Query_325771	XM_016929130.2	100.000	21	0	0	1	21	530	510	2.0	39.2
Query_325771	XM_003314907.5	100.000	21	0	0	1	21	717	697	2.0	39.2
Query_325771	XM_003314906.4	100.000	21	0	0	1	21	433	413	2.0	39.2
Query_325771	XM_003314905.4	100.000	21	0	0	1	21	533	513	2.0	39.2
Query_325771	XM_016929129.2	100.000	21	0	0	1	21	787	767	2.0	39.2
Query_325771	XM_016929128.2	100.000	21	0	0	1	21	530	510	2.0	39.2
Query_325771	XM_009430052.3	100.000	21	0	0	1	21	717	697	2.0	39.2
Query_325771	XM_009430055.3	100.000	21	0	0	1	21	378	358	2.0	39.2
Query_325771	XM_009430053.3	100.000	21	0	0	1	21	520	500	2.0	39.2
Query_325771	XM_016929126.2	100.000	21	0	0	1	21	787	767	2.0	39.2
Query_325771	XM_016929125.2	100.000	21	0	0	1	21	530	510	2.0	39.2
Query_325771	XM_024233921.1	100.000	21	0	0	1	21	384	364	2.0	39.2
Query_325771	XM_002825946.4	100.000	21	0	0	1	21	528	508	2.0	39.2
Query_325771	XM_024233920.1	100.000	21	0	0	1	21	538	518	2.0	39.2
Query_325771	XM_024233919.1	100.000	21	0	0	1	21	412	392	2.0	39.2
Query_325771	XM_024233918.1	100.000	21	0	0	1	21	421	401	2.0	39.2
Query_325771	LT733828.1	100.000	21	0	0	1	21	747	727	2.0	39.2
Query_325771	U45328.2	100.000	21	0	0	1	21	383	363	2.0	39.2
Query_325771	XM_019012585.1	100.000	21	0	0	1	21	525	505	2.0	39.2
Query_325771	XM_019012583.1	100.000	21	0	0	1	21	361	341	2.0	39.2
Query_325771	XM_017023640.1	100.000	21	0	0	1	21	815	795	2.0	39.2
Query_325771	XM_005255541.4	100.000	21	0	0	1	21	815	795	2.0	39.2
Query_325771	XM_011522644.2	100.000	21	0	0	1	21	655	635	2.0	39.2
Query_325771	XM_015442656.1	100.000	21	0	0	1	21	295	275	2.0	39.2
Query_325771	XM_015442655.1	100.000	21	0	0	1	21	540	520	2.0	39.2
Query_325771	XM_015442654.1	100.000	21	0	0	1	21	290	270	2.0	39.2
Query_325771	XM_015442653.1	100.000	21	0	0	1	21	385	365	2.0	39.2
Query_325771	XM_005590842.2	100.000	21	0	0	1	21	520	500	2.0	39.2
Query_325771	XM_011748438.1	100.000	21	0	0	1	21	287	267	2.0	39.2
Query_325771	XM_011748437.1	100.000	21	0	0	1	21	383	363	2.0	39.2
Query_325771	XM_011966925.1	100.000	21	0	0	1	21	295	275	2.0	39.2
Query_325771	XM_011966924.1	100.000	21	0	0	1	21	545	525	2.0	39.2
Query_325771	XM_012034493.1	100.000	21	0	0	1	21	1206	1186	2.0	39.2
Query_325771	XM_012034484.1	100.000	21	0	0	1	21	385	365	2.0	39.2
Query_325771	XM_012034473.1	100.000	21	0	0	1	21	520	500	2.0	39.2
Query_325771	XM_012034463.1	100.000	21	0	0	1	21	1142	1122	2.0	39.2
Query_325771	XM_011522645.1	100.000	21	0	0	1	21	520	500	2.0	39.2
Query_325771	XM_005255540.2	100.000	21	0	0	1	21	409	389	2.0	39.2
Query_325771	KJ892346.1	100.000	21	0	0	1	21	325	305	2.0	39.2
Query_325771	CP068262.1	100.000	21	0	0	1	21	1336394	1336374	2.0	39.2
Query_325771	XM_036279293.1	100.000	21	0	0	1	21	246	226	2.0	39.2
Query_325771	XM_036279292.1	100.000	21	0	0	1	21	330	310	2.0	39.2
Query_325771	AP023476.1	100.000	21	0	0	1	21	1334040	1334020	2.0	39.2
Query_325771	AK291118.1	100.000	21	0	0	1	21	409	389	2.0	39.2
Query_325771	DQ894552.2	100.000	21	0	0	1	21	282	262	2.0	39.2
Query_325771	DQ891373.2	100.000	21	0	0	1	21	282	262	2.0	39.2
Query_325771	BC002345.1	100.000	21	0	0	1	21	2000	1980	2.0	39.2
Query_325771	BC051289.1	100.000	21	0	0	1	21	352	332	2.0	39.2
Query_325771	BC004429.1	100.000	21	0	0	1	21	322	302	2.0	39.2
Query_325771	BC004437.1	100.000	21	0	0	1	21	296	276	2.0	39.2
Query_325771	BC014997.1	100.000	21	0	0	1	21	2320	2300	2.0	39.2
Query_325771	AK024172.1	100.000	21	0	0	1	21	956	936	2.0	39.2
Query_325771	BT007741.1	100.000	21	0	0	1	21	260	240	2.0	39.2
Query_325771	BT007635.1	100.000	21	0	0	1	21	260	240	2.0	39.2
Query_325771	BT007010.1	100.000	21	0	0	1	21	260	240	2.0	39.2
Query_325771	BT006932.1	100.000	21	0	0	1	21	260	240	2.0	39.2
Query_325771	AB208988.1	100.000	21	0	0	1	21	499	479	2.0	39.2
Query_325771	AE006466.1	100.000	21	0	0	1	21	255839	255819	2.0	39.2
Query_325771	AL031714.8	100.000	21	0	0	1	21	8914	8894	2.0	39.2
Query_325771	AJ002385.1	100.000	21	0	0	1	21	338	318	2.0	39.2
Query_325771	U38785.1	100.000	21	0	0	1	21	352	332	2.0	39.2
Query_325771	U66867.1	100.000	21	0	0	1	21	1066	1046	2.0	39.2
Query_325771	U66818.1	100.000	21	0	0	1	21	347	327	2.0	39.2
Query_325771	X96427.1	100.000	21	0	0	1	21	383	363	2.0	39.2


