# blastn
# Iteration: 0
# Query: 
# RID: 7PTERNZC016
# Database: nt
# Fields: query acc.ver, subject acc.ver, % identity, alignment length, mismatches, gap opens, q. start, q. end, s. start, s. end, evalue, bit score
# 100 hits found
Query_54413	XM_040471984.1	100.000	21	0	0	1	21	589	569	2.1	39.2
Query_54413	XM_040471983.1	100.000	21	0	0	1	21	632	612	2.1	39.2
Query_54413	XM_040471982.1	100.000	21	0	0	1	21	587	567	2.1	39.2
Query_54413	XM_040471981.1	100.000	21	0	0	1	21	188	168	2.1	39.2
Query_54413	XM_040471980.1	100.000	21	0	0	1	21	630	610	2.1	39.2
Query_54413	XM_040413440.1	100.000	21	0	0	1	21	501	481	2.1	39.2
Query_54413	XM_040343255.1	100.000	21	0	0	1	21	464	444	2.1	39.2
Query_54413	XM_021730377.2	100.000	21	0	0	1	21	605	585	2.1	39.2
Query_54413	XM_005331109.4	100.000	21	0	0	1	21	600	580	2.1	39.2
Query_54413	XM_040259624.1	100.000	21	0	0	1	21	181	161	2.1	39.2
Query_54413	XM_040259623.1	100.000	21	0	0	1	21	204	184	2.1	39.2
Query_54413	XM_040259622.1	100.000	21	0	0	1	21	580	560	2.1	39.2
Query_54413	XM_029074221.2	100.000	21	0	0	1	21	209	189	2.1	39.2
Query_54413	XM_039860867.1	100.000	21	0	0	1	21	258	238	2.1	39.2
Query_54413	XM_039860866.1	100.000	21	0	0	1	21	584	564	2.1	39.2
Query_54413	XM_039860865.1	100.000	21	0	0	1	21	582	562	2.1	39.2
Query_54413	XM_039760994.1	100.000	21	0	0	1	21	347	327	2.1	39.2
Query_54413	XM_039710114.1	100.000	21	0	0	1	21	146	126	2.1	39.2
Query_54413	XM_039668075.1	100.000	21	0	0	1	21	352	332	2.1	39.2
Query_54413	XM_039570994.1	100.000	21	0	0	1	21	343	323	2.1	39.2
Query_54413	XR_005592631.1	100.000	21	0	0	1	21	395	375	2.1	39.2
Query_54413	XM_039519883.1	100.000	21	0	0	1	21	395	375	2.1	39.2
Query_54413	XM_003921004.3	100.000	21	0	0	1	21	557	537	2.1	39.2
Query_54413	XM_039345733.1	100.000	21	0	0	1	21	272	252	2.1	39.2
Query_54413	XM_039242784.1	100.000	21	0	0	1	21	572	552	2.1	39.2
Query_54413	XM_039242778.1	100.000	21	0	0	1	21	571	551	2.1	39.2
Query_54413	XM_038686155.1	100.000	21	0	0	1	21	577	557	2.1	39.2
Query_54413	XM_038686154.1	100.000	21	0	0	1	21	592	572	2.1	39.2
Query_54413	XM_038686153.1	100.000	21	0	0	1	21	575	555	2.1	39.2
Query_54413	XM_038686152.1	100.000	21	0	0	1	21	220	200	2.1	39.2
Query_54413	XM_038686151.1	100.000	21	0	0	1	21	568	548	2.1	39.2
Query_54413	XM_038433990.1	100.000	21	0	0	1	21	577	557	2.1	39.2
Query_54413	XM_022427233.2	100.000	21	0	0	1	21	592	572	2.1	39.2
Query_54413	XM_005628390.4	100.000	21	0	0	1	21	575	555	2.1	39.2
Query_54413	XM_022427231.2	100.000	21	0	0	1	21	220	200	2.1	39.2
Query_54413	XM_852326.6	100.000	21	0	0	1	21	568	548	2.1	39.2
Query_54413	XM_038752153.1	100.000	21	0	0	1	21	315	295	2.1	39.2
Query_54413	XM_038422730.1	100.000	21	0	0	1	21	496	476	2.1	39.2
Query_54413	XR_005295730.1	100.000	21	0	0	1	21	383	363	2.1	39.2
Query_54413	XM_038422516.1	100.000	21	0	0	1	21	383	363	2.1	39.2
Query_54413	XM_038318476.1	100.000	21	0	0	1	21	523	503	2.1	39.2
Query_54413	XM_038153715.1	100.000	21	0	0	1	21	374	354	2.1	39.2
Query_54413	XM_007982899.2	100.000	21	0	0	1	21	564	544	2.1	39.2
Query_54413	XM_017414869.3	100.000	21	0	0	1	21	349	329	2.1	39.2
Query_54413	XM_037889413.1	100.000	21	0	0	1	21	116	96	2.1	39.2
Query_54413	XR_005223828.1	100.000	21	0	0	1	21	397	377	2.1	39.2
Query_54413	XM_037889412.1	100.000	21	0	0	1	21	397	377	2.1	39.2
Query_54413	XM_037836169.1	100.000	21	0	0	1	21	1040	1020	2.1	39.2
Query_54413	XM_037836168.1	100.000	21	0	0	1	21	579	559	2.1	39.2
Query_54413	XM_037836167.1	100.000	21	0	0	1	21	579	559	2.1	39.2
Query_54413	XM_037836166.1	100.000	21	0	0	1	21	676	656	2.1	39.2
Query_54413	XM_017532568.2	100.000	21	0	0	1	21	142	122	2.1	39.2
Query_54413	XM_017532567.2	100.000	21	0	0	1	21	557	537	2.1	39.2
Query_54413	XM_017532566.2	100.000	21	0	0	1	21	555	535	2.1	39.2
Query_54413	XM_037695970.1	100.000	21	0	0	1	21	327	307	2.1	39.2
Query_54413	XM_017710691.2	100.000	21	0	0	1	21	394	374	2.1	39.2
Query_54413	XM_037513116.1	100.000	21	0	0	1	21	332	312	2.1	39.2
Query_54413	XM_037513112.1	100.000	21	0	0	1	21	876	856	2.1	39.2
Query_54413	XM_037513104.1	100.000	21	0	0	1	21	142	122	2.1	39.2
Query_54413	XM_037513099.1	100.000	21	0	0	1	21	226	206	2.1	39.2
Query_54413	XM_037513092.1	100.000	21	0	0	1	21	226	206	2.1	39.2
Query_54413	XM_028866184.2	100.000	21	0	0	1	21	158	138	2.1	39.2
Query_54413	XM_028866182.2	100.000	21	0	0	1	21	158	138	2.1	39.2
Query_54413	XM_037165819.1	100.000	21	0	0	1	21	122	102	2.1	39.2
Query_54413	XM_037165818.1	100.000	21	0	0	1	21	581	561	2.1	39.2
Query_54413	XM_037049208.1	100.000	21	0	0	1	21	112	92	2.1	39.2
Query_54413	XM_037049207.1	100.000	21	0	0	1	21	586	566	2.1	39.2
Query_54413	XM_037049206.1	100.000	21	0	0	1	21	119	99	2.1	39.2
Query_54413	XM_037049205.1	100.000	21	0	0	1	21	586	566	2.1	39.2
Query_54413	XM_037019485.1	100.000	21	0	0	1	21	119	99	2.1	39.2
Query_54413	XM_036909040.1	100.000	21	0	0	1	21	589	569	2.1	39.2
Query_54413	XM_036862830.1	100.000	21	0	0	1	21	457	437	2.1	39.2
Query_54413	XM_036759303.1	100.000	21	0	0	1	21	233	213	2.1	39.2
Query_54413	XM_036577079.1	100.000	21	0	0	1	21	94	74	2.1	39.2
Query_54413	XM_036577078.1	100.000	21	0	0	1	21	383	363	2.1	39.2
Query_54413	XM_036517921.1	100.000	21	0	0	1	21	331	311	2.1	39.2
Query_54413	XM_004592531.3	100.000	21	0	0	1	21	134	114	2.1	39.2
Query_54413	XM_036400763.1	100.000	21	0	0	1	21	343	323	2.1	39.2
Query_54413	XM_036400762.1	100.000	21	0	0	1	21	221	201	2.1	39.2
Query_54413	XM_036328704.1	100.000	21	0	0	1	21	143	123	2.1	39.2
Query_54413	XM_036328703.1	100.000	21	0	0	1	21	143	123	2.1	39.2
Query_54413	XM_036328702.1	100.000	21	0	0	1	21	486	466	2.1	39.2
Query_54413	XM_036328701.1	100.000	21	0	0	1	21	185	165	2.1	39.2
Query_54413	XM_036328700.1	100.000	21	0	0	1	21	110	90	2.1	39.2
Query_54413	XM_036328699.1	100.000	21	0	0	1	21	479	459	2.1	39.2
Query_54413	XM_036328698.1	100.000	21	0	0	1	21	185	165	2.1	39.2
Query_54413	XM_036246610.1	100.000	21	0	0	1	21	220	200	2.1	39.2
Query_54413	XM_036246609.1	100.000	21	0	0	1	21	123	103	2.1	39.2
Query_54413	XM_036246606.1	100.000	21	0	0	1	21	230	210	2.1	39.2
Query_54413	XM_036246605.1	100.000	21	0	0	1	21	191	171	2.1	39.2
Query_54413	XM_036246603.1	100.000	21	0	0	1	21	113	93	2.1	39.2
Query_54413	XM_036246602.1	100.000	21	0	0	1	21	119	99	2.1	39.2
Query_54413	XM_036246601.1	100.000	21	0	0	1	21	137	117	2.1	39.2
Query_54413	XM_036246600.1	100.000	21	0	0	1	21	191	171	2.1	39.2
Query_54413	XM_016148712.2	100.000	21	0	0	1	21	577	557	2.1	39.2
Query_54413	XM_016148711.2	100.000	21	0	0	1	21	576	556	2.1	39.2
Query_54413	XM_036181345.1	100.000	21	0	0	1	21	600	580	2.1	39.2
Query_54413	XM_036181344.1	100.000	21	0	0	1	21	600	580	2.1	39.2
Query_54413	XM_036101281.1	100.000	21	0	0	1	21	81	61	2.1	39.2
Query_54413	XM_036101280.1	100.000	21	0	0	1	21	591	571	2.1	39.2


