# blastn
# Iteration: 0
# Query: 
# RID: 8YU7K511013
# Database: nt
# Fields: query acc.ver, subject acc.ver, % identity, alignment length, mismatches, gap opens, q. start, q. end, s. start, s. end, evalue, bit score
# 36 hits found
Query_63557	XM_003822875.4	100.000	21	0	0	1	21	1646	1626	2.1	39.2
Query_63557	XM_032275270.1	100.000	21	0	0	1	21	1039	1019	2.1	39.2
Query_63557	XM_032275268.1	100.000	21	0	0	1	21	1159	1139	2.1	39.2
Query_63557	XM_032155254.1	100.000	21	0	0	1	21	1176	1156	2.1	39.2
Query_63557	XM_004044402.3	100.000	21	0	0	1	21	1163	1143	2.1	39.2
Query_63557	XM_030809469.1	100.000	21	0	0	1	21	1311	1291	2.1	39.2
Query_63557	NM_016021.3	100.000	21	0	0	1	21	994	974	2.1	39.2
Query_63557	XM_011535888.3	100.000	21	0	0	1	21	1457	1437	2.1	39.2
Query_63557	XM_011535887.2	100.000	21	0	0	1	21	1307	1287	2.1	39.2
Query_63557	XM_518636.7	100.000	21	0	0	1	21	1305	1285	2.1	39.2
Query_63557	XM_012444259.2	100.000	21	0	0	1	21	1165	1145	2.1	39.2
Query_63557	XM_012444257.2	100.000	21	0	0	1	21	892	872	2.1	39.2
Query_63557	LT738201.1	100.000	21	0	0	1	21	1328	1308	2.1	39.2
Query_63557	XM_019029617.1	100.000	21	0	0	1	21	856	836	2.1	39.2
Query_63557	KJ898902.1	100.000	21	0	0	1	21	906	886	2.1	39.2
Query_63557	XM_003922932.3	100.000	21	0	0	1	21	1494	1474	2.1	39.2
Query_63557	XM_037730801.1	100.000	21	0	0	1	21	1389	1369	2.1	39.2
Query_63557	XM_017506803.2	100.000	21	0	0	1	21	1493	1473	2.1	39.2
Query_63557	XM_035296334.1	100.000	21	0	0	1	21	1409	1389	2.1	39.2
Query_63557	XM_008994763.2	100.000	21	0	0	1	21	1742	1722	2.1	39.2
Query_63557	AB464335.1	100.000	21	0	0	1	21	850	830	2.1	39.2
Query_63557	AK300629.1	100.000	21	0	0	1	21	917	897	2.1	39.2
Query_63557	AK290574.1	100.000	21	0	0	1	21	1014	994	2.1	39.2
Query_63557	EU176317.1	100.000	21	0	0	1	21	863	843	2.1	39.2
Query_63557	DQ895144.2	100.000	21	0	0	1	21	863	843	2.1	39.2
Query_63557	AK223464.1	100.000	21	0	0	1	21	911	891	2.1	39.2
Query_63557	AL139804.14	100.000	21	0	0	1	21	336	356	2.1	39.2
Query_63557	AJ245898.1	100.000	21	0	0	1	21	903	883	2.1	39.2
Query_63557	AF151039.1	100.000	21	0	0	1	21	566	546	2.1	39.2
Query_63557	AF161502.1	100.000	21	0	0	1	21	867	847	2.1	39.2
Query_63557	AF151834.1	100.000	21	0	0	1	21	979	959	2.1	39.2
Query_63557	AJ420578.1	100.000	21	0	0	1	21	821	801	2.1	39.2
Query_63557	BC013973.1	100.000	21	0	0	1	21	1134	1114	2.1	39.2
Query_63557	XM_034078027.1	100.000	20	0	0	1	20	5517	5498	7.4	37.4
Query_63557	LR792548.1	100.000	20	0	0	1	20	15957104	15957085	7.4	37.4
Query_63557	XM_007923667.1	100.000	20	0	0	2	21	142	123	7.4	37.4


