# blastn
# Iteration: 0
# Query: 
# RID: 73U70336016
# Database: nt
# Fields: query acc.ver, subject acc.ver, % identity, alignment length, mismatches, gap opens, q. start, q. end, s. start, s. end, evalue, bit score
# 100 hits found
Query_44269	XM_003825980.3	100.000	21	0	0	1	21	524	504	2.1	39.2
Query_44269	XM_033197941.1	100.000	21	0	0	1	21	288	268	2.1	39.2
Query_44269	XM_033197939.1	100.000	21	0	0	1	21	465	445	2.1	39.2
Query_44269	XM_033186571.1	100.000	21	0	0	1	21	543	523	2.1	39.2
Query_44269	XM_033186570.1	100.000	21	0	0	1	21	792	772	2.1	39.2
Query_44269	XM_033236882.1	100.000	21	0	0	1	21	483	463	2.1	39.2
Query_44269	XM_033234906.1	100.000	21	0	0	1	21	297	277	2.1	39.2
Query_44269	XM_033234905.1	100.000	21	0	0	1	21	474	454	2.1	39.2
Query_44269	XM_032142236.1	100.000	21	0	0	1	21	542	522	2.1	39.2
Query_44269	XM_023197069.2	100.000	21	0	0	1	21	623	603	2.1	39.2
Query_44269	XM_031650201.1	100.000	21	0	0	1	21	553	533	2.1	39.2
Query_44269	XM_009205566.3	100.000	21	0	0	1	21	460	440	2.1	39.2
Query_44269	XM_003904680.3	100.000	21	0	0	1	21	543	523	2.1	39.2
Query_44269	XM_010374468.2	100.000	21	0	0	1	21	476	456	2.1	39.2
Query_44269	XM_010381962.2	100.000	21	0	0	1	21	471	451	2.1	39.2
Query_44269	XM_010388143.2	100.000	21	0	0	1	21	251	231	2.1	39.2
Query_44269	XM_010388141.2	100.000	21	0	0	1	21	356	336	2.1	39.2
Query_44269	XM_010388140.2	100.000	21	0	0	1	21	475	455	2.1	39.2
Query_44269	XM_010372908.2	100.000	21	0	0	1	21	474	454	2.1	39.2
Query_44269	XM_010355333.2	100.000	21	0	0	1	21	474	454	2.1	39.2
Query_44269	XM_010384213.2	100.000	21	0	0	1	21	623	603	2.1	39.2
Query_44269	XM_010384210.2	100.000	21	0	0	1	21	542	522	2.1	39.2
Query_44269	XM_030941108.1	100.000	21	0	0	1	21	251	231	2.1	39.2
Query_44269	XM_010364945.2	100.000	21	0	0	1	21	428	408	2.1	39.2
Query_44269	XM_030926368.1	100.000	21	0	0	1	21	465	445	2.1	39.2
Query_44269	XM_003253656.3	100.000	21	0	0	1	21	623	603	2.1	39.2
Query_44269	XM_030825546.1	100.000	21	0	0	1	21	387	367	2.1	39.2
Query_44269	XM_030825544.1	100.000	21	0	0	1	21	509	489	2.1	39.2
Query_44269	NR_104037.2	100.000	21	0	0	1	21	283	263	2.1	39.2
Query_44269	NM_181800.3	100.000	21	0	0	1	21	393	373	2.1	39.2
Query_44269	NM_181801.4	100.000	21	0	0	1	21	623	603	2.1	39.2
Query_44269	XM_015150769.2	100.000	21	0	0	1	21	510	490	2.1	39.2
Query_44269	XM_015148928.2	100.000	21	0	0	1	21	763	743	2.1	39.2
Query_44269	XM_001107065.3	100.000	21	0	0	1	21	543	523	2.1	39.2
Query_44269	XM_001104061.4	100.000	21	0	0	1	21	485	465	2.1	39.2
Query_44269	NM_007019.4	100.000	21	0	0	1	21	480	460	2.1	39.2
Query_44269	XM_023197067.2	100.000	21	0	0	1	21	553	533	2.1	39.2
Query_44269	XR_003120191.1	100.000	21	0	0	1	21	466	446	2.1	39.2
Query_44269	XM_025384234.1	100.000	21	0	0	1	21	251	231	2.1	39.2
Query_44269	XM_025384233.1	100.000	21	0	0	1	21	347	327	2.1	39.2
Query_44269	XM_025384232.1	100.000	21	0	0	1	21	356	336	2.1	39.2
Query_44269	XM_025384231.1	100.000	21	0	0	1	21	428	408	2.1	39.2
Query_44269	XM_025403516.1	100.000	21	0	0	1	21	288	268	2.1	39.2
Query_44269	XM_025403515.1	100.000	21	0	0	1	21	384	364	2.1	39.2
Query_44269	XM_025403514.1	100.000	21	0	0	1	21	393	373	2.1	39.2
Query_44269	XM_025403513.1	100.000	21	0	0	1	21	476	456	2.1	39.2
Query_44269	XM_025402921.1	100.000	21	0	0	1	21	251	231	2.1	39.2
Query_44269	XM_025402920.1	100.000	21	0	0	1	21	347	327	2.1	39.2
Query_44269	XM_025402919.1	100.000	21	0	0	1	21	356	336	2.1	39.2
Query_44269	XM_025402918.1	100.000	21	0	0	1	21	428	408	2.1	39.2
Query_44269	XM_025399452.1	100.000	21	0	0	1	21	957	937	2.1	39.2
Query_44269	XM_025399451.1	100.000	21	0	0	1	21	455	435	2.1	39.2
Query_44269	XM_025399450.1	100.000	21	0	0	1	21	371	351	2.1	39.2
Query_44269	XM_025399448.1	100.000	21	0	0	1	21	542	522	2.1	39.2
Query_44269	XM_025398816.1	100.000	21	0	0	1	21	288	268	2.1	39.2
Query_44269	XM_025398808.1	100.000	21	0	0	1	21	384	364	2.1	39.2
Query_44269	XM_025398797.1	100.000	21	0	0	1	21	402	382	2.1	39.2
Query_44269	XM_025398787.1	100.000	21	0	0	1	21	476	456	2.1	39.2
Query_44269	XM_025374652.1	100.000	21	0	0	1	21	287	267	2.1	39.2
Query_44269	XM_025374651.1	100.000	21	0	0	1	21	383	363	2.1	39.2
Query_44269	XM_025374650.1	100.000	21	0	0	1	21	392	372	2.1	39.2
Query_44269	XM_025374649.1	100.000	21	0	0	1	21	464	444	2.1	39.2
Query_44269	XM_011766880.2	100.000	21	0	0	1	21	543	523	2.1	39.2
Query_44269	XM_009443484.3	100.000	21	0	0	1	21	522	502	2.1	39.2
Query_44269	XM_001156993.5	100.000	21	0	0	1	21	784	764	2.1	39.2
Query_44269	XM_004062268.2	100.000	21	0	0	1	21	542	522	2.1	39.2
Query_44269	XM_017891441.1	100.000	21	0	0	1	21	474	454	2.1	39.2
Query_44269	XR_001887361.1	100.000	21	0	0	1	21	426	406	2.1	39.2
Query_44269	XM_017877944.1	100.000	21	0	0	1	21	543	523	2.1	39.2
Query_44269	XR_001885989.1	100.000	21	0	0	1	21	495	475	2.1	39.2
Query_44269	XM_017863870.1	100.000	21	0	0	1	21	899	879	2.1	39.2
Query_44269	XM_514682.6	100.000	21	0	0	1	21	543	523	2.1	39.2
Query_44269	XM_005569778.2	100.000	21	0	0	1	21	527	507	2.1	39.2
Query_44269	XM_005540836.2	100.000	21	0	0	1	21	490	470	2.1	39.2
Query_44269	KT331146.1	100.000	21	0	0	1	21	5919	5939	2.1	39.2
Query_44269	KT331056.1	100.000	21	0	0	1	21	14482	14502	2.1	39.2
Query_44269	XM_011761225.1	100.000	21	0	0	1	21	465	445	2.1	39.2
Query_44269	XM_011928913.1	100.000	21	0	0	1	21	973	953	2.1	39.2
Query_44269	XM_011928912.1	100.000	21	0	0	1	21	472	452	2.1	39.2
Query_44269	XM_011928910.1	100.000	21	0	0	1	21	558	538	2.1	39.2
Query_44269	XM_011927497.1	100.000	21	0	0	1	21	251	231	2.1	39.2
Query_44269	XM_011927496.1	100.000	21	0	0	1	21	347	327	2.1	39.2
Query_44269	XM_011927495.1	100.000	21	0	0	1	21	375	355	2.1	39.2
Query_44269	XM_012065836.1	100.000	21	0	0	1	21	422	402	2.1	39.2
Query_44269	XR_001015887.1	100.000	21	0	0	1	21	476	456	2.1	39.2
Query_44269	XM_011984522.1	100.000	21	0	0	1	21	251	231	2.1	39.2
Query_44269	XM_011984521.1	100.000	21	0	0	1	21	347	327	2.1	39.2
Query_44269	XM_011984520.1	100.000	21	0	0	1	21	356	336	2.1	39.2
Query_44269	XM_011984519.1	100.000	21	0	0	1	21	428	408	2.1	39.2
Query_44269	XM_011983800.1	100.000	21	0	0	1	21	958	938	2.1	39.2
Query_44269	XM_011983799.1	100.000	21	0	0	1	21	461	441	2.1	39.2
Query_44269	XM_011983798.1	100.000	21	0	0	1	21	371	351	2.1	39.2
Query_44269	XM_011983796.1	100.000	21	0	0	1	21	548	528	2.1	39.2
Query_44269	XM_011972812.1	100.000	21	0	0	1	21	251	231	2.1	39.2
Query_44269	XM_011972811.1	100.000	21	0	0	1	21	347	327	2.1	39.2
Query_44269	XM_007962142.2	100.000	21	0	0	1	21	533	513	2.1	39.2
Query_44269	XM_008015737.2	100.000	21	0	0	1	21	497	477	2.1	39.2
Query_44269	XM_008015746.2	100.000	21	0	0	1	21	543	523	2.1	39.2
Query_44269	XM_038002174.1	100.000	21	0	0	1	21	359	339	2.1	39.2
Query_44269	XM_038002173.1	100.000	21	0	0	1	21	487	467	2.1	39.2


