# blastn
# Iteration: 0
# Query: 
# RID: 9PUGE56J01N
# Database: nt
# Fields: query acc.ver, subject acc.ver, % identity, alignment length, mismatches, gap opens, q. start, q. end, s. start, s. end, evalue, bit score
# 100 hits found
Query_443027	XR_005885303.1	100.000	21	0	0	1	21	332	312	2.1	39.2
Query_443027	XM_040994300.1	100.000	21	0	0	1	21	390	370	2.1	39.2
Query_443027	XM_040994291.1	100.000	21	0	0	1	21	277	257	2.1	39.2
Query_443027	XM_040741411.1	100.000	21	0	0	1	21	413	393	2.1	39.2
Query_443027	XM_008710808.2	100.000	21	0	0	1	21	436	416	2.1	39.2
Query_443027	XM_008710807.2	100.000	21	0	0	1	21	435	415	2.1	39.2
Query_443027	XM_040625540.1	100.000	21	0	0	1	21	437	417	2.1	39.2
Query_443027	XR_005833614.1	100.000	21	0	0	1	21	437	417	2.1	39.2
Query_443027	XM_040625539.1	100.000	21	0	0	1	21	437	417	2.1	39.2
Query_443027	XM_040487575.1	100.000	21	0	0	1	21	394	374	2.1	39.2
Query_443027	XM_040293935.1	100.000	21	0	0	1	21	373	353	2.1	39.2
Query_443027	XM_005335831.3	100.000	21	0	0	1	21	401	381	2.1	39.2
Query_443027	XM_040262050.1	100.000	21	0	0	1	21	394	374	2.1	39.2
Query_443027	HG994412.1	100.000	21	0	0	1	21	24627073	24627093	2.1	39.2
Query_443027	XM_039841888.1	100.000	21	0	0	1	21	412	392	2.1	39.2
Query_443027	XM_039841886.1	100.000	21	0	0	1	21	485	465	2.1	39.2
Query_443027	XM_039841885.1	100.000	21	0	0	1	21	567	547	2.1	39.2
Query_443027	XM_039841884.1	100.000	21	0	0	1	21	523	503	2.1	39.2
Query_443027	XM_039841883.1	100.000	21	0	0	1	21	425	405	2.1	39.2
Query_443027	XM_039841882.1	100.000	21	0	0	1	21	413	393	2.1	39.2
Query_443027	XM_003940686.2	100.000	21	0	0	1	21	395	375	2.1	39.2
Query_443027	XM_039238384.1	100.000	21	0	0	1	21	310	290	2.1	39.2
Query_443027	XM_039238383.1	100.000	21	0	0	1	21	394	374	2.1	39.2
Query_443027	XM_038441410.1	100.000	21	0	0	1	21	467	447	2.1	39.2
Query_443027	XM_038441409.1	100.000	21	0	0	1	21	401	381	2.1	39.2
Query_443027	XM_038441408.1	100.000	21	0	0	1	21	401	381	2.1	39.2
Query_443027	XM_038441407.1	100.000	21	0	0	1	21	401	381	2.1	39.2
Query_443027	XM_038460825.1	100.000	21	0	0	1	21	467	447	2.1	39.2
Query_443027	XM_544128.6	100.000	21	0	0	1	21	401	381	2.1	39.2
Query_443027	XM_022412442.2	100.000	21	0	0	1	21	401	381	2.1	39.2
Query_443027	XM_022412441.2	100.000	21	0	0	1	21	401	381	2.1	39.2
Query_443027	XM_008000897.2	100.000	21	0	0	1	21	442	422	2.1	39.2
Query_443027	XM_038000381.1	100.000	21	0	0	1	21	493	473	2.1	39.2
Query_443027	XM_008000899.2	100.000	21	0	0	1	21	415	395	2.1	39.2
Query_443027	XM_037830081.1	100.000	21	0	0	1	21	331	311	2.1	39.2
Query_443027	XM_037802819.1	100.000	21	0	0	1	21	322	302	2.1	39.2
Query_443027	XM_037802818.1	100.000	21	0	0	1	21	332	312	2.1	39.2
Query_443027	XM_037735437.1	100.000	21	0	0	1	21	348	328	2.1	39.2
Query_443027	XM_017520170.2	100.000	21	0	0	1	21	388	368	2.1	39.2
Query_443027	XM_017520171.2	100.000	21	0	0	1	21	395	375	2.1	39.2
Query_443027	XM_037505287.1	100.000	21	0	0	1	21	676	656	2.1	39.2
Query_443027	XM_037505278.1	100.000	21	0	0	1	21	408	388	2.1	39.2
Query_443027	XM_037505272.1	100.000	21	0	0	1	21	395	375	2.1	39.2
Query_443027	XM_037206429.1	100.000	21	0	0	1	21	400	380	2.1	39.2
Query_443027	XM_028864631.2	100.000	21	0	0	1	21	399	379	2.1	39.2
Query_443027	XM_037150958.1	100.000	21	0	0	1	21	381	361	2.1	39.2
Query_443027	XM_037150957.1	100.000	21	0	0	1	21	381	361	2.1	39.2
Query_443027	XM_037150956.1	100.000	21	0	0	1	21	381	361	2.1	39.2
Query_443027	XM_037150955.1	100.000	21	0	0	1	21	507	487	2.1	39.2
Query_443027	XM_037150954.1	100.000	21	0	0	1	21	550	530	2.1	39.2
Query_443027	XM_037150953.1	100.000	21	0	0	1	21	1230	1210	2.1	39.2
Query_443027	XM_037150952.1	100.000	21	0	0	1	21	414	394	2.1	39.2
Query_443027	XM_037150950.1	100.000	21	0	0	1	21	381	361	2.1	39.2
Query_443027	XM_037039733.1	100.000	21	0	0	1	21	521	501	2.1	39.2
Query_443027	XM_037039732.1	100.000	21	0	0	1	21	428	408	2.1	39.2
Query_443027	XM_037039731.1	100.000	21	0	0	1	21	409	389	2.1	39.2
Query_443027	XM_037039730.1	100.000	21	0	0	1	21	409	389	2.1	39.2
Query_443027	XM_037039729.1	100.000	21	0	0	1	21	409	389	2.1	39.2
Query_443027	XM_037039728.1	100.000	21	0	0	1	21	409	389	2.1	39.2
Query_443027	XM_037039727.1	100.000	21	0	0	1	21	409	389	2.1	39.2
Query_443027	XM_036997962.1	100.000	21	0	0	1	21	438	418	2.1	39.2
Query_443027	XM_036997961.1	100.000	21	0	0	1	21	400	380	2.1	39.2
Query_443027	XM_036887525.1	100.000	21	0	0	1	21	438	418	2.1	39.2
Query_443027	XM_036887524.1	100.000	21	0	0	1	21	397	377	2.1	39.2
Query_443027	XM_036830372.1	100.000	21	0	0	1	21	343	323	2.1	39.2
Query_443027	XM_036517442.1	100.000	21	0	0	1	21	359	339	2.1	39.2
Query_443027	XM_004588053.3	100.000	21	0	0	1	21	397	377	2.1	39.2
Query_443027	XM_004588052.3	100.000	21	0	0	1	21	272	252	2.1	39.2
Query_443027	XM_036437154.1	100.000	21	0	0	1	21	400	380	2.1	39.2
Query_443027	XM_036338550.1	100.000	21	0	0	1	21	376	356	2.1	39.2
Query_443027	XM_036338549.1	100.000	21	0	0	1	21	376	356	2.1	39.2
Query_443027	XM_036338548.1	100.000	21	0	0	1	21	376	356	2.1	39.2
Query_443027	XM_036338547.1	100.000	21	0	0	1	21	376	356	2.1	39.2
Query_443027	XM_036263809.1	100.000	21	0	0	1	21	395	375	2.1	39.2
Query_443027	XR_004954568.1	100.000	21	0	0	1	21	1868	1848	2.1	39.2
Query_443027	XM_016153703.2	100.000	21	0	0	1	21	395	375	2.1	39.2
Query_443027	XM_016153702.2	100.000	21	0	0	1	21	394	374	2.1	39.2
Query_443027	XM_036065339.1	100.000	21	0	0	1	21	409	389	2.1	39.2
Query_443027	XM_028517848.2	100.000	21	0	0	1	21	407	387	2.1	39.2
Query_443027	XM_036031029.1	100.000	21	0	0	1	21	407	387	2.1	39.2
Query_443027	XM_036031028.1	100.000	21	0	0	1	21	407	387	2.1	39.2
Query_443027	XM_035708300.1	100.000	21	0	0	1	21	467	447	2.1	39.2
Query_443027	XM_025478024.2	100.000	21	0	0	1	21	401	381	2.1	39.2
Query_443027	XM_025478023.2	100.000	21	0	0	1	21	401	381	2.1	39.2
Query_443027	XM_025478021.2	100.000	21	0	0	1	21	401	381	2.1	39.2
Query_443027	XM_027608828.2	100.000	21	0	0	1	21	394	374	2.1	39.2
Query_443027	XR_004820016.1	100.000	21	0	0	1	21	315	295	2.1	39.2
Query_443027	XM_035727147.1	100.000	21	0	0	1	21	315	295	2.1	39.2
Query_443027	LR862371.1	100.000	21	0	0	1	21	34908628	34908648	2.1	39.2
Query_443027	XM_027398805.2	100.000	21	0	0	1	21	415	395	2.1	39.2
Query_443027	XM_035440001.1	100.000	21	0	0	1	21	415	395	2.1	39.2
Query_443027	XM_016974779.3	100.000	21	0	0	1	21	324	304	2.1	39.2
Query_443027	XM_035454779.1	100.000	21	0	0	1	21	324	304	2.1	39.2
Query_443027	XM_008982789.4	100.000	21	0	0	1	21	470	450	2.1	39.2
Query_443027	XR_004735403.1	100.000	21	0	0	1	21	622	602	2.1	39.2
Query_443027	XM_035277257.1	100.000	21	0	0	1	21	296	276	2.1	39.2
Query_443027	XM_035277256.1	100.000	21	0	0	1	21	380	360	2.1	39.2
Query_443027	XM_008982790.3	100.000	21	0	0	1	21	555	535	2.1	39.2
Query_443027	XM_002759002.5	100.000	21	0	0	1	21	414	394	2.1	39.2
Query_443027	XM_002759003.5	100.000	21	0	0	1	21	442	422	2.1	39.2


