# blastn
# Iteration: 0
# Query: 
# RID: 6MCMYFEV016
# Database: nt
# Fields: query acc.ver, subject acc.ver, % identity, alignment length, mismatches, gap opens, q. start, q. end, s. start, s. end, evalue, bit score
# 101 hits found
Query_22531	XM_005325742.4	100.000	21	0	0	1	21	584	564	2.0	39.2
Query_22531	XM_040293037.1	100.000	21	0	0	1	21	475	455	2.0	39.2
Query_22531	XM_005325741.4	100.000	21	0	0	1	21	612	592	2.0	39.2
Query_22531	XM_040266533.1	100.000	21	0	0	1	21	523	503	2.0	39.2
Query_22531	XM_040237783.1	100.000	21	0	0	1	21	332	312	2.0	39.2
Query_22531	XM_040237782.1	100.000	21	0	0	1	21	317	297	2.0	39.2
Query_22531	XR_005720632.1	100.000	21	0	0	1	21	646	626	2.0	39.2
Query_22531	XM_040237780.1	100.000	21	0	0	1	21	742	722	2.0	39.2
Query_22531	XM_040237779.1	100.000	21	0	0	1	21	621	601	2.0	39.2
Query_22531	XM_040237778.1	100.000	21	0	0	1	21	646	626	2.0	39.2
Query_22531	XM_040237777.1	100.000	21	0	0	1	21	719	699	2.0	39.2
Query_22531	XM_040237776.1	100.000	21	0	0	1	21	707	687	2.0	39.2
Query_22531	XM_040237775.1	100.000	21	0	0	1	21	621	601	2.0	39.2
Query_22531	XM_040237774.1	100.000	21	0	0	1	21	597	577	2.0	39.2
Query_22531	XM_040237773.1	100.000	21	0	0	1	21	620	600	2.0	39.2
Query_22531	XM_040237772.1	100.000	21	0	0	1	21	483	463	2.0	39.2
Query_22531	XM_040237771.1	100.000	21	0	0	1	21	542	522	2.0	39.2
Query_22531	XM_040237769.1	100.000	21	0	0	1	21	621	601	2.0	39.2
Query_22531	XM_040237768.1	100.000	21	0	0	1	21	595	575	2.0	39.2
Query_22531	XM_040237767.1	100.000	21	0	0	1	21	608	588	2.0	39.2
Query_22531	HG994414.1	100.000	21	0	0	1	21	17437168	17437148	2.0	39.2
Query_22531	HG994405.1	100.000	21	0	0	1	21	6085713	6085693	2.0	39.2
Query_22531	HG994404.1	100.000	21	0	0	1	21	11569819	11569799	2.0	39.2
Query_22531	HG994404.1	100.000	21	0	0	1	21	45910403	45910423	2.0	39.2
Query_22531	HG994397.1	100.000	21	0	0	1	21	4491478	4491458	2.0	39.2
Query_22531	HG994396.1	100.000	21	0	0	1	21	7275998	7275978	2.0	39.2
Query_22531	XM_039854835.1	100.000	21	0	0	1	21	351	331	2.0	39.2
Query_22531	XM_039848730.1	100.000	21	0	0	1	21	666	646	2.0	39.2
Query_22531	XM_039848729.1	100.000	21	0	0	1	21	598	578	2.0	39.2
Query_22531	XM_039848728.1	100.000	21	0	0	1	21	582	562	2.0	39.2
Query_22531	XM_039848727.1	100.000	21	0	0	1	21	593	573	2.0	39.2
Query_22531	XM_039848726.1	100.000	21	0	0	1	21	775	755	2.0	39.2
Query_22531	XM_039848725.1	100.000	21	0	0	1	21	609	589	2.0	39.2
Query_22531	XM_039472325.1	100.000	21	0	0	1	21	492	472	2.0	39.2
Query_22531	XM_003929504.3	100.000	21	0	0	1	21	684	664	2.0	39.2
Query_22531	XM_003929505.3	100.000	21	0	0	1	21	811	791	2.0	39.2
Query_22531	XM_003929502.3	100.000	21	0	0	1	21	619	599	2.0	39.2
Query_22531	XM_010340110.2	100.000	21	0	0	1	21	684	664	2.0	39.2
Query_22531	XM_010340111.2	100.000	21	0	0	1	21	811	791	2.0	39.2
Query_22531	XM_010340109.2	100.000	21	0	0	1	21	619	599	2.0	39.2
Query_22531	XM_039220817.1	100.000	21	0	0	1	21	528	508	2.0	39.2
Query_22531	XM_039220816.1	100.000	21	0	0	1	21	580	560	2.0	39.2
Query_22531	XM_039220815.1	100.000	21	0	0	1	21	559	539	2.0	39.2
Query_22531	CP068258.1	100.000	21	0	0	1	21	5333483	5333503	2.0	39.2
Query_22531	XM_006233338.3	100.000	21	0	0	1	21	593	573	2.0	39.2
Query_22531	XM_006233337.3	100.000	21	0	0	1	21	767	747	2.0	39.2
Query_22531	XM_006233336.4	100.000	21	0	0	1	21	614	594	2.0	39.2
Query_22531	XM_006233335.3	100.000	21	0	0	1	21	593	573	2.0	39.2
Query_22531	XM_006233334.3	100.000	21	0	0	1	21	737	717	2.0	39.2
Query_22531	XM_006233333.3	100.000	21	0	0	1	21	614	594	2.0	39.2
Query_22531	XM_038444267.1	100.000	21	0	0	1	21	597	577	2.0	39.2
Query_22531	XM_038444266.1	100.000	21	0	0	1	21	616	596	2.0	39.2
Query_22531	XM_038444265.1	100.000	21	0	0	1	21	593	573	2.0	39.2
Query_22531	XM_038444264.1	100.000	21	0	0	1	21	585	565	2.0	39.2
Query_22531	XM_038444263.1	100.000	21	0	0	1	21	599	579	2.0	39.2
Query_22531	XM_038444262.1	100.000	21	0	0	1	21	624	604	2.0	39.2
Query_22531	XM_038444261.1	100.000	21	0	0	1	21	616	596	2.0	39.2
Query_22531	XM_038462042.1	100.000	21	0	0	1	21	597	577	2.0	39.2
Query_22531	XM_005642458.4	100.000	21	0	0	1	21	616	596	2.0	39.2
Query_22531	XM_038462041.1	100.000	21	0	0	1	21	593	573	2.0	39.2
Query_22531	XM_038462040.1	100.000	21	0	0	1	21	586	566	2.0	39.2
Query_22531	XM_038462039.1	100.000	21	0	0	1	21	599	579	2.0	39.2
Query_22531	XM_038462038.1	100.000	21	0	0	1	21	620	600	2.0	39.2
Query_22531	XM_038462037.1	100.000	21	0	0	1	21	616	596	2.0	39.2
Query_22531	XM_038769165.1	100.000	21	0	0	1	21	746	726	2.0	39.2
Query_22531	XM_038769164.1	100.000	21	0	0	1	21	542	522	2.0	39.2
Query_22531	XM_038769163.1	100.000	21	0	0	1	21	543	523	2.0	39.2
Query_22531	XM_038769162.1	100.000	21	0	0	1	21	746	726	2.0	39.2
Query_22531	XM_037990392.1	100.000	21	0	0	1	21	792	772	2.0	39.2
Query_22531	XM_037990386.1	100.000	21	0	0	1	21	632	612	2.0	39.2
Query_22531	XM_037990381.1	100.000	21	0	0	1	21	472	452	2.0	39.2
Query_22531	XM_007999423.2	100.000	21	0	0	1	21	689	669	2.0	39.2
Query_22531	XM_037990373.1	100.000	21	0	0	1	21	687	667	2.0	39.2
Query_22531	XM_037990369.1	100.000	21	0	0	1	21	776	756	2.0	39.2
Query_22531	XM_037990364.1	100.000	21	0	0	1	21	950	930	2.0	39.2
Query_22531	XM_007999419.2	100.000	21	0	0	1	21	792	772	2.0	39.2
Query_22531	XM_007999418.2	100.000	21	0	0	1	21	870	850	2.0	39.2
Query_22531	XM_037821592.1	100.000	21	0	0	1	21	322	302	2.0	39.2
Query_22531	XM_037830359.1	100.000	21	0	0	1	21	556	536	2.0	39.2
Query_22531	XM_037830358.1	100.000	21	0	0	1	21	567	547	2.0	39.2
Query_22531	XM_037830357.1	100.000	21	0	0	1	21	529	509	2.0	39.2
Query_22531	XM_037830356.1	100.000	21	0	0	1	21	581	561	2.0	39.2
Query_22531	XM_037830355.1	100.000	21	0	0	1	21	600	580	2.0	39.2
Query_22531	XM_017508657.2	100.000	21	0	0	1	21	684	664	2.0	39.2
Query_22531	XM_017508656.2	100.000	21	0	0	1	21	814	794	2.0	39.2
Query_22531	XM_017508655.2	100.000	21	0	0	1	21	588	568	2.0	39.2
Query_22531	XM_017508652.2	100.000	21	0	0	1	21	576	556	2.0	39.2
Query_22531	XM_017508651.2	100.000	21	0	0	1	21	765	745	2.0	39.2
Query_22531	XM_017508650.2	100.000	21	0	0	1	21	884	864	2.0	39.2
Query_22531	XR_001825684.2	100.000	21	0	0	1	21	525	505	2.0	39.2
Query_22531	XM_037509625.1	100.000	21	0	0	1	21	558	538	2.0	39.2
Query_22531	XM_037509624.1	100.000	21	0	0	1	21	508	488	2.0	39.2
Query_22531	XM_037509623.1	100.000	21	0	0	1	21	566	546	2.0	39.2
Query_22531	XM_037207130.1	100.000	21	0	0	1	21	381	361	2.0	39.2
Query_22531	XM_028857385.2	100.000	21	0	0	1	21	597	577	2.0	39.2
Query_22531	XM_028857378.2	100.000	21	0	0	1	21	558	538	2.0	39.2
Query_22531	XM_028857369.2	100.000	21	0	0	1	21	647	627	2.0	39.2
Query_22531	XM_028857360.2	100.000	21	0	0	1	21	599	579	2.0	39.2
Query_22531	XM_037199050.1	100.000	21	0	0	1	21	448	428	2.0	39.2
Query_22531	XM_037167928.1	100.000	21	0	0	1	21	560	540	2.0	39.2
Query_22531	XM_037031881.1	100.000	21	0	0	1	21	564	544	2.0	39.2


