# blastn
# Iteration: 0
# Query: 
# RID: 6X5NZNT1016
# Database: nt
# Fields: query acc.ver, subject acc.ver, % identity, alignment length, mismatches, gap opens, q. start, q. end, s. start, s. end, evalue, bit score
# 102 hits found
Query_18969	XM_034024540.2	100.000	21	0	0	1	21	268	248	2.1	39.2
Query_18969	XM_034033714.2	100.000	21	0	0	1	21	262	242	2.1	39.2
Query_18969	XM_034934228.1	100.000	21	0	0	1	21	308	288	2.1	39.2
Query_18969	AP023162.1	100.000	21	0	0	1	21	30676028	30676008	2.1	39.2
Query_18969	XM_011234308.3	100.000	21	0	0	1	21	414	394	2.1	39.2
Query_18969	XM_034487473.1	100.000	21	0	0	1	21	548	528	2.1	39.2
Query_18969	XM_026926979.2	100.000	21	0	0	1	21	277	257	2.1	39.2
Query_18969	XM_019952685.2	100.000	21	0	0	1	21	278	258	2.1	39.2
Query_18969	XM_010629226.3	100.000	21	0	0	1	21	398	378	2.1	39.2
Query_18969	XM_004269543.2	100.000	21	0	0	1	21	278	258	2.1	39.2
Query_18969	XM_040491239.1	100.000	21	0	0	1	21	324	304	2.1	39.2
Query_18969	XM_005335540.4	100.000	21	0	0	1	21	203	183	2.1	39.2
Query_18969	XM_040281818.1	100.000	21	0	0	1	21	200	180	2.1	39.2
Query_18969	XM_040234415.1	100.000	21	0	0	1	21	326	306	2.1	39.2
Query_18969	HG994417.1	100.000	21	0	0	1	21	2974315	2974335	2.1	39.2
Query_18969	HG994405.1	100.000	21	0	0	1	21	37623584	37623564	2.1	39.2
Query_18969	HG994395.1	100.000	21	0	0	1	21	35168746	35168766	2.1	39.2
Query_18969	HG994393.1	100.000	21	0	0	1	21	43965489	43965509	2.1	39.2
Query_18969	HG994389.1	100.000	21	0	0	1	21	50959704	50959724	2.1	39.2
Query_18969	HG994388.1	100.000	21	0	0	1	21	10477442	10477422	2.1	39.2
Query_18969	HG994386.1	100.000	21	0	0	1	21	10966911	10966891	2.1	39.2
Query_18969	HG994386.1	100.000	21	0	0	1	21	19075611	19075591	2.1	39.2
Query_18969	HG994385.1	100.000	21	0	0	1	21	54981893	54981873	2.1	39.2
Query_18969	HG994384.1	100.000	21	0	0	1	21	29999934	29999954	2.1	39.2
Query_18969	XM_039869043.1	100.000	21	0	0	1	21	307	287	2.1	39.2
Query_18969	XM_039761538.1	100.000	21	0	0	1	21	266	246	2.1	39.2
Query_18969	XM_039471644.1	100.000	21	0	0	1	21	527	507	2.1	39.2
Query_18969	XM_039471339.1	100.000	21	0	0	1	21	199	179	2.1	39.2
Query_18969	XM_038667664.1	100.000	21	0	0	1	21	263	243	2.1	39.2
Query_18969	XM_038662699.1	100.000	21	0	0	1	21	719	699	2.1	39.2
Query_18969	XM_038444630.1	100.000	21	0	0	1	21	161	141	2.1	39.2
Query_18969	XM_038429925.1	100.000	21	0	0	1	21	174	154	2.1	39.2
Query_18969	XM_038680268.1	100.000	21	0	0	1	21	215	195	2.1	39.2
Query_18969	XM_038535473.1	100.000	21	0	0	1	21	272	252	2.1	39.2
Query_18969	XM_003434540.5	100.000	21	0	0	1	21	724	704	2.1	39.2
Query_18969	XM_038462342.1	100.000	21	0	0	1	21	161	141	2.1	39.2
Query_18969	XM_014122538.3	100.000	21	0	0	1	21	167	147	2.1	39.2
Query_18969	XM_038644474.1	100.000	21	0	0	1	21	209	189	2.1	39.2
Query_18969	XM_038343912.1	100.000	21	0	0	1	21	167	147	2.1	39.2
Query_18969	XM_038333384.1	100.000	21	0	0	1	21	233	213	2.1	39.2
Query_18969	XM_038314678.1	100.000	21	0	0	1	21	321	301	2.1	39.2
Query_18969	XM_007992884.2	100.000	21	0	0	1	21	167	147	2.1	39.2
Query_18969	XM_008004246.2	100.000	21	0	0	1	21	528	508	2.1	39.2
Query_18969	XM_037822839.1	100.000	21	0	0	1	21	167	147	2.1	39.2
Query_18969	XM_037846925.1	100.000	21	0	0	1	21	281	261	2.1	39.2
Query_18969	XM_037805070.1	100.000	21	0	0	1	21	167	147	2.1	39.2
Query_18969	XM_037799864.1	100.000	21	0	0	1	21	705	685	2.1	39.2
Query_18969	XM_017502871.2	100.000	21	0	0	1	21	198	178	2.1	39.2
Query_18969	XM_017534874.2	100.000	21	0	0	1	21	202	182	2.1	39.2
Query_18969	XM_017690502.2	100.000	21	0	0	1	21	289	269	2.1	39.2
Query_18969	XM_037522123.1	100.000	21	0	0	1	21	287	267	2.1	39.2
Query_18969	XM_037513877.1	100.000	21	0	0	1	21	336	316	2.1	39.2
Query_18969	XM_028855698.2	100.000	21	0	0	1	21	273	253	2.1	39.2
Query_18969	XM_037196800.1	100.000	21	0	0	1	21	319	299	2.1	39.2
Query_18969	XM_037146140.1	100.000	21	0	0	1	21	355	335	2.1	39.2
Query_18969	XM_037064672.1	100.000	21	0	0	1	21	354	334	2.1	39.2
Query_18969	XM_036996328.1	100.000	21	0	0	1	21	167	147	2.1	39.2
Query_18969	XM_037023059.1	100.000	21	0	0	1	21	319	299	2.1	39.2
Query_18969	XM_037012614.1	100.000	21	0	0	1	21	167	147	2.1	39.2
Query_18969	XM_036879049.1	100.000	21	0	0	1	21	167	147	2.1	39.2
Query_18969	XM_036917115.1	100.000	21	0	0	1	21	198	178	2.1	39.2
Query_18969	XM_036852158.1	100.000	21	0	0	1	21	164	144	2.1	39.2
Query_18969	XM_036852157.1	100.000	21	0	0	1	21	191	171	2.1	39.2
Query_18969	XM_036584843.1	100.000	21	0	0	1	21	246	226	2.1	39.2
Query_18969	XR_004991539.1	100.000	21	0	0	1	21	357	337	2.1	39.2
Query_18969	XM_036458685.1	100.000	21	0	0	1	21	354	334	2.1	39.2
Query_18969	XM_036305925.1	100.000	21	0	0	1	21	197	177	2.1	39.2
Query_18969	XM_036305699.1	100.000	21	0	0	1	21	167	147	2.1	39.2
Query_18969	XM_036302016.1	100.000	21	0	0	1	21	189	169	2.1	39.2
Query_18969	XM_036297571.1	100.000	21	0	0	1	21	352	332	2.1	39.2
Query_18969	XR_004965807.1	100.000	21	0	0	1	21	352	332	2.1	39.2
Query_18969	XM_036297570.1	100.000	21	0	0	1	21	345	325	2.1	39.2
Query_18969	XM_036247340.1	100.000	21	0	0	1	21	201	181	2.1	39.2
Query_18969	XM_036241407.1	100.000	21	0	0	1	21	179	159	2.1	39.2
Query_18969	XM_036252541.1	100.000	21	0	0	1	21	259	239	2.1	39.2
Query_18969	XM_016157625.2	100.000	21	0	0	1	21	278	258	2.1	39.2
Query_18969	XM_036170059.1	100.000	21	0	0	1	21	356	336	2.1	39.2
Query_18969	XM_006514344.5	100.000	21	0	0	1	21	501	481	2.1	39.2
Query_18969	XM_028518699.2	100.000	21	0	0	1	21	181	161	2.1	39.2
Query_18969	XM_028513106.2	100.000	21	0	0	1	21	192	172	2.1	39.2
Query_18969	LR877242.1	100.000	21	0	0	1	21	18521824	18521804	2.1	39.2
Query_18969	LR877232.1	100.000	21	0	0	1	21	34200361	34200381	2.1	39.2
Query_18969	LR877226.1	100.000	21	0	0	1	21	44776905	44776925	2.1	39.2
Query_18969	LR877207.1	100.000	21	0	0	1	21	15894528	15894508	2.1	39.2
Query_18969	XM_025419479.2	100.000	21	0	0	1	21	174	154	2.1	39.2
Query_18969	XM_035699157.1	100.000	21	0	0	1	21	330	310	2.1	39.2
Query_18969	XM_025438793.2	100.000	21	0	0	1	21	318	298	2.1	39.2
Query_18969	XR_004805211.1	100.000	21	0	0	1	21	2994	2974	2.1	39.2
Query_18969	XM_025435197.2	100.000	21	0	0	1	21	715	695	2.1	39.2
Query_18969	XM_025422512.2	100.000	21	0	0	1	21	232	212	2.1	39.2
Query_18969	LR862373.1	100.000	21	0	0	1	21	11564441	11564421	2.1	39.2
Query_18969	LR862397.1	100.000	21	0	0	1	21	11339126	11339146	2.1	39.2
Query_18969	LR862397.1	100.000	21	0	0	1	21	29635582	29635562	2.1	39.2
Query_18969	XM_027030760.2	100.000	21	0	0	1	21	245	225	2.1	39.2
Query_18969	XM_027394122.2	100.000	21	0	0	1	21	325	305	2.1	39.2
Query_18969	XM_009004044.4	100.000	21	0	0	1	21	238	218	2.1	39.2
Query_18969	XM_035258513.1	100.000	21	0	0	1	21	219	199	2.1	39.2
Query_18969	XM_009004364.3	100.000	21	0	0	1	21	246	226	2.1	39.2
Query_18969	XM_009002552.3	100.000	21	0	0	1	21	200	180	2.1	39.2
Query_18969	XM_002751685.5	100.000	21	0	0	1	21	231	211	2.1	39.2
Query_18969	XM_035280129.1	100.000	21	0	0	1	21	196	176	2.1	39.2
Query_18969	XM_035300807.1	100.000	21	0	0	1	21	167	147	2.1	39.2


