# blastn
# Iteration: 0
# Query: 
# RID: 6X40SD0R013
# Database: nt
# Fields: query acc.ver, subject acc.ver, % identity, alignment length, mismatches, gap opens, q. start, q. end, s. start, s. end, evalue, bit score
# 103 hits found
Query_28885	XM_040491239.1	100.000	21	0	0	1	21	444	424	2.1	39.2
Query_28885	XM_040234415.1	100.000	21	0	0	1	21	446	426	2.1	39.2
Query_28885	HG994418.1	100.000	21	0	0	1	21	23852251	23852231	2.1	39.2
Query_28885	HG994417.1	100.000	21	0	0	1	21	2974195	2974215	2.1	39.2
Query_28885	HG994414.1	100.000	21	0	0	1	21	30011163	30011143	2.1	39.2
Query_28885	HG994412.1	100.000	21	0	0	1	21	35367974	35367994	2.1	39.2
Query_28885	HG994407.1	100.000	21	0	0	1	21	26116136	26116116	2.1	39.2
Query_28885	HG994406.1	100.000	21	0	0	1	21	8450738	8450758	2.1	39.2
Query_28885	HG994406.1	100.000	21	0	0	1	21	33877630	33877650	2.1	39.2
Query_28885	HG994405.1	100.000	21	0	0	1	21	37623704	37623684	2.1	39.2
Query_28885	HG994397.1	100.000	21	0	0	1	21	55644467	55644487	2.1	39.2
Query_28885	HG994397.1	100.000	21	0	0	1	21	60951388	60951368	2.1	39.2
Query_28885	HG994394.1	100.000	21	0	0	1	21	23149536	23149516	2.1	39.2
Query_28885	HG994393.1	100.000	21	0	0	1	21	43965369	43965389	2.1	39.2
Query_28885	HG994388.1	100.000	21	0	0	1	21	10477562	10477542	2.1	39.2
Query_28885	HG994386.1	100.000	21	0	0	1	21	10967032	10967012	2.1	39.2
Query_28885	HG994386.1	100.000	21	0	0	1	21	19075731	19075711	2.1	39.2
Query_28885	HG994385.1	100.000	21	0	0	1	21	54982013	54981993	2.1	39.2
Query_28885	HG994384.1	100.000	21	0	0	1	21	29999814	29999834	2.1	39.2
Query_28885	XM_039869043.1	100.000	21	0	0	1	21	427	407	2.1	39.2
Query_28885	XM_039650379.1	100.000	21	0	0	1	21	370	350	2.1	39.2
Query_28885	XM_039471644.1	100.000	21	0	0	1	21	647	627	2.1	39.2
Query_28885	XM_039471344.1	100.000	21	0	0	1	21	287	267	2.1	39.2
Query_28885	XM_039471339.1	100.000	21	0	0	1	21	319	299	2.1	39.2
Query_28885	NG_030475.3	100.000	21	0	0	1	21	444	424	2.1	39.2
Query_28885	XM_039225835.1	100.000	21	0	0	1	21	98	78	2.1	39.2
Query_28885	XM_039238873.1	100.000	21	0	0	1	21	349	329	2.1	39.2
Query_28885	XM_039236607.1	100.000	21	0	0	1	21	375	355	2.1	39.2
Query_28885	XM_039092903.1	100.000	21	0	0	1	21	1472	1452	2.1	39.2
Query_28885	XM_038677314.1	100.000	21	0	0	1	21	303	283	2.1	39.2
Query_28885	XM_038662699.1	100.000	21	0	0	1	21	839	819	2.1	39.2
Query_28885	XM_038447501.1	100.000	21	0	0	1	21	414	394	2.1	39.2
Query_28885	XM_038444630.1	100.000	21	0	0	1	21	281	261	2.1	39.2
Query_28885	XM_038439592.1	100.000	21	0	0	1	21	551	531	2.1	39.2
Query_28885	XM_038431898.1	100.000	21	0	0	1	21	297	277	2.1	39.2
Query_28885	XM_038429925.1	100.000	21	0	0	1	21	294	274	2.1	39.2
Query_28885	XM_038680268.1	100.000	21	0	0	1	21	335	315	2.1	39.2
Query_28885	XM_003435294.4	100.000	21	0	0	1	21	303	283	2.1	39.2
Query_28885	XM_003434540.5	100.000	21	0	0	1	21	844	824	2.1	39.2
Query_28885	XM_038463572.1	100.000	21	0	0	1	21	414	394	2.1	39.2
Query_28885	XM_038462342.1	100.000	21	0	0	1	21	281	261	2.1	39.2
Query_28885	XM_014109332.3	100.000	21	0	0	1	21	318	298	2.1	39.2
Query_28885	XM_022411083.2	100.000	21	0	0	1	21	551	531	2.1	39.2
Query_28885	XM_003433108.5	100.000	21	0	0	1	21	297	277	2.1	39.2
Query_28885	XM_014122538.3	100.000	21	0	0	1	21	287	267	2.1	39.2
Query_28885	XM_038644474.1	100.000	21	0	0	1	21	329	309	2.1	39.2
Query_28885	XM_038008386.1	100.000	21	0	0	1	21	321	301	2.1	39.2
Query_28885	XM_008004246.2	100.000	21	0	0	1	21	648	628	2.1	39.2
Query_28885	XM_037822839.1	100.000	21	0	0	1	21	287	267	2.1	39.2
Query_28885	XM_037846925.1	100.000	21	0	0	1	21	401	381	2.1	39.2
Query_28885	XM_037799864.1	100.000	21	0	0	1	21	825	805	2.1	39.2
Query_28885	XM_037799643.1	100.000	21	0	0	1	21	287	267	2.1	39.2
Query_28885	XM_017502871.2	100.000	21	0	0	1	21	318	298	2.1	39.2
Query_28885	XM_017541827.2	100.000	21	0	0	1	21	313	293	2.1	39.2
Query_28885	XM_037522123.1	100.000	21	0	0	1	21	407	387	2.1	39.2
Query_28885	XM_037513877.1	100.000	21	0	0	1	21	456	436	2.1	39.2
Query_28885	XM_028855698.2	100.000	21	0	0	1	21	393	373	2.1	39.2
Query_28885	XM_037196800.1	100.000	21	0	0	1	21	439	419	2.1	39.2
Query_28885	XM_037146140.1	100.000	21	0	0	1	21	475	455	2.1	39.2
Query_28885	XM_036852158.1	100.000	21	0	0	1	21	284	264	2.1	39.2
Query_28885	XM_036852157.1	100.000	21	0	0	1	21	311	291	2.1	39.2
Query_28885	XR_004991539.1	100.000	21	0	0	1	21	477	457	2.1	39.2
Query_28885	XM_036458685.1	100.000	21	0	0	1	21	474	454	2.1	39.2
Query_28885	XM_036305699.1	100.000	21	0	0	1	21	287	267	2.1	39.2
Query_28885	XM_036302016.1	100.000	21	0	0	1	21	309	289	2.1	39.2
Query_28885	XM_036297571.1	100.000	21	0	0	1	21	472	452	2.1	39.2
Query_28885	XR_004965807.1	100.000	21	0	0	1	21	472	452	2.1	39.2
Query_28885	XM_036297570.1	100.000	21	0	0	1	21	465	445	2.1	39.2
Query_28885	XM_036247340.1	100.000	21	0	0	1	21	321	301	2.1	39.2
Query_28885	XM_036252541.1	100.000	21	0	0	1	21	379	359	2.1	39.2
Query_28885	XM_016157625.2	100.000	21	0	0	1	21	398	378	2.1	39.2
Query_28885	XM_036198628.1	100.000	21	0	0	1	21	284	264	2.1	39.2
Query_28885	XM_036170059.1	100.000	21	0	0	1	21	476	456	2.1	39.2
Query_28885	XM_006514344.5	100.000	21	0	0	1	21	621	601	2.1	39.2
Query_28885	XM_036094585.1	100.000	21	0	0	1	21	422	402	2.1	39.2
Query_28885	XM_036089977.1	100.000	21	0	0	1	21	446	426	2.1	39.2
Query_28885	XM_036079636.1	100.000	21	0	0	1	21	308	288	2.1	39.2
Query_28885	XM_036078433.1	100.000	21	0	0	1	21	522	502	2.1	39.2
Query_28885	XM_036077454.1	100.000	21	0	0	1	21	420	400	2.1	39.2
Query_28885	XM_028518699.2	100.000	21	0	0	1	21	301	281	2.1	39.2
Query_28885	XM_028513106.2	100.000	21	0	0	1	21	312	292	2.1	39.2
Query_28885	LR877232.1	100.000	21	0	0	1	21	34200241	34200261	2.1	39.2
Query_28885	LR877226.1	100.000	21	0	0	1	21	44776785	44776805	2.1	39.2
Query_28885	LR877218.1	100.000	21	0	0	1	21	13546631	13546651	2.1	39.2
Query_28885	LR877214.1	100.000	21	0	0	1	21	20786487	20786507	2.1	39.2
Query_28885	XM_025433563.2	100.000	21	0	0	1	21	310	290	2.1	39.2
Query_28885	XM_025461314.2	100.000	21	0	0	1	21	297	277	2.1	39.2
Query_28885	XM_025449079.2	100.000	21	0	0	1	21	333	313	2.1	39.2
Query_28885	XM_025419479.2	100.000	21	0	0	1	21	294	274	2.1	39.2
Query_28885	XM_035699157.1	100.000	21	0	0	1	21	450	430	2.1	39.2
Query_28885	XM_025438793.2	100.000	21	0	0	1	21	438	418	2.1	39.2
Query_28885	XM_025440401.2	100.000	21	0	0	1	21	303	283	2.1	39.2
Query_28885	XM_025435197.2	100.000	21	0	0	1	21	835	815	2.1	39.2
Query_28885	XM_025422512.2	100.000	21	0	0	1	21	352	332	2.1	39.2
Query_28885	XM_035729226.1	100.000	21	0	0	1	21	430	410	2.1	39.2
Query_28885	XM_035728969.1	100.000	21	0	0	1	21	332	312	2.1	39.2
Query_28885	XM_035728362.1	100.000	21	0	0	1	21	287	267	2.1	39.2
Query_28885	XM_035728332.1	100.000	21	0	0	1	21	431	411	2.1	39.2
Query_28885	XM_035727297.1	100.000	21	0	0	1	21	314	294	2.1	39.2
Query_28885	XM_027590249.2	100.000	21	0	0	1	21	391	371	2.1	39.2
Query_28885	XM_027589463.2	100.000	21	0	0	1	21	287	267	2.1	39.2
Query_28885	XM_035726302.1	100.000	21	0	0	1	21	314	294	2.1	39.2
Query_28885	XM_035722137.1	100.000	21	0	0	1	21	329	309	2.1	39.2


