# blastn
# Iteration: 0
# Query: 
# RID: 7J5JK49P016
# Database: nt
# Fields: query acc.ver, subject acc.ver, % identity, alignment length, mismatches, gap opens, q. start, q. end, s. start, s. end, evalue, bit score
# 100 hits found
Query_30425	LR812507.1	100.000	21	0	0	1	21	51499451	51499431	2.1	39.2
Query_30425	XM_034986442.1	100.000	21	0	0	1	21	623	603	2.1	39.2
Query_30425	XM_034945734.1	100.000	21	0	0	1	21	546	526	2.1	39.2
Query_30425	AP023166.1	100.000	21	0	0	1	21	5448374	5448394	2.1	39.2
Query_30425	XM_033844831.1	100.000	21	0	0	1	21	835	815	2.1	39.2
Query_30425	XM_004283250.2	100.000	21	0	0	1	21	835	815	2.1	39.2
Query_30425	XM_033224775.1	100.000	21	0	0	1	21	891	871	2.1	39.2
Query_30425	XM_032614966.1	100.000	21	0	0	1	21	835	815	2.1	39.2
Query_30425	XM_032487481.1	100.000	21	0	0	1	21	835	815	2.1	39.2
Query_30425	XM_014564844.2	100.000	21	0	0	1	21	355	335	2.1	39.2
Query_30425	XM_032388640.1	100.000	21	0	0	1	21	964	944	2.1	39.2
Query_30425	XM_032171460.1	100.000	21	0	0	1	21	606	586	2.1	39.2
Query_30425	XM_023197562.3	100.000	21	0	0	1	21	887	867	2.1	39.2
Query_30425	NM_001194143.2	100.000	21	0	0	1	21	969	949	2.1	39.2
Query_30425	LR738628.1	100.000	21	0	0	1	21	74931397	74931417	2.1	39.2
Query_30425	LR738606.1	100.000	21	0	0	1	21	66406560	66406540	2.1	39.2
Query_30425	XM_031659367.1	100.000	21	0	0	1	21	960	940	2.1	39.2
Query_30425	XM_010989212.2	100.000	21	0	0	1	21	828	808	2.1	39.2
Query_30425	XM_031457488.1	100.000	21	0	0	1	21	763	743	2.1	39.2
Query_30425	XM_006747778.2	100.000	21	0	0	1	21	864	844	2.1	39.2
Query_30425	XM_004061618.3	100.000	21	0	0	1	21	898	878	2.1	39.2
Query_30425	XR_002003000.2	100.000	21	0	0	1	21	482	462	2.1	39.2
Query_30425	XM_010361181.2	100.000	21	0	0	1	21	865	845	2.1	39.2
Query_30425	XM_030848376.1	100.000	21	0	0	1	21	835	815	2.1	39.2
Query_30425	XM_030819428.1	100.000	21	0	0	1	21	1194	1174	2.1	39.2
Query_30425	XM_022564888.2	100.000	21	0	0	1	21	856	836	2.1	39.2
Query_30425	XM_030297580.1	100.000	21	0	0	1	21	381	361	2.1	39.2
Query_30425	XM_029926448.1	100.000	21	0	0	1	21	359	339	2.1	39.2
Query_30425	XM_029240889.1	100.000	21	0	0	1	21	898	878	2.1	39.2
Query_30425	NM_003969.4	100.000	21	0	0	1	21	549	529	2.1	39.2
Query_30425	XM_007123110.3	100.000	21	0	0	1	21	890	870	2.1	39.2
Query_30425	XM_027097413.1	100.000	21	0	0	1	21	898	878	2.1	39.2
Query_30425	XM_027037588.1	100.000	21	0	0	1	21	409	389	2.1	39.2
Query_30425	XM_026489448.1	100.000	21	0	0	1	21	376	356	2.1	39.2
Query_30425	XM_028093366.1	100.000	21	0	0	1	21	578	558	2.1	39.2
Query_30425	XM_027978947.1	100.000	21	0	0	1	21	368	348	2.1	39.2
Query_30425	XM_027978946.1	100.000	21	0	0	1	21	403	383	2.1	39.2
Query_30425	XM_027978945.1	100.000	21	0	0	1	21	368	348	2.1	39.2
Query_30425	CP034522.1	100.000	21	0	0	1	21	59008082	59008102	2.1	39.2
Query_30425	CP034497.1	100.000	21	0	0	1	21	59008082	59008102	2.1	39.2
Query_30425	XM_027619724.1	100.000	21	0	0	1	21	578	558	2.1	39.2
Query_30425	XM_027514594.1	100.000	21	0	0	1	21	882	862	2.1	39.2
Query_30425	XM_025984386.1	100.000	21	0	0	1	21	96	76	2.1	39.2
Query_30425	XM_025984385.1	100.000	21	0	0	1	21	323	303	2.1	39.2
Query_30425	XM_025849383.1	100.000	21	0	0	1	21	578	558	2.1	39.2
Query_30425	XM_025848705.1	100.000	21	0	0	1	21	578	558	2.1	39.2
Query_30425	XM_025367066.1	100.000	21	0	0	1	21	1161	1141	2.1	39.2
Query_30425	XM_025367065.1	100.000	21	0	0	1	21	1161	1141	2.1	39.2
Query_30425	XM_025270420.1	100.000	21	0	0	1	21	423	403	2.1	39.2
Query_30425	XM_006067295.2	100.000	21	0	0	1	21	405	385	2.1	39.2
Query_30425	XM_015458446.2	100.000	21	0	0	1	21	882	862	2.1	39.2
Query_30425	XM_011751675.2	100.000	21	0	0	1	21	970	950	2.1	39.2
Query_30425	XM_024740917.1	100.000	21	0	0	1	21	319	299	2.1	39.2
Query_30425	XM_024570231.1	100.000	21	0	0	1	21	364	344	2.1	39.2
Query_30425	XM_016937020.2	100.000	21	0	0	1	21	1004	984	2.1	39.2
Query_30425	XM_024237018.1	100.000	21	0	0	1	21	914	894	2.1	39.2
Query_30425	XM_001495644.6	100.000	21	0	0	1	21	896	876	2.1	39.2
Query_30425	XM_011384637.2	100.000	21	0	0	1	21	883	863	2.1	39.2
Query_30425	XM_023245780.1	100.000	21	0	0	1	21	400	380	2.1	39.2
Query_30425	XM_021708408.1	100.000	21	0	0	1	21	616	596	2.1	39.2
Query_30425	XM_012473155.2	100.000	21	0	0	1	21	929	909	2.1	39.2
Query_30425	XM_021691852.1	100.000	21	0	0	1	21	922	902	2.1	39.2
Query_30425	XM_021691850.1	100.000	21	0	0	1	21	921	901	2.1	39.2
Query_30425	XM_021246106.1	100.000	21	0	0	1	21	334	314	2.1	39.2
Query_30425	XM_004866522.3	100.000	21	0	0	1	21	907	887	2.1	39.2
Query_30425	XM_021097419.1	100.000	21	0	0	1	21	755	735	2.1	39.2
Query_30425	XM_012752406.2	100.000	21	0	0	1	21	947	927	2.1	39.2
Query_30425	LT735850.1	100.000	21	0	0	1	21	806	786	2.1	39.2
Query_30425	XM_019978166.1	100.000	21	0	0	1	21	368	348	2.1	39.2
Query_30425	XM_019633350.1	100.000	21	0	0	1	21	915	895	2.1	39.2
Query_30425	XM_019438696.1	100.000	21	0	0	1	21	822	802	2.1	39.2
Query_30425	XM_019438694.1	100.000	21	0	0	1	21	822	802	2.1	39.2
Query_30425	XM_019102815.1	100.000	21	0	0	1	21	545	525	2.1	39.2
Query_30425	XM_019102814.1	100.000	21	0	0	1	21	465	445	2.1	39.2
Query_30425	XM_018063555.1	100.000	21	0	0	1	21	884	864	2.1	39.2
Query_30425	XM_017850506.1	100.000	21	0	0	1	21	899	879	2.1	39.2
Query_30425	XM_002721900.3	100.000	21	0	0	1	21	852	832	2.1	39.2
Query_30425	XM_016536932.1	100.000	21	0	0	1	21	585	565	2.1	39.2
Query_30425	XM_016575283.1	100.000	21	0	0	1	21	472	452	2.1	39.2
Query_30425	XM_016494145.1	100.000	21	0	0	1	21	477	457	2.1	39.2
Query_30425	XM_040465311.1	100.000	21	0	0	1	21	402	382	2.1	39.2
Query_30425	XM_040251831.1	100.000	21	0	0	1	21	401	381	2.1	39.2
Query_30425	XM_040251830.1	100.000	21	0	0	1	21	840	820	2.1	39.2
Query_30425	XM_040251829.1	100.000	21	0	0	1	21	840	820	2.1	39.2
Query_30425	XM_039868785.1	100.000	21	0	0	1	21	879	859	2.1	39.2
Query_30425	CP068259.1	100.000	21	0	0	1	21	61654389	61654409	2.1	39.2
Query_30425	XM_038655543.1	100.000	21	0	0	1	21	864	844	2.1	39.2
Query_30425	XM_541337.6	100.000	21	0	0	1	21	864	844	2.1	39.2
Query_30425	XM_007998466.2	100.000	21	0	0	1	21	1073	1053	2.1	39.2
Query_30425	XM_037517301.1	100.000	21	0	0	1	21	421	401	2.1	39.2
Query_30425	XM_037148485.1	100.000	21	0	0	1	21	497	477	2.1	39.2
Query_30425	XM_037047667.1	100.000	21	0	0	1	21	415	395	2.1	39.2
Query_30425	XM_017678136.2	100.000	21	0	0	1	21	365	345	2.1	39.2
Query_30425	XM_036901378.1	100.000	21	0	0	1	21	1359	1339	2.1	39.2
Query_30425	XM_036833162.1	100.000	21	0	0	1	21	838	818	2.1	39.2
Query_30425	XM_016125757.2	100.000	21	0	0	1	21	554	534	2.1	39.2
Query_30425	AP023479.1	100.000	21	0	0	1	21	59039522	59039542	2.1	39.2
Query_30425	XM_036079788.1	100.000	21	0	0	1	21	578	558	2.1	39.2
Query_30425	XM_028530497.2	100.000	21	0	0	1	21	461	441	2.1	39.2
Query_30425	XM_025421358.2	100.000	21	0	0	1	21	392	372	2.1	39.2


