# blastn
# Iteration: 0
# Query: 
# RID: 6RJN5H5W013
# Database: nt
# Fields: query acc.ver, subject acc.ver, % identity, alignment length, mismatches, gap opens, q. start, q. end, s. start, s. end, evalue, bit score
# 62 hits found
Query_34135	XM_034951639.1	100.000	21	0	0	1	21	350	330	2.1	39.2
Query_34135	XM_034951638.1	100.000	21	0	0	1	21	202	182	2.1	39.2
Query_34135	XM_034951637.1	100.000	21	0	0	1	21	479	459	2.1	39.2
Query_34135	XM_034951636.1	100.000	21	0	0	1	21	243	223	2.1	39.2
Query_34135	XM_034951635.1	100.000	21	0	0	1	21	200	180	2.1	39.2
Query_34135	XM_034951634.1	100.000	21	0	0	1	21	203	183	2.1	39.2
Query_34135	XM_034951633.1	100.000	21	0	0	1	21	486	466	2.1	39.2
Query_34135	XM_034951632.1	100.000	21	0	0	1	21	244	224	2.1	39.2
Query_34135	XM_031002695.1	100.000	21	0	0	1	21	234	214	2.1	39.2
Query_34135	XM_031002694.1	100.000	21	0	0	1	21	234	214	2.1	39.2
Query_34135	XM_004056937.3	100.000	21	0	0	1	21	201	181	2.1	39.2
Query_34135	XM_004056936.3	100.000	21	0	0	1	21	355	335	2.1	39.2
Query_34135	XM_004056938.3	100.000	21	0	0	1	21	199	179	2.1	39.2
Query_34135	XM_019012582.2	100.000	21	0	0	1	21	199	179	2.1	39.2
Query_34135	NM_194260.3	100.000	21	0	0	1	21	355	335	2.1	39.2
Query_34135	NM_194261.3	100.000	21	0	0	1	21	207	187	2.1	39.2
Query_34135	NM_194259.3	100.000	21	0	0	1	21	482	462	2.1	39.2
Query_34135	NM_003345.5	100.000	21	0	0	1	21	225	205	2.1	39.2
Query_34135	XM_024450432.1	100.000	21	0	0	1	21	383	363	2.1	39.2
Query_34135	XM_016929130.2	100.000	21	0	0	1	21	346	326	2.1	39.2
Query_34135	XM_003314907.5	100.000	21	0	0	1	21	533	513	2.1	39.2
Query_34135	XM_003314906.4	100.000	21	0	0	1	21	249	229	2.1	39.2
Query_34135	XM_003314905.4	100.000	21	0	0	1	21	349	329	2.1	39.2
Query_34135	XM_016929129.2	100.000	21	0	0	1	21	603	583	2.1	39.2
Query_34135	XM_016929128.2	100.000	21	0	0	1	21	346	326	2.1	39.2
Query_34135	XM_009430052.3	100.000	21	0	0	1	21	533	513	2.1	39.2
Query_34135	XM_009430055.3	100.000	21	0	0	1	21	194	174	2.1	39.2
Query_34135	XM_009430053.3	100.000	21	0	0	1	21	336	316	2.1	39.2
Query_34135	XM_016929126.2	100.000	21	0	0	1	21	603	583	2.1	39.2
Query_34135	XM_016929125.2	100.000	21	0	0	1	21	346	326	2.1	39.2
Query_34135	LT733828.1	100.000	21	0	0	1	21	563	543	2.1	39.2
Query_34135	U45328.2	100.000	21	0	0	1	21	199	179	2.1	39.2
Query_34135	XM_019012585.1	100.000	21	0	0	1	21	341	321	2.1	39.2
Query_34135	XM_019012583.1	100.000	21	0	0	1	21	177	157	2.1	39.2
Query_34135	XM_017023640.1	100.000	21	0	0	1	21	631	611	2.1	39.2
Query_34135	XM_005255541.4	100.000	21	0	0	1	21	631	611	2.1	39.2
Query_34135	XM_011522644.2	100.000	21	0	0	1	21	471	451	2.1	39.2
Query_34135	XM_011522645.1	100.000	21	0	0	1	21	336	316	2.1	39.2
Query_34135	XM_005255540.2	100.000	21	0	0	1	21	225	205	2.1	39.2
Query_34135	KJ892346.1	100.000	21	0	0	1	21	141	121	2.1	39.2
Query_34135	AK291118.1	100.000	21	0	0	1	21	225	205	2.1	39.2
Query_34135	DQ894552.2	100.000	21	0	0	1	21	98	78	2.1	39.2
Query_34135	DQ891373.2	100.000	21	0	0	1	21	98	78	2.1	39.2
Query_34135	BC002345.1	100.000	21	0	0	1	21	1816	1796	2.1	39.2
Query_34135	BC051289.1	100.000	21	0	0	1	21	168	148	2.1	39.2
Query_34135	BC004429.1	100.000	21	0	0	1	21	138	118	2.1	39.2
Query_34135	BC004437.1	100.000	21	0	0	1	21	112	92	2.1	39.2
Query_34135	AK093616.1	100.000	21	0	0	1	21	165	145	2.1	39.2
Query_34135	BT007741.1	100.000	21	0	0	1	21	76	56	2.1	39.2
Query_34135	BT007635.1	100.000	21	0	0	1	21	76	56	2.1	39.2
Query_34135	BT007010.1	100.000	21	0	0	1	21	76	56	2.1	39.2
Query_34135	BT006932.1	100.000	21	0	0	1	21	76	56	2.1	39.2
Query_34135	AB208988.1	100.000	21	0	0	1	21	315	295	2.1	39.2
Query_34135	AJ002385.1	100.000	21	0	0	1	21	154	134	2.1	39.2
Query_34135	U38785.1	100.000	21	0	0	1	21	168	148	2.1	39.2
Query_34135	U66867.1	100.000	21	0	0	1	21	882	862	2.1	39.2
Query_34135	U66818.1	100.000	21	0	0	1	21	163	143	2.1	39.2
Query_34135	U31882.1	100.000	21	0	0	1	21	169	149	2.1	39.2
Query_34135	X96427.1	100.000	21	0	0	1	21	199	179	2.1	39.2
Query_34135	U31933.1	100.000	21	0	0	1	21	194	174	2.1	39.2
Query_34135	D45050.1	100.000	21	0	0	1	21	193	173	2.1	39.2
Query_34135	U29092.1	100.000	21	0	0	1	21	100	80	2.1	39.2


