# blastn
# Iteration: 0
# Query: 
# RID: 8YF3AAT0013
# Database: nt
# Fields: query acc.ver, subject acc.ver, % identity, alignment length, mismatches, gap opens, q. start, q. end, s. start, s. end, evalue, bit score
# 100 hits found
Query_13329	XM_034991888.1	100.000	21	0	0	1	21	1294	1274	2.1	39.2
Query_13329	XM_034991887.1	100.000	21	0	0	1	21	1378	1358	2.1	39.2
Query_13329	XM_034991886.1	100.000	21	0	0	1	21	1336	1316	2.1	39.2
Query_13329	XM_034962171.1	100.000	21	0	0	1	21	1195	1175	2.1	39.2
Query_13329	XM_008958732.2	100.000	21	0	0	1	21	1397	1377	2.1	39.2
Query_13329	XM_003833230.2	100.000	21	0	0	1	21	1368	1348	2.1	39.2
Query_13329	XM_034647925.1	100.000	21	0	0	1	21	1289	1269	2.1	39.2
Query_13329	XM_034647924.1	100.000	21	0	0	1	21	1247	1227	2.1	39.2
Query_13329	XM_034647923.1	100.000	21	0	0	1	21	1289	1269	2.1	39.2
Query_13329	XM_034647922.1	100.000	21	0	0	1	21	1289	1269	2.1	39.2
Query_13329	XM_034647921.1	100.000	21	0	0	1	21	1352	1332	2.1	39.2
Query_13329	XM_034647919.1	100.000	21	0	0	1	21	1420	1400	2.1	39.2
Query_13329	XM_034647918.1	100.000	21	0	0	1	21	1493	1473	2.1	39.2
Query_13329	XM_034647917.1	100.000	21	0	0	1	21	1289	1269	2.1	39.2
Query_13329	XM_033864160.1	100.000	21	0	0	1	21	1592	1572	2.1	39.2
Query_13329	XM_033864159.1	100.000	21	0	0	1	21	1446	1426	2.1	39.2
Query_13329	XM_033864158.1	100.000	21	0	0	1	21	1568	1548	2.1	39.2
Query_13329	XM_033423918.1	100.000	21	0	0	1	21	1588	1568	2.1	39.2
Query_13329	XM_033423917.1	100.000	21	0	0	1	21	1442	1422	2.1	39.2
Query_13329	XM_004267532.2	100.000	21	0	0	1	21	1564	1544	2.1	39.2
Query_13329	XM_033217305.1	100.000	21	0	0	1	21	1559	1539	2.1	39.2
Query_13329	XM_033217304.1	100.000	21	0	0	1	21	1456	1436	2.1	39.2
Query_13329	XM_033217303.1	100.000	21	0	0	1	21	1331	1311	2.1	39.2
Query_13329	XM_033217302.1	100.000	21	0	0	1	21	1495	1475	2.1	39.2
Query_13329	XM_033217301.1	100.000	21	0	0	1	21	1370	1350	2.1	39.2
Query_13329	XM_033095894.1	100.000	21	0	0	1	21	1339	1319	2.1	39.2
Query_13329	XM_033095885.1	100.000	21	0	0	1	21	1378	1358	2.1	39.2
Query_13329	XM_033095876.1	100.000	21	0	0	1	21	1378	1358	2.1	39.2
Query_13329	XM_033095867.1	100.000	21	0	0	1	21	1339	1319	2.1	39.2
Query_13329	XM_033095859.1	100.000	21	0	0	1	21	1399	1379	2.1	39.2
Query_13329	XM_033095849.1	100.000	21	0	0	1	21	1416	1396	2.1	39.2
Query_13329	XM_033095841.1	100.000	21	0	0	1	21	1378	1358	2.1	39.2
Query_13329	XM_032862065.1	100.000	21	0	0	1	21	1318	1298	2.1	39.2
Query_13329	XM_032862064.1	100.000	21	0	0	1	21	1360	1340	2.1	39.2
Query_13329	XM_032648849.1	100.000	21	0	0	1	21	1493	1473	2.1	39.2
Query_13329	XM_032648848.1	100.000	21	0	0	1	21	1352	1332	2.1	39.2
Query_13329	XM_030315606.2	100.000	21	0	0	1	21	1356	1336	2.1	39.2
Query_13329	XM_032463165.1	100.000	21	0	0	1	21	1331	1311	2.1	39.2
Query_13329	XM_032463164.1	100.000	21	0	0	1	21	1485	1465	2.1	39.2
Query_13329	XM_032463163.1	100.000	21	0	0	1	21	1370	1350	2.1	39.2
Query_13329	XM_032409747.1	100.000	21	0	0	1	21	1303	1283	2.1	39.2
Query_13329	XM_032409745.1	100.000	21	0	0	1	21	1345	1325	2.1	39.2
Query_13329	XM_032299538.1	100.000	21	0	0	1	21	1276	1256	2.1	39.2
Query_13329	XM_032299537.1	100.000	21	0	0	1	21	1410	1390	2.1	39.2
Query_13329	XM_032299536.1	100.000	21	0	0	1	21	1442	1422	2.1	39.2
Query_13329	XM_032299535.1	100.000	21	0	0	1	21	1436	1416	2.1	39.2
Query_13329	XM_032299534.1	100.000	21	0	0	1	21	1359	1339	2.1	39.2
Query_13329	XM_040983458.1	100.000	21	0	0	1	21	1352	1332	2.1	39.2
Query_13329	XM_040473640.1	100.000	21	0	0	1	21	1318	1298	2.1	39.2
Query_13329	XM_040473639.1	100.000	21	0	0	1	21	1257	1237	2.1	39.2
Query_13329	XM_040473638.1	100.000	21	0	0	1	21	1360	1340	2.1	39.2
Query_13329	XM_039466881.1	100.000	21	0	0	1	21	1483	1463	2.1	39.2
Query_13329	XM_010333936.2	100.000	21	0	0	1	21	1533	1513	2.1	39.2
Query_13329	XM_039466875.1	100.000	21	0	0	1	21	1359	1339	2.1	39.2
Query_13329	XM_039231230.1	100.000	21	0	0	1	21	1357	1337	2.1	39.2
Query_13329	XM_007972423.2	100.000	21	0	0	1	21	1431	1411	2.1	39.2
Query_13329	XM_038006128.1	100.000	21	0	0	1	21	1456	1436	2.1	39.2
Query_13329	XM_038006127.1	100.000	21	0	0	1	21	1352	1332	2.1	39.2
Query_13329	XM_007972424.2	100.000	21	0	0	1	21	1495	1475	2.1	39.2
Query_13329	XM_007972422.2	100.000	21	0	0	1	21	1391	1371	2.1	39.2
Query_13329	XM_037843300.1	100.000	21	0	0	1	21	1256	1236	2.1	39.2
Query_13329	XM_037843299.1	100.000	21	0	0	1	21	1307	1287	2.1	39.2
Query_13329	XM_037843298.1	100.000	21	0	0	1	21	1359	1339	2.1	39.2
Query_13329	XM_037843297.1	100.000	21	0	0	1	21	1346	1326	2.1	39.2
Query_13329	XM_017547408.2	100.000	21	0	0	1	21	1338	1318	2.1	39.2
Query_13329	XM_037745344.1	100.000	21	0	0	1	21	1410	1390	2.1	39.2
Query_13329	XM_017547404.2	100.000	21	0	0	1	21	1379	1359	2.1	39.2
Query_13329	XM_017547403.2	100.000	21	0	0	1	21	1436	1416	2.1	39.2
Query_13329	XM_017547402.2	100.000	21	0	0	1	21	1354	1334	2.1	39.2
Query_13329	XM_037519798.1	100.000	21	0	0	1	21	1349	1329	2.1	39.2
Query_13329	XM_037519797.1	100.000	21	0	0	1	21	1282	1262	2.1	39.2
Query_13329	XM_036868838.1	100.000	21	0	0	1	21	974	954	2.1	39.2
Query_13329	XM_036868837.1	100.000	21	0	0	1	21	1297	1277	2.1	39.2
Query_13329	XM_036868836.1	100.000	21	0	0	1	21	1318	1298	2.1	39.2
Query_13329	XM_036868835.1	100.000	21	0	0	1	21	1335	1315	2.1	39.2
Query_13329	XM_036868834.1	100.000	21	0	0	1	21	1494	1474	2.1	39.2
Query_13329	XM_036868833.1	100.000	21	0	0	1	21	1429	1409	2.1	39.2
Query_13329	XM_036868832.1	100.000	21	0	0	1	21	1512	1492	2.1	39.2
Query_13329	XM_036868831.1	100.000	21	0	0	1	21	1357	1337	2.1	39.2
Query_13329	XM_004590404.2	100.000	21	0	0	1	21	1337	1317	2.1	39.2
Query_13329	XM_036248030.1	100.000	21	0	0	1	21	1351	1331	2.1	39.2
Query_13329	XM_036248029.1	100.000	21	0	0	1	21	1382	1362	2.1	39.2
Query_13329	XM_036218441.1	100.000	21	0	0	1	21	1367	1347	2.1	39.2
Query_13329	XM_036218440.1	100.000	21	0	0	1	21	1239	1219	2.1	39.2
Query_13329	XM_036218439.1	100.000	21	0	0	1	21	1488	1468	2.1	39.2
Query_13329	XM_016128649.2	100.000	21	0	0	1	21	1340	1320	2.1	39.2
Query_13329	XM_016128651.2	100.000	21	0	0	1	21	1328	1308	2.1	39.2
Query_13329	XM_016128648.2	100.000	21	0	0	1	21	1367	1347	2.1	39.2
Query_13329	XM_036082770.1	100.000	21	0	0	1	21	1326	1306	2.1	39.2
Query_13329	XM_036082769.1	100.000	21	0	0	1	21	1257	1237	2.1	39.2
Query_13329	XM_036082767.1	100.000	21	0	0	1	21	1368	1348	2.1	39.2
Query_13329	XM_028508568.2	100.000	21	0	0	1	21	1480	1460	2.1	39.2
Query_13329	XM_028508566.2	100.000	21	0	0	1	21	1343	1323	2.1	39.2
Query_13329	XM_028508565.2	100.000	21	0	0	1	21	1382	1362	2.1	39.2
Query_13329	XM_036024155.1	100.000	21	0	0	1	21	1544	1524	2.1	39.2
Query_13329	XM_036024154.1	100.000	21	0	0	1	21	1622	1602	2.1	39.2
Query_13329	XM_036024153.1	100.000	21	0	0	1	21	1583	1563	2.1	39.2
Query_13329	XM_027602293.2	100.000	21	0	0	1	21	2617	2597	2.1	39.2
Query_13329	XM_027602292.2	100.000	21	0	0	1	21	2656	2636	2.1	39.2
Query_13329	XM_027602291.2	100.000	21	0	0	1	21	2698	2678	2.1	39.2


