# blastn
# Iteration: 0
# Query: 
# RID: 7PSN2TJ701R
# Database: nt
# Fields: query acc.ver, subject acc.ver, % identity, alignment length, mismatches, gap opens, q. start, q. end, s. start, s. end, evalue, bit score
# 100 hits found
Query_86671	XM_035021105.1	100.000	21	0	0	1	21	544	524	2.1	39.2
Query_86671	XM_035021104.1	100.000	21	0	0	1	21	416	396	2.1	39.2
Query_86671	XM_035021102.1	100.000	21	0	0	1	21	729	709	2.1	39.2
Query_86671	XM_040471982.1	100.000	21	0	0	1	21	734	714	2.1	39.2
Query_86671	XM_040471981.1	100.000	21	0	0	1	21	335	315	2.1	39.2
Query_86671	XM_040471980.1	100.000	21	0	0	1	21	777	757	2.1	39.2
Query_86671	XM_021730378.2	100.000	21	0	0	1	21	269	249	2.1	39.2
Query_86671	XM_005331109.4	100.000	21	0	0	1	21	747	727	2.1	39.2
Query_86671	XM_040259625.1	100.000	21	0	0	1	21	170	150	2.1	39.2
Query_86671	XM_040259624.1	100.000	21	0	0	1	21	328	308	2.1	39.2
Query_86671	XM_040259623.1	100.000	21	0	0	1	21	351	331	2.1	39.2
Query_86671	XM_040259622.1	100.000	21	0	0	1	21	727	707	2.1	39.2
Query_86671	XM_029074222.2	100.000	21	0	0	1	21	336	316	2.1	39.2
Query_86671	XM_029074221.2	100.000	21	0	0	1	21	356	336	2.1	39.2
Query_86671	HG994400.1	100.000	21	0	0	1	21	54011584	54011604	2.1	39.2
Query_86671	XM_039860867.1	100.000	21	0	0	1	21	405	385	2.1	39.2
Query_86671	XM_039860865.1	100.000	21	0	0	1	21	729	709	2.1	39.2
Query_86671	XR_005592631.1	100.000	21	0	0	1	21	542	522	2.1	39.2
Query_86671	XM_039519883.1	100.000	21	0	0	1	21	542	522	2.1	39.2
Query_86671	XM_003921004.3	100.000	21	0	0	1	21	704	684	2.1	39.2
Query_86671	XM_039242778.1	100.000	21	0	0	1	21	718	698	2.1	39.2
Query_86671	XM_038686155.1	100.000	21	0	0	1	21	724	704	2.1	39.2
Query_86671	XM_038686152.1	100.000	21	0	0	1	21	367	347	2.1	39.2
Query_86671	XM_038686151.1	100.000	21	0	0	1	21	715	695	2.1	39.2
Query_86671	XM_038433990.1	100.000	21	0	0	1	21	724	704	2.1	39.2
Query_86671	XM_022427231.2	100.000	21	0	0	1	21	367	347	2.1	39.2
Query_86671	XM_852326.6	100.000	21	0	0	1	21	715	695	2.1	39.2
Query_86671	XM_038752154.1	100.000	21	0	0	1	21	262	242	2.1	39.2
Query_86671	XM_038752153.1	100.000	21	0	0	1	21	462	442	2.1	39.2
Query_86671	XM_038367729.1	100.000	21	0	0	1	21	491	471	2.1	39.2
Query_86671	XM_038422815.1	100.000	21	0	0	1	21	761	741	2.1	39.2
Query_86671	XM_038422730.1	100.000	21	0	0	1	21	838	818	2.1	39.2
Query_86671	XM_038422645.1	100.000	21	0	0	1	21	558	538	2.1	39.2
Query_86671	XR_005295730.1	100.000	21	0	0	1	21	530	510	2.1	39.2
Query_86671	XM_038422516.1	100.000	21	0	0	1	21	530	510	2.1	39.2
Query_86671	XM_038318476.1	100.000	21	0	0	1	21	670	650	2.1	39.2
Query_86671	XM_007982899.2	100.000	21	0	0	1	21	709	689	2.1	39.2
Query_86671	XM_037889413.1	100.000	21	0	0	1	21	263	243	2.1	39.2
Query_86671	XR_005223828.1	100.000	21	0	0	1	21	544	524	2.1	39.2
Query_86671	XM_037889412.1	100.000	21	0	0	1	21	544	524	2.1	39.2
Query_86671	XM_037836169.1	100.000	21	0	0	1	21	1187	1167	2.1	39.2
Query_86671	XM_037836167.1	100.000	21	0	0	1	21	726	706	2.1	39.2
Query_86671	XM_037836166.1	100.000	21	0	0	1	21	823	803	2.1	39.2
Query_86671	XM_037739999.1	100.000	21	0	0	1	21	174	154	2.1	39.2
Query_86671	XM_017532568.2	100.000	21	0	0	1	21	289	269	2.1	39.2
Query_86671	XM_017532566.2	100.000	21	0	0	1	21	702	682	2.1	39.2
Query_86671	XM_037513136.1	100.000	21	0	0	1	21	220	200	2.1	39.2
Query_86671	XM_037513130.1	100.000	21	0	0	1	21	173	153	2.1	39.2
Query_86671	XM_037513121.1	100.000	21	0	0	1	21	315	295	2.1	39.2
Query_86671	XM_037513116.1	100.000	21	0	0	1	21	479	459	2.1	39.2
Query_86671	XM_037513112.1	100.000	21	0	0	1	21	1023	1003	2.1	39.2
Query_86671	XM_037513104.1	100.000	21	0	0	1	21	289	269	2.1	39.2
Query_86671	XM_037513092.1	100.000	21	0	0	1	21	373	353	2.1	39.2
Query_86671	XM_028866182.2	100.000	21	0	0	1	21	305	285	2.1	39.2
Query_86671	XM_037165819.1	100.000	21	0	0	1	21	269	249	2.1	39.2
Query_86671	XM_037165818.1	100.000	21	0	0	1	21	728	708	2.1	39.2
Query_86671	XM_037049208.1	100.000	21	0	0	1	21	259	239	2.1	39.2
Query_86671	XM_037049206.1	100.000	21	0	0	1	21	266	246	2.1	39.2
Query_86671	XM_037049205.1	100.000	21	0	0	1	21	733	713	2.1	39.2
Query_86671	XM_037019485.1	100.000	21	0	0	1	21	266	246	2.1	39.2
Query_86671	XM_036909040.1	100.000	21	0	0	1	21	736	716	2.1	39.2
Query_86671	XM_036862830.1	100.000	21	0	0	1	21	604	584	2.1	39.2
Query_86671	XM_036862829.1	100.000	21	0	0	1	21	293	273	2.1	39.2
Query_86671	XM_036759303.1	100.000	21	0	0	1	21	380	360	2.1	39.2
Query_86671	XM_036426873.1	100.000	21	0	0	1	21	341	321	2.1	39.2
Query_86671	XM_036426854.1	100.000	21	0	0	1	21	744	724	2.1	39.2
Query_86671	XM_036328704.1	100.000	21	0	0	1	21	556	536	2.1	39.2
Query_86671	XM_036328703.1	100.000	21	0	0	1	21	290	270	2.1	39.2
Query_86671	XM_036328700.1	100.000	21	0	0	1	21	257	237	2.1	39.2
Query_86671	XM_036328699.1	100.000	21	0	0	1	21	626	606	2.1	39.2
Query_86671	XM_036328698.1	100.000	21	0	0	1	21	332	312	2.1	39.2
Query_86671	XM_036246610.1	100.000	21	0	0	1	21	367	347	2.1	39.2
Query_86671	XM_036246609.1	100.000	21	0	0	1	21	502	482	2.1	39.2
Query_86671	XM_036246608.1	100.000	21	0	0	1	21	347	327	2.1	39.2
Query_86671	XM_036246607.1	100.000	21	0	0	1	21	366	346	2.1	39.2
Query_86671	XM_036246603.1	100.000	21	0	0	1	21	260	240	2.1	39.2
Query_86671	XM_036246602.1	100.000	21	0	0	1	21	266	246	2.1	39.2
Query_86671	XM_036246601.1	100.000	21	0	0	1	21	284	264	2.1	39.2
Query_86671	XM_036246600.1	100.000	21	0	0	1	21	338	318	2.1	39.2
Query_86671	XM_016148711.2	100.000	21	0	0	1	21	723	703	2.1	39.2
Query_86671	XM_036181344.1	100.000	21	0	0	1	21	747	727	2.1	39.2
Query_86671	XM_036101282.1	100.000	21	0	0	1	21	530	510	2.1	39.2
Query_86671	XM_036101281.1	100.000	21	0	0	1	21	492	472	2.1	39.2
Query_86671	XM_036101279.1	100.000	21	0	0	1	21	738	718	2.1	39.2
Query_86671	XM_036101278.1	100.000	21	0	0	1	21	683	663	2.1	39.2
Query_86671	XM_036101277.1	100.000	21	0	0	1	21	735	715	2.1	39.2
Query_86671	XM_028525332.2	100.000	21	0	0	1	21	733	713	2.1	39.2
Query_86671	LR877221.1	100.000	21	0	0	1	21	12224618	12224598	2.1	39.2
Query_86671	XM_025471634.2	100.000	21	0	0	1	21	457	437	2.1	39.2
Query_86671	XM_025471633.2	100.000	21	0	0	1	21	500	480	2.1	39.2
Query_86671	XM_025471630.2	100.000	21	0	0	1	21	402	382	2.1	39.2
Query_86671	XM_025471629.2	100.000	21	0	0	1	21	715	695	2.1	39.2
Query_86671	XM_027573204.2	100.000	21	0	0	1	21	170	150	2.1	39.2
Query_86671	XM_027573203.2	100.000	21	0	0	1	21	722	702	2.1	39.2
Query_86671	LR862366.1	100.000	21	0	0	1	21	17504759	17504779	2.1	39.2
Query_86671	XM_027391394.2	100.000	21	0	0	1	21	499	479	2.1	39.2
Query_86671	XM_035441534.1	100.000	21	0	0	1	21	228	208	2.1	39.2
Query_86671	XM_035254744.1	100.000	21	0	0	1	21	293	273	2.1	39.2
Query_86671	XM_035254741.1	100.000	21	0	0	1	21	715	695	2.1	39.2
Query_86671	XM_002756944.5	100.000	21	0	0	1	21	665	645	2.1	39.2


