# blastn
# Iteration: 0
# Query: 
# RID: 8YK3VPS6013
# Database: nt
# Fields: query acc.ver, subject acc.ver, % identity, alignment length, mismatches, gap opens, q. start, q. end, s. start, s. end, evalue, bit score
# 46 hits found
Query_10651	XM_008951835.2	100.000	21	0	0	1	21	562	542	2.1	39.2
Query_10651	XM_003826427.2	100.000	21	0	0	1	21	209	189	2.1	39.2
Query_10651	XM_033203867.1	100.000	21	0	0	1	21	372	352	2.1	39.2
Query_10651	XR_004435622.1	100.000	21	0	0	1	21	296	276	2.1	39.2
Query_10651	XM_033203866.1	100.000	21	0	0	1	21	296	276	2.1	39.2
Query_10651	XM_032152921.1	100.000	21	0	0	1	21	572	552	2.1	39.2
Query_10651	XM_032152920.1	100.000	21	0	0	1	21	338	318	2.1	39.2
Query_10651	XM_026449505.2	100.000	21	0	0	1	21	523	503	2.1	39.2
Query_10651	XM_026449504.2	100.000	21	0	0	1	21	295	275	2.1	39.2
Query_10651	XM_003909852.4	100.000	21	0	0	1	21	202	182	2.1	39.2
Query_10651	XM_030918055.1	100.000	21	0	0	1	21	373	353	2.1	39.2
Query_10651	XM_010353396.2	100.000	21	0	0	1	21	268	248	2.1	39.2
Query_10651	XM_003275313.3	100.000	21	0	0	1	21	338	318	2.1	39.2
Query_10651	XM_015114154.2	100.000	21	0	0	1	21	572	552	2.1	39.2
Query_10651	XM_015114153.2	100.000	21	0	0	1	21	295	275	2.1	39.2
Query_10651	NM_004223.5	100.000	21	0	0	1	21	173	153	2.1	39.2
Query_10651	XM_025357070.1	100.000	21	0	0	1	21	200	180	2.1	39.2
Query_10651	XM_011766099.2	100.000	21	0	0	1	21	295	275	2.1	39.2
Query_10651	LT736766.1	100.000	21	0	0	1	21	599	579	2.1	39.2
Query_10651	XM_004051168.2	100.000	21	0	0	1	21	569	549	2.1	39.2
Query_10651	XM_004051167.2	100.000	21	0	0	1	21	202	182	2.1	39.2
Query_10651	XM_017851370.1	100.000	21	0	0	1	21	295	275	2.1	39.2
Query_10651	XM_015434702.1	100.000	21	0	0	1	21	566	546	2.1	39.2
Query_10651	XR_001484888.1	100.000	21	0	0	1	21	1051	1031	2.1	39.2
Query_10651	XM_005577852.2	100.000	21	0	0	1	21	295	275	2.1	39.2
Query_10651	XM_003275314.3	100.000	21	0	0	1	21	566	546	2.1	39.2
Query_10651	XM_012092325.1	100.000	21	0	0	1	21	295	275	2.1	39.2
Query_10651	XM_011998681.1	100.000	21	0	0	1	21	300	280	2.1	39.2
Query_10651	XM_011998680.1	100.000	21	0	0	1	21	738	718	2.1	39.2
Query_10651	KJ892727.1	100.000	21	0	0	1	21	177	157	2.1	39.2
Query_10651	XM_007998290.2	100.000	21	0	0	1	21	207	187	2.1	39.2
Query_10651	NM_198183.3	100.000	21	0	0	1	21	172	152	2.1	39.2
Query_10651	CU689397.1	100.000	21	0	0	1	21	366	386	2.1	39.2
Query_10651	CU689396.1	100.000	21	0	0	1	21	128	108	2.1	39.2
Query_10651	AK315755.1	100.000	21	0	0	1	21	127	107	2.1	39.2
Query_10651	DQ894475.2	100.000	21	0	0	1	21	134	114	2.1	39.2
Query_10651	DQ891291.2	100.000	21	0	0	1	21	134	114	2.1	39.2
Query_10651	AK226165.1	100.000	21	0	0	1	21	262	242	2.1	39.2
Query_10651	BC071753.1	100.000	21	0	0	1	21	171	151	2.1	39.2
Query_10651	AK093462.1	100.000	21	0	0	1	21	521	501	2.1	39.2
Query_10651	CR457126.1	100.000	21	0	0	1	21	112	92	2.1	39.2
Query_10651	BC032491.1	100.000	21	0	0	1	21	208	188	2.1	39.2
Query_10651	AP002893.3	100.000	21	0	0	1	21	130845	130865	2.1	39.2
Query_10651	AJ243269.1	100.000	21	0	0	1	21	85	65	2.1	39.2
Query_10651	AF061736.1	100.000	21	0	0	1	21	159	139	2.1	39.2
Query_10651	AF031141.1	100.000	21	0	0	1	21	109	89	2.1	39.2


