# blastn
# Iteration: 0
# Query: 
# RID: 8Y9YU75E01N
# Database: nt
# Fields: query acc.ver, subject acc.ver, % identity, alignment length, mismatches, gap opens, q. start, q. end, s. start, s. end, evalue, bit score
# 57 hits found
Query_23671	XM_034960512.1	100.000	21	0	0	1	21	366	346	2.1	39.2
Query_23671	XM_003829274.3	100.000	21	0	0	1	21	456	436	2.1	39.2
Query_23671	XM_033181205.1	100.000	21	0	0	1	21	1313	1293	2.1	39.2
Query_23671	XM_032251637.1	100.000	21	0	0	1	21	715	695	2.1	39.2
Query_23671	XM_032251564.1	100.000	21	0	0	1	21	805	785	2.1	39.2
Query_23671	XM_032157920.1	100.000	21	0	0	1	21	786	766	2.1	39.2
Query_23671	XM_023196017.2	100.000	21	0	0	1	21	778	758	2.1	39.2
Query_23671	NM_001194433.3	100.000	21	0	0	1	21	787	767	2.1	39.2
Query_23671	XM_021939692.2	100.000	21	0	0	1	21	710	690	2.1	39.2
Query_23671	XM_003900106.3	100.000	21	0	0	1	21	800	780	2.1	39.2
Query_23671	XM_031010702.1	100.000	21	0	0	1	21	778	758	2.1	39.2
Query_23671	XM_003266384.3	100.000	21	0	0	1	21	785	765	2.1	39.2
Query_23671	NM_003337.4	100.000	21	0	0	1	21	389	369	2.1	39.2
Query_23671	XM_025388144.1	100.000	21	0	0	1	21	709	689	2.1	39.2
Query_23671	XM_025388143.1	100.000	21	0	0	1	21	799	779	2.1	39.2
Query_23671	XM_011716582.2	100.000	21	0	0	1	21	311	291	2.1	39.2
Query_23671	XM_011716581.2	100.000	21	0	0	1	21	776	756	2.1	39.2
Query_23671	XM_016953844.2	100.000	21	0	0	1	21	365	345	2.1	39.2
Query_23671	XM_517935.4	100.000	21	0	0	1	21	778	758	2.1	39.2
Query_23671	LT734769.1	100.000	21	0	0	1	21	849	829	2.1	39.2
Query_23671	XM_017871979.1	100.000	21	0	0	1	21	503	483	2.1	39.2
Query_23671	NG_046936.1	100.000	21	0	0	1	21	24081	24061	2.1	39.2
Query_23671	XM_012440436.1	100.000	21	0	0	1	21	517	497	2.1	39.2
Query_23671	XR_001019994.1	100.000	21	0	0	1	21	690	670	2.1	39.2
Query_23671	XM_012090260.1	100.000	21	0	0	1	21	310	290	2.1	39.2
Query_23671	XM_011969215.1	100.000	21	0	0	1	21	712	692	2.1	39.2
Query_23671	XM_011969214.1	100.000	21	0	0	1	21	802	782	2.1	39.2
Query_23671	XM_011948660.1	100.000	21	0	0	1	21	272	252	2.1	39.2
Query_23671	XM_011948659.1	100.000	21	0	0	1	21	387	367	2.1	39.2
Query_23671	XM_010359943.1	100.000	21	0	0	1	21	503	483	2.1	39.2
Query_23671	XM_002815889.3	100.000	21	0	0	1	21	793	773	2.1	39.2
Query_23671	KJ892340.1	100.000	21	0	0	1	21	427	407	2.1	39.2
Query_23671	XM_010338704.2	100.000	21	0	0	1	21	430	410	2.1	39.2
Query_23671	XM_010338699.2	100.000	21	0	0	1	21	519	499	2.1	39.2
Query_23671	XM_008014440.2	100.000	21	0	0	1	21	706	686	2.1	39.2
Query_23671	XM_008014439.2	100.000	21	0	0	1	21	796	776	2.1	39.2
Query_23671	XM_017532387.2	100.000	21	0	0	1	21	366	346	2.1	39.2
Query_23671	XM_017532386.2	100.000	21	0	0	1	21	512	492	2.1	39.2
Query_23671	XM_008984915.4	100.000	21	0	0	1	21	717	697	2.1	39.2
Query_23671	XM_002744157.6	100.000	21	0	0	1	21	807	787	2.1	39.2
Query_23671	AB590169.1	100.000	21	0	0	1	21	371	351	2.1	39.2
Query_23671	AK312012.1	100.000	21	0	0	1	21	446	426	2.1	39.2
Query_23671	DQ896387.2	100.000	21	0	0	1	21	384	364	2.1	39.2
Query_23671	DQ893113.2	100.000	21	0	0	1	21	384	364	2.1	39.2
Query_23671	NM_001285819.1	100.000	21	0	0	1	21	395	375	2.1	39.2
Query_23671	BC005979.1	100.000	21	0	0	1	21	389	369	2.1	39.2
Query_23671	BT008091.1	100.000	21	0	0	1	21	362	342	2.1	39.2
Query_23671	BT007071.1	100.000	21	0	0	1	21	362	342	2.1	39.2
Query_23671	DQ090910.1	100.000	21	0	0	1	21	21081	21061	2.1	39.2
Query_23671	AC109454.3	100.000	21	0	0	1	21	85798	85778	2.1	39.2
Query_23671	CR407634.1	100.000	21	0	0	1	21	362	342	2.1	39.2
Query_23671	AY893437.1	100.000	21	0	0	1	21	362	342	2.1	39.2
Query_23671	BC008470.1	100.000	21	0	0	1	21	449	429	2.1	39.2
Query_23671	BC008404.1	100.000	21	0	0	1	21	449	429	2.1	39.2
Query_23671	AC001479.1	100.000	21	0	0	1	21	1391	1411	2.1	39.2
Query_23671	M74525.1	100.000	21	0	0	1	21	783	763	2.1	39.2
Query_23671	X53251.1	100.000	21	0	0	1	21	400	380	2.1	39.2


