# blastn
# Iteration: 0
# Query: 
# RID: 6MA10N59013
# Database: nt
# Fields: query acc.ver, subject acc.ver, % identity, alignment length, mismatches, gap opens, q. start, q. end, s. start, s. end, evalue, bit score
# 44 hits found
Query_24057	XM_034944208.1	100.000	21	0	0	1	21	591	571	2.0	39.2
Query_24057	XM_034944207.1	100.000	21	0	0	1	21	604	584	2.0	39.2
Query_24057	XM_034944206.1	100.000	21	0	0	1	21	437	417	2.0	39.2
Query_24057	XM_032993274.1	100.000	21	0	0	1	21	512	492	2.0	39.2
Query_24057	XM_032712241.1	100.000	21	0	0	1	21	405	385	2.0	39.2
Query_24057	XM_019016478.2	100.000	21	0	0	1	21	591	571	2.0	39.2
Query_24057	XM_029965349.1	100.000	21	0	0	1	21	355	335	2.0	39.2
Query_24057	NM_004359.2	100.000	21	0	0	1	21	554	534	2.0	39.2
Query_24057	XM_027664258.1	100.000	21	0	0	1	21	405	385	2.0	39.2
Query_24057	XM_027704603.1	100.000	21	0	0	1	21	407	387	2.0	39.2
Query_24057	CP034522.1	100.000	21	0	0	1	21	477032	477012	2.0	39.2
Query_24057	CP034497.1	100.000	21	0	0	1	21	477032	477012	2.0	39.2
Query_24057	XM_009434229.3	100.000	21	0	0	1	21	595	575	2.0	39.2
Query_24057	XM_009252509.2	100.000	21	0	0	1	21	594	574	2.0	39.2
Query_24057	LT744874.1	100.000	21	0	0	1	21	869	849	2.0	39.2
Query_24057	XM_017834498.1	100.000	21	0	0	1	21	404	384	2.0	39.2
Query_24057	XM_005259690.3	100.000	21	0	0	1	21	594	574	2.0	39.2
Query_24057	XM_006722952.2	100.000	21	0	0	1	21	594	574	2.0	39.2
Query_24057	XM_010305327.1	100.000	21	0	0	1	21	238	218	2.0	39.2
Query_24057	XM_010143754.1	100.000	21	0	0	1	21	205	185	2.0	39.2
Query_24057	XM_009901026.1	100.000	21	0	0	1	21	505	485	2.0	39.2
Query_24057	XM_009808180.1	100.000	21	0	0	1	21	207	187	2.0	39.2
Query_24057	XM_009514332.1	100.000	21	0	0	1	21	207	187	2.0	39.2
Query_24057	KJ890880.1	100.000	21	0	0	1	21	447	427	2.0	39.2
Query_24057	XM_027713094.2	100.000	21	0	0	1	21	398	378	2.0	39.2
Query_24057	CP068259.1	100.000	21	0	0	1	21	490611	490591	2.0	39.2
Query_24057	AP023479.1	100.000	21	0	0	1	21	298632	298612	2.0	39.2
Query_24057	AP023479.1	100.000	21	0	0	1	21	375060	375040	2.0	39.2
Query_24057	AB590273.1	100.000	21	0	0	1	21	391	371	2.0	39.2
Query_24057	CU676209.1	100.000	21	0	0	1	21	345	365	2.0	39.2
Query_24057	CU676208.1	100.000	21	0	0	1	21	398	378	2.0	39.2
Query_24057	AK291554.1	100.000	21	0	0	1	21	583	563	2.0	39.2
Query_24057	DQ893910.2	100.000	21	0	0	1	21	404	384	2.0	39.2
Query_24057	DQ890738.2	100.000	21	0	0	1	21	404	384	2.0	39.2
Query_24057	AY650399.1	100.000	21	0	0	1	21	7301	7281	2.0	39.2
Query_24057	BC023979.1	100.000	21	0	0	1	21	558	538	2.0	39.2
Query_24057	BT008039.1	100.000	21	0	0	1	21	382	362	2.0	39.2
Query_24057	BT006659.1	100.000	21	0	0	1	21	382	362	2.0	39.2
Query_24057	AC011556.9	100.000	21	0	0	1	21	5514	5494	2.0	39.2
Query_24057	AC011531.7	100.000	21	0	0	1	21	26521	26501	2.0	39.2
Query_24057	BC018143.2	100.000	21	0	0	1	21	584	564	2.0	39.2
Query_24057	BC009850.2	100.000	21	0	0	1	21	581	561	2.0	39.2
Query_24057	L22005.1	100.000	21	0	0	1	21	568	548	2.0	39.2
Query_24057	XM_031562609.1	100.000	20	0	0	1	20	991	1010	7.1	37.4


