# blastn
# Iteration: 0
# Query: 
# RID: 7PJU8N7N016
# Database: nt
# Fields: query acc.ver, subject acc.ver, % identity, alignment length, mismatches, gap opens, q. start, q. end, s. start, s. end, evalue, bit score
# 100 hits found
Query_19335	XM_034932123.1	100.000	21	0	0	1	21	515	495	2.1	39.2
Query_19335	XM_034932122.1	100.000	21	0	0	1	21	828	808	2.1	39.2
Query_19335	XR_004664993.1	100.000	21	0	0	1	21	804	784	2.1	39.2
Query_19335	XM_034932121.1	100.000	21	0	0	1	21	870	850	2.1	39.2
Query_19335	XM_034932120.1	100.000	21	0	0	1	21	480	460	2.1	39.2
Query_19335	XM_034932119.1	100.000	21	0	0	1	21	756	736	2.1	39.2
Query_19335	XM_034932117.1	100.000	21	0	0	1	21	566	546	2.1	39.2
Query_19335	XM_034932116.1	100.000	21	0	0	1	21	828	808	2.1	39.2
Query_19335	XM_034932115.1	100.000	21	0	0	1	21	828	808	2.1	39.2
Query_19335	XM_032166649.2	100.000	21	0	0	1	21	497	477	2.1	39.2
Query_19335	XM_032240510.1	100.000	21	0	0	1	21	642	622	2.1	39.2
Query_19335	XM_032166651.1	100.000	21	0	0	1	21	464	444	2.1	39.2
Query_19335	XR_004250229.1	100.000	21	0	0	1	21	438	418	2.1	39.2
Query_19335	XM_031653328.1	100.000	21	0	0	1	21	884	864	2.1	39.2
Query_19335	XR_004177484.1	100.000	21	0	0	1	21	884	864	2.1	39.2
Query_19335	XR_004177483.1	100.000	21	0	0	1	21	884	864	2.1	39.2
Query_19335	XR_004177482.1	100.000	21	0	0	1	21	826	806	2.1	39.2
Query_19335	XR_004177481.1	100.000	21	0	0	1	21	884	864	2.1	39.2
Query_19335	XM_031653326.1	100.000	21	0	0	1	21	850	830	2.1	39.2
Query_19335	XM_021926103.2	100.000	21	0	0	1	21	884	864	2.1	39.2
Query_19335	XM_004050666.3	100.000	21	0	0	1	21	869	849	2.1	39.2
Query_19335	XM_019037259.2	100.000	21	0	0	1	21	394	374	2.1	39.2
Query_19335	XM_019037258.2	100.000	21	0	0	1	21	756	736	2.1	39.2
Query_19335	XM_004050664.3	100.000	21	0	0	1	21	869	849	2.1	39.2
Query_19335	XR_004033591.1	100.000	21	0	0	1	21	869	849	2.1	39.2
Query_19335	XR_004033590.1	100.000	21	0	0	1	21	811	791	2.1	39.2
Query_19335	XM_030828843.1	100.000	21	0	0	1	21	835	815	2.1	39.2
Query_19335	XM_030828842.1	100.000	21	0	0	1	21	763	743	2.1	39.2
Query_19335	XM_030828841.1	100.000	21	0	0	1	21	869	849	2.1	39.2
Query_19335	NM_001348749.2	100.000	21	0	0	1	21	762	742	2.1	39.2
Query_19335	NM_001348750.2	100.000	21	0	0	1	21	870	850	2.1	39.2
Query_19335	NM_001243254.2	100.000	21	0	0	1	21	834	814	2.1	39.2
Query_19335	XM_028833701.1	100.000	21	0	0	1	21	542	522	2.1	39.2
Query_19335	XM_002799642.3	100.000	21	0	0	1	21	649	629	2.1	39.2
Query_19335	XR_003722662.1	100.000	21	0	0	1	21	649	629	2.1	39.2
Query_19335	XR_003722661.1	100.000	21	0	0	1	21	649	629	2.1	39.2
Query_19335	XM_028833700.1	100.000	21	0	0	1	21	649	629	2.1	39.2
Query_19335	XM_015114896.2	100.000	21	0	0	1	21	542	522	2.1	39.2
Query_19335	XM_002799641.3	100.000	21	0	0	1	21	649	629	2.1	39.2
Query_19335	NM_015213.4	100.000	21	0	0	1	21	834	814	2.1	39.2
Query_19335	NR_145966.2	100.000	21	0	0	1	21	810	790	2.1	39.2
Query_19335	XR_003115626.1	100.000	21	0	0	1	21	880	860	2.1	39.2
Query_19335	XM_025356640.1	100.000	21	0	0	1	21	858	838	2.1	39.2
Query_19335	XM_025356639.1	100.000	21	0	0	1	21	816	796	2.1	39.2
Query_19335	XM_025356638.1	100.000	21	0	0	1	21	808	788	2.1	39.2
Query_19335	XM_025356637.1	100.000	21	0	0	1	21	744	724	2.1	39.2
Query_19335	XM_025356636.1	100.000	21	0	0	1	21	816	796	2.1	39.2
Query_19335	XM_025356635.1	100.000	21	0	0	1	21	880	860	2.1	39.2
Query_19335	XM_011753149.2	100.000	21	0	0	1	21	904	884	2.1	39.2
Query_19335	XR_991781.2	100.000	21	0	0	1	21	845	825	2.1	39.2
Query_19335	XM_011753148.2	100.000	21	0	0	1	21	773	753	2.1	39.2
Query_19335	XM_011753147.2	100.000	21	0	0	1	21	904	884	2.1	39.2
Query_19335	XM_003312912.4	100.000	21	0	0	1	21	868	848	2.1	39.2
Query_19335	XR_002938439.1	100.000	21	0	0	1	21	868	848	2.1	39.2
Query_19335	XM_016920357.2	100.000	21	0	0	1	21	615	595	2.1	39.2
Query_19335	XM_024346967.1	100.000	21	0	0	1	21	868	848	2.1	39.2
Query_19335	XM_024346966.1	100.000	21	0	0	1	21	868	848	2.1	39.2
Query_19335	XM_009459922.3	100.000	21	0	0	1	21	796	776	2.1	39.2
Query_19335	XM_016920354.2	100.000	21	0	0	1	21	796	776	2.1	39.2
Query_19335	XM_508914.6	100.000	21	0	0	1	21	868	848	2.1	39.2
Query_19335	XM_016920352.2	100.000	21	0	0	1	21	868	848	2.1	39.2
Query_19335	XM_024255110.1	100.000	21	0	0	1	21	864	844	2.1	39.2
Query_19335	XM_009246658.2	100.000	21	0	0	1	21	487	467	2.1	39.2
Query_19335	XM_024255109.1	100.000	21	0	0	1	21	864	844	2.1	39.2
Query_19335	XM_024255108.1	100.000	21	0	0	1	21	864	844	2.1	39.2
Query_19335	XM_021675141.1	100.000	21	0	0	1	21	827	807	2.1	39.2
Query_19335	XM_021675140.1	100.000	21	0	0	1	21	755	735	2.1	39.2
Query_19335	XM_021675139.1	100.000	21	0	0	1	21	641	621	2.1	39.2
Query_19335	XM_021675138.1	100.000	21	0	0	1	21	827	807	2.1	39.2
Query_19335	NG_053019.1	100.000	21	0	0	1	21	66280	66260	2.1	39.2
Query_19335	XM_017500308.1	100.000	21	0	0	1	21	539	519	2.1	39.2
Query_19335	XM_017500307.1	100.000	21	0	0	1	21	642	622	2.1	39.2
Query_19335	XM_016920351.1	100.000	21	0	0	1	21	625	605	2.1	39.2
Query_19335	XR_001485025.1	100.000	21	0	0	1	21	541	521	2.1	39.2
Query_19335	XM_015435133.1	100.000	21	0	0	1	21	534	514	2.1	39.2
Query_19335	XR_284014.2	100.000	21	0	0	1	21	541	521	2.1	39.2
Query_19335	XM_005578655.2	100.000	21	0	0	1	21	469	449	2.1	39.2
Query_19335	XM_015435132.1	100.000	21	0	0	1	21	1151	1131	2.1	39.2
Query_19335	XM_012000229.1	100.000	21	0	0	1	21	438	418	2.1	39.2
Query_19335	XM_012000228.1	100.000	21	0	0	1	21	438	418	2.1	39.2
Query_19335	XM_012000227.1	100.000	21	0	0	1	21	438	418	2.1	39.2
Query_19335	XM_012063801.1	100.000	21	0	0	1	21	859	839	2.1	39.2
Query_19335	XR_001015586.1	100.000	21	0	0	1	21	859	839	2.1	39.2
Query_19335	XM_012063800.1	100.000	21	0	0	1	21	647	627	2.1	39.2
Query_19335	XR_001015585.1	100.000	21	0	0	1	21	859	839	2.1	39.2
Query_19335	XM_012063798.1	100.000	21	0	0	1	21	787	767	2.1	39.2
Query_19335	XM_012063797.1	100.000	21	0	0	1	21	859	839	2.1	39.2
Query_19335	XM_005578653.1	100.000	21	0	0	1	21	541	521	2.1	39.2
Query_19335	XM_039470498.1	100.000	21	0	0	1	21	573	553	2.1	39.2
Query_19335	XM_039470497.1	100.000	21	0	0	1	21	900	880	2.1	39.2
Query_19335	XM_039470496.1	100.000	21	0	0	1	21	792	772	2.1	39.2
Query_19335	XM_039470495.1	100.000	21	0	0	1	21	900	880	2.1	39.2
Query_19335	XM_037999738.1	100.000	21	0	0	1	21	583	563	2.1	39.2
Query_19335	XM_037999737.1	100.000	21	0	0	1	21	863	843	2.1	39.2
Query_19335	XM_037999736.1	100.000	21	0	0	1	21	791	771	2.1	39.2
Query_19335	XM_008007293.2	100.000	21	0	0	1	21	863	843	2.1	39.2
Query_19335	XM_017500309.2	100.000	21	0	0	1	21	570	550	2.1	39.2
Query_19335	XM_017977897.2	100.000	21	0	0	1	21	863	843	2.1	39.2
Query_19335	XM_017977895.2	100.000	21	0	0	1	21	791	771	2.1	39.2
Query_19335	XM_002755025.4	100.000	21	0	0	1	21	863	843	2.1	39.2


