# blastn
# Iteration: 0
# Query: 
# RID: 8YJZK96P016
# Database: nt
# Fields: query acc.ver, subject acc.ver, % identity, alignment length, mismatches, gap opens, q. start, q. end, s. start, s. end, evalue, bit score
# 26 hits found
Query_38575	XM_008951835.2	100.000	21	0	0	1	21	576	556	2.1	39.2
Query_38575	XM_003826427.2	100.000	21	0	0	1	21	223	203	2.1	39.2
Query_38575	XM_003275313.3	100.000	21	0	0	1	21	352	332	2.1	39.2
Query_38575	NM_004223.5	100.000	21	0	0	1	21	187	167	2.1	39.2
Query_38575	XM_009246345.2	100.000	21	0	0	1	21	581	561	2.1	39.2
Query_38575	XM_003777762.3	100.000	21	0	0	1	21	224	204	2.1	39.2
Query_38575	XM_009246344.2	100.000	21	0	0	1	21	388	368	2.1	39.2
Query_38575	LT736766.1	100.000	21	0	0	1	21	613	593	2.1	39.2
Query_38575	XM_004051168.2	100.000	21	0	0	1	21	583	563	2.1	39.2
Query_38575	XM_004051167.2	100.000	21	0	0	1	21	216	196	2.1	39.2
Query_38575	XM_003275314.3	100.000	21	0	0	1	21	580	560	2.1	39.2
Query_38575	KJ892727.1	100.000	21	0	0	1	21	191	171	2.1	39.2
Query_38575	NM_198183.3	100.000	21	0	0	1	21	186	166	2.1	39.2
Query_38575	CU689397.1	100.000	21	0	0	1	21	352	372	2.1	39.2
Query_38575	CU689396.1	100.000	21	0	0	1	21	142	122	2.1	39.2
Query_38575	AK315755.1	100.000	21	0	0	1	21	141	121	2.1	39.2
Query_38575	DQ894475.2	100.000	21	0	0	1	21	148	128	2.1	39.2
Query_38575	DQ891291.2	100.000	21	0	0	1	21	148	128	2.1	39.2
Query_38575	AK226165.1	100.000	21	0	0	1	21	276	256	2.1	39.2
Query_38575	AK093462.1	100.000	21	0	0	1	21	535	515	2.1	39.2
Query_38575	CR457126.1	100.000	21	0	0	1	21	126	106	2.1	39.2
Query_38575	BC032491.1	100.000	21	0	0	1	21	222	202	2.1	39.2
Query_38575	AF061736.1	100.000	21	0	0	1	21	173	153	2.1	39.2
Query_38575	AF031141.1	100.000	21	0	0	1	21	123	103	2.1	39.2
Query_38575	XM_032152921.1	100.000	20	0	0	2	21	585	566	7.4	37.4
Query_38575	XM_032152920.1	100.000	20	0	0	2	21	351	332	7.4	37.4


