# blastn
# Iteration: 0
# Query: 
# RID: 73YZU406013
# Database: nt
# Fields: query acc.ver, subject acc.ver, % identity, alignment length, mismatches, gap opens, q. start, q. end, s. start, s. end, evalue, bit score
# 56 hits found
Query_30183	XM_003826436.5	100.000	21	0	0	1	21	1407	1387	2.1	39.2
Query_30183	XM_033207523.1	100.000	21	0	0	1	21	625	605	2.1	39.2
Query_30183	XR_004248146.1	100.000	21	0	0	1	21	699	679	2.1	39.2
Query_30183	XM_032152902.1	100.000	21	0	0	1	21	826	806	2.1	39.2
Query_30183	XM_023215610.3	100.000	21	0	0	1	21	826	806	2.1	39.2
Query_30183	XM_021925752.2	100.000	21	0	0	1	21	1719	1699	2.1	39.2
Query_30183	XM_021925751.2	100.000	21	0	0	1	21	1719	1699	2.1	39.2
Query_30183	XM_003909863.5	100.000	21	0	0	1	21	1415	1395	2.1	39.2
Query_30183	XM_021925750.2	100.000	21	0	0	1	21	920	900	2.1	39.2
Query_30183	XM_021925748.2	100.000	21	0	0	1	21	1426	1406	2.1	39.2
Query_30183	XM_021925749.2	100.000	21	0	0	1	21	1715	1695	2.1	39.2
Query_30183	XR_004177556.1	100.000	21	0	0	1	21	1714	1694	2.1	39.2
Query_30183	XR_004177555.1	100.000	21	0	0	1	21	1714	1694	2.1	39.2
Query_30183	XM_021925747.2	100.000	21	0	0	1	21	1714	1694	2.1	39.2
Query_30183	XM_021925746.2	100.000	21	0	0	1	21	1713	1693	2.1	39.2
Query_30183	XM_021925745.2	100.000	21	0	0	1	21	1689	1669	2.1	39.2
Query_30183	XM_021925744.2	100.000	21	0	0	1	21	1723	1703	2.1	39.2
Query_30183	XM_004051152.3	100.000	21	0	0	1	21	826	806	2.1	39.2
Query_30183	XM_010353410.2	100.000	21	0	0	1	21	826	806	2.1	39.2
Query_30183	XR_004029584.1	100.000	21	0	0	1	21	701	681	2.1	39.2
Query_30183	XM_030810123.1	100.000	21	0	0	1	21	826	806	2.1	39.2
Query_30183	NM_002559.5	100.000	21	0	0	1	21	824	804	2.1	39.2
Query_30183	XM_001103269.4	100.000	21	0	0	1	21	1327	1307	2.1	39.2
Query_30183	XM_025357428.1	100.000	21	0	0	1	21	825	805	2.1	39.2
Query_30183	XM_024797370.1	100.000	21	0	0	1	21	822	802	2.1	39.2
Query_30183	XM_011766085.2	100.000	21	0	0	1	21	660	640	2.1	39.2
Query_30183	XM_016920882.2	100.000	21	0	0	1	21	894	874	2.1	39.2
Query_30183	XM_001136930.4	100.000	21	0	0	1	21	877	857	2.1	39.2
Query_30183	XM_002821788.2	100.000	21	0	0	1	21	826	806	2.1	39.2
Query_30183	XM_017851320.1	100.000	21	0	0	1	21	788	768	2.1	39.2
Query_30183	XM_011545072.2	100.000	21	0	0	1	21	1602	1582	2.1	39.2
Query_30183	XR_949950.2	100.000	21	0	0	1	21	1348	1328	2.1	39.2
Query_30183	XM_011545071.2	100.000	21	0	0	1	21	1338	1318	2.1	39.2
Query_30183	XM_011545070.2	100.000	21	0	0	1	21	776	756	2.1	39.2
Query_30183	XM_011545069.2	100.000	21	0	0	1	21	1470	1450	2.1	39.2
Query_30183	XM_015434713.1	100.000	21	0	0	1	21	1404	1384	2.1	39.2
Query_30183	XR_001484890.1	100.000	21	0	0	1	21	1404	1384	2.1	39.2
Query_30183	XR_001484889.1	100.000	21	0	0	1	21	1404	1384	2.1	39.2
Query_30183	XM_005577865.2	100.000	21	0	0	1	21	1404	1384	2.1	39.2
Query_30183	XM_011766086.1	100.000	21	0	0	1	21	822	802	2.1	39.2
Query_30183	XM_011766083.1	100.000	21	0	0	1	21	822	802	2.1	39.2
Query_30183	XM_012092343.1	100.000	21	0	0	1	21	811	791	2.1	39.2
Query_30183	XM_011963399.1	100.000	21	0	0	1	21	804	784	2.1	39.2
Query_30183	XM_011998703.1	100.000	21	0	0	1	21	811	791	2.1	39.2
Query_30183	XM_011545073.1	100.000	21	0	0	1	21	326	306	2.1	39.2
Query_30183	XM_003920107.3	100.000	21	0	0	1	21	664	644	2.1	39.2
Query_30183	XM_037999312.1	100.000	21	0	0	1	21	659	639	2.1	39.2
Query_30183	BC109287.2	100.000	21	0	0	1	21	659	639	2.1	39.2
Query_30183	BC074793.2	100.000	21	0	0	1	21	656	636	2.1	39.2
Query_30183	BC074792.2	100.000	21	0	0	1	21	656	636	2.1	39.2
Query_30183	BC069162.1	100.000	21	0	0	1	21	701	681	2.1	39.2
Query_30183	AP000781.6	100.000	21	0	0	1	21	105135	105115	2.1	39.2
Query_30183	AB016608.1	100.000	21	0	0	1	21	625	605	2.1	39.2
Query_30183	Y07683.1	100.000	21	0	0	1	21	790	770	2.1	39.2
Query_30183	CP034550.1	100.000	20	0	0	1	20	2776010	2776029	7.3	37.4
Query_30183	XM_022641855.1	100.000	20	0	0	2	21	88	107	7.3	37.4


