# blastn
# Iteration: 0
# Query: 
# RID: 7PR3CF88016
# Database: nt
# Fields: query acc.ver, subject acc.ver, % identity, alignment length, mismatches, gap opens, q. start, q. end, s. start, s. end, evalue, bit score
# 100 hits found
Query_10553	XM_034967007.1	100.000	21	0	0	1	21	214	194	2.1	39.2
Query_10553	XM_008966038.2	100.000	21	0	0	1	21	754	734	2.1	39.2
Query_10553	XM_003813487.3	100.000	21	0	0	1	21	844	824	2.1	39.2
Query_10553	XM_034519060.1	100.000	21	0	0	1	21	861	841	2.1	39.2
Query_10553	XM_034407109.1	100.000	21	0	0	1	21	492	472	2.1	39.2
Query_10553	XM_019924064.2	100.000	21	0	0	1	21	852	832	2.1	39.2
Query_10553	XM_040471984.1	100.000	21	0	0	1	21	786	766	2.1	39.2
Query_10553	XM_040471983.1	100.000	21	0	0	1	21	829	809	2.1	39.2
Query_10553	XM_040471982.1	100.000	21	0	0	1	21	877	857	2.1	39.2
Query_10553	XM_040471981.1	100.000	21	0	0	1	21	478	458	2.1	39.2
Query_10553	XM_040471980.1	100.000	21	0	0	1	21	920	900	2.1	39.2
Query_10553	XM_021730378.2	100.000	21	0	0	1	21	412	392	2.1	39.2
Query_10553	XM_021730377.2	100.000	21	0	0	1	21	802	782	2.1	39.2
Query_10553	XM_005331109.4	100.000	21	0	0	1	21	890	870	2.1	39.2
Query_10553	XM_040259625.1	100.000	21	0	0	1	21	313	293	2.1	39.2
Query_10553	XM_040259624.1	100.000	21	0	0	1	21	471	451	2.1	39.2
Query_10553	XM_040259623.1	100.000	21	0	0	1	21	494	474	2.1	39.2
Query_10553	XM_040259622.1	100.000	21	0	0	1	21	870	850	2.1	39.2
Query_10553	HG994400.1	100.000	21	0	0	1	21	53995276	53995296	2.1	39.2
Query_10553	XM_039860867.1	100.000	21	0	0	1	21	548	528	2.1	39.2
Query_10553	XM_039860866.1	100.000	21	0	0	1	21	781	761	2.1	39.2
Query_10553	XM_039860865.1	100.000	21	0	0	1	21	872	852	2.1	39.2
Query_10553	HG993127.1	100.000	21	0	0	1	21	65201962	65201982	2.1	39.2
Query_10553	XM_003921004.3	100.000	21	0	0	1	21	847	827	2.1	39.2
Query_10553	XM_039345733.1	100.000	21	0	0	1	21	562	542	2.1	39.2
Query_10553	XM_039242784.1	100.000	21	0	0	1	21	769	749	2.1	39.2
Query_10553	XM_039242778.1	100.000	21	0	0	1	21	861	841	2.1	39.2
Query_10553	XM_038686155.1	100.000	21	0	0	1	21	867	847	2.1	39.2
Query_10553	XM_038686153.1	100.000	21	0	0	1	21	772	752	2.1	39.2
Query_10553	XM_038686152.1	100.000	21	0	0	1	21	510	490	2.1	39.2
Query_10553	XM_038686151.1	100.000	21	0	0	1	21	858	838	2.1	39.2
Query_10553	XM_038433990.1	100.000	21	0	0	1	21	867	847	2.1	39.2
Query_10553	XM_005628390.4	100.000	21	0	0	1	21	772	752	2.1	39.2
Query_10553	XM_022427231.2	100.000	21	0	0	1	21	510	490	2.1	39.2
Query_10553	XM_852326.6	100.000	21	0	0	1	21	858	838	2.1	39.2
Query_10553	XM_007982899.2	100.000	21	0	0	1	21	852	832	2.1	39.2
Query_10553	XM_037739999.1	100.000	21	0	0	1	21	317	297	2.1	39.2
Query_10553	XM_017532568.2	100.000	21	0	0	1	21	432	412	2.1	39.2
Query_10553	XM_017532567.2	100.000	21	0	0	1	21	754	734	2.1	39.2
Query_10553	XM_017532566.2	100.000	21	0	0	1	21	845	825	2.1	39.2
Query_10553	XM_037513136.1	100.000	21	0	0	1	21	363	343	2.1	39.2
Query_10553	XM_037513130.1	100.000	21	0	0	1	21	316	296	2.1	39.2
Query_10553	XM_037513121.1	100.000	21	0	0	1	21	458	438	2.1	39.2
Query_10553	XM_037513116.1	100.000	21	0	0	1	21	622	602	2.1	39.2
Query_10553	XM_037513112.1	100.000	21	0	0	1	21	1166	1146	2.1	39.2
Query_10553	XM_037513104.1	100.000	21	0	0	1	21	432	412	2.1	39.2
Query_10553	XM_037513099.1	100.000	21	0	0	1	21	423	403	2.1	39.2
Query_10553	XM_037513092.1	100.000	21	0	0	1	21	516	496	2.1	39.2
Query_10553	XM_028866184.2	100.000	21	0	0	1	21	355	335	2.1	39.2
Query_10553	XM_028866182.2	100.000	21	0	0	1	21	448	428	2.1	39.2
Query_10553	XM_037019485.1	100.000	21	0	0	1	21	409	389	2.1	39.2
Query_10553	XM_036909040.1	100.000	21	0	0	1	21	879	859	2.1	39.2
Query_10553	XM_036862830.1	100.000	21	0	0	1	21	747	727	2.1	39.2
Query_10553	XM_036862829.1	100.000	21	0	0	1	21	436	416	2.1	39.2
Query_10553	XM_004592531.3	100.000	21	0	0	1	21	331	311	2.1	39.2
Query_10553	XM_036426873.1	100.000	21	0	0	1	21	484	464	2.1	39.2
Query_10553	XM_036426864.1	100.000	21	0	0	1	21	798	778	2.1	39.2
Query_10553	XM_036426854.1	100.000	21	0	0	1	21	887	867	2.1	39.2
Query_10553	XM_036328704.1	100.000	21	0	0	1	21	699	679	2.1	39.2
Query_10553	XM_036328703.1	100.000	21	0	0	1	21	433	413	2.1	39.2
Query_10553	XM_036328702.1	100.000	21	0	0	1	21	683	663	2.1	39.2
Query_10553	XM_036328701.1	100.000	21	0	0	1	21	382	362	2.1	39.2
Query_10553	XM_036328700.1	100.000	21	0	0	1	21	400	380	2.1	39.2
Query_10553	XM_036328699.1	100.000	21	0	0	1	21	769	749	2.1	39.2
Query_10553	XM_036328698.1	100.000	21	0	0	1	21	475	455	2.1	39.2
Query_10553	XM_036246610.1	100.000	21	0	0	1	21	510	490	2.1	39.2
Query_10553	XM_036246609.1	100.000	21	0	0	1	21	645	625	2.1	39.2
Query_10553	XM_036246608.1	100.000	21	0	0	1	21	490	470	2.1	39.2
Query_10553	XM_036246607.1	100.000	21	0	0	1	21	509	489	2.1	39.2
Query_10553	XM_036246606.1	100.000	21	0	0	1	21	427	407	2.1	39.2
Query_10553	XM_036246605.1	100.000	21	0	0	1	21	388	368	2.1	39.2
Query_10553	XM_036246603.1	100.000	21	0	0	1	21	403	383	2.1	39.2
Query_10553	XM_036246602.1	100.000	21	0	0	1	21	409	389	2.1	39.2
Query_10553	XM_036246601.1	100.000	21	0	0	1	21	427	407	2.1	39.2
Query_10553	XM_036246600.1	100.000	21	0	0	1	21	481	461	2.1	39.2
Query_10553	XM_016148712.2	100.000	21	0	0	1	21	774	754	2.1	39.2
Query_10553	XM_016148711.2	100.000	21	0	0	1	21	866	846	2.1	39.2
Query_10553	XM_036101282.1	100.000	21	0	0	1	21	673	653	2.1	39.2
Query_10553	XM_036101281.1	100.000	21	0	0	1	21	635	615	2.1	39.2
Query_10553	XM_036101280.1	100.000	21	0	0	1	21	788	768	2.1	39.2
Query_10553	XM_036101279.1	100.000	21	0	0	1	21	881	861	2.1	39.2
Query_10553	XM_036101278.1	100.000	21	0	0	1	21	826	806	2.1	39.2
Query_10553	XM_036101277.1	100.000	21	0	0	1	21	878	858	2.1	39.2
Query_10553	LR877221.1	100.000	21	0	0	1	21	12245141	12245121	2.1	39.2
Query_10553	XM_025471634.2	100.000	21	0	0	1	21	600	580	2.1	39.2
Query_10553	XM_025471633.2	100.000	21	0	0	1	21	643	623	2.1	39.2
Query_10553	XM_025471631.2	100.000	21	0	0	1	21	772	752	2.1	39.2
Query_10553	XM_025471630.2	100.000	21	0	0	1	21	545	525	2.1	39.2
Query_10553	XM_025471629.2	100.000	21	0	0	1	21	858	838	2.1	39.2
Query_10553	XM_027573206.2	100.000	21	0	0	1	21	772	752	2.1	39.2
Query_10553	XM_027573204.2	100.000	21	0	0	1	21	313	293	2.1	39.2
Query_10553	XM_027573203.2	100.000	21	0	0	1	21	865	845	2.1	39.2
Query_10553	LR862366.1	100.000	21	0	0	1	21	17489688	17489708	2.1	39.2
Query_10553	XM_027391395.2	100.000	21	0	0	1	21	849	829	2.1	39.2
Query_10553	XM_027391394.2	100.000	21	0	0	1	21	642	622	2.1	39.2
Query_10553	XM_035441534.1	100.000	21	0	0	1	21	371	351	2.1	39.2
Query_10553	XM_035254744.1	100.000	21	0	0	1	21	436	416	2.1	39.2
Query_10553	XM_035254743.1	100.000	21	0	0	1	21	769	749	2.1	39.2
Query_10553	XM_035254741.1	100.000	21	0	0	1	21	858	838	2.1	39.2
Query_10553	XM_002756944.5	100.000	21	0	0	1	21	808	788	2.1	39.2


