# blastn
# Iteration: 0
# Query: 
# RID: 6S74BK2P013
# Database: nt
# Fields: query acc.ver, subject acc.ver, % identity, alignment length, mismatches, gap opens, q. start, q. end, s. start, s. end, evalue, bit score
# 100 hits found
Query_10797	XM_034966245.1	100.000	21	0	0	1	21	455	435	2.1	39.2
Query_10797	XM_003831319.3	100.000	21	0	0	1	21	463	443	2.1	39.2
Query_10797	XM_008956682.2	100.000	21	0	0	1	21	462	442	2.1	39.2
Query_10797	XM_034966244.1	100.000	21	0	0	1	21	790	770	2.1	39.2
Query_10797	XM_033202826.1	100.000	21	0	0	1	21	456	436	2.1	39.2
Query_10797	XM_033202825.1	100.000	21	0	0	1	21	463	443	2.1	39.2
Query_10797	XM_032759861.1	100.000	21	0	0	1	21	455	435	2.1	39.2
Query_10797	XM_032759860.1	100.000	21	0	0	1	21	877	857	2.1	39.2
Query_10797	XM_032759859.1	100.000	21	0	0	1	21	462	442	2.1	39.2
Query_10797	XM_032759858.1	100.000	21	0	0	1	21	457	437	2.1	39.2
Query_10797	XM_023184108.3	100.000	21	0	0	1	21	455	435	2.1	39.2
Query_10797	XM_023184110.3	100.000	21	0	0	1	21	463	443	2.1	39.2
Query_10797	XM_023184109.3	100.000	21	0	0	1	21	462	442	2.1	39.2
Query_10797	XR_004185853.1	100.000	21	0	0	1	21	325	305	2.1	39.2
Query_10797	XR_004185852.1	100.000	21	0	0	1	21	391	371	2.1	39.2
Query_10797	XM_021942444.2	100.000	21	0	0	1	21	2263	2243	2.1	39.2
Query_10797	XM_003902869.5	100.000	21	0	0	1	21	477	457	2.1	39.2
Query_10797	XM_031669636.1	100.000	21	0	0	1	21	616	596	2.1	39.2
Query_10797	XM_031669635.1	100.000	21	0	0	1	21	2267	2247	2.1	39.2
Query_10797	XM_003902870.5	100.000	21	0	0	1	21	510	490	2.1	39.2
Query_10797	XM_031669634.1	100.000	21	0	0	1	21	478	458	2.1	39.2
Query_10797	XM_031669633.1	100.000	21	0	0	1	21	610	590	2.1	39.2
Query_10797	XM_031013634.1	100.000	21	0	0	1	21	456	436	2.1	39.2
Query_10797	XM_019032745.2	100.000	21	0	0	1	21	455	435	2.1	39.2
Query_10797	XM_030937280.1	100.000	21	0	0	1	21	455	435	2.1	39.2
Query_10797	XM_010365989.2	100.000	21	0	0	1	21	463	443	2.1	39.2
Query_10797	XM_010365988.2	100.000	21	0	0	1	21	456	436	2.1	39.2
Query_10797	XM_003269433.4	100.000	21	0	0	1	21	455	435	2.1	39.2
Query_10797	XM_030795229.1	100.000	21	0	0	1	21	726	706	2.1	39.2
Query_10797	XM_003269432.4	100.000	21	0	0	1	21	462	442	2.1	39.2
Query_10797	NR_073119.3	100.000	21	0	0	1	21	312	292	2.1	39.2
Query_10797	NR_073120.3	100.000	21	0	0	1	21	312	292	2.1	39.2
Query_10797	NR_073121.3	100.000	21	0	0	1	21	312	292	2.1	39.2
Query_10797	NM_001001481.4	100.000	21	0	0	1	21	448	428	2.1	39.2
Query_10797	NM_001271015.3	100.000	21	0	0	1	21	415	395	2.1	39.2
Query_10797	NM_018299.6	100.000	21	0	0	1	21	415	395	2.1	39.2
Query_10797	XM_015145507.2	100.000	21	0	0	1	21	592	572	2.1	39.2
Query_10797	XM_015145506.2	100.000	21	0	0	1	21	477	457	2.1	39.2
Query_10797	LR031877.1	100.000	21	0	0	1	21	3830020	3830000	2.1	39.2
Query_10797	XM_025393318.1	100.000	21	0	0	1	21	463	443	2.1	39.2
Query_10797	XM_025393317.1	100.000	21	0	0	1	21	495	475	2.1	39.2
Query_10797	XM_025041116.1	100.000	21	0	0	1	21	444	424	2.1	39.2
Query_10797	XM_009455526.3	100.000	21	0	0	1	21	477	457	2.1	39.2
Query_10797	XM_016959579.2	100.000	21	0	0	1	21	477	457	2.1	39.2
Query_10797	XM_009455525.3	100.000	21	0	0	1	21	510	490	2.1	39.2
Query_10797	XM_016959578.2	100.000	21	0	0	1	21	510	490	2.1	39.2
Query_10797	XM_016959577.2	100.000	21	0	0	1	21	510	490	2.1	39.2
Query_10797	XM_003777269.3	100.000	21	0	0	1	21	495	475	2.1	39.2
Query_10797	XM_023534602.1	100.000	21	0	0	1	21	462	442	2.1	39.2
Query_10797	XM_023534600.1	100.000	21	0	0	1	21	516	496	2.1	39.2
Query_10797	XM_023534599.1	100.000	21	0	0	1	21	478	458	2.1	39.2
Query_10797	XM_023534598.1	100.000	21	0	0	1	21	462	442	2.1	39.2
Query_10797	LT734931.1	100.000	21	0	0	1	21	862	842	2.1	39.2
Query_10797	LT733781.1	100.000	21	0	0	1	21	862	842	2.1	39.2
Query_10797	XM_017851621.1	100.000	21	0	0	1	21	463	443	2.1	39.2
Query_10797	XM_017851620.1	100.000	21	0	0	1	21	483	463	2.1	39.2
Query_10797	XM_017851619.1	100.000	21	0	0	1	21	516	496	2.1	39.2
Query_10797	XM_017851618.1	100.000	21	0	0	1	21	516	496	2.1	39.2
Query_10797	XM_017851616.1	100.000	21	0	0	1	21	483	463	2.1	39.2
Query_10797	XM_017851615.1	100.000	21	0	0	1	21	516	496	2.1	39.2
Query_10797	XM_015454975.1	100.000	21	0	0	1	21	437	417	2.1	39.2
Query_10797	XM_015454974.1	100.000	21	0	0	1	21	463	443	2.1	39.2
Query_10797	XM_005563546.2	100.000	21	0	0	1	21	495	475	2.1	39.2
Query_10797	XM_005563548.2	100.000	21	0	0	1	21	562	542	2.1	39.2
Query_10797	XM_015454972.1	100.000	21	0	0	1	21	462	442	2.1	39.2
Query_10797	XM_015454971.1	100.000	21	0	0	1	21	495	475	2.1	39.2
Query_10797	XM_012058802.1	100.000	21	0	0	1	21	489	469	2.1	39.2
Query_10797	XM_012058801.1	100.000	21	0	0	1	21	410	390	2.1	39.2
Query_10797	XM_012058800.1	100.000	21	0	0	1	21	489	469	2.1	39.2
Query_10797	XM_012058799.1	100.000	21	0	0	1	21	522	502	2.1	39.2
Query_10797	XM_012058798.1	100.000	21	0	0	1	21	443	423	2.1	39.2
Query_10797	XM_011981999.1	100.000	21	0	0	1	21	463	443	2.1	39.2
Query_10797	XM_011981998.1	100.000	21	0	0	1	21	463	443	2.1	39.2
Query_10797	XM_011981997.1	100.000	21	0	0	1	21	495	475	2.1	39.2
Query_10797	XM_011937197.1	100.000	21	0	0	1	21	463	443	2.1	39.2
Query_10797	XM_011937196.1	100.000	21	0	0	1	21	463	443	2.1	39.2
Query_10797	XM_011937195.1	100.000	21	0	0	1	21	495	475	2.1	39.2
Query_10797	XM_011366937.1	100.000	21	0	0	1	21	463	443	2.1	39.2
Query_10797	KJ902804.1	100.000	21	0	0	1	21	440	420	2.1	39.2
Query_10797	KJ894177.1	100.000	21	0	0	1	21	440	420	2.1	39.2
Query_10797	HG994369.1	100.000	21	0	0	1	21	3915428	3915408	2.1	39.2
Query_10797	XM_039841888.1	100.000	21	0	0	1	21	480	460	2.1	39.2
Query_10797	XM_039841886.1	100.000	21	0	0	1	21	553	533	2.1	39.2
Query_10797	XM_039841885.1	100.000	21	0	0	1	21	635	615	2.1	39.2
Query_10797	XM_039841884.1	100.000	21	0	0	1	21	591	571	2.1	39.2
Query_10797	XM_039841883.1	100.000	21	0	0	1	21	493	473	2.1	39.2
Query_10797	XM_039841882.1	100.000	21	0	0	1	21	481	461	2.1	39.2
Query_10797	XM_008000897.2	100.000	21	0	0	1	21	510	490	2.1	39.2
Query_10797	XM_038000381.1	100.000	21	0	0	1	21	561	541	2.1	39.2
Query_10797	XM_008000899.2	100.000	21	0	0	1	21	483	463	2.1	39.2
Query_10797	NM_001266510.1	100.000	21	0	0	1	21	424	404	2.1	39.2
Query_10797	XM_004588053.3	100.000	21	0	0	1	21	465	445	2.1	39.2
Query_10797	XM_004588052.3	100.000	21	0	0	1	21	340	320	2.1	39.2
Query_10797	XR_004954568.1	100.000	21	0	0	1	21	1936	1916	2.1	39.2
Query_10797	XM_016153703.2	100.000	21	0	0	1	21	463	443	2.1	39.2
Query_10797	XM_016153702.2	100.000	21	0	0	1	21	462	442	2.1	39.2
Query_10797	AK295792.1	100.000	21	0	0	1	21	463	443	2.1	39.2
Query_10797	EU446497.1	100.000	21	0	0	1	21	397	377	2.1	39.2
Query_10797	AK225554.1	100.000	21	0	0	1	21	394	374	2.1	39.2
Query_10797	AY948289.1	100.000	21	0	0	1	21	432	412	2.1	39.2


