# blastn
# Iteration: 0
# Query: 
# RID: 72J7TNSG013
# Database: nt
# Fields: query acc.ver, subject acc.ver, % identity, alignment length, mismatches, gap opens, q. start, q. end, s. start, s. end, evalue, bit score
# 83 hits found
Query_26119	XM_035027437.1	100.000	21	0	0	1	21	557	537	2.1	39.2
Query_26119	XM_003828171.2	100.000	21	0	0	1	21	387	367	2.1	39.2
Query_26119	AP023165.1	100.000	21	0	0	1	21	44115115	44115135	2.1	39.2
Query_26119	XM_019800199.2	100.000	21	0	0	1	21	340	320	2.1	39.2
Query_26119	XM_032617599.1	100.000	21	0	0	1	21	374	354	2.1	39.2
Query_26119	XM_032457288.1	100.000	21	0	0	1	21	440	420	2.1	39.2
Query_26119	XM_032396643.1	100.000	21	0	0	1	21	343	323	2.1	39.2
Query_26119	XM_032163779.1	100.000	21	0	0	1	21	387	367	2.1	39.2
Query_26119	XM_006217479.2	100.000	21	0	0	1	21	424	404	2.1	39.2
Query_26119	XM_031469764.1	100.000	21	0	0	1	21	443	423	2.1	39.2
Query_26119	XM_004041540.3	100.000	21	0	0	1	21	387	367	2.1	39.2
Query_26119	XM_003270772.2	100.000	21	0	0	1	21	387	367	2.1	39.2
Query_26119	XM_022565170.2	100.000	21	0	0	1	21	584	564	2.1	39.2
Query_26119	XM_030294706.1	100.000	21	0	0	1	21	340	320	2.1	39.2
Query_26119	XM_029926925.1	100.000	21	0	0	1	21	371	351	2.1	39.2
Query_26119	XM_029212625.1	100.000	21	0	0	1	21	374	354	2.1	39.2
Query_26119	AY358627.2	100.000	21	0	0	1	21	376	356	2.1	39.2
Query_26119	XM_007127969.2	100.000	21	0	0	1	21	380	360	2.1	39.2
Query_26119	NM_025237.3	100.000	21	0	0	1	21	393	373	2.1	39.2
Query_26119	XM_027048934.1	100.000	21	0	0	1	21	2921	2901	2.1	39.2
Query_26119	XM_026512270.1	100.000	21	0	0	1	21	343	323	2.1	39.2
Query_26119	XM_008149295.2	100.000	21	0	0	1	21	522	502	2.1	39.2
Query_26119	XM_028092719.1	100.000	21	0	0	1	21	343	323	2.1	39.2
Query_26119	XM_015098809.2	100.000	21	0	0	1	21	450	430	2.1	39.2
Query_26119	CP034495.1	100.000	21	0	0	1	21	41833009	41833029	2.1	39.2
Query_26119	XM_027517099.1	100.000	21	0	0	1	21	1254	1234	2.1	39.2
Query_26119	XM_025917641.1	100.000	21	0	0	1	21	340	320	2.1	39.2
Query_26119	XM_025861720.1	100.000	21	0	0	1	21	343	323	2.1	39.2
Query_26119	XM_006046841.2	100.000	21	0	0	1	21	1172	1152	2.1	39.2
Query_26119	NM_001166514.2	100.000	21	0	0	1	21	381	361	2.1	39.2
Query_26119	XM_024761226.1	100.000	21	0	0	1	21	340	320	2.1	39.2
Query_26119	XM_001153653.5	100.000	21	0	0	1	21	490	470	2.1	39.2
Query_26119	CP027087.1	100.000	21	0	0	1	21	43504667	43504687	2.1	39.2
Query_26119	XM_002827467.3	100.000	21	0	0	1	21	384	364	2.1	39.2
Query_26119	XM_006092295.3	100.000	21	0	0	1	21	389	369	2.1	39.2
Query_26119	XM_001917501.5	100.000	21	0	0	1	21	2627	2607	2.1	39.2
Query_26119	XM_004468011.2	100.000	21	0	0	1	21	351	331	2.1	39.2
Query_26119	XM_003414277.2	100.000	21	0	0	1	21	663	643	2.1	39.2
Query_26119	XM_011289261.3	100.000	21	0	0	1	21	3314	3294	2.1	39.2
Query_26119	XM_021712656.1	100.000	21	0	0	1	21	359	339	2.1	39.2
Query_26119	XM_021681649.1	100.000	21	0	0	1	21	343	323	2.1	39.2
Query_26119	XM_020888973.1	100.000	21	0	0	1	21	340	320	2.1	39.2
Query_26119	LT735545.1	100.000	21	0	0	1	21	830	810	2.1	39.2
Query_26119	XM_019981332.1	100.000	21	0	0	1	21	1171	1151	2.1	39.2
Query_26119	XM_019434924.1	100.000	21	0	0	1	21	2918	2898	2.1	39.2
Query_26119	XM_018065180.1	100.000	21	0	0	1	21	371	351	2.1	39.2
Query_26119	XM_002719425.3	100.000	21	0	0	1	21	575	555	2.1	39.2
Query_26119	XM_006776900.2	100.000	21	0	0	1	21	371	351	2.1	39.2
Query_26119	XM_014849316.1	100.000	21	0	0	1	21	943	923	2.1	39.2
Query_26119	XM_004432532.2	100.000	21	0	0	1	21	902	882	2.1	39.2
Query_26119	XM_008542409.1	100.000	21	0	0	1	21	943	923	2.1	39.2
Query_26119	KJ893769.1	100.000	21	0	0	1	21	411	391	2.1	39.2
Query_26119	XM_007531841.1	100.000	21	0	0	1	21	343	323	2.1	39.2
Query_26119	XM_007455080.1	100.000	21	0	0	1	21	360	340	2.1	39.2
Query_26119	XM_007180240.1	100.000	21	0	0	1	21	340	320	2.1	39.2
Query_26119	XM_006738798.1	100.000	21	0	0	1	21	359	339	2.1	39.2
Query_26119	XM_005907664.1	100.000	21	0	0	1	21	360	340	2.1	39.2
Query_26119	XM_004707500.1	100.000	21	0	0	1	21	361	341	2.1	39.2
Query_26119	XM_004597329.1	100.000	21	0	0	1	21	343	323	2.1	39.2
Query_26119	XM_040245214.1	100.000	21	0	0	1	21	530	510	2.1	39.2
Query_26119	XM_004407287.1	100.000	21	0	0	1	21	359	339	2.1	39.2
Query_26119	XM_004374320.1	100.000	21	0	0	1	21	359	339	2.1	39.2
Query_26119	CP068261.1	100.000	21	0	0	1	21	44608490	44608510	2.1	39.2
Query_26119	XM_017645453.2	100.000	21	0	0	1	21	6992	6972	2.1	39.2
Query_26119	XM_036883228.1	100.000	21	0	0	1	21	2900	2880	2.1	39.2
Query_26119	XM_036837604.1	100.000	21	0	0	1	21	374	354	2.1	39.2
Query_26119	XM_036451266.1	100.000	21	0	0	1	21	415	395	2.1	39.2
Query_26119	XM_036341020.1	100.000	21	0	0	1	21	374	354	2.1	39.2
Query_26119	AP023477.1	100.000	21	0	0	1	21	41451680	41451700	2.1	39.2
Query_26119	XM_036071304.1	100.000	21	0	0	1	21	554	534	2.1	39.2
Query_26119	XM_027567789.2	100.000	21	0	0	1	21	351	331	2.1	39.2
Query_26119	LR862372.1	100.000	21	0	0	1	21	34624595	34624615	2.1	39.2
Query_26119	NG_008078.2	100.000	21	0	0	1	21	8148	8128	2.1	39.2
Query_26119	AC003098.2	100.000	21	0	0	1	21	6168	6188	2.1	39.2
Query_26119	AY358203.1	100.000	21	0	0	1	21	660	640	2.1	39.2
Query_26119	AF184211.1	100.000	21	0	0	1	21	102	82	2.1	39.2
Query_26119	BC101086.1	100.000	21	0	0	1	21	370	350	2.1	39.2
Query_26119	AC055813.9	100.000	21	0	0	1	21	63092	63112	2.1	39.2
Query_26119	AF331844.1	100.000	21	0	0	1	21	380	360	2.1	39.2
Query_26119	AF326739.1	100.000	21	0	0	1	21	390	370	2.1	39.2
Query_26119	AF326738.1	100.000	21	0	0	1	21	252	232	2.1	39.2
Query_26119	AF326736.1	100.000	21	0	0	1	21	15061	15041	2.1	39.2
Query_26119	CP013692.1	100.000	20	0	0	1	20	3416675	3416656	7.3	37.4


