# blastn
# Iteration: 0
# Query: 
# RID: 8YNXM5JE016
# Database: nt
# Fields: query acc.ver, subject acc.ver, % identity, alignment length, mismatches, gap opens, q. start, q. end, s. start, s. end, evalue, bit score
# 100 hits found
Query_18575	XM_035010318.1	100.000	21	0	0	1	21	493	473	2.1	39.2
Query_18575	XM_035010316.1	100.000	21	0	0	1	21	584	564	2.1	39.2
Query_18575	XM_035010315.1	100.000	21	0	0	1	21	738	718	2.1	39.2
Query_18575	XM_035010314.1	100.000	21	0	0	1	21	615	595	2.1	39.2
Query_18575	XM_008976634.2	100.000	21	0	0	1	21	668	648	2.1	39.2
Query_18575	XM_003823013.3	100.000	21	0	0	1	21	650	630	2.1	39.2
Query_18575	XM_019794532.2	100.000	21	0	0	1	21	540	520	2.1	39.2
Query_18575	XM_034667047.1	100.000	21	0	0	1	21	1806	1786	2.1	39.2
Query_18575	XM_011218883.3	100.000	21	0	0	1	21	620	600	2.1	39.2
Query_18575	XM_002914593.4	100.000	21	0	0	1	21	613	593	2.1	39.2
Query_18575	CP050606.1	100.000	21	0	0	1	21	730755	730735	2.1	39.2
Query_18575	CP050637.1	100.000	21	0	0	1	21	730334	730314	2.1	39.2
Query_18575	XM_032422461.1	100.000	21	0	0	1	21	593	573	2.1	39.2
Query_18575	XM_032422460.1	100.000	21	0	0	1	21	1429	1409	2.1	39.2
Query_18575	XM_032422459.1	100.000	21	0	0	1	21	1007	987	2.1	39.2
Query_18575	XM_032422457.1	100.000	21	0	0	1	21	623	603	2.1	39.2
Query_18575	XM_031020866.1	100.000	21	0	0	1	21	586	566	2.1	39.2
Query_18575	XM_006749625.2	100.000	21	0	0	1	21	614	594	2.1	39.2
Query_18575	XM_031020865.1	100.000	21	0	0	1	21	953	933	2.1	39.2
Query_18575	XM_031020864.1	100.000	21	0	0	1	21	644	624	2.1	39.2
Query_18575	XM_019037287.2	100.000	21	0	0	1	21	626	606	2.1	39.2
Query_18575	XM_026480448.1	100.000	21	0	0	1	21	590	570	2.1	39.2
Query_18575	XM_028120277.1	100.000	21	0	0	1	21	482	462	2.1	39.2
Query_18575	XM_028120276.1	100.000	21	0	0	1	21	805	785	2.1	39.2
Query_18575	XM_028120275.1	100.000	21	0	0	1	21	587	567	2.1	39.2
Query_18575	XM_028120274.1	100.000	21	0	0	1	21	776	756	2.1	39.2
Query_18575	XM_028120272.1	100.000	21	0	0	1	21	783	763	2.1	39.2
Query_18575	XM_028120271.1	100.000	21	0	0	1	21	608	588	2.1	39.2
Query_18575	XM_028120270.1	100.000	21	0	0	1	21	1008	988	2.1	39.2
Query_18575	XM_026017999.1	100.000	21	0	0	1	21	569	549	2.1	39.2
Query_18575	XM_025855312.1	100.000	21	0	0	1	21	491	471	2.1	39.2
Query_18575	XM_025855311.1	100.000	21	0	0	1	21	590	570	2.1	39.2
Query_18575	XM_025855310.1	100.000	21	0	0	1	21	803	783	2.1	39.2
Query_18575	XM_025855309.1	100.000	21	0	0	1	21	608	588	2.1	39.2
Query_18575	XM_025855308.1	100.000	21	0	0	1	21	773	753	2.1	39.2
Query_18575	XM_025855307.1	100.000	21	0	0	1	21	1531	1511	2.1	39.2
Query_18575	XM_025855306.1	100.000	21	0	0	1	21	993	973	2.1	39.2
Query_18575	XM_025855305.1	100.000	21	0	0	1	21	1007	987	2.1	39.2
Query_18575	NM_014176.4	100.000	21	0	0	1	21	593	573	2.1	39.2
Query_18575	XM_009440790.2	100.000	21	0	0	1	21	642	622	2.1	39.2
Query_18575	XM_024350983.1	100.000	21	0	0	1	21	962	942	2.1	39.2
Query_18575	XM_514102.6	100.000	21	0	0	1	21	653	633	2.1	39.2
Query_18575	XM_024239242.1	100.000	21	0	0	1	21	991	971	2.1	39.2
Query_18575	XM_002809603.4	100.000	21	0	0	1	21	638	618	2.1	39.2
Query_18575	XM_021682463.1	100.000	21	0	0	1	21	573	553	2.1	39.2
Query_18575	LT735351.1	100.000	21	0	0	1	21	974	954	2.1	39.2
Query_18575	XM_004028164.2	100.000	21	0	0	1	21	622	602	2.1	39.2
Query_18575	XM_007522095.2	100.000	21	0	0	1	21	495	475	2.1	39.2
Query_18575	XM_015976886.1	100.000	21	0	0	1	21	2488	2468	2.1	39.2
Query_18575	NG_042230.1	100.000	21	0	0	1	21	15025	15005	2.1	39.2
Query_18575	XM_004392767.2	100.000	21	0	0	1	21	583	563	2.1	39.2
Query_18575	KJ893680.1	100.000	21	0	0	1	21	552	532	2.1	39.2
Query_18575	XM_008685125.2	100.000	21	0	0	1	21	602	582	2.1	39.2
Query_18575	XM_008685126.2	100.000	21	0	0	1	21	623	603	2.1	39.2
Query_18575	HG994388.1	100.000	21	0	0	1	21	80035930	80035950	2.1	39.2
Query_18575	XM_038670715.1	100.000	21	0	0	1	21	636	616	2.1	39.2
Query_18575	XM_038670714.1	100.000	21	0	0	1	21	619	599	2.1	39.2
Query_18575	XM_038670713.1	100.000	21	0	0	1	21	658	638	2.1	39.2
Query_18575	XM_038670712.1	100.000	21	0	0	1	21	693	673	2.1	39.2
Query_18575	XM_038560603.1	100.000	21	0	0	1	21	636	616	2.1	39.2
Query_18575	XM_843751.5	100.000	21	0	0	1	21	619	599	2.1	39.2
Query_18575	XM_038560600.1	100.000	21	0	0	1	21	658	638	2.1	39.2
Query_18575	XM_005622184.2	100.000	21	0	0	1	21	693	673	2.1	39.2
Query_18575	XM_037812190.1	100.000	21	0	0	1	21	577	557	2.1	39.2
Query_18575	XM_037812188.1	100.000	21	0	0	1	21	773	753	2.1	39.2
Query_18575	XM_037812177.1	100.000	21	0	0	1	21	635	615	2.1	39.2
Query_18575	XM_036117177.1	100.000	21	0	0	1	21	836	816	2.1	39.2
Query_18575	XM_036117176.1	100.000	21	0	0	1	21	932	912	2.1	39.2
Query_18575	XM_036117175.1	100.000	21	0	0	1	21	932	912	2.1	39.2
Query_18575	XM_036117174.1	100.000	21	0	0	1	21	643	623	2.1	39.2
Query_18575	XM_036117173.1	100.000	21	0	0	1	21	643	623	2.1	39.2
Query_18575	NM_001310326.2	100.000	21	0	0	1	21	597	577	2.1	39.2
Query_18575	XM_025458529.2	100.000	21	0	0	1	21	608	588	2.1	39.2
Query_18575	XM_025458527.2	100.000	21	0	0	1	21	619	599	2.1	39.2
Query_18575	XM_025458526.2	100.000	21	0	0	1	21	658	638	2.1	39.2
Query_18575	XM_025458525.2	100.000	21	0	0	1	21	693	673	2.1	39.2
Query_18575	XM_027612200.2	100.000	21	0	0	1	21	875	855	2.1	39.2
Query_18575	XM_027612199.2	100.000	21	0	0	1	21	1075	1055	2.1	39.2
Query_18575	XM_027612198.2	100.000	21	0	0	1	21	784	764	2.1	39.2
Query_18575	XM_027612197.2	100.000	21	0	0	1	21	1009	989	2.1	39.2
Query_18575	XM_027612195.2	100.000	21	0	0	1	21	1154	1134	2.1	39.2
Query_18575	XM_027612194.2	100.000	21	0	0	1	21	1180	1160	2.1	39.2
Query_18575	CU678593.1	100.000	21	0	0	1	21	125	145	2.1	39.2
Query_18575	DQ895975.2	100.000	21	0	0	1	21	509	489	2.1	39.2
Query_18575	DQ892729.2	100.000	21	0	0	1	21	509	489	2.1	39.2
Query_18575	BC019284.1	100.000	21	0	0	1	21	585	565	2.1	39.2
Query_18575	AL356953.17	100.000	21	0	0	1	21	148961	148981	2.1	39.2
Query_18575	BC004152.2	100.000	21	0	0	1	21	585	565	2.1	39.2
Query_18575	AF160215.1	100.000	21	0	0	1	21	580	560	2.1	39.2
Query_18575	AK000504.1	100.000	21	0	0	1	21	578	558	2.1	39.2
Query_18575	AF161499.1	100.000	21	0	0	1	21	613	593	2.1	39.2
Query_18575	AY542309.1	100.000	21	0	0	1	21	488	468	2.1	39.2
Query_18575	AB032931.1	100.000	21	0	0	1	21	529	509	2.1	39.2
Query_18575	XM_032136927.1	100.000	20	0	0	2	21	625	606	7.4	37.4
Query_18575	XM_032136926.1	100.000	20	0	0	2	21	621	602	7.4	37.4
Query_18575	XM_012502075.2	100.000	20	0	0	2	21	621	602	7.4	37.4
Query_18575	CP026243.1	100.000	20	0	0	1	20	8890165	8890184	7.4	37.4
Query_18575	XM_021706319.1	100.000	20	0	0	1	20	478	459	7.4	37.4
Query_18575	XM_008072792.2	100.000	20	0	0	1	20	596	577	7.4	37.4
Query_18575	XM_021706317.1	100.000	20	0	0	1	20	547	528	7.4	37.4


