# blastn
# Iteration: 0
# Query: 
# RID: 9VZT0Y0D013
# Database: nt
# Fields: query acc.ver, subject acc.ver, % identity, alignment length, mismatches, gap opens, q. start, q. end, s. start, s. end, evalue, bit score
# 82 hits found
Query_7041	XM_034958465.1	100.000	21	0	0	1	21	462	442	2.1	39.2
Query_7041	XM_034958464.1	100.000	21	0	0	1	21	573	553	2.1	39.2
Query_7041	XM_019025601.2	100.000	21	0	0	1	21	186	166	2.1	39.2
Query_7041	XM_004038573.3	100.000	21	0	0	1	21	651	631	2.1	39.2
Query_7041	XM_030800871.1	100.000	21	0	0	1	21	655	635	2.1	39.2
Query_7041	NM_001312647.2	100.000	21	0	0	1	21	473	453	2.1	39.2
Query_7041	NM_001111112.2	100.000	21	0	0	1	21	561	541	2.1	39.2
Query_7041	NM_001312648.2	100.000	21	0	0	1	21	467	447	2.1	39.2
Query_7041	NM_001111113.2	100.000	21	0	0	1	21	408	388	2.1	39.2
Query_7041	LR535843.1	100.000	21	0	0	1	21	2809896	2809916	2.1	39.2
Query_7041	NM_005339.5	100.000	21	0	0	1	21	561	541	2.1	39.2
Query_7041	XM_026037493.1	100.000	21	0	0	1	21	342	322	2.1	39.2
Query_7041	XM_025165576.1	100.000	21	0	0	1	21	444	424	2.1	39.2
Query_7041	XM_016950973.2	100.000	21	0	0	1	21	555	535	2.1	39.2
Query_7041	XM_009447486.3	100.000	21	0	0	1	21	496	476	2.1	39.2
Query_7041	XM_009447485.3	100.000	21	0	0	1	21	652	632	2.1	39.2
Query_7041	XM_024245916.1	100.000	21	0	0	1	21	559	539	2.1	39.2
Query_7041	XM_002814684.3	100.000	21	0	0	1	21	656	636	2.1	39.2
Query_7041	LT735837.1	100.000	21	0	0	1	21	856	836	2.1	39.2
Query_7041	XM_014786821.1	100.000	21	0	0	1	21	552	532	2.1	39.2
Query_7041	XM_004418993.2	100.000	21	0	0	1	21	646	626	2.1	39.2
Query_7041	XM_010226082.1	100.000	21	0	0	1	21	330	310	2.1	39.2
Query_7041	XM_009869560.1	100.000	21	0	0	1	21	543	523	2.1	39.2
Query_7041	XM_009566568.1	100.000	21	0	0	1	21	327	307	2.1	39.2
Query_7041	KJ891343.1	100.000	21	0	0	1	21	434	414	2.1	39.2
Query_7041	XM_037530494.1	100.000	21	0	0	1	21	282	262	2.1	39.2
Query_7041	XM_037530493.1	100.000	21	0	0	1	21	578	558	2.1	39.2
Query_7041	XM_036381662.1	100.000	21	0	0	1	21	384	364	2.1	39.2
Query_7041	XM_036381661.1	100.000	21	0	0	1	21	511	491	2.1	39.2
Query_7041	NM_001246525.1	100.000	21	0	0	1	21	526	506	2.1	39.2
Query_7041	AB527742.1	100.000	21	0	0	1	21	378	358	2.1	39.2
Query_7041	CU690733.1	100.000	21	0	0	1	21	250	270	2.1	39.2
Query_7041	EU446896.1	100.000	21	0	0	1	21	391	371	2.1	39.2
Query_7041	AK315524.1	100.000	21	0	0	1	21	579	559	2.1	39.2
Query_7041	AK307130.1	100.000	21	0	0	1	21	464	444	2.1	39.2
Query_7041	AK291454.1	100.000	21	0	0	1	21	405	385	2.1	39.2
Query_7041	BC022804.1	100.000	21	0	0	1	21	529	509	2.1	39.2
Query_7041	AK093533.1	100.000	21	0	0	1	21	474	454	2.1	39.2
Query_7041	AC105287.5	100.000	21	0	0	1	21	24236	24216	2.1	39.2
Query_7041	BC050600.1	100.000	21	0	0	1	21	507	487	2.1	39.2
Query_7041	AB022436.1	100.000	21	0	0	1	21	302	282	2.1	39.2
Query_7041	AB022435.1	100.000	21	0	0	1	21	455	435	2.1	39.2
Query_7041	U58522.1	100.000	21	0	0	1	21	372	352	2.1	39.2
Query_7041	XM_032136191.1	100.000	20	0	0	2	21	654	635	7.5	37.4
Query_7041	XR_004203011.1	100.000	20	0	0	1	20	729	710	7.5	37.4
Query_7041	XR_004203010.1	100.000	20	0	0	1	20	936	917	7.5	37.4
Query_7041	XM_031790026.1	100.000	20	0	0	1	20	495	476	7.5	37.4
Query_7041	XM_031790025.1	100.000	20	0	0	1	20	662	643	7.5	37.4
Query_7041	XM_031790024.1	100.000	20	0	0	1	20	1059	1040	7.5	37.4
Query_7041	XM_020502271.2	100.000	20	0	0	1	20	746	727	7.5	37.4
Query_7041	XM_003970364.3	100.000	20	0	0	1	20	667	648	7.5	37.4
Query_7041	XM_029659619.1	100.000	20	0	0	1	20	843	824	7.5	37.4
Query_7041	XM_029659618.1	100.000	20	0	0	1	20	729	710	7.5	37.4
Query_7041	LR584244.1	100.000	20	0	0	1	20	6122164	6122183	7.5	37.4
Query_7041	XM_025063136.1	100.000	20	0	0	1	20	670	651	7.5	37.4
Query_7041	XM_024429152.1	100.000	20	0	0	1	20	678	659	7.5	37.4
Query_7041	XM_024429151.1	100.000	20	0	0	1	20	740	721	7.5	37.4
Query_7041	XM_023638215.1	100.000	20	0	0	2	21	485	466	7.5	37.4
Query_7041	XM_005608815.3	100.000	20	0	0	2	21	581	562	7.5	37.4
Query_7041	XM_020925361.1	100.000	20	0	0	1	20	615	596	7.5	37.4
Query_7041	XM_019874865.1	100.000	20	0	0	1	20	701	682	7.5	37.4
Query_7041	XM_016189958.1	100.000	20	0	0	1	20	484	465	7.5	37.4
Query_7041	XM_016189957.1	100.000	20	0	0	1	20	490	471	7.5	37.4
Query_7041	XM_007526986.2	100.000	20	0	0	1	20	425	406	7.5	37.4
Query_7041	XM_007526985.2	100.000	20	0	0	1	20	578	559	7.5	37.4
Query_7041	XM_007526984.2	100.000	20	0	0	1	20	585	566	7.5	37.4
Query_7041	XM_014857215.1	100.000	20	0	0	2	21	485	466	7.5	37.4
Query_7041	XM_014857214.1	100.000	20	0	0	2	21	604	585	7.5	37.4
Query_7041	XM_006169234.2	100.000	20	0	0	2	21	587	568	7.5	37.4
Query_7041	LK064736.1	100.000	20	0	0	2	21	1243328	1243347	7.5	37.4
Query_7041	LK064736.1	100.000	20	0	0	2	21	1246553	1246572	7.5	37.4
Query_7041	XM_008532871.1	100.000	20	0	0	2	21	564	545	7.5	37.4
Query_7041	XM_008293123.1	100.000	20	0	0	1	20	645	626	7.5	37.4
Query_7041	XM_036970108.1	100.000	20	0	0	1	20	538	519	7.5	37.4
Query_7041	XM_036970107.1	100.000	20	0	0	1	20	617	598	7.5	37.4
Query_7041	XM_036970105.1	100.000	20	0	0	1	20	519	500	7.5	37.4
Query_7041	XM_036970104.1	100.000	20	0	0	1	20	685	666	7.5	37.4
Query_7041	XM_021583777.2	100.000	20	0	0	1	20	763	744	7.5	37.4
Query_7041	XM_036853403.1	100.000	20	0	0	1	20	498	479	7.5	37.4
Query_7041	XR_004822986.1	100.000	20	0	0	1	20	569	550	7.5	37.4
Query_7041	XM_035756796.1	100.000	20	0	0	1	20	609	590	7.5	37.4
Query_7041	XM_035756794.1	100.000	20	0	0	1	20	767	748	7.5	37.4


