# blastn
# Iteration: 0
# Query: 
# RID: 7J8ZDXKV013
# Database: nt
# Fields: query acc.ver, subject acc.ver, % identity, alignment length, mismatches, gap opens, q. start, q. end, s. start, s. end, evalue, bit score
# 100 hits found
Query_62645	XM_040473640.1	100.000	21	0	0	1	21	2294	2274	2.1	39.2
Query_62645	XM_040473639.1	100.000	21	0	0	1	21	2233	2213	2.1	39.2
Query_62645	XM_040473638.1	100.000	21	0	0	1	21	2336	2316	2.1	39.2
Query_62645	XM_013355738.3	100.000	21	0	0	1	21	2422	2402	2.1	39.2
Query_62645	XM_021721854.2	100.000	21	0	0	1	21	2470	2450	2.1	39.2
Query_62645	HG994392.1	100.000	21	0	0	1	21	13811857	13811837	2.1	39.2
Query_62645	XM_039854831.1	100.000	21	0	0	1	21	2250	2230	2.1	39.2
Query_62645	XM_039854830.1	100.000	21	0	0	1	21	2654	2634	2.1	39.2
Query_62645	XM_039854829.1	100.000	21	0	0	1	21	2548	2528	2.1	39.2
Query_62645	XM_039854828.1	100.000	21	0	0	1	21	2333	2313	2.1	39.2
Query_62645	XM_039854827.1	100.000	21	0	0	1	21	2392	2372	2.1	39.2
Query_62645	XM_039854826.1	100.000	21	0	0	1	21	2693	2673	2.1	39.2
Query_62645	XM_039466881.1	100.000	21	0	0	1	21	2459	2439	2.1	39.2
Query_62645	XM_010333936.2	100.000	21	0	0	1	21	2509	2489	2.1	39.2
Query_62645	XM_039466875.1	100.000	21	0	0	1	21	2335	2315	2.1	39.2
Query_62645	XM_039231230.1	100.000	21	0	0	1	21	2333	2313	2.1	39.2
Query_62645	XM_039084826.1	100.000	21	0	0	1	21	2379	2359	2.1	39.2
Query_62645	XM_006244582.4	100.000	21	0	0	1	21	2328	2308	2.1	39.2
Query_62645	XM_039084824.1	100.000	21	0	0	1	21	2360	2340	2.1	39.2
Query_62645	XM_003750650.5	100.000	21	0	0	1	21	2367	2347	2.1	39.2
Query_62645	XM_038683648.1	100.000	21	0	0	1	21	2285	2265	2.1	39.2
Query_62645	XM_038683647.1	100.000	21	0	0	1	21	2345	2325	2.1	39.2
Query_62645	XM_038683646.1	100.000	21	0	0	1	21	2327	2307	2.1	39.2
Query_62645	XM_005627398.4	100.000	21	0	0	1	21	2285	2265	2.1	39.2
Query_62645	XM_014118472.3	100.000	21	0	0	1	21	2345	2325	2.1	39.2
Query_62645	XM_846912.7	100.000	21	0	0	1	21	2327	2307	2.1	39.2
Query_62645	XM_038341152.1	100.000	21	0	0	1	21	2186	2166	2.1	39.2
Query_62645	XM_038341151.1	100.000	21	0	0	1	21	2386	2366	2.1	39.2
Query_62645	XM_038341149.1	100.000	21	0	0	1	21	2437	2417	2.1	39.2
Query_62645	XM_007972423.2	100.000	21	0	0	1	21	2407	2387	2.1	39.2
Query_62645	XM_038006128.1	100.000	21	0	0	1	21	2432	2412	2.1	39.2
Query_62645	XM_038006127.1	100.000	21	0	0	1	21	2328	2308	2.1	39.2
Query_62645	XM_007972424.2	100.000	21	0	0	1	21	2471	2451	2.1	39.2
Query_62645	XM_007972422.2	100.000	21	0	0	1	21	2367	2347	2.1	39.2
Query_62645	XM_037843300.1	100.000	21	0	0	1	21	2232	2212	2.1	39.2
Query_62645	XM_037843299.1	100.000	21	0	0	1	21	2283	2263	2.1	39.2
Query_62645	XM_037843298.1	100.000	21	0	0	1	21	2335	2315	2.1	39.2
Query_62645	XM_037843297.1	100.000	21	0	0	1	21	2322	2302	2.1	39.2
Query_62645	XM_017547408.2	100.000	21	0	0	1	21	2314	2294	2.1	39.2
Query_62645	XM_037745344.1	100.000	21	0	0	1	21	2386	2366	2.1	39.2
Query_62645	XM_017547404.2	100.000	21	0	0	1	21	2355	2335	2.1	39.2
Query_62645	XM_017547403.2	100.000	21	0	0	1	21	2412	2392	2.1	39.2
Query_62645	XM_017547402.2	100.000	21	0	0	1	21	2330	2310	2.1	39.2
Query_62645	XM_037519798.1	100.000	21	0	0	1	21	2325	2305	2.1	39.2
Query_62645	XM_037519797.1	100.000	21	0	0	1	21	2258	2238	2.1	39.2
Query_62645	XM_028887108.2	100.000	21	0	0	1	21	2278	2258	2.1	39.2
Query_62645	XM_037142609.1	100.000	21	0	0	1	21	2291	2271	2.1	39.2
Query_62645	XM_037142608.1	100.000	21	0	0	1	21	2384	2364	2.1	39.2
Query_62645	XM_037142607.1	100.000	21	0	0	1	21	2330	2310	2.1	39.2
Query_62645	XM_037053815.1	100.000	21	0	0	1	21	2300	2280	2.1	39.2
Query_62645	XM_037053808.1	100.000	21	0	0	1	21	2405	2385	2.1	39.2
Query_62645	XM_037053800.1	100.000	21	0	0	1	21	2339	2319	2.1	39.2
Query_62645	XM_036868838.1	100.000	21	0	0	1	21	1950	1930	2.1	39.2
Query_62645	XM_036868837.1	100.000	21	0	0	1	21	2273	2253	2.1	39.2
Query_62645	XM_036868836.1	100.000	21	0	0	1	21	2294	2274	2.1	39.2
Query_62645	XM_036868835.1	100.000	21	0	0	1	21	2311	2291	2.1	39.2
Query_62645	XM_036868834.1	100.000	21	0	0	1	21	2470	2450	2.1	39.2
Query_62645	XM_036868833.1	100.000	21	0	0	1	21	2405	2385	2.1	39.2
Query_62645	XM_036868832.1	100.000	21	0	0	1	21	2488	2468	2.1	39.2
Query_62645	XM_036868831.1	100.000	21	0	0	1	21	2333	2313	2.1	39.2
Query_62645	XM_004590404.2	100.000	21	0	0	1	21	2313	2293	2.1	39.2
Query_62645	XM_036414074.1	100.000	21	0	0	1	21	2313	2293	2.1	39.2
Query_62645	XM_036414072.1	100.000	21	0	0	1	21	2414	2394	2.1	39.2
Query_62645	XM_036414071.1	100.000	21	0	0	1	21	2352	2332	2.1	39.2
Query_62645	XM_036316794.1	100.000	21	0	0	1	21	2020	2000	2.1	39.2
Query_62645	XM_036316793.1	100.000	21	0	0	1	21	2059	2039	2.1	39.2
Query_62645	XM_036316792.1	100.000	21	0	0	1	21	2139	2119	2.1	39.2
Query_62645	XM_036316791.1	100.000	21	0	0	1	21	2293	2273	2.1	39.2
Query_62645	XM_036316790.1	100.000	21	0	0	1	21	2500	2480	2.1	39.2
Query_62645	XM_036316789.1	100.000	21	0	0	1	21	2332	2312	2.1	39.2
Query_62645	XM_036218440.1	100.000	21	0	0	1	21	2215	2195	2.1	39.2
Query_62645	XM_036218439.1	100.000	21	0	0	1	21	2464	2444	2.1	39.2
Query_62645	XM_016128649.2	100.000	21	0	0	1	21	2316	2296	2.1	39.2
Query_62645	XM_016128651.2	100.000	21	0	0	1	21	2304	2284	2.1	39.2
Query_62645	XM_016128648.2	100.000	21	0	0	1	21	2343	2323	2.1	39.2
Query_62645	XM_036167119.1	100.000	21	0	0	1	21	2319	2299	2.1	39.2
Query_62645	XM_036167118.1	100.000	21	0	0	1	21	2358	2338	2.1	39.2
Query_62645	XR_001782067.3	100.000	21	0	0	1	21	2274	2254	2.1	39.2
Query_62645	XM_030249734.2	100.000	21	0	0	1	21	2395	2375	2.1	39.2
Query_62645	XM_006524139.3	100.000	21	0	0	1	21	2542	2522	2.1	39.2
Query_62645	XM_006524138.5	100.000	21	0	0	1	21	2364	2344	2.1	39.2
Query_62645	XM_006524136.3	100.000	21	0	0	1	21	2581	2561	2.1	39.2
Query_62645	XM_036082770.1	100.000	21	0	0	1	21	2302	2282	2.1	39.2
Query_62645	XM_036082769.1	100.000	21	0	0	1	21	2233	2213	2.1	39.2
Query_62645	XM_036082767.1	100.000	21	0	0	1	21	2344	2324	2.1	39.2
Query_62645	XM_028508568.2	100.000	21	0	0	1	21	2456	2436	2.1	39.2
Query_62645	XM_028508566.2	100.000	21	0	0	1	21	2319	2299	2.1	39.2
Query_62645	XM_028508565.2	100.000	21	0	0	1	21	2358	2338	2.1	39.2
Query_62645	XM_036024155.1	100.000	21	0	0	1	21	2520	2500	2.1	39.2
Query_62645	XM_036024154.1	100.000	21	0	0	1	21	2598	2578	2.1	39.2
Query_62645	XM_036024153.1	100.000	21	0	0	1	21	2559	2539	2.1	39.2
Query_62645	LR877222.1	100.000	21	0	0	1	21	12246282	12246262	2.1	39.2
Query_62645	LR877205.1	100.000	21	0	0	1	21	8596685	8596665	2.1	39.2
Query_62645	XM_025418885.2	100.000	21	0	0	1	21	2290	2270	2.1	39.2
Query_62645	XM_035697506.1	100.000	21	0	0	1	21	2473	2453	2.1	39.2
Query_62645	XM_025418884.2	100.000	21	0	0	1	21	2345	2325	2.1	39.2
Query_62645	XM_025418883.2	100.000	21	0	0	1	21	2332	2312	2.1	39.2
Query_62645	XM_027602293.2	100.000	21	0	0	1	21	3593	3573	2.1	39.2
Query_62645	XM_027602292.2	100.000	21	0	0	1	21	3632	3612	2.1	39.2
Query_62645	XM_027602291.2	100.000	21	0	0	1	21	3674	3654	2.1	39.2


