# blastn
# Iteration: 0
# Query: 
# RID: 6UKG136Y016
# Database: nt
# Fields: query acc.ver, subject acc.ver, % identity, alignment length, mismatches, gap opens, q. start, q. end, s. start, s. end, evalue, bit score
# 79 hits found
Query_49267	XM_034958464.1	100.000	21	0	0	1	21	375	355	2.1	39.2
Query_49267	XM_031941894.1	100.000	21	0	0	1	21	108	88	2.1	39.2
Query_49267	XM_031941892.1	100.000	21	0	0	1	21	333	313	2.1	39.2
Query_49267	LR735560.1	100.000	21	0	0	1	21	1893876	1893896	2.1	39.2
Query_49267	LR735560.1	100.000	21	0	0	1	21	3588872	3588852	2.1	39.2
Query_49267	LR735560.1	100.000	21	0	0	1	21	3978746	3978766	2.1	39.2
Query_49267	XM_004038573.3	100.000	21	0	0	1	21	453	433	2.1	39.2
Query_49267	XM_030888585.1	100.000	21	0	0	1	21	272	252	2.1	39.2
Query_49267	XM_030888584.1	100.000	21	0	0	1	21	383	363	2.1	39.2
Query_49267	NM_001312647.2	100.000	21	0	0	1	21	275	255	2.1	39.2
Query_49267	NM_001312646.2	100.000	21	0	0	1	21	363	343	2.1	39.2
Query_49267	NM_001111112.2	100.000	21	0	0	1	21	363	343	2.1	39.2
Query_49267	NM_005339.5	100.000	21	0	0	1	21	363	343	2.1	39.2
Query_49267	XM_027836397.1	100.000	21	0	0	1	21	212	192	2.1	39.2
Query_49267	XM_015597557.2	100.000	21	0	0	1	21	348	328	2.1	39.2
Query_49267	XM_006922447.3	100.000	21	0	0	1	21	436	416	2.1	39.2
Query_49267	XM_024573875.1	100.000	21	0	0	1	21	379	359	2.1	39.2
Query_49267	XM_009447485.3	100.000	21	0	0	1	21	454	434	2.1	39.2
Query_49267	XM_023738936.1	100.000	21	0	0	1	21	835	815	2.1	39.2
Query_49267	XM_023738935.1	100.000	21	0	0	1	21	383	363	2.1	39.2
Query_49267	XM_004384661.3	100.000	21	0	0	1	21	374	354	2.1	39.2
Query_49267	XM_004642643.3	100.000	21	0	0	1	21	416	396	2.1	39.2
Query_49267	XM_003471629.4	100.000	21	0	0	1	21	420	400	2.1	39.2
Query_49267	XM_023532169.1	100.000	21	0	0	1	21	341	321	2.1	39.2
Query_49267	XM_011362748.2	100.000	21	0	0	1	21	427	407	2.1	39.2
Query_49267	XM_023549805.1	100.000	21	0	0	1	21	270	250	2.1	39.2
Query_49267	XM_010591425.2	100.000	21	0	0	1	21	375	355	2.1	39.2
Query_49267	XM_020991396.1	100.000	21	0	0	1	21	238	218	2.1	39.2
Query_49267	XM_020282101.1	100.000	21	0	0	1	21	773	753	2.1	39.2
Query_49267	XM_012753967.2	100.000	21	0	0	1	21	485	465	2.1	39.2
Query_49267	LT735837.1	100.000	21	0	0	1	21	658	638	2.1	39.2
Query_49267	XM_020160966.1	100.000	21	0	0	1	21	188	168	2.1	39.2
Query_49267	XM_008111618.2	100.000	21	0	0	1	21	366	346	2.1	39.2
Query_49267	XM_007496544.2	100.000	21	0	0	1	21	302	282	2.1	39.2
Query_49267	XM_013009049.1	100.000	21	0	0	1	21	409	389	2.1	39.2
Query_49267	XM_004703158.2	100.000	21	0	0	1	21	380	360	2.1	39.2
Query_49267	XM_012948820.1	100.000	21	0	0	1	21	165	145	2.1	39.2
Query_49267	XM_012753968.1	100.000	21	0	0	1	21	449	429	2.1	39.2
Query_49267	XM_012644502.1	100.000	21	0	0	1	21	453	433	2.1	39.2
Query_49267	KJ891343.1	100.000	21	0	0	1	21	236	216	2.1	39.2
Query_49267	XM_006873221.1	100.000	21	0	0	1	21	171	151	2.1	39.2
Query_49267	XM_006873220.1	100.000	21	0	0	1	21	380	360	2.1	39.2
Query_49267	XM_006895399.1	100.000	21	0	0	1	21	171	151	2.1	39.2
Query_49267	XM_006895398.1	100.000	21	0	0	1	21	380	360	2.1	39.2
Query_49267	XM_004703159.1	100.000	21	0	0	1	21	171	151	2.1	39.2
Query_49267	XM_004655813.1	100.000	21	0	0	1	21	171	151	2.1	39.2
Query_49267	XM_004655812.1	100.000	21	0	0	1	21	256	236	2.1	39.2
Query_49267	XM_039844998.1	100.000	21	0	0	1	21	434	414	2.1	39.2
Query_49267	XM_039844997.1	100.000	21	0	0	1	21	272	252	2.1	39.2
Query_49267	XM_039844995.1	100.000	21	0	0	1	21	379	359	2.1	39.2
Query_49267	XM_003940989.2	100.000	21	0	0	1	21	250	230	2.1	39.2
Query_49267	XM_037138033.1	100.000	21	0	0	1	21	395	375	2.1	39.2
Query_49267	XM_037064306.1	100.000	21	0	0	1	21	379	359	2.1	39.2
Query_49267	XM_017662459.2	100.000	21	0	0	1	21	321	301	2.1	39.2
Query_49267	XM_036908505.1	100.000	21	0	0	1	21	323	303	2.1	39.2
Query_49267	XM_036763185.1	100.000	21	0	0	1	21	354	334	2.1	39.2
Query_49267	XM_036228034.1	100.000	21	0	0	1	21	433	413	2.1	39.2
Query_49267	XM_036228032.1	100.000	21	0	0	1	21	127	107	2.1	39.2
Query_49267	XM_036228031.1	100.000	21	0	0	1	21	274	254	2.1	39.2
Query_49267	XM_016119953.2	100.000	21	0	0	1	21	381	361	2.1	39.2
Query_49267	XM_036228030.1	100.000	21	0	0	1	21	394	374	2.1	39.2
Query_49267	XM_028507668.2	100.000	21	0	0	1	21	388	368	2.1	39.2
Query_49267	NM_001246525.1	100.000	21	0	0	1	21	328	308	2.1	39.2
Query_49267	AB527742.1	100.000	21	0	0	1	21	180	160	2.1	39.2
Query_49267	AK295846.1	100.000	21	0	0	1	21	390	370	2.1	39.2
Query_49267	CU690732.1	100.000	21	0	0	1	21	187	167	2.1	39.2
Query_49267	EU446896.1	100.000	21	0	0	1	21	193	173	2.1	39.2
Query_49267	AK315524.1	100.000	21	0	0	1	21	381	361	2.1	39.2
Query_49267	BC022804.1	100.000	21	0	0	1	21	331	311	2.1	39.2
Query_49267	AK093533.1	100.000	21	0	0	1	21	276	256	2.1	39.2
Query_49267	BC050600.1	100.000	21	0	0	1	21	309	289	2.1	39.2
Query_49267	AB022435.1	100.000	21	0	0	1	21	257	237	2.1	39.2
Query_49267	U58522.1	100.000	21	0	0	1	21	174	154	2.1	39.2
Query_49267	CP047563.1	100.000	20	0	0	1	20	25556862	25556881	7.2	37.4
Query_49267	XM_004475464.3	100.000	20	0	0	2	21	400	381	7.2	37.4
Query_49267	OC316813.1	100.000	20	0	0	1	20	172496	172477	7.2	37.4
Query_49267	OB795807.1	100.000	20	0	0	1	20	10211	10192	7.2	37.4
Query_49267	OC000770.1	100.000	20	0	0	1	20	226928	226947	7.2	37.4
Query_49267	XM_037829623.1	100.000	20	0	0	2	21	330	311	7.2	37.4


