# blastn
# Iteration: 0
# Query: 
# RID: 73XD2ZHD013
# Database: nt
# Fields: query acc.ver, subject acc.ver, % identity, alignment length, mismatches, gap opens, q. start, q. end, s. start, s. end, evalue, bit score
# 92 hits found
Query_2949	XM_003825980.3	100.000	21	0	0	1	21	344	324	2.1	39.2
Query_2949	XM_032263582.1	100.000	21	0	0	1	21	363	343	2.1	39.2
Query_2949	XR_004274097.1	100.000	21	0	0	1	21	294	274	2.1	39.2
Query_2949	XM_032142236.1	100.000	21	0	0	1	21	362	342	2.1	39.2
Query_2949	XM_003253656.3	100.000	21	0	0	1	21	443	423	2.1	39.2
Query_2949	XM_030825546.1	100.000	21	0	0	1	21	207	187	2.1	39.2
Query_2949	XM_030825544.1	100.000	21	0	0	1	21	329	309	2.1	39.2
Query_2949	NM_181800.3	100.000	21	0	0	1	21	213	193	2.1	39.2
Query_2949	NM_181801.4	100.000	21	0	0	1	21	443	423	2.1	39.2
Query_2949	NM_007019.4	100.000	21	0	0	1	21	300	280	2.1	39.2
Query_2949	XM_028125651.1	100.000	21	0	0	1	21	286	266	2.1	39.2
Query_2949	XM_028122002.1	100.000	21	0	0	1	21	420	400	2.1	39.2
Query_2949	XM_028122001.1	100.000	21	0	0	1	21	1080	1060	2.1	39.2
Query_2949	XM_028122000.1	100.000	21	0	0	1	21	507	487	2.1	39.2
Query_2949	XM_028119498.1	100.000	21	0	0	1	21	286	266	2.1	39.2
Query_2949	XM_028109124.1	100.000	21	0	0	1	21	205	185	2.1	39.2
Query_2949	XM_028109123.1	100.000	21	0	0	1	21	286	266	2.1	39.2
Query_2949	XM_028109122.1	100.000	21	0	0	1	21	286	266	2.1	39.2
Query_2949	XM_028102833.1	100.000	21	0	0	1	21	167	147	2.1	39.2
Query_2949	XM_028102832.1	100.000	21	0	0	1	21	248	228	2.1	39.2
Query_2949	XM_028102831.1	100.000	21	0	0	1	21	248	228	2.1	39.2
Query_2949	CP034499.1	100.000	21	0	0	1	21	44384211	44384191	2.1	39.2
Query_2949	XM_027573401.1	100.000	21	0	0	1	21	167	147	2.1	39.2
Query_2949	XM_027573400.1	100.000	21	0	0	1	21	248	228	2.1	39.2
Query_2949	XM_027573399.1	100.000	21	0	0	1	21	248	228	2.1	39.2
Query_2949	XM_025876642.1	100.000	21	0	0	1	21	214	194	2.1	39.2
Query_2949	XM_025876641.1	100.000	21	0	0	1	21	295	275	2.1	39.2
Query_2949	XM_025876640.1	100.000	21	0	0	1	21	295	275	2.1	39.2
Query_2949	XM_025876123.1	100.000	21	0	0	1	21	214	194	2.1	39.2
Query_2949	XM_025876122.1	100.000	21	0	0	1	21	295	275	2.1	39.2
Query_2949	XM_025876121.1	100.000	21	0	0	1	21	295	275	2.1	39.2
Query_2949	XM_025875645.1	100.000	21	0	0	1	21	184	164	2.1	39.2
Query_2949	XM_025875644.1	100.000	21	0	0	1	21	270	250	2.1	39.2
Query_2949	XM_025875457.1	100.000	21	0	0	1	21	420	400	2.1	39.2
Query_2949	XM_025875456.1	100.000	21	0	0	1	21	848	828	2.1	39.2
Query_2949	XM_025875455.1	100.000	21	0	0	1	21	507	487	2.1	39.2
Query_2949	XM_025866608.1	100.000	21	0	0	1	21	167	147	2.1	39.2
Query_2949	XM_025866607.1	100.000	21	0	0	1	21	248	228	2.1	39.2
Query_2949	XM_025866606.1	100.000	21	0	0	1	21	248	228	2.1	39.2
Query_2949	XM_009443484.3	100.000	21	0	0	1	21	342	322	2.1	39.2
Query_2949	XM_001156993.5	100.000	21	0	0	1	21	604	584	2.1	39.2
Query_2949	XM_012467302.2	100.000	21	0	0	1	21	289	269	2.1	39.2
Query_2949	XM_012467301.2	100.000	21	0	0	1	21	362	342	2.1	39.2
Query_2949	XM_004062268.2	100.000	21	0	0	1	21	362	342	2.1	39.2
Query_2949	XM_514682.6	100.000	21	0	0	1	21	363	343	2.1	39.2
Query_2949	XM_012467300.1	100.000	21	0	0	1	21	362	342	2.1	39.2
Query_2949	XM_003936452.2	100.000	21	0	0	1	21	362	342	2.1	39.2
Query_2949	XM_002830362.3	100.000	21	0	0	1	21	362	342	2.1	39.2
Query_2949	XM_004414555.1	100.000	21	0	0	1	21	167	147	2.1	39.2
Query_2949	XM_004414554.1	100.000	21	0	0	1	21	248	228	2.1	39.2
Query_2949	XM_004414553.1	100.000	21	0	0	1	21	248	228	2.1	39.2
Query_2949	CP068258.1	100.000	21	0	0	1	21	47552051	47552031	2.1	39.2
Query_2949	XM_038002173.1	100.000	21	0	0	1	21	307	287	2.1	39.2
Query_2949	XM_017541241.2	100.000	21	0	0	1	21	363	343	2.1	39.2
Query_2949	XM_037739960.1	100.000	21	0	0	1	21	295	275	2.1	39.2
Query_2949	XM_017526538.2	100.000	21	0	0	1	21	65	45	2.1	39.2
Query_2949	XR_001820423.2	100.000	21	0	0	1	21	388	368	2.1	39.2
Query_2949	AP023480.1	100.000	21	0	0	1	21	43851018	43850998	2.1	39.2
Query_2949	XM_035729224.1	100.000	21	0	0	1	21	167	147	2.1	39.2
Query_2949	XM_035729223.1	100.000	21	0	0	1	21	248	228	2.1	39.2
Query_2949	XM_035729222.1	100.000	21	0	0	1	21	248	228	2.1	39.2
Query_2949	XM_035728935.1	100.000	21	0	0	1	21	348	328	2.1	39.2
Query_2949	XM_035728934.1	100.000	21	0	0	1	21	381	361	2.1	39.2
Query_2949	XM_035728933.1	100.000	21	0	0	1	21	435	415	2.1	39.2
Query_2949	XM_035728466.1	100.000	21	0	0	1	21	167	147	2.1	39.2
Query_2949	XM_035728465.1	100.000	21	0	0	1	21	248	228	2.1	39.2
Query_2949	XM_035728464.1	100.000	21	0	0	1	21	248	228	2.1	39.2
Query_2949	XM_035728175.1	100.000	21	0	0	1	21	292	272	2.1	39.2
Query_2949	XM_027606950.2	100.000	21	0	0	1	21	167	147	2.1	39.2
Query_2949	XM_027606949.2	100.000	21	0	0	1	21	248	228	2.1	39.2
Query_2949	XM_027606948.2	100.000	21	0	0	1	21	248	228	2.1	39.2
Query_2949	XM_035724662.1	100.000	21	0	0	1	21	167	147	2.1	39.2
Query_2949	XM_035724661.1	100.000	21	0	0	1	21	248	228	2.1	39.2
Query_2949	XM_035724660.1	100.000	21	0	0	1	21	248	228	2.1	39.2
Query_2949	XM_035723407.1	100.000	21	0	0	1	21	284	264	2.1	39.2
Query_2949	XM_035723019.1	100.000	21	0	0	1	21	286	266	2.1	39.2
Query_2949	XR_004734476.1	100.000	21	0	0	1	21	296	276	2.1	39.2
Query_2949	AL050348.22	100.000	21	0	0	1	21	85231	85211	2.1	39.2
Query_2949	EU831629.1	100.000	21	0	0	1	21	270	250	2.1	39.2
Query_2949	EU831714.1	100.000	21	0	0	1	21	270	250	2.1	39.2
Query_2949	AK311949.1	100.000	21	0	0	1	21	335	315	2.1	39.2
Query_2949	DQ895630.2	100.000	21	0	0	1	21	270	250	2.1	39.2
Query_2949	DQ892416.2	100.000	21	0	0	1	21	270	250	2.1	39.2
Query_2949	BC028161.1	100.000	21	0	0	1	21	907	887	2.1	39.2
Query_2949	BC016292.1	100.000	21	0	0	1	21	297	277	2.1	39.2
Query_2949	BC007656.2	100.000	21	0	0	1	21	291	271	2.1	39.2
Query_2949	BC032677.2	100.000	21	0	0	1	21	1079	1059	2.1	39.2
Query_2949	BT007300.1	100.000	21	0	0	1	21	248	228	2.1	39.2
Query_2949	BT007515.1	100.000	21	0	0	1	21	248	228	2.1	39.2
Query_2949	CR456988.1	100.000	21	0	0	1	21	248	228	2.1	39.2
Query_2949	BC050736.1	100.000	21	0	0	1	21	318	298	2.1	39.2
Query_2949	U73379.1	100.000	21	0	0	1	21	288	268	2.1	39.2


