# blastn
# Iteration: 0
# Query: 
# RID: 8Z2E3KF8016
# Database: nt
# Fields: query acc.ver, subject acc.ver, % identity, alignment length, mismatches, gap opens, q. start, q. end, s. start, s. end, evalue, bit score
# 38 hits found
Query_40785	XM_032915907.1	100.000	21	0	0	1	21	1073	1053	2.1	39.2
Query_40785	XM_005365945.3	100.000	21	0	0	1	21	1042	1022	2.1	39.2
Query_40785	XM_021630388.1	100.000	21	0	0	1	21	1065	1045	2.1	39.2
Query_40785	XM_006985601.2	100.000	21	0	0	1	21	1072	1052	2.1	39.2
Query_40785	XM_028882342.2	100.000	21	0	0	1	21	1079	1059	2.1	39.2
Query_40785	LR877233.1	100.000	21	0	0	1	21	28302061	28302081	2.1	39.2
Query_40785	FQ214550.1	100.000	21	0	0	1	21	1033	1013	2.1	39.2
Query_40785	FQ216757.1	100.000	21	0	0	1	21	1038	1018	2.1	39.2
Query_40785	FQ213111.1	100.000	21	0	0	1	21	1034	1014	2.1	39.2
Query_40785	FQ225334.1	100.000	21	0	0	1	21	1035	1015	2.1	39.2
Query_40785	FQ228750.1	100.000	21	0	0	1	21	1033	1013	2.1	39.2
Query_40785	FQ213948.1	100.000	21	0	0	1	21	722	702	2.1	39.2
Query_40785	NG_006685.3	100.000	21	0	0	1	21	1117	1097	2.1	39.2
Query_40785	NM_026242.3	100.000	21	0	0	1	21	1065	1045	2.1	39.2
Query_40785	AC169036.3	100.000	21	0	0	1	21	131646	131666	2.1	39.2
Query_40785	BC085488.1	100.000	21	0	0	1	21	910	890	2.1	39.2
Query_40785	AC114605.11	100.000	21	0	0	1	21	110186	110166	2.1	39.2
Query_40785	AC112683.10	100.000	21	0	0	1	21	194607	194587	2.1	39.2
Query_40785	AC139214.12	100.000	21	0	0	1	21	1639	1619	2.1	39.2
Query_40785	AK170984.1	100.000	21	0	0	1	21	1047	1027	2.1	39.2
Query_40785	AK170909.1	100.000	21	0	0	1	21	1043	1023	2.1	39.2
Query_40785	AK170789.1	100.000	21	0	0	1	21	1015	995	2.1	39.2
Query_40785	AK159464.1	100.000	21	0	0	1	21	1054	1034	2.1	39.2
Query_40785	AK167112.1	100.000	21	0	0	1	21	1046	1026	2.1	39.2
Query_40785	AK020049.1	100.000	21	0	0	1	21	1033	1013	2.1	39.2
Query_40785	AK018675.1	100.000	21	0	0	1	21	1015	995	2.1	39.2
Query_40785	AK017832.1	100.000	21	0	0	1	21	1047	1027	2.1	39.2
Query_40785	AK009827.1	100.000	21	0	0	1	21	1023	1003	2.1	39.2
Query_40785	AK005313.1	100.000	21	0	0	1	21	1057	1037	2.1	39.2
Query_40785	AK217266.1	100.000	21	0	0	1	21	188	168	2.1	39.2
Query_40785	AC154476.2	100.000	21	0	0	1	21	78161	78181	2.1	39.2
Query_40785	NM_001009264.1	100.000	21	0	0	1	21	1013	993	2.1	39.2
Query_40785	BC010209.1	100.000	21	0	0	1	21	1034	1014	2.1	39.2
Query_40785	AB041651.1	100.000	21	0	0	1	21	1045	1025	2.1	39.2
Query_40785	CP018463.1	100.000	20	0	0	1	20	109421	109440	7.4	37.4
Query_40785	CP017191.1	100.000	20	0	0	1	20	10837	10818	7.4	37.4
Query_40785	CP009287.1	100.000	20	0	0	1	20	1635675	1635694	7.4	37.4
Query_40785	AM039951.1	100.000	20	0	0	1	20	52125	52144	7.4	37.4


