# blastn
# Iteration: 0
# Query: 
# RID: 9PSJTGKN016
# Database: nt
# Fields: query acc.ver, subject acc.ver, % identity, alignment length, mismatches, gap opens, q. start, q. end, s. start, s. end, evalue, bit score
# 100 hits found
Query_44741	XM_003811844.2	100.000	21	0	0	1	21	461	441	2.1	39.2
Query_44741	XM_004321799.3	100.000	21	0	0	1	21	1238	1218	2.1	39.2
Query_44741	XM_033414281.1	100.000	21	0	0	1	21	453	433	2.1	39.2
Query_44741	XM_012538494.2	100.000	21	0	0	1	21	1115	1095	2.1	39.2
Query_44741	XM_004284404.3	100.000	21	0	0	1	21	298	278	2.1	39.2
Query_44741	XM_033196559.1	100.000	21	0	0	1	21	586	566	2.1	39.2
Query_44741	XM_033233047.1	100.000	21	0	0	1	21	336	316	2.1	39.2
Query_44741	XM_033093355.1	100.000	21	0	0	1	21	883	863	2.1	39.2
Query_44741	XM_033093354.1	100.000	21	0	0	1	21	886	866	2.1	39.2
Query_44741	XM_033093353.1	100.000	21	0	0	1	21	1247	1227	2.1	39.2
Query_44741	XM_032642803.1	100.000	21	0	0	1	21	453	433	2.1	39.2
Query_44741	XM_032642793.1	100.000	21	0	0	1	21	381	361	2.1	39.2
Query_44741	XM_032642785.1	100.000	21	0	0	1	21	526	506	2.1	39.2
Query_44741	XM_006173963.3	100.000	21	0	0	1	21	423	403	2.1	39.2
Query_44741	XM_023214308.2	100.000	21	0	0	1	21	553	533	2.1	39.2
Query_44741	XM_006215678.3	100.000	21	0	0	1	21	474	454	2.1	39.2
Query_44741	XR_004184786.1	100.000	21	0	0	1	21	284	264	2.1	39.2
Query_44741	XM_031654823.1	100.000	21	0	0	1	21	443	423	2.1	39.2
Query_44741	XM_031654814.1	100.000	21	0	0	1	21	536	516	2.1	39.2
Query_44741	XM_010993054.2	100.000	21	0	0	1	21	417	397	2.1	39.2
Query_44741	XM_031011621.1	100.000	21	0	0	1	21	577	557	2.1	39.2
Query_44741	XM_010367119.2	100.000	21	0	0	1	21	689	669	2.1	39.2
Query_44741	XR_750211.2	100.000	21	0	0	1	21	278	258	2.1	39.2
Query_44741	XM_030842149.1	100.000	21	0	0	1	21	453	433	2.1	39.2
Query_44741	XM_030842148.1	100.000	21	0	0	1	21	283	263	2.1	39.2
Query_44741	XM_030842146.1	100.000	21	0	0	1	21	298	278	2.1	39.2
Query_44741	XM_030824091.1	100.000	21	0	0	1	21	597	577	2.1	39.2
Query_44741	XM_022559255.2	100.000	21	0	0	1	21	279	259	2.1	39.2
Query_44741	XM_022559254.2	100.000	21	0	0	1	21	409	389	2.1	39.2
Query_44741	XM_029227821.1	100.000	21	0	0	1	21	704	684	2.1	39.2
Query_44741	XM_029227820.1	100.000	21	0	0	1	21	861	841	2.1	39.2
Query_44741	XM_029227819.1	100.000	21	0	0	1	21	881	861	2.1	39.2
Query_44741	XR_012770.4	100.000	21	0	0	1	21	265	245	2.1	39.2
Query_44741	XM_028826846.1	100.000	21	0	0	1	21	497	477	2.1	39.2
Query_44741	XM_015113807.2	100.000	21	0	0	1	21	463	443	2.1	39.2
Query_44741	XM_015113815.2	100.000	21	0	0	1	21	417	397	2.1	39.2
Query_44741	XM_028488730.1	100.000	21	0	0	1	21	487	467	2.1	39.2
Query_44741	XM_007112289.3	100.000	21	0	0	1	21	578	558	2.1	39.2
Query_44741	NM_016406.4	100.000	21	0	0	1	21	284	264	2.1	39.2
Query_44741	XM_026780009.1	100.000	21	0	0	1	21	328	308	2.1	39.2
Query_44741	XM_005348804.2	100.000	21	0	0	1	21	497	477	2.1	39.2
Query_44741	XM_023185092.2	100.000	21	0	0	1	21	294	274	2.1	39.2
Query_44741	XM_028163881.1	100.000	21	0	0	1	21	453	433	2.1	39.2
Query_44741	XM_007171720.2	100.000	21	0	0	1	21	361	341	2.1	39.2
Query_44741	XM_007171719.2	100.000	21	0	0	1	21	408	388	2.1	39.2
Query_44741	XM_012184828.3	100.000	21	0	0	1	21	497	477	2.1	39.2
Query_44741	XM_027528146.1	100.000	21	0	0	1	21	327	307	2.1	39.2
Query_44741	XM_027528137.1	100.000	21	0	0	1	21	281	261	2.1	39.2
Query_44741	XM_027528129.1	100.000	21	0	0	1	21	281	261	2.1	39.2
Query_44741	XM_027528121.1	100.000	21	0	0	1	21	386	366	2.1	39.2
Query_44741	XM_027528111.1	100.000	21	0	0	1	21	282	262	2.1	39.2
Query_44741	XR_003120460.1	100.000	21	0	0	1	21	264	244	2.1	39.2
Query_44741	XM_025359394.1	100.000	21	0	0	1	21	403	383	2.1	39.2
Query_44741	XM_025359307.1	100.000	21	0	0	1	21	579	559	2.1	39.2
Query_44741	XM_025287502.1	100.000	21	0	0	1	21	264	244	2.1	39.2
Query_44741	XM_006048480.2	100.000	21	0	0	1	21	404	384	2.1	39.2
Query_44741	XM_006048479.2	100.000	21	0	0	1	21	508	488	2.1	39.2
Query_44741	XM_006907869.3	100.000	21	0	0	1	21	507	487	2.1	39.2
Query_44741	XM_024989565.1	100.000	21	0	0	1	21	283	263	2.1	39.2
Query_44741	XM_010802771.3	100.000	21	0	0	1	21	875	855	2.1	39.2
Query_44741	XM_005203530.4	100.000	21	0	0	1	21	448	428	2.1	39.2
Query_44741	XM_005203531.4	100.000	21	0	0	1	21	401	381	2.1	39.2
Query_44741	XM_011770131.2	100.000	21	0	0	1	21	355	335	2.1	39.2
Query_44741	XM_024757372.1	100.000	21	0	0	1	21	453	433	2.1	39.2
Query_44741	XM_024757365.1	100.000	21	0	0	1	21	535	515	2.1	39.2
Query_44741	XM_024757357.1	100.000	21	0	0	1	21	692	672	2.1	39.2
Query_44741	XM_017001450.2	100.000	21	0	0	1	21	414	394	2.1	39.2
Query_44741	XM_002809897.3	100.000	21	0	0	1	21	574	554	2.1	39.2
Query_44741	XM_006103261.3	100.000	21	0	0	1	21	460	440	2.1	39.2
Query_44741	XM_001503835.4	100.000	21	0	0	1	21	665	645	2.1	39.2
Query_44741	XM_011377001.2	100.000	21	0	0	1	21	504	484	2.1	39.2
Query_44741	XM_003415195.3	100.000	21	0	0	1	21	387	367	2.1	39.2
Query_44741	XM_023214307.1	100.000	21	0	0	1	21	574	554	2.1	39.2
Query_44741	XR_001110804.2	100.000	21	0	0	1	21	256	236	2.1	39.2
Query_44741	XM_012449634.2	100.000	21	0	0	1	21	565	545	2.1	39.2
Query_44741	XM_012449633.2	100.000	21	0	0	1	21	575	555	2.1	39.2
Query_44741	LT734974.1	100.000	21	0	0	1	21	751	731	2.1	39.2
Query_44741	XM_041003356.1	100.000	21	0	0	1	21	343	323	2.1	39.2
Query_44741	XM_040452393.1	100.000	21	0	0	1	21	864	844	2.1	39.2
Query_44741	XM_040230059.1	100.000	21	0	0	1	21	517	497	2.1	39.2
Query_44741	XM_039839892.1	100.000	21	0	0	1	21	498	478	2.1	39.2
Query_44741	XM_039480650.1	100.000	21	0	0	1	21	578	558	2.1	39.2
Query_44741	XR_005581184.1	100.000	21	0	0	1	21	267	247	2.1	39.2
Query_44741	XM_038349261.1	100.000	21	0	0	1	21	358	338	2.1	39.2
Query_44741	XM_038349260.1	100.000	21	0	0	1	21	512	492	2.1	39.2
Query_44741	XM_037984472.1	100.000	21	0	0	1	21	264	244	2.1	39.2
Query_44741	XM_007976437.2	100.000	21	0	0	1	21	471	451	2.1	39.2
Query_44741	XM_036861589.1	100.000	21	0	0	1	21	283	263	2.1	39.2
Query_44741	XM_036861580.1	100.000	21	0	0	1	21	283	263	2.1	39.2
Query_44741	XM_036861569.1	100.000	21	0	0	1	21	453	433	2.1	39.2
Query_44741	XM_036861560.1	100.000	21	0	0	1	21	410	390	2.1	39.2
Query_44741	XM_036861549.1	100.000	21	0	0	1	21	283	263	2.1	39.2
Query_44741	XM_004589102.3	100.000	21	0	0	1	21	350	330	2.1	39.2
Query_44741	XM_036344036.1	100.000	21	0	0	1	21	495	475	2.1	39.2
Query_44741	XM_036226567.1	100.000	21	0	0	1	21	282	262	2.1	39.2
Query_44741	XM_035279447.1	100.000	21	0	0	1	21	637	617	2.1	39.2
Query_44741	XM_035279446.1	100.000	21	0	0	1	21	594	574	2.1	39.2
Query_44741	XM_002760186.4	100.000	21	0	0	1	21	481	461	2.1	39.2
Query_44741	XM_035279445.1	100.000	21	0	0	1	21	629	609	2.1	39.2
Query_44741	XM_035279443.1	100.000	21	0	0	1	21	575	555	2.1	39.2


