# blastn
# Iteration: 0
# Query: 
# RID: 8YMJ8WAV01N
# Database: nt
# Fields: query acc.ver, subject acc.ver, % identity, alignment length, mismatches, gap opens, q. start, q. end, s. start, s. end, evalue, bit score
# 51 hits found
Query_447551	XM_003811844.2	100.000	21	0	0	1	21	443	423	2.1	39.2
Query_447551	XM_033196559.1	100.000	21	0	0	1	21	568	548	2.1	39.2
Query_447551	XM_033233047.1	100.000	21	0	0	1	21	318	298	2.1	39.2
Query_447551	XM_032161224.1	100.000	21	0	0	1	21	578	558	2.1	39.2
Query_447551	XM_023214308.2	100.000	21	0	0	1	21	535	515	2.1	39.2
Query_447551	XR_004184786.1	100.000	21	0	0	1	21	266	246	2.1	39.2
Query_447551	XM_031654823.1	100.000	21	0	0	1	21	425	405	2.1	39.2
Query_447551	XM_031654814.1	100.000	21	0	0	1	21	518	498	2.1	39.2
Query_447551	XM_031011621.1	100.000	21	0	0	1	21	559	539	2.1	39.2
Query_447551	XM_010367119.2	100.000	21	0	0	1	21	671	651	2.1	39.2
Query_447551	XR_749097.2	100.000	21	0	0	1	21	246	226	2.1	39.2
Query_447551	XR_750211.2	100.000	21	0	0	1	21	260	240	2.1	39.2
Query_447551	XM_030824091.1	100.000	21	0	0	1	21	579	559	2.1	39.2
Query_447551	XM_028826846.1	100.000	21	0	0	1	21	479	459	2.1	39.2
Query_447551	XM_015113807.2	100.000	21	0	0	1	21	445	425	2.1	39.2
Query_447551	XM_015113815.2	100.000	21	0	0	1	21	399	379	2.1	39.2
Query_447551	NM_016406.4	100.000	21	0	0	1	21	266	246	2.1	39.2
Query_447551	XM_023185092.2	100.000	21	0	0	1	21	276	256	2.1	39.2
Query_447551	XR_003120460.1	100.000	21	0	0	1	21	246	226	2.1	39.2
Query_447551	XM_025359394.1	100.000	21	0	0	1	21	385	365	2.1	39.2
Query_447551	XM_025359307.1	100.000	21	0	0	1	21	561	541	2.1	39.2
Query_447551	XM_011770131.2	100.000	21	0	0	1	21	337	317	2.1	39.2
Query_447551	XM_017001450.2	100.000	21	0	0	1	21	396	376	2.1	39.2
Query_447551	XM_002809897.3	100.000	21	0	0	1	21	556	536	2.1	39.2
Query_447551	XM_023214307.1	100.000	21	0	0	1	21	556	536	2.1	39.2
Query_447551	LT734974.1	100.000	21	0	0	1	21	733	713	2.1	39.2
Query_447551	XR_001884047.1	100.000	21	0	0	1	21	274	254	2.1	39.2
Query_447551	XM_017860834.1	100.000	21	0	0	1	21	561	541	2.1	39.2
Query_447551	XR_001884737.1	100.000	21	0	0	1	21	259	239	2.1	39.2
Query_447551	XM_017001451.1	100.000	21	0	0	1	21	609	589	2.1	39.2
Query_447551	XM_015452762.1	100.000	21	0	0	1	21	549	529	2.1	39.2
Query_447551	XM_011770130.1	100.000	21	0	0	1	21	407	387	2.1	39.2
Query_447551	XR_001018749.1	100.000	21	0	0	1	21	246	226	2.1	39.2
Query_447551	XM_012067544.1	100.000	21	0	0	1	21	556	536	2.1	39.2
Query_447551	XM_011957583.1	100.000	21	0	0	1	21	561	541	2.1	39.2
Query_447551	XR_001007306.1	100.000	21	0	0	1	21	246	226	2.1	39.2
Query_447551	XM_011976265.1	100.000	21	0	0	1	21	561	541	2.1	39.2
Query_447551	XM_513937.5	100.000	21	0	0	1	21	554	534	2.1	39.2
Query_447551	KJ898907.1	100.000	21	0	0	1	21	311	291	2.1	39.2
Query_447551	XM_005245254.1	100.000	21	0	0	1	21	452	432	2.1	39.2
Query_447551	XM_037984472.1	100.000	21	0	0	1	21	246	226	2.1	39.2
Query_447551	XM_007976437.2	100.000	21	0	0	1	21	453	433	2.1	39.2
Query_447551	AK311562.1	100.000	21	0	0	1	21	452	432	2.1	39.2
Query_447551	AK292776.1	100.000	21	0	0	1	21	452	432	2.1	39.2
Query_447551	DQ896457.2	100.000	21	0	0	1	21	268	248	2.1	39.2
Query_447551	DQ893161.2	100.000	21	0	0	1	21	268	248	2.1	39.2
Query_447551	BC005187.1	100.000	21	0	0	1	21	492	472	2.1	39.2
Query_447551	AL590714.27	100.000	21	0	0	1	21	12488	12468	2.1	39.2
Query_447551	AB154405.1	100.000	21	0	0	1	21	246	226	2.1	39.2
Query_447551	AF161504.1	100.000	21	0	0	1	21	486	466	2.1	39.2
Query_447551	AF151884.1	100.000	21	0	0	1	21	467	447	2.1	39.2


