# blastn
# Iteration: 0
# Query: 
# RID: 6XDBM5D601R
# Database: nt
# Fields: query acc.ver, subject acc.ver, % identity, alignment length, mismatches, gap opens, q. start, q. end, s. start, s. end, evalue, bit score
# 100 hits found
Query_388659	XM_034950155.1	100.000	21	0	0	1	21	557	537	2.0	39.2
Query_388659	XM_003823547.3	100.000	21	0	0	1	21	745	725	2.0	39.2
Query_388659	XM_003823548.3	100.000	21	0	0	1	21	883	863	2.0	39.2
Query_388659	XM_034954600.1	100.000	21	0	0	1	21	899	879	2.0	39.2
Query_388659	XM_010636794.3	100.000	21	0	0	1	21	834	814	2.0	39.2
Query_388659	XM_033757899.1	100.000	21	0	0	1	21	558	538	2.0	39.2
Query_388659	XM_033230979.1	100.000	21	0	0	1	21	902	882	2.0	39.2
Query_388659	XM_033230978.1	100.000	21	0	0	1	21	696	676	2.0	39.2
Query_388659	XM_033230977.1	100.000	21	0	0	1	21	778	758	2.0	39.2
Query_388659	XM_033230976.1	100.000	21	0	0	1	21	947	927	2.0	39.2
Query_388659	XM_032292780.1	100.000	21	0	0	1	21	550	530	2.0	39.2
Query_388659	XM_032292779.1	100.000	21	0	0	1	21	550	530	2.0	39.2
Query_388659	XM_032292777.1	100.000	21	0	0	1	21	884	864	2.0	39.2
Query_388659	XM_032292776.1	100.000	21	0	0	1	21	885	865	2.0	39.2
Query_388659	XR_004272493.1	100.000	21	0	0	1	21	572	552	2.0	39.2
Query_388659	XM_023212355.2	100.000	21	0	0	1	21	1154	1134	2.0	39.2
Query_388659	LR738626.1	100.000	21	0	0	1	21	24581540	24581520	2.0	39.2
Query_388659	XM_003907679.3	100.000	21	0	0	1	21	883	863	2.0	39.2
Query_388659	XM_009182552.3	100.000	21	0	0	1	21	889	869	2.0	39.2
Query_388659	XR_002004173.2	100.000	21	0	0	1	21	623	603	2.0	39.2
Query_388659	XM_010368677.2	100.000	21	0	0	1	21	884	864	2.0	39.2
Query_388659	XM_030916695.1	100.000	21	0	0	1	21	1060	1040	2.0	39.2
Query_388659	XM_030884683.1	100.000	21	0	0	1	21	1001	981	2.0	39.2
Query_388659	XM_003253799.3	100.000	21	0	0	1	21	905	885	2.0	39.2
Query_388659	XM_030802719.1	100.000	21	0	0	1	21	778	758	2.0	39.2
Query_388659	XM_030802718.1	100.000	21	0	0	1	21	968	948	2.0	39.2
Query_388659	XM_015110367.2	100.000	21	0	0	1	21	605	585	2.0	39.2
Query_388659	XM_015110366.2	100.000	21	0	0	1	21	884	864	2.0	39.2
Query_388659	NM_006357.4	100.000	21	0	0	1	21	903	883	2.0	39.2
Query_388659	XM_023212356.2	100.000	21	0	0	1	21	802	782	2.0	39.2
Query_388659	XM_006151632.3	100.000	21	0	0	1	21	664	644	2.0	39.2
Query_388659	XM_025404907.1	100.000	21	0	0	1	21	699	679	2.0	39.2
Query_388659	XM_025404906.1	100.000	21	0	0	1	21	886	866	2.0	39.2
Query_388659	XM_025404905.1	100.000	21	0	0	1	21	731	711	2.0	39.2
Query_388659	XM_025404904.1	100.000	21	0	0	1	21	794	774	2.0	39.2
Query_388659	XR_676614.3	100.000	21	0	0	1	21	710	690	2.0	39.2
Query_388659	XM_016950121.2	100.000	21	0	0	1	21	925	905	2.0	39.2
Query_388659	XR_653383.2	100.000	21	0	0	1	21	609	589	2.0	39.2
Query_388659	XM_024243530.1	100.000	21	0	0	1	21	584	564	2.0	39.2
Query_388659	XM_002812643.4	100.000	21	0	0	1	21	883	863	2.0	39.2
Query_388659	XM_002812644.4	100.000	21	0	0	1	21	884	864	2.0	39.2
Query_388659	XM_024243529.1	100.000	21	0	0	1	21	962	942	2.0	39.2
Query_388659	XR_002823958.1	100.000	21	0	0	1	21	701	681	2.0	39.2
Query_388659	XR_002823957.1	100.000	21	0	0	1	21	701	681	2.0	39.2
Query_388659	XR_002823956.1	100.000	21	0	0	1	21	701	681	2.0	39.2
Query_388659	XM_023730514.1	100.000	21	0	0	1	21	554	534	2.0	39.2
Query_388659	XM_023730513.1	100.000	21	0	0	1	21	701	681	2.0	39.2
Query_388659	XM_004628645.2	100.000	21	0	0	1	21	663	643	2.0	39.2
Query_388659	XM_023712407.1	100.000	21	0	0	1	21	723	703	2.0	39.2
Query_388659	XM_023561127.1	100.000	21	0	0	1	21	666	646	2.0	39.2
Query_388659	XM_023561126.1	100.000	21	0	0	1	21	752	732	2.0	39.2
Query_388659	XM_023561125.1	100.000	21	0	0	1	21	729	709	2.0	39.2
Query_388659	XM_004476868.3	100.000	21	0	0	1	21	638	618	2.0	39.2
Query_388659	XM_023542796.1	100.000	21	0	0	1	21	2413	2393	2.0	39.2
Query_388659	XM_023542795.1	100.000	21	0	0	1	21	2960	2940	2.0	39.2
Query_388659	XM_010602793.2	100.000	21	0	0	1	21	672	652	2.0	39.2
Query_388659	XM_012471453.2	100.000	21	0	0	1	21	886	866	2.0	39.2
Query_388659	XM_012471452.2	100.000	21	0	0	1	21	776	756	2.0	39.2
Query_388659	XM_021668948.1	100.000	21	0	0	1	21	924	904	2.0	39.2
Query_388659	XM_021247135.1	100.000	21	0	0	1	21	858	838	2.0	39.2
Query_388659	XM_012785820.2	100.000	21	0	0	1	21	690	670	2.0	39.2
Query_388659	XM_012785817.2	100.000	21	0	0	1	21	881	861	2.0	39.2
Query_388659	XM_012785818.2	100.000	21	0	0	1	21	884	864	2.0	39.2
Query_388659	LT735466.1	100.000	21	0	0	1	21	996	976	2.0	39.2
Query_388659	XM_020183242.1	100.000	21	0	0	1	21	897	877	2.0	39.2
Query_388659	XM_020183241.1	100.000	21	0	0	1	21	595	575	2.0	39.2
Query_388659	XM_020183240.1	100.000	21	0	0	1	21	907	887	2.0	39.2
Query_388659	XM_002749257.3	100.000	21	0	0	1	21	887	867	2.0	39.2
Query_388659	XM_017884055.1	100.000	21	0	0	1	21	851	831	2.0	39.2
Query_388659	XM_017884054.1	100.000	21	0	0	1	21	759	739	2.0	39.2
Query_388659	XM_002712321.3	100.000	21	0	0	1	21	772	752	2.0	39.2
Query_388659	XM_008258803.2	100.000	21	0	0	1	21	630	610	2.0	39.2
Query_388659	XM_515954.5	100.000	21	0	0	1	21	883	863	2.0	39.2
Query_388659	XM_016950122.1	100.000	21	0	0	1	21	624	604	2.0	39.2
Query_388659	XM_005373356.2	100.000	21	0	0	1	21	892	872	2.0	39.2
Query_388659	XM_013512545.1	100.000	21	0	0	1	21	951	931	2.0	39.2
Query_388659	XM_004701468.2	100.000	21	0	0	1	21	800	780	2.0	39.2
Query_388659	XM_012651218.1	100.000	21	0	0	1	21	767	747	2.0	39.2
Query_388659	XM_012651217.1	100.000	21	0	0	1	21	879	859	2.0	39.2
Query_388659	XR_001117173.1	100.000	21	0	0	1	21	431	411	2.0	39.2
Query_388659	XM_012047169.1	100.000	21	0	0	1	21	549	529	2.0	39.2
Query_388659	XM_012047168.1	100.000	21	0	0	1	21	864	844	2.0	39.2
Query_388659	XM_012047167.1	100.000	21	0	0	1	21	772	752	2.0	39.2
Query_388659	XM_011772131.1	100.000	21	0	0	1	21	884	864	2.0	39.2
Query_388659	XM_011772130.1	100.000	21	0	0	1	21	889	869	2.0	39.2
Query_388659	XM_010351541.2	100.000	21	0	0	1	21	885	865	2.0	39.2
Query_388659	XM_039469988.1	100.000	21	0	0	1	21	965	945	2.0	39.2
Query_388659	XM_007965532.2	100.000	21	0	0	1	21	949	929	2.0	39.2
Query_388659	XM_007965531.2	100.000	21	0	0	1	21	879	859	2.0	39.2
Query_388659	XM_007965530.2	100.000	21	0	0	1	21	902	882	2.0	39.2
Query_388659	XM_037735836.1	100.000	21	0	0	1	21	524	504	2.0	39.2
Query_388659	XM_017532745.2	100.000	21	0	0	1	21	955	935	2.0	39.2
Query_388659	XM_017532744.2	100.000	21	0	0	1	21	885	865	2.0	39.2
Query_388659	XM_017532743.2	100.000	21	0	0	1	21	964	944	2.0	39.2
Query_388659	XM_036497857.1	100.000	21	0	0	1	21	455	435	2.0	39.2
Query_388659	NM_182678.3	100.000	21	0	0	1	21	753	733	2.0	39.2
Query_388659	NM_001278554.2	100.000	21	0	0	1	21	954	934	2.0	39.2
Query_388659	NM_001278555.2	100.000	21	0	0	1	21	721	701	2.0	39.2
Query_388659	XM_003733157.3	100.000	21	0	0	1	21	880	860	2.0	39.2
Query_388659	XM_035304362.1	100.000	21	0	0	1	21	1022	1002	2.0	39.2


