# blastn
# Iteration: 0
# Query: 
# RID: 6X0DXV1J016
# Database: nt
# Fields: query acc.ver, subject acc.ver, % identity, alignment length, mismatches, gap opens, q. start, q. end, s. start, s. end, evalue, bit score
# 42 hits found
Query_57867	XM_032887114.1	100.000	21	0	0	1	21	494	474	2.1	39.2
Query_57867	XM_032887113.1	100.000	21	0	0	1	21	458	438	2.1	39.2
Query_57867	XM_032887111.1	100.000	21	0	0	1	21	458	438	2.1	39.2
Query_57867	XM_032887110.1	100.000	21	0	0	1	21	458	438	2.1	39.2
Query_57867	XM_031337322.1	100.000	21	0	0	1	21	352	332	2.1	39.2
Query_57867	XM_031337320.1	100.000	21	0	0	1	21	453	433	2.1	39.2
Query_57867	XM_031337319.1	100.000	21	0	0	1	21	498	478	2.1	39.2
Query_57867	XM_031337318.1	100.000	21	0	0	1	21	465	445	2.1	39.2
Query_57867	XM_031337317.1	100.000	21	0	0	1	21	658	638	2.1	39.2
Query_57867	XM_021162624.1	100.000	21	0	0	1	21	499	479	2.1	39.2
Query_57867	XM_021162623.1	100.000	21	0	0	1	21	676	656	2.1	39.2
Query_57867	XM_021186845.1	100.000	21	0	0	1	21	499	479	2.1	39.2
Query_57867	XM_021186844.1	100.000	21	0	0	1	21	499	479	2.1	39.2
Query_57867	XM_021186843.1	100.000	21	0	0	1	21	677	657	2.1	39.2
Query_57867	XM_021186842.1	100.000	21	0	0	1	21	535	515	2.1	39.2
Query_57867	XR_005491585.1	100.000	21	0	0	1	21	725	705	2.1	39.2
Query_57867	XM_039089009.1	100.000	21	0	0	1	21	286	266	2.1	39.2
Query_57867	XM_039089008.1	100.000	21	0	0	1	21	423	403	2.1	39.2
Query_57867	XM_039089007.1	100.000	21	0	0	1	21	402	382	2.1	39.2
Query_57867	XM_008769306.3	100.000	21	0	0	1	21	367	347	2.1	39.2
Query_57867	XM_017598236.2	100.000	21	0	0	1	21	725	705	2.1	39.2
Query_57867	XM_006249517.4	100.000	21	0	0	1	21	689	669	2.1	39.2
Query_57867	XM_006249516.4	100.000	21	0	0	1	21	725	705	2.1	39.2
Query_57867	XM_039089005.1	100.000	21	0	0	1	21	725	705	2.1	39.2
Query_57867	XM_017598235.2	100.000	21	0	0	1	21	593	573	2.1	39.2
Query_57867	XM_008769305.3	100.000	21	0	0	1	21	689	669	2.1	39.2
Query_57867	XM_017598234.2	100.000	21	0	0	1	21	725	705	2.1	39.2
Query_57867	XM_006249515.4	100.000	21	0	0	1	21	725	705	2.1	39.2
Query_57867	NM_053656.3	100.000	21	0	0	1	21	416	396	2.1	39.2
Query_57867	AF064549.1	100.000	21	0	0	1	21	453	433	2.1	39.2
Query_57867	AF020759.1	100.000	21	0	0	1	21	378	358	2.1	39.2
Query_57867	AF020758.1	100.000	21	0	0	1	21	537	517	2.1	39.2
Query_57867	AF020757.1	100.000	21	0	0	1	21	443	423	2.1	39.2
Query_57867	AF020756.1	100.000	21	0	0	1	21	397	377	2.1	39.2
Query_57867	Y10475.1	100.000	21	0	0	1	21	452	432	2.1	39.2
Query_57867	Y10474.1	100.000	21	0	0	1	21	398	378	2.1	39.2
Query_57867	Y10473.1	100.000	21	0	0	1	21	416	396	2.1	39.2
Query_57867	Y09910.1	100.000	21	0	0	1	21	691	671	2.1	39.2
Query_57867	U14414.1	100.000	21	0	0	1	21	416	396	2.1	39.2
Query_57867	CP050569.1	100.000	20	0	0	2	21	29923221	29923202	7.2	37.4
Query_57867	CP050620.1	100.000	20	0	0	2	21	29927736	29927717	7.2	37.4
Query_57867	HG994395.1	100.000	20	0	0	2	21	31361724	31361705	7.2	37.4


