# blastn
# Iteration: 0
# Query: 
# RID: 742H4T4901R
# Database: nt
# Fields: query acc.ver, subject acc.ver, % identity, alignment length, mismatches, gap opens, q. start, q. end, s. start, s. end, evalue, bit score
# 66 hits found
Query_537307	XM_003826436.5	100.000	21	0	0	1	21	1384	1364	2.0	39.2
Query_537307	XR_004248146.1	100.000	21	0	0	1	21	676	656	2.0	39.2
Query_537307	XM_032152902.1	100.000	21	0	0	1	21	803	783	2.0	39.2
Query_537307	XM_023215610.3	100.000	21	0	0	1	21	803	783	2.0	39.2
Query_537307	XM_021925752.2	100.000	21	0	0	1	21	1696	1676	2.0	39.2
Query_537307	XM_021925751.2	100.000	21	0	0	1	21	1696	1676	2.0	39.2
Query_537307	XM_003909863.5	100.000	21	0	0	1	21	1392	1372	2.0	39.2
Query_537307	XM_021925750.2	100.000	21	0	0	1	21	897	877	2.0	39.2
Query_537307	XM_021925748.2	100.000	21	0	0	1	21	1403	1383	2.0	39.2
Query_537307	XM_021925749.2	100.000	21	0	0	1	21	1692	1672	2.0	39.2
Query_537307	XR_004177556.1	100.000	21	0	0	1	21	1691	1671	2.0	39.2
Query_537307	XR_004177555.1	100.000	21	0	0	1	21	1691	1671	2.0	39.2
Query_537307	XM_021925747.2	100.000	21	0	0	1	21	1691	1671	2.0	39.2
Query_537307	XM_021925746.2	100.000	21	0	0	1	21	1690	1670	2.0	39.2
Query_537307	XM_021925745.2	100.000	21	0	0	1	21	1666	1646	2.0	39.2
Query_537307	XM_021925744.2	100.000	21	0	0	1	21	1700	1680	2.0	39.2
Query_537307	XM_004051152.3	100.000	21	0	0	1	21	803	783	2.0	39.2
Query_537307	XM_010353410.2	100.000	21	0	0	1	21	803	783	2.0	39.2
Query_537307	XR_004029584.1	100.000	21	0	0	1	21	678	658	2.0	39.2
Query_537307	XM_030810123.1	100.000	21	0	0	1	21	803	783	2.0	39.2
Query_537307	NM_002559.5	100.000	21	0	0	1	21	801	781	2.0	39.2
Query_537307	XM_001103269.4	100.000	21	0	0	1	21	1304	1284	2.0	39.2
Query_537307	XM_026406581.1	100.000	21	0	0	1	21	602	582	2.0	39.2
Query_537307	XM_027944666.1	100.000	21	0	0	1	21	1091	1071	2.0	39.2
Query_537307	XM_025357428.1	100.000	21	0	0	1	21	802	782	2.0	39.2
Query_537307	XM_024797370.1	100.000	21	0	0	1	21	799	779	2.0	39.2
Query_537307	XM_011766085.2	100.000	21	0	0	1	21	637	617	2.0	39.2
Query_537307	XM_016920882.2	100.000	21	0	0	1	21	871	851	2.0	39.2
Query_537307	XM_001136930.4	100.000	21	0	0	1	21	854	834	2.0	39.2
Query_537307	XM_002821788.2	100.000	21	0	0	1	21	803	783	2.0	39.2
Query_537307	XM_020167647.1	100.000	21	0	0	1	21	1130	1110	2.0	39.2
Query_537307	XM_017851320.1	100.000	21	0	0	1	21	765	745	2.0	39.2
Query_537307	XM_002709156.3	100.000	21	0	0	1	21	1302	1282	2.0	39.2
Query_537307	XM_011545072.2	100.000	21	0	0	1	21	1579	1559	2.0	39.2
Query_537307	XR_949950.2	100.000	21	0	0	1	21	1325	1305	2.0	39.2
Query_537307	XM_011545071.2	100.000	21	0	0	1	21	1315	1295	2.0	39.2
Query_537307	XM_011545070.2	100.000	21	0	0	1	21	753	733	2.0	39.2
Query_537307	XM_011545069.2	100.000	21	0	0	1	21	1447	1427	2.0	39.2
Query_537307	XM_015477257.1	100.000	21	0	0	1	21	1091	1071	2.0	39.2
Query_537307	XM_015434713.1	100.000	21	0	0	1	21	1381	1361	2.0	39.2
Query_537307	XR_001484890.1	100.000	21	0	0	1	21	1381	1361	2.0	39.2
Query_537307	XR_001484889.1	100.000	21	0	0	1	21	1381	1361	2.0	39.2
Query_537307	XM_005577865.2	100.000	21	0	0	1	21	1381	1361	2.0	39.2
Query_537307	XM_012643951.1	100.000	21	0	0	1	21	786	766	2.0	39.2
Query_537307	XM_011766086.1	100.000	21	0	0	1	21	799	779	2.0	39.2
Query_537307	XM_011766083.1	100.000	21	0	0	1	21	799	779	2.0	39.2
Query_537307	XM_012092343.1	100.000	21	0	0	1	21	788	768	2.0	39.2
Query_537307	XM_011963399.1	100.000	21	0	0	1	21	781	761	2.0	39.2
Query_537307	XM_011998703.1	100.000	21	0	0	1	21	788	768	2.0	39.2
Query_537307	XM_011545073.1	100.000	21	0	0	1	21	303	283	2.0	39.2
Query_537307	XM_008836139.1	100.000	21	0	0	1	21	1107	1087	2.0	39.2
Query_537307	XM_037999312.1	100.000	21	0	0	1	21	636	616	2.0	39.2
Query_537307	BC109287.2	100.000	21	0	0	1	21	636	616	2.0	39.2
Query_537307	BC074793.2	100.000	21	0	0	1	21	633	613	2.0	39.2
Query_537307	BC074792.2	100.000	21	0	0	1	21	633	613	2.0	39.2
Query_537307	BC069162.1	100.000	21	0	0	1	21	678	658	2.0	39.2
Query_537307	AP000781.6	100.000	21	0	0	1	21	105112	105092	2.0	39.2
Query_537307	AB016608.1	100.000	21	0	0	1	21	602	582	2.0	39.2
Query_537307	Y07683.1	100.000	21	0	0	1	21	767	747	2.0	39.2
Query_537307	XM_013091320.1	100.000	20	0	0	2	21	274	255	7.1	37.4
Query_537307	XM_013091320.1	100.000	20	0	0	2	21	1522	1503	7.1	37.4
Query_537307	XM_035970929.1	100.000	20	0	0	2	21	1290	1271	7.1	37.4
Query_537307	XM_035970526.1	100.000	20	0	0	2	21	1054	1035	7.1	37.4
Query_537307	XM_035969767.1	100.000	20	0	0	2	21	838	819	7.1	37.4
Query_537307	XM_013091319.2	100.000	20	0	0	2	21	1177	1158	7.1	37.4
Query_537307	XM_005091611.3	100.000	20	0	0	2	21	1596	1577	7.1	37.4


