# blastn
# Iteration: 0
# Query: 
# RID: 6MRNNK1J013
# Database: nt
# Fields: query acc.ver, subject acc.ver, % identity, alignment length, mismatches, gap opens, q. start, q. end, s. start, s. end, evalue, bit score
# 59 hits found
Query_43169	XM_034945734.1	100.000	21	0	0	1	21	387	367	2.0	39.2
Query_43169	XM_033224775.1	100.000	21	0	0	1	21	732	712	2.0	39.2
Query_43169	XR_004264264.1	100.000	21	0	0	1	21	264	284	2.0	39.2
Query_43169	XM_032263313.1	100.000	21	0	0	1	21	721	701	2.0	39.2
Query_43169	XM_032171460.1	100.000	21	0	0	1	21	447	427	2.0	39.2
Query_43169	XM_023197562.3	100.000	21	0	0	1	21	728	708	2.0	39.2
Query_43169	NM_001194143.2	100.000	21	0	0	1	21	810	790	2.0	39.2
Query_43169	XM_031659367.1	100.000	21	0	0	1	21	801	781	2.0	39.2
Query_43169	XM_004061618.3	100.000	21	0	0	1	21	739	719	2.0	39.2
Query_43169	XR_002003000.2	100.000	21	0	0	1	21	323	303	2.0	39.2
Query_43169	XM_010361181.2	100.000	21	0	0	1	21	706	686	2.0	39.2
Query_43169	XM_030819428.1	100.000	21	0	0	1	21	1035	1015	2.0	39.2
Query_43169	NM_003969.4	100.000	21	0	0	1	21	390	370	2.0	39.2
Query_43169	AC279043.1	100.000	21	0	0	1	21	33488	33508	2.0	39.2
Query_43169	AC279022.1	100.000	21	0	0	1	21	49966	49986	2.0	39.2
Query_43169	GQ891447.1	100.000	21	0	0	1	21	269	249	2.0	39.2
Query_43169	CP034522.1	100.000	21	0	0	1	21	59008474	59008494	2.0	39.2
Query_43169	CP034497.1	100.000	21	0	0	1	21	59008474	59008494	2.0	39.2
Query_43169	CP034494.1	100.000	21	0	0	1	21	34344454	34344474	2.0	39.2
Query_43169	XM_025367066.1	100.000	21	0	0	1	21	1002	982	2.0	39.2
Query_43169	XM_025367065.1	100.000	21	0	0	1	21	1002	982	2.0	39.2
Query_43169	XM_011751675.2	100.000	21	0	0	1	21	811	791	2.0	39.2
Query_43169	XM_016937020.2	100.000	21	0	0	1	21	845	825	2.0	39.2
Query_43169	XR_024683.6	100.000	21	0	0	1	21	349	329	2.0	39.2
Query_43169	XM_024237018.1	100.000	21	0	0	1	21	755	735	2.0	39.2
Query_43169	XM_012473155.2	100.000	21	0	0	1	21	770	750	2.0	39.2
Query_43169	LT735850.1	100.000	21	0	0	1	21	647	627	2.0	39.2
Query_43169	XM_017850506.1	100.000	21	0	0	1	21	740	720	2.0	39.2
Query_43169	XM_012076338.1	100.000	21	0	0	1	21	1003	983	2.0	39.2
Query_43169	XR_001004754.1	100.000	21	0	0	1	21	193	173	2.0	39.2
Query_43169	XM_011969066.1	100.000	21	0	0	1	21	193	173	2.0	39.2
Query_43169	XM_011959132.1	100.000	21	0	0	1	21	181	161	2.0	39.2
Query_43169	XM_011959131.1	100.000	21	0	0	1	21	672	652	2.0	39.2
Query_43169	KJ892674.1	100.000	21	0	0	1	21	225	205	2.0	39.2
Query_43169	XM_005590626.1	100.000	21	0	0	1	21	215	195	2.0	39.2
Query_43169	XM_039466383.1	100.000	21	0	0	1	21	997	977	2.0	39.2
Query_43169	CP068262.1	100.000	21	0	0	1	21	38958879	38958859	2.0	39.2
Query_43169	CP068259.1	100.000	21	0	0	1	21	61654781	61654801	2.0	39.2
Query_43169	XM_007998466.2	100.000	21	0	0	1	21	914	894	2.0	39.2
Query_43169	XM_017509655.2	100.000	21	0	0	1	21	652	632	2.0	39.2
Query_43169	XM_036273895.1	100.000	21	0	0	1	21	368	348	2.0	39.2
Query_43169	AP023487.1	100.000	21	0	0	1	21	319037	319057	2.0	39.2
Query_43169	AP023479.1	100.000	21	0	0	1	21	59039914	59039934	2.0	39.2
Query_43169	AC280253.1	100.000	21	0	0	1	21	158169	158189	2.0	39.2
Query_43169	XR_001908768.2	100.000	21	0	0	1	21	232	252	2.0	39.2
Query_43169	XM_017967523.2	100.000	21	0	0	1	21	993	973	2.0	39.2
Query_43169	AB590888.1	100.000	21	0	0	1	21	169	149	2.0	39.2
Query_43169	AC240146.3	100.000	21	0	0	1	21	7646	7626	2.0	39.2
Query_43169	CU691336.1	100.000	21	0	0	1	21	176	156	2.0	39.2
Query_43169	BC007657.1	100.000	21	0	0	1	21	229	209	2.0	39.2
Query_43169	BC058924.1	100.000	21	0	0	1	21	269	249	2.0	39.2
Query_43169	AC141057.2	100.000	21	0	0	1	21	46691	46711	2.0	39.2
Query_43169	BT008242.1	100.000	21	0	0	1	21	160	140	2.0	39.2
Query_43169	AC108131.2	100.000	21	0	0	1	21	19148	19128	2.0	39.2
Query_43169	AC016630.6	100.000	21	0	0	1	21	7881	7861	2.0	39.2
Query_43169	NR_002837.1	100.000	21	0	0	1	21	309	289	2.0	39.2
Query_43169	AC023824.6	100.000	21	0	0	1	21	97886	97866	2.0	39.2
Query_43169	AB012191.1	100.000	21	0	0	1	21	160	140	2.0	39.2
Query_43169	AF075599.1	100.000	21	0	0	1	21	163	143	2.0	39.2


